25
33
45
40
27
16
11
-12
-33
-36
-39
-26
-27
-20
-20
-22
-28
-53
-79
-83
-82
-77
-65
-59
-71
-52
-45
-54
-61
-55
-57
-68
-53
-44
-17
-14
-17
-33
-45
-31
-22
-31
-38
-44
-47
-62
-70
-90
-104
-102
-102
-107
-119
-128
-150
-159
-157
-159
-166
-172
-183
-192
-185
-181
-197
-219
-223
-220
-222
-224
-228
-222
-241
-244
-250
-263
-277
-293
-304
-311
-312
-318
-340
-339
-330
-356
-372
-373
-365
-357
-347
-340
-355
-349
-317
-320
-331
-349
-363
-355
-358
-347
-356
-362
-357
-357
-366
-383
-403
-415
-398
-385
-397
-418
-430
-445
-434
-434
-434
-436
-448
-459
-452
-462
-470
-481
-481
-468
-466
-458
-467
-477
-473
-473
-476
-476
-474
-467
-462
-468
-497
-518
-526
-524
-510
-511
-513
-535
-537
-529
-540
-535
-536
-545
-536
-530
-540
-546
-552
-546
-545
-550
-557
-561
-556
-553
-560
-562
-568
-578
-573
-567
-573
-583
-596
-598
-587
-569
-555
-553
-554
-549
-561
-566
-554
-549
-536
-542
-534
-537
-541
-544
-548
-567
-567
-570
-567
-555
-571
-580
-584
-587
-587
-596
-612
-618
-617
-601
-598
-586
-594
-600
-604
-604
-578
-568
-568
-565
-564
-542
-515
-520
-527
-522
-526
-522
-522
-520
-519
-527
-519
-484
-478
-484
-503
-517
-508
-519
-534
-540
-523
-508
-504
-521
-541
-551
-555
-540
-529
-516
-504
-499
-493
-488
-486
-462
-429
-421
-416
-435
-436
-425
-427
-414
-411
-414
-424
-415
-406
-405
-415
-435
-428
-410
-398
-398
-407
-411
-414
-413
-410
-413
-430
-441
-431
-428
-423
-420
-416
-408
-399
-402
-408
-408
-411
-403
-393
-382
-373
-368
-364
-363
-385
-402
-404
-399
-384
-391
-389
-383
-354
-340
-354
-368
-372
-355
-343
-332
-329
-337
-326
-320
-323
-334
-345
-346
-353
-358
-364
-363
-353
-345
-343
-336
-359
-384
-398
-392
-383
-380
-370
-355
-342
-334
-322
-332
-347
-361
-348
-322
-300
-293
-304
-324
-342
-350
-360
-362
-364
-364
-344
-337
-341
-351
-360
-387
-405
-405
-403
-401
-391
-389
-393
-415
-429
-443
-451
-450
-438
-418
-422
-406
-408
-401
-405
-411
-403
-415
-406
-381
-373
-385
-388
-402
-403
-411
-429
-423
-423
-415
-420
-415
-404
-396
-399
-414
-423
-426
-416
-400
-379
-379
-409
-405
-405
-408
-408
-414
-419
-405
-389
-394
-397
-400
-402
-416
-433
-448
-452
-445
-430
-422
-412
-419
-408
-408
-412
-417
-420
-406
-399
-399
-415
-441
-444
-443
-441
-424
-432
-431
-424
-420
-414
-419
-408
-413
-411
-409
-431
-432
-432
-442
-447
-444
-440
-431
-432
-426
-435
-434
-419
-409
-404
-408
-395
-399
-389
-382
-363
-354
-346
-339
-355
-355
-363
-352
-349
-338
-330
-334
-341
-335
-328
-341
-349
-349
-345
-343
-346
-353
-356
-349
-364
-364
-370
-383
-357
-349
-346
-360
-379
-377
-366
-359
-367
-362
-367
-373
-371
-384
-389
-389
-385
-386
-388
-406
-405
-397
-395
-390
-374
-366
-375
-379
-396
-408
-399
-384
-381
-378
-380
-374
-383
-391
-367
-382
-407
-407
-414
-396
-394
-404
-427
-459
-454
-475
-476
-467
-478
-477
-478
-486
-489
-482
-473
-478
-482
-480
-474
-479
-501
-509
-518
-509
-513
-515
-525
-520
-513
-510
-520
-529
-515
-506
-517
-535
-553
-564
-543
-531
-539
-565
-608
-659
-674
-642
-609
-590
-599
-626
-651
-656
-629
-606
-601
-588
-597
-627
-637
-626
-617
-629
-654
-684
-709
-687
-669
-662
-671
-672
-674
-683
-679
-682
-688
-689
-696
-684
-677
-682
-689
-713
-711
-696
-694
-690
-671
-675
-681
-678
-687
-700
-703
-713
-717
-710
-715
-706
-702
-719
-728
-734
-732
-745
-735
-743
-730
-715
-694
-689
-691
-690
-698
-683
-671
-669
-662
-657
-676
-681
-675
-671
-687
-713
-731
-747
-743
-737
-733
-730
-746
-753
-770
-791
-780
-766
-755
-749
-743
-742
-746
-738
-732
-726
-736
-738
-733
-725
-703
-697
-701
-720
-729
-726
-739
-733
-727
-728
-727
-721
-712
-718
-726
-739
-742
-753
-761
-772
-753
-732
-737
-743
-748
-757
-765
-773
-779
-784
-778
-757
-749
-749
-746
-749
-751
-766
-759
-735
-721
-726
-738
-747
-751
-740
-738
-737
-743
-742
-734
-743
-732
-725
-743
-753
-755
-759
-747
-735
-715
-694
-698
-703
-709
-727
-735
-732
-722
-712
-709
-712
-721
-730
-726
-725
-743
-749
-749
-754
-754
-754
-749
-743
-746
-740
-749
-760
-742
-717
-704
-688
-685
-695
-696
-703
-694
-690
-693
-679
-669
-672
-673
-673
-672
-672
-684
-681
-684
-679
-673
-665
-677
-686
-683
-675
-664
-668
-663
-663
-662
-664
-664
-657
-652
-645
-664
-665
-644
-629
-625
-632
-640
-649
-643
-620
-608
-605
-613
-613
-599
-602
-616
-621
-627
-637
-637
-646
-669
-679
-669
-658
-658
-665
-645
-634
-629
-638
-651
-666
-653
-643
-632
-625
-631
-642
-655
-657
-666
-663
-659
-654
-650
-650
-623
-610
-619
-624
-635
-648
-654
-648
-640
-621
-616
-618
-617
-609
-616
-623
-627
-626
-617
-615
-611
-621
-627
-631
-644
-661
-675
-668
-654
-649
-638
-648
-655
-671
-683
-671
-677
-668
-648
-641
-621
-613
-631
-648
-662
-655
-640
-655
-665
-673
-673
-684
-682
-676
-667
-662
-641
-634
-651
-668
-685
-667
-640
-629
-641
-662
-680
-683
-673
-695
-710
-720
-731
-722
-722
-709
-709
-714
-706
-718
-713
-698
-665
-647
-643
-664
-674
-682
-680
-662
-663
-640
-633
-636
-641
-650
-652
-645
-636
-624
-620
-631
-642
-639
-643
-648
-641
-639
-640
-641
-633
-621
-605
-586
-566
-554
-540
-552
-562
-575
-567
-552
-537
-517
-518
-528
-545
-551
-552
-561
-552
-542
-531
-513
-516
-502
-485
-472
-470
-450
-447
-433
-413
-387
-362
-365
-370
-391
-391
-385
-382
-399
-425
-434
-458
-460
-454
-462
-462
-473
-461
-461
-467
-455
-448
-433
-419
-416
-404
-386
-352
-332
-322
-330
-316
-285
-288
-280
-299
-317
-329
-327
-322
-314
-304
-294
-287
-293
-278
-264
-262
-260
-262
-274
-272
-263
-248
-240
-240
-249
-258
-267
-272
-270
-268
-276
-278
-267
-261
-253
-268
-280
-283
-287
-276
-289
-296
-306
-322
-333
-330
-335
-350
-365
-354
-340
-324
-326
-338
-353
-356
-350
-366
-365
-374
-363
-359
-360
-378
-401
-417
-424
-440
-446
-439
-439
-423
-416
-433
-432
-449
-462
-457
-464
-457
-463
-474
-472
-484
-495
-493
-487
-480
-477
-481
-479
-474
-465
-481
-505
-502
-504
-492
-484
-484
-486
-486
-491
-487
-475
-475
-477
-483
-475
-491
-505
-515
-520
-520
-532
-537
-548
-551
-550
-549
-544
-550
-555
-548
-552
-553
-558
-554
-538
-539
-540
-553
-552
-550
-550
-536
-537
-544
-534
-536
-552
-556
-554
-554
-547
-543
-530
-512
-514
-525
-536
-532
-511
-494
-483
-489
-471
-459
-457
-454
-453
-440
-426
-428
-442
-448
-455
-450
-455
-447
-448
-440
-427
-418
-418
-410
-397
-406
-407
-393
-376
-371
-372
-364
-347
-341
-343
-331
-328
-320
-312
-283
-273
-284
-271
-287
-294
-277
-254
-251
-253
-247
-262
-281
-271
-265
-263
-249
-249
-248
-243
-236
-217
-214
-228
-238
-221
-199
-204
-219
-241
-252
-239
-228
-227
-227
-221
-208
-201
-215
-242
-239
-220
-198
-183
-204
-217
-231
-208
-167
-160
-183
-233
-286
-290
-247
-195
-174
-173
-194
-218
-212
-192
-153
-119
-110
-134
-148
-118
-87
-71
-65
-97
-135
-159
-149
-130
-126
-121
-129
-149
-154
-168
-163
-144
-126
-116
-110
-106
-118
-122
-126
-111
-98
-97
-80
-45
-29
-41
-63
-80
-90
-96
-91
-93
-85
-85
-80
-79
-82
-87
-99
-89
-82
-75
-81
-73
-50
-26
-13
-19
-31
-53
-54
-51
-31
-19
-39
-38
-47
-50
-51
-65
-81
-103
-99
-78
-63
-64
-66
-71
-85
-87
-83
-87
-80
-66
-51
-45
-36
-49
-64
-59
-61
-62
-62
-47
-33
-22
-11
-29
-53
-70
-70
-76
-83
-80
-75
-58
-44
-39
-22
-37
-68
-73
-83
-89
-80
-67
-44
-31
-32
-58
-73
-84
-90
-88
-98
-102
-83
-69
-67
-51
-45
-33
-35
-48
-43
-38
-46
-56
-61
-58
-60
-61
-69
-79
-81
-87
-92
-92
-84
-86
-97
-104
-103
-96
-83
-69
-73
-83
-78
-81
-84
-97
-100
-86
-89
-84
-92
-97
-92
-96
-102
-108
-105
-99
-99
-93
-95
-105
-112
-106
-104
-99
-90
-88
-83
-79
-65
-51
-53
-57
-48
-42
-30
-13
5
15
27
21
13
3
0
-1
-1
18
31
26
24
31
28
34
38
44
27
23
23
30
29
43
65
72
76
88
93
101
104
105
115
114
113
122
127
122
121
125
128
131
129
123
142
141
146
156
159
174
179
181
199
213
207
199
187
192
201
192
179
176
200
202
192
176
165
166
153
166
165
160
157
166
166
177
193
191
194
193
207
207
215
235
238
244
266
255
251
249
244
234
232
236
247
256
270
286
280
271
255
247
234
236
230
225
233
220
202
199
209
227
229
220
225
220
209
203
198
205
217
211
210
208
191
163
163
155
165
184
182
195
183
162
147
162
171
153
130
109
99
112
121
115
87
45
27
19
14
31
40
15
-3
-10
4
37
64
69
60
46
26
10
8
7
16
14
3
-4
-13
0
-12
-23
-27
-25
-20
-26
-34
-37
-34
-30
-35
-58
-67
-69
-58
-62
-57
-57
-58
-59
-61
-63
-66
-81
-83
-76
-80
-84
-96
-96
-96
-83
-80
-91
-123
-132
-118
-107
-95
-99
-105
-106
-102
-109
-118
-122
-123
-103
-89
-74
-89
-114
-137
-153
-156
-159
-172
-199
-207
-209
-211
-216
-231
-246
-264
-268
-278
-278
-273
-261
-226
-217
-208
-215
-226
-216
-199
-205
-214
-198
-185
-193
-201
-189
-204
-226
-247
-260
-262
-272
-264
-256
-255
-256
-262
-268
-273
-279
-278
-283
-286
-275
-262
-261
-266
-258
-269
-290
-288
-274
-268
-266
-274
-273
-262
-265
-259
-251
-246
-247
-237
-235
-221
-214
-221
-221
-252
-247
-228
-219
-217
-214
-218
-237
-244
-236
-236
-245
-263
-249
-234
-225
-213
-228
-248
-280
-287
-300
-305
-303
-306
-308
-309
-318
-312
-314
-333
-332
-333
-317
-302
-289
-300
-300
-302
-315
-313
-300
-305
-300
-294
-292
-302
-308
-305
-302
-282
-264
-227
-214
-191
-187
-188
-191
-199
-189
-184
-190
-220
-230
-235
-246
-255
-255
-256
-252
-242
-245
-257
-260
-249
-237
-224
-220
-213
-202
-194
-177
-172
-181
-184
-172
-163
-151
-140
-152
-151
-143
-151
-136
-130
-127
-124
-131
-131
-141
-152
-150
-148
-148
-148
-148
-160
-156
-146
-148
-139
-151
-160
-153
-153
-142
-152
-144
-145
-160
-153
-152
-142
-148
-151
-160
-178
-199
-207
-214
-238
-252
-258
-243
-239
-236
-226
-219
-227
-224
-222
-220
-219
-225
-208
-209
-204
-213
-213
-213
-230
-222
-217
-213
-219
-233
-241
-256
-249
-238
-241
-252
-271
-282
-289
-284
-279
-277
-266
-274
-277
-277
-275
-275
-280
-304
-312
-303
-308
-312
-334
-344
-335
-332
-330
-334
-343
-354
-365
-371
-364
-358
-348
-346
-342
-367
-382
-401
-411
-403
-403
-378
-380
-394
-434
-444
-431
-413
-376
-361
-369
-385
-378
-370
-364
-370
-384
-397
-408
-405
-375
-372
-383
-369
-388
-390
-398
-408
-389
-384
-368
-364
-365
-357
-369
-379
-381
-388
-384
-370
-345
-330
-327
-338
-356
-364
-360
-354
-329
-312
-305
-317
-315
-294
-282
-285
-297
-312
-308
-303
-292
-264
-261
-256
-240
-247
-237
-230
-228
-204
-199
-206
-229
-228
-225
-233
-230
-256
-276
-293
-302
-286
-276
-268
-274
-278
-288
-286
-265
-262
-253
-238
-230
-228
-219
-218
-213
-208
-199
-183
-180
-168
-152
-144
-148
-158
-182
-194
-183
-188
-165
-150
-144
-140
-136
-135
-139
-136
-134
-146
-157
-151
-134
-117
-110
-113
-131
-139
-151
-143
-122
-124
-115
-116
-106
-104
-110
-112
-125
-135
-140
-145
-134
-124
-103
-86
-96
-129
-148
-152
-162
-147
-151
-150
-147
-153
-147
-140
-156
-175
-191
-195
-176
-158
-162
-180
-191
-199
-201
-182
-169
-173
-155
-141
-147
-152
-168
-165
-175
-182
-175
-191
-198
-187
-181
-177
-183
-193
-188
-182
-169
-151
-149
-146
-140
-140
-140
-143
-131
-121
-107
-96
-79
-74
-65
-62
-75
-94
-102
-93
-85
-83
-92
-98
-94
-93
-90
-72
-64
-79
-88
-92
-67
-44
-36
-53
-70
-71
-43
-39
-48
-41
-35
-36
-47
-39
-42
-29
-17
4
15
11
0
1
4
20
12
-14
-10
4
5
-11
-24
-27
-18
-4
11
6
3
9
23
38
43
47
48
51
69
77
81
72
63
52
64
83
109
109
103
87
78
85
87
118
106
84
83
100
109
121
121
115
123
125
135
144
147
144
129
138
145
154
153
157
166
158
142
124
120
123
122
119
127
129
142
149
165
179
170
158
165
176
190
197
176
168
163
183
192
191
195
210
228
241
260
269
260
252
260
267
259
235
215
221
233
241
240
228
230
231
251
258
264
257
258
274
292
308
317
356
345
339
308
309
305
307
318
317
296
313
323
325
330
307
297
293
320
328
336
325
304
298
305
305
297
285
285
308
314
300
288
283
301
307
308
287
277
287
297
303
303
291
281
275
282
289
296
288
292
287
299
318
311
300
290
289
292
302
309
320
329
326
322
314
300
301
305
290
260
231
198
208
203
191
174
167
162
134
130
149
164
168
161
165
181
191
199
206
212
214
208
213
228
237
235
235
226
223
221
214
218
216
233
248
256
248
235
216
216
212
218
223
217
209
224
232
252
256
244
235
235
251
257
269
266
268
264
258
255
274
286
289
274
252
255
273
274
253
227
209
207
225
244
256
257
240
219
199
200
219
233
237
233
220
209
189
169
161
171
168
167
182
200
189
189
197
219
255
266
270
271
274
277
288
298
301
304
307
280
275
280
296
292
284
285
295
277
272
270
265
265
261
273
288
313
315
334
320
319
327
324
332
336
331
328
330
332
346
337
342
333
327
316
321
309
287
303
316
347
346
335
338
353
357
346
330
310
304
306
338
363
380
374
363
351
343
359
387
423
437
448
486
510
519
511
507
512
538
575
615
629
624
615
607
612
623
622
608
598
600
628
637
627
598
546
537
552
586
615
629
632
648
670
677
691
701
714
733
749
772
784
789
791
769
759
767
771
790
786
765
753
727
713
711
705
696
670
652
652
655
641
630
625
644
664
681
689
680
677
670
693
710
709
709
700
712
740
754
729
706
702
726
773
807
817
799
783
784
797
798
784
753
767
802
822
824
799
779
764
763
781
825
861
874
872
865
856
883
905
933
927
905
905
915
947
950
943
902
874
862
863
885
900
904
874
850
840
850
854
833
810
794
789
780
787
804
802
770
753
748
748
746
721
691
674
668
687
669
641
618
585
572
574
569
572
552
526
527
500
490
480
502
526
542
549
540
550
544
564
551
532
532
522
514
520
530
528
515
472
430
413
440
453
460
460
462
450
457
463
467
480
476
494
506
532
551
562
555
563
581
613
622
634
639
635
647
657
686
698
712
718
713
719
739
744
746
735
719
711
685
671
676
660
651
632
601
612
617
605
564
531
514
520
526
524
505
485
489
490
484
463
437
424
414
406
410
406
408
401
398
393
390
377
356
360
365
360
357
365
370
366
361
357
358
361
350
360
364
352
347
359
378
396
410
424
452
474
464
445
428
417
411
419
422
422
424
416
410
394
388
378
395
429
480
502
494
453
434
452
501
550
588
642
663
714
750
787
799
798
803
826
863
891
927
949
943
894
858
821
790
765
748
733
727
714
682
662
611
551
511
476
466
488
504
492
443
397
357
340
340
321
329
324
331
325
324
311
262
193
147
143
157
194
208
203
165
113
56
39
71
83
102
113
113
137
154
177
199
220
215
249
294
351
407
454
481
499
515
517
531
540
537
548
594
615
606
566
521
481
440
420
423
433
456
477
491
481
429
394
398
433
482
537
584
600
639
661
676
673
685
707
720
764
798
829
815
788
767
748
715
680
641
613
609
592
563
532
487
457
426
407
395
391
392
386
389
381
366
347
335
332
351
339
308
282
256
248
226
216
186
136
75
32
20
15
21
1
-38
-97
-174
-225
-251
-275
-304
-328
-343
-349
-338
-320
-304
-306
-313
-294
-255
-196
-126
-57
-4
53
80
102
155
226
315
366
397
413
443
457
462
456
445
444
423
373
346
347
325
267
203
175
180
197
218
230
215
190
188
246
325
406
466
513
561
624
687
745
784
809
823
841
864
887
881
840
777
731
711
683
661
620
571
532
488
456
432
425
431
419
417
426
437
456
478
475
471
475
484
530
571
594
583
564
531
511
499
469
423
369
329
294
260
210
167
117
68
13
-43
-71
-95
-120
-156
-203
-255
-274
-273
-227
-186
-159
-170
-187
-163
-102
-6
47
100
161
224
268
324
385
419
453
482
527
571
607
619
619
601
612
627
656
644
614
556
485
427
390
421
449
432
381
345
330
347
396
468
509
532
560
614
679
722
746
725
704
748
814
858
871
851
826
794
804
813
804
785
734
677
654
660
635
601
544
474
451
445
446
433
420
393
365
351
354
362
351
352
324
314
313
325
318
284
252
206
175
158
177
168
126
67
26
41
29
-1
-59
-109
-150
-147
-139
-155
-218
-281
-316
-314
-255
-201
-165
-172
-183
-179
-119
-51
-1
54
86
147
214
299
366
431
485
515
554
581
624
660
676
696
720
724
712
682
682
655
600
526
495
531
577
609
607
587
544
516
532
569
629
684
724
775
828
898
942
959
973
979
980
1004
1067
1089
1078
1047
979
932
927
926
915
894
851
798
765
752
716
676
639
580
538
530
560
573
545
501
470
468
498
499
463
435
420
448
457
475
468
412
382
367
336
300
266
237
196
176
150
86
30
-6
-15
-51
-96
-142
-188
-193
-175
-136
-99
-66
-53
-47
-16
50
134
224
315
349
354
407
486
574
651
706
725
713
725
757
803
802
789
783
759
727
673
626
607
589
550
521
483
467
446
448
468
492
495
497
533
596
640
677
703
735
774
814
857
861
861
859
865
872
876
871
840
819
807
783
754
727
695
672
631
595
576
539
515
487
456
409
372
334
299
264
243
220
204
203
173
141
126
134
133
93
69
57
66
68
57
26
-31
-85
-136
-146
-158
-185
-243
-286
-290
-279
-310
-386
-453
-485
-452
-418
-376
-353
-358
-363
-342
-260
-151
-89
-61
-62
-38
48
164
260
329
372
407
408
445
489
493
452
406
400
416
448
459
427
333
215
137
133
183
244
261
216
145
139
193
255
258
273
289
328
404
492
568
566
531
482
492
534
581
579
543
496
454
425
398
366
295
235
161
107
82
69
42
-11
-68
-122
-166
-187
-193
-216
-262
-293
-306
-302
-288
-311
-327
-351
-351
-350
-346
-369
-392
-422
-448
-463
-525
-579
-622
-623
-652
-678
-744
-800
-848
-884
-904
-928
-963
-1018
-1061
-1087
-1070
-1018
-948
-861
-820
-824
-818
-787
-713
-613
-500
-430
-377
-312
-211
-102
-18
0
-20
-17
28
102
151
147
91
14
-49
-66
-65
-95
-160
-244
-304
-308
-287
-274
-310
-334
-323
-302
-261
-219
-160
-105
-66
-28
19
67
116
165
195
193
178
192
209
208
211
176
140
97
77
68
55
4
-53
-93
-129
-158
-190
-242
-288
-318
-338
-338
-337
-331
-357
-387
-402
-401
-378
-373
-373
-396
-411
-435
-445
-455
-457
-485
-516
-564
-605
-617
-658
-690
-749
-796
-843
-863
-866
-871
-929
-1005
-1060
-1066
-1029
-1016
-1007
-1014
-980
-916
-853
-783
-750
-718
-666
-569
-460
-356
-270
-186
-102
-59
-26
-4
47
73
103
92
65
24
-21
-51
-113
-167
-219
-250
-302
-330
-367
-410
-436
-441
-418
-412
-391
-375
-336
-296
-238
-188
-135
-68
-26
-6
7
62
119
174
204
175
140
104
103
108
107
83
19
-28
-67
-83
-95
-139
-196
-265
-310
-347
-361
-380
-408
-439
-451
-465
-471
-475
-488
-527
-548
-528
-505
-499
-520
-524
-539
-565
-606
-637
-664
-694
-716
-739
-769
-780
-801
-829
-862
-932
-989
-1045
-1091
-1104
-1123
-1129
-1122
-1117
-1075
-1019
-976
-949
-915
-845
-793
-737
-681
-574
-443
-341
-269
-200
-111
-69
-25
23
72
100
72
60
54
45
-4
-84
-165
-227
-270
-307
-327
-372
-418
-451
-454
-449
-426
-410
-403
-370
-291
-203
-139
-80
-57
-36
-21
24
82
136
147
137
112
101
103
101
92
36
-4
-34
-48
-63
-101
-158
-232
-313
-374
-383
-393
-425
-466
-507
-540
-569
-580
-590
-589
-590
-593
-605
-582
-569
-578
-604
-634
-653
-661
-655
-673
-717
-779
-829
-863
-880
-900
-947
-994
-1051
-1103
-1129
-1157
-1142
-1136
-1105
-1083
-1068
-1027
-976
-899
-830
-764
-728
-684
-639
-548
-388
-251
-162
-113
-37
62
167
231
264
244
193
149
98
70
0
-105
-209
-270
-290
-321
-378
-435
-479
-508
-514
-494
-417
-330
-241
-183
-106
9
130
256
335
375
381
392
414
424
445
409
330
230
178
138
66
-32
-168
-235
-274
-303
-318
-356
-406
-475
-538
-568
-530
-475
-459
-443
-425
-383
-370
-352
-330
-343
-402
-478
-530
-533
-520
-559
-637
-758
-884
-982
-1037
-1079
-1130
-1204
-1253
-1280
-1283
-1296
-1337
-1424
-1488
-1458
-1317
-1128
-986
-844
-636
-376
-124
11
-19
-85
-157
-205
-243
-211
-155
-181
-315
-412
-415
-434
-551
-654
-644
-610
-620
-650
-632
-600
-624
-751
-858
-824
-676
-500
-331
-189
-103
-70
-22
83
196
246
283
342
400
441
388
274
94
-75
-156
-155
-109
-55
-1
-12
-61
-126
-181
-213
-214
-141
-47
31
19
-39
-64
-75
-111
-181
-267
-312
-287
-246
-255
-305
-351
-417
-478
-551
-582
-637
-677
-689
-661
-673
-729
-827
-916
-935
-964
-1008
-1095
-1107
-1136
-1162
-1173
-1158
-1208
-1308
-1419
-1479
-1428
-1252
-998
-748
-506
-288
-43
134
184
129
82
9
-115
-199
-158
-74
-151
-346
-451
-453
-510
-609
-628
-514
-392
-310
-275
-323
-418
-501
-584
-655
-623
-475
-269
-117
-4
85
119
101
95
209
349
419
437
434
405
327
222
116
24
-13
42
135
222
294
266
240
202
190
150
89
70
114
208
218
181
108
44
-80
-213
-296
-287
-229
-152
-98
-81
-96
-165
-233
-280
-314
-359
-423
-483
-533
-587
-619
-723
-804
-928
-1011
-1081
-1128
-1145
-1170
-1224
-1351
-1445
-1511
-1495
-1427
-1227
-918
-585
-304
4
350
565
524
304
120
-37
-150
-220
-167
-123
-207
-326
-363
-328
-359
-456
-500
-427
-324
-279
-228
-153
-134
-357
-633
-782
-728
-594
-370
-147
-21
38
113
255
386
447
439
425
433
476
384
327
240
185
121
110
159
202
279
340
330
266
183
127
120
106
94
73
77
75
63
-3
-47
-150
-244
-336
-343
-294
-152
-53
-17
-73
-169
-259
-416
-523
-600
-582
-566
-538
-553
-612
-699
-835
-988
-1157
-1261
-1345
-1401
-1447
-1448
-1446
-1519
-1581
-1587
-1388
-1110
-853
-552
-42
573
879
720
355
12
-276
-528
-612
-510
-446
-506
-612
-559
-504
-575
-745
-749
-492
-177
28
53
25
-51
-276
-564
-763
-731
-587
-391
-211
-54
52
111
234
374
487
489
435
421
458
511
477
347
208
156
193
309
463
608
709
732
733
672
540
327
165
82
60
89
111
123
93
40
-94
-255
-366
-401
-352
-227
-86
30
79
61
6
-86
-205
-346
-451
-493
-527
-546
-602
-615
-714
-856
-1062
-1277
-1391
-1432
-1351
-1321
-1346
-1433
-1538
-1465
-1274
-996
-785
-569
-216
236
618
605
379
-24
-368
-627
-713
-619
-544
-586
-662
-616
-498
-479
-538
-534
-366
-163
-96
1
95
113
-180
-514
-746
-763
-590
-406
-166
-51
38
84
196
386
467
456
374
396
431
412
329
240
219
167
197
277
442
573
642
657
611
557
465
382
289
196
115
52
34
62
94
82
7
-94
-152
-164
-144
-94
-6
64
54
-2
-29
-72
-176
-347
-511
-576
-593
-597
-680
-782
-878
-1009
-1106
-1286
-1398
-1552
-1611
-1622
-1577
-1519
-1438
-1217
-912
-575
-292
63
432
574
374
65
-203
-493
-808
-949
-846
-733
-822
-931
-831
-637
-602
-655
-568
-319
-108
-94
-213
-334
-470
-654
-807
-803
-670
-567
-502
-421
-301
-217
-150
14
215
333
296
251
237
223
118
-30
-38
15
139
246
394
526
571
526
450
446
407
307
120
-12
-78
-75
-101
-138
-183
-214
-225
-242
-204
-137
-93
-108
-152
-215
-243
-253
-282
-306
-318
-352
-448
-582
-734
-805
-955
-1058
-1165
-1177
-1172
-1307
-1479
-1828
-1947
-2083
-1944
-1880
-1752
-1620
-1466
-1128
-744
-130
320
597
334
-126
-562
-842
-1062
-1206
-1160
-1013
-957
-982
-931
-809
-796
-956
-966
-732
-372
-190
-236
-411
-664
-875
-1096
-1126
-969
-744
-584
-548
-502
-460
-316
-188
-10
83
99
75
85
155
95
15
-138
-179
-153
-21
211
438
679
709
683
549
487
358
156
-61
-216
-197
-195
-150
-178
-182
-252
-330
-378
-337
-263
-164
-124
-41
-64
-124
-254
-345
-345
-359
-332
-399
-431
-513
-626
-772
-975
-1114
-1254
-1331
-1359
-1461
-1529
-1747
-1815
-1889
-1769
-1634
-1423
-1117
-721
-92
548
975
801
248
-375
-783
-1083
-1237
-1234
-1099
-1024
-952
-813
-613
-555
-715
-804
-613
-228
-47
-69
-199
-369
-598
-880
-1008
-966
-765
-599
-485
-365
-258
-115
10
186
262
231
129
119
227
287
246
107
48
75
212
402
565
705
786
846
889
923
808
567
260
2
-80
-101
-41
-31
46
70
56
37
45
159
194
208
179
185
107
-20
-152
-185
-146
-130
-179
-253
-299
-319
-399
-579
-777
-1017
-1164
-1324
-1385
-1526
-1588
-1655
-1613
-1425
-1162
-830
-608
-265
207
828
1111
834
239
-303
-628
-920
-1132
-1164
-1099
-1075
-1050
-847
-600
-526
-606
-547
-207
110
149
-42
-279
-419
-621
-843
-961
-888
-680
-543
-400
-316
-203
-146
-61
67
147
124
-32
-154
-220
-206
-220
-253
-222
-97
125
402
646
802
862
872
896
908
878
643
369
159
98
72
11
-52
-162
-172
-171
-89
57
214
359
378
349
227
23
-154
-358
-345
-329
-169
-123
-106
-204
-381
-586
-842
-1014
-1176
-1268
-1340
-1337
-1403
-1515
-1717
-1738
-1701
-1391
-999
-280
541
1221
1359
890
244
-410
-857
-1187
-1217
-1118
-1058
-1083
-1055
-839
-710
-816
-1022
-980
-623
-237
-8
10
-12
-167
-470
-858
-1092
-1107
-996
-819
-630
-428
-284
-192
-111
6
47
16
-50
-87
-117
-217
-346
-491
-516
-426
-194
128
443
726
939
1082
1110
1008
793
519
278
173
191
315
374
338
195
38
-62
-127
-96
47
291
495
625
663
616
461
196
-76
-249
-252
-63
156
341
326
55
-334
-746
-972
-1071
-1072
-1031
-1051
-1090
-1278
-1387
-1388
-1207
-894
-564
7
729
1451
1635
1180
478
-204
-694
-1047
-1118
-1017
-937
-934
-877
-611
-405
-458
-606
-548
-219
114
261
236
143
-17
-321
-613
-812
-825
-714
-535
-366
-222
-83
36
201
357
453
424
323
197
67
-44
-185
-301
-324
-203
62
446
841
1090
1239
1285
1325
1281
1095
826
596
529
542
588
534
382
249
121
80
68
170
290
439
583
677
700
570
349
147
94
132
235
291
407
403
318
37
-239
-451
-581
-694
-901
-1022
-1137
-1131
-1173
-1116
-983
-737
-424
34
691
1481
1880
1583
760
-39
-485
-760
-869
-877
-762
-788
-843
-719
-474
-359
-529
-606
-341
187
570
617
458
148
-248
-697
-959
-961
-697
-405
-207
-113
-101
1
162
376
502
504
424
367
314
225
78
-107
-247
-263
-95
256
662
954
1118
1191
1256
1295
1203
995
748
627
663
776
790
622
392
161
71
33
159
347
606
754
833
831
732
561
320
280
306
489
556
704
661
535
231
-149
-463
-685
-738
-766
-760
-854
-949
-1014
-898
-681
-388
-56
479
1264
1947
2085
1537
696
-49
-559
-783
-774
-657
-686
-831
-807
-483
-199
-258
-513
-520
-157
271
530
630
646
491
124
-339
-584
-565
-426
-272
-175
-61
26
174
363
568
632
529
402
340
361
304
193
-22
-149
-175
4
345
737
1054
1213
1284
1302
1326
1241
1065
893
909
1030
1092
1053
862
636
398
243
214
307
538
739
993
1093
1079
879
662
465
355
414
520
699
819
895
720
353
-203
-663
-909
-887
-761
-631
-585
-614
-670
-738
-651
-471
-32
607
1523
2318
2544
1991
1039
256
-254
-472
-498
-383
-410
-621
-728
-586
-460
-627
-913
-877
-375
175
489
564
543
407
23
-406
-677
-655
-529
-335
-179
-76
-49
-70
22
137
261
194
135
138
218
247
97
-120
-340
-378
-260
64
451
743
863
846
826
834
804
657
500
505
700
853
865
671
477
256
75
-35
-16
207
457
671
716
700
529
340
100
10
64
306
495
635
698
592
265
-303
-831
-1112
-1059
-880
-718
-673
-754
-941
-1032
-937
-497
122
961
1774
2311
2206
1478
608
-34
-342
-416
-342
-282
-423
-624
-679
-548
-529
-801
-989
-831
-248
262
496
506
384
162
-192
-475
-620
-578
-515
-424
-335
-308
-318
-317
-120
101
225
169
90
76
35
-40
-229
-387
-492
-428
-196
178
549
717
698
555
458
400
336
283
292
421
616
714
572
251
-43
-256
-329
-285
-131
128
425
601
549
363
94
-189
-418
-382
-131
262
528
631
551
274
-150
-693
-1056
-1199
-1021
-841
-674
-723
-892
-1109
-1185
-978
-577
97
878
1625
1955
1714
1046
390
-91
-362
-470
-367
-359
-547
-741
-691
-524
-598
-853
-964
-618
-102
241
334
283
159
-57
-245
-352
-324
-278
-237
-186
-168
-199
-290
-226
-22
220
336
311
224
120
16
-119
-209
-251
-209
-36
204
483
631
615
465
322
302
380
483
517
539
552
550
480
277
21
-185
-226
-131
70
282
463
640
637
519
205
7
-138
-89
95
344
575
620
547
252
-67
-422
-652
-736
-728
-732
-748
-848
-1004
-1112
-1055
-810
-384
299
1148
1831
1963
1539
932
524
336
275
269
219
-9
-400
-679
-728
-693
-750
-817
-600
-193
122
218
209
141
-20
-158
-168
77
315
366
237
98
1
-175
-285
-263
68
452
687
664
488
213
-190
-504
-628
-443
-176
151
381
561
605
428
173
-67
-64
71
289
506
651
683
534
259
-23
-283
-427
-465
-302
-39
171
264
259
227
96
-44
-137
-119
-54
-34
21
142
277
297
143
-93
-381
-648
-854
-917
-941
-923
-1042
-1151
-1166
-996
-691
-309
220
792
1266
1304
987
580
386
352
418
465
386
26
-455
-756
-826
-803
-839
-696
-353
11
77
-85
-292
-433
-540
-562
-273
224
626
611
310
-27
-303
-491
-502
-231
188
536
659
598
346
-85
-567
-787
-643
-248
145
413
524
487
360
121
-101
-212
-88
181
447
573
494
295
45
-180
-307
-317
-236
-127
8
93
81
-24
-165
-263
-224
-122
-30
-6
-40
-34
-108
-58
-87
-62
-165
-240
-274
-388
-535
-850
-1015
-1214
-1224
-1158
-945
-656
-319
201
801
1157
946
358
-30
81
397
734
843
785
250
-413
-910
-1012
-946
-1012
-836
-377
204
228
-234
-773
-1099
-1052
-839
-355
152
568
647
417
79
-326
-599
-619
-211
299
629
602
337
3
-385
-721
-881
-675
-263
152
421
476
348
68
-160
-191
-22
185
335
405
404
210
-9
-243
-359
-397
-271
-154
-69
-140
-388
-589
-738
-641
-558
-345
-229
-129
-190
-371
-594
-759
-741
-575
-357
-147
-112
-203
-484
-790
-1030
-1244
-1372
-1543
-1402
-1136
-768
-518
-242
252
585
464
-71
-362
-135
273
622
780
688
134
-590
-881
-733
-556
-725
-775
-464
-71
-116
-594
-1013
-1220
-1152
-885
-419
50
191
27
-199
-225
-193
-198
-89
203
565
645
377
-17
-280
-389
-406
-269
-29
129
116
13
-9
1
4
14
128
364
511
508
334
150
-41
-135
-104
-5
47
-68
-166
-235
-175
-210
-286
-406
-409
-337
-351
-350
-479
-487
-523
-476
-520
-596
-549
-517
-454
-504
-565
-654
-711
-714
-724
-816
-960
-1144
-1161
-1019
-747
-302
157
434
190
-194
-341
-170
18
181
389
404
75
-400
-454
-259
-316
-686
-874
-618
-373
-480
-821
-950
-802
-695
-646
-513
-296
-263
-365
-375
-215
-62
34
202
495
688
516
139
-130
-137
-105
-58
26
174
212
62
-146
-193
-58
75
210
350
530
572
432
216
49
22
-9
49
89
120
4
-147
-215
-191
-78
-79
-99
-182
-158
-224
-251
-382
-379
-369
-375
-364
-418
-432
-646
-738
-792
-692
-588
-498
-394
-363
-435
-644
-754
-718
-592
-399
0
411
469
53
-310
-188
109
290
270
340
218
-86
-251
-95
158
-9
-250
-313
-146
-248
-676
-975
-921
-555
-266
-50
3
-129
-394
-562
-378
-31
328
582
837
989
896
536
202
155
339
548
627
617
454
206
-103
-231
-119
128
368
531
638
627
506
244
109
175
318
381
323
233
36
-152
-294
-230
-37
156
201
107
-17
-138
-269
-352
-321
-270
-268
-364
-405
-485
-590
-728
-817
-857
-814
-776
-765
-804
-825
-751
-545
-293
-181
-102
67
254
-12
-563
-755
-304
315
527
470
214
-337
-922
-914
-215
372
288
-156
-288
-239
-500
-991
-1233
-1052
-701
-418
-259
-221
-447
-817
-1002
-716
-264
32
152
280
454
388
212
117
304
519
584
564
451
279
-37
-225
-156
149
371
303
107
10
24
56
67
164
402
516
446
216
50
-85
-264
-286
-150
91
182
113
-15
-140
-228
-280
-272
-191
-195
-327
-589
-723
-663
-612
-550
-628
-642
-744
-887
-988
-1092
-1045
-954
-636
-289
-112
-146
-268
-106
133
46
-322
-479
-130
247
314
162
-93
-436
-734
-509
110
393
117
-369
-486
-406
-502
-734
-909
-764
-583
-457
-437
-479
-617
-803
-783
-538
-291
-190
-147
10
185
188
80
15
163
349
434
447
440
412
190
18
13
177
312
230
94
-64
-40
-23
54
130
189
178
53
-54
-130
-172
-228
-302
-315
-251
-185
-139
-220
-337
-403
-431
-328
-315
-352
-617
-828
-897
-894
-878
-955
-958
-960
-994
-1061
-1138
-1196
-1193
-1101
-792
-592
-488
-533
-368
-49
3
-299
-658
-580
-250
-57
4
-106
-428
-907
-962
-393
72
-69
-612
-791
-591
-479
-698
-967
-950
-770
-689
-681
-655
-699
-888
-996
-833
-583
-502
-509
-418
-205
-129
-215
-285
-201
-28
46
95
159
230
169
11
-71
13
134
99
-55
-160
-162
-139
-156
-161
-96
-58
-109
-203
-198
-206
-251
-310
-302
-240
-228
-319
-383
-452
-452
-463
-427
-391
-411
-521
-737
-866
-957
-1014
-1097
-1158
-1174
-1165
-1150
-1108
-1213
-1305
-1345
-1143
-884
-677
-471
-224
11
-111
-494
-672
-416
19
129
52
-84
-448
-894
-1002
-449
68
-31
-563
-843
-680
-576
-756
-1032
-1065
-910
-817
-828
-852
-816
-876
-970
-922
-692
-568
-599
-587
-457
-353
-327
-275
-156
-23
-12
-37
-66
-41
-35
-80
-73
54
259
297
128
-146
-328
-328
-298
-253
-175
-64
-122
-311
-441
-445
-367
-310
-266
-218
-208
-264
-375
-450
-455
-428
-427
-381
-381
-467
-727
-825
-800
-746
-902
-1173
-1277
-1238
-1076
-1097
-1069
-1167
-1120
-1087
-884
-720
-705
-789
-667
-252
39
-152
-504
-523
-242
6
-40
-119
-385
-662
-757
-362
42
-115
-555
-754
-544
-376
-542
-829
-1001
-927
-882
-905
-884
-840
-763
-756
-677
-637
-717
-747
-654
-397
-223
-199
-205
-196
-124
-94
-65
28
102
130
27
19
146
341
427
237
23
-181
-162
-134
-96
-143
-260
-337
-409
-448
-456
-504
-506
-510
-431
-338
-254
-247
-344
-391
-488
-429
-478
-392
-515
-549
-607
-578
-640
-871
-1036
-1151
-1124
-1100
-1116
-1087
-1111
-1049
-917
-839
-695
-749
-606
-364
-101
-105
-441
-403
-161
185
263
55
-197
-638
-612
-262
156
108
-431
-619
-520
-297
-390
-632
-730
-795
-793
-923
-940
-835
-834
-807
-851
-777
-758
-714
-520
-348
-238
-353
-407
-283
-134
32
-11
36
80
96
16
-119
-33
99
263
202
34
-73
-132
-107
-131
-139
-207
-382
-506
-609
-552
-506
-492
-497
-556
-545
-568
-469
-444
-405
-391
-484
-483
-556
-535
-676
-745
-793
-812
-883
-1049
-1147
-1169
-1214
-1277
-1405
-1372
-1172
-981
-749
-783
-754
-807
-527
-205
-195
-328
-404
-104
59
62
69
-47
-381
-699
-499
30
49
-421
-842
-647
-254
-276
-581
-821
-718
-711
-884
-1035
-970
-819
-854
-905
-856
-746
-700
-711
-554
-365
-293
-331
-335
-211
-106
-32
-5
63
180
165
51
-75
8
199
282
168
34
36
56
11
-68
-77
-123
-234
-389
-410
-361
-302
-336
-403
-445
-412
-360
-266
-186
-153
-188
-251
-261
-300
-395
-476
-478
-427
-603
-787
-876
-830
-866
-1021
-1152
-1212
-1163
-1008
-802
-552
-542
-600
-496
-161
107
-89
-290
-196
154
363
329
258
-16
-336
-344
25
336
-7
-519
-664
-331
-90
-288
-545
-633
-519
-581
-780
-842
-732
-671
-743
-792
-677
-665
-671
-659
-469
-261
-237
-271
-277
-127
-31
1
45
135
224
102
-3
48
202
318
185
15
-64
25
74
61
10
-74
-204
-352
-429
-364
-330
-352
-464
-538
-509
-465
-441
-466
-433
-414
-392
-340
-328
-384
-574
-651
-708
-739
-807
-910
-904
-995
-1041
-1210
-1265
-1293
-1206
-1110
-956
-848
-815
-772
-516
-223
-199
-370
-401
-79
36
40
9
21
-173
-388
-201
115
56
-479
-812
-569
-187
-170
-512
-774
-755
-739
-842
-946
-901
-859
-909
-896
-821
-770
-871
-865
-679
-474
-431
-482
-391
-176
-52
-73
-134
-59
110
170
126
53
146
207
145
-34
-113
-71
-43
-52
-72
-92
-179
-387
-512
-475
-422
-442
-548
-557
-552
-539
-624
-651
-623
-550
-569
-580
-569
-521
-531
-629
-618
-673
-774
-1024
-1070
-1026
-952
-1105
-1262
-1344
-1278
-1237
-1188
-1045
-938
-882
-891
-626
-241
-74
-313
-462
-276
52
85
35
-34
-120
-264
-268
-24
-29
-347
-691
-613
-298
-203
-444
-725
-781
-721
-751
-831
-864
-824
-846
-868
-827
-822
-834
-821
-644
-484
-398
-413
-395
-264
-124
-71
-102
-30
131
240
185
192
255
351
245
107
34
63
105
86
67
-25
-155
-309
-354
-327
-329
-467
-555
-550
-409
-362
-405
-475
-488
-452
-517
-518
-562
-494
-504
-476
-488
-574
-740
-804
-824
-836
-1005
-1106
-1108
-1084
-1034
-1196
-1197
-1178
-960
-884
-861
-714
-450
-221
-288
-451
-300
81
258
117
-79
-11
-59
-146
-163
74
112
-270
-600
-517
-114
-18
-357
-743
-775
-585
-568
-781
-869
-768
-696
-832
-973
-869
-689
-561
-548
-481
-398
-365
-293
-130
86
115
39
-11
91
253
401
424
414
330
258
172
136
155
161
101
-59
-176
-245
-195
-214
-290
-443
-502
-510
-395
-360
-366
-485
-489
-459
-420
-521
-644
-673
-603
-503
-535
-612
-723
-736
-849
-876
-1017
-1033
-1093
-1055
-1052
-1140
-1246
-1346
-1337
-1258
-1075
-924
-860
-815
-597
-434
-406
-542
-453
-144
-53
-59
-206
-272
-457
-510
-244
-8
-93
-565
-799
-605
-282
-301
-596
-832
-833
-866
-977
-1064
-984
-906
-1026
-1151
-1183
-1076
-975
-871
-746
-687
-700
-717
-566
-276
-102
-131
-307
-284
-67
117
119
50
92
143
47
-164
-235
-151
-115
-289
-434
-457
-365
-433
-579
-660
-622
-559
-597
-624
-647
-552
-555
-615
-698
-788
-791
-766
-777
-757
-798
-768
-813
-890
-927
-994
-951
-1074
-1123
-1133
-1153
-1203
-1387
-1523
-1510
-1458
-1241
-1194
-1140
-1123
-954
-586
-438
-445
-636
-572
-362
-249
-210
-170
-133
-318
-561
-464
-175
-61
-310
-624
-609
-471
-430
-645
-826
-795
-799
-910
-1099
-1099
-1014
-1012
-1042
-1066
-1018
-1018
-999
-809
-551
-358
-348
-403
-318
-221
-77
-9
50
90
102
132
88
75
31
5
-62
-133
-170
-225
-267
-326
-338
-360
-410
-461
-536
-540
-504
-446
-423
-459
-561
-630
-729
-692
-685
-592
-651
-732
-782
-825
-794
-873
-860
-871
-879
-970
-1046
-1054
-995
-1031
-1145
-1370
-1388
-1424
-1348
-1349
-1200
-1009
-959
-969
-922
-696
-480
-517
-581
-541
-346
-171
-234
-193
-368
-429
-450
-253
-87
-268
-475
-596
-477
-386
-532
-770
-946
-893
-800
-876
-989
-1084
-1084
-1129
-1142
-1037
-938
-821
-688
-533
-422
-449
-374
-208
54
168
128
84
107
165
207
227
243
174
47
-49
-9
67
0
-146
-273
-286
-275
-261
-311
-333
-397
-414
-459
-458
-465
-421
-442
-494
-587
-611
-501
-501
-506
-666
-634
-675
-624
-625
-592
-636
-767
-838
-865
-849
-918
-990
-1074
-1099
-1160
-1176
-1192
-1100
-1036
-1060
-1075
-1037
-766
-528
-407
-509
-619
-481
-303
-161
-147
-134
-207
-374
-377
-133
34
-180
-565
-656
-464
-404
-600
-911
-965
-855
-827
-988
-1214
-1216
-1090
-966
-931
-907
-840
-748
-587
-410
-249
-219
-208
-111
81
194
154
64
108
253
284
175
62
118
115
76
-12
-45
-11
-117
-184
-192
-116
-131
-279
-413
-426
-399
-418
-436
-409
-357
-436
-487
-548
-476
-451
-477
-494
-461
-417
-456
-499
-488
-415
-473
-564
-708
-706
-706
-787
-816
-921
-908
-1036
-1129
-1209
-1261
-1215
-1157
-1052
-938
-907
-739
-591
-538
-621
-621
-324
-148
-149
-241
-224
-148
-287
-331
-196
-106
-235
-526
-601
-509
-411
-478
-713
-835
-836
-763
-776
-822
-767
-731
-762
-796
-669
-395
-158
-49
-72
-113
-65
65
191
294
335
336
288
249
250
284
317
317
277
193
120
109
174
200
161
35
-38
-54
-46
-45
-54
-67
-89
-91
-65
-48
-73
-119
-157
-106
-70
-81
-125
-98
-5
37
-29
-78
-63
-112
-176
-271
-273
-312
-420
-534
-622
-626
-697
-810
-895
-926
-922
-968
-990
-893
-812
-647
-548
-478
-445
-472
-345
-318
-214
-101
13
81
-31
-165
-231
-169
5
9
-154
-318
-396
-341
-340
-313
-353
-507
-675
-764
-605
-413
-380
-414
-471
-431
-389
-332
-230
-127
1
43
30
68
157
265
328
380
422
352
286
288
427
511
385
186
99
173
215
137
39
-2
-6
-29
-73
-81
-70
-66
-58
-80
-68
-54
-75
-84
-20
97
124
95
118
189
231
129
57
41
68
28
-151
-295
-369
-365
-403
-564
-695
-829
-908
-950
-981
-960
-994
-1008
-1060
-1103
-1012
-893
-771
-749
-684
-526
-437
-364
-313
-206
-125
-178
-186
-125
-40
-4
-31
5
23
-82
-230
-279
-187
-94
-127
-178
-240
-302
-382
-392
-312
-276
-274
-308
-355
-379
-319
-172
-28
49
58
44
84
184
287
387
445
507
490
460
418
423
460
482
483
398
331
282
253
254
236
259
282
254
228
219
264
281
256
274
330
395
399
373
367
406
407
370
309
294
297
273
194
59
2
-76
-188
-320
-407
-464
-534
-622
-731
-854
-942
-1009
-1049
-1076
-1154
-1162
-1145
-1073
-1038
-1016
-917
-845
-777
-760
-675
-543
-421
-284
-253
-272
-336
-300
-155
-29
29
4
-16
-24
-60
-67
-58
-12
-30
-125
-254
-377
-424
-425
-396
-372
-382
-434
-522
-558
-450
-275
-179
-195
-218
-156
-93
-49
6
97
204
235
232
232
259
256
261
297
357
375
335
300
252
239
185
159
172
249
341
313
257
212
228
198
149
158
212
261
236
147
68
37
4
-54
-96
-102
-125
-177
-269
-338
-407
-500
-601
-717
-823
-919
-995
-1103
-1187
-1223
-1231
-1291
-1377
-1454
-1467
-1494
-1486
-1436
-1339
-1237
-1207
-1186
-1129
-999
-860
-771
-688
-587
-471
-380
-319
-274
-191
-90
-45
-68
-93
-57
-33
-57
-140
-185
-204
-256
-310
-344
-323
-346
-418
-537
-604
-607
-561
-504
-495
-495
-493
-438
-361
-314
-248
-149
-59
-3
47
119
201
277
311
297
300
346
432
469
464
453
467
463
437
426
420
420
381
312
263
236
182
120
43
17
28
23
-19
-76
-135
-173
-236
-305
-327
-360
-391
-442
-528
-617
-659
-712
-784
-878
-939
-962
-983
-1058
-1108
-1130
-1162
-1254
-1361
-1391
-1327
-1244
-1231
-1238
-1186
-1090
-1017
-978
-952
-826
-684
-627
-596
-525
-421
-355
-321
-285
-219
-133
-145
-181
-188
-115
-76
-111
-200
-260
-257
-270
-323
-389
-438
-455
-479
-521
-517
-479
-434
-449
-443
-387
-276
-166
-71
14
78
154
233
339
414
462
504
529
565
626
667
659
627
588
586
586
548
493
445
422
403
374
336
310
285
232
172
117
63
23
-5
-43
-49
-91
-149
-178
-192
-235
-310
-385
-436
-468
-498
-523
-582
-644
-707
-755
-784
-806
-855
-920
-959
-952
-932
-947
-981
-1024
-1042
-1015
-994
-946
-920
-888
-873
-887
-836
-756
-664
-656
-668
-624
-530
-474
-466
-440
-396
-355
-372
-339
-269
-215
-232
-273
-245
-220
-196
-232
-253
-249
-219
-213
-238
-249
-210
-183
-172
-140
-92
-22
29
89
135
179
219
258
305
369
404
416
412
405
394
402
388
361
329
344
374
357
332
295
277
222
179
151
126
97
54
-12
-64
-123
-160
-200
-250
-295
-335
-316
-322
-337
-385
-426
-461
-467
-476
-504
-544
-603
-628
-646
-673
-687
-680
-704
-742
-804
-843
-869
-885
-908
-947
-983
-1028
-1080
-1103
-1113
-1092
-1061
-1065
-1102
-1133
-1099
-1020
-967
-925
-876
-805
-742
-687
-634
-571
-506
-456
-407
-316
-229
-173
-153
-84
-7
27
64
61
73
123
200
238
237
201
155
136
170
240
275
261
183
154
165
184
203
202
206
211
213
253
302
311
285
243
236
260
296
279
241
236
269
291
281
230
195
160
118
90
83
92
79
61
44
3
-84
-134
-162
-178
-212
-247
-264
-246
-232
-275
-323
-360
-369
-384
-408
-403
-416
-455
-517
-574
-603
-617
-645
-709
-758
-778
-797
-839
-914
-956
-979
-1035
-1103
-1113
-1077
-1075
-1104
-1131
-1083
-1006
-948
-956
-923
-857
-752
-670
-575
-477
-427
-373
-277
-137
-38
53
86
102
146
262
351
383
376
345
360
396
412
402
361
309
238
171
155
141
133
98
79
91
121
165
181
173
144
144
182
228
266
279
278
273
300
330
353
387
417
438
453
465
463
448
421
401
379
348
322
294
250
183
144
122
103
70
3
-43
-59
-55
-58
-89
-142
-211
-244
-260
-268
-318
-381
-426
-459
-514
-577
-607
-617
-649
-699
-721
-729
-751
-792
-826
-818
-781
-768
-795
-806
-812
-799
-801
-801
-773
-721
-660
-607
-527
-438
-349
-281
-230
-160
-55
62
170
253
307
339
371
397
446
507
522
506
485
514
537
566
570
541
508
508
511
517
499
461
415
375
377
383
399
366
317
317
363
409
472
498
521
530
530
576
604
593
556
529
526
536
546
517
476
438
427
439
457
425
349
300
263
250
229
214
174
106
47
-11
-63
-100
-118
-143
-174
-201
-238
-267
-275
-280
-301
-318
-339
-351
-364
-386
-394
-400
-429
-450
-458
-449
-430
-434
-437
-434
-423
-398
-378
-377
-387
-389
-373
-353
-339
-344
-336
-324
-322
-324
-318
-294
-283
-260
-234
-195
-162
-134
-94
-55
16
65
102
135
188
233
291
330
367
411
436
474
520
581
626
659
664
669
691
714
734
719
693
648
604
578
555
511
475
463
445
427
399
372
340
316
313
311
305
273
248
209
190
174
168
172
174
168
162
154
139
113
84
68
42
13
1
-8
-42
-94
-137
-171
-187
-203
-206
-225
-251
-277
-286
-306
-337
-335
-347
-318
-309
-297
-301
-274
-253
-260
-284
-321
-314
-305
-314
-345
-383
-419
-435
-445
-489
-535
-586
-599
-594
-586
-589
-623
-637
-653
-671
-659
-620
-600
-615
-611
-570
-516
-477
-455
-447
-413
-350
-267
-183
-108
-56
-42
-26
28
99
142
169
189
236
281
319
351
346
317
298
274
254
240
210
131
55
12
-22
-70
-150
-200
-225
-225
-212
-238
-281
-288
-279
-274
-268
-260
-234
-210
-189
-181
-181
-172
-161
-151
-120
-104
-114
-127
-131
-126
-132
-160
-197
-223
-246
-245
-266
-281
-312
-348
-370
-385
-402
-420
-430
-436
-444
-455
-468
-485
-485
-486
-474
-483
-491
-489
-463
-424
-410
-418
-444
-455
-446
-431
-409
-405
-425
-440
-439
-433
-437
-442
-440
-436
-432
-436
-410
-386
-394
-409
-403
-367
-358
-374
-368
-355
-341
-342
-339
-319
-290
-283
-290
-280
-221
-154
-133
-145
-169
-158
-140
-78
-24
-21
-16
-17
2
47
105
136
112
87
84
123
163
167
159
111
59
37
29
45
21
-13
-58
-88
-84
-80
-88
-95
-100
-101
-83
-58
-53
-72
-82
-89
-109
-134
-136
-146
-140
-146
-166
-186
-185
-174
-159
-138
-152
-161
-177
-197
-183
-177
-178
-194
-224
-250
-246
-221
-213
-227
-219
-188
-155
-124
-105
-102
-86
-70
-49
-2
9
18
8
-3
-6
18
21
-4
-43
-87
-97
-95
-97
-123
-156
-181
-204
-225
-258
-283
-322
-348
-375
-382
-401
-454
-520
-551
-566
-573
-558
-568
-563
-556
-556
-569
-577
-562
-535
-485
-459
-427
-406
-391
-346
-316
-266
-231
-206
-152
-110
-43
-2
23
39
56
64
66
67
37
29
6
-38
-79
-116
-152
-209
-261
-296
-317
-330
-353
-382
-409
-411
-408
-396
-357
-336
-326
-335
-306
-257
-198
-160
-145
-124
-89
-53
-28
-8
8
46
68
66
68
72
61
61
50
65
79
68
52
44
70
91
67
52
58
79
77
74
100
103
107
116
103
93
84
70
48
45
30
9
-25
-44
-41
-45
-65
-98
-124
-142
-146
-174
-204
-250
-259
-264
-288
-305
-331
-340
-358
-390
-386
-361
-333
-344
-360
-377
-361
-311
-295
-284
-306
-317
-335
-342
-331
-304
-275
-254
-244
-224
-188
-166
-154
-159
-160
-133
-70
1
42
54
58
58
63
114
172
214
225
220
235
257
269
280
268
236
209
198
215
234
249
246
219
203
203
228
251
249
255
257
269
294
310
338
371
402
404
421
460
481
496
476
464
460
461
464
462
456
439
431
432
426
437
445
427
395
372
368
353
349
350
331
321
308
309
312
313
325
321
298
274
276
297
278
231
204
162
131
103
77
48
-6
-58
-93
-107
-132
-156
-173
-186
-202
-199
-210
-218
-226
-226
-209
-208
-201
-181
-156
-133
-116
-85
-52
-23
3
21
51
87
109
108
133
164
185
190
219
233
226
249
288
329
353
359
354
365
415
465
480
490
495
516
568
610
637
651
664
677
675
683
683
676
673
633
625
599
588
576
565
560
543
545
534
524
513
512
496
478
471
495
494
496
471
453
440
411
399
415
458
461
445
415
383
375
380
389
389
376
346
293
261
231
191
144
96
59
44
38
40
15
-23
-59
-74
-82
-86
-95
-104
-86
-73
-45
-53
-47
-44
-38
-10
10
37
62
84
80
75
63
59
59
45
45
56
96
129
134
120
108
109
120
147
174
178
180
193
200
222
244
262
280
282
280
283
312
361
384
395
376
373
385
395
428
467
482
485
483
500
527
561
576
571
573
593
632
681
709
702
696
706
748
784
806
795
762
718
722
733
713
692
634
581
535
501
474
443
412
380
360
335
319
298
266
245
218
195
201
225
243
261
269
257
250
254
278
308
314
320
347
355
363
359
338
313
282
260
272
278
265
247
221
213
217
210
210
214
215
209
189
208
221
224
218
193
193
213
239
263
272
258
251
263
284
291
280
277
296
327
325
327
331
335
330
312
295
302
345
362
375
366
375
380
373
383
416
427
412
399
387
403
416
407
378
360
344
348
349
347
318
294
272
263
275
277
276
261
239
239
259
261
270
255
241
248
262
275
308
330
314
298
298
316
347
378
393
372
346
330
324
309
289
269
254
246
233
222
211
188
161
128
116
127
121
121
106
92
77
75
86
97
109
115
127
138
169
186
213
225
238
252
261
278
282
289
283
292
297
317
314
297
303
290
304
317
310
318
335
335
335
346
349
358
353
358
397
414
405
413
439
452
442
423
395
394
417
432
427
411
388
344
319
280
256
251
252
226
205
180
157
157
129
114
91
103
118
113
105
85
74
80
95
126
155
153
141
128
105
93
91
106
117
137
133
122
126
154
171
160
143
96
77
91
121
137
141
132
100
71
79
115
150
183
191
176
181
215
240
257
274
261
222
202
213
228
245
251
236
246
255
246
233
235
254
282
288
286
278
267
263
253
264
276
292
281
286
288
297
298
273
264
264
276
287
280
289
288
287
290
271
272
261
272
286
284
314
326
311
302
283
268
279
274
269
254
207
180
163
140
107
66
41
21
2
-13
-21
-31
-56
-60
-76
-82
-82
-78
-69
-77
-65
-56
-58
-61
-52
-36
-17
-12
-29
-55
-48
-22
-4
-19
-37
-24
-35
-45
-43
-34
-33
-11
2
13
33
39
23
-1
-18
-17
1
21
30
15
20
14
-4
-19
-15
-15
-30
-33
-30
-11
-8
-6
-5
-12
-3
-13
-1
-7
-23
-41
-48
-54
-49
-47
-58
-65
-70
-68
-82
-89
-86
-74
-65
-77
-93
-100
-116
-130
-131
-132
-149
-180
-200
-202
-215
-218
-227
-218
-202
-208
-215
-248
-267
-280
-282
-289
-304
-334
-329
-328
-333
-338
-356
-365
-369
-336
-324
-312
-336
-354
-338
-339
-341
-365
-390
-406
-390
-385
-373
-362
-353
-353
-359
-340
-338
-312
-302
-299
-278
-255
-247
-234
-211
-196
-174
-175
-169
-156
-133
-115
-99
-77
-89
-92
-92
-80
-54
-46
-49
-55
-62
-51
-55
-64
-68
-95
-106
-100
-98
-82
-81
-77
-77
-76
-69
-51
-43
-38
-30
-33
5
20
23
31
22
13
4
12
19
23
7
-20
-54
-51
-54
-52
-45
-65
-77
-94
-81
-85
-104
-112
-128
-151
-162
-156
-151
-142
-156
-164
-172
-185
-184
-181
-181
-195
-208
-215
-210
-207
-202
-212
-230
-257
-257
-245
-231
-224
-229
-259
-265
-276
-284
-243
-232
-205
-205
-196
-181
-167
-150
-146
-144
-154
-157
-159
-151
-134
-126
-134
-143
-158
-156
-140
-120
-116
-120
-131
-141
-157
-140
-124
-138
-153
-167
-155
-128
-106
-116
-150
-181
-176
-150
-115
-88
-78
-100
-110
-102
-92
-53
-36
-39
-43
-56
-40
-59
-76
-72
-76
-69
-49
-49
-66
-65
-63
-47
-43
-57
-79
-96
-107
-104
-93
-103
-126
-152
-179
-182
-194
-204
-185
-187
-190
-224
-258
-284
-287
-273
-267
-292
-328
-336
-323
-312
-301
-303
-329
-331
-312
-288
-260
-258
-246
-233
-229
-217
-225
-214
-213
-204
-181
-159
-147
-134
-152
-162
-172
-183
-180
-202
-212
-214
-218
-213
-225
-236
-233
-234
-228
-219
-201
-190
-163
-128
-108
-88
-83
-79
-61
-40
-21
-5
10
0
-1
6
10
24
15
12
15
21
32
41
32
25
14
16
39
45
62
59
48
48
71
95
92
85
78
75
77
85
78
87
92
107
120
114
108
107
120
135
130
104
86
85
100
110
112
88
73
79
78
104
136
141
135
109
88
79
93
117
135
134
146
134
116
121
114
109
112
117
120
129
145
151
142
111
98
97
104
129
120
113
110
95
93
110
126
128
128
133
140
154
176
179
166
153
153
150
174
191
202
202
199
202
201
224
229
214
198
166
160
152
139
139
129
124
108
75
55
53
42
34
23
1
0
6
15
23
29
41
55
68
72
88
86
90
82
79
81
78
63
59
44
30
22
16
24
19
-2
-9
-22
-40
-37
-40
-33
-34
-29
-28
-33
-48
-49
-53
-52
-44
-47
-37
-39
-39
-49
-53
-53
-52
-46
-41
-51
-57
-45
-47
-44
-33
-18
-4
11
31
51
61
49
62
77
83
88
96
106
109
123
152
148
130
135
144
169
188
190
164
150
126
97
104
115
104
83
58
54
56
28
29
38
60
64
40
14
-1
1
-2
-6
1
-7
-27
2
25
13
-12
-32
-31
-25
-13
-29
-32
-47
-44
-41
-58
-90
-152
-188
-183
-169
-148
-137
-165
-189
-200
-191
-177
-165
-138
-137
-159
-174
-184
-184
-171
-172
-198
-233
-249
-246
-253
-249
-252
-259
-251
-251
-252
-245
-230
-186
-174
-177
-170
-181
-181
-169
-154
-142
-119
-83
-41
-23
-11
-15
-30
-23
-26
-3
12
16
14
11
18
11
18
30
48
47
31
9
23
41
50
59
43
14
-1
17
39
56
61
35
18
38
40
34
37
29
13
7
12
7
8
9
8
6
3
11
23
39
62
71
65
63
64
62
64
78
92
93
75
70
78
80
70
48
36
33
29
19
15
19
26
23
7
14
2
-6
-6
-28
-54
-57
-41
-21
-20
-36
-53
-62
-57
-44
-8
9
20
23
52
90
105
114
126
142
163
195
203
202
216
219
228
224
222
236
237
243
241
259
270
278
276
275
282
270
282
292
301
293
281
271
269
266
252
251
256
273
284
271
269
257
241
245
249
246
222
192
183
179
186
180
174
172
175
186
200
215
224
229
223
210
201
195
201
197
214
224
223
210
190
202
204
188
178
169
162
156
153
153
136
121
114
105
108
114
113
119
127
114
108
118
119
136
130
129
134
132
140
145
158
167
163
166
183
209
217
200
193
195
221
238
247
253
241
234
230
232
230
246
267
268
263
253
265
264
275
271
275
277
269
268
269
259
269
292
312
313
319
324
328
343
348
353
355
377
373
354
367
377
398
395
382
382
375
375
376
377
378
365
353
358
352
346
337
320
323
333
329
316
304
295
280
284
263
238
241
240
243
243
244
239
232
220
224
223
235
224
211
207
185
177
173
164
158
166
179
202
201
184
164
155
146
152
156
135
117
120
129
145
131
115
97
98
119
135
162
179
183
176
179
195
237
269
281
276
276
263
270
280
283
301
316
301
287
290
288
294
302
293
283
268
264
257
265
280
264
252
255
261
255
264
259
267
282
287
303
317
319
302
274
268
267
271
269
261
257
242
228
208
200
197
207
207
202
201
190
191
191
190
171
164
158
169
178
188
201
189
159
141
138
112
98
71
69
56
40
27
14
13
-10
-22
-47
-67
-73
-64
-51
-32
-17
-15
-16
-13
-11
-3
-9
-4
2
10
11
7
7
7
7
-5
-11
-5
22
42
51
58
50
44
62
76
79
86
83
96
108
108
120
100
95
110
114
114
125
130
135
160
172
177
173
174
182
191
202
206
196
184
184
191
204
203
208
221
221
233
226
205
209
205
212
209
204
216
212
221
212
196
173
152
144
167
176
175
177
189
194
188
177
147
151
152
152
166
172
159
168
173
165
148
139
154
163
171
170
176
170
158
150
134
130
140
165
173
162
172
179
192
207
207
206
197
202
213
213
216
212
216
210
193
173
155
156
168
166
158
153
136
129
135
138
144
147
147
147
163
178
180
182
182
191
194
211
222
227
228
216
207
191
191
203
199
181
182
174
173
170
167
170
166
180
181
178
178
185
199
206
221
216
214
207
208
217
221
227
217
214
231
259
260
261
256
250
254
262
272
293
287
286
279
275
291
275
276
291
304
327
321
309
301
285
277
269
261
245
229
200
174
172
158
152
145
136
131
123
126
130
148
158
155
148
161
160
150
131
130
130
122
125
121
101
99
110
105
103
92
102
104
111
90
70
65
64
67
73
50
4
-33
-65
-51
-43
-36
-20
-63
-112
-120
-98
-60
-42
-41
-49
-66
-55
-61
-70
-75
-103
-121
-140
-149
-142
-135
-138
-155
-159
-174
-174
-162
-170
-154
-144
-133
-144
-173
-176
-189
-190
-184
-163
-150
-147
-134
-129
-130
-151
-153
-153
-140
-119
-113
-126
-155
-160
-147
-123
-119
-127
-128
-124
-103
-103
-74
-54
-56
-64
-66
-73
-75
-68
-72
-70
-72
-102
-118
-119
-141
-144
-158
-187
-205
-215
-212
-209
-213
-210
-228
-237
-239
-229
-214
-198
-169
-163
-154
-139
-122
-116
-115
-117
-112
-95
-81
-74
-70
-66
-72
-87
-112
-128
-113
-107
-99
-94
-83
-78
-73
-74
-76
-92
-112
-97
-101
-108
-91
-88
-91
-96
-111
-117
-108
-90
-95
-87
-80
-59
-63
-73
-77
-85
-79
-68
-64
-67
-58
-57
-50
-48
-27
-15
-2
-4
6
19
13
7
-7
-17
-21
-20
-20
-15
12
32
32
19
10
21
27
28
7
-3
0
1
0
10
16
8
10
-2
-23
-14
-1
-4
3
5
-6
-4
-4
-7
-5
-4
11
26
35
32
30
21
18
21
9
23
32
44
54
57
40
28
10
-6
-7
-3
7
4
-10
-27
-39
-36
-45
-47
-65
-89
-93
-108
-105
-97
-85
-73
-85
-79
-88
-93
-78
-70
-57
-56
-48
-44
-25
-20
-29
-37
-48
-43
-36
-31
-40
-31
-29
-42
-56
-63
-66
-63
-51
-40
-29
-38
-38
-32
-14
-21
-25
-31
-35
-34
-39
-53
-58
-66
-82
-102
-102
-110
-125
-124
-123
-124
-134
-135
-150
-158
-166
-168
-167
-150
-162
-174
-172
-170
-153
-149
-137
-138
-130
-123
-126
-127
-121
-122
-139
-153
-162
-159
-149
-148
-150
-186
-201
-212
-224
-223
-220
-228
-236
-235
-242
-253
-272
-274
-297
-293
-291
-297
-302
-317
-316
-313
-299
-292
-296
-297
-279
-268
-260
-264
-273
-266
-253
-242
-255
-277
-278
-264
-239
-234
-247
-290
-317
-328
-327
-316
-306
-310
-311
-309
-292
-266
-263
-252
-270
-296
-301
-307
-318
-307
-304
-317
-337
-337
-351
-366
-367
-367
-351
-342
-336
-354
-369
-378
-387
-382
-374
-363
-355
-348
-340
-339
-336
-319
-309
-299
-300
-308
-318
-316
-308
-306
-293
-293
-310
-325
-323
-320
-315
-325
-326
-318
-312
-296
-294
-297
-293
-290
-294
-300
-302
-300
-286
-261
-252
-259
-274
-304
-322
-324
-340
-343
-349
-378
-396
-409
-432
-431
-435
-441
-445
-448
-447
-447
-436
-428
-404
-374
-349
-335
-337
-351
-329
-312
-300
-299
-295
-299
-307
-310
-306
-298
-315
-323
-342
-346
-316
-288
-282
-307
-333
-363
-365
-360
-364
-359
-356
-360
-354
-344
-351
-351
-354
-344
-331
-329
-346
-357
-355
-354
-354
-365
-373
-368
-355
-348
-339
-338
-342
-357
-363
-378
-387
-377
-371
-361
-379
-386
-392
-390
-395
-419
-433
-456
-471
-473
-467
-467
-478
-484
-507
-520
-520
-520
-527
-534
-525
-526
-519
-522
-526
-539
-533
-541
-550
-562
-571
-565
-565
-571
-580
-577
-585
-574
-573
-566
-554
-547
-562
-577
-591
-607
-603
-572
-560
-550
-556
-565
-566
-567
-551
-567
-554
-535
-544
-548
-534
-541
-534
-529
-533
-537
-560
-558
-551
-556
-551
-556
-568
-557
-538
-532
-524
-519
-517
-517
-517
-495
-479
-465
-440
-436
-425
-408
-404
-407
-389
-382
-382
-384
-384
-386
-388
-389
-404
-413
-393
-382
-381
-389
-381
-374
-374
-359
-362
-375
-368
-359
-342
-333
-326
-334
-322
-308
-305
-306
-299
-296
-302
-286
-288
-285
-291
-289
-282
-269
-254
-258
-256
-255
-245
-242
-237
-217
-208
-192
-189
-181
-179
-179
-158
-148
-157
-173
-183
-197
-196
-193
-183
-179
-178
-193
-201
-184
-179
-176
-162
-166
-173
-160
-155
-132
-109
-104
-114
-127
-107
-100
-101
-103
-121
-143
-157
-142
-127
-110
-98
-95
-88
-81
-84
-82
-82
-74
-64
-77
-75
-59
-24
-6
-21
-48
-73
-93
-98
-62
-49
-41
-46
-51
-46
-39
-14
-25
-12
1
0
12
3
11
20
15
12
-1
-13
1
26
44
38
24
15
12
34
63
57
65
77
56
43
38
45
60
85
92
96
88
67
45
29
41
46
45
25
8
9
16
22
36
23
-6
-8
-3
-2
-5
-17
-11
-5
13
34
37
15
8
12
17
32
41
39
17
2
-10
-2
-4
-15
-26
-12
-10
-2
3
3
-1
-2
1
1
23
38
54
63
73
68
55
49
70
90
108
119
127
124
123
131
108
95
93
92
111
110
97
107
95
85
91
90
70
62
56
67
68
75
67
55
65
61
55
50
57
64
71
81
87
79
63
48
48
60
57
45
46
59
79
69
49
46
50
57
65
57
57
45
40
42
41
53
59
68
80
89
84
78
68
55
53
65
62
60
72
95
106
109
99
86
100
112
138
140
137
143
136
154
143
131
138
167
197
207
194
204
211
218
225
214
207
214
226
212
224
223
234
240
258
266
276
277
262
251
239
247
251
242
245
252
257
253
256
258
249
240
213
218
229
230
240
239
246
249
257
250
259
258
264
266
265
274
275
274
270
285
286
284
291
302
314
313
313
308
311
321
316
318
316
315
329
339
347
355
357
358
367
370
345
338
344
356
372
378
375
383
384
378
372
367
378
374
384
390
399
386
394
391
386
380
363
366
370
372
379
367
360
374
386
392
389
399
396
407
409
403
388
371
352
335
321
305
309
310
303
303
288
292
314
310
313
306
308
314
326
336
321
310
292
291
314
309
302
290
293
289
277
283
272
280
272
265
236
211
202
213
221
207
195
178
175
180
175
170
170
157
156
154
172
198
219
223
208
182
156
129
135
144
138
123
101
92
75
65
47
43
51
73
75
50
47
22
16
4
-5
-10
-11
6
13
30
42
57
48
39
30
9
9
19
25
46
42
31
26
12
2
3
-2
-21
-27
-25
-33
-32
-16
-27
-37
-42
-58
-46
-45
-26
-9
9
12
-3
-6
-15
-11
-14
-14
-24
-53
-76
-67
-71
-79
-82
-98
-100
-101
-85
-100
-113
-112
-118
-85
-73
-69
-84
-82
-76
-66
-65
-72
-64
-53
-47
-52
-58
-85
-78
-76
-82
-77
-77
-60
-71
-64
-58
-65
-73
-83
-89
-78
-64
-52
-38
-30
-21
-30
-51
-67
-65
-49
-44
-34
-20
-12
-6
-8
-20
-10
11
36
44
41
53
45
40
42
31
39
53
69
74
62
74
82
87
86
72
61
61
71
93
83
70
58
41
42
22
25
21
15
20
28
41
37
51
54
34
11
-5
-1
21
31
34
19
13
10
0
-14
-34
-30
-20
-2
5
-11
-11
-11
-10
-8
-6
4
-3
2
6
6
-7
-14
-15
-21
-27
-36
-18
-15
-11
-23
-29
-39
-47
-45
-48
-31
-27
-24
-18
-25
-46
-39
-31
-22
-26
-34
-36
-49
-51
-42
-31
-23
-5
-12
-16
-9
2
16
15
7
5
2
-7
-19
-28
-38
-36
-38
-28
-31
-55
-53
-60
-56
-53
-64
-61
-48
-55
-55
-65
-54
-63
-68
-77
-82
-73
-94
-98
-96
-92
-95
-100
-99
-98
-97
-96
-102
-110
-112
-120
-125
-110
-105
-102
-105
-106
-107
-104
-108
-107
-108
-116
-112
-127
-138
-133
-139
-145
-145
-140
-161
-185
-178
-195
-196
-185
-170
-161
-149
-136
-132
-124
-131
-128
-135
-113
-101
-116
-128
-143
-154
-157
-180
-172
-169
-159
-150
-150
-151
-176
-167
-158
-146
-172
-201
-217
-223
-181
-154
-149
-169
-216
-226
-219
-200
-175
-166
-165
-174
-155
-142
-123
-119
-112
-96
-101
-109
-100
-88
-91
-94
-130
-149
-148
-146
-134
-125
-130
-131
-132
-124
-119
-109
-104
-95
-84
-87
-96
-93
-84
-76
-61
-47
-25
-6
-18
-34
-37
-24
-5
2
-4
-10
-20
-8
-6
-7
-13
-34
-41
-41
-42
-36
-14
-30
-27
-16
-17
0
-8
-21
-17
-20
-20
-15
-9
-20
-42
-54
-62
-61
-78
-91
-102
-101
-82
-81
-82
-71
-71
-70
-74
-73
-61
-46
-31
-21
-37
-33
-27
-7
12
10
17
17
27
