-363
-382
-383
-365
-353
-348
-342
-316
-278
-276
-270
-283
-290
-268
-274
-291
-279
-285
-283
-269
-282
-278
-287
-287
-273
-283
-298
-289
-280
-291
-297
-287
-275
-279
-260
-263
-285
-284
-287
-278
-280
-272
-271
-284
-276
-258
-254
-249
-256
-280
-283
-273
-250
-241
-237
-257
-250
-250
-253
-257
-271
-256
-245
-233
-228
-217
-217
-208
-207
-208
-203
-211
-206
-217
-219
-207
-208
-215
-208
-215
-222
-231
-249
-247
-235
-228
-221
-236
-230
-216
-216
-214
-227
-229
-231
-231
-239
-259
-266
-265
-270
-288
-290
-295
-285
-292
-288
-277
-270
-255
-244
-250
-236
-242
-248
-241
-232
-205
-218
-218
-222
-229
-233
-245
-262
-277
-257
-271
-268
-265
-281
-284
-289
-307
-302
-295
-290
-283
-298
-298
-312
-309
-299
-294
-288
-299
-308
-289
-290
-280
-277
-282
-292
-298
-300
-309
-316
-311
-297
-284
-276
-284
-276
-268
-272
-265
-265
-257
-258
-274
-285
-295
-284
-277
-283
-286
-286
-270
-284
-310
-328
-347
-359
-331
-314
-311
-310
-334
-352
-376
-370
-370
-360
-352
-359
-369
-382
-362
-354
-360
-360
-354
-347
-339
-333
-345
-366
-368
-369
-377
-371
-354
-350
-334
-321
-355
-390
-400
-374
-381
-399
-431
-451
-440
-421
-388
-430
-496
-539
-564
-539
-503
-463
-452
-475
-512
-525
-495
-454
-428
-425
-429
-444
-444
-433
-434
-414
-418
-441
-472
-477
-457
-439
-440
-460
-501
-532
-540
-528
-485
-464
-463
-488
-510
-497
-476
-445
-438
-451
-466
-458
-428
-421
-419
-408
-406
-427
-446
-458
-450
-428
-408
-418
-440
-453
-441
-424
-396
-380
-380
-398
-401
-373
-337
-336
-355
-360
-381
-369
-367
-340
-332
-345
-380
-424
-445
-450
-460
-501
-532
-564
-563
-532
-531
-534
-554
-575
-570
-574
-560
-541
-518
-499
-480
-466
-466
-468
-474
-459
-445
-440
-440
-441
-430
-424
-418
-429
-440
-445
-448
-461
-462
-475
-471
-461
-452
-442
-436
-430
-448
-451
-455
-474
-470
-460
-444
-434
-418
-397
-399
-396
-413
-435
-425
-423
-425
-403
-372
-351
-355
-347
-362
-353
-337
-316
-305
-305
-305
-314
-302
-305
-313
-333
-325
-321
-310
-299
-303
-301
-296
-296
-299
-312
-303
-301
-301
-297
-308
-322
-316
-304
-293
-281
-288
-296
-300
-297
-302
-308
-310
-295
-280
-273
-276
-280
-284
-288
-288
-296
-302
-286
-266
-245
-232
-242
-247
-259
-272
-279
-282
-296
-291
-292
-290
-284
-262
-263
-273
-293
-311
-328
-354
-370
-377
-388
-392
-383
-393
-396
-408
-414
-414
-410
-416
-405
-405
-409
-402
-409
-409
-428
-419
-424
-418
-399
-397
-393
-420
-436
-434
-427
-419
-439
-468
-447
-433
-414
-404
-416
-438
-440
-447
-451
-467
-466
-460
-452
-445
-436
-427
-443
-450
-457
-458
-455
-452
-461
-479
-493
-523
-536
-532
-536
-537
-535
-527
-516
-493
-482
-485
-490
-486
-483
-480
-487
-485
-471
-476
-475
-484
-491
-507
-494
-476
-461
-462
-481
-479
-484
-480
-474
-465
-488
-499
-506
-518
-512
-499
-485
-480
-485
-485
-507
-505
-498
-504
-486
-475
-452
-422
-418
-431
-418
-419
-415
-429
-432
-426
-456
-454
-437
-421
-408
-390
-389
-388
-390
-412
-406
-408
-406
-417
-425
-420
-434
-442
-430
-435
-455
-488
-487
-478
-469
-447
-439
-438
-441
-437
-412
-385
-362
-361
-379
-392
-416
-410
-416
-404
-369
-372
-371
-376
-372
-369
-361
-352
-351
-345
-360
-348
-351
-357
-363
-394
-400
-392
-369
-340
-328
-325
-320
-318
-300
-298
-298
-297
-308
-303
-302
-305
-316
-328
-339
-345
-355
-358
-351
-335
-326
-329
-311
-300
-282
-282
-283
-298
-323
-344
-348
-342
-331
-320
-303
-302
-308
-329
-336
-344
-367
-390
-417
-410
-425
-434
-429
-453
-470
-478
-490
-493
-479
-479
-489
-464
-454
-450
-454
-457
-463
-449
-450
-440
-432
-433
-429
-428
-420
-428
-431
-441
-437
-430
-442
-436
-424
-430
-424
-434
-437
-435
-439
-433
-415
-402
-394
-373
-359
-363
-388
-386
-383
-380
-373
-379
-389
-402
-393
-398
-409
-410
-404
-396
-408
-431
-434
-438
-456
-447
-444
-455
-446
-451
-444
-424
-453
-467
-488
-497
-498
-500
-491
-487
-487
-506
-494
-493
-503
-510
-527
-521
-528
-505
-510
-511
-507
-512
-510
-518
-508
-495
-477
-465
-447
-449
-448
-456
-463
-466
-474
-467
-461
-459
-443
-437
-445
-456
-484
-486
-480
-478
-467
-468
-468
-450
-431
-427
-420
-433
-434
-437
-456
-470
-467
-469
-472
-469
-489
-501
-516
-518
-521
-528
-525
-535
-540
-552
-551
-550
-554
-559
-549
-533
-542
-532
-522
-514
-520
-523
-517
-516
-510
-510
-514
-515
-526
-531
-519
-518
-504
-497
-515
-533
-539
-550
-552
-548
-535
-518
-510
-501
-491
-486
-478
-465
-463
-451
-447
-451
-448
-445
-425
-428
-430
-431
-441
-442
-430
-407
-396
-388
-373
-370
-360
-342
-337
-338
-330
-326
-308
-290
-283
-279
-288
-301
-278
-256
-270
-255
-261
-266
-271
-257
-253
-260
-260
-283
-294
-292
-291
-302
-293
-283
-284
-285
-278
-268
-277
-278
-272
-237
-193
-178
-186
-177
-161
-145
-142
-145
-121
-93
-87
-82
-95
-124
-129
-109
-92
-92
-112
-134
-141
-100
-50
-45
-77
-122
-167
-165
-115
-44
-11
-41
-84
-119
-104
-44
2
30
46
32
14
10
32
43
43
22
-18
-48
-55
-47
-21
-27
-69
-116
-141
-132
-94
-60
-55
-87
-124
-123
-120
-94
-75
-102
-115
-108
-94
-69
-54
-32
-26
-34
-54
-62
-60
-57
-35
-39
-47
-63
-66
-65
-61
-50
-62
-66
-80
-70
-37
-5
-1
-23
-50
-66
-61
-48
-12
-1
-11
-36
-45
-49
-41
-49
-90
-131
-145
-136
-121
-122
-144
-167
-158
-157
-160
-163
-168
-158
-151
-127
-129
-131
-149
-141
-113
-112
-112
-126
-128
-137
-134
-143
-160
-169
-183
-185
-191
-189
-180
-155
-128
-121
-119
-130
-129
-146
-159
-157
-169
-162
-156
-157
-129
-101
-104
-110
-110
-115
-136
-136
-115
-92
-79
-64
-54
-46
-22
-24
-12
-7
2
16
1
16
38
61
71
76
77
78
89
92
106
111
126
129
133
136
138
126
123
103
88
92
85
87
94
86
84
80
78
77
76
95
113
128
139
147
134
110
105
115
117
114
123
131
144
147
150
150
144
128
132
135
125
134
146
153
158
149
167
187
206
208
198
191
173
176
173
174
187
193
187
175
190
199
203
204
207
206
214
214
218
229
240
234
233
238
255
277
290
292
281
299
323
347
346
331
326
320
313
319
315
305
287
287
287
292
303
303
314
324
330
341
343
337
342
340
339
331
344
341
332
317
316
317
288
271
261
269
259
254
255
270
271
276
276
278
277
260
269
278
281
304
318
342
345
371
384
385
409
404
406
403
391
399
389
367
385
382
377
372
365
345
327
333
328
330
316
289
277
291
290
283
295
290
284
281
285
287
288
292
281
281
275
290
305
311
329
335
322
322
326
322
316
298
277
267
252
255
237
216
182
140
116
119
134
146
158
143
125
104
82
86
111
124
125
101
87
91
90
100
106
113
100
101
110
113
118
84
76
60
59
69
86
120
116
95
81
87
87
96
93
92
104
111
129
147
148
146
129
123
111
106
106
105
131
138
127
106
78
59
59
70
77
71
63
66
80
102
111
105
84
95
111
127
149
160
141
115
86
72
72
70
60
32
23
19
15
10
1
4
4
-6
-4
-3
-2
-6
-3
1
12
19
19
19
28
34
33
34
49
38
4
-9
-11
-19
-21
-30
-32
-7
13
14
28
20
6
-5
14
40
55
75
73
81
88
106
121
125
130
122
133
139
131
99
64
61
47
52
50
46
46
57
71
66
63
43
36
35
36
58
64
51
24
15
28
23
35
40
20
10
11
29
45
56
59
42
38
47
42
27
28
30
32
33
39
49
55
59
54
50
47
60
72
75
74
57
52
66
76
89
85
86
102
114
105
88
78
84
96
105
89
90
104
122
140
133
134
105
99
81
64
58
38
36
29
37
53
57
62
65
69
64
87
105
110
110
93
90
91
103
120
118
110
94
79
79
72
71
61
59
48
30
25
23
20
21
31
25
25
3
-8
-10
1
24
16
10
1
2
-6
6
26
31
37
22
3
-4
-27
-44
-26
-5
17
42
46
44
33
36
45
33
28
34
44
45
46
46
46
40
44
45
37
22
4
-2
10
8
3
5
-20
-19
-16
2
18
27
26
7
-11
-31
-22
-6
-8
1
-9
-34
-44
-62
-85
-106
-93
-60
-26
-28
-49
-64
-81
-93
-98
-84
-61
-25
-22
-32
-35
-41
-35
-6
35
27
4
-9
-20
-6
45
57
27
-27
-87
-98
-69
-10
26
2
-19
-37
-29
6
57
74
80
67
47
44
52
90
90
70
27
-13
-24
-11
15
14
-14
-35
-56
-52
-11
14
19
4
5
17
39
74
95
98
95
90
97
116
138
140
126
103
73
47
32
42
50
51
37
24
20
8
9
28
23
24
37
52
69
90
92
81
81
103
122
136
146
141
129
123
126
119
89
50
24
12
13
34
45
54
47
28
30
33
39
37
40
46
66
79
96
106
113
115
123
127
124
129
139
156
159
180
173
167
170
156
157
145
136
140
171
194
208
217
229
208
205
196
179
176
152
141
141
151
173
203
214
208
190
164
161
186
214
231
242
267
283
275
288
303
304
303
305
319
327
328
317
328
327
316
318
327
325
327
316
315
324
306
290
267
264
270
276
270
252
250
259
246
244
252
259
267
290
287
291
276
278
291
285
287
288
308
322
347
334
328
334
347
376
391
417
433
422
399
377
373
364
349
344
353
361
358
351
328
311
288
273
265
263
256
257
263
261
263
265
258
246
229
228
241
254
268
265
279
283
297
289
269
256
242
251
251
247
238
224
210
196
175
169
168
155
156
174
172
179
176
157
139
125
130
142
160
161
163
175
186
198
175
176
176
183
204
209
212
203
199
195
200
216
221
227
228
231
230
212
206
199
207
226
231
211
201
188
195
213
223
232
230
246
252
246
224
221
237
243
249
263
269
271
265
265
266
255
252
235
216
214
201
217
228
225
222
225
232
230
227
231
252
255
273
263
235
243
257
276
298
305
310
330
373
394
409
424
410
424
439
433
410
396
401
417
433
434
424
424
404
414
425
432
463
461
451
441
453
480
504
504
494
486
467
466
462
473
484
471
450
439
446
458
460
447
438
438
463
495
505
503
499
480
467
463
469
473
491
487
499
519
528
537
527
521
498
470
467
468
470
468
479
477
467
454
442
441
430
440
448
454
468
486
499
495
477
475
477
494
504
507
523
542
541
536
514
516
506
496
466
429
436
446
444
427
402
406
401
387
372
356
369
353
373
393
390
394
381
375
383
393
397
408
428
428
451
461
455
448
426
426
411
401
414
420
414
413
423
434
441
433
427
441
447
442
432
438
437
414
409
408
415
426
415
414
416
412
401
398
417
439
465
479
487
488
489
492
481
473
482
476
489
494
497
505
514
520
497
491
496
505
514
508
500
496
482
474
453
425
430
444
446
440
431
445
447
443
444
437
420
416
419
405
405
414
423
429
427
428
411
410
422
424
418
427
433
433
422
415
408
400
410
406
400
407
416
415
420
436
450
451
445
423
416
414
422
411
430
441
452
449
481
512
500
511
510
507
490
484
475
510
544
535
542
523
515
508
510
528
579
596
551
560
540
510
502
511
504
526
540
493
478
451
457
482
534
567
558
538
499
440
425
411
441
483
503
479
428
425
428
460
474
489
515
542
536
517
510
503
506
517
520
522
517
518
523
520
518
506
512
520
512
505
495
503
507
489
470
437
419
461
496
502
495
466
437
407
424
417
425
445
442
444
429
443
446
437
442
442
454
469
461
444
447
466
470
471
482
501
502
494
486
447
424
436
457
463
434
415
398
396
416
440
435
393
326
268
273
320
378
406
380
351
340
335
354
357
343
352
347
340
366
400
404
389
346
299
291
305
328
332
317
277
239
239
269
297
314
311
286
270
280
325
350
362
349
317
337
363
385
384
390
387
363
349
328
326
362
376
352
347
317
289
293
294
290
253
198
176
210
271
294
289
279
263
254
263
263
258
238
230
228
236
246
240
216
187
167
187
206
217
200
174
162
142
133
126
137
161
181
198
205
214
207
187
199
210
213
201
184
184
216
247
249
228
207
198
194
180
183
194
213
218
237
257
264
265
222
200
195
219
240
239
272
312
318
323
317
318
309
292
293
314
364
380
369
333
337
349
354
351
329
316
320
337
348
352
351
342
355
349
332
326
311
316
327
331
333
355
351
337
310
299
304
308
300
278
271
285
321
325
301
280
289
315
317
271
247
255
270
307
346
386
423
430
377
315
323
345
368
409
452
473
509
528
485
431
391
355
340
366
392
434
483
500
478
461
430
407
396
376
345
359
418
438
391
334
314
332
349
355
363
403
453
455
419
393
390
382
389
393
413
404
379
343
320
304
299
293
291
313
374
410
404
357
318
301
258
214
217
264
325
332
293
295
300
311
250
172
176
244
255
224
202
216
296
327
313
308
344
370
334
276
243
258
295
312
325
358
421
435
390
330
317
339
340
349
360
386
437
465
463
429
378
343
291
289
321
374
441
497
523
506
482
450
422
408
389
402
428
458
445
371
352
355
383
418
418
427
447
454
406
368
379
400
425
445
454
471
473
441
387
368
383
401
401
437
484
527
542
495
446
418
417
400
377
382
443
490
515
511
485
442
424
442
446
455
481
504
498
483
490
501
532
536
517
488
455
424
394
387
375
426
476
501
516
515
493
435
373
332
300
311
333
371
385
424
421
394
367
352
356
348
340
350
381
413
432
407
369
333
303
283
264
248
263
282
298
308
328
334
354
339
328
328
347
376
431
455
452
420
399
378
401
383
358
361
362
369
324
288
259
264
250
241
252
280
282
262
253
297
343
351
283
206
239
287
301
285
322
403
464
438
356
320
319
307
282
273
317
411
418
357
268
226
222
207
187
234
318
347
370
373
356
363
351
333
362
415
428
375
300
284
277
309
302
286
340
417
429
393
367
315
297
299
326
361
439
482
479
474
447
372
312
295
275
291
348
398
471
533
505
401
335
275
238
240
238
273
337
371
362
369
408
402
361
331
317
340
357
360
355
398
449
436
396
368
345
316
286
272
279
313
326
290
275
275
283
251
223
212
234
254
235
209
219
241
286
305
294
262
226
181
156
150
176
219
282
331
342
346
317
267
197
174
204
277
331
347
367
395
408
392
325
283
296
334
328
322
346
344
321
269
259
264
291
282
227
200
227
252
247
241
277
342
394
386
318
264
263
248
245
260
325
388
398
362
308
277
234
223
233
286
353
415
424
414
429
438
419
367
305
274
306
316
323
318
319
341
369
372
365
341
331
348
322
306
355
452
497
506
487
449
405
380
336
304
290
286
261
263
315
352
365
393
408
385
336
277
250
270
337
357
349
415
485
492
460
411
372
348
326
291
282
300
296
275
296
352
395
357
259
152
141
210
271
322
351
381
371
337
304
322
360
380
348
317
319
352
362
295
203
161
199
231
258
303
357
409
400
334
298
354
410
384
314
258
267
266
264
275
315
375
399
412
428
466
484
454
420
391
369
355
339
344
329
292
212
164
175
244
303
313
292
276
310
341
325
253
224
252
269
274
272
283
304
299
257
188
162
192
196
194
190
186
209
211
205
169
140
102
84
64
63
83
135
184
209
225
197
179
158
146
121
135
183
233
282
329
348
319
256
210
190
173
145
140
198
274
383
463
489
468
418
382
329
306
323
391
473
540
551
520
504
469
394
354
339
359
424
507
560
582
612
614
605
588
547
501
496
498
484
491
487
482
491
515
516
508
487
483
462
421
342
252
223
237
251
245
220
207
206
165
104
42
71
122
151
162
159
135
114
53
-22
-37
-25
-23
-23
2
18
50
55
47
84
173
241
256
252
249
229
201
158
131
173
221
231
239
280
332
364
387
405
427
476
494
496
501
520
531
500
471
481
512
577
629
635
595
611
630
662
692
744
805
851
868
835
843
857
849
800
756
730
770
793
774
760
770
775
762
705
630
603
629
658
635
588
559
525
483
428
374
333
328
332
324
344
370
357
321
295
294
290
290
266
238
235
248
260
249
236
224
191
191
165
146
156
200
216
215
214
262
297
338
353
363
437
528
577
569
571
569
587
566
543
581
705
800
864
906
912
903
864
805
733
737
781
814
851
881
878
871
887
900
938
1016
1081
1137
1204
1218
1194
1127
1031
917
824
786
757
757
778
807
837
847
843
861
887
917
936
924
887
807
745
644
561
486
442
426
423
448
450
444
413
374
320
290
292
308
306
290
275
261
232
174
107
85
136
196
230
205
194
203
221
228
248
293
346
363
327
320
356
422
481
523
578
669
743
753
711
693
745
833
867
861
890
934
954
913
881
854
883
928
954
970
1024
1074
1050
1017
987
1023
1097
1187
1257
1293
1345
1348
1328
1271
1209
1148
1113
1091
1055
1023
1008
1028
995
980
950
940
946
955
975
944
900
882
846
806
773
734
707
642
603
560
533
497
448
429
476
537
562
549
476
392
311
279
268
247
254
290
345
371
333
260
189
179
169
180
159
156
205
260
300
329
399
464
511
509
502
525
605
700
786
868
930
933
930
909
860
828
805
752
685
630
645
709
830
965
1075
1150
1155
1129
1079
1031
983
981
1039
1118
1180
1228
1215
1175
1092
999
908
886
893
907
921
936
971
1001
1045
1040
1030
1035
1029
1015
989
979
991
1022
1032
1000
927
853
756
651
581
551
543
553
586
615
644
643
587
500
407
309
233
170
111
113
137
212
282
293
249
187
168
130
79
29
7
44
122
175
253
330
394
412
415
435
484
582
679
777
877
937
963
922
865
810
754
673
581
520
503
536
614
745
895
1038
1106
1116
1052
975
889
844
868
945
1054
1128
1156
1131
1076
980
904
836
795
777
786
788
797
836
874
916
935
944
949
954
966
968
965
965
986
1001
966
913
840
763
663
567
526
539
562
546
489
443
386
335
265
192
130
114
146
205
249
242
170
93
12
-19
-20
-31
-69
-151
-192
-256
-280
-250
-179
-17
171
346
461
520
505
480
478
532
650
765
839
823
794
751
702
578
439
363
374
420
459
519
660
871
1067
1156
1129
1039
935
874
841
891
978
1048
1054
1028
1030
1071
1098
1046
973
907
891
905
903
916
940
939
928
903
896
931
995
1043
1027
1012
1033
1072
1115
1122
1063
951
845
764
708
669
637
594
545
507
494
489
445
383
305
262
242
200
202
192
201
163
127
115
113
107
69
25
-57
-146
-243
-305
-234
-85
128
282
419
506
548
586
605
657
716
870
964
1029
998
924
811
662
512
412
408
457
516
545
626
813
1023
1179
1256
1232
1163
1096
1013
930
917
970
1030
1073
1094
1113
1127
1127
1074
972
922
916
953
987
1005
980
946
907
880
891
925
979
1017
1080
1140
1187
1193
1177
1140
1097
1032
939
831
741
681
624
533
450
405
391
370
343
348
375
437
453
449
407
382
348
320
278
254
235
219
155
40
-60
-161
-222
-257
-239
-133
61
251
378
482
543
603
656
676
743
820
911
944
928
867
761
619
454
332
266
265
305
339
448
649
903
1107
1177
1163
1083
1026
970
930
894
872
856
847
843
837
840
796
720
636
608
633
663
674
664
671
697
723
750
739
721
718
760
820
906
959
990
1014
998
973
906
803
691
591
522
490
486
452
417
354
310
294
310
335
333
361
370
447
505
536
499
437
373
311
260
176
50
-97
-231
-283
-274
-202
-90
87
326
540
709
783
830
845
869
905
985
1094
1153
1135
1038
954
833
717
588
466
379
366
466
612
846
1083
1288
1391
1423
1365
1227
1110
1032
1001
1026
1088
1138
1163
1159
1169
1145
1110
1040
985
969
972
1022
1083
1137
1157
1170
1160
1156
1155
1149
1144
1157
1221
1287
1362
1399
1401
1335
1228
1105
967
847
756
707
663
664
649
618
606
618
633
638
669
680
715
743
764
768
783
799
756
684
541
372
230
108
21
-72
-6
119
338
547
738
911
1031
1188
1252
1318
1307
1331
1358
1399
1405
1332
1202
1049
901
790
732
783
887
1014
1157
1348
1561
1769
1922
1944
1914
1858
1756
1589
1391
1238
1182
1191
1253
1338
1436
1515
1570
1577
1573
1526
1469
1429
1399
1400
1469
1545
1576
1576
1544
1551
1567
1573
1575
1573
1589
1645
1691
1697
1664
1564
1428
1267
1112
1017
923
882
859
882
953
995
1053
1013
995
930
907
897
857
881
857
906
902
895
834
682
497
241
84
-16
48
255
496
794
1026
1230
1323
1415
1431
1427
1447
1521
1608
1633
1574
1443
1291
1149
996
855
750
750
882
1120
1450
1700
1867
1916
1914
1868
1810
1731
1621
1525
1422
1336
1255
1189
1151
1159
1233
1329
1417
1502
1547
1529
1521
1491
1458
1423
1366
1299
1274
1295
1333
1347
1320
1329
1392
1479
1558
1600
1600
1588
1526
1422
1265
1093
940
812
679
609
599
631
672
674
666
640
645
656
648
673
676
754
792
859
859
804
720
533
373
153
71
101
311
593
851
1080
1263
1381
1423
1358
1298
1249
1320
1420
1480
1489
1411
1269
1050
853
709
669
771
971
1265
1598
1898
2043
2006
1872
1734
1614
1498
1391
1285
1226
1178
1111
1026
997
1040
1125
1225
1295
1393
1496
1556
1544
1499
1467
1395
1300
1179
1054
999
983
960
954
991
1090
1189
1288
1356
1416
1448
1401
1264
1052
867
693
556
433
325
293
296
337
337
313
295
228
207
160
187
257
390
516
497
472
321
179
-4
-146
-203
-167
21
284
604
907
1129
1224
1219
1180
1202
1166
1175
1108
1025
890
762
561
295
148
131
249
455
820
1269
1733
2128
2284
2152
1908
1668
1426
1195
1035
948
935
931
794
508
286
231
348
570
869
1239
1608
1858
1906
1768
1631
1457
1247
996
802
734
751
777
720
682
722
822
951
1015
1053
1156
1277
1370
1359
1292
1092
831
507
211
37
-35
-22
-35
-53
-34
-31
-46
-66
-43
24
105
170
208
279
300
226
65
-155
-352
-431
-388
-219
87
401
672
835
880
868
869
901
940
946
934
904
795
604
294
-12
-165
-133
68
377
802
1243
1647
1911
1917
1746
1496
1314
1167
1043
967
932
890
739
496
193
-8
-49
64
368
762
1171
1478
1613
1578
1446
1259
1030
812
626
569
587
612
586
529
507
510
557
622
746
923
1093
1226
1289
1235
1077
816
473
126
-146
-319
-435
-467
-435
-327
-178
-86
-92
-164
-199
-160
-44
89
159
108
7
-176
-366
-514
-597
-579
-518
-344
-118
215
528
707
787
820
928
957
967
848
667
499
316
100
-182
-341
-368
-254
24
412
905
1366
1713
1789
1643
1470
1288
1114
950
901
907
928
827
536
159
-176
-313
-278
28
471
983
1368
1562
1571
1474
1321
1073
765
456
340
364
463
490
447
368
309
317
378
520
746
1019
1231
1399
1480
1465
1235
847
396
5
-211
-342
-419
-468
-467
-415
-356
-306
-261
-205
-107
-14
125
155
220
106
-39
-315
-549
-671
-685
-529
-399
-140
140
472
743
809
810
758
860
956
1050
1079
995
839
516
99
-340
-606
-648
-490
-143
387
1005
1590
1945
2005
1789
1525
1241
1020
880
886
1024
1094
1006
638
226
-171
-383
-360
-76
462
1042
1539
1732
1696
1508
1257
955
632
391
317
363
455
491
470
423
306
212
210
391
660
995
1256
1414
1485
1369
1138
764
373
51
-174
-284
-360
-361
-381
-378
-381
-397
-297
-178
27
205
346
454
367
260
-57
-313
-533
-590
-535
-397
-169
83
371
598
688
661
667
798
1018
1202
1336
1365
1271
1027
610
92
-336
-494
-427
-157
346
995
1586
1993
2125
2016
1826
1649
1499
1364
1403
1546
1676
1584
1269
822
373
94
5
212
661
1248
1765
2059
2140
2018
1782
1467
1151
936
894
984
1053
1058
1001
900
790
707
724
900
1197
1538
1817
1988
2010
1881
1633
1305
1004
769
625
489
355
224
93
-26
-135
-158
-100
92
359
625
815
923
914
805
584
321
55
-124
-163
-131
24
208
483
703
895
932
887
926
1074
1308
1485
1632
1714
1671
1420
954
386
-23
-169
-48
306
831
1356
1798
2146
2261
2146
1945
1781
1629
1559
1674
1808
1901
1754
1414
852
310
7
-35
306
891
1595
2124
2400
2345
2017
1653
1350
1193
1149
1283
1463
1533
1487
1277
1003
735
620
689
975
1397
1828
2139
2269
2190
1947
1580
1218
915
738
699
659
603
424
257
64
-64
-116
-50
210
552
916
1093
1151
1045
868
593
300
63
-59
-4
148
322
449
558
699
747
763
780
1025
1344
1634
1852
1942
1923
1713
1315
754
299
128
180
432
895
1448
1832
1962
1888
1689
1558
1606
1708
1813
1961
2176
2220
1934
1456
898
448
240
331
678
1204
1743
2075
2114
1946
1727
1504
1335
1249
1282
1441
1614
1629
1438
1146
855
650
590
720
1040
1425
1756
1930
1925
1784
1564
1290
1039
887
753
675
572
420
205
-57
-237
-384
-328
-218
45
298
536
737
783
747
592
418
288
110
33
-68
-9
58
175
378
542
600
508
566
761
1041
1312
1537
1675
1668
1461
1107
708
430
328
311
490
907
1338
1647
1795
1815
1651
1479
1444
1526
1694
1936
2131
2215
2084
1700
1115
551
314
400
795
1377
1947
2294
2301
2056
1686
1399
1323
1419
1621
1810
1893
1764
1442
1044
687
509
547
811
1190
1570
1826
1920
1880
1703
1476
1323
1296
1292
1208
1004
676
283
-100
-371
-488
-440
-288
-151
-21
135
287
369
432
380
387
330
375
323
266
103
5
-28
110
298
412
384
377
514
712
866
1054
1248
1364
1324
1097
777
529
440
406
422
612
937
1225
1407
1471
1399
1229
1157
1213
1366
1621
1854
1856
1659
1283
904
552
433
548
790
1083
1337
1488
1486
1443
1351
1330
1359
1427
1480
1481
1453
1306
1099
848
673
620
658
824
1014
1166
1197
1134
1108
1139
1286
1401
1438
1384
1164
857
446
100
-160
-327
-411
-444
-447
-454
-510
-508
-497
-325
-74
144
344
411
399
275
100
-74
-166
-155
-3
239
436
377
246
205
253
290
446
740
1054
1117
973
625
349
219
162
126
290
592
783
789
859
909
850
771
780
906
1066
1278
1310
1147
923
601
323
190
413
714
922
1123
1199
1215
1086
1025
1045
1172
1377
1467
1466
1312
1051
692
394
338
450
616
762
890
930
855
777
757
872
1053
1248
1358
1434
1373
1081
646
226
-72
-266
-306
-300
-284
-393
-536
-707
-726
-584
-325
-9
243
418
420
399
341
314
283
376
574
722
657
520
471
533
553
568
704
966
1073
900
549
312
287
379
487
638
861
972
862
689
654
813
1058
1296
1510
1699
1794
1685
1422
1115
899
815
888
1061
1250
1298
1244
1103
973
904
961
1185
1515
1782
1872
1803
1654
1443
1215
1053
1042
1146
1196
1172
1052
981
935
943
1017
1160
1348
1482
1573
1550
1493
1353
1216
1074
936
763
537
296
74
-133
-310
-377
-325
-199
-58
-20
45
28
133
206
375
496
631
786
881
1005
884
706
536
672
882
958
1025
1126
1268
1151
863
636
600
787
924
1041
1205
1371
1326
1138
1014
1002
1083
1238
1514
1725
1844
1838
1705
1576
1384
1228
1017
1042
1221
1352
1452
1449
1461
1311
1184
1204
1366
1638
1831
1939
1911
1859
1741
1599
1494
1377
1232
1105
1003
951
925
936
976
1093
1226
1282
1320
1368
1417
1417
1381
1341
1334
1254
1066
726
359
69
-141
-259
-335
-368
-350
-345
-337
-411
-371
-322
-159
22
235
512
823
1073
1024
847
806
883
939
958
1038
1255
1345
1209
833
599
578
661
660
726
899
1040
971
821
708
752
878
1028
1095
1164
1264
1338
1333
1286
1272
1220
1170
1153
1127
1100
1037
1062
1133
1173
1213
1233
1245
1199
1181
1210
1307
1435
1554
1583
1573
1517
1391
1182
1001
928
886
893
986
1103
1104
994
887
821
843
965
1050
1070
1053
1042
980
808
617
322
102
-85
-233
-402
-466
-412
-399
-412
-460
-447
-387
-200
-21
224
503
779
830
866
961
1079
1042
1003
1039
1107
1087
1012
846
747
734
729
670
660
769
766
724
744
925
1071
1118
1087
1033
1011
1031
1062
1177
1400
1570
1482
1260
1084
1045
976
974
1060
1189
1235
1218
1226
1221
1200
1107
1046
1072
1228
1403
1500
1522
1497
1445
1348
1253
1163
1029
859
797
831
897
926
915
921
863
814
732
735
826
936
958
826
748
614
520
326
125
-43
-180
-207
-219
-162
-165
-217
-286
-362
-226
32
360
510
549
663
939
1150
1223
1194
1288
1346
1332
1176
1089
1136
1252
1301
1221
1174
1126
1047
928
938
1069
1228
1325
1382
1331
1230
1107
1025
1005
1096
1277
1459
1593
1632
1530
1347
1225
1215
1237
1335
1489
1613
1606
1470
1325
1209
1197
1234
1292
1388
1508
1555
1529
1494
1437
1386
1282
1221
1188
1141
1084
1014
1019
1000
981
907
860
837
801
717
690
714
733
660
590
484
346
148
-53
-217
-290
-286
-250
-258
-300
-323
-258
-121
14
91
233
541
898
1088
1127
1223
1431
1515
1385
1189
1170
1282
1344
1292
1279
1273
1158
932
733
725
863
964
1009
1064
1058
948
779
677
669
717
782
924
1105
1221
1225
1152
1118
1153
1140
1094
1141
1252
1279
1202
1111
1092
1054
1056
1045
1056
1053
1036
1050
1130
1236
1256
1179
1155
1163
1091
929
850
847
835
762
643
557
495
441
347
236
168
125
141
175
141
36
-108
-174
-214
-292
-446
-589
-577
-489
-439
-481
-454
-344
-336
-331
-124
278
549
628
634
831
1018
1089
939
892
958
1035
1005
1025
1063
1013
779
538
474
508
583
639
665
652
575
456
360
296
341
368
427
536
651
698
709
780
845
824
823
919
1067
1093
1018
928
910
936
928
895
855
870
837
795
737
731
752
805
887
948
967
898
847
798
791
727
660
588
624
645
601
473
329
237
160
101
46
20
-35
-101
-168
-317
-421
-499
-488
-565
-656
-700
-591
-412
-373
-405
-337
-51
211
363
482
716
898
937
842
847
955
1098
1138
1156
1192
1151
969
754
721
761
782
725
725
716
695
629
549
475
412
385
381
433
476
481
450
491
598
667
731
794
867
854
779
739
768
832
870
861
855
841
815
782
801
776
727
687
747
834
870
887
843
794
725
679
614
550
511
469
419
341
221
126
42
12
-130
-311
-448
-470
-415
-483
-527
-632
-612
-726
-807
-896
-775
-628
-513
-497
-466
-320
-74
126
173
336
544
702
672
658
706
865
957
1033
1037
1030
925
781
638
604
642
618
589
579
551
476
366
262
152
115
164
196
231
222
222
227
259
295
317
367
480
592
633
654
690
695
690
687
724
747
742
721
683
648
622
601
577
556
567
568
561
542
534
539
443
360
238
222
169
107
40
2
-4
-32
-150
-306
-492
-565
-621
-634
-676
-740
-792
-864
-909
-970
-1010
-980
-862
-750
-728
-646
-431
-216
-69
-14
165
324
414
384
392
491
616
673
659
658
636
536
395
377
396
420
323
239
211
214
159
73
-25
-92
-114
-75
-91
-110
-107
-95
-95
-76
-46
-56
-39
11
83
113
187
265
332
281
268
223
260
287
326
316
254
243
206
205
181
156
112
125
203
297
294
225
140
81
14
-93
-196
-274
-278
-238
-292
-413
-589
-701
-806
-871
-960
-1025
-1069
-1046
-1092
-1125
-1200
-1164
-1099
-955
-927
-939
-830
-594
-358
-295
-199
-21
177
243
224
210
333
451
513
533
629
688
595
469
420
460
439
350
317
364
410
337
223
143
72
31
-20
-8
46
66
40
-23
8
5
-21
-47
-6
67
123
186
241
283
265
267
304
390
429
426
436
458
498
488
483
502
518
461
415
419
434
385
293
208
163
89
-13
-123
-207
-246
-307
-384
-522
-596
-643
-694
-794
-898
-994
-1063
-1091
-1101
-1156
-1200
-1180
-1036
-860
-780
-793
-801
-629
-389
-225
-151
-2
205
303
275
258
339
433
496
536
590
600
537
428
388
390
351
287
297
340
329
256
154
63
-32
-97
-149
-101
-44
-32
-93
-129
-151
-158
-201
-221
-163
-64
1
7
7
40
37
49
133
234
311
267
251
256
313
314
283
273
282
301
262
184
121
99
60
21
-4
14
-51
-158
-281
-359
-458
-582
-696
-746
-755
-829
-960
-1129
-1258
-1348
-1444
-1510
-1520
-1518
-1538
-1508
-1387
-1222
-1180
-1173
-1123
-898
-649
-496
-366
-202
-11
54
39
21
105
229
319
313
355
382
336
207
148
134
131
91
55
69
64
12
-35
-103
-155
-192
-211
-205
-190
-169
-226
-261
-250
-256
-321
-349
-278
-167
-157
-184
-202
-176
-118
-52
8
10
31
38
75
143
216
209
167
184
229
218
166
136
161
133
77
48
90
84
-19
-126
-206
-269
-380
-480
-557
-606
-684
-835
-989
-1092
-1196
-1326
-1467
-1507
-1535
-1536
-1572
-1505
-1377
-1213
-1143
-1112
-1058
-818
-506
-340
-261
-128
94
173
167
147
252
371
452
454
465
430
370
326
327
331
238
140
146
202
166
50
-65
-98
-99
-110
-150
-147
-138
-157
-214
-281
-319
-306
-261
-222
-198
-221
-261
-270
-212
-151
-115
-121
-82
-5
44
60
63
117
180
200
191
176
159
142
93
21
-8
-4
-7
-67
-99
-130
-216
-313
-364
-434
-542
-637
-670
-742
-837
-1035
-1224
-1349
-1420
-1487
-1572
-1613
-1645
-1652
-1701
-1629
-1582
-1473
-1380
-1293
-1191
-1022
-821
-712
-601
-439
-244
-162
-154
-108
30
167
216
134
75
139
223
227
137
67
30
-9
-17
-41
-54
-128
-186
-226
-247
-289
-350
-342
-288
-281
-373
-426
-400
-310
-291
-322
-374
-376
-330
-305
-287
-322
-367
-395
-365
-299
-249
-256
-240
-171
-104
-114
-148
-170
-111
-91
-111
-149
-100
-71
-114
-189
-259
-258
-318
-373
-465
-483
-575
-672
-776
-843
-975
-1147
-1292
-1379
-1433
-1539
-1691
-1781
-1779
-1804
-1833
-1883
-1823
-1770
-1628
-1520
-1388
-1306
-1159
-970
-789
-652
-544
-399
-311
-242
-188
-94
-51
-45
-20
81
197
232
144
71
59
77
40
6
24
28
-21
-87
-127
-175
-210
-244
-256
-247
-240
-272
-329
-360
-367
-395
-418
-387
-344
-332
-380
-385
-369
-329
-299
-254
-185
-112
-86
-94
-62
-18
14
-24
5
39
49
42
64
111
71
-5
-98
-83
-106
-149
-266
-346
-398
-501
-644
-775
-862
-957
-1068
-1197
-1250
-1314
-1389
-1488
-1528
-1628
-1643
-1649
-1539
-1448
-1380
-1336
-1286
-1135
-1021
-889
-769
-584
-456
-327
-230
-133
-88
-35
0
81
132
186
278
365
399
357
304
250
223
224
263
255
190
121
111
71
-9
-99
-121
-105
-103
-128
-111
-95
-119
-133
-180
-176
-164
-154
-137
-104
-61
-36
-70
-100
-64
14
68
46
44
73
112
113
99
72
64
81
112
142
116
52
-22
-63
-111
-176
-233
-298
-333
-425
-600
-733
-799
-822
-920
-1058
-1179
-1247
-1325
-1399
-1485
-1591
-1609
-1602
-1548
-1507
-1470
-1464
-1409
-1265
-1117
-1099
-1042
-918
-709
-574
-513
-467
-403
-367
-369
-314
-230
-135
-88
-18
47
64
24
-16
6
85
139
173
165
175
166
131
78
29
-24
-72
-85
-82
-67
-85
-142
-196
-250
-304
-353
-367
-330
-260
-235
-276
-307
-276
-227
-184
-181
-195
-173
-154
-116
-57
31
49
20
-7
8
73
90
60
5
10
18
-31
-132
-224
-293
-398
-518
-616
-649
-678
-803
-926
-1006
-1054
-1117
-1185
-1237
-1288
-1334
-1387
-1386
-1377
-1320
-1319
-1299
-1260
-1189
-1115
-1058
-950
-864
-739
-618
-524
-442
-347
-234
-163
-105
-45
36
135
234
328
382
394
400
436
486
496
476
448
431
413
369
275
183
131
106
95
76
85
99
98
44
-37
-55
-32
-3
5
6
17
6
7
-9
-22
-31
-65
-72
-19
40
103
121
137
129
118
133
164
201
200
184
196
210
166
76
-40
-116
-191
-262
-326
-356
-366
-420
-552
-700
-809
-849
-879
-928
-978
-968
-919
-919
-940
-972
-994
-1026
-1034
-1005
-924
-808
-681
-578
-570
-583
-565
-449
-328
-227
-151
-47
49
129
155
185
253
329
416
460
550
631
669
699
731
722
659
619
625
652
608
536
486
480
458
423
383
348
284
224
191
185
180
127
77
52
48
12
-48
-93
-96
-99
-103
-74
-14
19
56
100
137
144
148
146
205
260
237
181
131
130
92
25
-76
-167
-231
-255
-296
-353
-447
-526
-589
-616
-654
-720
-781
-795
-761
-762
-813
-872
-904
-938
-983
-1041
-1016
-988
-952
-936
-925
-932
-907
-850
-804
-777
-729
-622
-506
-369
-262
-200
-141
-66
-5
68
144
281
421
491
516
534
548
529
518
513
528
534
533
531
521
463
375
313
281
271
257
226
168
167
149
86
-17
-105
-153
-210
-246
-261
-283
-280
-262
-207
-153
-158
-188
-192
-181
-128
-42
7
38
45
49
-6
-80
-119
-163
-214
-230
-233
-258
-307
-394
-488
-606
-687
-726
-720
-732
-758
-787
-850
-887
-949
-978
-997
-1012
-1023
-1011
-1023
-1064
-1113
-1166
-1189
-1228
-1258
-1300
-1276
-1185
-1068
-971
-951
-946
-907
-836
-761
-618
-453
-280
-188
-138
-113
-63
24
118
152
177
187
211
299
372
428
387
324
241
223
217
217
224
197
150
79
32
15
-12
-91
-192
-277
-307
-305
-295
-296
-283
-259
-256
-267
-267
-250
-226
-208
-212
-209
-182
-152
-174
-196
-205
-240
-299
-349
-345
-320
-314
-322
-350
-375
-400
-451
-483
-485
-468
-456
-485
-523
-536
-545
-577
-621
-691
-766
-833
-860
-905
-998
-1099
-1190
-1248
-1271
-1265
-1301
-1349
-1374
-1332
-1296
-1252
-1191
-1091
-983
-910
-832
-755
-640
-526
-401
-296
-234
-175
-110
-67
-1
76
132
181
224
288
332
358
348
326
325
342
337
319
287
257
215
152
38
-46
-90
-140
-164
-209
-260
-332
-368
-407
-449
-507
-541
-535
-500
-464
-445
-446
-444
-396
-361
-328
-322
-294
-289
-276
-254
-214
-239
-274
-307
-347
-356
-348
-351
-376
-387
-428
-464
-525
-581
-644
-698
-748
-796
-850
-885
-932
-962
-1014
-1061
-1103
-1126
-1160
-1187
-1194
-1187
-1188
-1209
-1189
-1180
-1158
-1158
-1138
-1107
-1025
-942
-868
-800
-727
-643
-582
-510
-458
-386
-310
-224
-132
-49
9
78
145
193
224
243
277
321
386
422
430
425
382
324
281
237
191
152
129
133
129
90
51
10
-36
-114
-166
-193
-209
-224
-230
-252
-259
-276
-307
-319
-324
-307
-291
-283
-272
-268
-268
-257
-237
-201
-163
-135
-104
-66
-62
-62
-54
-59
-69
-99
-106
-129
-162
-211
-279
-327
-367
-392
-426
-484
-534
-591
-640
-692
-705
-718
-721
-745
-756
-735
-716
-709
-720
-710
-695
-667
-642
-625
-617
-572
-547
-493
-457
-372
-314
-253
-195
-110
6
109
198
252
336
418
490
529
571
618
669
699
725
717
726
728
718
695
651
598
532
487
435
354
270
210
177
155
125
104
93
71
34
-19
-30
-9
7
19
49
93
130
150
189
216
248
281
313
356
376
380
372
378
376
343
322
325
313
295
243
188
125
70
40
39
62
31
-21
-69
-86
-120
-181
-215
-212
-220
-268
-312
-317
-286
-266
-240
-237
-253
-294
-325
-322
-306
-293
-283
-283
-274
-249
-200
-156
-122
-91
-52
6
68
135
163
202
246
289
315
329
354
391
426
443
457
473
492
517
524
522
498
494
508
502
466
419
385
355
324
280
237
212
212
211
184
165
163
139
116
94
102
133
166
187
192
179
177
182
202
210
207
212
229
243
235
209
163
137
119
107
78
49
32
4
-16
-41
-73
-122
-155
-178
-190
-194
-199
-175
-146
-134
-146
-153
-182
-189
-213
-229
-239
-246
-248
-257
-272
-288
-309
-350
-377
-419
-453
-485
-506
-493
-458
-422
-396
-381
-368
-359
-368
-374
-364
-317
-260
-194
-141
-121
-73
-52
-56
-69
-80
-94
-99
-78
-51
-42
-37
-15
2
-7
-27
-51
-63
-58
-65
-63
-50
-16
8
12
2
-3
-1
-2
-8
-3
4
12
26
33
49
71
72
45
25
15
39
68
96
89
46
-1
-25
-45
-33
-31
-27
-39
-44
-40
-44
-39
-50
-32
-16
19
53
81
69
60
54
60
70
77
95
103
97
85
102
113
96
72
51
54
85
90
105
107
111
119
95
78
39
19
-3
-1
27
7
-45
-91
-98
-97
-83
-80
-90
-80
-84
-90
-62
-33
0
19
35
51
85
130
158
197
241
288
330
382
431
480
521
547
575
594
620
643
633
620
613
612
599
569
523
498
479
445
421
405
405
394
380
352
330
310
278
266
260
253
268
290
298
309
308
350
379
408
430
414
388
395
411
455
503
510
518
498
486
489
465
440
428
434
451
445
449
443
446
414
365
329
306
280
279
270
238
200
147
114
64
-9
-86
-149
-183
-185
-192
-232
-276
-352
-440
-487
-472
-400
-339
-341
-357
-381
-361
-293
-216
-148
-86
-81
-88
-49
-11
45
89
90
67
90
132
194
264
278
258
234
237
244
257
278
276
248
210
198
204
209
191
133
72
27
-3
-5
18
14
-1
-8
-1
32
57
79
89
83
92
104
139
183
222
247
239
220
202
211
253
298
318
308
275
270
279
284
279
256
229
201
161
124
103
94
53
-14
-70
-120
-175
-224
-288
-335
-395
-444
-461
-496
-516
-576
-631
-676
-709
-712
-754
-768
-764
-749
-749
-733
-706
-641
-592
-573
-562
-550
-534
-531
-503
-454
-393
-357
-318
-292
-251
-232
-236
-238
-226
-208
-187
-182
-205
-201
-190
-178
-196
-224
-231
-254
-279
-273
-249
-201
-172
-129
-85
-64
-53
-54
-47
-30
17
34
52
83
115
147
177
226
249
254
252
268
291
310
325
331
339
351
339
310
269
234
214
185
168
138
107
69
21
-23
-63
-103
-152
-196
-228
-246
-276
-305
-340
-372
-414
-443
-465
-510
-533
-538
-537
-548
-562
-587
-606
-616
-617
-622
-624
-603
-569
-554
-539
-527
-519
-519
-520
-526
-519
-506
-502
-506
-500
-475
-460
-447
-453
-435
-428
-431
-428
-448
-454
-452
-451
-429
-409
-394
-393
-372
-331
-300
-272
-259
-250
-246
-220
-181
-116
-68
-26
1
20
71
120
159
197
251
299
324
338
348
373
377
390
392
397
412
416
433
439
427
396
377
353
309
267
225
180
120
67
21
-14
-52
-118
-164
-223
-261
-296
-331
-352
-380
-384
-410
-442
-492
-513
-495
-491
-507
-532
-531
-510
-490
-498
-510
-522
-524
-520
-529
-520
-501
-513
-521
-531
-517
-514
-528
-536
-532
-523
-525
-540
-567
-575
-582
-613
-660
-676
-708
-711
-701
-689
-699
-747
-803
-831
-827
-838
-828
-815
-797
-765
-734
-703
-673
-639
-620
-577
-535
-494
-435
-363
-286
-244
-207
-171
-142
-106
-61
-26
12
49
69
76
80
92
112
130
131
119
83
35
12
-16
-59
-116
-150
-170
-190
-241
-294
-329
-376
-399
-410
-404
-406
-398
-408
-453
-511
-547
-567
-573
-553
-551
-549
-539
-557
-556
-570
-595
-598
-587
-585
-580
-569
-564
-559
-564
-570
-556
-542
-524
-530
-559
-560
-570
-580
-590
-584
-578
-567
-574
-600
-649
-678
-692
-716
-709
-711
-724
-750
-774
-801
-830
-871
-906
-946
-945
-949
-927
-924
-923
-894
-877
-846
-807
-748
-696
-647
-611
-556
-508
-457
-404
-363
-322
-283
-235
-200
-160
-133
-125
-131
-129
-100
-80
-81
-91
-70
-57
-49
-55
-45
-41
-48
-60
-74
-92
-106
-118
-136
-128
-122
-134
-168
-185
-199
-214
-231
-274
-304
-304
-301
-291
-299
-309
-302
-303
-316
-334
-360
-353
-356
-346
-337
-326
-346
-357
-366
-369
-343
-323
-316
-332
-328
-335
-337
-327
-336
-344
-358
-381
-405
-428
-434
-457
-486
-530
-551
-560
-580
-589
-584
-593
-587
-584
-597
-586
-580
-567
-553
-523
-530
-534
-527
-522
-500
-475
-477
-471
-473
-472
-482
-495
-483
-469
-440
-428
-431
-432
-449
-457
-448
-424
-397
-374
-342
-322
-303
-298
-291
-280
-288
-292
-268
-244
-242
-242
-246
-234
-216
-201
-205
-207
-196
-172
-160
-169
-208
-246
-259
-258
-273
-288
-322
-349
-358
-385
-404
-450
-497
-529
-543
-563
-570
-583
-604
-608
-605
-595
-593
-586
-579
-574
-583
-576
-576
-580
-571
-555
-531
-523
-537
-553
-553
-537
-506
-510
-519
-528
-521
-530
-537
-532
-516
-534
-565
-563
-549
-526
-541
-565
-588
-580
-586
-592
-592
-597
-621
-639
-639
-654
-670
-680
-688
-688
-661
-644
-634
-637
-647
-675
-682
-661
-631
-592
-566
-535
-545
-561
-575
-582
-582
-571
-546
-520
-487
-461
-451
-436
-425
-417
-388
-346
-297
-275
-265
-269
-284
-302
-291
-262
-252
-262
-283
-304
-296
-266
-240
-241
-283
-353
-405
-408
-374
-332
-309
-332
-389
-423
-410
-347
-298
-283
-329
-367
-382
-364
-325
-306
-312
-346
-367
-372
-359
-345
-329
-333
-341
-366
-378
-363
-322
-312
-324
-374
-402
-387
-389
-363
-359
-362
-369
-362
-357
-358
-363
-374
-389
-423
-450
-466
-474
-465
-451
-460
-464
-474
-476
-459
-453
-474
-491
-493
-502
-495
-481
-472
-464
-460
-456
-452
-422
-384
-368
-362
-387
-391
-395
-369
-351
-367
-385
-409
-406
-389
-363
-337
-333
-329
-324
-301
-271
-236
-219
-194
-159
-139
-118
-122
-122
-127
-119
-109
-108
-86
-79
-74
-70
-87
-122
-142
-152
-157
-156
-154
-159
-165
-171
-194
-209
-220
-235
-260
-267
-288
-289
-290
-309
-333
-335
-325
-310
-295
-304
-304
-316
-331
-350
-353
-360
-347
-321
-311
-294
-299
-306
-318
-348
-354
-362
-369
-366
-355
-371
-395
-416
-436
-444
-460
-455
-451
-446
-468
-480
-506
-519
-540
-554
-568
-578
-593
-608
-611
-612
-604
-603
-593
-601
-593
-571
-566
-572
-567
-560
-551
-541
-527
-500
-455
-438
-437
-435
-419
-369
-336
-297
-271
-266
-258
-264
-246
-247
-242
-223
-214
-205
-184
-173
-194
-207
-231
-251
-270
-278
-282
-281
-298
-325
-349
-352
-351
-346
-304
-297
-283
-270
-267
-267
-263
-254
-267
-271
-277
-262
-233
-194
-180
-190
-206
-224
-219
-235
-249
-267
-275
-290
-303
-299
-300
-307
-321
-341
-343
-358
-359
-336
-327
-330
-346
-366
-375
-381
-371
-385
-396
-411
-424
-441
-479
-508
-548
-551
-545
-535
-528
-523
-522
-516
-509
-505
-498
-497
-497
-497
-478
-457
-434
-408
-401
-377
-361
-342
-312
-278
-252
-236
-198
-186
-183
-190
-203
-203
-205
-194
-190
-169
-151
-134
-139
-161
-171
-174
-193
-208
-229
-254
-264
-259
-248
-240
-246
-259
-291
-325
-318
-316
-292
-294
-290
-276
-282
-294
-307
-310
-315
-304
-297
-284
-268
-268
-264
-286
-310
-326
-336
-343
-352
-359
-383
-440
-498
-524
-522
-517
-527
-553
-595
-636
-650
-646
-639
-646
-653
-680
-707
-734
-762
-784
-805
-825
-835
-832
-843
-857
-848
-847
-848
-850
-861
-853
-830
-826
-840
-856
-848
-817
-773
-737
-716
-701
-674
-668
-662
-654
-639
-620
-620
-635
-640
-625
-597
-577
-578
-578
-588
-597
-608
-612
-602
-567
-535
-504
-478
-470
-453
-437
-432
-428
-426
-413
-395
-361
-327
-317
-363
-406
-422
-430
-435
-435
-432
-449
-474
-485
-490
-497
-499
-506
-506
-501
-502
-518
-535
-538
-533
-513
-505
-492
-493
-505
-509
-520
-514
-522
-521
-512
-511
-516
-527
-539
-542
-552
-570
-584
-608
-618
-627
-632
-631
-662
-678
-690
-710
-724
-730
-727
-724
-730
-714
-709
-697
-690
-681
-674
-671
-651
-640
-610
-580
-569
-549
-527
-509
-495
-492
-486
-476
-482
-482
-463
-444
-425
-420
-423
-431
-435
-417
-422
-408
-388
-385
-376
-362
-350
-340
-326
-326
-333
-330
-311
-304
-286
-272
-288
-295
-293
-292
-288
-289
-290
-284
-274
-274
-264
-243
-239
-237
-223
-225
-232
-245
-247
-219
-213
-224
-224
-235
-242
-253
-251
-250
-260
-252
-251
-253
-247
-226
-216
-231
-234
-240
-237
-223
-211
-205
-197
-186
-198
-200
-202
-215
-196
-198
-190
-180
-184
-192
-199
-202
-216
-193
-181
-175
-181
-201
-207
-201
-194
-182
-175
-179
-183
-158
-147
-133
-123
-113
-109
-120
-112
-115
-99
-90
-97
-90
-97
-91
-99
-106
-107
-96
-76
-58
-40
-18
-10
18
48
73
81
71
86
103
138
150
158
160
163
176
179
192
195
230
242
260
260
245
235
244
269
280
312
311
296
296
315
350
333
318
304
283
280
293
303
286
297
292
275
260
259
255
258
261
256
237
219
236
228
217
220
230
247
225
208
205
184
169
153
140
140
156
162
161
139
104
81
90
92
84
48
15
5
41
93
80
32
-24
-84
-115
-71
3
33
36
2
-33
-52
-20
49
85
90
76
52
50
54
63
84
77
62
48
44
70
104
95
94
71
39
60
96
124
126
94
55
66
100
120
134
120
99
95
109
125
152
181
189
196
170
150
145
146
175
188
173
158
152
159
183
197
202
178
163
170
199
216
198
185
173
147
154
182
190
191
167
117
71
39
12
-23
-26
-44
-74
-68
-78
-81
-90
-116
-133
-147
-148
-151
-151
-131
-117
-107
-108
-124
-137
-124
-104
-94
-85
-90
-76
-55
-40
-38
-60
-75
-94
-103
-122
-118
-116
-106
-98
-102
-89
-67
-72
-86
-118
-127
-116
-125
-124
-127
-115
-96
-88
-88
-90
-99
-91
-95
-84
-61
-45
-11
19
33
39
39
47
67
73
90
98
82
87
86
89
88
94
112
134
148
155
151
159
166
160
139
110
87
87
100
93
70
47
31
32
55
54
33
-2
-32
-43
-53
-45
-50
-58
-54
-52
-61
-67
-79
-95
-91
-102
-105
-85
-56
-38
-14
-9
-23
-30
-53
-60
-68
-57
-41
-26
-6
15
24
27
5
-12
-30
-37
-22
-8
-10
-13
-15
-15
-6
-15
-16
-12
-20
-35
-27
-6
4
13
44
67
62
69
88
94
121
125
108
104
109
128
116
121
135
140
137
150
151
152
141
138
148
139
146
133
116
111
117
124
131
123
138
144
138
137
136
144
141
133
115
111
109
99
95
89
80
65
59
64
56
51
47
29
19
14
-3
-16
-28
-49
-67
-70
-57
-49
-54
-55
-55
-50
-44
-55
-67
-82
-71
-75
-98
-132
-157
-152
-138
-139
-148
-154
-166
-165
-191
-203
-188
-176
-165
-169
-164
-148
-137
-138
-124
-105
-69
-65
-80
-80
-79
-66
-45
-30
-26
1
48
79
90
86
69
76
98
114
122
100
99
109
129
134
126
126
111
108
109
126
127
121
134
150
160
199
222
228
209
185
172
152
146
149
141
138
135
146
157
147
130
108
99
87
83
84
88
68
49
35
8
8
30
59
65
57
69
71
68
86
81
47
35
49
40
36
43
39
34
10
-18
-47
-50
-36
-23
-15
-15
-26
-21
-14
-17
-13
-5
-5
-10
1
16
51
86
107
104
90
81
78
99
103
82
86
92
115
116
108
107
101
116
139
152
173
201
216
246
268
290
308
309
311
333
342
324
324
344
365
382
393
388
365
353
330
310
323
329
334
343
352
348
357
357
351
365
354
351
355
359
362
362
345
349
362
360
359
373
376
367
342
317
304
316
329
339
332
305
282
258
244
250
240
242
230
208
207
195
182
167
162
146
122
107
79
70
67
54
35
14
-2
-12
-27
-40
-64
-86
-88
-103
-106
-105
-109
-116
-130
-130
-139
-141
-149
-151
-141
-149
-153
-157
-156
-147
-136
-123
-124
-129
-132
-129
-120
-108
-97
-92
-74
-53
-29
-15
4
2
17
28
22
34
44
49
49
52
46
48
48
45
45
56
75
84
81
89
92
87
104
115
129
127
139
143
154
159
175
190
193
201
196
209
216
213
197
183
176
199
208
206
197
193
175
155
146
131
144
151
142
102
90
75
59
71
65
57
38
25
15
-14
-38
-33
-36
-55
-52
-70
-92
-101
-94
-90
-95
-102
-111
-114
-104
-84
-101
-88
-72
-64
-58
-65
-65
-68
-73
-82
-80
-74
-64
-71
-86
-92
-74
-56
-55
-57
-85
-109
-112
-114
-94
-75
-58
-53
-59
-49
-33
-44
-45
-29
15
63
79
72
74
88
109
128
138
156
167
170
172
155
137
140
186
214
211
200
166
154
198
247
248
206
153
132
116
140
198
238
246
211
170
166
206
244
262
263
232
222
239
270
299
305
285
256
237
228
244
252
250
220
190
176
184
205
241
237
195
180
182
205
239
249
219
208
212
214
239
246
250
230
196
168
152
147
164
193
189
159
136
139
142
166
151
150
134
129
162
202
229
224
216
190
178
196
225
254
259
251
232
214
201
190
169
131
118
92
96
115
116
123
102
99
88
105
134
148
168
175
171
162
141
137
153
174
164
150
145
149
173
170
165
168
165
152
126
111
109
103
109
108
109
129
135
142
123
85
44
39
34
42
53
59
54
55
42
25
13
13
3
8
24
19
32
55
67
67
57
66
76
60
60
42
36
30
29
29
4
-5
-10
-4
-10
-5
-15
-15
-13
-21
-45
-51
-55
-60
-61
-75
-91
-96
-68
-59
-41
-50
-52
-42
-37
-40
-54
-58
-56
-53
-47
-37
-41
-43
-49
-46
-61
-79
-69
-46
-9
4
5
-5
2
-6
-13
-8
-5
8
26
27
19
37
31
23
17
1
0
-9
-9
-2
-3
-13
-15
-30
-28
-20
-21
2
-3
-16
-48
-57
-57
-50
-38
-37
-45
-57
-54
-50
-43
-39
-52
-68
-57
-56
-51
-59
-88
-119
-128
-140
-152
-149
-145
-149
-173
-178
-181
-191
-191
-197
-188
-175
-182
-201
-193
-191
-179
-181
-184
-176
-179
-178
-180
-167
-160
-145
-135
-133
-147
-156
-144
-116
-120
-133
-143
-148
-129
-124
-119
-126
-125
-124
-124
-128
-128
-108
-95
-69
-57
-49
-48
-41
-44
-68
-53
-47
-59
-62
-71
-63
-45
-49
-51
-72
-83
-79
-72
-63
-62
-78
-82
-73
-49
-43
-36
-37
-62
-57
-56
-61
-78
-82
-88
-84
-85
-82
-77
-76
-68
-69
-85
-110
-132
-136
-144
-169
-194
-215
-229
-234
-230
-256
-263
-288
-317
-318
-320
-327
-329
-348
-349
-341
-334
-313
-300
-297
-297
-314
-329
-324
-311
-315
-306
-305
-313
-334
-359
-366
-372
-365
-355
-355
-371
-375
-362
-343
-364
-391
-405
-396
-368
-344
-323
-321
-315
-305
-297
-295
-294
-298
-317
-302
-278
-280
-279
-259
-258
-271
-287
-276
-246
-240
-224
-232
-249
-236
-204
-202
-193
-191
-195
-195
-186
-173
-173
-147
-143
-160
-183
-186
-178
-189
-186
-176
-202
-225
-234
-225
-216
-224
-238
-248
-249
-225
-219
-221
-210
-204
-194
-187
-181
-195
-189
-175
-157
-160
-167
-156
-170
-182
-184
-193
-217
-232
-241
-239
-237
-234
-236
-253
-262
-277
-287
-309
-320
-334
-341
-336
-330
-320
-310
-300
-284
-286
-272
-267
-287
-288
-287
-293
-285
-285
-290
-280
-279
-267
-281
-289
-298
-324
-337
-339
-345
-344
-342
-344
-353
-368
-382
-388
-373
-371
-362
-357
-349
-336
-337
-343
-346
-349
-343
-333
-332
-333
-335
-339
-354
-356
-338
-344
-339
-323
-315
-316
-311
-285
-273
-255
-239
-229
-229
-221
-208
-197
-183
-170
-134
-136
-148
-146
-159
-182
-189
-179
-169
-164
-152
-122
-115
-101
-104
-107
-111
-107
-101
-108
-102
-94
-101
-111
-127
-116
-109
-117
-124
-138
-145
-148
-149
-156
-164
-162
-158
-157
-140
-147
-154
-158
-142
-132
-124
-122
-122
-111
-103
-98
-93
-96
-106
-102
-118
-108
-90
-74
-77
-95
-105
-107
-105
-106
-106
-102
-100
-97
-84
-62
-50
-57
-54
-54
-53
-49
-41
-29
-39
-21
-8
-10
-14
-5
13
23
40
41
45
53
77
84
101
114
122
134
139
144
158
168
178
212
229
233
225
216
199
192
207
221
238
255
247
236
220
202
189
191
215
230
220
206
213
231
225
211
221
244
278
288
284
292
316
334
337
365
383
391
408
424
408
373
357
367
400
401
387
372
367
401
429
423
380
336
293
319
374
409
444
428
394
368
357
396
445
464
462
437
400
402
419
434
427
403
374
347
368
400
419
419
390
376
351
371
410
435
444
413
363
344
372
401
411
397
390
402
430
434
434
435
439
426
407
399
391
417
448
453
435
411
406
428
493
528
533
519
519
524
533
568
579
583
585
563
578
603
608
617
596
583
567
588
606
568
536
513
498
500
523
509
489
475
463
437
448
448
467
497
506
501
510
511
501
513
525
552
549
555
559
555
561
572
545
516
509
500
519
517
505
492
472
469
471
478
463
458
450
438
441
446
472
487
493
521
534
526
520
530
515
517
524
526
547
559
564
558
563
581
591
597
596
591
595
593
603
616
609
590
588
585
594
617
627
629
635
635
635
651
651
638
638
629
628
616
628
639
636
641
647
655
653
665
672
693
707
709
702
694
695
692
704
681
673
666
675
688
673
683
705
731
727
701
685
696
697
678
649
632
650
675
684
670
671
671
667
656
648
657
664
673
664
645
643
648
636
634
624
617
614
596
600
619
644
654
639
621
626
638
654
675
664
651
655
660
672
690
696
685
678
694
702
697
700
693
696
713
721
726
724
737
739
718
711
705
720
738
748
734
729
725
727
738
722
720
720
729
734
737
729
717
704
703
705
