117
129
147
142
131
117
113
117
130
141
143
148
149
138
131
132
131
144
137
135
111
98
97
86
88
96
99
95
93
95
89
83
68
42
46
37
33
34
21
13
19
10
4
4
4
19
26
42
35
41
41
33
40
56
66
74
72
76
87
90
109
113
120
124
113
101
111
126
139
143
158
181
183
175
163
162
165
163
171
169
154
142
143
134
136
145
133
120
125
130
135
142
138
143
148
147
156
177
190
198
200
206
218
229
237
234
243
255
243
238
237
229
244
257
258
262
243
230
242
246
240
246
263
275
288
285
271
258
253
243
224
217
197
181
184
173
174
184
182
175
156
142
136
152
170
177
161
161
165
156
165
175
180
191
196
192
182
175
179
175
167
170
192
211
216
218
200
169
154
151
144
143
148
140
117
100
85
65
40
27
37
46
48
53
43
25
6
5
11
11
1
1
3
3
-11
-15
-24
-21
-17
-22
-26
-26
-24
-10
-8
-24
-36
-46
-41
-24
-21
-32
-50
-66
-81
-93
-74
-61
-62
-73
-73
-54
-36
13
32
35
29
17
8
-1
17
22
28
31
35
36
31
24
21
24
34
39
40
24
0
7
-3
3
22
22
27
41
55
56
60
88
98
93
80
71
55
56
78
87
100
93
94
89
92
93
86
69
72
84
74
86
110
140
155
148
146
139
144
168
176
193
221
222
218
182
167
159
151
138
115
102
94
112
107
91
71
63
50
44
54
59
66
94
112
136
123
129
142
149
157
160
167
163
162
159
171
170
149
150
140
128
140
154
167
164
157
160
153
135
138
141
133
134
142
145
140
131
109
91
95
83
70
56
55
41
44
50
43
51
55
64
65
73
91
103
94
97
89
78
81
90
107
123
131
118
112
109
105
107
102
101
119
149
165
170
162
141
129
128
141
131
121
112
113
118
123
134
134
141
130
140
149
159
155
152
157
144
151
159
160
159
156
158
150
152
159
146
136
129
135
140
141
164
166
166
159
151
154
150
137
134
134
133
139
129
128
128
127
120
98
93
89
99
116
113
113
109
116
111
109
107
105
114
122
138
140
122
110
110
115
124
113
107
121
118
117
117
115
119
132
130
125
135
143
148
147
144
155
162
169
183
192
183
198
208
213
218
222
212
201
199
206
221
216
221
211
218
221
218
197
190
198
209
222
214
210
213
229
242
244
246
249
263
280
288
291
291
297
296
295
293
290
280
263
252
242
241
242
226
223
231
227
225
223
233
239
248
243
246
237
221
229
233
221
200
201
211
211
216
227
232
247
261
264
265
253
250
262
279
294
275
234
234
243
267
273
248
224
213
230
232
248
253
247
247
263
283
303
320
326
316
314
310
308
310
303
295
279
276
277
278
274
279
277
282
282
257
244
252
248
247
251
250
232
230
229
222
222
229
263
286
300
289
248
243
257
264
269
264
255
243
236
241
255
258
242
221
217
222
219
214
212
216
237
239
243
259
264
268
273
278
269
272
259
241
240
226
219
205
197
198
205
215
204
203
212
221
202
207
225
248
272
271
276
262
261
255
270
291
316
336
345
354
344
338
313
289
279
293
294
292
298
298
289
272
275
271
259
252
248
264
269
266
261
260
254
235
220
222
229
229
251
285
296
316
333
327
322
333
343
357
365
376
373
355
354
346
338
338
347
343
345
348
347
361
355
364
355
368
377
366
367
366
364
342
328
317
319
337
353
353
345
348
347
329
311
310
313
305
300
307
289
287
289
284
302
320
325
326
338
344
352
361
378
392
375
357
352
358
369
380
390
403
410
408
381
379
376
353
362
370
369
367
365
369
367
380
378
373
373
369
375
364
357
346
353
350
348
352
357
367
370
372
359
377
383
388
393
398
404
403
390
391
391
380
385
370
372
363
356
341
341
343
345
354
357
351
324
311
301
289
292
301
301
299
281
264
251
250
242
234
229
223
214
205
200
206
217
212
213
205
209
207
209
213
211
221
214
220
236
222
211
204
206
202
208
215
210
178
165
162
161
162
151
151
137
142
147
151
140
129
117
125
145
156
142
129
113
107
129
134
118
114
110
97
85
95
91
82
95
116
133
117
119
108
121
141
128
107
96
107
129
157
139
117
92
96
105
116
124
125
128
127
133
147
182
200
203
201
172
137
132
130
143
132
122
107
98
90
62
59
41
46
64
57
55
50
35
28
18
16
14
3
4
-13
4
20
35
43
44
33
18
2
5
8
20
36
37
38
29
22
9
10
0
-2
-2
-12
-5
26
26
13
8
2
2
3
19
35
54
68
71
60
31
9
5
-13
-19
-45
-66
-75
-87
-86
-104
-106
-118
-134
-135
-136
-139
-124
-109
-100
-84
-76
-82
-84
-83
-83
-64
-41
-32
-24
-19
-20
-35
-51
-70
-71
-58
-73
-102
-111
-104
-100
-106
-114
-127
-131
-127
-131
-111
-106
-99
-102
-108
-105
-121
-131
-120
-112
-114
-103
-95
-97
-96
-90
-92
-110
-110
-113
-93
-78
-78
-88
-88
-89
-98
-107
-108
-86
-75
-63
-56
-70
-75
-80
-78
-84
-87
-83
-81
-77
-69
-74
-92
-109
-121
-117
-124
-122
-117
-103
-101
-103
-104
-122
-128
-130
-130
-125
-110
-114
-106
-109
-120
-116
-104
-89
-93
-74
-74
-82
-84
-81
-90
-96
-84
-70
-58
-37
-26
-42
-32
-25
-26
-9
-6
-12
-24
-16
-17
-2
-3
-18
-20
-34
-38
-44
-34
-42
-48
-38
-35
-17
-24
-37
-49
-58
-37
-15
-2
14
4
-15
-24
-30
-14
-2
15
24
16
20
19
15
-1
-9
4
15
22
25
23
12
-6
-3
6
-1
14
17
22
24
10
9
18
29
41
44
34
38
41
40
39
24
14
5
13
15
11
7
7
5
11
10
14
31
40
44
23
15
22
32
47
55
48
45
63
72
72
69
52
45
56
51
48
53
44
24
27
16
9
15
17
12
14
27
28
48
45
35
27
38
73
70
44
35
51
71
94
93
93
105
125
142
153
153
135
147
179
206
200
188
158
176
220
246
248
239
229
207
219
241
264
275
275
276
282
290
310
325
334
318
310
322
320
316
312
308
299
298
293
306
334
357
369
365
359
353
345
364
390
395
398
394
393
393
396
401
421
436
457
454
461
462
459
484
499
487
473
467
462
479
490
504
499
487
489
496
514
534
540
537
524
530
552
548
531
533
536
534
546
544
539
526
507
506
503
492
488
479
469
459
454
462
458
458
443
436
444
450
469
480
498
507
503
486
488
482
493
495
477
479
472
474
467
448
439
430
436
443
454
461
461
467
455
446
425
411
403
403
408
412
424
426
431
424
414
400
387
381
376
384
392
415
426
427
434
422
429
431
414
416
427
445
442
441
445
444
448
439
431
410
386
369
359
360
361
362
378
400
394
392
391
382
374
366
365
368
370
364
368
380
378
374
352
333
335
339
351
362
357
346
328
319
312
325
338
341
347
323
325
336
349
365
347
326
306
299
299
298
310
318
325
328
331
325
325
308
307
306
301
297
278
259
257
248
245
248
238
223
198
182
166
163
158
144
153
165
170
178
187
193
198
203
206
205
194
182
183
198
192
183
179
170
184
191
194
195
200
192
185
177
168
176
171
178
184
187
183
180
175
162
159
172
171
161
163
155
147
156
158
159
161
174
167
157
160
162
150
149
144
143
152
150
155
159
170
169
176
177
172
150
160
169
167
178
182
167
160
167
160
153
147
139
122
113
101
91
83
88
83
86
84
70
74
70
54
56
60
63
45
32
36
42
40
24
27
22
23
39
33
30
30
28
45
58
36
22
7
0
22
37
44
21
-20
-27
-9
-2
7
19
2
-7
-9
-7
8
28
58
59
38
13
1
-2
23
14
-14
-52
-71
-58
-63
-97
-117
-114
-114
-105
-121
-143
-156
-163
-163
-163
-166
-174
-168
-177
-178
-174
-155
-157
-157
-142
-147
-146
-158
-158
-144
-130
-126
-133
-148
-165
-174
-185
-193
-184
-192
-197
-193
-185
-163
-153
-159
-162
-169
-185
-183
-171
-175
-163
-164
-167
-172
-188
-189
-197
-211
-228
-248
-254
-249
-241
-244
-254
-254
-252
-258
-266
-263
-245
-236
-237
-216
-203
-206
-198
-195
-187
-194
-194
-183
-181
-173
-192
-204
-223
-232
-233
-237
-233
-225
-224
-236
-240
-242
-250
-251
-259
-260
-263
-263
-254
-245
-251
-246
-253
-266
-279
-281
-282
-284
-283
-288
-282
-283
-279
-274
-271
-273
-279
-283
-290
-289
-283
-280
-280
-297
-306
-299
-298
-287
-279
-270
-268
-273
-290
-298
-302
-305
-294
-292
-282
-280
-266
-260
-280
-297
-317
-330
-331
-342
-341
-339
-340
-339
-343
-348
-350
-346
-348
-339
-324
-314
-315
-305
-288
-291
-292
-299
-300
-297
-300
-295
-299
-300
-292
-298
-293
-299
-281
-263
-253
-252
-258
-253
-254
-247
-258
-263
-271
-272
-272
-271
-279
-275
-270
-272
-283
-288
-282
-273
-267
-252
-260
-260
-255
-252
-241
-228
-212
-209
-190
-182
-192
-193
-193
-202
-205
-203
-211
-214
-219
-214
-217
-229
-233
-241
-252
-270
-282
-285
-271
-265
-272
-269
-271
-269
-267
-281
-282
-274
-263
-252
-255
-256
-249
-246
-254
-255
-259
-257
-262
-256
-262
-255
-256
-257
-255
-264
-261
-264
-266
-287
-294
-295
-291
-287
-284
-277
-262
-254
-254
-251
-252
-244
-234
-229
-239
-265
-289
-297
-295
-288
-285
-297
-304
-319
-316
-329
-329
-306
-317
-314
-314
-309
-316
-331
-331
-349
-369
-355
-339
-351
-355
-353
-355
-359
-356
-338
-346
-336
-329
-326
-327
-340
-342
-329
-319
-322
-346
-385
-385
-358
-317
-302
-312
-362
-380
-379
-364
-329
-315
-321
-335
-349
-349
-334
-304
-298
-313
-338
-332
-332
-339
-335
-352
-360
-368
-368
-377
-382
-378
-370
-363
-372
-387
-389
-389
-387
-380
-375
-361
-381
-390
-380
-386
-377
-371
-364
-369
-368
-374
-386
-381
-363
-357
-372
-391
-412
-420
-418
-417
-403
-405
-409
-410
-390
-381
-381
-374
-379
-383
-362
-344
-347
-354
-367
-380
-371
-357
-349
-352
-381
-392
-397
-399
-410
-427
-437
-440
-429
-424
-414
-416
-427
-431
-424
-440
-424
-417
-405
-382
-402
-413
-419
-406
-406
-394
-383
-391
-380
-359
-361
-372
-380
-404
-422
-415
-392
-370
-365
-367
-371
-380
-398
-405
-422
-431
-433
-443
-446
-441
-434
-439
-439
-440
-433
-436
-434
-427
-417
-392
-382
-367
-379
-406
-409
-402
-395
-402
-405
-396
-381
-366
-372
-377
-384
-394
-388
-394
-395
-399
-395
-382
-371
-361
-361
-370
-385
-386
-400
-397
-395
-398
-408
-415
-407
-402
-394
-389
-389
-384
-390
-384
-372
-361
-348
-356
-336
-335
-336
-342
-350
-342
-319
-304
-286
-281
-271
-258
-259
-229
-205
-215
-235
-240
-229
-205
-182
-170
-169
-157
-154
-158
-170
-174
-172
-174
-174
-167
-141
-144
-161
-168
-162
-165
-153
-151
-145
-142
-139
-123
-127
-128
-129
-122
-109
-99
-80
-81
-73
-52
-54
-45
-52
-52
-44
-45
-36
-54
-69
-68
-59
-44
-52
-49
-59
-67
-83
-72
-78
-81
-95
-107
-92
-91
-78
-75
-67
-62
-50
-58
-68
-63
-70
-76
-94
-101
-105
-107
-109
-117
-112
-115
-115
-106
-99
-94
-104
-112
-119
-125
-107
-111
-107
-93
-96
-85
-74
-60
-61
-57
-34
-17
-10
-6
-15
-26
-36
-51
-50
-46
-61
-66
-77
-72
-75
-83
-80
-99
-102
-114
-113
-109
-100
-110
-142
-149
-156
-156
-151
-155
-166
-172
-161
-143
-140
-137
-137
-138
-137
-135
-125
-127
-124
-120
-115
-108
-120
-126
-120
-104
-109
-136
-158
-171
-170
-164
-162
-172
-170
-161
-165
-152
-130
-106
-94
-99
-127
-151
-154
-161
-157
-141
-154
-168
-165
-174
-187
-193
-187
-193
-196
-192
-189
-190
-202
-198
-200
-206
-207
-206
-200
-185
-181
-165
-144
-122
-99
-94
-119
-138
-143
-137
-120
-123
-120
-123
-130
-136
-143
-143
-152
-151
-146
-137
-125
-123
-127
-119
-113
-106
-89
-73
-79
-81
-68
-60
-70
-75
-79
-84
-85
-79
-76
-105
-118
-137
-138
-135
-124
-116
-123
-122
-114
-111
-102
-113
-109
-79
-68
-55
-47
-43
-36
-17
-12
-4
-2
5
28
34
32
16
20
29
19
17
11
17
17
11
2
-14
-14
-10
-3
12
23
40
42
36
44
39
41
38
48
51
51
53
57
70
70
78
65
62
60
65
72
87
96
81
72
68
71
61
49
50
57
62
64
70
70
69
64
48
41
38
35
42
45
28
13
-10
-18
-32
-39
-34
-34
-27
-25
-14
-7
-4
-2
-19
-12
-4
2
12
1
-17
-31
-25
-31
-49
-47
-42
-19
-16
-25
-22
-32
-33
-33
-25
-21
-9
5
12
4
-5
1
9
4
11
10
2
3
-10
-7
-12
-25
-27
-29
-29
-35
-37
-32
-33
-27
-27
-26
-33
-31
-23
-8
12
22
25
22
21
21
22
23
21
26
33
21
7
7
15
19
13
10
29
37
45
43
45
55
51
47
46
45
43
40
39
47
39
42
50
53
53
43
32
35
38
55
72
69
54
44
42
29
14
4
13
30
39
26
22
20
28
16
18
36
43
35
30
37
44
37
42
41
42
72
66
52
30
16
1
-6
-6
-8
-7
-17
-35
-56
-52
-57
-60
-40
-38
-48
-48
-37
-32
-47
-55
-70
-73
-63
-57
-55
-56
-40
-35
-22
-22
-22
-32
-37
-25
-37
-30
-28
-10
11
14
5
-6
-32
-50
-50
-47
-41
-34
-58
-74
-47
-37
-8
0
-1
-23
-48
-30
-31
-11
-5
-36
-44
-69
-80
-60
-50
-54
-64
-84
-82
-65
-67
-61
-58
-55
-47
-49
-49
-58
-60
-54
-40
-21
-2
13
12
-6
-29
-44
-40
-33
-42
-41
-44
-46
-43
-57
-67
-78
-60
-61
-64
-52
-44
-35
-13
-5
7
9
-2
0
6
14
21
12
-19
-25
-25
-15
-25
-22
-36
-41
-43
-51
-55
-74
-80
-99
-105
-88
-80
-89
-89
-71
-57
-31
-31
-52
-69
-61
-59
-55
-54
-70
-80
-74
-81
-106
-121
-150
-157
-166
-169
-177
-169
-158
-160
-153
-163
-190
-209
-209
-211
-217
-210
-200
-206
-200
-197
-217
-236
-242
-255
-265
-271
-248
-237
-226
-211
-222
-231
-236
-243
-242
-232
-240
-240
-249
-262
-268
-274
-276
-273
-285
-282
-276
-276
-273
-290
-288
-290
-283
-281
-276
-268
-275
-280
-299
-302
-302
-301
-318
-341
-346
-346
-337
-334
-343
-346
-351
-353
-342
-342
-347
-351
-356
-358
-351
-347
-345
-342
-340
-333
-332
-325
-330
-312
-305
-313
-316
-326
-336
-335
-330
-336
-338
-337
-334
-354
-365
-372
-384
-385
-398
-405
-423
-444
-453
-450
-438
-430
-438
-467
-479
-480
-476
-465
-467
-471
-469
-462
-459
-476
-482
-480
-470
-463
-456
-462
-463
-469
-471
-476
-476
-467
-479
-488
-495
-497
-495
-487
-491
-513
-542
-544
-546
-542
-541
-553
-557
-566
-572
-568
-581
-595
-587
-590
-587
-593
-595
-585
-587
-592
-594
-599
-600
-612
-618
-616
-601
-598
-605
-612
-622
-617
-610
-613
-608
-593
-577
-566
-561
-551
-533
-536
-534
-533
-550
-543
-529
-514
-520
-527
-536
-535
-527
-530
-525
-527
-544
-541
-551
-548
-542
-557
-561
-551
-542
-544
-540
-545
-539
-539
-529
-520
-512
-511
-508
-505
-492
-493
-488
-476
-467
-462
-465
-464
-477
-458
-415
-404
-419
-425
-435
-419
-394
-401
-417
-436
-437
-422
-415
-420
-425
-413
-417
-407
-390
-375
-345
-343
-344
-377
-396
-389
-389
-383
-385
-397
-419
-416
-419
-421
-440
-458
-455
-451
-443
-449
-468
-475
-469
-459
-463
-465
-461
-463
-452
-447
-430
-435
-427
-429
-445
-449
-446
-461
-468
-459
-454
-445
-446
-451
-451
-455
-468
-474
-486
-482
-492
-485
-483
-493
-489
-471
-468
-468
-463
-468
-459
-457
-450
-449
-451
-448
-456
-471
-479
-485
-504
-522
-515
-507
-494
-498
-512
-521
-541
-545
-553
-554
-555
-538
-524
-517
-502
-497
-502
-509
-505
-504
-506
-487
-473
-466
-461
-468
-475
-493
-487
-497
-494
-485
-475
-475
-473
-489
-529
-544
-555
-543
-551
-540
-535
-530
-516
-529
-540
-556
-556
-537
-529
-551
-541
-513
-515
-498
-510
-540
-557
-547
-526
-527
-519
-516
-524
-536
-555
-577
-570
-548
-548
-542
-531
-524
-510
-519
-527
-530
-538
-547
-536
-527
-522
-528
-550
-557
-564
-573
-572
-587
-584
-588
-581
-559
-547
-536
-536
-547
-567
-568
-564
-557
-562
-560
-561
-569
-562
-567
-556
-538
-526
-511
-517
-530
-527
-520
-522
-515
-514
-524
-516
-522
-532
-527
-510
-494
-512
-523
-534
-540
-540
-533
-527
-520
-523
-536
-550
-548
-549
-572
-582
-576
-569
-567
-559
-557
-564
-568
-570
-571
-568
-561
-550
-523
-516
-511
-508
-522
-518
-517
-508
-503
-494
-503
-509
-507
-505
-506
-500
-484
-487
-485
-480
-480
-475
-497
-506
-504
-508
-515
-519
-504
-492
-488
-499
-510
-502
-496
-493
-497
-500
-493
-503
-508
-508
-506
-498
-498
-495
-493
-487
-466
-444
-430
-429
-418
-413
-409
-402
-376
-366
-386
-385
-382
-376
-380
-392
-398
-401
-410
-404
-401
-400
-394
-402
-428
-441
-437
-436
-419
-425
-448
-469
-488
-494
-468
-457
-452
-463
-466
-437
-423
-426
-437
-456
-459
-449
-438
-446
-457
-446
-437
-429
-434
-428
-422
-421
-422
-428
-433
-448
-428
-420
-438
-442
-478
-502
-489
-464
-418
-403
-429
-467
-483
-451
-419
-393
-366
-354
-374
-377
-358
-352
-362
-389
-411
-430
-424
-423
-420
-422
-436
-431
-437
-444
-444
-454
-450
-447
-435
-423
-423
-418
-435
-456
-448
-437
-423
-405
-400
-398
-407
-429
-442
-443
-453
-441
-415
-406
-410
-425
-442
-465
-490
-497
-487
-457
-451
-446
-431
-416
-423
-424
-434
-422
-396
-385
-366
-340
-331
-340
-336
-345
-362
-376
-388
-408
-421
-417
-405
-404
-409
-416
-428
-436
-438
-435
-437
-451
-446
-437
-423
-403
-394
-384
-383
-381
-357
-345
-336
-344
-343
-357
-372
-367
-394
-417
-415
-423
-415
-394
-387
-374
-363
-362
-375
-392
-403
-413
-426
-412
-394
-371
-362
-375
-398
-398
-380
-370
-361
-360
-356
-342
-329
-328
-323
-326
-320
-309
-303
-290
-303
-307
-303
-317
-313
-306
-297
-297
-316
-317
-322
-327
-330
-313
-327
-321
-324
-317
-321
-342
-328
-323
-313
-301
-307
-291
-289
-280
-264
-273
-257
-258
-249
-244
-262
-267
-267
-268
-271
-265
-255
-244
-242
-242
-252
-248
-232
-217
-198
-199
-194
-192
-187
-185
-191
-214
-227
-225
-222
-211
-226
-232
-239
-239
-230
-236
-232
-229
-239
-246
-254
-261
-251
-241
-247
-256
-260
-262
-263
-269
-268
-278
-262
-234
-236
-240
-245
-255
-242
-208
-189
-193
-198
-197
-192
-172
-166
-155
-154
-172
-166
-160
-142
-127
-129
-137
-153
-162
-180
-182
-184
-181
-188
-172
-147
-147
-145
-169
-173
-176
-166
-157
-154
-173
-175
-178
-189
-183
-183
-180
-188
-207
-216
-205
-194
-202
-225
-244
-243
-231
-214
-199
-202
-227
-226
-216
-219
-223
-210
-220
-240
-240
-246
-229
-231
-232
-248
-283
-283
-296
-302
-294
-301
-299
-308
-327
-335
-357
-365
-376
-380
-367
-349
-326
-341
-343
-362
-366
-357
-353
-344
-359
-380
-381
-393
-388
-385
-389
-385
-380
-377
-378
-389
-405
-398
-387
-383
-387
-391
-395
-392
-378
-369
-385
-396
-400
-409
-416
-405
-391
-397
-395
-381
-365
-358
-346
-346
-348
-357
-374
-382
-392
-388
-376
-377
-376
-385
-392
-404
-422
-436
-436
-423
-413
-431
-435
-432
-424
-409
-407
-415
-429
-450
-459
-440
-405
-364
-341
-325
-330
-329
-327
-325
-329
-337
-350
-359
-351
-343
-347
-372
-399
-410
-389
-370
-350
-337
-335
-337
-330
-324
-331
-349
-355
-351
-348
-331
-310
-313
-315
-309
-308
-317
-314
-326
-346
-332
-330
-336
-331
-348
-342
-341
-344
-328
-303
-284
-270
-258
-243
-237
-227
-198
-191
-169
-167
-166
-151
-134
-127
-117
-112
-110
-98
-101
-112
-122
-128
-121
-100
-105
-130
-161
-182
-183
-170
-174
-160
-151
-148
-112
-103
-129
-158
-180
-172
-146
-136
-143
-163
-143
-116
-105
-114
-129
-118
-107
-83
-58
-51
-52
-48
-41
-34
-32
-25
-30
-34
-26
-32
-28
-34
-27
-35
-51
-49
-58
-45
-16
-13
-17
-40
-47
-56
-56
-48
-51
-49
-40
-40
-35
-34
-35
-37
-39
-62
-82
-94
-101
-96
-98
-97
-104
-87
-66
-35
-22
-21
-38
-44
-59
-67
-56
-54
-42
-56
-62
-74
-70
-48
-44
-44
-59
-73
-85
-72
-68
-71
-74
-98
-101
-100
-105
-97
-86
-103
-110
-113
-98
-82
-88
-95
-95
-79
-76
-84
-88
-92
-93
-74
-87
-82
-79
-79
-74
-59
-48
-75
-66
-70
-78
-89
-120
-122
-122
-124
-141
-156
-150
-152
-163
-162
-150
-135
-127
-128
-133
-135
-133
-116
-129
-138
-139
-142
-141
-140
-125
-120
-113
-112
-105
-106
-107
-111
-132
-145
-142
-140
-118
-107
-105
-111
-121
-134
-134
-120
-114
-104
-126
-133
-123
-122
-123
-129
-152
-160
-165
-168
-179
-187
-221
-244
-252
-265
-242
-229
-223
-224
-242
-247
-245
-240
-206
-201
-206
-192
-172
-161
-173
-188
-190
-190
-179
-167
-166
-160
-164
-170
-175
-180
-169
-149
-140
-143
-164
-164
-158
-151
-171
-179
-176
-211
-233
-216
-171
-135
-129
-153
-177
-195
-180
-156
-139
-116
-87
-101
-113
-113
-115
-111
-111
-132
-157
-150
-120
-94
-93
-114
-133
-133
-119
-120
-124
-112
-107
-84
-61
-56
-67
-92
-95
-88
-64
-37
-30
-32
-37
-46
-77
-104
-104
-85
-72
-85
-107
-120
-121
-109
-113
-109
-109
-111
-111
-110
-120
-130
-118
-102
-78
-70
-84
-87
-79
-68
-53
-43
-57
-70
-74
-79
-75
-73
-83
-91
-99
-100
-91
-95
-91
-97
-101
-112
-130
-123
-132
-105
-73
-67
-75
-93
-98
-87
-84
-90
-85
-84
-68
-52
-34
-51
-80
-109
-127
-112
-103
-97
-94
-110
-111
-101
-80
-82
-112
-126
-142
-147
-143
-133
-129
-126
-120
-123
-134
-134
-129
-135
-145
-132
-105
-72
-49
-42
-42
-53
-66
-84
-66
-43
-48
-45
-64
-82
-91
-99
-100
-106
-97
-93
-83
-84
-109
-131
-136
-144
-134
-111
-101
-94
-111
-125
-124
-134
-153
-169
-156
-124
-118
-109
-103
-123
-138
-162
-177
-181
-174
-166
-168
-169
-168
-165
-166
-165
-166
-156
-150
-156
-155
-158
-140
-136
-142
-157
-163
-151
-145
-134
-126
-121
-117
-112
-129
-142
-162
-180
-185
-174
-175
-181
-195
-214
-211
-214
-209
-201
-209
-212
-216
-216
-233
-241
-216
-205
-211
-232
-236
-232
-224
-223
-224
-221
-223
-201
-192
-186
-194
-198
-209
-222
-218
-222
-207
-197
-209
-224
-220
-224
-217
-215
-210
-196
-178
-161
-151
-141
-155
-183
-206
-189
-169
-171
-175
-190
-178
-200
-206
-206
-203
-188
-188
-189
-190
-166
-156
-159
-174
-177
-177
-154
-152
-152
-154
-161
-145
-136
-125
-113
-99
-95
-103
-100
-104
-105
-99
-112
-138
-174
-185
-177
-184
-193
-210
-234
-249
-244
-236
-222
-241
-271
-276
-247
-213
-199
-233
-255
-254
-245
-229
-226
-214
-208
-217
-228
-235
-238
-233
-235
-222
-222
-222
-217
-216
-213
-220
-216
-210
-225
-244
-244
-232
-231
-245
-256
-247
-244
-241
-235
-227
-237
-254
-242
-230
-215
-199
-177
-167
-178
-202
-223
-214
-202
-184
-187
-182
-179
-189
-203
-220
-235
-244
-228
-206
-198
-231
-257
-282
-281
-275
-261
-263
-257
-255
-256
-240
-219
-203
-214
-226
-244
-246
-239
-227
-238
-233
-230
-231
-238
-237
-233
-247
-247
-260
-267
-259
-245
-220
-216
-211
-196
-202
-199
-192
-182
-171
-151
-144
-151
-162
-180
-198
-218
-232
-221
-242
-243
-220
-230
-233
-244
-251
-257
-257
-254
-255
-250
-241
-226
-211
-202
-203
-206
-204
-214
-210
-195
-198
-192
-179
-177
-164
-174
-184
-176
-184
-193
-210
-204
-187
-187
-207
-226
-228
-235
-228
-229
-241
-255
-245
-232
-243
-262
-272
-300
-302
-296
-285
-267
-266
-262
-265
-256
-269
-271
-268
-248
-215
-198
-204
-228
-237
-227
-217
-210
-207
-219
-231
-223
-207
-198
-200
-204
-212
-207
-209
-205
-185
-172
-172
-188
-204
-216
-218
-213
-203
-218
-223
-228
-211
-190
-180
-161
-165
-169
-166
-145
-125
-110
-93
-82
-73
-75
-83
-87
-99
-87
-59
-42
-36
-40
-56
-63
-55
-51
-56
-62
-62
-52
-34
-20
-8
-14
-29
-26
-20
-10
-14
-20
-28
-35
-25
-10
1
-15
-32
-51
-69
-56
-39
-32
-36
-34
-35
-34
-20
-11
-4
2
4
15
31
37
58
47
28
22
25
33
42
56
50
39
39
32
8
2
3
20
32
38
40
30
27
20
4
-5
-10
11
37
30
38
32
15
15
-6
-9
-1
-13
-21
-37
-41
-45
-40
-36
-39
-61
-86
-74
-65
-70
-72
-76
-62
-53
-48
-53
-63
-64
-62
-60
-61
-58
-55
-82
-98
-102
-115
-113
-103
-105
-148
-146
-145
-152
-148
-145
-157
-162
-144
-129
-134
-132
-122
-108
-95
-100
-124
-136
-118
-100
-96
-90
-84
-78
-64
-40
-13
-17
-12
-31
-48
-50
-54
-71
-90
-96
-95
-78
-79
-80
-124
-155
-165
-150
-108
-85
-91
-140
-165
-178
-160
-140
-109
-101
-125
-150
-160
-150
-120
-131
-170
-208
-229
-208
-169
-163
-172
-179
-218
-232
-217
-191
-181
-186
-190
-182
-152
-121
-116
-118
-140
-168
-152
-121
-78
-59
-76
-100
-124
-126
-115
-109
-118
-128
-147
-156
-143
-113
-101
-118
-136
-154
-165
-153
-111
-64
-49
-51
-58
-69
-54
-34
-16
-2
-10
-11
3
19
25
1
-33
-83
-113
-97
-66
-68
-82
-115
-148
-173
-196
-202
-229
-253
-247
-224
-208
-208
-235
-257
-272
-275
-256
-257
-251
-240
-245
-263
-284
-292
-290
-307
-320
-319
-314
-297
-268
-253
-253
-261
-266
-264
-250
-254
-256
-253
-268
-277
-255
-234
-241
-252
-271
-284
-287
-259
-235
-223
-212
-212
-207
-198
-180
-160
-151
-154
-172
-155
-136
-103
-105
-112
-124
-137
-115
-91
-56
-44
-57
-73
-65
-60
-46
-28
-25
-13
-4
14
7
-6
-17
-41
-62
-69
-74
-82
-73
-79
-107
-133
-148
-174
-190
-195
-202
-221
-224
-226
-241
-250
-246
-250
-235
-214
-223
-243
-269
-264
-264
-263
-265
-284
-319
-349
-353
-349
-342
-329
-332
-338
-341
-349
-360
-374
-395
-384
-378
-373
-369
-357
-346
-342
-343
-345
-340
-348
-354
-355
-339
-321
-311
-291
-287
-296
-298
-287
-253
-235
-206
-189
-188
-179
-165
-144
-127
-148
-172
-179
-170
-139
-134
-117
-124
-141
-138
-116
-102
-87
-64
-59
-53
-38
-19
-17
-15
-21
-20
-4
-8
-10
-13
-39
-61
-86
-98
-110
-118
-126
-145
-159
-182
-201
-220
-245
-256
-262
-262
-268
-272
-277
-287
-323
-334
-347
-343
-330
-334
-344
-362
-393
-423
-431
-444
-447
-461
-491
-509
-517
-510
-515
-529
-526
-530
-540
-540
-524
-515
-489
-490
-498
-494
-472
-436
-411
-396
-395
-405
-382
-344
-306
-270
-247
-234
-239
-255
-255
-241
-209
-192
-188
-174
-164
-171
-187
-186
-192
-174
-151
-142
-141
-143
-126
-90
-57
-46
-41
-33
7
52
99
128
165
199
195
202
220
224
225
233
230
250
261
258
245
196
157
127
119
125
129
100
55
5
-26
-37
-54
-64
-100
-130
-155
-171
-179
-169
-167
-192
-217
-256
-286
-319
-356
-370
-371
-349
-354
-384
-431
-505
-544
-542
-523
-507
-511
-538
-563
-583
-558
-517
-496
-504
-513
-512
-472
-390
-338
-314
-308
-332
-334
-294
-239
-171
-153
-146
-119
-84
-33
-3
-1
-41
-80
-92
-64
-22
15
18
-28
-77
-127
-136
-106
-88
-94
-98
-105
-89
-43
-16
-27
-39
-45
-9
62
118
176
202
228
248
260
273
301
320
314
296
293
295
308
317
292
235
181
148
134
148
136
106
57
20
-2
-38
-83
-120
-149
-149
-143
-148
-155
-193
-229
-266
-294
-302
-311
-323
-335
-358
-377
-415
-463
-495
-542
-577
-630
-672
-699
-714
-716
-708
-714
-761
-825
-892
-910
-880
-799
-738
-706
-728
-769
-783
-740
-641
-552
-487
-456
-435
-399
-331
-241
-173
-137
-139
-158
-140
-87
-67
-80
-120
-159
-175
-162
-139
-128
-170
-215
-257
-247
-212
-181
-146
-149
-161
-176
-156
-125
-72
-29
1
24
45
77
124
176
213
236
252
266
271
286
295
292
274
241
211
190
175
147
116
77
33
-2
-26
-42
-60
-87
-138
-176
-192
-201
-204
-206
-249
-286
-327
-342
-341
-352
-357
-373
-397
-416
-429
-449
-464
-515
-566
-602
-628
-633
-667
-715
-773
-841
-877
-893
-896
-909
-935
-945
-964
-959
-920
-865
-824
-799
-776
-740
-685
-603
-514
-442
-392
-366
-331
-284
-204
-106
-41
-15
-16
-38
-51
-47
-42
-48
-67
-86
-121
-150
-183
-244
-300
-344
-354
-359
-329
-288
-259
-245
-229
-215
-191
-110
-20
26
55
99
143
183
234
269
283
298
313
326
334
328
310
298
255
199
140
78
41
35
18
-43
-122
-199
-237
-254
-266
-274
-288
-304
-307
-312
-311
-305
-310
-311
-333
-361
-369
-384
-420
-447
-474
-519
-572
-615
-674
-714
-746
-786
-810
-824
-853
-911
-955
-997
-1043
-1067
-1077
-1048
-1028
-1009
-992
-981
-972
-947
-900
-833
-778
-743
-702
-659
-589
-522
-462
-408
-372
-315
-248
-175
-117
-98
-102
-124
-139
-136
-126
-102
-99
-116
-138
-168
-195
-197
-202
-194
-190
-203
-201
-168
-130
-103
-97
-94
-83
-42
37
97
145
177
197
224
253
263
263
267
271
288
295
283
247
201
167
126
79
48
13
-37
-52
-71
-116
-157
-219
-268
-295
-305
-313
-319
-327
-350
-375
-403
-422
-447
-475
-498
-540
-592
-614
-624
-625
-654
-708
-769
-828
-843
-850
-857
-889
-956
-1027
-1071
-1090
-1109
-1108
-1112
-1117
-1128
-1129
-1109
-1090
-1059
-1029
-990
-933
-853
-774
-714
-655
-616
-547
-476
-382
-288
-197
-131
-84
-19
7
26
10
-13
-23
-12
7
-10
-18
-30
-67
-106
-165
-193
-183
-173
-160
-125
-98
-73
-54
-28
8
42
74
108
145
206
276
330
352
364
369
361
369
392
388
374
351
319
306
268
216
130
69
3
-56
-73
-105
-121
-168
-231
-291
-327
-344
-353
-364
-394
-408
-428
-429
-450
-476
-490
-510
-535
-575
-601
-615
-638
-659
-702
-740
-780
-800
-809
-827
-848
-891
-937
-984
-982
-996
-1013
-1032
-1034
-1033
-1019
-989
-927
-884
-872
-827
-771
-686
-615
-532
-440
-380
-326
-237
-121
-29
43
65
72
100
136
171
180
181
161
132
95
74
60
31
-24
-69
-103
-118
-118
-117
-71
-43
-24
-8
18
79
147
207
229
253
311
350
410
458
466
476
475
482
496
487
468
427
377
346
309
262
196
127
56
-10
-49
-83
-121
-163
-223
-267
-292
-299
-312
-336
-356
-380
-418
-460
-498
-519
-506
-507
-524
-557
-603
-640
-659
-675
-708
-742
-764
-778
-810
-850
-898
-958
-1017
-1054
-1087
-1119
-1130
-1123
-1092
-1078
-1079
-1063
-998
-919
-845
-785
-732
-678
-645
-553
-428
-311
-224
-171
-85
0
78
127
167
188
169
168
194
216
211
141
70
31
-11
-63
-108
-140
-174
-179
-184
-163
-170
-177
-175
-155
-123
-63
15
94
177
220
247
262
290
327
363
403
408
397
396
404
400
376
340
271
218
174
139
96
58
-12
-77
-122
-157
-183
-237
-270
-331
-383
-421
-434
-446
-479
-488
-514
-541
-568
-595
-623
-637
-666
-662
-664
-687
-721
-763
-799
-810
-822
-857
-885
-927
-987
-1047
-1103
-1108
-1088
-1067
-1058
-1060
-1046
-1007
-935
-870
-818
-790
-730
-626
-517
-424
-322
-216
-125
-21
94
194
250
300
330
323
311
308
321
344
337
306
220
127
56
32
18
-26
-80
-127
-150
-146
-110
-66
-65
-74
-57
-7
104
214
289
321
321
331
376
427
457
478
491
482
473
456
427
389
347
301
245
198
176
143
83
26
-59
-124
-156
-165
-198
-249
-282
-324
-353
-367
-389
-424
-444
-458
-453
-455
-477
-503
-563
-593
-608
-618
-638
-655
-692
-731
-773
-810
-855
-903
-960
-1015
-1049
-1026
-979
-954
-958
-968
-964
-907
-820
-748
-669
-623
-554
-491
-392
-248
-117
-40
18
108
225
328
428
510
535
501
441
433
457
478
452
405
330
251
198
161
123
79
34
-1
1
40
91
118
122
120
144
209
302
397
458
497
504
514
561
613
647
644
621
594
590
587
580
557
472
394
317
262
222
173
133
50
-24
-86
-120
-141
-157
-168
-196
-223
-226
-216
-230
-247
-288
-332
-366
-380
-397
-394
-405
-453
-519
-585
-645
-685
-723
-784
-859
-927
-978
-1022
-1045
-1044
-1040
-1089
-1111
-1062
-991
-871
-765
-708
-702
-702
-652
-542
-385
-219
-107
-31
35
121
243
357
449
485
507
525
520
507
504
496
428
343
285
248
196
144
91
50
31
29
36
46
69
100
151
205
268
326
381
438
521
624
720
765
778
803
794
765
773
790
775
694
635
652
638
534
419
348
272
144
69
35
-33
-143
-239
-241
-230
-272
-307
-258
-186
-179
-206
-219
-198
-205
-241
-254
-238
-245
-329
-415
-493
-554
-652
-767
-855
-920
-1026
-1165
-1287
-1322
-1287
-1177
-1000
-798
-645
-498
-293
-3
239
282
173
95
151
270
370
430
434
311
183
187
266
244
137
65
102
160
140
68
5
-42
-108
-161
-91
100
270
371
442
518
601
677
792
957
1095
1124
1064
1035
1088
1102
1010
879
805
786
786
838
867
825
738
678
687
746
756
701
634
634
665
664
628
555
498
443
390
338
292
242
218
166
63
36
-1
-67
-93
-59
-59
-173
-241
-179
-127
-184
-278
-339
-447
-616
-731
-767
-751
-787
-827
-889
-1010
-1134
-1232
-1252
-1117
-855
-596
-447
-250
123
531
718
617
455
281
111
50
154
287
241
4
-175
-115
5
-40
-132
-64
142
306
322
272
195
91
-49
-121
-43
184
417
589
706
742
699
652
710
852
983
1013
958
925
914
863
763
647
574
553
601
719
853
943
947
928
925
929
923
841
737
705
763
801
777
699
625
521
393
264
172
157
175
227
272
245
170
56
-17
-29
-2
49
53
32
2
-57
-151
-267
-374
-469
-623
-736
-809
-824
-903
-1050
-1224
-1400
-1405
-1202
-771
-374
-135
-5
201
520
790
792
519
175
-31
-123
-122
-9
63
-14
-204
-265
-192
-138
-119
44
340
511
477
358
260
159
17
-122
-173
-63
172
403
544
581
579
558
616
764
921
964
896
809
731
681
612
549
500
500
557
672
795
894
963
960
941
884
835
740
673
628
641
653
607
512
429
378
325
275
231
228
249
293
317
255
107
2
-67
-38
-16
19
10
-34
-172
-324
-504
-643
-761
-812
-868
-927
-1083
-1308
-1487
-1527
-1407
-1304
-1124
-888
-651
-448
-201
256
834
1115
950
426
-16
-293
-433
-411
-257
-167
-375
-620
-568
-361
-312
-446
-366
23
380
501
398
250
-11
-379
-628
-519
-103
258
408
364
287
282
400
662
937
1039
899
723
726
815
765
594
408
350
395
554
793
1076
1212
1200
1105
1074
1119
1110
1007
797
647
600
586
534
420
331
221
131
103
171
341
413
401
335
259
181
84
54
76
107
58
-75
-201
-304
-408
-535
-649
-683
-782
-937
-1171
-1308
-1420
-1498
-1504
-1453
-1294
-1097
-787
-452
-113
187
533
918
1047
724
129
-295
-479
-546
-518
-372
-286
-479
-699
-659
-462
-417
-458
-257
203
505
482
364
276
49
-405
-733
-662
-283
65
221
262
252
255
323
542
810
962
907
791
751
716
557
351
314
423
543
668
875
1198
1397
1372
1215
1143
1150
1088
949
823
783
742
641
508
463
432
399
373
469
606
700
698
633
599
472
355
196
161
205
207
180
47
-43
-173
-299
-383
-442
-507
-679
-869
-995
-1087
-1179
-1278
-1382
-1364
-1219
-888
-453
-34
403
792
1221
1381
1147
525
-98
-455
-578
-467
-311
-223
-344
-514
-490
-311
-217
-256
-147
247
637
857
884
827
553
-13
-552
-677
-355
59
342
479
515
478
442
554
799
979
998
934
893
877
795
649
547
532
585
688
960
1348
1715
1871
1781
1591
1436
1281
1127
999
928
924
873
834
773
722
603
472
477
627
804
927
956
965
849
644
411
268
288
345
481
511
479
313
15
-245
-417
-424
-474
-578
-752
-963
-1171
-1377
-1551
-1448
-1138
-666
-324
-51
263
674
1244
1568
1469
774
-74
-696
-945
-814
-526
-305
-450
-769
-756
-389
-67
-102
-167
72
426
698
878
1050
864
129
-723
-1064
-757
-295
18
209
362
379
322
404
667
871
767
523
469
573
635
542
457
431
353
342
552
1056
1551
1785
1732
1583
1424
1252
1087
958
901
812
689
621
605
602
529
432
378
509
773
970
1056
1038
948
712
442
193
142
199
275
289
262
167
7
-198
-390
-573
-713
-825
-940
-1022
-1166
-1291
-1384
-1198
-842
-400
0
397
1050
1732
2026
1614
702
-201
-827
-1011
-800
-482
-471
-878
-1100
-838
-378
-273
-462
-414
-183
83
351
804
1081
762
1
-634
-744
-579
-371
-153
102
206
145
214
544
926
973
690
423
370
368
263
171
118
50
11
204
736
1333
1721
1800
1734
1575
1369
1240
1194
1130
929
684
526
497
487
419
336
238
250
380
715
1064
1302
1249
1036
773
564
376
199
184
220
354
375
270
57
-177
-420
-690
-858
-919
-933
-904
-949
-1065
-1242
-1254
-964
-503
10
530
1321
1995
2075
1332
273
-458
-919
-1049
-903
-588
-580
-989
-1143
-758
-279
-324
-651
-621
-319
18
302
696
871
428
-326
-759
-647
-508
-490
-358
-82
69
-18
89
465
772
717
461
392
422
324
86
-100
-189
-359
-377
-27
716
1367
1645
1598
1422
1258
1038
938
944
972
800
571
415
376
364
240
96
24
109
375
749
1112
1284
1183
837
474
210
121
102
121
105
110
141
175
93
-136
-579
-965
-1172
-1162
-1021
-945
-854
-910
-816
-663
-349
17
478
1123
1587
1553
930
150
-400
-800
-930
-881
-840
-1096
-1480
-1380
-895
-494
-578
-732
-593
-412
-245
11
444
532
43
-594
-854
-689
-597
-578
-533
-429
-427
-460
-242
166
457
363
130
67
66
-26
-214
-374
-483
-585
-532
-198
396
950
1216
1186
971
706
544
569
737
809
697
491
319
301
229
127
-33
-71
18
225
532
851
1076
957
579
159
50
80
260
312
356
228
52
-151
-231
-270
-512
-807
-1093
-1121
-1096
-1049
-1006
-846
-549
-206
53
450
968
1646
1912
1498
621
-166
-503
-572
-419
-393
-603
-1036
-1324
-1057
-553
-343
-505
-644
-496
-295
4
267
420
109
-506
-886
-790
-430
-238
-173
-223
-347
-456
-407
-3
384
485
292
157
174
92
-141
-387
-505
-553
-525
-252
284
815
1076
1039
870
632
401
313
443
610
720
624
587
548
537
441
355
337
387
553
732
935
1021
1018
869
553
201
4
34
125
226
318
441
480
410
261
-52
-457
-934
-1126
-1102
-857
-642
-319
56
383
633
936
1515
2075
2158
1542
657
54
-36
128
351
286
-118
-719
-915
-499
21
102
-213
-300
-55
261
475
535
436
15
-461
-645
-352
68
313
369
219
1
-154
-29
388
670
642
391
262
261
173
-63
-342
-454
-434
-248
193
831
1387
1559
1345
949
556
281
207
379
599
673
577
561
587
560
421
315
354
555
803
1120
1376
1441
1206
870
537
263
136
73
180
265
407
500
623
598
295
-44
-299
-328
-303
-329
-347
-342
-142
188
589
934
1253
1731
2126
2026
1317
410
-66
-48
323
669
698
305
-255
-339
-1
322
174
-88
-36
290
656
844
824
411
-245
-667
-537
-41
372
578
651
625
457
307
398
610
662
506
353
368
362
242
-32
-191
-267
-291
-156
282
946
1506
1710
1547
1178
821
540
401
412
406
370
260
268
376
446
444
359
484
688
1008
1274
1467
1505
1186
821
484
438
389
363
275
220
188
107
147
190
196
72
-20
2
-26
-86
-103
103
444
617
726
990
1720
2466
2633
1924
774
-53
-293
44
607
914
748
216
39
429
919
837
253
-44
85
536
951
1170
1008
402
-211
-428
-89
351
646
759
754
670
542
652
893
1078
974
726
595
589
528
368
190
79
27
76
345
837
1397
1738
1776
1490
1083
752
615
635
629
532
345
178
108
152
196
199
214
362
658
1053
1409
1531
1390
985
571
329
370
481
544
466
333
191
62
-90
-133
-158
-236
-317
-345
-248
-135
123
499
959
1135
1183
1457
2128
2491
1998
961
123
-106
117
547
851
788
289
-84
229
943
1225
902
492
398
549
760
946
964
624
70
-153
142
612
882
911
827
617
433
479
887
1333
1445
1262
1062
929
710
416
173
107
138
244
541
1059
1621
1928
1840
1464
941
514
389
564
917
1074
986
656
341
96
-77
-111
-54
190
481
929
1350
1621
1499
1011
446
115
36
193
321
469
389
240
88
-53
-57
-311
-441
-701
-734
-641
-366
154
640
1022
1139
1194
1470
1801
2101
1682
814
-3
-292
65
502
896
675
101
-395
-182
657
1171
1090
745
638
758
842
979
908
544
-101
-431
-38
592
1058
1099
985
697
303
154
399
927
1134
1052
933
909
759
379
66
-87
2
146
476
949
1438
1771
1768
1488
999
566
352
423
624
777
765
563
252
-14
-133
-113
-55
40
235
521
901
1177
1215
894
459
102
28
79
88
26
-61
-20
-107
-201
-382
-543
-732
-961
-1009
-888
-494
3
551
1082
1417
1804
2199
2397
1907
803
-152
-532
-229
305
821
966
485
-207
-465
47
681
887
818
793
929
956
924
841
584
130
-297
-182
388
1082
1455
1405
1103
703
508
602
928
1140
1130
1037
1014
1042
853
486
172
118
259
534
960
1471
1823
1896
1697
1382
1083
867
769
780
833
853
830
631
307
-48
-206
-151
73
365
619
819
919
946
857
638
405
278
356
445
366
103
-225
-357
-404
-444
-668
-1006
-1243
-1356
-1269
-987
-485
187
745
1163
1646
2317
2728
2220
1070
-64
-568
-496
-81
415
567
155
-617
-872
-392
260
570
586
671
754
747
722
739
580
35
-507
-589
-139
476
918
1049
824
427
204
426
913
1176
1012
660
465
471
502
397
180
22
38
307
790
1393
1864
1926
1587
1112
893
945
1099
1016
834
627
529
442
234
-16
-300
-357
-217
115
428
589
576
467
413
413
416
390
338
310
252
80
-186
-476
-613
-702
-820
-1026
-1296
-1414
-1489
-1300
-967
-334
347
944
1502
1965
2324
2062
1175
111
-527
-556
-223
188
321
-43
-687
-1108
-867
-378
-52
63
184
407
475
516
465
301
-127
-622
-722
-418
167
560
673
503
186
61
207
614
851
792
514
293
170
19
-144
-285
-275
-140
135
584
1081
1420
1550
1327
1002
816
980
1283
1341
1072
611
304
59
-136
-335
-382
-279
-132
81
233
410
391
280
126
124
294
434
546
483
383
71
-249
-555
-695
-754
-878
-1146
-1427
-1681
-1678
-1482
-981
-354
238
835
1416
2109
2324
1806
788
-52
-319
-297
-59
184
181
-321
-1063
-1265
-822
-180
45
22
62
157
191
111
51
23
-123
-290
-354
-50
339
546
368
-8
-161
60
566
1018
1173
937
543
194
-58
-306
-521
-557
-281
111
479
756
1004
1164
1150
1031
963
1089
1374
1633
1658
1377
953
492
170
-103
-266
-245
-118
71
103
139
106
59
42
39
262
471
641
628
477
285
-30
-236
-381
-400
-569
-939
-1337
-1593
-1603
-1443
-1114
-564
-95
342
854
1661
2210
1924
1040
249
88
213
335
336
110
-444
-1209
-1541
-1186
-481
90
339
469
370
113
-192
-374
-377
-369
-349
-235
122
551
683
442
-83
-474
-448
73
836
1322
1206
646
124
-183
-394
-619
-718
-605
-350
-92
155
406
636
718
737
766
972
1293
1498
1432
1095
727
430
255
113
4
-96
-252
-370
-477
-405
-356
-301
-333
-260
-93
86
236
139
54
-148
-71
-86
3
-45
-297
-723
-1359
-1746
-1982
-1760
-1334
-825
-357
-95
103
412
1005
1545
1398
797
281
323
569
510
270
-217
-829
-1423
-1469
-906
-353
-39
8
201
237
10
-314
-492
-348
-316
-331
-377
-161
164
273
173
-89
-156
46
549
1043
1126
691
22
-325
-316
-268
-336
-396
-304
-193
-227
-333
-310
-49
293
624
948
1251
1433
1255
883
459
287
236
215
191
170
131
-94
-374
-584
-544
-343
-138
-34
-31
-3
-25
-47
-82
-28
131
142
141
-31
-169
-388
-735
-983
-1199
-1145
-1157
-958
-632
-301
28
371
1002
1386
1124
560
258
532
719
699
471
35
-502
-1067
-987
-564
-197
-142
-118
149
292
226
-69
-219
-189
-180
-174
-234
-139
-64
-133
-245
-281
76
578
1133
1390
1166
546
-116
-292
-78
189
152
-73
-295
-412
-446
-431
-359
-165
161
523
803
996
1097
1095
905
641
462
462
547
545
322
-86
-525
-727
-629
-316
-6
95
-3
-231
-398
-455
-385
-327
-219
-65
126
111
-38
-321
-499
-679
-828
-943
-1001
-880
-769
-572
-528
-428
46
695
1192
1030
602
399
447
658
659
605
178
-560
-1028
-918
-372
-168
-192
-128
107
296
51
-208
-326
-8
299
255
-18
-302
-303
-326
-364
-409
-275
242
825
1277
1233
709
165
-96
146
361
438
201
-124
-345
-570
-584
-525
-210
100
334
442
457
575
637
746
789
832
743
488
233
-19
-167
-332
-428
-408
-316
-144
-117
-230
-441
-588
-452
-309
-74
-191
-190
-280
-303
-383
-600
-562
-674
-635
-736
-710
-619
-707
-701
-597
-164
545
940
1008
435
157
277
619
848
614
405
-158
-654
-910
-745
-349
-321
-247
-89
107
63
-273
-301
-169
261
493
434
227
-118
-168
-259
-214
-125
74
512
755
906
597
274
225
525
952
997
796
351
-71
-384
-493
-301
-52
214
337
281
214
153
327
458
665
765
815
771
485
196
-50
-98
-82
-73
-61
-105
-193
-308
-460
-497
-442
-222
-105
-63
-288
-497
-571
-551
-431
-517
-387
-451
-473
-589
-527
-334
-302
-208
-156
233
700
839
556
237
334
694
790
770
545
279
-321
-809
-700
-384
-76
-300
-331
-271
-127
-160
-325
-106
216
600
555
286
11
-142
-16
137
287
306
317
453
539
510
282
136
324
717
1060
984
707
384
156
36
-43
86
245
363
278
122
111
206
450
598
687
706
575
373
121
70
166
302
275
14
-210
-424
-521
-576
-519
-339
-282
-167
-240
-339
-616
-820
-883
-917
-794
-778
-705
-670
-613
-510
-538
-474
-379
-144
341
713
837
339
57
280
737
1008
800
615
95
-464
-724
-476
-78
-239
-505
-671
-603
-606
-785
-714
-322
310
584
330
-44
-303
-144
25
196
335
461
625
579
549
392
269
243
320
595
693
638
445
285
330
371
448
340
247
153
-3
-50
-147
35
245
522
678
549
330
0
-101
-117
3
119
131
2
-231
-430
-566
-706
-715
-697
-528
-326
-220
-210
-500
-622
-819
-807
-966
-1040
-1057
-1090
-899
-798
-489
-367
-256
-275
-124
225
415
242
30
222
724
953
774
483
8
-418
-799
-489
-134
-65
-385
-794
-751
-834
-788
-933
-689
-234
178
313
-11
-230
-307
-64
200
321
364
372
453
591
673
710
574
526
555
603
593
382
251
252
489
719
724
585
320
231
166
184
253
369
566
666
629
464
276
111
17
54
231
283
126
-151
-310
-283
-287
-301
-415
-427
-401
-376
-301
-314
-231
-287
-302
-504
-666
-924
-1019
-960
-639
-312
-113
-49
-12
293
620
773
450
189
442
965
1296
1107
852
494
111
-159
-96
100
-8
-380
-644
-586
-458
-563
-742
-617
-293
88
92
10
-68
71
360
538
641
562
598
634
673
764
853
1025
1075
1073
958
782
659
535
520
587
747
890
879
789
632
559
595
626
674
676
788
884
861
740
522
438
374
400
353
193
27
-106
-59
16
-12
-144
-278
-300
-200
-201
-187
-150
-20
114
-80
-249
-619
-797
-783
-576
-232
-191
-60
-33
257
642
778
653
328
425
831
1157
1270
1037
722
286
5
101
150
158
-185
-451
-534
-617
-592
-819
-729
-550
-265
-107
-225
-183
-109
232
490
615
616
504
574
634
727
829
848
921
885
856
787
681
682
552
563
645
784
836
621
537
503
714
799
726
620
496
574
586
565
442
258
240
247
297
189
-82
-223
-316
-155
-104
-170
-269
-373
-343
-410
-464
-423
-321
-115
-159
-340
-584
-870
-906
-863
-552
-373
-394
-459
-383
79
577
603
270
60
433
881
1053
1069
872
581
125
45
333
357
74
-446
-648
-631
-696
-814
-1036
-958
-751
-562
-521
-662
-657
-422
33
427
409
287
232
445
708
776
770
745
832
858
789
702
603
547
493
524
599
566
453
315
350
453
602
640
630
623
634
637
545
428
308
223
269
283
215
0
-189
-258
-304
-250
-322
-348
-399
-422
-378
-426
-390
-401
-333
-253
-292
-504
-703
-854
-782
-693
-533
-458
-468
-420
-321
95
442
489
248
123
438
806
956
930
793
556
177
81
403
545
211
-380
-592
-454
-449
-676
-1030
-970
-693
-533
-632
-818
-674
-322
44
187
171
167
273
464
637
705
758
734
757
851
866
816
641
591
651
751
687
457
346
360
498
517
582
622
657
675
607
638
563
503
348
298
381
425
344
38
-166
-225
-211
-241
-346
-389
-334
-291
-334
-433
-404
-252
-163
-194
-364
-473
-603
-626
-657
-468
-463
-495
-519
-480
-274
-33
299
451
416
293
350
672
887
859
728
484
242
1
223
520
429
-18
-440
-375
-240
-407
-694
-838
-629
-520
-593
-763
-708
-378
-182
-105
-126
-25
172
375
579
706
686
583
533
706
833
765
565
491
606
669
571
418
383
485
514
455
376
453
652
729
669
548
449
342
227
265
363
403
250
39
-36
-50
-97
-253
-478
-508
-538
-431
-507
-451
-388
-315
-375
-588
-638
-625
-591
-620
-733
-707
-665
-587
-497
-527
-389
-389
-114
86
165
172
224
647
898
893
733
406
149
-193
32
468
509
92
-412
-338
-134
-168
-482
-781
-691
-441
-323
-383
-563
-459
-348
-185
-99
-87
-24
110
428
613
574
482
500
770
880
792
545
478
559
599
541
514
553
583
491
381
386
557
714
695
632
617
636
499
366
341
419
437
290
199
161
157
29
-148
-186
-184
-179
-345
-487
-484
-318
-203
-208
-343
-356
-420
-460
-696
-762
-669
-447
-409
-470
-528
-422
-380
-284
-67
248
398
174
159
475
978
987
717
421
249
31
84
351
523
206
-215
-270
-43
18
-322
-608
-542
-258
-140
-289
-404
-329
-203
-98
-98
-36
77
282
457
531
568
535
581
692
854
925
770
612
543
607
645
671
634
580
519
503
537
640
686
674
587
472
416
382
392
344
334
278
228
144
23
-72
-89
-68
-41
-138
-207
-335
-372
-320
-220
-160
-292
-346
-415
-306
-426
-506
-645
-542
-516
-521
-562
-563
-458
-379
-263
-134
99
260
272
115
277
549
836
615
404
345
285
164
79
360
454
172
-151
-212
-57
-125
-295
-284
-136
-26
-183
-257
-229
-116
-61
-82
20
137
222
261
357
482
489
479
519
666
750
687
607
585
637
619
533
479
518
620
614
551
494
556
596
511
428
452
532
436
246
140
209
265
184
5
-106
-96
-119
-173
-185
-172
-311
-404
-387
-209
-213
-362
-544
-517
-432
-398
-493
-575
-581
-599
-608
-641
-644
-628
-502
-387
-292
-227
4
147
178
-79
-59
172
409
384
292
241
69
-164
-30
381
491
37
-447
-383
-42
121
-74
-227
-204
-83
-130
-281
-302
-134
18
22
-33
-19
37
135
296
428
448
415
395
466
536
621
620
565
473
451
469
535
603
631
585
453
382
425
533
567
494
385
298
245
182
104
73
86
86
14
-111
-209
-204
-113
-55
-103
-228
-244
-232
-169
-254
-345
-393
-323
-252
-321
-376
-471
-507
-625
-595
-569
-471
-521
-452
-409
-230
-186
1
123
215
11
-239
-140
241
515
353
142
32
-47
-41
220
454
301
-177
-254
65
342
207
-44
-52
92
162
30
-91
-50
10
27
27
71
99
135
269
469
519
354
249
424
735
897
803
677
612
602
617
674
747
689
616
540
593
590
527
453
433
448
382
190
16
11
171
260
180
8
-141
-157
-120
-63
-13
-14
-80
-197
-199
-171
-153
-256
-335
-290
-194
-235
-404
-584
-594
-551
-535
-667
-763
-781
-693
-584
-549
-597
-661
-593
-397
-306
-431
-604
-504
-135
55
-39
-163
-140
-164
-255
-67
300
341
-18
-257
-37
243
187
-124
-265
-77
53
-127
-428
-480
-302
-217
-225
-262
-315
-326
-245
-36
96
71
49
127
300
410
382
334
361
398
346
336
411
498
485
400
332
291
234
171
124
75
25
-52
-47
-25
-45
-135
-191
-177
-183
-232
-278
-268
-253
-238
-210
-216
-272
-314
-331
-288
-260
-261
-319
-374
-390
-376
-451
-561
-665
-681
-683
-725
-839
-930
-976
-959
-1016
-1007
-966
-823
-665
-599
-656
-783
-693
-396
-109
-62
-125
-131
-103
-50
157
389
460
228
31
93
179
118
-112
-199
-126
-52
-151
-370
-488
-439
-364
-360
-371
-349
-273
-176
-66
-45
-111
-93
63
240
317
280
263
348
443
456
425
450
435
396
327
304
318
303
231
115
89
133
129
51
-45
-116
-157
-160
-121
-82
-105
-187
-238
-162
-87
-65
-104
-92
-45
-37
-124
-185
-153
-76
-44
-152
-269
-415
-489
-531
-592
-684
-866
-965
-972
-969
-1001
-1080
-1071
-1025
-952
-842
-682
-509
-472
-541
-469
-181
165
252
168
109
183
265
295
366
400
367
234
154
121
100
21
-76
-67
26
37
-112
-292
-330
-248
-200
-218
-264
-246
-197
-121
-102
-81
-37
58
183
247
264
283
295
326
329
381
448
476
446
418
450
481
463
412
372
367
381
375
371
338
295
231
187
189
209
209
132
26
-11
71
164
204
95
-3
-23
13
-23
-78
-104
-110
-155
-288
-408
-460
-507
-619
-742
-783
-778
-829
-939
-996
-975
-913
-887
-886
-854
-719
-547
-416
-430
-470
-445
-306
-177
-149
-109
-17
121
100
5
27
189
358
369
335
322
362
330
234
137
101
100
30
-49
-112
-179
-304
-431
-427
-332
-275
-342
-480
-483
-309
-136
-133
-199
-181
-73
54
104
115
170
266
316
324
304
331
394
426
387
333
337
372
353
284
241
267
263
198
152
198
246
184
33
-62
-42
27
27
-75
-175
-216
-219
-237
-317
-358
-363
-362
-464
-594
-603
-554
-538
-607
-671
-657
-591
-551
-596
-689
-737
-688
-672
-732
-763
-689
-528
-481
-556
-626
-572
-477
-435
-367
-221
-89
-78
-94
21
195
254
184
106
125
234
308
300
214
108
69
107
145
81
-79
-207
-284
-308
-277
-217
-164
-187
-267
-290
-208
-69
61
120
140
175
235
269
316
405
483
508
487
499
589
686
718
691
654
661
692
685
644
598
546
502
449
393
351
297
173
23
-43
-56
-63
-110
-166
-203
-210
-218
-222
-223
-220
-193
-181
-192
-198
-149
-102
-148
-242
-325
-360
-370
-410
-522
-653
-733
-741
-750
-865
-992
-992
-894
-831
-822
-777
-700
-651
-639
-603
-492
-360
-251
-249
-297
-268
-134
-10
28
59
122
136
96
58
51
30
-38
-68
-36
-15
-76
-165
-212
-194
-184
-210
-211
-177
-125
-166
-244
-234
-128
-2
23
-34
-18
97
208
265
271
340
399
451
475
474
483
500
493
478
433
381
329
264
195
94
23
-27
-91
-114
-128
-146
-175
-206
-202
-172
-156
-146
-123
-69
-27
-15
-25
-57
-76
-85
-108
-190
-275
-324
-361
-437
-548
-643
-697
-748
-821
-920
-1011
-1075
-1144
-1214
-1221
-1207
-1193
-1188
-1213
-1228
-1183
-1080
-984
-910
-843
-778
-691
-633
-541
-449
-394
-349
-320
-222
-99
8
44
25
-15
-34
-31
27
78
107
50
-48
-143
-215
-284
-349
-400
-423
-378
-340
-340
-366
-374
-313
-240
-186
-123
-32
72
147
150
144
176
220
211
205
230
255
218
136
131
186
209
170
155
179
202
211
174
155
152
148
167
184
169
119
72
42
33
-5
-58
-100
-85
-73
-105
-164
-216
-221
-263
-337
-422
-437
-442
-507
-614
-678
-724
-812
-906
-968
-996
-1049
-1165
-1266
-1260
-1232
-1241
-1295
-1307
-1202
-1063
-993
-954
-917
-829
-698
-580
-458
-330
-226
-149
-102
-28
83
192
248
259
266
291
314
294
217
173
129
77
41
48
58
-2
-111
-161
-142
-93
-84
-95
-110
-91
-69
-52
0
52
107
135
186
264
315
351
390
463
513
542
566
587
630
643
656
616
595
611
634
612
552
495
442
394
351
311
283
222
174
134
93
59
7
-53
-74
-45
-38
-95
-171
-229
-251
-303
-381
-460
-521
-557
-626
-691
-768
-811
-884
-979
-1037
-1088
-1100
-1128
-1152
-1161
-1151
-1167
-1218
-1215
-1149
-1071
-1037
-997
-947
-867
-794
-716
-670
-603
-515
-397
-324
-273
-198
-117
-62
-23
22
87
146
159
150
96
73
41
-6
-48
-67
-69
-96
-142
-213
-262
-264
-240
-199
-149
-82
-53
-30
3
55
105
186
263
344
408
427
469
524
549
550
554
578
576
526
465
435
421
390
336
302
279
276
253
210
177
122
94
43
30
-11
-64
-113
-144
-182
-235
-276
-255
-239
-283
-346
-394
-410
-429
-492
-559
-580
-558
-583
-618
-667
-699
-734
-781
-814
-835
-842
-852
-849
-883
-924
-950
-959
-970
-991
-958
-899
-867
-870
-858
-818
-760
-703
-656
-628
-594
-522
-417
-345
-297
-256
-194
-140
-106
-32
68
173
242
300
332
403
485
546
561
553
552
561
566
564
593
603
605
585
584
559
539
527
513
501
506
516
516
476
461
479
515
516
506
528
583
589
572
573
585
613
585
546
522
554
553
509
427
399
390
318
215
142
136
128
77
-19
-71
-75
-85
-126
-187
-221
-200
-213
-233
-264
-254
-212
-212
-263
-294
-296
-287
-264
-280
-288
-312
-347
-390
-419
-431
-444
-468
-531
-607
-655
-686
-712
-762
-809
-833
-846
-848
-845
-823
-789
-716
-615
-530
-460
-405
-336
-241
-135
-44
54
181
297
401
457
535
647
725
765
790
842
906
924
896
841
802
766
717
660
617
600
557
503
460
436
403
382
376
376
357
356
370
385
395
410
393
375
372
364
390
402
421
412
416
395
385
372
363
363
325
294
238
199
169
139
95
53
31
10
-20
-36
-74
-102
-118
-149
-186
-208
-201
-202
-230
-290
-351
-374
-363
-353
-367
-389
-408
-424
-463
-500
-500
-492
-470
-489
-532
-547
-542
-570
-624
-666
-658
-615
-595
-607
-638
-612
-569
-539
-498
-449
-405
-354
-311
-274
-231
-206
-167
-109
-28
53
93
144
185
260
322
380
451
480
499
536
590
635
675
700
682
681
670
653
627
622
621
596
555
501
471
444
384
330
268
254
265
252
258
241
194
142
150
161
174
200
206
203
218
239
259
250
240
206
188
220
230
191
125
71
44
50
17
-53
-104
-124
-127
-154
-175
-190
-206
-228
-246
-263
-287
-319
-364
-378
-342
-322
-309
-360
-371
-328
-305
-291
-293
-247
-197
-131
-115
-111
-107
-79
-63
-70
-109
-131
-133
-133
-141
-161
-167
-162
-157
-193
-199
-170
-156
-150
-148
-142
-143
-130
-132
-137
-126
-98
-63
-24
18
43
88
127
187
246
286
313
349
400
440
511
580
596
591
615
675
739
764
744
704
674
681
706
703
680
619
577
551
523
495
445
428
406
385
386
365
338
308
304
324
305
288
297
301
303
302
293
283
279
275
277
287
281
269
281
315
337
326
291
270
257
284
306
304
303
299
272
250
253
224
199
179
214
261
276
264
229
219
227
241
214
182
196
236
255
233
185
164
166
168
140
92
56
31
6
-28
-70
-82
-99
-132
-142
-154
-140
-139
-162
-159
-121
-98
-80
-75
-69
-76
-87
-55
7
53
75
62
57
101
156
218
241
249
297
344
400
430
447
446
443
460
476
475
471
491
466
416
372
339
318
306
261
219
179
107
56
41
46
25
4
-21
-36
-13
13
37
64
68
69
62
82
115
141
147
137
156
152
151
140
163
198
203
181
171
164
163
143
121
130
127
118
85
82
93
76
47
44
32
38
50
41
15
10
26
45
43
32
48
73
88
98
113
123
147
139
141
142
151
159
144
119
53
6
-25
-37
-55
-65
-56
-80
-103
-140
-164
-198
-217
-209
-249
-254
-260
-287
-342
-397
-384
-343
-327
-339
-330
-317
-256
-206
-175
-141
-106
-48
13
90
147
199
230
294
328
341
387
459
494
476
451
446
447
439
375
307
266
233
195
160
157
141
114
73
32
10
38
43
38
22
24
40
64
87
66
71
73
75
99
144
172
170
146
149
168
188
216
234
245
268
250
217
208
213
238
236
213
191
192
176
168
148
128
126
103
88
91
124
160
165
154
135
135
162
164
152
119
79
33
5
-52
-120
-180
-241
-266
-283
-330
-404
-471
-530
-556
-566
-579
-610
-657
-697
-695
-669
-646
-626
-644
-645
-604
-534
-475
-454
-458
-437
-413
-377
-326
-274
-234
-225
-214
-204
-164
-133
-110
-72
-57
-50
-45
-5
26
49
66
63
91
102
110
122
105
79
73
79
106
115
95
55
24
49
85
87
50
2
-25
-16
11
23
43
57
43
36
36
47
44
35
79
149
172
195
172
184
213
226
214
203
227
243
232
211
176
139
110
90
77
49
61
53
41
0
-25
-49
-69
-80
-100
-103
-110
-118
-146
-192
-214
-244
-266
-280
-314
-301
-307
-329
-356
-377
-396
-404
-431
-461
-474
-475
-461
-476
-474
-500
-527
-538
-536
-512
-489
-493
-501
-517
-527
-514
-518
-521
-527
-510
-516
-503
-503
-469
-453
-452
-422
-398
-364
-354
-290
-228
-187
-181
-157
-125
-82
-1
65
91
98
116
121
127
154
211
270
291
296
325
338
360
357
315
307
313
288
291
295
287
287
270
241
223
215
224
228
215
205
179
150
118
89
90
120
138
123
117
97
70
53
32
45
64
63
78
62
61
66
48
40
20
4
16
26
22
5
-9
-29
-51
-72
-96
-117
-146
-169
-188
-234
-271
-280
-311
-342
-369
-396
-399
-439
-482
-478
-465
-466
-469
-469
-492
-495
-505
-503
-493
-489
-473
-469
-466
-468
-473
-483
-479
-466
-446
-421
-411
-416
-412
-388
-370
-347
-320
-312
-295
-286
-256
-219
-201
-200
-189
-174
-160
-141
-121
-89
-42
-21
9
8
13
39
70
84
83
93
75
98
113
104
110
138
141
135
147
140
141
122
97
62
45
54
46
1
-46
-69
-73
-93
-109
-135
-150
-144
-139
-152
-149
-168
-208
-229
-250
-255
-296
-338
-341
-324
-321
-352
-395
-448
-466
-445
-420
-403
-423
-438
-446
-444
-436
-430
-436
-434
-443
-460
-451
-446
-442
-454
-484
-478
-485
-467
-446
-442
-442
-463
-475
-488
-471
-461
-467
-470
-434
-425
-441
-475
-494
-503
-506
-465
-429
-416
-429
-444
-452
-438
-404
-386
-403
-426
-413
-380
-355
-325
-324
-326
-356
-356
-334
-310
-308
-313
-326
-303
-277
-281
-251
-246
-265
-262
-249
-220
-180
-145
-126
-157
-191
-174
-152
-136
-117
-96
-87
-77
-63
-50
-44
-73
-93
-102
-91
-87
-86
-89
-122
-160
-189
-202
-212
-236
-262
-283
-280
-290
-327
-376
-435
-481
-480
-471
-464
-479
-463
-449
-458
-451
-451
-442
-447
-437
-442
-413
-396
-387
-384
-386
-375
-367
-367
-392
-401
-394
-362
-350
-349
-351
-359
-395
-409
-404
-422
-416
-408
-403
-429
-445
-446
-464
-453
-453
-441
-436
-443
-448
-445
-457
-457
-456
-450
-434
-416
-405
-417
-420
-415
-422
-430
-447
-439
-384
-362
-346
-363
-382
-383
-382
-371
-379
-377
-382
-403
-433
-462
-485
-496
-515
-524
-520
-524
-548
-573
-593
-603
-582
-557
-574
-588
-579
-573
-562
-538
-541
-535
-520
-506
-455
-430
-421
-402
-407
-399
-370
-358
-319
-312
-312
-316
-316
-287
-274
-301
-340
-353
-387
-388
-396
-425
-426
-439
-488
-523
-531
-536
-536
-548
-571
-585
-572
-560
-563
-569
-580
-580
-575
-571
-570
-545
-525
-526
-522
-512
-504
-495
-475
-482
-494
-498
-467
-446
-435
-450
-460
-465
-478
-490
-503
-481
-480
-484
-498
-500
-494
-501
-515
-523
-522
-514
-491
-475
-477
-476
-480
-484
-490
-479
-476
-471
-486
-486
-479
-476
-481
-492
-498
-517
-526
-539
-543
-554
-578
-596
-625
-661
-679
-696
-735
-746
-754
-768
-764
-767
-774
-778
-759
-735
-705
-707
-701
-680
-638
-609
-606
-598
-598
-566
-519
-480
-466
-445
-421
-412
-404
-404
-391
-372
-368
-353
-347
-338
-328
-316
-283
-274
-265
-266
-281
-273
-264
-265
-253
-265
-267
-263
-264
-253
-233
-217
-227
-233
-233
-251
-248
-228
-216
-238
-277
-288
-285
-295
-316
-340
-351
-333
-333
-362
-401
-429
-430
-427
-418
-415
-419
-416
-416
-407
-398
-399
-387
-408
-434
-434
-443
-437
-434
-428
-429
-445
-460
-475
-489
-496
-502
-525
-541
-535
-528
-532
-527
-524
-517
-499
-507
-523
-527
-516
-498
-479
-448
-447
-479
-509
-529
-516
-530
-556
-568
-597
-582
-560
-554
-570
-587
-591
-606
-605
-582
-546
-521
-497
-474
-437
-401
-388
-385
-355
-311
-289
-290
-274
-252
-250
-223
-211
-213
-212
-213
-218
-208
-216
-248
-273
-295
-290
-283
-287
-290
-297
-309
-296
-272
-265
-267
-278
-268
-267
-262
-253
-236
-233
-254
-264
-268
-248
-260
-260
-260
-256
-268
-274
-287
-296
-315
-348
-366
-403
-420
-438
-471
-481
-520
-561
-583
-575
-571
-580
-596
-614
-611
-595
-584
-581
-582
-594
-609
-609
-593
-582
-575
-562
-532
-503
-485
-471
-455
-451
-443
-453
-456
-461
-449
-431
-421
-411
-419
-419
-420
-405
-404
-385
-360
-339
-338
-323
-322
-337
-336
-299
-264
-249
-235
-233
-234
-229
-214
-214
-192
-203
-205
-212
-208
-204
-216
-219
-213
-216
-235
-242
-253
-247
-232
-227
-229
-258
-256
-215
-188
-189
-202
-197
-190
-172
-168
-153
-124
-96
-90
-101
-96
-75
-53
-38
-32
-31
-14
-8
11
31
23
4
-12
-38
-57
-39
-40
-39
-55
-82
-101
-93
-109
-126
-126
-140
-159
-186
-182
-167
-175
-193
-217
-241
-264
-250
-237
-247
-248
-283
-292
-277
-281
-271
-270
-276
-283
-278
-262
-234
-227
-222
-194
-184
-174
-168
-165
-159
-157
-138
-131
-124
-118
-112
-101
-105
-123
-156
-170
-160
-143
-131
-125
-127
-152
-137
-109
-101
-91
-98
-113
-113
-117
-123
-137
-152
-163
-158
-168
-157
-148
-143
-148
-147
-137
-135
-137
-140
-112
-103
-92
-95
-84
-82
-44
-18
-39
-59
-96
-79
-70
-66
-64
-68
-68
-80
-72
-66
-44
-61
-61
-60
-68
-65
-68
-66
-70
-85
-105
-132
-142
-138
-125
-112
-100
-97
-123
-150
-155
-136
-140
-148
-146
-145
-141
-163
-192
-182
-170
-151
-139
-119
-113
-113
-113
-110
-93
-93
-117
-123
-134
-119
-110
-102
-81
-99
-139
-176
-181
-168
-148
-141
-141
-141
-137
-110
-95
-101
-86
-73
-52
-40
-28
-20
-15
-30
-37
-53
-72
-70
-82
-77
-83
-79
-67
-68
-83
-96
-113
-109
-97
-97
-81
-62
-71
-80
-91
-116
-115
-100
-105
-121
-122
-126
-153
-184
-203
-226
-227
-224
-209
-199
-203
-218
-236
-240
-243
-234
-270
-288
-279
-250
-227
-236
-248
-266
-284
-298
-312
-289
-251
-208
-187
-167
-154
-161
-167
-165
-158
-158
-161
-168
-151
-150
-156
-158
-162
-163
-155
-124
-103
-91
-84
-89
-106
-118
-121
-125
-132
-114
-92
-95
-105
-120
-125
-128
-132
-146
-131
-108
-76
-64
-97
-123
-120
-99
-78
-57
-77
-90
-91
-90
-90
-90
-109
-125
-142
-124
-126
-118
-117
-121
-114
-139
-139
-154
-162
-167
-158
-141
-145
-145
-163
-162
-185
-207
-221
-226
-209
-206
-216
-226
-234
-236
-241
-242
-232
-249
-270
-287
-282
-304
-310
-322
-340
-342
-362
-342
-327
-310
-300
-285
-282
-269
-270
-274
-272
-260
-245
-242
-234
-237
-238
-232
-232
-245
-244
-238
-223
-210
-195
-195
-202
-201
-192
-180
-186
-179
-179
-170
-152
-143
-146
-137
-126
-132
-124
-113
-94
-96
-102
-94
-90
-88
-89
-85
-83
-89
-86
-73
-64
-65
-87
-86
-78
-86
-96
-112
-127
-138
-141
-129
-124
-116
-110
-112
-128
-151
-174
-190
-191
-182
-186
-205
-220
-222
-221
-235
-251
-261
-270
-271
-266
-249
-242
-239
-252
-264
-272
-282
-264
-251
-252
-268
-275
-288
-290
-269
-261
-267
-266
-255
-249
-260
-275
-290
-292
-287
-278
-286
-304
-314
-305
-292
-299
-312
-343
-355
-346
-314
-282
-276
-268
-266
-256
-220
-203
-196
-186
-168
-143
-123
-114
-103
-74
-53
-53
-48
-43
-36
-26
-25
-10
-13
-19
-12
-15
0
11
15
21
35
50
65
85
88
108
122
122
132
147
139
124
110
117
127
110
115
102
80
64
61
41
7
-4
-7
-5
-2
-2
-4
0
-2
3
5
7
20
29
35
36
35
31
33
32
20
15
-1
-42
-65
-83
-90
-97
-100
-96
-101
-125
-150
-169
-184
-186
-173
-172
-172
-148
-149
-157
-169
-162
-165
-151
-150
-160
-160
-165
-178
-182
-186
-202
-204
-217
-200
-187
-174
-188
-203
-203
-208
-205
-200
-183
-180
-171
-149
-153
-155
-149
-145
-126
-94
-84
-62
-53
-57
-40
-33
-28
-32
-37
-36
-42
-40
-32
-49
-54
-59
-63
-45
-30
-16
-22
-26
-26
-29
-36
-47
-43
-28
-24
-24
-24
-22
-31
-37
-23
-25
-47
-60
-45
-36
-46
-73
-89
-81
-70
-70
-77
-81
-89
-80
-74
-79
-77
-54
-40
-31
-28
-45
-47
-58
-51
-58
-66
-78
-98
-118
-139
-154
-148
-116
-114
-105
-122
-144
-155
-148
-140
-152
-132
-137
-139
-132
-137
-140
-158
-169
-187
-200
-199
-195
-193
-200
-201
-197
-200
-199
-198
-180
-167
-142
-122
-116
-99
-93
-79
-69
-86
-100
-96
-68
-41
-43
-61
-70
-74
-76
-69
-63
-58
-47
-52
-48
-40
-45
-47
-40
-26
-20
-19
6
28
35
26
16
17
14
25
37
43
36
42
46
45
29
13
8
14
14
5
0
-4
-5
-8
-13
-16
-8
-20
-23
-26
-18
-8
-21
-33
-29
-19
-21
-24
-39
-34
-38
-49
-54
-59
-63
-67
-77
-100
-94
-104
-115
-114
-121
-135
-125
-123
-135
-129
-133
-134
-157
-148
-134
-144
-149
-157
-169
-163
-146
-136
-127
-133
-114
-112
-116
-124
-129
-114
-97
-82
-87
-108
-118
-97
-69
-67
-87
-103
-119
-122
-118
-88
-65
-80
-76
-71
-50
-19
19
32
41
31
13
9
2
7
-3
-3
-22
-37
-35
-42
-48
-47
-42
-40
-42
-36
-33
-29
-32
-19
-24
-34
-45
-60
-45
-35
-25
-18
-18
-28
-38
-65
-85
-60
-24
-5
-9
-35
-52
-37
-30
-20
-9
-24
-32
-38
-25
-1
9
10
15
36
57
70
69
62
75
86
81
72
63
56
63
73
68
54
42
18
-3
6
39
55
41
24
18
19
9
7
28
47
57
61
53
50
39
45
62
59
61
61
72
68
46
43
27
27
18
17
30
30
37
37
37
20
21
6
-12
-9
-9
16
24
38
48
44
42
56
61
51
60
63
77
65
54
37
12
2
3
22
25
25
35
42
49
41
40
29
41
68
92
96
93
95
87
94
105
117
112
116
128
146
165
148
135
116
99
92
93
100
104
98
109
94
60
61
81
98
91
89
69
49
43
33
42
57
84
85
86
85
95
103
110
128
123
127
118
98
111
119
121
109
97
100
87
74
79
75
74
60
42
46
34
37
21
16
14
25
24
9
-4
-9
-1
5
19
22
19
24
27
33
42
46
62
62
77
89
98
109
98
118
132
132
137
150
170
177
188
182
182
197
208
210
206
205
215
212
216
212
200
208
208
209
204
179
172
175
189
192
197
203
179
186
193
199
210
198
219
246
250
246
230
237
248
255
257
259
275
277
273
261
256
251
273
269
254
258
257
275
249
240
238
220
213
202
195
171
166
172
166
157
146
147
154
165
188
190
191
185
164
162
159
172
161
138
141
120
112
123
131
121
116
112
112
111
100
111
101
104
97
92
73
78
85
79
71
48
44
40
49
62
64
58
60
73
100
143
182
186
163
142
130
129
120
124
128
120
117
109
113
99
92
94
104
123
131
134
132
133
139
150
147
153
150
141
128
133
148
170
189
182
169
166
161
154
177
176
166
171
166
159
170
154
138
144
145
136
135
144
166
177
193
182
179
179
192
220
231
250
246
242
231
218
209
215
209
188
160
151
153
141
119
96
92
78
78
78
69
62
55
62
84
91
98
106
101
98
108
117
128
139
147
136
120
104
113
123
104
75
54
53
59
64
60
50
34
35
37
34
26
36
34
48
47
50
31
11
28
29
41
39
49
60
66
76
70
73
75
81
77
77
101
86
64
66
64
66
70
71
79
73
63
52
26
23
27
24
9
19
20
25
38
50
58
41
39
43
58
72
92
89
92
96
93
100
103
115
102
98
98
103
101
86
81
61
59
61
50
61
68
67
73
55
36
33
11
-3
0
13
20
10
9
13
4
2
7
2
-2
-15
-11
-7
-9
-3
-12
3
7
3
-1
-16
-12
-4
12
7
-11
-35
-39
-28
-4
7
4
16
19
50
55
44
52
56
78
92
93
87
84
81
96
101
90
84
81
71
71
70
79
83
82
74
81
83
79
78
79
78
86
97
83
67
54
51
48
57
70
73
71
75
76
61
53
49
36
28
31
35
60
61
60
62
76
81
93
103
97
110
106
111
113
104
101
95
98
81
65
71
71
63
54
55
31
19
20
8
8
27
23
34
35
34
38
30
37
24
22
27
11
-14
-35
-47
-42
-43
-41
-23
-27
-7
11
23
20
4
1
6
29
25
10
-15
-16
17
41
46
35
2
-26
-11
20
37
58
38
22
2
5
11
31
63
65
44
42
49
56
78
76
72
62
56
61
79
95
93
83
72
69
74
88
102
120
125
122
116
117
125
113
128
154
165
163
157
150
140
148
166
173
150
125
113
118
132
133
122
122
118
124
121
124
146
127
125
147
177
184
182
183
170
173
181
202
201
172
144
143
137
135
127
110
102
105
128
152
151
130
109
102
105
105
113
123
128
115
132
139
141
151
167
170
162
171
163
155
142
137
118
110
113
104
85
83
84
73
70
55
43
32
20
19
16
2
-3
2
-8
-13
-13
-18
-8
-12
-23
-37
-40
-27
-28
-37
-63
-76
-84
-93
-91
-98
-96
-108
-112
-122
-138
-141
-148
-132
-122
-125
-136
-152
-150
-153
-149
-162
-160
-158
-153
-152
-178
-195
-212
-222
-229
-251
-267
-255
-256
-258
-244
-243
-253
-278
-278
-283
-295
-296
-309
-320
-320
-333
-333
-308
-305
-296
-306
-317
-302
-283
-249
-213
-223
-239
-258
-283
-288
-273
-266
-260
-253
-262
-274
-278
-303
-324
-336
-355
-351
-327
-327
-343
-359
-376
-364
-355
-366
-375
-388
-384
-377
-373
-378
-389
-391
-381
-368
-389
-393
-396
-391
-392
-411
-404
-404
-405
-414
-418
-413
-420
-421
-425
-414
-409
-413
-410
-411
-428
-442
-442
-438
-422
-421
-435
-435
-434
-431
-433
-432
-439
-443
-438
-435
-441
-450
-452
-441
-421
-419
-416
-425
-431
-437
-455
-456
-447
-442
-432
-436
-448
-456
-447
-442
-438
-438
-446
-444
-439
-441
-435
-436
-424
-412
-411
-422
-444
-455
-457
-455
-468
-473
-472
-480
-492
-489
-479
-477
-477
-497
-504
-501
-498
-483
-477
-472
-486
-489
-465
-444
-449
-462
-467
-472
-479
-473
-452
-460
-457
-450
-456
-454
-451
-466
-456
-454
-456
-470
-478
-462
-461
-451
-455
-460
-491
-486
-484
-475
-460
-455
-465
-482
-478
-467
-451
-440
-425
-448
-454
-454
-438
-415
-416
-416
-428
-439
-429
-428
-458
-476
-479
-466
-481
-499
-527
-557
-569
-570
-553
-547
-534
-539
-527
-521
-529
-532
-524
-505
-491
-498
-505
-524
-532
-528
-525
-533
-542
-541
-531
-511
-507
-503
-509
-513
-517
-518
-508
-485
-461
-457
-460
-465
-463
-454
-438
-419
-397
-386
-391
-403
-425
-428
-436
-438
-460
-482
-489
-502
-498
-500
-511
-523
-529
-546
-546
-535
-523
-518
-519
-511
-519
-525
-523
-521
-529
-516
-520
-529
-535
-545
-546
-575
-555
-562
-567
-580
-597
-602
-614
-608
-607
-602
-601
-617
-627
-622
-616
-606
-603
-598
-585
-579
-585
-597
-601
-609
-600
-591
-580
-581
-599
-590
-592
-584
-588
-592
-584
-581
-562
-572
-567
-567
-564
-559
-547
-535
-516
-487
-487
-483
-480
-477
-473
-472
-466
-452
-455
-462
-452
-452
-444
-446
-461
-457
-463
-455
-445
-440
-416
-397
-391
-370
-365
-358
-356
-356
-357
-354
-338
-332
-336
-337
-327
-312
-300
-303
-299
-294
-284
-286
-273
-274
-267
-277
-286
-290
-275
-273
-291
-292
-294
-284
-273
-276
-280
-288
-295
-286
-287
-293
-287
-269
-279
-283
-293
-312
-303
-302
-286
-288
-283
-285
-290
-280
-272
-267
-268
-257
-247
-250
-252
-260
-257
-259
-259
-256
-261
-263
-267
-252
-255
-243
-252
-262
-275
-284
-275
-282
-274
-261
-250
-253
-260
-257
-254
-257
-260
-252
-241
-230
-219
-214
-221
-229
-229
-238
-250
-247
-245
-230
-227
-234
-240
-245
-249
-252
-256
-260
-253
-248
-233
-221
-227
-233
-231
-235
-237
-230
-221
-226
-243
-251
-244
-249
-260
-253
-271
-286
-272
-261
-269
-283
-301
-332
-330
-327
-318
-316
-314
-342
-333
-327
-330
-314
-328
-329
-333
-311
-295
-312
-344
-358
-357
-342
-351
-335
-335
-339
-324
-322
-300
-307
-308
-302
-302
-302
-316
-328
-336
-338
-318
-310
-315
-346
-386
-397
-408
-383
-358
-348
-354
-355
-351
-340
-312
-316
-313
-315
-330
-312
-308
-315
-305
-307
-309
-325
-316
-304
-272
-257
-276
-301
-331
-342
-342
-329
-321
-308
-299
-307
-316
-305
-296
-287
-278
-246
-235
-246
-258
-276
-282
-284
-265
-268
-283
-283
-282
-264
-230
-225
-232
-257
-274
-273
-273
-272
-270
-250
-232
-221
-214
-200
-197
-198
-193
-182
-177
-172
-168
-190
-193
-197
-206
-210
-212
-224
-242
-251
-251
-251
-244
-239
-274
-285
-267
-255
-240
-213
-213
-210
-208
-213
-221
-210
-184
-177
-170
-166
-145
-146
-155
-165
-182
-183
-180
-166
-152
-147
-144
-136
-130
-135
-147
-160
-153
-147
-130
-129
-129
-126
-130
-136
-131
-130
-122
-115
-120
-98
-89
-69
-57
-68
-69
-63
-60
-47
-49
-50
-50
-45
-41
-33
-30
-41
-44
-42
-39
-39
-41
-54
-60
-64
-54
-37
-33
-37
-32
-12
-6
-1
-4
-13
-12
-26
-21
10
25
27
32
9
-13
-28
-31
-39
-33
-26
-30
-11
-14
-19
-21
-1
9
21
32
34
48
57
88
104
103
95
80
83
82
105
124
138
139
120
113
116
122
106
110
101
104
100
86
72
70
76
72
55
40
17
6
5
-8
8
-8
-2
-1
-6
0
-6
2
14
29
29
24
16
20
29
23
15
6
-5
-5
1
6
11
12
12
3
-12
-16
-7
-5
-20
-25
-18
-18
-14
-30
-35
-48
-64
-72
-57
-54
-58
-59
-56
-63
-77
-85
-87
-95
-109
-112
-108
-101
-102
-104
-108
-98
-93
-69
-55
-66
-40
-32
-19
-18
-17
-12
-19
-5
23
31
29
26
19
8
0
1
14
15
25
12
-11
-26
-40
-34
-42
-45
-52
-42
-43
-37
-22
-31
-27
-21
-10
-3
-2
-3
1
4
16
46
49
41
35
39
40
37
33
44
38
48
37
18
28
40
60
77
71
64
57
52
51
48
63
69
73
80
95
110
138
160
172
150
127
126
141
157
162
177
163
161
154
144
139
128
129
152
162
146
128
125
112
113
125
118
121
112
117
128
121
132
151
147
141
142
121
108
121
148
154
136
157
158
167
166
172
189
189
186
178
187
204
216
236
242
254
251
251
259
273
311
339
346
331
322
314
308
310
314
316
297
292
283
292
303
299
292
263
252
245
254
259
267
287
280
296
326
330
329
344
368
389
403
400
402
407
403
385
380
387
395
392
381
382
376
376
371
371
366
351
354
371
388
409
403
403
393
384
376
370
369
380
381
381
388
380
375
365
363
361
366
352
351
346
329
317
302
302
293
277
280
278
284
276
272
272
270
262
248
252
261
263
277
294
301
311
303
296
287
293
299
295
302
320
333
340
352
338
329
317
312
305
307
305
313
321
317
325
318
311
303
311
314
311
299
292
286
265
261
241
239
247
256
284
304
309
311
304
305
307
314
312
312
329
329
329
327
319
307
307
310
318
315
315
318
312
309
299
289
285
278
279
284
283
284
291
295
291
283
282
294
306
299
297
294
288
278
273
269
267
258
251
255
250
246
238
245
244
235
234
234
233
226
228
225
227
241
244
247
247
245
263
264
256
245
249
248
247
236
224
227
225
232
245
256
249
254
242
239
249
253
256
264
280
271
280
280
286
293
301
309
283
274
260
253
244
237
210
207
202
209
210
223
227
227
243
248
267
280
291
266
253
265
263
257
258
233
216
219
220
228
222
228
242
255
264
266
257
258
284
285
271
231
208
215
245
258
247
242
224
220
229
238
255
244
242
235
228
226
241
265
269
251
229
216
213
209
212
206
188
181
165
163
176
169
155
155
146
152
146
146
169
178
177
177
171
169
177
171
190
209
235
239
223
206
192
204
222
230
209
181
174
185
196
197
191
184
176
188
195
197
191
196
213
229
253
282
289
289
291
278
278
281
273
254
244
226
219
224
218
198
196
204
206
208
201
204
199
202
190
199
213
211
215
194
168
174
170
173
201
209
215
219
208
202
204
176
160
158
163
176
184
186
175
181
175
170
164
155
151
138
136
148
166
166
152
129
105
87
81
81
93
101
123
138
141
125
102
99
87
102
118
122
135
145
143
140
130
130
136
136
137
128
124
115
113
103
123
123
129
133
114
114
114
102
89
93
90
74
70
70
83
85
85
76
55
62
56
60
61
67
65
53
47
47
33
54
63
55
51
69
81
81
83
97
89
76
82
85
92
86
102
106
106
97
81
74
68
73
74
77
89
98
92
87
95
94
110
114
107
107
107
110
117
120
119
121
125
124
130
141
148
151
154
142
145
145
140
154
159
156
151
147
158
161
166
174
162
183
188
169
174
172
177
196
194
202
210
201
185
178
179
169
155
144
138
138
124
107
102
93
89
89
77
58
55
52
43
50
46
47
47
49
60
61
65
60
46
42
41
44
51
56
65
80
97
97
88
84
63
44
31
25
21
28
40
30
25
13
4
-10
-13
-14
-10
-1
8
1
-17
-25
-20
-18
-14
-20
-16
-11
-12
-15
-16
-6
-1
10
21
24
-2
-9
-14
-5
2
-18
-23
-40
-28
-6
6
0
-9
-28
-27
-15
-18
1
1
1
15
25
49
79
91
84
68
53
36
41
46
48
43
32
13
17
19
5
-8
-18
-10
-8
-16
-39
-60
-76
-67
-69
-65
-67
-70
-59
-36
-26
-31
-26
-31
-36
-37
-26
-27
-30
-28
-21
-30
-26
-22
-32
-38
-47
-53
-51
-50
-60
-60
-56
-38
-18
-7
-14
-26
-22
-22
-21
-8
3
15
15
2
-9
-22
-33
-37
-48
-61
-69
-64
-73
-81
-89
-104
-117
-127
-104
-90
-80
-76
-63
-49
-47
-27
-13
-1
7
26
35
31
27
30
21
16
24
17
20
15
18
28
15
14
19
33
37
32
38
35
42
50
55
69
77
88
87
83
66
62
64
67
79
70
66
72
75
61
57
63
63
74
87
80
69
68
63
57
60
63
64
70
85
80
67
61
64
65
51
48
44
40
50
60
65
72
66
53
41
46
45
50
44
38
43
40
57
49
44
40
52
63
61
67
69
72
79
86
69
67
70
75
67
69
64
61
62
62
60
69
72
65
88
98
89
70
62
57
61
69
71
75
71
78
67
65
78
78
78
79
73
66
65
62
69
65
58
42
47
61
59
78
83
100
110
113
97
92
100
89
88
90
83
77
93
79
76
69
63
56
53
57
60
71
67
81
85
82
86
96
112
118
120
111
120
134
139
124
114
125
123
135
150
138
131
148
150
140
123
119
117
125
145
152
147
140
142
148
159
176
184
201
200
199
200
199
195
184
175
169
159
154
143
131
121
117
104
87
80
75
81
90
101
87
86
95
104
107
91
85
73
87
86
81
68
77
89
97
83
69
69
87
104
106
111
110
94
96
105
108
113
92
75
68
90
108
96
68
53
45
61
87
99
100
94
96
119
144
165
191
192
186
188
201
197
202
206
190
172
167
175
173
168
177
188
187
180
171
159
167
185
199
215
208
196
190
186
191
195
225
236
237
237
203
193
195
206
214
210
201
185
182
204
229
225
204
197
210
217
231
230
224
233
241
260
275
261
240
246
239
236
232
241
235
217
202
189
191
179
179
167
177
199
208
210
214
209
204
212
195
210
234
249
259
258
249
248
244
231
227
205
209
208
209
206
195
183
168
170
168
181
181
184
194
178
163
146
123
106
98
95
100
103
105
97
80
59
65
66
57
43
55
73
94
104
93
82
67
63
74
79
74
80
61
68
55
39
45
47
66
81
82
75
83
85
87
111
107
92
99
106
114
127
133
117
98
79
78
85
88
96
104
117
109
107
94
91
93
83
80
77
73
62
67
54
64
87
85
94
97
113
116
122
130
130
114
95
88
102
122
130
129
113
120
126
121
117
106
96
90
93
80
71
65
52
56
44
49
52
34
25
24
35
35
23
32
36
34
43
50
63
74
94
98
106
93
90
100
101
104
91
89
78
86
92
113
115
122
140
141
152
155
166
170
176
184
181
170
165
166
159
156
166
175
180
170
160
157
144
139
141
137
140
158
169
172
171
161
168
168
153
168
175
182
193
200
200
198
190
204
214
212
205
205
203
194
200
200
193
186
183
173
183
179
174
161
156
166
154
160
155
151
141
141
146
156
167
157
135
140
131
122
122
125
139
142
142
125
126
132
158
169
161
160
134
110
107
101
92
95
82
85
97
104
92
77
62
73
85
90
101
94
97
91
97
108
111
114
111
101
94
80
75
69
63
62
42
45
45
28
13
8
14
17
27
10
11
15
9
16
14
8
0
-16
-15
-5
7
8
12
21
16
-7
-28
-41
-47
-35
-33
-33
-38
-36
-31
-38
-46
-52
-49
-39
-33
-26
-15
-9
-3
7
8
10
8
2
3
14
21
26
17
-1
-19
-41
-51
-60
-78
-90
-89
-97
-100
-101
-108
-119
-120
-129
-130
-119
-124
-106
-105
-94
-93
-85
-83
-86
-69
-59
-49
-27
-27
-30
-30
-48
-62
-70
-65
-62
-55
-67
-69
-59
-72
-93
-123
-127
-124
-121
-123
-111
-111
-96
-77
-98
-108
-127
-133
-135
-120
-106
-84
-92
-87
-82
-90
-90
-103
-121
-135
-114
-116
-123
-157
-161
-136
-132
-140
-162
-146
-124
-106
-102
-99
-106
-107
-103
-101
-103
-90
-80
-70
-54
-62
-74
-86
-94
-91
-97
-107
-99
-90
-80
-65
-70
-78
-83
-93
-83
-92
-91
-89
-101
-110
-112
-118
-116
-123
-117
-103
-103
-96
-101
-111
-121
-135
-147
-131
-118
-112
-97
-91
-73
-58
-42
-43
-39
-40
-37
-36
-32
-16
-24
-23
-37
-45
-44
-52
-56
-50
-40
-43
-61
-72
-77
-81
-80
-68
-56
-58
-56
-51
-61
-63
-55
-56
-55
-44
-45
-53
-57
-60
-55
-50
-58
-64
-78
-89
-89
-88
-94
-95
-91
-92
-94
-100
-102
-88
-71
-68
-69
-80
-85
-80
-91
-99
-107
-112
-114
-110
-116
-134
-139
-120
-120
-130
-134
-139
-143
-126
-113
-110
-105
-101
-107
-111
-110
-119
-108
-103
-106
-101
-100
-101
-93
-96
-120
-132
-126
-133
-124
-117
-129
-140
-140
-133
-133
-110
-105
-123
-145
-153
-150
-152
-151
-152
-149
-132
-137
-160
-184
-199
-212
-215
-196
-180
-197
-224
-217
-219
-224
-222
-218
-203
-195
-207
-230
-239
-234
-220
-195
-209
-244
-270
-294
-279
-250
-237
-219
-220
-244
-243
-216
-172
-141
-118
-128
-147
-141
-132
-127
-115
-125
-156
-191
-205
-201
-203
-190
-194
-202
-213
-223
-236
-229
-218
-214
-196
-191
-195
-207
-218
-221
-213
-205
-184
-172
-174
-173
-192
-202
-207
-218
-231
-238
-233
-241
-243
-231
-224
-215
-212
-213
-225
-232
-234
-235
-213
-188
-169
-166
-176
-193
-200
-201
-191
-179
-185
-192
-215
-214
-206
-220
-242
-270
-282
-277
-247
-236
-250
-268
-276
-275
-271
-263
-258
-250
-224
-203
-187
-192
-203
-209
-196
-173
-175
-165
-166
-159
-156
-150
-162
-169
-170
-181
-178
-179
-172
-172
-153
-147
-164
-176
-192
-205
-219
-238
-243
-232
-232
-233
-236
-250
-260
-274
-286
-283
-282
-276
-260
-240
-223
-219
-216
-212
-217
-214
-206
-198
-199
-192
-198
-204
-209
-221
-211
-209
-217
-230
-254
-241
-232
-241
-233
-245
-248
-239
-224
-202
-195
-216
-250
-269
-277
-285
-298
-303
-301
-302
-294
-287
-298
-317
-322
-309
-315
-306
-298
-296
-305
-291
-291
-303
-317
-326
-321
-308
-287
-279
-268
-268
-266
-275
-275
-294
-301
-296
-289
-274
-272
-266
-260
-277
-284
-304
-318
-319
-316
-328
-326
-320
-345
-349
-361
-352
-352
-373
-389
-398
-414
-404
-392
-394
-394
-387
-389
-394
-392
-386
-395
-404
-392
-380
-376
-370
-367
-364
-362
-362
-345
-346
-337
-333
-332
-324
-325
-320
-322
-325
-313
-302
-298
-306
-290
-275
-285
-297
-303
-308
-329
-324
-322
-310
-307
-314
-315
-318
-314
-323
-334
-340
-336
-316
-303
-288
-289
-294
-292
-285
-272
-273
-269
-260
-231
-221
-209
-200
-200
-211
-209
-201
-183
-187
-185
-177
-197
-199
-201
-200
-211
-203
-208
-227
-231
-226
-231
-259
-268
-281
-281
-273
-263
-262
-260
-258
-254
-240
-238
-231
-237
-220
-207
-195
-215
-229
-222
-223
-208
-199
-184
-178
-174
-175
-168
-181
-176
-172
-182
-169
-149
-141
-150
-165
-164
-150
-139
-137
-125
-132
-133
-129
-104
-65
-46
-25
-24
-25
-26
-19
-20
-18
-15
-15
-9
-18
-16
-31
-32
-37
-31
-21
-27
-41
-46
-43
-49
-53
-52
-34
-25
-29
-30
-17
-13
-7
19
28
26
29
32
25
24
33
33
39
43
47
35
18
7
2
11
6
12
13
24
40
45
48
37
45
47
66
93
112
130
117
109
96
96
75
68
65
64
49
48
51
50
41
14
0
-6
-29
-33
-33
-34
-26
-27
-24
-20
-19
-21
-25
-34
-20
-2
5
2
2
-12
-29
-23
-21
-23
-47
-58
-55
-50
-35
-48
-68
-76
-89
-92
-106
-110
-115
-118
-98
-89
-98
-104
-117
-131
-130
-128
-122
-105
-101
-97
-99
-104
-102
-102
-101
-112
-122
-115
-112
-116
-124
-114
-127
-142
-146
-158
-157
-147
-145
-143
-124
-128
-137
-128
-128
-115
-101
-96
-100
-100
-104
-109
-112
-118
-109
-116
-129
-130
-132
-117
-108
-112
-119
-139
-153
-161
-149
-131
-129
-126
-124
-128
-138
-140
-138
-134
-139
-142
-145
-153
-168
-187
-195
-204
-192
-160
-152
-146
-138
-133
-137
-119
-111
-113
-119
-125
-121
-126
-130
-143
-150
-155
-167
-164
-169
-161
-150
-143
-138
-132
-126
-144
-145
-150
-143
-129
-114
-117
-123
-120
-128
-124
-134
-121
-116
-109
-94
-85
-96
-98
-98
-104
-94
-89
-69
-72
-68
-72
-62
-51
-61
-51
-46
-58
-42
-23
-31
-15
-1
-1
-22
-39
-36
-36
-28
-25
-20
-38
-51
-43
-37
-37
-42
-54
-70
-79
-63
-46
-37
-39
-57
-68
-84
-90
-103
-91
-85
-74
-66
-75
-69
-73
-76
-86
-96
-96
-95
-106
-105
-122
-133
-164
-183
-180
-191
-195
-202
-214
-217
-205
-196
-185
-191
-207
-219
-220
-206
-198
-205
-223
-236
-239
-237
-246
-251
-247
-234
-224
-218
-237
-256
-270
-275
-264
-274
-286
-305
-301
-289
-274
-272
-286
-321
-337
-343
-344
-310
-297
-302
-324
-320
-314
-289
-260
-262
-267
-285
-307
-315
-316
-327
-338
-346
-341
-342
-350
-363
-358
-354
-372
-381
-406
-407
-387
-371
-366
-384
-408
-437
-441
-458
-452
-441
-425
-386
-369
-369
-393
-416
-421
-398
-375
-377
-388
-396
-395
-387
-389
-375
-374
-405
-411
-412
-397
-373
-376
-378
-374
-369
-365
-361
-351
-351
-353
-351
-342
-327
-327
-334
-351
-359
-368
-373
-385
-389
-389
-388
-379
-387
-392
-405
-411
-397
-383
-380
-351
-323
-314
-322
-333
-338
-322
-293
-281
-269
-277
-276
-272
-269
-263
-257
-278
-303
-298
-289
-275
-278
-283
-282
-291
-297
-304
-309
-325
-336
-334
-315
-305
-302
-313
-319
-331
-341
-346
-350
-354
-351
-330
-307
-296
-280
-287
-286
-277
-275
-278
-265
-247
-237
-236
-246
-244
-263
-258
-245
-219
-218
-223
-211
-209
-205
-197
-200
-196
-206
-193
-179
-182
-187
-203
-218
-236
-251
-239
-216
-207
-191
-184
-189
-208
-212
-208
-204
-192
-187
-175
-172
-166
-151
-152
-144
-115
-97
-102
-88
-76
-74
-65
-58
-80
-87
-87
-83
-76
-58
-52
-35
-8
-17
-16
-16
-7
-5
-9
-20
-34
-52
-61
-79
-71
-65
-44
-36
-54
-72
-78
-83
-81
-63
-57
-53
-45
-29
-23
-32
-35
-33
-32
-23
-10
-1
-4
-14
-21
-29
-28
-24
-20
-21
-24
-27
-28
-40
-48
-54
-44
-41
-49
-36
-21
-15
-16
-29
-35
-39
-56
-67
-81
-94
-99
-107
-106
-113
-121
-128
-124
-126
-115
-110
-116
-102
-102
-110
-124
-127
-131
-123
-119
-124
-120
-120
-127
-121
-120
-119
-114
-103
-99
-90
-82
-78
-76
-91
-90
-95
-97
-100
-105
-105
-119
-131
-135
-140
-151
-155
-172
-178
-174
-178
-162
-168
-172
-177
-193
-181
-174
-198
-201
-199
-201
-189
-179
-194
-203
-194
-184
-191
-195
-193
-208
-196
-198
-203
-212
-222
-222
-206
-202
-206
-223
-241
-242
-243
-242
-230
-223
-229
-214
-209
-183
-152
-131
-128
-149
-189
-206
-217
-200
-188
-196
-196
-192
-178
-170
-164
-167
-164
-161
-147
-158
-167
-189
-206
-207
-201
-192
-193
-189
-199
-190
-179
-175
-164
-162
-165
-164
-174
-182
-179
-164
-162
-151
-130
-112
-105
-118
-113
-115
-118
-102
-105
-95
-73
-67
-62
-54
-65
-75
-55
-33
-14
20
44
44
23
2
-10
8
11
4
-2
-36
-51
-61
-52
-42
-41
-41
-40
-43
-44
-39
-21
-2
23
55
63
72
62
63
87
106
119
118
126
133
132
140
133
137
130
133
121
113
107
111
127
125
118
111
111
125
140
153
164
167
177
170
157
133
129
120
111
110
107
104
104
99
