-48
-38
-35
-43
-58
-53
-44
-46
-38
-48
-59
-69
-64
-50
-42
-26
-39
-54
-37
-48
-50
-48
-52
-68
-70
-62
-51
-50
-59
-71
-71
-71
-84
-65
-55
-58
-67
-87
-84
-76
-86
-82
-79
-96
-89
-78
-87
-90
-98
-108
-113
-119
-124
-120
-111
-123
-131
-132
-144
-137
-151
-155
-167
-182
-165
-151
-135
-125
-124
-139
-145
-153
-158
-165
-163
-176
-180
-185
-190
-183
-194
-207
-222
-215
-219
-217
-213
-220
-232
-227
-214
-194
-179
-177
-161
-159
-171
-180
-186
-175
-165
-166
-170
-187
-201
-183
-179
-175
-194
-215
-202
-216
-237
-246
-257
-252
-235
-248
-262
-277
-279
-275
-275
-270
-268
-276
-301
-316
-331
-343
-332
-331
-332
-328
-320
-336
-336
-337
-340
-321
-316
-329
-327
-328
-349
-334
-339
-337
-330
-337
-332
-329
-329
-344
-339
-345
-355
-334
-330
-327
-332
-329
-331
-342
-351
-349
-338
-335
-322
-324
-328
-334
-341
-332
-339
-340
-330
-329
-314
-304
-308
-327
-345
-347
-337
-326
-309
-293
-284
-277
-284
-291
-292
-284
-274
-276
-271
-270
-280
-281
-278
-264
-258
-268
-295
-326
-323
-307
-288
-288
-297
-314
-333
-335
-336
-329
-324
-319
-332
-350
-343
-319
-299
-302
-310
-326
-350
-337
-317
-318
-341
-353
-347
-347
-340
-332
-335
-330
-335
-355
-363
-371
-368
-353
-338
-334
-315
-292
-271
-263
-275
-288
-301
-301
-289
-265
-277
-285
-306
-308
-291
-279
-268
-273
-284
-302
-288
-278
-252
-235
-236
-248
-272
-285
-275
-271
-276
-280
-294
-298
-312
-301
-296
-277
-259
-277
-292
-302
-317
-319
-319
-338
-379
-400
-392
-391
-375
-379
-389
-400
-397
-391
-369
-356
-335
-315
-305
-292
-288
-273
-253
-259
-267
-275
-281
-271
-281
-279
-276
-273
-285
-306
-295
-286
-280
-282
-270
-263
-240
-230
-238
-250
-274
-277
-279
-263
-239
-232
-228
-236
-255
-265
-272
-285
-287
-283
-278
-265
-267
-242
-224
-212
-214
-226
-225
-220
-217
-219
-223
-229
-238
-244
-239
-214
-207
-200
-196
-210
-216
-209
-210
-208
-218
-235
-234
-235
-228
-218
-221
-226
-241
-239
-211
-189
-171
-168
-180
-185
-192
-187
-184
-187
-173
-168
-148
-142
-156
-133
-120
-101
-93
-85
-72
-58
-41
-41
-38
-41
-38
-49
-43
-42
-47
-38
-34
-28
-28
-27
-5
-5
1
-10
-13
-1
-4
-3
-9
-20
-32
-35
-37
-41
-38
-40
-39
-34
-38
-32
-21
-14
-8
-1
9
15
17
11
8
9
5
27
34
34
41
37
34
31
37
34
36
53
69
50
41
56
54
49
48
49
46
32
29
25
28
26
14
4
0
12
28
25
20
22
18
19
21
37
39
45
58
59
50
47
36
43
62
78
95
104
97
96
107
102
84
78
70
61
75
66
64
55
39
17
35
54
55
44
19
-3
-5
16
9
15
33
41
41
53
71
55
36
51
55
79
94
88
73
71
70
68
72
97
118
118
133
132
109
107
109
108
109
106
98
103
103
101
117
107
82
56
61
85
110
123
111
98
86
104
128
155
166
157
136
127
132
136
148
174
181
168
154
138
129
150
164
141
107
81
78
102
111
99
73
36
41
65
91
91
102
104
110
99
88
74
53
78
79
77
52
26
6
17
42
41
21
14
4
4
10
25
25
14
11
18
29
34
39
21
26
35
41
54
83
77
59
51
36
28
43
49
37
20
-13
-35
-32
-26
-22
-41
-56
-59
-48
-22
-14
-17
-16
-12
2
11
24
25
16
20
13
23
37
41
40
53
66
63
52
21
12
30
47
64
78
69
56
67
77
80
85
75
60
64
84
102
108
114
115
131
129
132
127
122
134
143
141
139
150
152
150
150
157
164
179
175
165
163
166
171
168
168
165
174
184
168
176
159
148
138
153
169
167
172
165
162
170
171
161
147
153
156
165
174
174
174
181
186
183
187
196
209
206
223
219
227
228
222
225
215
235
246
247
254
257
256
265
270
278
284
299
298
301
312
328
333
322
310
307
301
296
289
282
282
277
282
277
280
272
267
289
285
292
292
298
305
301
306
319
342
352
353
336
334
348
359
379
382
383
390
382
373
363
336
320
313
293
269
257
237
238
237
232
213
190
183
176
204
222
228
231
223
230
222
214
206
211
199
199
203
198
211
209
212
218
217
230
249
260
261
267
271
284
311
313
316
318
323
326
319
316
315
325
329
317
289
273
268
279
294
288
282
258
246
233
222
218
213
222
194
176
185
172
176
152
134
132
147
140
129
129
123
127
138
156
167
180
192
197
199
189
169
151
141
140
132
111
98
113
117
120
92
57
37
45
79
108
119
104
60
35
39
67
96
113
109
90
75
85
110
126
135
115
93
96
91
99
89
54
44
33
29
33
38
41
37
21
10
-6
4
21
23
32
34
37
41
36
24
21
-1
-25
-24
-13
-22
-33
-52
-51
-58
-49
-49
-65
-79
-93
-90
-97
-83
-73
-67
-86
-86
-87
-88
-76
-60
-66
-76
-74
-77
-81
-82
-58
-50
-50
-65
-60
-74
-76
-89
-112
-122
-150
-149
-137
-118
-106
-108
-117
-114
-107
-83
-66
-51
-25
-12
-4
-9
-8
-7
-14
-17
-20
-17
-11
-11
-15
-19
-36
-59
-59
-73
-62
-41
-15
-13
-33
-42
-36
-35
-57
-71
-79
-82
-61
-32
-20
-23
-26
-17
-19
-24
-23
-36
-33
-30
-15
9
4
20
19
16
23
11
7
21
32
46
45
40
44
54
58
70
93
106
103
92
91
86
102
109
103
90
81
85
95
108
102
89
86
89
91
96
93
90
77
57
45
42
36
34
25
18
30
40
38
54
66
67
57
51
53
54
61
51
43
53
43
28
26
29
40
42
39
51
44
39
40
27
24
35
51
54
52
44
59
53
47
52
37
42
52
50
59
64
54
57
55
69
73
73
64
51
45
36
40
48
42
35
40
43
42
45
48
49
35
25
19
8
14
18
5
-7
4
8
11
12
20
17
5
-16
-30
-39
-47
-45
-42
-45
-54
-71
-83
-65
-55
-46
-39
-40
-27
-16
-27
-35
-35
-31
-33
-31
-27
-18
-24
-22
-38
-43
-36
-44
-43
-39
-27
-18
-18
-15
-14
-7
2
23
44
34
29
21
18
30
32
39
28
27
26
3
12
25
20
15
19
6
6
11
9
7
8
17
28
29
16
17
21
33
31
7
-7
11
17
17
3
-28
-41
-34
-15
1
-21
-52
-76
-77
-53
-41
-52
-76
-101
-109
-102
-69
-41
-36
-43
-59
-65
-54
-18
-7
-14
-12
-10
-28
-31
-43
-41
-36
-51
-69
-101
-110
-75
-55
-47
-56
-75
-79
-64
-46
-26
-2
17
16
-2
-15
-20
-28
-30
-17
-2
-11
-23
-42
-36
-13
-2
-7
-19
-24
-30
-4
10
16
3
-3
-18
-18
-3
-9
-15
-33
-67
-44
-19
-2
9
0
-5
-21
-24
-23
-28
-60
-91
-114
-131
-138
-141
-144
-153
-165
-177
-178
-176
-148
-117
-119
-113
-107
-111
-95
-88
-87
-98
-98
-97
-104
-111
-114
-115
-113
-116
-134
-132
-156
-141
-148
-150
-140
-137
-127
-126
-124
-123
-122
-140
-155
-157
-149
-131
-123
-132
-145
-155
-155
-152
-155
-167
-180
-177
-163
-151
-129
-134
-139
-145
-154
-136
-132
-138
-148
-174
-189
-201
-212
-211
-208
-206
-199
-200
-204
-209
-209
-205
-216
-219
-210
-208
-205
-211
-226
-217
-220
-238
-239
-232
-238
-250
-252
-248
-256
-267
-265
-262
-256
-246
-246
-243
-259
-261
-260
-284
-277
-250
-238
-235
-236
-239
-238
-222
-215
-208
-199
-200
-198
-188
-189
-174
-166
-162
-156
-180
-181
-183
-183
-178
-176
-187
-200
-194
-202
-214
-210
-220
-234
-236
-242
-238
-235
-222
-203
-189
-190
-176
-178
-181
-174
-166
-173
-187
-170
-157
-142
-151
-168
-192
-202
-205
-209
-198
-194
-184
-183
-175
-190
-199
-205
-202
-196
-190
-179
-172
-169
-162
-154
-156
-142
-130
-132
-145
-145
-147
-150
-143
-138
-138
-141
-144
-135
-136
-128
-112
-112
-95
-74
-52
-23
-21
-17
-17
-2
15
16
21
26
38
49
47
39
44
44
55
75
85
85
88
85
75
70
88
83
80
79
66
53
51
42
36
32
43
59
65
73
66
54
58
66
85
100
103
109
123
126
105
104
104
106
110
109
102
99
100
107
125
132
112
86
56
55
83
106
121
110
97
84
90
134
169
187
192
162
167
169
198
227
214
190
166
160
161
156
157
141
121
122
124
120
119
120
137
157
154
159
153
168
187
188
174
172
194
207
213
200
164
144
152
162
163
148
131
112
120
126
131
140
126
113
111
121
145
164
172
163
149
142
156
173
179
182
166
161
168
177
188
200
192
188
177
164
158
135
122
101
71
56
54
70
80
74
69
57
62
78
102
108
114
113
114
137
148
131
123
109
101
99
101
97
108
128
143
148
130
109
103
109
106
107
107
104
91
80
66
46
36
26
29
27
34
41
43
49
40
41
41
39
47
49
29
20
10
16
18
24
36
41
42
43
43
31
24
3
-9
4
21
46
55
50
43
23
9
6
21
30
52
48
37
40
50
59
70
58
27
12
5
20
28
22
-3
-11
-19
-13
-5
-17
-26
-25
-21
-24
-3
21
32
31
33
36
29
27
46
53
74
81
88
87
72
76
81
83
79
100
104
122
124
126
132
121
128
119
119
124
141
152
146
129
110
118
132
142
156
152
139
120
124
143
159
186
191
190
187
198
187
203
206
206
205
213
207
195
207
203
199
199
207
202
211
208
205
198
190
194
195
195
183
195
191
186
172
145
127
121
116
121
127
114
109
90
93
100
103
111
109
101
99
109
115
117
116
110
102
113
125
126
134
137
143
130
124
116
117
133
148
132
114
98
81
76
85
105
83
79
75
57
45
43
45
41
37
30
14
25
40
33
23
18
31
45
56
64
59
57
68
58
61
86
100
114
121
100
72
57
65
81
84
72
43
37
53
65
82
80
43
8
1
17
42
55
44
16
-4
-4
34
68
88
113
121
103
98
117
125
145
151
134
113
104
110
110
108
90
69
49
57
82
87
96
73
33
23
49
75
98
127
149
160
172
174
156
146
156
176
184
152
119
86
91
109
110
98
75
68
75
83
90
83
73
68
83
105
126
125
119
92
63
66
70
75
66
59
54
42
26
32
33
25
12
-18
-44
-41
-37
-36
-61
-78
-93
-93
-87
-56
-34
-35
-29
-33
-17
2
24
35
25
26
23
38
37
37
42
49
39
25
18
-2
6
-2
5
25
45
48
44
37
31
37
15
20
34
33
51
80
87
74
74
75
79
74
68
60
66
84
80
88
96
100
89
80
86
92
99
95
75
66
82
101
105
111
112
123
131
134
140
136
139
132
123
138
146
150
156
160
168
153
137
126
133
149
158
188
192
197
195
188
196
206
219
235
244
244
246
245
248
250
254
246
257
272
279
286
284
269
269
278
297
302
305
313
317
328
334
340
322
315
304
299
302
300
310
310
319
336
337
324
313
309
327
344
353
357
368
387
382
385
389
398
401
398
393
368
348
355
376
383
384
378
363
363
367
372
374
364
362
359
352
348
353
340
318
308
303
294
305
324
315
313
306
296
294
280
271
264
262
254
241
225
225
223
221
227
226
234
235
233
232
240
242
241
246
249
257
258
248
247
246
234
241
253
259
253
243
230
238
230
240
236
215
198
183
180
179
185
192
172
161
159
155
175
174
167
159
157
161
154
156
151
146
178
195
188
196
208
207
199
190
185
164
168
175
149
140
118
101
115
140
133
121
97
51
62
100
124
150
138
108
102
93
121
154
161
144
124
120
130
166
195
190
177
155
138
135
149
167
147
119
107
104
112
113
108
90
63
37
18
26
45
54
65
68
62
84
94
82
72
42
23
21
35
39
33
14
-4
8
15
37
49
41
35
29
24
35
64
79
70
66
58
48
45
43
54
51
48
42
32
26
31
33
35
11
-22
-38
-58
-79
-91
-115
-161
-178
-175
-156
-147
-152
-184
-190
-180
-178
-155
-134
-141
-140
-141
-153
-160
-155
-166
-176
-171
-167
-171
-163
-147
-160
-180
-205
-220
-235
-232
-219
-209
-197
-192
-195
-204
-208
-221
-240
-235
-236
-239
-225
-222
-218
-212
-219
-226
-222
-219
-222
-218
-218
-210
-204
-202
-185
-172
-165
-164
-153
-160
-163
-172
-160
-154
-173
-181
-186
-184
-179
-166
-160
-163
-190
-205
-211
-217
-218
-221
-223
-220
-226
-230
-256
-266
-261
-267
-271
-273
-267
-242
-242
-263
-292
-313
-308
-282
-274
-289
-303
-333
-335
-313
-303
-288
-281
-306
-307
-291
-281
-254
-240
-237
-238
-243
-245
-264
-273
-272
-264
-253
-255
-254
-250
-254
-275
-274
-278
-281
-292
-296
-294
-297
-296
-297
-304
-318
-319
-301
-289
-290
-285
-286
-293
-281
-255
-251
-259
-268
-276
-302
-311
-304
-308
-309
-308
-328
-349
-352
-336
-327
-325
-321
-347
-350
-329
-323
-318
-324
-328
-345
-343
-336
-334
-325
-333
-340
-334
-332
-338
-343
-341
-335
-340
-346
-336
-336
-339
-321
-318
-324
-333
-307
-297
-278
-269
-264
-258
-260
-246
-238
-223
-214
-210
-205
-211
-213
-218
-211
-211
-219
-208
-215
-233
-233
-236
-240
-242
-243
-244
-254
-256
-258
-284
-287
-262
-262
-272
-278
-286
-283
-280
-266
-284
-294
-282
-291
-270
-275
-280
-275
-282
-270
-265
-257
-242
-234
-237
-253
-281
-295
-295
-300
-289
-292
-325
-332
-324
-315
-293
-291
-308
-338
-363
-342
-303
-273
-259
-280
-299
-298
-292
-258
-239
-227
-228
-228
-226
-219
-191
-177
-150
-162
-184
-175
-185
-179
-182
-211
-234
-247
-258
-234
-207
-211
-213
-244
-270
-256
-228
-215
-195
-172
-161
-169
-187
-203
-228
-226
-198
-200
-209
-245
-257
-246
-237
-210
-208
-243
-253
-245
-232
-213
-201
-201
-214
-218
-190
-172
-160
-152
-155
-160
-151
-122
-111
-102
-93
-88
-104
-104
-122
-132
-127
-146
-170
-199
-202
-185
-164
-165
-187
-198
-181
-177
-177
-160
-141
-123
-102
-90
-90
-83
-91
-84
-84
-89
-75
-70
-76
-81
-77
-80
-88
-120
-143
-146
-127
-116
-114
-116
-128
-142
-145
-137
-137
-148
-156
-158
-154
-134
-116
-113
-121
-131
-141
-146
-153
-161
-193
-201
-184
-168
-158
-160
-162
-168
-151
-133
-121
-123
-124
-127
-140
-136
-142
-123
-115
-127
-124
-132
-124
-110
-109
-102
-89
-92
-83
-74
-63
-50
-61
-66
-76
-82
-92
-77
-71
-76
-71
-60
-62
-64
-51
-40
-42
-32
-37
-37
-25
-24
-18
-24
-21
-31
-11
-14
-37
-37
-24
-16
-14
-18
-33
-37
-52
-48
-58
-47
-44
-50
-40
-45
-54
-57
-56
-55
-53
-46
-52
-45
-21
-19
-16
-25
-32
-42
-50
-45
-46
-40
-35
-30
-33
-37
-25
-5
-2
12
-3
-9
-3
-1
5
11
-1
-24
-16
-15
-16
-20
-29
-30
-35
-37
-36
-40
-33
-41
-61
-58
-62
-65
-53
-46
-42
-45
-71
-77
-79
-82
-84
-95
-105
-111
-109
-119
-127
-123
-127
-137
-135
-132
-117
-122
-124
-128
-122
-107
-101
-83
-70
-67
-54
-47
-51
-54
-52
-58
-58
-56
-59
-36
-26
-30
-47
-65
-77
-84
-89
-97
-108
-101
-90
-91
-94
-118
-121
-119
-125
-117
-111
-103
-103
-105
-107
-117
-104
-97
-90
-72
-69
-54
-38
-38
-47
-57
-61
-66
-82
-91
-98
-103
-91
-71
-59
-76
-96
-139
-150
-123
-75
-47
-55
-94
-128
-129
-107
-84
-63
-73
-97
-97
-106
-97
-74
-72
-77
-83
-86
-77
-63
-57
-82
-102
-128
-137
-136
-137
-131
-123
-127
-138
-155
-156
-128
-115
-104
-102
-106
-94
-61
-59
-69
-81
-104
-117
-93
-70
-70
-75
-87
-94
-90
-75
-61
-82
-75
-66
-73
-59
-48
-36
-26
-12
-5
0
19
23
18
15
1
0
6
7
8
22
9
0
-8
-13
-7
3
-14
-31
-55
-78
-59
-39
-27
-29
-37
-48
-44
-28
-19
-13
-4
14
35
52
58
54
45
37
41
45
42
42
69
95
99
75
41
38
41
41
40
48
59
64
69
62
48
36
15
1
-1
11
43
52
36
18
13
16
13
9
-14
-19
-10
6
21
25
29
20
29
33
30
49
54
51
53
36
21
28
49
65
68
60
57
36
7
11
19
21
8
-9
-17
-24
-23
-9
-3
-25
-43
-46
-39
-27
-11
-6
-5
-27
-42
-57
-69
-78
-83
-70
-68
-68
-51
-30
-28
-27
-34
-31
-26
-35
-14
-23
-28
-29
-32
-40
-50
-52
-47
-41
-36
-22
-25
-31
-38
-36
-56
-61
-69
-66
-52
-62
-56
-43
-46
-50
-53
-60
-56
-54
-53
-59
-65
-79
-74
-73
-56
-15
-27
-30
-62
-55
-46
-49
-12
-40
-37
-57
-45
-43
-41
-40
-68
-58
-47
-36
-47
-50
-50
-44
-43
-56
-72
-95
-118
-92
-77
-114
-119
-124
-145
-140
-138
-129
-150
-165
-161
-174
-164
-149
-129
-121
-148
-128
-130
-117
-128
-145
-110
-101
-100
-125
-129
-103
-96
-87
-101
-136
-138
-108
-74
-91
-92
-120
-127
-128
-172
-162
-158
-165
-163
-161
-157
-161
-138
-129
-147
-166
-182
-192
-204
-198
-201
-187
-170
-174
-132
-114
-105
-180
-250
-268
-226
-129
-158
-205
-225
-208
-192
-145
-103
-145
-153
-164
-194
-183
-171
-146
-153
-139
-111
-134
-132
-161
-157
-133
-97
-64
-99
-98
-112
-88
-53
-56
-57
-74
-9
-10
-23
-14
-17
13
-6
0
25
33
39
11
-11
-23
-40
-64
-72
-63
-12
-6
-23
-41
-68
-38
-4
40
57
57
43
30
46
32
16
28
28
27
8
12
1
-5
23
-1
-15
-24
-30
6
42
92
92
183
237
260
283
256
196
127
117
49
12
-45
-90
-109
-129
-89
-59
-39
-22
-11
-1
-59
-103
-157
-231
-230
-228
-189
-173
-157
-111
-48
39
96
127
173
210
205
181
114
78
46
34
11
-55
-78
-97
-98
-133
-147
-151
-130
-94
-94
-92
-109
-110
-102
-94
-68
-68
-65
-68
-86
-91
-94
-60
-46
-40
-38
-70
-66
-72
-78
-78
-92
-131
-145
-112
-88
-73
-51
-63
-72
-36
-4
9
7
-10
-12
-17
10
9
1
12
-12
17
52
57
43
47
28
14
28
20
-8
-9
-16
-17
-39
-51
-31
-15
2
-6
5
5
-10
-26
-42
-64
-61
-35
-20
-29
-53
-90
-79
-47
-46
-25
-28
-21
-16
-10
11
4
-3
-24
-40
-25
14
52
36
47
67
82
113
97
81
78
63
20
-25
-40
-67
-68
-58
-66
-80
-128
-130
-123
-124
-97
-98
-67
-45
-36
-19
-27
-26
-34
-35
-36
-51
-65
-66
-52
-48
-47
-54
-72
-65
-45
-20
-1
-9
-20
-27
-40
-43
-48
-74
-121
-123
-118
-107
-76
-63
-58
-63
-55
-31
-49
-56
-78
-88
-102
-117
-136
-171
-186
-182
-160
-152
-141
-123
-105
-94
-94
-92
-102
-116
-108
-120
-112
-108
-109
-126
-131
-137
-168
-142
-138
-146
-154
-172
-160
-172
-148
-116
-111
-95
-101
-84
-94
-112
-108
-129
-114
-128
-162
-161
-165
-181
-188
-178
-152
-166
-177
-178
-211
-200
-195
-170
-164
-150
-128
-137
-115
-131
-138
-127
-132
-139
-180
-193
-214
-220
-169
-136
-146
-182
-222
-241
-212
-170
-157
-175
-213
-238
-250
-242
-189
-148
-138
-138
-161
-145
-94
-7
6
-18
-41
-98
-95
-102
-115
-160
-216
-218
-206
-193
-169
-151
-134
-117
-114
-139
-169
-196
-224
-221
-198
-186
-168
-130
-69
-31
-14
-26
-37
-67
-90
-121
-158
-190
-213
-213
-208
-179
-169
-159
-163
-151
-133
-137
-131
-148
-171
-187
-199
-177
-200
-212
-200
-193
-179
-164
-128
-114
-95
-61
-84
-115
-150
-172
-231
-283
-306
-355
-367
-359
-316
-270
-219
-182
-185
-183
-176
-210
-238
-264
-275
-264
-260
-266
-261
-245
-213
-176
-151
-130
-88
-74
-113
-120
-155
-198
-221
-240
-230
-207
-158
-150
-161
-139
-123
-103
-109
-118
-151
-141
-112
-136
-153
-168
-158
-148
-112
-73
-99
-125
-131
-115
-85
-54
-18
-18
1
40
55
63
30
43
56
71
58
13
27
13
20
21
22
6
-27
-1
-10
18
49
58
60
45
86
116
109
88
55
45
44
22
-17
-25
19
47
74
91
86
98
121
150
135
123
117
70
25
-2
11
-4
-26
-11
-17
12
53
82
54
32
34
19
30
11
14
38
56
85
50
54
56
54
63
49
43
9
3
9
-9
-3
-42
-34
-36
-28
9
-14
-24
-48
-25
-7
8
26
3
-3
1
-1
7
-15
-36
-25
0
-15
-30
-33
-44
-50
-30
-7
20
28
35
25
-9
-11
-21
-24
-51
-32
-18
-9
-26
-64
-39
-20
-24
-48
-76
-106
-118
-119
-135
-163
-201
-214
-183
-169
-138
-91
-57
-58
-43
5
17
6
-3
-13
-66
-81
-68
-60
-75
-91
-82
-81
-81
-57
-73
-91
-115
-135
-142
-165
-164
-156
-131
-128
-101
-97
-104
-80
-50
-21
-19
-34
-74
-97
-91
-115
-134
-166
-196
-186
-185
-147
-166
-190
-182
-144
-109
-88
-67
-96
-88
-61
-43
-57
-95
-102
-121
-115
-135
-165
-165
-162
-129
-98
-107
-140
-180
-173
-164
-144
-169
-244
-296
-313
-288
-214
-161
-149
-171
-168
-143
-95
-39
-48
-55
-95
-153
-180
-221
-224
-231
-208
-191
-197
-196
-188
-134
-137
-164
-206
-233
-230
-216
-191
-190
-183
-156
-113
-92
-90
-73
-68
-85
-125
-124
-148
-174
-218
-232
-246
-256
-241
-246
-215
-189
-138
-138
-124
-117
-107
-90
-116
-107
-96
-65
-82
-94
-70
-42
5
2
-17
-27
-66
-78
-102
-132
-199
-232
-248
-270
-237
-247
-245
-249
-224
-160
-112
-67
-72
-50
-12
15
15
-26
-13
-21
-32
-58
-66
-53
-71
-79
-81
-25
20
28
8
-46
-22
-15
-42
-77
-116
-112
-88
-105
-133
-116
-99
-104
-107
-83
-62
-22
-9
-42
-74
-98
-110
-133
-173
-178
-156
-169
-163
-155
-131
-93
-69
-62
-53
-17
-8
-23
-46
-75
-88
-105
-134
-163
-163
-124
-126
-157
-168
-149
-153
-146
-133
-147
-127
-130
-148
-187
-175
-163
-177
-183
-173
-151
-153
-115
-113
-140
-138
-163
-223
-300
-293
-302
-330
-333
-319
-289
-275
-235
-209
-192
-122
-106
-142
-212
-235
-263
-272
-255
-249
-247
-231
-144
-113
-87
-24
-28
-90
-164
-198
-237
-267
-324
-383
-404
-382
-320
-281
-250
-184
-134
-89
-89
-116
-165
-174
-189
-261
-313
-328
-310
-299
-281
-241
-214
-185
-165
-184
-219
-240
-268
-325
-370
-333
-301
-306
-288
-239
-158
-70
-33
-42
-81
-118
-158
-224
-288
-339
-380
-401
-398
-360
-263
-197
-192
-234
-257
-247
-261
-286
-332
-383
-404
-406
-374
-358
-313
-221
-178
-142
-107
-26
5
-52
-96
-137
-111
-129
-147
-180
-202
-167
-149
-138
-169
-162
-168
-197
-193
-207
-205
-223
-237
-272
-259
-201
-150
-102
-95
-67
-73
-113
-108
-130
-155
-172
-124
-150
-163
-128
-100
-70
-45
16
8
-25
-47
-75
-119
-178
-223
-273
-275
-271
-232
-226
-253
-249
-243
-215
-193
-180
-225
-289
-314
-316
-273
-234
-202
-190
-173
-160
-138
-74
-11
-11
-50
-51
-65
-77
-52
-43
-59
-83
-89
-77
-61
-50
-87
-161
-226
-284
-299
-288
-280
-288
-281
-226
-190
-139
-83
-1
36
74
101
100
76
37
21
-67
-110
-113
-104
-108
-112
-104
-109
-128
-120
-95
-95
-136
-201
-254
-280
-289
-300
-294
-261
-236
-179
-89
-29
44
124
148
121
84
73
40
-18
-52
-100
-119
-128
-114
-94
-83
-51
-41
-36
-82
-76
-112
-132
-156
-205
-229
-239
-196
-190
-134
-92
-40
44
80
116
112
126
86
48
29
34
50
46
67
44
11
-15
20
64
66
66
25
-7
-10
19
2
-48
-85
-74
-33
15
43
78
104
104
126
110
106
73
69
59
54
35
15
22
4
55
88
100
64
45
57
53
80
70
39
-30
-44
-25
-31
-44
-71
-99
-137
-191
-184
-192
-203
-200
-198
-184
-191
-144
-108
-83
-84
-128
-128
-150
-139
-148
-130
-188
-226
-218
-200
-147
-157
-116
-93
-50
-26
11
21
1
5
-7
-26
-84
-83
-96
-88
-92
-91
-46
-21
26
14
36
54
77
112
123
151
140
155
143
123
118
121
104
49
17
30
64
91
70
58
79
130
165
156
131
63
31
-12
-47
-93
-148
-196
-274
-309
-306
-289
-292
-309
-299
-263
-226
-207
-250
-317
-347
-306
-301
-364
-410
-446
-427
-428
-435
-406
-381
-332
-307
-299
-310
-311
-321
-337
-330
-342
-337
-325
-351
-374
-335
-275
-264
-289
-304
-268
-240
-217
-208
-209
-199
-147
-91
-66
-32
41
94
131
136
158
164
137
87
24
-29
-42
-73
-157
-212
-235
-236
-213
-177
-149
-114
-31
22
7
-7
-21
-58
-107
-142
-178
-221
-232
-210
-190
-163
-78
-38
-30
-24
-21
-60
-146
-203
-292
-354
-446
-524
-582
-608
-596
-637
-655
-658
-625
-590
-639
-707
-762
-745
-773
-799
-891
-953
-970
-947
-893
-873
-823
-807
-769
-737
-690
-605
-538
-452
-391
-318
-237
-97
33
126
229
306
336
343
331
301
321
276
178
62
-42
-67
-98
-146
-262
-396
-501
-513
-477
-466
-462
-438
-412
-348
-276
-232
-203
-136
-51
7
32
44
88
133
221
296
334
367
386
411
407
426
379
284
153
7
-93
-212
-310
-452
-583
-722
-803
-830
-801
-773
-775
-730
-728
-754
-793
-819
-835
-904
-977
-1098
-1215
-1265
-1251
-1281
-1316
-1313
-1248
-1123
-954
-816
-654
-423
-165
36
153
266
395
506
514
491
429
345
236
91
-2
-89
-119
-212
-310
-363
-360
-356
-429
-556
-710
-820
-922
-1042
-1169
-1234
-1215
-1137
-1026
-877
-652
-397
-118
161
405
641
841
976
1057
1119
1152
1107
1029
936
850
760
624
466
302
190
53
-107
-288
-424
-503
-585
-636
-729
-750
-742
-701
-649
-645
-637
-641
-629
-643
-646
-674
-709
-737
-809
-856
-927
-975
-1064
-1093
-1082
-1050
-991
-931
-825
-700
-513
-250
-16
137
218
342
458
513
471
351
219
145
118
92
41
18
21
65
34
24
-9
-82
-260
-541
-757
-937
-1100
-1299
-1415
-1409
-1282
-1071
-872
-623
-321
69
398
641
809
957
1060
1039
1005
979
973
924
874
859
887
930
930
906
818
762
657
490
244
22
-132
-295
-458
-601
-626
-592
-571
-555
-536
-490
-482
-509
-606
-725
-792
-855
-990
-1172
-1337
-1377
-1358
-1310
-1237
-1099
-928
-736
-516
-220
72
324
508
617
717
778
839
795
638
470
357
350
320
273
242
303
395
470
475
375
254
109
-107
-419
-752
-1050
-1296
-1485
-1570
-1501
-1337
-1110
-821
-450
-22
384
706
886
996
1106
1169
1135
1011
867
813
809
837
868
933
1022
1132
1239
1276
1216
1005
785
543
306
67
-177
-395
-606
-696
-692
-623
-580
-545
-494
-441
-406
-504
-656
-860
-997
-1152
-1312
-1487
-1638
-1684
-1618
-1434
-1237
-1014
-783
-476
-111
219
520
697
833
894
918
900
860
752
611
504
452
463
498
532
577
640
702
680
545
317
53
-201
-521
-890
-1272
-1592
-1769
-1833
-1777
-1617
-1351
-1041
-643
-218
193
533
751
879
917
974
977
931
797
701
732
824
947
1009
1120
1237
1364
1428
1365
1216
993
764
505
226
-74
-342
-535
-676
-719
-743
-710
-658
-603
-547
-544
-554
-621
-743
-942
-1171
-1372
-1546
-1642
-1679
-1629
-1561
-1393
-1055
-593
-80
309
663
927
1198
1420
1547
1490
1246
1023
824
717
558
441
385
406
550
726
888
960
972
840
595
290
-88
-508
-1010
-1454
-1732
-1842
-1851
-1800
-1596
-1184
-624
-89
339
676
967
1255
1386
1349
1177
972
808
664
590
594
671
782
936
1165
1407
1564
1549
1429
1249
1051
771
404
-10
-351
-546
-676
-752
-801
-776
-669
-543
-452
-427
-444
-547
-668
-842
-1030
-1253
-1491
-1673
-1742
-1657
-1547
-1374
-1140
-737
-174
316
652
865
1180
1431
1566
1454
1229
1039
818
665
452
352
311
378
522
644
815
943
1025
882
645
411
122
-321
-906
-1349
-1659
-1798
-1874
-1865
-1699
-1304
-712
-140
312
688
1088
1379
1473
1399
1280
1136
903
658
529
509
570
643
762
981
1230
1453
1501
1396
1226
1099
873
501
83
-209
-358
-517
-613
-677
-616
-517
-410
-322
-293
-320
-454
-601
-842
-1052
-1304
-1471
-1601
-1649
-1595
-1476
-1177
-789
-257
220
618
894
1191
1515
1679
1622
1342
1094
872
687
470
269
139
154
304
467
698
873
994
937
772
555
339
-45
-626
-1198
-1565
-1733
-1849
-1919
-1866
-1562
-1012
-401
109
555
990
1407
1634
1614
1501
1321
1104
803
581
450
430
438
504
642
903
1228
1365
1311
1205
1173
1056
816
406
-2
-227
-336
-420
-527
-519
-462
-339
-249
-165
-135
-174
-271
-506
-791
-1045
-1226
-1363
-1454
-1446
-1285
-987
-541
-63
458
861
1191
1531
1834
1968
1776
1486
1156
914
672
432
176
-12
57
300
617
861
1128
1260
1207
1071
934
726
279
-314
-913
-1292
-1491
-1598
-1632
-1543
-1183
-623
-21
448
856
1311
1689
1823
1711
1550
1367
1114
804
555
441
391
402
445
612
897
1206
1370
1322
1250
1186
1095
818
405
44
-187
-327
-462
-539
-488
-330
-152
10
38
66
62
-15
-244
-565
-869
-1139
-1336
-1489
-1477
-1348
-962
-446
102
498
872
1410
1930
2187
2020
1727
1449
1173
811
407
19
-235
-222
-63
177
451
835
1132
1213
1181
1189
1073
674
36
-575
-1011
-1304
-1545
-1763
-1788
-1470
-835
-219
220
624
1187
1684
1885
1837
1670
1470
1137
788
477
277
155
108
120
260
589
905
1075
1017
1005
1052
1012
692
213
-133
-333
-476
-642
-711
-699
-563
-431
-288
-126
-1
69
-43
-251
-591
-790
-1025
-1240
-1434
-1533
-1346
-1020
-525
-144
302
802
1367
1808
1892
1833
1573
1324
908
495
91
-309
-536
-638
-508
-290
64
400
570
640
745
873
685
217
-377
-850
-1182
-1471
-1692
-1883
-1794
-1364
-751
-209
217
747
1268
1595
1634
1578
1432
1121
683
276
17
-170
-262
-349
-340
-126
228
548
587
563
599
674
529
178
-143
-363
-496
-662
-770
-819
-751
-610
-466
-367
-310
-262
-306
-467
-692
-804
-874
-1002
-1237
-1275
-973
-528
-172
-33
219
639
1173
1422
1383
1196
1022
923
652
294
-125
-301
-339
-346
-290
-105
258
476
488
434
526
551
339
-145
-656
-948
-1074
-1167
-1384
-1504
-1224
-676
-207
101
450
940
1336
1456
1384
1298
1156
882
511
143
-47
-125
-195
-325
-335
-74
249
369
276
283
436
494
289
-57
-265
-367
-373
-476
-602
-639
-554
-357
-271
-232
-262
-272
-413
-665
-850
-936
-938
-1066
-1025
-773
-313
81
324
630
1030
1439
1587
1495
1243
949
701
372
-18
-446
-638
-624
-534
-392
-151
215
478
570
620
678
621
249
-221
-650
-887
-1075
-1195
-1264
-1224
-873
-323
276
735
1201
1683
1986
2029
1887
1767
1494
1094
574
164
-86
-217
-269
-307
-234
-61
207
314
304
304
312
225
-56
-339
-532
-609
-690
-722
-662
-451
-213
-58
39
94
157
106
-103
-460
-711
-854
-935
-1021
-931
-575
-118
299
621
1104
1607
2000
2018
1817
1468
1143
757
243
-349
-816
-932
-935
-861
-749
-363
59
335
478
600
688
541
184
-344
-787
-1115
-1300
-1520
-1632
-1412
-800
-124
336
799
1428
2042
2327
2300
2117
1869
1509
1054
485
-32
-358
-518
-622
-675
-526
-192
87
129
127
229
317
120
-287
-643
-829
-908
-1044
-1107
-1131
-949
-720
-443
-318
-279
-206
-218
-335
-573
-647
-747
-737
-692
-480
-190
52
513
1043
1602
1800
1888
1809
1630
1343
972
524
-134
-617
-854
-888
-963
-912
-627
-364
-175
-23
247
334
138
-167
-476
-759
-1076
-1269
-1428
-1441
-1158
-635
-85
338
916
1605
2156
2370
2411
2386
2155
1770
1317
869
371
-56
-338
-487
-519
-431
-273
-176
-104
20
164
125
-83
-296
-458
-639
-811
-918
-905
-869
-724
-495
-291
-196
-179
-84
-77
-118
-234
-339
-434
-401
-143
159
282
398
844
1445
1816
1826
1766
1678
1500
1189
848
357
-165
-470
-574
-656
-754
-537
-263
-104
-115
57
290
254
-51
-412
-593
-785
-922
-1131
-1242
-1083
-587
-12
379
770
1380
2012
2343
2405
2411
2365
2100
1682
1227
822
476
185
-104
-317
-340
-197
-129
-217
-267
-183
-98
-254
-507
-736
-807
-857
-930
-936
-890
-725
-558
-343
-202
-133
-61
-16
-48
-225
-296
-227
-47
72
239
422
708
1115
1585
1884
1890
1777
1665
1525
1210
803
325
-121
-464
-632
-661
-615
-453
-310
-192
-42
225
343
201
-121
-393
-585
-768
-997
-1235
-1307
-1035
-503
-35
344
855
1556
2138
2469
2586
2602
2466
2183
1801
1379
957
605
325
56
-61
-7
110
54
-64
-70
23
-47
-337
-618
-816
-890
-1003
-1078
-1151
-1044
-804
-485
-230
-85
58
163
290
330
275
222
319
489
603
610
697
1044
1449
1720
1736
1633
1480
1377
1182
833
250
-278
-579
-721
-885
-988
-801
-570
-473
-427
-161
127
153
-10
-180
-313
-474
-607
-765
-894
-770
-324
135
403
726
1364
2036
2400
2481
2498
2465
2254
1930
1513
1103
719
397
85
-142
-112
50
115
-11
-42
60
130
-52
-419
-667
-830
-930
-1107
-1282
-1271
-1105
-815
-609
-388
-176
132
368
473
470
498
820
1082
1189
1065
1098
1468
1885
2060
1899
1699
1586
1569
1382
967
453
-11
-330
-593
-796
-846
-784
-698
-703
-630
-386
-119
-104
-320
-473
-470
-377
-426
-578
-631
-308
252
657
865
1214
1880
2418
2655
2704
2773
2708
2414
2025
1627
1206
820
490
127
-83
-31
112
7
-170
-118
112
135
-86
-364
-507
-586
-693
-817
-971
-974
-827
-633
-465
-281
6
326
532
557
701
1084
1548
1684
1585
1598
1944
2346
2463
2310
2030
1854
1752
1608
1208
620
186
-35
-242
-521
-648
-585
-575
-702
-721
-504
-294
-355
-595
-730
-646
-483
-437
-561
-593
-241
432
988
1214
1467
2110
2837
3189
3162
3092
3076
2924
2553
2097
1643
1225
827
446
134
53
84
-16
-263
-372
-218
-126
-333
-692
-892
-898
-883
-986
-1142
-1153
-952
-678
-467
-292
-43
317
607
760
990
1448
1941
2130
2045
2133
2544
2961
2909
2555
2220
2089
1957
1632
1117
542
164
-59
-255
-551
-689
-619
-628
-832
-975
-781
-636
-811
-1168
-1324
-1216
-1035
-971
-1037
-930
-378
418
1015
1326
1764
2489
3148
3436
3460
3445
3353
3118
2752
2344
1901
1516
1085
660
387
354
305
-12
-384
-512
-427
-501
-830
-1235
-1410
-1424
-1371
-1414
-1481
-1425
-1195
-878
-596
-308
-25
333
555
829
1272
1858
2212
2175
2256
2685
3205
3235
2941
2585
2378
2138
1745
1160
481
-1
-250
-466
-824
-1081
-1078
-1020
-1139
-1184
-1029
-922
-1114
-1444
-1616
-1586
-1512
-1515
-1604
-1583
-1136
-414
207
547
1028
1799
2530
2915
3039
3192
3218
3052
2723
2374
1989
1573
1174
801
555
425
302
55
-232
-371
-433
-565
-928
-1294
-1517
-1631
-1754
-1958
-2045
-2003
-1752
-1491
-1211
-917
-583
-203
94
548
1094
1667
1935
2007
2247
2709
3163
3176
2886
2537
2345
2225
1949
1375
662
217
4
-234
-624
-941
-1026
-1077
-1228
-1368
-1354
-1387
-1568
-1785
-1931
-1951
-1910
-1890
-1921
-1779
-1284
-620
-105
220
736
1494
2153
2510
2655
2762
2799
2730
2487
2171
1835
1567
1277
918
694
624
605
366
63
-150
-225
-397
-826
-1296
-1646
-1775
-1933
-2141
-2375
-2417
-2242
-1975
-1693
-1424
-962
-517
-64
396
993
1603
1905
1996
2185
2691
3050
3020
2713
2412
2270
2152
1919
1371
743
324
148
-95
-568
-908
-1048
-1199
-1503
-1685
-1625
-1644
-1892
-2168
-2185
-2068
-1985
-2020
-2055
-1854
-1343
-721
-295
31
524
1211
1780
2073
2244
2391
2502
2435
2238
1969
1742
1506
1184
834
585
513
396
173
-128
-306
-354
-481
-777
-1179
-1431
-1589
-1760
-2001
-2194
-2205
-2168
-2065
-1891
-1604
-1238
-828
-263
343
1016
1519
1927
2276
2687
3088
3168
2992
2628
2425
2225
1929
1439
963
637
425
271
23
-181
-353
-503
-763
-1053
-1309
-1517
-1785
-2151
-2416
-2466
-2340
-2273
-2235
-1944
-1351
-680
-186
211
731
1302
1766
1992
2057
2082
2074
1999
1825
1609
1426
1355
1258
1142
1031
1018
994
824
622
435
274
-7
-421
-838
-1175
-1434
-1650
-1829
-1994
-2112
-2069
-1875
-1667
-1496
-1237
-866
-426
59
600
1102
1421
1732
2218
2714
2939
2881
2697
2571
2426
2195
1873
1428
1022
787
686
512
306
91
-86
-265
-459
-625
-883
-1274
-1721
-2018
-2149
-2185
-2295
-2372
-2186
-1684
-1084
-607
-196
348
1023
1600
1927
2082
2145
2112
2012
1829
1566
1311
1121
930
762
695
727
722
598
482
436
444
321
11
-352
-635
-823
-1043
-1320
-1608
-1793
-1841
-1731
-1591
-1448
-1210
-899
-484
6
571
1017
1292
1573
2009
2424
2549
2416
2205
2063
1905
1687
1335
918
619
438
323
115
-12
-6
-74
-295
-514
-601
-719
-1052
-1518
-1863
-2037
-2077
-2108
-2187
-2100
-1729
-1133
-621
-246
211
865
1462
1748
1846
1910
1955
1836
1571
1311
1084
854
587
411
333
348
335
215
94
32
90
-3
-283
-632
-824
-885
-1053
-1300
-1507
-1505
-1447
-1379
-1283
-1102
-818
-511
-75
386
830
1148
1411
1691
1996
2295
2368
2183
1803
1576
1518
1350
899
376
156
134
95
-82
-141
-147
-201
-320
-458
-596
-781
-1004
-1299
-1627
-1888
-1934
-1943
-1995
-1895
-1459
-810
-328
12
487
1132
1664
1903
1940
1869
1808
1717
1547
1262
959
723
545
432
336
313
287
186
78
5
-3
-152
-428
-766
-1008
-1190
-1301
-1415
-1553
-1597
-1489
-1209
-969
-791
-579
-245
176
629
1095
1448
1636
1786
2047
2347
2449
2337
2071
1783
1553
1324
1047
603
147
-143
-210
-286
-433
-509
-538
-563
-669
-731
-840
-1023
-1272
-1503
-1677
-1805
-1819
-1827
-1783
-1538
-1019
-452
-2
378
884
1414
1795
1948
1949
1864
1687
1474
1197
890
554
320
183
100
45
30
19
-21
-86
-154
-229
-441
-765
-1063
-1301
-1489
-1661
-1825
-1924
-1931
-1765
-1475
-1202
-957
-635
-226
284
795
1209
1468
1580
1763
2069
2302
2246
1964
1645
1414
1217
938
547
111
-233
-413
-499
-645
-754
-768
-801
-936
-1074
-1149
-1238
-1435
-1699
-1931
-2062
-2069
-2055
-2060
-1959
-1527
-903
-394
-42
395
1017
1551
1805
1818
1778
1683
1492
1228
905
567
230
3
-150
-252
-272
-250
-282
-361
-397
-369
-456
-744
-1126
-1368
-1511
-1659
-1858
-2064
-2160
-2078
-1824
-1540
-1291
-1032
-697
-319
93
561
1009
1268
1299
1383
1658
1972
1955
1632
1273
1096
1026
838
488
0
-354
-513
-566
-768
-1033
-1152
-1177
-1278
-1486
-1556
-1610
-1785
-2077
-2259
-2235
-2152
-2156
-2219
-2061
-1617
-1036
-560
-265
71
613
1252
1658
1724
1651
1592
1548
1376
1081
746
440
214
9
-156
-295
-354
-444
-541
-622
-638
-711
-958
-1264
-1555
-1701
-1819
-1968
-2184
-2333
-2227
-1937
-1678
-1505
-1259
-873
-489
-111
338
817
1181
1303
1376
1563
1817
1884
1674
1363
1078
972
889
640
119
-314
-413
-389
-533
-866
-1009
-1033
-1184
-1418
-1530
-1540
-1725
-2033
-2242
-2287
-2238
-2192
-2171
-2133
-1827
-1224
-635
-291
-37
469
1069
1499
1579
1533
1533
1520
1393
1132
856
593
423
232
50
-66
-61
-84
-352
-569
-593
-554
-779
-1184
-1487
-1606
-1642
-1797
-2011
-2150
-2088
-1822
-1595
-1427
-1226
-875
-530
-312
-112
187
610
871
937
943
1102
1377
1528
1426
1155
970
931
846
522
114
-147
-298
-486
-715
-890
-971
-1026
-1165
-1336
-1456
-1525
-1610
-1770
-1956
-2095
-2140
-2059
-1998
-1950
-1760
-1318
-810
-468
-181
230
756
1119
1303
1370
1434
1444
1341
1173
977
830
626
417
239
143
77
-12
-190
-431
-573
-646
-798
-1133
-1417
-1541
-1625
-1782
-1921
-1968
-1913
-1774
-1568
-1392
-1219
-980
-710
-501
-405
-292
-55
263
436
473
531
752
1059
1254
1304
1238
1079
917
784
573
235
-155
-512
-755
-971
-1123
-1189
-1238
-1388
-1512
-1469
-1390
-1449
-1678
-1861
-1900
-1850
-1848
-1959
-1974
-1747
-1291
-848
-551
-249
202
737
1162
1431
1512
1532
1550
1521
1340
1123
923
694
464
273
201
140
-17
-238
-392
-457
-494
-672
-976
-1258
-1386
-1455
-1554
-1660
-1717
-1642
-1490
-1266
-1095
-923
-740
-565
-453
-436
-398
-326
-143
49
225
313
437
728
1091
1371
1391
1272
1121
1036
873
498
26
-443
-768
-1013
-1217
-1401
-1477
-1451
-1414
-1362
-1322
-1191
-1122
-1192
-1343
-1499
-1534
-1571
-1655
-1719
-1543
-1163
-781
-456
-50
489
1027
1449
1686
1807
1879
1882
1728
1403
1036
739
485
214
-33
-172
-228
-252
-352
-410
-422
-427
-555
-792
-1007
-1196
-1306
-1406
-1488
-1549
-1524
-1361
-1176
-1008
-837
-618
-477
-477
-489
-454
-324
-193
-27
99
197
300
533
840
1095
1252
1249
1139
941
719
459
103
-353
-830
-1137
-1309
-1437
-1500
-1438
-1324
-1259
-1209
-1086
-998
-1023
-1116
-1230
-1406
-1565
-1621
-1613
-1516
-1255
-864
-426
78
622
1125
1508
1839
2043
2044
1879
1680
1407
1074
717
383
100
-69
-156
-218
-270
-293
-287
-273
-292
-393
-587
-802
-982
-1173
-1321
-1436
-1466
-1530
-1486
-1283
-1087
-899
-793
-639
-534
-449
-410
-429
-430
-362
-161
-11
77
169
384
736
1021
1107
990
812
634
393
81
-347
-774
-1137
-1345
-1431
-1455
-1395
-1301
-1229
-1210
-1066
-915
-957
-1205
-1450
-1590
-1705
-1820
-1935
-1973
-1792
-1328
-780
-319
96
622
1157
1526
1689
1707
1594
1372
1089
745
463
189
-71
-302
-394
-346
-221
-164
-160
-217
-236
-280
-462
-784
-1126
-1369
-1564
-1725
-1837
-1848
-1768
-1559
-1300
-1035
-835
-637
-494
-441
-468
-549
-682
-776
-807
-698
-548
-379
-191
90
456
780
976
952
812
584
352
55
-371
-806
-1159
-1363
-1475
-1498
-1449
-1308
-1168
-1055
-959
-876
-865
-1015
-1260
-1541
-1752
-1902
-1946
-1957
-1830
-1473
-953
-441
57
608
1105
1454
1638
1712
1623
1392
1095
778
441
175
-22
-146
-243
-214
-87
44
49
-33
-123
-239
-457
-805
-1159
-1427
-1648
-1811
-1836
-1745
-1583
-1396
-1098
-806
-539
-320
-198
-261
-405
-507
-581
-779
-965
-1049
-896
-616
-325
-76
180
522
866
1136
1148
983
715
407
65
-345
-709
-1023
-1237
-1363
-1291
-1050
-773
-559
-437
-346
-293
-329
-505
-818
-1164
-1461
-1693
-1783
-1719
-1520
-1188
-678
-105
460
1004
1476
1799
1928
1951
1844
1578
1187
783
458
263
157
70
22
72
241
389
398
320
186
4
-233
-566
-900
-1136
-1269
-1370
-1396
-1228
-938
-606
-368
-158
-20
148
202
111
-172
-470
-719
-909
-1061
-1171
-1165
-1030
-687
-272
167
481
789
1003
1124
1082
833
442
-63
-463
-819
-1042
-1220
-1267
-1149
-898
-573
-270
17
138
90
-73
-228
-472
-815
-1248
-1590
-1775
-1745
-1469
-1117
-685
-185
402
919
1349
1630
1766
1720
1468
1106
732
418
103
-177
-385
-392
-295
-155
-39
121
219
210
122
-110
-361
-686
-927
-1188
-1309
-1304
-1200
-986
-734
-416
-138
136
296
339
217
56
-216
-536
-909
-1211
-1430
-1570
-1555
-1435
-1200
-937
-549
-161
151
257
251
221
146
20
-267
-576
-908
-1068
-1101
-996
-875
-709
-489
-228
35
224
355
343
175
-139
-425
-639
-814
-992
-1123
-1132
-967
-626
-281
24
311
647
877
913
830
707
546
284
-6
-265
-418
-479
-473
-427
-306
-112
47
103
99
72
18
-81
-275
-472
-614
-653
-640
-588
-442
-208
9
191
341
481
508
397
180
-91
-405
-693
-973
-1226
-1406
-1501
-1469
-1394
-1297
-1200
-1087
-1012
-951
-855
-744
-724
-820
-891
-869
-740
-589
-515
-498
-445
-267
-74
118
225
338
398
449
489
562
628
603
450
251
173
138
57
-108
-263
-375
-417
-427
-428
-449
-437
-362
-326
-322
-316
-276
-289
-367
-415
-425
-395
-375
-344
-279
-106
65
181
225
329
443
567
591
569
513
508
560
586
597
583
595
560
529
475
350
172
-87
-318
-574
-773
-988
-1216
-1418
-1548
-1564
-1630
-1661
-1725
-1697
-1678
-1631
-1544
-1494
-1323
-1093
-808
-638
-433
-163
180
477
630
767
840
974
1053
1133
1160
1154
1151
1103
1107
1090
1068
948
690
400
124
-111
-413
-731
-1039
-1279
-1439
-1502
-1459
-1416
-1321
-1178
-965
-787
-621
-428
-336
-271
-204
-90
-13
63
206
367
545
738
960
1128
1282
1389
1439
1452
1380
1231
1015
861
668
449
230
53
-102
-257
-363
-494
-665
-834
-950
-1131
-1318
-1470
-1567
-1696
-1810
-1840
-1825
-1813
-1808
-1724
-1651
-1503
-1360
-1153
-955
-668
-289
70
391
626
901
1165
1387
1458
1433
1381
1307
1222
1093
983
863
756
642
558
463
356
214
-68
-428
-746
-978
-1235
-1552
-1836
-1997
-2006
-1849
-1632
-1415
-1202
-894
-598
-354
-143
67
235
279
339
406
518
670
867
1022
1134
1284
1423
1493
1436
1329
1172
981
722
404
111
-96
-196
-326
-448
-582
-618
-637
-624
-725
-856
-983
-1057
-1180
-1363
-1454
-1487
-1450
-1379
-1239
-1102
-948
-788
-683
-611
-536
-434
-354
-319
-249
-106
160
453
728
883
1019
1133
1252
1291
1188
982
692
479
287
151
63
15
6
10
95
128
162
48
-183
-491
-801
-1035
-1227
-1360
-1471
-1481
-1351
-1131
-836
-563
-202
106
291
419
540
658
625
579
537
533
623
747
905
968
1107
1225
1287
1240
1087
940
700
511
255
57
-107
-175
-171
-213
-206
-235
-235
-245
-254
-331
-433
-444
-499
-500
-498
-401
-341
-269
-174
-73
4
20
-16
-187
-383
-555
-657
-684
-751
-758
-750
-564
-305
5
270
404
524
539
614
604
568
493
351
302
252
378
513
660
760
780
817
732
623
328
4
-352
-698
-965
-1198
-1255
-1263
-1124
-951
-800
-622
-453
-247
-152
-79
-103
-131
-143
-125
13
154
362
531
756
952
1113
1233
1261
1263
1141
971
727
565
449
392
356
333
406
460
605
622
651
558
441
292
95
-35
-223
-324
-476
-511
-529
-536
-465
-486
-445
-549
-604
-740
-932
-1101
-1336
-1410
-1534
-1478
-1407
-1253
-987
-760
-381
-108
268
486
689
778
795
830
766
792
696
677
683
703
737
718
766
694
660
538
408
199
-92
-363
-675
-886
-1101
-1219
-1315
-1330
-1276
-1202
-1062
-955
-791
-634
-459
-340
-238
-111
9
187
328
519
685
865
1078
1262
1435
1511
1600
1624
1651
1619
1541
1452
1327
1240
1111
1020
896
745
559
425
298
128
-43
-234
-420
-581
-689
-774
-862
-889
-929
-914
-935
-902
-866
-831
-795
-800
-756
-727
-639
-605
-586
-552
-473
-352
-231
-130
1
127
276
354
459
608
761
877
868
797
696
666
616
559
466
390
345
291
258
213
215
200
185
111
-12
-166
-327
-498
-677
-792
-833
-802
-731
-597
-439
-241
-57
143
396
618
847
1016
1101
1113
1122
1164
1195
1289
1347
1410
1442
1456
1429
1358
1307
1196
1123
1019
894
728
527
353
177
71
35
3
-19
-55
-90
-138
-184
-240
-292
-310
-277
-229
-188
-153
-109
-42
50
117
157
230
282
306
284
252
245
274
299
251
206
138
91
4
-98
-173
-238
-245
-264
-260
-255
-245
-218
-220
-262
-335
-374
-409
-426
-449
-463
-410
-335
-203
-72
61
178
254
320
357
430
474
506
521
553
615
682
741
766
819
856
887
886
852
784
676
582
485
390
283
187
124
126
171
212
229
265
322
380
412
415
422
426
458
480
473
475
481
516
537
552
569
591
599
556
519
476
452
398
356
333
298
285
257
247
234
221
203
186
185
182
191
154
97
46
-2
-27
-47
-57
-75
-81
-67
-54
-48
-62
-82
-124
-179
-224
-288
-332
-402
-448
-484
-502
-512
-523
-510
-498
-447
-386
-330
-271
-225
-179
-148
-155
-146
-118
-98
-80
-57
0
76
166
233
295
358
425
502
538
559
595
616
634
646
663
687
736
757
780
811
827
838
805
740
661
572
500
415
315
242
199
186
185
201
233
275
307
349
381
411
419
424
424
446
477
480
503
522
543
576
613
644
678
713
755
801
827
809
770
708
658
586
506
426
322
263
201
155
88
21
-57
-116
-172
-260
-347
-442
-515
-583
-633
-659
-670
-684
-664
-610
-574
-522
-472
-439
-408
-349
-286
-252
-200
-149
-80
4
83
159
210
267
310
357
399
427
455
453
440
427
435
431
493
538
625
667
629
570
505
448
477
527
591
670
706
744
747
772
809
871
819
724
507
339
218
217
314
492
687
802
808
713
657
628
623
550
473
390
354
403
467
576
670
760
833
859
840
796
693
547
396
322
349
456
569
602
506
360
196
40
-89
-161
-147
-135
-140
-186
-197
-208
-206
-250
-323
-406
-468
-525
-591
-612
-627
-605
-534
-471
-427
-425
-474
-531
-598
-614
-572
-483
-356
-217
-63
83
258
407
547
629
677
699
730
764
760
769
781
828
890
957
1007
975
926
839
712
532
360
205
41
-115
-256
-317
-338
-299
-235
-141
-59
3
28
51
90
135
229
303
376
469
611
762
877
982
1054
1135
1199
1206
1206
1183
1200
1198
1184
1126
1049
991
896
804
679
581
487
409
299
198
111
28
-35
-91
-121
-103
-76
-52
-75
-84
-81
-46
-24
-26
1
20
69
87
71
10
-62
-125
-224
-301
-382
-425
-493
-526
-565
-612
-604
-626
-604
-629
-625
-676
-695
-705
-689
-601
-506
-366
-277
-158
-69
57
149
228
316
389
431
459
478
510
559
618
654
682
701
684
653
585
514
453
431
399
369
323
271
221
177
173
205
292
374
479
559
626
696
734
793
807
836
871
908
943
931
949
953
999
1032
1061
1077
1060
1027
974
923
857
807
761
711
663
635
597
548
498
446
405
363
300
218
155
111
89
72
48
27
23
14
15
2
-56
-97
-140
-183
-218
-292
-360
-459
-553
-664
-751
-820
-908
-953
-1004
-1005
-1006
-985
-972
-925
-863
-787
-712
-633
-548
-430
-300
-169
-74
31
150
253
394
515
678
821
940
1021
1055
1096
1090
1102
1061
1023
983
921
871
784
729
690
662
597
519
420
316
215
108
35
-9
-4
54
126
201
285
381
445
502
560
600
608
607
607
617
660
711
738
767
836
880
908
903
866
805
758
711
639
558
464
349
242
153
71
-43
-131
-179
-213
-223
-256
-298
-343
-348
-354
-371
-418
-474
-523
-567
-565
-524
-508
-495
-501
-515
-505
-466
-426
-445
-465
-530
-581
-661
-720
-771
-805
-807
-826
-827
-795
-753
-693
-656
-641
-622
-579
-547
-470
-405
-333
-248
-165
-53
90
260
370
432
480
513
523
510
453
411
394
388
370
327
290
276
295
290
240
177
113
46
6
-4
27
47
94
173
255
363
440
488
486
490
494
537
586
636
661
680
718
751
774
779
789
730
650
562
494
455
439
403
353
284
229
172
121
78
12
-60
-136
-189
-229
-237
-221
-201
-190
-204
-208
-219
-234
-267
-298
-329
-372
-416
-495
-548
-552
-553
-570
-564
-559
-565
-568
-589
-606
-665
-709
-742
-757
-783
-772
-745
-721
-728
-742
-730
-687
-643
-640
-621
-599
-540
-486
-430
-367
-298
-211
-108
20
136
235
323
401
466
537
594
612
627
638
626
630
627
604
603
607
601
551
516
491
446
394
337
295
267
237
207
187
161
149
136
120
130
134
156
177
202
214
225
221
196
187
152
126
121
134
162
203
232
256
265
258
260
234
174
130
93
52
20
1
-11
-46
-69
-115
-155
-200
-240
-293
-354
-390
-411
-408
-410
-427
-450
-452
-492
-565
-633
-675
-693
-699
-704
-700
-682
-641
-585
-542
-493
-439
-402
-359
-288
-227
-183
-159
-148
-134
-108
-73
-45
-33
-34
-16
22
31
10
4
20
27
22
21
20
8
6
8
3
9
12
17
25
29
61
88
106
137
185
222
254
266
257
246
234
235
236
232
244
231
214
195
153
106
40
-11
-85
-147
-203
-244
-248
-241
-217
-184
-154
-135
-100
-70
-44
-50
-64
-83
-96
-70
-57
-37
-40
-43
-32
-23
-32
-76
-114
-156
-171
-190
-200
-223
-239
-239
-237
-220
-215
-213
-202
-187
-172
-183
-192
-204
-224
-241
-223
-203
-216
-218
-224
-237
-241
-253
-286
-317
-318
-254
-198
-163
-167
-185
-200
-184
-162
-155
-148
-165
-196
-209
-184
-145
-102
-65
-40
-44
-46
-57
-107
-160
-213
-225
-226
-239
-232
-223
-205
-167
-145
-134
-114
-83
-36
12
63
119
194
256
328
386
429
460
473
513
538
556
573
551
538
528
522
514
468
407
337
279
242
179
130
71
24
-2
-37
-56
-74
-73
-87
-95
-101
-99
-89
-62
-23
18
80
125
182
257
320
357
385
378
372
371
403
445
466
473
461
435
445
450
465
466
438
411
373
321
258
219
204
184
136
105
80
68
45
21
-9
-43
-79
-97
-86
-91
-90
-96
-111
-79
-14
46
61
36
16
23
61
121
170
231
253
239
215
197
184
187
188
194
180
178
184
164
145
91
74
61
62
38
13
-30
-85
-120
-143
-126
-95
-68
-37
-19
-2
22
48
97
158
222
267
296
315
349
377
396
402
419
455
458
488
502
517
536
532
513
471
429
383
354
322
305
298
308
312
312
305
281
257
252
254
272
290
314
345
347
352
364
403
432
450
469
472
476
475
484
489
501
528
543
556
545
527
491
441
404
393
387
383
374
366
361
337
315
270
238
190
127
74
10
-41
-54
-41
-27
1
38
37
25
4
-10
-24
-27
-42
-78
-103
-97
-92
-92
-92
-63
-26
-27
-14
-27
-57
-76
-83
-50
7
64
99
112
119
135
163
167
162
168
205
246
267
275
290
331
372
422
469
493
488
477
468
459
460
471
488
509
528
508
466
417
383
364
354
353
349
344
326
322
323
323
343
351
344
326
297
304
315
319
332
358
401
450
489
510
526
539
568
598
630
635
651
644
607
594
551
527
513
481
453
421
370
317
254
198
166
143
138
126
120
97
81
44
-28
-94
-143
-144
-126
-130
-129
-149
-164
-143
-105
-54
-48
-61
-86
-110
-113
-96
-48
-11
25
57
61
55
31
40
39
49
19
-3
-50
-51
-12
3
30
28
14
13
34
21
3
3
-12
-1
19
24
37
32
49
50
56
65
73
113
161
215
232
231
233
239
292
350
402
416
420
428
434
464
487
492
486
474
453
446
440
440
425
381
347
311
274
286
295
276
253
206
173
160
148
143
117
68
48
45
65
88
95
108
99
74
63
59
35
33
39
52
27
-5
-30
-45
-48
-62
-102
-152
-203
-246
-271
-288
-260
-243
-235
-262
-283
-304
-331
-361
-385
-400
-402
-402
-398
-377
-364
-357
-363
-360
-358
-350
-312
-287
-284
-272
-247
-240
-221
-207
-182
-137
-103
-92
-111
-116
-90
-28
8
43
67
71
46
27
12
16
25
40
63
71
92
106
114
120
118
126
130
111
102
93
93
91
90
101
146
176
203
214
198
182
171
155
151
146
143
147
158
159
166
184
188
202
203
204
197
199
193
178
165
142
117
96
88
87
89
82
58
22
-10
-31
-21
-8
-6
-6
-23
-50
-90
-129
-158
-168
-168
-178
-194
-208
-210
-224
-244
-246
-250
-249
-241
-235
-223
-228
-222
-226
-239
-237
-229
-213
-194
-152
-144
-161
-197
-220
-218
-206
-162
-118
-90
-87
-100
-138
-178
-179
-165
-128
-90
-72
-70
-66
-64
-52
-63
-46
-22
-12
-6
-21
-23
-50
-55
-35
12
81
147
171
194
193
173
160
154
170
205
230
241
253
257
284
304
336
356
339
314
276
255
241
229
223
203
182
188
171
158
134
104
84
56
39
42
50
55
41
11
-5
-45
-51
-73
-96
-121
-143
-140
-150
-142
-129
-117
-110
-120
-151
-181
-198
-206
-212
-222
-251
-263
-239
-203
-162
-152
-178
-196
-223
-208
-171
-142
-135
-144
-147
-130
-90
-30
10
25
1
-26
-32
-20
4
40
60
58
49
45
64
69
53
30
23
6
-13
-29
-52
-46
-2
42
53
36
27
23
18
37
63
116
162
185
165
114
106
121
175
211
226
217
179
136
107
88
86
94
111
129
144
129
115
83
27
11
4
4
-2
-28
-68
-114
-166
-187
-176
-139
-126
-125
-140
-175
-197
-235
-247
-230
-194
-171
-171
-165
-142
-115
-108
-119
-118
-97
-46
9
26
29
37
43
40
40
62
55
45
35
11
-4
1
10
14
32
55
42
13
-29
-71
-85
-81
-67
-43
-14
0
0
-18
-68
-101
-122
-127
-92
-51
-33
-35
-56
-75
-89
-92
-85
-62
-38
-29
-14
-25
-40
-21
17
37
82
90
71
52
42
44
46
57
76
112
126
125
128
117
85
50
31
37
39
51
55
25
8
-13
-33
-41
-36
-36
-42
-64
-91
-104
-110
-112
-104
-83
-62
-63
-89
-122
-148
-143
-126
-92
-54
-20
-5
1
6
-1
13
22
41
48
40
43
24
28
23
38
49
70
69
53
44
23
0
-18
-9
11
25
40
42
21
32
32
32
35
34
42
47
57
58
54
61
96
132
155
172
164
136
125
127
124
106
89
81
88
108
130
148
150
140
113
105
95
83
75
75
77
76
59
44
39
23
6
0
-7
13
21
14
10
-8
-12
-16
-22
-31
-37
-39
-39
-51
-57
-81
-95
-89
-72
-46
-37
-45
-64
-84
-98
-83
-85
-78
-54
-48
-63
-63
-59
-57
-67
-66
-58
-55
-53
-51
-58
-57
-62
-67
-64
-37
-6
17
29
19
-5
-8
25
58
76
93
91
80
106
130
137
133
139
132
137
175
187
199
212
223
244
265
257
246
230
237
246
258
247
223
221
241
262
258
237
194
185
198
227
247
218
177
127
103
106
138
175
197
208
203
196
181
186
216
221
210
188
179
169
173
203
218
197
154
121
100
125
135
119
81
48
53
72
103
114
116
103
81
72
69
69
71
78
68
65
63
58
71
85
96
92
61
35
48
81
119
147
156
158
167
195
223
246
263
288
301
308
327
356
373
370
375
398
429
433
420
388
352
319
288
275
288
309
317
323
308
276
257
241
244
266
300
314
308
301
289
288
272
271
289
318
342
364
355
334
318
303
316
331
367
384
365
345
328
305
304
314
321
345
362
350
304
265
219
188
215
256
289
296
277
232
164
107
81
87
131
211
256
205
129
38
-20
-9
54
110
132
124
73
13
-40
-42
-21
10
57
85
74
60
12
-14
-7
35
100
150
186
194
160
113
87
65
78
157
218
238
234
216
172
136
134
156
181
219
244
243
201
162
131
138
169
210
234
231
223
180
169
175
192
215
246
286
298
290
268
245
232
223
236
251
271
285
268
212
167
149
150
176
224
278
293
277
262
248
235
249
276
278
270
260
254
244
228
217
214
238
264
278
264
236
207
147
92
51
68
103
126
132
82
19
-43
-81
-100
-87
-61
-26
-4
-13
-30
-38
-27
8
48
56
50
40
33
44
44
48
67
105
150
190
180
145
110
72
55
89
130
189
221
232
211
152
122
151
200
227
249
247
209
183
215
270
305
307
313
304
308
338
347
309
287
279
272
291
321
355
358
327
257
237
246
264
266
271
257
235
237
268
305
314
328
320
314
318
313
299
282
261
239
232
243
261
259
248
250
254
242
246
249
244
219
184
154
165
218
233
226
205
187
186
210
225
232
226
203
188
195
240
266
278
258
243
230
206
200
219
239
243
256
252
245
227
223
235
232
238
240
226
242
282
324
327
325
357
405
426
415
394
349
323
305
342
381
411
422
419
395
373
362
367
376
379
402
421
409
391
388
383
396
410
425
427
426
408
392
382
377
380
367
372
382
387
366
340
310
278
266
250
257
270
304
332
297
250
217
222
262
313
337
334
341
323
295
304
330
348
339
331
322
291
256
258
278
304
324
298
279
261
257
246
240
235
247
271
307
342
325
307
302
299
309
349
383
410
417
446
455
437
433
429
434
450
492
510
503
491
490
475
478
490
502
516
528
557
571
564
524
482
450
466
516
557
564
554
514
468
449
439
452
498
534
549
519
472
433
398
390
429
491
548
562
539
476
397
357
360
422
491
559
595
549
470
417
403
434
476
546
562
528
484
420
386
401
457
528
574
590
567
504
449
430
426
468
540
599
614
605
581
531
483
461
479
515
551
562
551
516
455
421
414
467
534
602
619
597
567
521
535
581
648
690
719
706
677
627
598
598
611
656
693
705
710
702
660
633
608
600
620
657
675
680
655
626
577
542
553
597
633
624
597
527
472
442
437
453
476
501
504
484
452
434
407
390
372
378
399
409
429
446
449
432
413
386
386
397
412
418
398
379
330
295
286
288
309
341
335
295
268
219
184
176
190
203
219
218
199
165
126
105
83
78
106
143
144
128
123
90
78
75
73
88
94
93
92
66
47
41
63
106
141
162
147
115
80
51
37
38
76
139
170
154
104
64
68
108
178
236
243
207
176
143
169
210
268
319
329
316
294
289
296
306
307
305
298
299
302
313
323
300
258
222
212
247
283
273
243
206
182
199
235
254
257
263
255
229
209
204
199
200
206
208
184
165
151
140
153
152
135
121
109
121
159
178
169
159
157
165
179
194
207
204
169
135
142
162
174
196
209
202
173
126
91
79
73
53
53
39
38
41
42
16
-33
-51
-54
-39
-16
23
48
48
77
99
131
165
197
209
214
234
236
224
234
265
300
329
329
315
295
274
276
308
326
344
357
368
360
343
347
331
324
327
338
348
370
379
362
334
307
312
330
344
346
352
340
333
320
325
360
387
401
406
420
415
396
395
407
425
451
451
431
415
405
397
423
460
482
464
446
440
432
444
444
439
432
418
408
407
395
380
380
388
392
402
409
407
394
378
368
355
368
389
392
394
380
370
382
399
391
398
411
417
431
439
426
422
429
443
455
453
445
435
445
428
414
409
407
403
410
431
454
449
455
449
456
467
471
477
489
508
513
503
494
496
503
528
543
555
578
585
571
567
569
573
574
580
609
599
587
585
570
558
560
575
591
616
623
626
634
642
632
626
618
631
655
659
660
659
645
650
638
639
654
658
658
649
631
596
595
597
603
609
599
589
596
581
555
548
542
531
523
538
545
555
551
550
549
543
545
566
585
593
597
582
567
552
577
603
627
630
603
577
539
536
536
535
539
545
518
509
510
506
512
500
507
515
522
523
522
538
565
591
614
624
636
645
657
645
627
611
600
598
610
609
603
584
563
577
597
607
597
570
550
573
595
608
623
624
617
620
620
642
659
669
655
641
640
648
660
679
697
687
665
655
664
680
691
669
652
656
654
663
656
654
668
666
661
653
667
671
685
706
716
742
772
798
816
813
783
755
781
787
788
795
801
814
818
826
817
790
746
717
713
735
766
770
760
752
731
735
747
757
761
762
755
752
755
752
744
755
766
765
764
738
713
698
668
646
633
622
611
628
626
599
563
551
551
554
572
579
576
578
568
556
562
570
575
580
582
561
541
527
526
534
525
506
493
480
476
483
489
509
531
539
540
537
537
539
509
484
494
518
552
569
585
569
539
516
516
532
546
570
574
577
586
577
571
557
569
587
578
560
554
560
544
542
550
548
548
557
569
564
567
565
534
528
527
539
544
537
525
516
524
521
526
543
547
545
538
549
561
571
558
556
554
555
572
577
572
546
543
551
560
565
571
576
577
567
562
569
599
616
630
635
628
632
628
611
588
592
608
609
613
611
601
580
577
584
589
578
573
578
573
577
570
565
550
544
551
562
572
572
556
559
569
583
605
618
632
641
647
658
661
658
672
668
655
648
670
691
688
677
672
669
669
656
659
655
632
629
614
610
629
648
654
660
646
632
624
622
626
634
653
658
667
664
660
667
676
691
689
682
693
712
711
702
713
711
717
723
737
753
759
779
791
805
789
782
782
783
784
795
807
770
745
722
702
685
699
710
694
693
687
672
659
652
640
633
631
616
612
619
634
627
623
619
612
619
629
632
612
618
611
617
622
643
669
677
684
668
642
630
631
641
647
612
595
574
584
596
599
582
540
507
491
526
550
536
506
470
460
472
515
528
513
514
499
501
491
510
540
547
547
532
518
509
513
523
506
466
429
413
419
447
448
448
409
375
373
382
406
419
441
449
452
447
441
439
438
454
457
452
433
410
406
427
445
432
393
391
411
414
436
452
472
482
465
475
502
515
541
549
525
508
512
511
507
526
524
495
477
473
462
441
406
381
349
338
356
373
367
375
381
370
360
379
403
409
421
410
418
427
436
447
446
434
430
448
450
438
438
426
423
425
418
396
375
388
401
418
421
416
384
376
376
373
359
342
327
307
304
316
324
320
308
300
287
281
285
281
253
237
239
238
243
246
253
244
238
246
263
272
267
269
260
261
252
248
241
234
263
278
280
276
258
246
245
259
265
261
273
268
252
240
222
208
205
219
223
211
214
221
206
219
213
191
186
189
210
226
232
220
207
215
230
258
285
290
308
295
277
278
287
311
314
328
332
320
318
328
348
354
357
355
353
354
363
359
349
346
342
338
332
330
330
331
314
313
310
297
303
318
315
307
320
319
338
338
356
343
326
319
327
342
327
340
339
329
327
341
330
307
285
268
269
277
276
269
282
284
286
284
286
274
275
284
292
308
303
308
306
320
319
310
296
281
298
312
308
309
313
330
337
335
337
351
363
364
357
358
345
336
344
356
370
360
362
372
375
373
378
387
392
395
419
442
451
448
434
429
413
429
438
426
418
422
409
400
416
414
411
410
423
436
453
459
469
463
453
456
474
486
512
525
525
517
515
514
518
528
541
549
536
517
495
504
522
548
550
527
492
478
500
531
544
538
525
518
520
535
568
592
585
564
550
539
571
593
603
603
605
581
565
578
565
573
577
550
526
504
499
504
525
524
517
502
496
515
513
520
524
536
534
527
517
512
505
495
503
502
495
464
448
461
477
482
478
470
466
461
464
477
483
472
471
471
479
504
530
547
549
538
537
548
567
592
600
605
597
598
589
576
571
558
533
526
512
504
522
536
542
537
534
540
544
558
564
565
570
583
595
607
613
616
617
620
634
646
646
648
669
671
679
652
631
608
598
612
619
637
638
632
638
643
649
639
628
608
615
648
664
660
651
630
602
586
576
573
585
587
581
582
590
604
593
581
585
579
575
574
570
562
538
539
537
519
524
532
529
517
526
519
504
488
489
487
488
488
470
469
459
455
451
452
452
460
445
432
440
444
451
460
462
429
420
408
405
405
408
424
417
408
401
403
402
410
410
408
408
408
406
408
391
389
387
373
362
369
381
391
392
393
385
380
371
371
388
391
399
403
401
386
381
377
368
365
369
377
369
374
387
403
406
402
417
419
430
443
433
407
417
431
438
423
411
399
392
398
394
399
376
372
364
351
340
330
329
315
302
288
294
305
317
323
322
328
328
317
320
322
324
324
312
295
290
294
285
277
283
287
291
288
293
306
313
328
343
348
364
375
380
374
381
379
371
362
355
355
354
368
364
349
354
352
353
378
373
347
337
323
321
326
312
306
305
311
316
310
322
305
291
301
326
340
352
352
346
345
357
389
410
418
420
417
423
427
431
425
413
399
404
402
387
384
391
399
395
377
328
300
315
357
367
375
360
337
331
337
360
397
407
395
383
378
382
380
383
392
396
388
389
389
374
371
372
350
340
339
328
338
360
349
334
325
302
305
308
318
323
332
356
366
360
326
308
310
308
313
303
277
262
269
281
286
271
251
235
221
228
233
249
259
253
229
225
248
261
274
271
257
241
240
260
268
285
274
243
222
207
195
178
175
154
128
109
95
106
109
102
88
61
61
75
102
110
103
101
121
133
144
145
127
124
129
132
131
118
114
122
139
141
135
126
120
107
92
117
143
159
151
154
153
163
141
119
101
91
124
149
154
150
147
125
125
110
100
116
118
132
158
170
180
184
194
202
207
220
221
248
269
287
291
294
288
283
282
293
313
318
336
324
308
304
304
304
302
293
268
260
262
253
234
224
233
235
219
213
205
208
206
204
188
174
162
157
180
189
199
192
182
176
184
198
194
181
191
195
211
215
216
229
227
231
220
219
230
227
238
240
240
251
252
249
254
261
261
261
262
266
273
264
257
258
253
257
261
260
264
292
294
295
299
311
326
344
342
359
358
355
376
371
359
372
365
368
379
388
383
380
369
361
353
334
343
340
329
321
309
319
333
344
351
335
331
329
335
356
347
331
343
337
320
313
285
265
261
265
282
292
297
286
290
291
300
318
310
314
310
312
323
342
342
323
327
304
285
296
315
316
310
303
295
286
276
295
299
283
277
258
238
222
217
212
200
210
204
194
205
210
199
185
184
191
201
199
199
197
192
206
191
175
171
162
169
168
147
108
81
76
71
58
32
15
13
22
32
22
-3
-24
-34
-8
18
32
31
-1
-16
-15
-13
4
30
46
45
33
22
23
39
56
60
60
59
51
56
48
33
16
4
-6
-14
0
16
29
13
-24
-38
-37
-4
23
54
67
71
76
74
69
63
62
79
97
74
39
19
20
40
68
54
39
16
19
33
49
72
84
84
64
67
85
106
98
73
28
20
44
94
128
131
121
104
81
86
108
120
132
98
93
85
84
91
90
91
75
91
93
118
137
147
167
179
192
211
229
229
224
223
232
237
239
255
262
246
248
257
243
223
223
226
238
258
288
281
267
273
275
275
272
254
228
217
219
247
246
251
241
217
213
210
198
179
171
176
177
186
186
196
188
177
191
202
211
212
207
215
220
228
219
211
222
239
246
256
261
240
231
231
245
241
242
252
261
261
261
256
240
230
235
243
262
273
287
287
266
255
269
275
281
289
287
295
303
328
358
369
373
377
366
366
360
367
376
363
372
379
379
376
369
373
372
388
397
419
425
418
409
394
398
397
408
405
407
406
413
415
406
397
391
401
399
394
381
374
380
382
395
402
407
417
426
437
443
438
438
442
430
423
413
398
404
398
389
390
388
386
394
392
387
388
390
392
397
389
397
411
419
440
446
447
439
422
405
393
393
370
359
361
349
340
321
331
331
322
337
349
360
373
386
398
412
420
449
454
455
460
467
485
483
496
489
494
505
515
528
528
543
543
542
545
525
511
520
526
530
535
532
533
539
562
578
583
592
604
608
612
616
607
605
613
628
633
646
672
682
684
697
698
688
693
693
704
694
678
663
664
693
694
692
675
635
606
623
659
699
722
699
668
649
660
686
698
685
675
670
672
700
730
744
743
734
719
720
722
716
707
695
664
640
637
648
655
647
642
623
594
586
592
613
627
636
632
656
665
669
670
642
616
595
604
627
629
610
612
605
611
628
614
597
589
593
626
639
637
631
617
619
614
626
633
617
622
622
603
594
594
598
584
580
568
551
542
525
521
508
493
451
419
421
420
429
431
405
378
357
350
361
374
379
380
375
381
390
383
368
351
349
340
335
325
333
342
343
347
324
290
277
280
283
284
302
288
278
267
265
263
226
206
213
195
194
198
200
213
213
216
200
204
205
186
169
161
163
178
181
175
171
169
177
164
155
153
160
158
144
127
120
127
135
145
136
125
98
80
64
65
65
44
28
32
21
12
19
16
9
-14
-22
-22
-12
4
-6
-12
-21
-24
-30
-46
-52
-79
-93
-73
-59
-52
-36
-22
-8
-8
-6
-13
-5
9
25
35
29
31
19
8
-3
2
12
20
33
15
-6
-11
-21
-34
-49
-43
-48
-53
-62
-83
-104
-119
-134
-137
-136
-144
-148
-147
-144
-144
-136
-123
-117
-105
-88
-90
-88
-90
-93
-81
-93
-92
-90
-104
-102
-96
-103
-125
-126
-117
-109
-100
-104
-106
-117
-131
-140
-151
-147
-152
-146
-154
-160
-165
-177
-171
-171
-184
-188
-183
-189
-186
-188
-196
-211
-220
-225
-220
-215
-201
-189
-187
-186
-180
-176
-177
-171
-178
-171
-160
-169
-160
-151
-149
-148
-148
-162
-161
-149
-136
-134
-136
-144
-164
-170
-150
-146
-158
-147
-148
-165
-168
-159
-156
-161
-153
-162
-183
-183
-171
-191
-192
-167
-161
-156
-147
-156
-169
-163
-147
-142
-133
-120
-100
-96
-100
-90
-110
-114
-106
-98
-96
-110
-130
-120
-109
-86
-80
-98
-107
-135
-136
-112
-86
-90
-112
-132
-144
-144
-112
-90
-82
-73
-77
-82
-84
-80
-67
-48
-34
-49
-75
-86
-92
-96
-103
-131
-150
-164
-158
-135
-157
-193
-238
-267
-240
-204
-191
-188
-196
-182
-170
-168
-179
-194
-179
-153
-144
-154
-176
-196
-213
-191
-168
-167
-184
-204
-205
-199
-176
-164
-173
-164
-168
-174
-152
-153
-151
-148
-159
-160
-153
-129
-104
-110
-121
-124
-139
-134
-116
-125
-149
-176
-207
-215
-205
-203
-207
-222
-234
-242
-231
-207
-197
-200
-212
-199
-193
-189
-199
-196
-189
-188
-171
-175
-177
-168
-159
-161
-155
-151
-158
-174
-176
-164
-162
-152
-140
-146
-147
-152
-156
-158
-165
-166
-167
-165
-149
-131
-128
-123
-121
-120
-123
-134
-133
-127
-128
-124
-128
-111
-105
-105
-103
-112
-111
-92
-71
-73
-79
-88
-81
-65
-62
-66
-75
-72
-70
-68
-72
-93
-110
-109
-87
-75
-82
-85
-74
-85
-93
-90
-103
-106
-108
-106
-94
-87
-79
-69
-71
-75
-60
-58
-63
-56
-42
-35
-38
-39
-34
-23
-13
-7
0
-4
4
13
28
41
47
48
57
68
69
74
93
119
125
126
136
135
120
124
131
128
131
135
140
155
165
175
161
140
132
143
160
167
155
159
167
160
161
154
158
181
203
212
199
197
201
205
197
177
169
149
144
152
143
138
127
116
97
85
85
65
71
56
57
70
86
97
81
74
83
84
86
82
77
73
74
65
70
81
80
91
96
106
109
109
100
115
127
122
113
124
141
150
170
175
166
183
187
206
227
228
240
250
266
275
274
270
295
310
311
308
288
284
302
310
306
309
307
301
303
292
290
280
280
275
274
289
292
281
295
318
335
360
378
400
395
378
374
372
372
375
385
383
397
403
415
424
450
463
442
417
386
392
424
461
473
472
452
443
454
487
494
508
505
491
491
499
509
523
537
519
495
483
476
477
479
455
430
409
410
402
399
397
392
384
382
380
382
390
403
396
395
403
420
432
433
424
401
387
377
367
359
352
322
311
298
297
310
315
300
282
260
254
270
289
307
306
303
299
302
306
308
306
305
303
298
293
298
304
303
295
281
270
265
280
284
270
248
219
189
196
225
248
253
234
217
224
238
259
300
311
310
319
324
335
340
343
345
343
334
346
351
363
387
390
380
357
344
359
373
390
411
410
395
386
397
397
381
366
359
362
365
377
383
387
365
367
362
348
349
366
370
368
384
384
396
422
448
455
462
463
462
473
469
470
463
456
448
454
476
480
462
448
434
420
417
407
410
399
407
423
435
437
432
430
421
410
407
422
433
427
434
444
432
433
436
429
436
429
444
432
429
436
442
468
461
438
419
404
405
416
444
451
452
454
445
447
437
429
407
395
397
389
389
386
382
376
372
364
354
338
338
333
316
333
325
325
324
328
321
317
323
327
335
323
316
326
334
329
336
358
368
374
362
360
350
346
347
352
352
344
343
336
349
347
342
338
341
345
345
358
375
373
364
359
355
361
357
370
375
355
354
359
349
347
353
345
334
334
327
327
342
340
337
349
359
371
369
361
363
367
392
397
388
395
401
390
373
395
381
361
379
388
393
386
395
390
380
394
394
375
377
377
355
353
354
352
337
343
341
323
332
348
346
339
346
351
342
341
331
315
330
339
334
332
349
366
368
368
360
331
312
312
324
330
306
282
279
300
321
323
293
256
231
253
280
303
312
268
243
230
253
308
344
356
359
353
335
337
352
357
355
337
330
297
269
268
285
306
281
269
238
248
273
281
296
270
242
243
267
297
311
308
325
330
341
336
323
337
357
376
376
352
337
335
361
389
389
368
349
337
334
356
363
353
340
332
350
374
395
394
376
360
357
369
385
402
422
419
408
386
374
377
388
381
351
324
286
295
298
286
289
280
276
276
286
308
305
302
302
311
333
335
345
342
338
323
317
316
321
