526
524
531
534
529
504
518
519
504
505
518
532
525
513
489
501
495
472
468
471
482
482
464
457
459
474
495
503
511
519
526
505
476
446
428
419
424
440
436
425
429
413
396
388
407
415
423
434
422
428
424
426
412
373
348
335
341
349
352
364
362
352
340
345
350
327
305
286
277
287
308
336
354
378
382
376
388
372
368
359
350
338
331
323
328
340
336
332
339
324
292
285
277
278
289
312
323
338
334
306
293
309
322
343
368
373
373
363
343
331
328
338
352
369
363
343
318
288
277
250
245
240
256
274
281
305
299
297
283
277
276
280
277
264
260
281
288
287
286
287
276
274
280
297
313
308
312
298
301
308
311
289
275
284
284
299
290
275
263
267
252
265
272
288
309
323
327
297
283
269
257
252
268
291
326
320
300
284
275
274
266
271
275
268
254
268
276
272
269
254
243
238
226
213
209
198
191
206
216
241
254
249
245
226
227
252
263
267
259
260
278
273
250
241
237
224
204
189
194
204
221
228
232
228
233
247
222
219
207
198
199
199
202
219
236
266
293
308
322
308
297
293
271
254
230
232
253
266
283
295
298
276
277
262
250
253
251
245
234
223
218
223
227
239
243
245
256
276
295
305
304
280
256
248
246
248
246
241
242
231
221
202
158
145
144
141
154
156
154
142
131
122
76
43
25
20
35
35
43
50
45
53
61
65
86
103
122
129
132
130
133
130
104
85
64
71
84
97
115
108
89
80
85
102
114
109
99
91
87
90
99
102
81
65
63
79
79
81
105
110
111
104
76
66
72
64
62
73
74
81
71
67
63
66
86
97
102
104
104
114
115
116
118
106
102
106
117
115
117
134
150
166
155
144
146
161
166
167
183
199
220
224
220
214
190
179
183
153
148
148
136
134
125
102
91
74
63
88
112
119
132
126
99
92
90
100
107
124
140
156
185
227
243
252
275
278
268
265
271
279
303
309
305
284
264
244
222
221
237
246
275
299
306
323
326
323
309
291
306
325
325
339
340
348
344
330
311
305
319
342
347
352
346
339
340
336
323
306
299
300
308
308
321
335
346
347
346
355
360
363
358
342
340
347
360
350
338
329
315
301
291
285
293
308
310
299
295
293
296
321
336
356
363
379
386
388
402
394
397
394
387
379
392
391
384
372
368
369
354
340
329
319
304
287
286
274
254
261
268
272
265
271
266
259
251
243
254
262
279
303
310
326
336
328
293
254
241
234
232
251
277
292
286
269
301
309
310
297
279
289
296
317
317
331
314
297
289
276
264
259
257
259
258
261
284
266
241
222
210
208
197
176
176
191
195
168
133
123
114
136
166
202
234
254
257
243
242
243
228
220
238
247
258
256
244
236
217
229
250
273
284
291
309
297
265
230
241
252
243
237
237
255
261
265
264
269
265
261
244
237
224
196
180
189
191
184
203
198
204
211
211
222
225
228
222
209
196
185
186
177
174
187
191
177
165
139
125
115
101
101
97
115
121
118
105
91
76
66
50
43
41
34
35
34
41
33
21
15
35
32
34
29
21
25
15
6
1
-11
-5
19
39
44
17
14
29
37
43
51
58
83
98
122
125
125
129
112
97
76
46
36
31
26
24
29
28
18
6
1
11
-12
-21
-40
-58
-50
-36
-7
-11
-27
-50
-53
-56
-58
-53
-46
-43
-53
-59
-63
-55
-26
-6
3
-9
-18
-35
-31
-5
-2
14
13
1
-13
-20
-28
-43
-58
-50
-45
-43
-37
-35
-36
-43
-43
-35
-31
-21
-36
-51
-64
-56
-57
-63
-59
-54
-47
-42
-26
-11
-5
-3
-6
-23
-42
-52
-66
-72
-67
-61
-67
-85
-90
-93
-109
-113
-97
-74
-55
-54
-57
-68
-56
-47
-48
-38
-19
-4
18
21
20
13
-6
-11
-17
-26
-30
-13
3
5
-7
-30
-73
-96
-91
-70
-51
-49
-64
-81
-75
-57
-48
-48
-51
-67
-72
-75
-87
-104
-110
-87
-57
-35
-35
-52
-42
-6
27
15
0
-10
-33
-41
-22
-2
-19
-35
-61
-82
-86
-71
-73
-70
-55
-49
-41
-36
-31
-22
-25
-36
-43
-51
-28
-8
9
4
-14
-22
-38
-34
-29
-27
-29
-19
-40
-57
-76
-88
-103
-120
-115
-122
-133
-137
-142
-140
-144
-152
-149
-154
-145
-125
-130
-133
-143
-164
-177
-196
-193
-196
-181
-157
-140
-121
-123
-122
-131
-146
-179
-196
-196
-193
-184
-175
-175
-191
-197
-204
-209
-206
-201
-205
-200
-191
-214
-239
-239
-247
-233
-228
-210
-220
-226
-232
-248
-250
-259
-269
-273
-256
-239
-234
-236
-240
-227
-199
-190
-184
-190
-192
-192
-201
-200
-183
-162
-128
-119
-117
-137
-160
-153
-134
-124
-113
-110
-101
-92
-98
-97
-94
-91
-86
-70
-80
-72
-66
-59
-52
-55
-61
-79
-93
-94
-92
-79
-79
-110
-120
-125
-143
-153
-152
-132
-121
-109
-103
-109
-131
-158
-175
-162
-148
-123
-93
-75
-84
-101
-99
-104
-124
-136
-143
-155
-150
-155
-138
-118
-114
-129
-155
-185
-211
-215
-192
-164
-154
-170
-182
-208
-225
-232
-217
-177
-169
-163
-162
-178
-187
-197
-200
-196
-190
-191
-179
-166
-152
-150
-158
-148
-166
-180
-196
-217
-217
-218
-224
-246
-257
-253
-227
-222
-204
-190
-196
-192
-177
-168
-158
-161
-179
-171
-176
-155
-164
-190
-200
-205
-197
-178
-171
-163
-145
-131
-133
-126
-139
-159
-164
-148
-129
-129
-122
-115
-97
-99
-113
-106
-96
-95
-104
-95
-82
-74
-78
-91
-101
-117
-130
-132
-128
-128
-134
-137
-128
-123
-123
-133
-122
-130
-141
-141
-136
-122
-107
-98
-89
-73
-81
-67
-49
-43
-32
-16
-5
-3
14
10
-28
-59
-57
-42
-24
6
28
33
34
21
12
4
25
40
45
49
40
28
12
-10
-10
-2
-8
-13
-35
-38
-36
-49
-50
-44
-33
-31
-42
-52
-70
-73
-73
-70
-67
-59
-54
-74
-63
-47
-24
7
32
42
46
55
66
67
64
65
75
88
96
108
137
146
146
150
155
155
159
162
163
190
217
236
240
243
217
200
208
218
223
230
241
230
211
199
191
203
232
244
255
258
264
260
255
260
252
256
248
232
218
212
203
197
195
193
176
160
149
139
152
170
191
190
184
157
122
96
85
88
91
96
99
99
96
89
71
63
52
61
73
63
58
92
121
118
116
108
87
61
62
62
67
85
102
109
92
85
89
96
119
137
129
127
119
91
92
98
110
135
159
172
173
150
140
140
115
101
96
83
76
57
60
66
75
86
95
85
71
57
54
55
59
74
91
92
54
30
33
42
46
41
34
46
54
70
89
85
67
46
40
18
-9
-29
-32
-26
-40
-51
-39
-36
-42
-16
-12
-14
-11
-20
-22
-38
-64
-85
-77
-74
-56
-42
-32
-38
-64
-71
-61
-52
-58
-71
-86
-92
-91
-92
-100
-98
-103
-97
-107
-126
-121
-106
-86
-70
-62
-66
-83
-109
-130
-163
-185
-191
-197
-202
-195
-174
-171
-184
-180
-182
-190
-204
-226
-246
-267
-274
-278
-282
-283
-282
-270
-258
-257
-237
-235
-230
-227
-241
-226
-214
-206
-203
-195
-188
-189
-195
-207
-192
-196
-203
-199
-199
-197
-203
-219
-236
-244
-262
-272
-272
-248
-248
-228
-212
-213
-206
-203
-203
-214
-222
-220
-231
-221
-216
-218
-215
-225
-219
-214
-209
-201
-203
-175
-164
-172
-171
-195
-207
-220
-213
-207
-207
-201
-189
-186
-192
-177
-182
-202
-212
-212
-223
-239
-265
-289
-315
-335
-338
-323
-320
-332
-326
-326
-321
-330
-325
-313
-303
-280
-262
-251
-253
-264
-272
-276
-281
-280
-273
-266
-284
-299
-307
-325
-340
-362
-384
-385
-400
-402
-391
-396
-407
-400
-393
-387
-387
-376
-365
-351
-363
-374
-382
-389
-403
-421
-428
-410
-378
-368
-365
-355
-344
-333
-314
-317
-327
-335
-340
-353
-361
-369
-378
-381
-363
-354
-362
-376
-384
-371
-370
-368
-363
-347
-320
-313
-294
-275
-280
-281
-278
-291
-297
-291
-282
-294
-308
-311
-329
-337
-337
-338
-337
-341
-341
-352
-345
-336
-319
-297
-288
-283
-288
-296
-305
-306
-314
-290
-282
-273
-273
-269
-260
-279
-297
-293
-283
-301
-314
-321
-313
-304
-279
-264
-244
-236
-220
-215
-196
-173
-164
-151
-151
-127
-124
-131
-136
-141
-156
-180
-189
-190
-188
-172
-163
-162
-159
-171
-199
-212
-228
-235
-245
-263
-263
-255
-245
-223
-225
-233
-235
-252
-264
-277
-282
-290
-285
-280
-263
-241
-219
-196
-193
-201
-219
-240
-253
-263
-262
-263
-278
-283
-266
-250
-243
-260
-263
-286
-299
-283
-275
-271
-258
-246
-262
-291
-319
-349
-376
-385
-371
-336
-332
-327
-314
-330
-338
-347
-365
-371
-375
-389
-373
-360
-358
-358
-360
-350
-353
-350
-365
-373
-383
-391
-390
-377
-348
-333
-318
-324
-308
-302
-326
-362
-381
-355
-351
-338
-326
-322
-315
-325
-326
-335
-345
-368
-373
-382
-407
-416
-423
-401
-383
-391
-395
-404
-402
-400
-372
-343
-325
-301
-309
-324
-329
-335
-342
-344
-327
-301
-293
-323
-324
-315
-320
-319
-336
-341
-340
-337
-338
-326
-331
-346
-360
-365
-350
-348
-349
-334
-324
-326
-337
-323
-300
-301
-293
-312
-317
-328
-337
-336
-341
-347
-322
-293
-282
-269
-265
-273
-255
-245
-260
-256
-264
-246
-260
-247
-232
-238
-254
-244
-228
-218
-185
-160
-138
-121
-130
-142
-144
-152
-160
-152
-139
-128
-121
-129
-139
-139
-125
-113
-107
-110
-118
-129
-107
-107
-89
-67
-51
-23
-24
-23
-23
-19
-24
-30
-14
-7
-14
-6
-1
-1
-2
-7
-3
5
17
28
19
20
34
39
39
44
39
25
25
36
30
12
26
29
14
17
29
31
13
2
-9
-12
-11
-29
-31
-35
-51
-59
-59
-61
-77
-95
-95
-83
-78
-59
-35
-23
-27
-29
-55
-77
-57
-35
-10
11
24
45
59
61
65
72
72
73
85
86
70
52
40
44
64
76
85
100
109
111
105
74
71
71
50
35
27
-3
-31
-36
-46
-65
-72
-55
-50
-43
-37
-17
2
9
27
33
13
40
59
60
67
88
100
99
120
128
143
165
183
201
209
208
210
206
213
217
195
170
156
143
140
149
164
183
201
190
178
172
153
140
140
165
173
166
163
137
120
106
127
153
154
160
151
138
164
189
202
216
207
225
244
237
237
236
245
267
280
292
294
301
302
325
342
362
345
338
358
359
369
357
343
327
288
273
273
264
236
208
197
189
196
196
202
196
195
180
179
176
176
185
183
177
165
169
175
179
183
181
172
178
171
183
208
209
186
163
133
107
102
108
119
129
151
159
156
153
145
152
158
155
133
121
137
152
149
163
188
202
203
183
166
129
98
90
82
102
103
100
83
58
44
33
30
13
-6
-15
-25
-26
-34
-45
-54
-58
-54
-66
-80
-76
-56
-21
17
44
38
26
22
2
-21
-29
-24
-30
-29
-43
-65
-77
-81
-79
-63
-47
-40
-44
-42
-29
-18
-3
-9
-8
5
25
21
-2
-24
-51
-48
-35
-22
-30
-36
-35
-21
-23
-47
-65
-102
-132
-159
-181
-191
-183
-185
-199
-196
-179
-146
-137
-116
-88
-49
-35
-29
-37
-47
-44
-33
-6
-2
3
-24
-25
0
25
62
59
49
36
25
24
6
1
2
23
12
9
-2
-3
-20
-28
-14
-24
-21
-27
-45
-71
-85
-87
-79
-59
-38
-33
-36
-43
-66
-76
-47
-29
-23
-33
-40
-51
-71
-69
-71
-68
-88
-89
-89
-90
-69
-66
-45
-44
-56
-55
-38
-23
-14
-15
-21
-28
-47
-54
-53
-31
-12
-19
-38
-42
-27
-4
-8
-23
-39
-70
-92
-111
-106
-91
-74
-64
-70
-76
-90
-117
-148
-137
-116
-83
-58
-47
-64
-86
-119
-157
-171
-189
-183
-176
-161
-134
-110
-101
-105
-108
-117
-114
-117
-127
-126
-127
-137
-139
-149
-163
-177
-189
-185
-205
-221
-232
-233
-235
-253
-238
-217
-213
-211
-214
-209
-211
-221
-216
-213
-215
-219
-217
-210
-185
-163
-173
-189
-194
-189
-189
-208
-211
-194
-160
-161
-168
-132
-108
-89
-82
-69
-73
-104
-120
-116
-82
-77
-99
-109
-109
-89
-76
-51
-37
-42
-35
-51
-52
-53
-44
-35
-29
-43
-60
-72
-102
-118
-130
-117
-105
-98
-82
-88
-106
-98
-97
-102
-119
-119
-114
-118
-122
-113
-117
-121
-115
-109
-97
-99
-100
-109
-103
-111
-114
-108
-101
-94
-98
-126
-143
-157
-193
-199
-182
-160
-149
-143
-154
-160
-167
-158
-164
-177
-176
-179
-180
-175
-173
-169
-187
-182
-179
-180
-184
-211
-209
-211
-213
-212
-191
-176
-177
-179
-168
-150
-144
-141
-150
-143
-149
-170
-179
-178
-177
-183
-179
-191
-186
-187
-190
-185
-180
-171
-189
-186
-169
-164
-180
-195
-202
-211
-206
-186
-172
-172
-157
-139
-147
-160
-185
-198
-197
-207
-204
-196
-189
-195
-199
-204
-204
-209
-193
-184
-185
-176
-182
-164
-146
-130
-125
-148
-175
-181
-180
-155
-147
-144
-130
-140
-156
-178
-167
-140
-136
-142
-149
-139
-131
-128
-122
-127
-123
-136
-135
-131
-128
-121
-116
-105
-99
-92
-105
-109
-96
-103
-118
-122
-126
-123
-133
-129
-115
-108
-96
-74
-63
-63
-71
-77
-87
-93
-88
-90
-98
-106
-99
-86
-87
-87
-99
-109
-112
-118
-109
-100
-79
-66
-62
-46
-42
-24
-14
-3
5
14
18
7
3
-4
-36
-49
-41
-43
-48
-69
-90
-103
-109
-120
-103
-87
-71
-58
-73
-75
-65
-62
-59
-56
-66
-89
-95
-105
-105
-87
-71
-71
-80
-81
-77
-88
-71
-53
-37
-29
-24
-10
5
8
-5
-17
-36
-38
-46
-55
-62
-55
-36
-17
-4
-7
-15
-35
-18
-13
2
10
9
6
-6
-24
-28
-9
-9
-12
-25
-27
-30
-39
-49
-49
-33
-25
-31
-46
-44
-55
-65
-80
-86
-91
-83
-75
-63
-42
-17
-21
-30
-34
-22
-5
11
-5
-16
-17
-8
-8
-24
-46
-66
-62
-79
-89
-94
-107
-126
-123
-123
-107
-100
-101
-96
-93
-62
-64
-86
-101
-115
-122
-122
-124
-129
-128
-144
-143
-131
-127
-119
-121
-123
-139
-149
-135
-115
-109
-107
-109
-119
-126
-120
-98
-98
-94
-92
-114
-126
-133
-124
-126
-125
-130
-146
-149
-154
-159
-158
-159
-163
-162
-159
-154
-165
-187
-197
-198
-186
-174
-182
-161
-134
-134
-129
-124
-130
-118
-91
-67
-49
-41
-43
-38
-25
-30
-46
-59
-37
-36
-52
-65
-79
-105
-119
-131
-136
-112
-99
-81
-80
-97
-100
-116
-112
-106
-109
-113
-109
-99
-88
-72
-72
-86
-96
-109
-119
-121
-115
-111
-120
-129
-156
-157
-160
-159
-156
-172
-156
-139
-147
-161
-163
-162
-170
-184
-203
-217
-187
-152
-142
-126
-129
-136
-164
-196
-205
-196
-188
-186
-171
-173
-176
-177
-179
-179
-172
-171
-188
-199
-212
-213
-214
-203
-207
-211
-227
-215
-188
-173
-139
-134
-105
-102
-103
-114
-118
-122
-112
-119
-150
-172
-190
-179
-177
-179
-161
-134
-135
-115
-122
-135
-155
-153
-139
-144
-134
-140
-127
-122
-121
-112
-101
-104
-113
-102
-112
-125
-133
-137
-142
-157
-155
-160
-175
-169
-185
-194
-191
-175
-170
-162
-134
-148
-139
-147
-145
-166
-167
-156
-159
-152
-135
-114
-112
-123
-146
-147
-128
-113
-110
-102
-113
-127
-134
-137
-134
-123
-120
-130
-142
-164
-172
-168
-166
-162
-157
-151
-145
-135
-136
-144
-135
-133
-134
-127
-120
-126
-130
-133
-144
-140
-125
-117
-101
-90
-61
-46
-32
-43
-62
-60
-55
-56
-57
-33
-36
-42
-54
-62
-58
-54
-50
-56
-52
-36
-26
-22
-19
-21
-14
-21
-26
-31
-36
-38
-24
-15
-7
-10
-29
-49
-59
-64
-60
-53
-46
-47
-57
-56
-45
-33
-40
-51
-72
-68
-57
-46
-46
-55
-41
-42
-20
4
19
29
3
-9
-16
-16
-25
-28
-27
-37
-29
-20
-41
-53
-61
-70
-79
-71
-50
-32
-15
-15
-3
9
17
14
-4
-24
-15
-16
-9
7
19
21
12
-3
0
-17
-33
-36
-31
-44
-64
-73
-82
-96
-89
-70
-71
-60
-49
-50
-74
-83
-79
-62
-64
-60
-63
-65
-58
-44
-50
-58
-49
-56
-48
-33
-34
-40
-24
-7
-1
9
21
38
34
36
29
14
-18
-53
-82
-93
-87
-79
-75
-65
-40
-41
-21
-7
-9
-18
-49
-67
-73
-83
-80
-71
-61
-50
-33
-35
-63
-61
-57
-31
-16
3
11
6
23
19
3
-5
-19
-31
-41
-50
-52
-53
-62
-59
-45
-42
-57
-71
-63
-67
-89
-57
-49
-79
-83
-94
-79
-70
-72
-69
-48
-35
-43
-49
-44
-30
-15
-4
-12
-16
-29
-26
-13
-6
-14
-20
-31
-42
-42
-37
-19
-5
8
19
15
10
5
6
27
63
71
81
91
84
61
48
53
42
25
18
6
-12
-27
-28
-33
-30
-49
-76
-90
-106
-81
-54
-26
0
5
-5
-21
-41
-31
-13
-3
28
41
40
26
19
10
13
5
-17
-17
-29
-21
-25
-46
-73
-97
-101
-101
-94
-96
-90
-59
-28
-7
-2
-12
-20
-37
-61
-77
-69
-50
-51
-47
-41
-63
-72
-68
-64
-63
-71
-68
-68
-60
-46
-42
-68
-85
-104
-117
-112
-96
-74
-70
-55
-25
-4
2
11
9
5
-11
-11
-10
-10
-4
-13
-15
-27
-39
-66
-77
-67
-71
-65
-58
-51
-57
-73
-63
-72
-67
-77
-93
-98
-91
-82
-85
-94
-104
-111
-108
-109
-113
-105
-101
-98
-103
-102
-103
-115
-117
-115
-130
-153
-173
-187
-194
-180
-167
-167
-152
-142
-134
-142
-144
-139
-155
-146
-135
-136
-163
-176
-171
-169
-158
-162
-159
-159
-175
-177
-169
-140
-129
-128
-114
-106
-114
-115
-123
-137
-159
-168
-167
-169
-160
-157
-152
-148
-143
-143
-126
-109
-110
-108
-107
-111
-110
-110
-120
-126
-126
-110
-98
-91
-89
-88
-77
-88
-106
-120
-121
-133
-137
-146
-154
-164
-177
-172
-164
-150
-130
-106
-102
-107
-106
-110
-90
-84
-93
-82
-76
-59
-53
-58
-53
-72
-77
-73
-81
-86
-102
-115
-128
-130
-133
-157
-159
-153
-168
-177
-178
-164
-164
-175
-153
-153
-167
-150
-151
-163
-166
-183
-190
-177
-162
-170
-172
-183
-196
-208
-221
-219
-240
-242
-224
-199
-179
-185
-193
-192
-190
-190
-186
-181
-194
-189
-162
-142
-137
-171
-187
-178
-161
-160
-170
-162
-163
-170
-168
-164
-155
-131
-125
-125
-120
-107
-121
-131
-134
-137
-131
-136
-131
-125
-121
-104
-91
-93
-104
-130
-120
-108
-89
-75
-83
-111
-115
-117
-124
-104
-86
-68
-75
-66
-71
-87
-94
-96
-92
-82
-80
-59
-56
-52
-30
-30
-40
-63
-56
-38
-45
-58
-45
-44
-41
-25
-23
-35
-38
-25
-18
-47
-62
-69
-56
-43
-50
-69
-83
-101
-115
-113
-140
-162
-145
-120
-140
-146
-157
-155
-153
-160
-153
-129
-130
-134
-134
-148
-158
-192
-226
-235
-240
-236
-217
-189
-174
-178
-181
-187
-210
-206
-180
-148
-135
-146
-165
-183
-180
-167
-159
-155
-160
-172
-165
-164
-160
-160
-145
-147
-158
-166
-164
-151
-153
-158
-163
-161
-166
-175
-184
-203
-218
-213
-215
-228
-245
-246
-225
-226
-251
-263
-277
-293
-315
-333
-321
-309
-304
-295
-290
-277
-286
-307
-313
-322
-323
-338
-338
-314
-291
-267
-247
-233
-223
-235
-238
-215
-207
-209
-210
-218
-234
-251
-246
-229
-218
-227
-251
-269
-298
-322
-313
-294
-270
-275
-296
-304
-321
-329
-314
-295
-282
-294
-286
-261
-241
-227
-226
-225
-246
-250
-254
-263
-277
-287
-279
-262
-255
-260
-269
-264
-253
-253
-256
-252
-247
-251
-242
-236
-221
-215
-216
-193
-174
-178
-175
-186
-215
-230
-237
-262
-261
-246
-226
-210
-220
-214
-198
-175
-141
-105
-96
-101
-102
-118
-120
-108
-98
-79
-75
-82
-92
-83
-85
-103
-97
-105
-129
-152
-171
-183
-191
-181
-154
-148
-138
-134
-139
-143
-154
-122
-111
-124
-142
-137
-107
-101
-96
-80
-77
-86
-86
-80
-61
-66
-96
-110
-100
-86
-98
-91
-64
-51
-56
-50
-14
-11
-17
-25
-28
-44
-68
-73
-72
-59
-46
-49
-63
-78
-79
-78
-82
-92
-112
-129
-145
-157
-145
-122
-116
-90
-84
-79
-84
-95
-94
-88
-81
-80
-90
-99
-86
-80
-69
-82
-99
-89
-72
-63
-62
-63
-74
-87
-82
-100
-102
-98
-100
-99
-114
-149
-158
-143
-127
-115
-118
-120
-139
-157
-169
-170
-170
-161
-151
-143
-141
-148
-170
-181
-176
-161
-150
-134
-118
-125
-125
-122
-120
-116
-114
-99
-115
-137
-130
-113
-112
-122
-120
-127
-136
-108
-91
-87
-95
-105
-97
-113
-129
-146
-151
-152
-152
-151
-146
-143
-146
-136
-142
-153
-166
-157
-133
-104
-82
-64
-59
-68
-72
-83
-95
-108
-103
-93
-89
-88
-84
-79
-60
-67
-91
-96
-103
-107
-118
-116
-131
-136
-126
-124
-136
-150
-149
-155
-147
-158
-170
-169
-178
-205
-216
-200
-176
-158
-165
-169
-174
-183
-200
-197
-192
-192
-194
-197
-188
-199
-203
-203
-205
-208
-198
-176
-175
-177
-167
-163
-154
-146
-143
-153
-145
-155
-182
-212
-233
-233
-229
-212
-198
-213
-230
-241
-243
-238
-229
-238
-231
-232
-257
-280
-291
-283
-277
-285
-282
-269
-284
-292
-294
-295
-292
-270
-259
-270
-253
-243
-249
-234
-204
-187
-193
-195
-205
-214
-209
-196
-188
-174
-165
-151
-155
-144
-132
-130
-129
-140
-145
-157
-183
-195
-191
-205
-197
-207
-218
-221
-226
-217
-219
-232
-231
-237
-243
-253
-250
-236
-225
-236
-261
-252
-247
-250
-244
-229
-227
-220
-201
-184
-160
-156
-174
-187
-196
-198
-186
-168
-176
-175
-171
-172
-171
-154
-141
-154
-165
-171
-187
-198
-203
-220
-219
-229
-236
-243
-251
-246
-250
-243
-231
-221
-239
-268
-284
-296
-317
-336
-344
-334
-313
-304
-291
-275
-260
-250
-243
-239
-244
-250
-252
-244
-248
-254
-266
-264
-243
-233
-234
-223
-212
-211
-212
-203
-200
-209
-221
-237
-228
-224
-216
-199
-185
-194
-207
-201
-202
-198
-194
-202
-223
-229
-221
-227
-230
-233
-233
-249
-276
-275
-250
-226
-202
-184
-205
-230
-245
-256
-266
-270
-270
-263
-246
-250
-256
-245
-235
-232
-219
-221
-240
-246
-217
-192
-182
-184
-191
-196
-220
-211
-194
-179
-164
-148
-129
-129
-136
-149
-157
-175
-188
-191
-205
-202
-210
-219
-184
-149
-141
-153
-182
-168
-159
-119
-53
-70
-198
-340
-358
-335
-257
-216
-205
-165
-101
-91
-117
-103
-126
-149
-169
-119
10
280
582
685
562
241
-22
-156
-75
50
170
210
90
-58
-246
-351
-389
-421
-538
-584
-535
-400
-472
-685
-848
-905
-815
-885
-990
-991
-727
-606
-607
-686
-685
-471
-385
-402
-540
-500
-319
-155
-121
-176
-164
-66
18
-62
-115
-98
69
265
390
442
365
304
80
-84
-132
-100
-38
-69
-88
-212
-298
-368
-320
-359
-562
-717
-676
-513
-489
-570
-676
-619
-597
-757
-944
-963
-837
-696
-662
-649
-600
-580
-489
-588
-794
-870
-692
-481
-461
-533
-643
-495
-457
-622
-806
-786
-664
-641
-696
-897
-748
-676
-705
-851
-924
-891
-812
-774
-921
-878
-766
-557
-574
-635
-733
-649
-532
-557
-553
-566
-394
-260
-197
-248
-225
-156
-147
-221
-304
-277
-240
-150
-180
-210
-231
-194
-223
-315
-415
-501
-500
-546
-562
-598
-584
-561
-643
-704
-801
-820
-781
-786
-820
-831
-781
-728
-621
-543
-583
-645
-638
-604
-677
-795
-823
-632
-565
-683
-873
-901
-810
-847
-976
-1054
-897
-838
-962
-1128
-1151
-1131
-1122
-1271
-1345
-1251
-1078
-1039
-1096
-1064
-1008
-879
-924
-943
-924
-745
-529
-428
-414
-413
-317
-267
-257
-304
-221
-60
81
104
59
77
135
117
9
-111
-100
-65
-90
-225
-376
-401
-424
-496
-647
-720
-662
-655
-682
-766
-765
-696
-670
-682
-752
-713
-651
-600
-611
-626
-569
-468
-382
-378
-335
-284
-265
-304
-380
-380
-290
-284
-349
-446
-522
-565
-676
-756
-821
-838
-923
-1005
-1162
-1281
-1358
-1453
-1549
-1618
-1648
-1603
-1573
-1570
-1571
-1533
-1450
-1409
-1298
-1161
-919
-738
-572
-448
-326
-159
-42
93
194
393
585
767
869
911
1006
1051
1073
976
880
807
712
585
425
334
228
97
-97
-277
-425
-620
-789
-963
-1046
-1112
-1169
-1244
-1283
-1261
-1237
-1186
-1170
-1127
-1071
-970
-826
-724
-608
-447
-282
-154
-58
14
77
124
96
63
44
-6
-99
-192
-292
-376
-462
-606
-717
-886
-1042
-1259
-1405
-1588
-1766
-1890
-2002
-2025
-2076
-2057
-2002
-1912
-1826
-1742
-1577
-1391
-1208
-1019
-805
-524
-326
-124
33
329
566
749
913
1103
1366
1421
1437
1384
1436
1419
1306
1104
928
820
644
447
191
-36
-252
-527
-808
-1032
-1196
-1348
-1552
-1723
-1877
-1890
-1893
-1888
-1904
-1869
-1747
-1637
-1529
-1377
-1132
-889
-661
-468
-276
-115
46
161
293
371
403
424
412
360
226
55
-78
-167
-277
-458
-635
-768
-1008
-1243
-1567
-1770
-1984
-2150
-2254
-2316
-2229
-2210
-2085
-2028
-1834
-1666
-1484
-1322
-1112
-781
-553
-313
-118
283
622
936
1144
1420
1733
1866
1868
1813
1864
1863
1722
1519
1402
1318
1142
822
573
333
99
-249
-593
-814
-1000
-1176
-1401
-1566
-1712
-1796
-1856
-1862
-1862
-1805
-1691
-1583
-1479
-1376
-1139
-905
-657
-476
-265
3
181
300
319
492
550
594
512
434
424
286
234
68
35
-171
-357
-565
-843
-1068
-1372
-1536
-1813
-1981
-2139
-2109
-2079
-2096
-2078
-1920
-1691
-1579
-1462
-1301
-929
-731
-541
-318
78
470
660
869
1201
1601
1822
1921
2118
2304
2379
2267
2121
2032
1824
1622
1333
1164
929
760
513
244
-5
-314
-478
-775
-974
-1263
-1365
-1469
-1597
-1663
-1706
-1613
-1661
-1563
-1430
-1153
-970
-795
-582
-283
9
168
315
441
584
608
708
768
859
753
665
577
533
421
240
132
-64
-221
-501
-643
-894
-1122
-1396
-1648
-1882
-1999
-1998
-1914
-1820
-1721
-1534
-1390
-1128
-1041
-745
-607
-388
-208
42
389
574
944
1204
1629
1830
2056
2286
2436
2547
2437
2373
2189
2035
1771
1520
1266
1029
844
616
417
137
-65
-305
-561
-818
-1046
-1177
-1349
-1568
-1705
-1716
-1629
-1638
-1599
-1475
-1258
-1077
-924
-664
-390
-116
33
223
446
620
701
744
808
822
778
700
593
475
331
242
79
-52
-276
-499
-831
-1135
-1326
-1514
-1694
-2036
-2201
-2290
-2232
-2210
-2155
-1947
-1766
-1645
-1514
-1206
-821
-639
-496
-255
127
399
581
919
1258
1627
1773
2113
2353
2642
2621
2585
2468
2294
2183
1864
1706
1250
1049
757
571
275
-10
-144
-400
-609
-928
-1002
-1165
-1455
-1731
-1828
-1762
-1818
-1857
-1737
-1577
-1352
-1238
-925
-589
-281
-131
4
259
410
537
511
679
674
762
671
749
639
579
441
303
197
-126
-209
-562
-712
-1077
-1215
-1486
-1787
-2043
-2212
-2130
-2185
-2113
-2073
-1823
-1761
-1625
-1483
-1133
-898
-794
-554
-268
168
346
730
1031
1408
1660
1922
2292
2425
2607
2594
2689
2567
2389
2213
1969
1717
1328
1118
933
685
351
74
-58
-295
-570
-846
-1015
-1231
-1532
-1702
-1777
-1822
-1906
-1899
-1788
-1618
-1474
-1221
-1001
-726
-555
-296
-96
107
255
332
470
524
608
571
618
543
536
399
420
256
150
-72
-284
-471
-786
-897
-1273
-1401
-1801
-1903
-2078
-2036
-1956
-1950
-1770
-1800
-1529
-1436
-1098
-952
-755
-590
-375
-67
114
500
775
1161
1370
1746
2079
2323
2422
2488
2634
2586
2516
2264
2155
1861
1632
1294
1089
836
547
329
61
-63
-295
-434
-688
-889
-1165
-1387
-1532
-1672
-1762
-1831
-1783
-1722
-1555
-1313
-1068
-830
-611
-314
-86
135
268
408
549
576
668
595
676
564
579
469
437
362
159
26
-270
-381
-712
-865
-1174
-1424
-1691
-1961
-2091
-2223
-2119
-2107
-1988
-1915
-1794
-1598
-1459
-1234
-1106
-861
-603
-324
-54
242
609
893
1169
1495
1902
2245
2425
2569
2722
2769
2723
2488
2388
2120
1834
1468
1151
1018
718
536
146
34
-199
-401
-616
-889
-1058
-1370
-1554
-1783
-1876
-1956
-2021
-2021
-1960
-1744
-1479
-1223
-966
-643
-342
-61
100
328
443
587
526
565
540
560
506
375
413
299
375
78
55
-252
-343
-624
-887
-1079
-1491
-1671
-2192
-2211
-2379
-2225
-2273
-2232
-2087
-1935
-1601
-1511
-1211
-1082
-772
-654
-434
-169
147
432
597
889
1220
1673
1967
2210
2382
2554
2631
2564
2440
2243
1966
1571
1190
911
660
349
61
-151
-264
-402
-584
-751
-955
-1178
-1464
-1643
-1813
-1980
-2158
-2304
-2284
-2205
-1964
-1752
-1474
-1159
-829
-433
-179
92
207
360
344
308
310
257
278
54
105
9
136
-1
-108
-222
-391
-488
-823
-976
-1379
-1642
-2078
-2248
-2396
-2360
-2382
-2398
-2310
-2164
-1836
-1633
-1331
-1197
-889
-714
-471
-297
-60
191
345
582
863
1331
1645
1903
2104
2329
2514
2539
2450
2286
2026
1632
1267
915
653
296
-33
-330
-477
-563
-698
-822
-1029
-1218
-1467
-1669
-1863
-2038
-2215
-2356
-2434
-2363
-2211
-2023
-1804
-1512
-1148
-797
-481
-229
-56
82
175
192
183
54
-59
-256
-308
-381
-363
-423
-526
-571
-727
-729
-984
-1096
-1419
-1706
-2064
-2295
-2404
-2498
-2552
-2672
-2592
-2453
-2143
-1876
-1544
-1289
-1008
-802
-564
-345
-95
143
259
438
673
1085
1382
1634
1814
2025
2250
2311
2333
2160
1971
1654
1372
1021
707
357
26
-295
-555
-686
-825
-935
-1150
-1284
-1402
-1520
-1654
-1875
-2046
-2226
-2292
-2310
-2195
-2065
-1887
-1623
-1312
-928
-570
-225
5
171
283
371
366
258
138
-7
-94
-212
-282
-388
-445
-524
-575
-690
-768
-914
-1155
-1436
-1727
-1861
-2022
-2075
-2270
-2334
-2309
-2098
-1892
-1712
-1469
-1189
-876
-684
-355
-39
297
417
557
758
1077
1375
1558
1759
1954
2238
2340
2448
2376
2295
2107
1835
1594
1265
973
580
223
-102
-283
-427
-597
-796
-964
-1108
-1231
-1339
-1494
-1628
-1797
-1888
-1938
-1907
-1837
-1753
-1594
-1388
-1037
-706
-351
-123
117
278
422
462
469
379
260
119
-19
-90
-237
-288
-492
-547
-684
-701
-820
-1011
-1210
-1452
-1532
-1668
-1766
-1978
-2121
-2113
-2011
-1815
-1679
-1474
-1202
-947
-699
-410
-45
281
435
563
788
1113
1355
1466
1632
1827
2031
2120
2159
2172
2068
1960
1781
1600
1374
1103
762
365
68
-156
-319
-559
-819
-1016
-1140
-1222
-1340
-1431
-1545
-1629
-1713
-1750
-1736
-1655
-1559
-1480
-1326
-1031
-726
-460
-271
-114
86
252
338
354
343
277
169
26
-68
-171
-269
-446
-577
-670
-727
-853
-1025
-1218
-1362
-1417
-1460
-1582
-1784
-1878
-1820
-1695
-1598
-1476
-1298
-1074
-883
-647
-332
-17
217
345
570
854
1204
1403
1522
1663
1814
2024
2091
2078
1983
1886
1754
1569
1393
1181
964
687
383
158
37
-91
-313
-543
-697
-826
-965
-1116
-1258
-1382
-1512
-1559
-1574
-1513
-1453
-1348
-1208
-1027
-758
-509
-342
-192
-8
134
234
233
212
147
80
-31
-142
-209
-280
-358
-521
-586
-686
-747
-964
-1105
-1280
-1330
-1358
-1414
-1520
-1686
-1659
-1555
-1369
-1310
-1122
-939
-747
-577
-321
-22
189
285
410
650
978
1248
1407
1521
1677
1821
1920
1956
1890
1798
1656
1502
1319
1146
909
681
396
173
65
-15
-198
-458
-606
-685
-743
-870
-984
-1121
-1257
-1343
-1379
-1396
-1338
-1260
-1142
-1036
-804
-533
-327
-169
-23
181
265
305
236
144
19
-79
-175
-300
-367
-445
-521
-586
-631
-654
-763
-885
-1048
-1116
-1142
-1109
-1218
-1419
-1490
-1393
-1274
-1261
-1175
-983
-783
-622
-360
-25
252
419
574
795
1050
1317
1509
1580
1628
1714
1858
1901
1853
1759
1663
1590
1444
1323
1156
1000
712
431
262
146
1
-264
-451
-551
-635
-741
-863
-967
-1080
-1147
-1134
-1088
-1032
-968
-869
-789
-634
-362
-160
-49
33
200
321
366
352
293
256
212
172
38
-29
-142
-217
-366
-469
-552
-678
-804
-986
-974
-983
-903
-1016
-1139
-1195
-1081
-935
-916
-832
-697
-512
-410
-211
42
285
423
574
797
1085
1330
1549
1610
1650
1739
1879
1911
1771
1661
1557
1493
1315
1181
1016
855
642
422
324
274
187
-9
-175
-292
-374
-494
-635
-797
-935
-994
-987
-988
-973
-883
-717
-618
-496
-272
-61
56
122
229
337
365
322
212
120
40
-20
-126
-277
-393
-519
-592
-696
-749
-891
-973
-1044
-1034
-994
-961
-954
-1042
-1058
-984
-833
-810
-726
-620
-438
-312
-81
172
363
517
665
888
1106
1326
1498
1573
1586
1635
1729
1749
1660
1508
1335
1203
1037
877
686
532
349
182
126
66
-19
-194
-325
-433
-527
-638
-717
-832
-961
-1004
-964
-933
-897
-803
-678
-535
-370
-163
-19
100
160
249
262
247
208
127
26
-121
-185
-334
-409
-545
-630
-730
-803
-879
-956
-1049
-1090
-1066
-1053
-1046
-1150
-1174
-1158
-1019
-965
-892
-750
-565
-422
-273
-32
213
389
471
642
855
1069
1233
1384
1491
1542
1575
1636
1581
1439
1271
1179
1068
863
709
547
396
194
86
44
-49
-196
-320
-423
-497
-585
-649
-739
-859
-925
-933
-887
-898
-850
-742
-645
-493
-331
-121
0
80
145
183
252
205
126
5
-69
-176
-296
-446
-575
-684
-775
-875
-949
-1061
-1125
-1190
-1186
-1191
-1137
-1121
-1169
-1128
-1015
-842
-831
-747
-625
-444
-305
-64
185
391
517
671
897
1092
1299
1475
1600
1622
1678
1721
1699
1558
1408
1283
1149
963
762
607
410
224
38
-28
-92
-205
-347
-429
-461
-511
-550
-627
-739
-845
-875
-828
-790
-768
-658
-518
-363
-218
12
199
308
432
539
630
564
529
388
308
150
60
-127
-296
-404
-532
-629
-739
-823
-945
-1005
-1025
-980
-932
-899
-951
-971
-907
-759
-722
-679
-577
-447
-340
-176
79
318
488
630
876
1087
1288
1454
1614
1676
1715
1759
1799
1650
1466
1291
1139
965
752
610
447
316
144
111
95
6
-123
-227
-271
-349
-402
-457
-533
-661
-755
-738
-746
-742
-700
-545
-393
-228
-10
199
324
419
532
584
572
474
360
175
55
-62
-181
-381
-544
-677
-794
-863
-942
-986
-1052
-1049
-1040
-1008
-985
-1033
-1091
-1098
-937
-812
-741
-614
-405
-226
-30
266
567
738
861
1082
1307
1507
1672
1850
1906
1859
1867
1896
1833
1665
1481
1317
1135
890
680
482
285
70
-88
-126
-195
-319
-447
-500
-533
-601
-652
-730
-832
-920
-890
-829
-778
-731
-601
-453
-322
-146
94
267
368
520
667
759
671
597
416
238
88
-57
-220
-443
-625
-811
-930
-1039
-1023
-1107
-1121
-1117
-1036
-983
-1019
-1048
-1098
-993
-932
-869
-803
-633
-476
-296
-49
271
510
644
829
1058
1301
1443
1597
1663
1683
1658
1727
1706
1553
1366
1205
1004
745
522
333
151
-92
-249
-323
-375
-525
-623
-675
-693
-775
-844
-921
-1026
-1104
-1094
-1012
-988
-920
-800
-598
-459
-239
-46
145
227
337
443
518
533
455
332
146
2
-202
-371
-601
-791
-961
-1065
-1146
-1258
-1336
-1406
-1404
-1434
-1397
-1367
-1362
-1344
-1244
-1116
-1052
-938
-766
-564
-450
-191
113
393
488
693
976
1248
1451
1608
1761
1797
1822
1839
1857
1696
1533
1314
1152
886
665
465
275
31
-194
-312
-420
-542
-722
-788
-837
-899
-991
-1039
-1100
-1201
-1273
-1212
-1169
-1114
-989
-787
-614
-421
-166
81
257
400
558
641
653
577
462
274
108
-39
-154
-319
-498
-661
-848
-956
-1080
-1158
-1274
-1309
-1308
-1274
-1244
-1266
-1303
-1299
-1188
-1130
-1047
-930
-726
-598
-374
-77
243
423
537
783
1043
1291
1473
1670
1724
1751
1782
1836
1727
1528
1375
1205
997
756
592
383
158
-130
-311
-426
-553
-715
-842
-883
-934
-996
-1094
-1169
-1272
-1321
-1287
-1200
-1117
-993
-858
-711
-550
-333
-82
93
231
351
496
564
519
434
288
161
-21
-170
-377
-554
-762
-941
-1075
-1217
-1310
-1444
-1502
-1513
-1467
-1424
-1493
-1558
-1575
-1478
-1400
-1330
-1224
-1063
-941
-784
-571
-283
-24
193
423
668
971
1242
1454
1561
1627
1669
1734
1647
1503
1297
1156
980
714
504
310
116
-157
-363
-458
-537
-706
-872
-1007
-1093
-1178
-1222
-1334
-1459
-1544
-1539
-1506
-1511
-1397
-1258
-1078
-945
-720
-491
-264
-89
54
193
304
341
280
131
-22
-120
-293
-428
-644
-751
-945
-1068
-1224
-1337
-1479
-1602
-1648
-1699
-1647
-1671
-1672
-1732
-1602
-1504
-1443
-1372
-1213
-1022
-889
-637
-349
-89
40
271
535
817
1059
1326
1522
1598
1670
1772
1816
1703
1559
1393
1241
1005
776
562
333
111
-116
-272
-404
-536
-726
-852
-940
-1015
-1088
-1162
-1266
-1378
-1413
-1356
-1348
-1331
-1239
-1057
-870
-679
-410
-137
89
239
419
522
551
556
481
387
261
157
35
-160
-363
-552
-724
-836
-968
-1054
-1207
-1269
-1276
-1250
-1240
-1316
-1333
-1317
-1228
-1175
-1114
-1006
-838
-722
-503
-261
22
174
349
598
884
1173
1404
1611
1702
1784
1883
1965
1867
1743
1576
1445
1222
994
813
620
393
136
5
-132
-269
-451
-580
-704
-764
-854
-942
-1070
-1167
-1223
-1191
-1140
-1119
-1016
-943
-768
-640
-381
-180
66
212
413
537
647
652
566
472
353
274
95
-38
-264
-394
-611
-699
-875
-954
-1079
-1128
-1159
-1133
-1085
-1172
-1197
-1210
-1059
-1045
-968
-917
-756
-689
-524
-248
10
207
353
640
913
1230
1503
1736
1863
1960
2072
2152
2089
1937
1791
1633
1473
1247
1073
861
675
410
197
107
-17
-192
-411
-498
-600
-697
-784
-887
-1029
-1128
-1149
-1112
-1127
-1086
-993
-858
-723
-499
-246
-69
95
260
414
539
605
613
509
388
273
167
19
-124
-298
-484
-663
-772
-897
-1033
-1154
-1174
-1179
-1172
-1190
-1215
-1213
-1139
-1083
-1044
-992
-863
-769
-672
-482
-228
8
132
303
549
831
1137
1370
1530
1650
1768
1877
1851
1756
1627
1504
1330
1101
912
732
548
309
98
3
-76
-203
-367
-466
-504
-572
-616
-744
-890
-1021
-1062
-1070
-1130
-1135
-1079
-988
-911
-728
-484
-260
-104
73
247
390
473
466
398
283
196
33
-137
-326
-487
-685
-835
-923
-1005
-1081
-1169
-1189
-1217
-1189
-1154
-1206
-1276
-1264
-1138
-1087
-1084
-1010
-847
-736
-565
-330
-65
93
253
499
746
1030
1299
1529
1613
1698
1782
1833
1748
1630
1469
1320
1174
984
793
568
397
151
-20
-109
-178
-342
-521
-603
-666
-761
-842
-947
-1094
-1187
-1170
-1137
-1179
-1128
-1037
-887
-764
-557
-315
-179
-71
55
222
310
386
376
308
217
121
0
-190
-356
-568
-735
-951
-1057
-1226
-1323
-1446
-1442
-1435
-1361
-1347
-1428
-1490
-1438
-1271
-1258
-1203
-1158
-967
-902
-687
-445
-199
-28
135
390
619
880
1110
1302
1423
1541
1665
1726
1620
1470
1311
1211
1047
810
593
394
208
-47
-187
-247
-349
-519
-681
-721
-787
-871
-928
-1026
-1184
-1272
-1242
-1221
-1267
-1209
-1113
-980
-865
-642
-431
-290
-137
14
175
284
334
331
227
170
65
-80
-290
-468
-657
-890
-1038
-1208
-1326
-1513
-1544
-1611
-1581
-1592
-1542
-1618
-1634
-1506
-1344
-1325
-1312
-1178
-1021
-895
-721
-443
-268
-84
93
385
615
862
1092
1241
1374
1490
1662
1711
1674
1520
1367
1240
1098
838
590
381
188
-46
-239
-343
-488
-643
-766
-813
-896
-971
-1021
-1141
-1280
-1319
-1269
-1294
-1350
-1317
-1190
-1107
-978
-799
-601
-478
-338
-126
24
170
215
266
187
160
0
-130
-349
-462
-664
-825
-993
-1141
-1313
-1459
-1510
-1579
-1570
-1560
-1467
-1580
-1582
-1470
-1302
-1277
-1257
-1114
-964
-876
-715
-475
-291
-108
71
347
513
793
1035
1242
1338
1476
1659
1751
1736
1607
1464
1365
1208
961
712
498
321
51
-141
-249
-358
-506
-624
-666
-735
-791
-819
-886
-1021
-1049
-1011
-1043
-1148
-1181
-1098
-1010
-940
-766
-559
-396
-215
-9
185
263
394
387
411
330
303
130
-66
-280
-448
-659
-815
-974
-1106
-1254
-1318
-1341
-1386
-1340
-1294
-1310
-1373
-1287
-1153
-1075
-1069
-965
-838
-747
-622
-405
-202
-50
130
364
576
866
1171
1374
1472
1613
1793
1914
1884
1830
1697
1554
1385
1156
901
639
462
234
36
-111
-178
-334
-445
-514
-551
-606
-641
-671
-797
-902
-876
-868
-964
-981
-916
-836
-808
-642
-454
-281
-134
83
259
347
469
556
545
479
422
319
98
-103
-285
-454
-642
-776
-952
-1161
-1308
-1386
-1475
-1529
-1462
-1410
-1443
-1468
-1350
-1259
-1217
-1152
-1026
-920
-786
-599
-408
-228
-6
229
410
629
924
1239
1413
1601
1785
1921
2000
2064
2036
1874
1725
1577
1330
1054
835
651
386
124
10
-87
-249
-387
-447
-545
-623
-650
-715
-864
-974
-1013
-1059
-1138
-1133
-1091
-1049
-1011
-849
-658
-478
-256
28
167
324
471
573
501
437
393
268
87
-98
-209
-487
-662
-879
-1010
-1204
-1225
-1334
-1408
-1470
-1339
-1258
-1333
-1317
-1221
-1073
-1102
-1022
-931
-852
-761
-582
-405
-261
-81
114
284
491
829
1101
1301
1422
1634
1755
1829
1843
1753
1626
1477
1343
1085
814
609
392
112
-91
-156
-249
-400
-462
-483
-573
-631
-662
-775
-973
-1081
-1067
-1108
-1171
-1144
-1079
-1082
-1020
-835
-636
-503
-299
-74
82
199
335
398
340
297
255
128
-25
-177
-342
-579
-760
-935
-1121
-1298
-1400
-1483
-1587
-1548
-1463
-1431
-1482
-1454
-1337
-1253
-1188
-1094
-974
-924
-825
-640
-482
-338
-113
106
309
536
883
1159
1334
1524
1711
1848
1913
1914
1828
1671
1553
1426
1200
938
730
527
270
66
-45
-175
-325
-418
-487
-565
-638
-673
-780
-905
-970
-972
-1014
-1100
-1117
-1134
-1140
-1050
-855
-691
-536
-295
-51
96
265
447
556
545
535
543
420
267
83
-76
-330
-490
-639
-828
-1046
-1171
-1260
-1367
-1419
-1389
-1394
-1427
-1465
-1423
-1329
-1246
-1190
-1155
-1111
-985
-861
-744
-587
-353
-104
57
293
582
868
1098
1320
1537
1673
1796
1916
1902
1784
1655
1568
1387
1123
931
751
542
284
106
-9
-150
-290
-404
-499
-593
-642
-726
-867
-1008
-1071
-1119
-1217
-1287
-1307
-1290
-1236
-1112
-974
-825
-633
-397
-208
-25
166
334
393
435
436
400
267
107
-40
-254
-400
-591
-731
-950
-1090
-1224
-1285
-1396
-1385
-1422
-1429
-1474
-1453
-1462
-1458
-1334
-1276
-1219
-1190
-1032
-937
-853
-703
-468
-216
-1
224
499
780
1047
1298
1471
1627
1742
1866
1838
1740
1624
1478
1336
1141
947
751
572
404
249
123
24
-97
-262
-408
-491
-559
-685
-810
-922
-1024
-1110
-1145
-1189
-1226
-1241
-1196
-1116
-998
-795
-593
-372
-186
7
163
294
358
378
369
315
227
82
-85
-265
-398
-544
-639
-773
-888
-1023
-1113
-1205
-1221
-1256
-1252
-1285
-1310
-1314
-1315
-1207
-1213
-1137
-1095
-947
-798
-691
-533
-320
-62
154
343
606
886
1146
1336
1503
1658
1754
1868
1890
1838
1789
1675
1571
1375
1200
1031
863
668
445
285
139
20
-148
-305
-436
-547
-658
-770
-873
-935
-1013
-1055
-1117
-1127
-1097
-1062
-963
-852
-659
-485
-261
-81
110
272
411
518
560
602
579
491
387
292
171
15
-132
-249
-395
-547
-697
-797
-899
-1010
-1076
-1159
-1199
-1233
-1232
-1279
-1256
-1179
-1095
-1056
-991
-843
-735
-594
-382
-146
71
266
481
735
998
1246
1462
1637
1774
1907
2014
2056
2043
1982
1883
1751
1609
1421
1204
1025
802
618
426
263
94
-98
-246
-373
-482
-612
-737
-871
-989
-1046
-1065
-1105
-1134
-1119
-1070
-1003
-873
-703
-548
-395
-217
-68
75
226
347
427
476
480
486
405
341
217
101
-22
-153
-298
-492
-631
-758
-896
-1030
-1124
-1293
-1347
-1385
-1347
-1436
-1460
-1395
-1310
-1232
-1175
-1032
-917
-779
-610
-370
-163
86
293
526
732
1017
1286
1497
1668
1788
1961
2042
2093
2038
1941
1835
1698
1490
1279
1077
867
603
401
246
80
-121
-316
-433
-567
-651
-733
-867
-1033
-1095
-1109
-1163
-1244
-1282
-1237
-1209
-1116
-967
-804
-626
-419
-231
-71
109
277
417
475
539
562
542
441
341
239
86
-51
-210
-359
-548
-626
-819
-930
-1121
-1183
-1354
-1449
-1497
-1548
-1594
-1653
-1588
-1564
-1486
-1406
-1244
-1118
-939
-764
-502
-300
-29
228
457
743
1016
1362
1540
1752
1857
1988
2067
2102
2071
1946
1831
1704
1526
1293
1087
875
624
363
182
-16
-219
-420
-562
-694
-815
-904
-1053
-1202
-1319
-1341
-1364
-1358
-1326
-1284
-1261
-1187
-1016
-835
-687
-500
-290
-68
112
318
427
501
547
618
610
545
456
337
199
54
-62
-229
-409
-602
-714
-860
-982
-1137
-1228
-1395
-1425
-1446
-1485
-1552
-1572
-1511
-1481
-1390
-1283
-1109
-989
-793
-566
-295
-48
230
485
740
1006
1305
1583
1753
1943
2044
2167
2202
2235
2135
2024
1903
1759
1563
1347
1131
894
652
431
258
33
-187
-404
-564
-732
-856
-980
-1142
-1289
-1381
-1388
-1433
-1452
-1451
-1377
-1307
-1162
-952
-725
-488
-250
-33
151
327
505
619
701
751
775
748
685
594
446
276
128
-16
-208
-399
-556
-732
-905
-1060
-1185
-1342
-1489
-1564
-1634
-1687
-1731
-1715
-1661
-1557
-1404
-1224
-1058
-850
-607
-326
-28
296
601
840
1085
1346
1584
1785
1952
2068
2140
2201
2264
2260
2160
2043
1906
1744
1539
1347
1145
921
686
477
272
61
-152
-360
-525
-676
-827
-976
-1118
-1228
-1281
-1299
-1313
-1307
-1268
-1181
-1080
-932
-747
-530
-298
-71
122
333
541
724
827
889
956
964
960
884
790
668
562
428
270
71
-122
-286
-440
-620
-803
-981
-1179
-1362
-1545
-1618
-1712
-1753
-1817
-1784
-1694
-1526
-1316
-1133
-925
-661
-368
-52
250
569
859
1103
1322
1508
1731
1924
2093
2183
2269
2334
2371
2352
2274
2150
2022
1838
1626
1392
1161
946
698
472
223
37
-211
-439
-624
-769
-899
-1024
-1097
-1161
-1192
-1173
-1130
-1097
-1031
-903
-730
-543
-343
-121
93
302
489
673
837
958
1046
1119
1149
1186
1175
1088
1029
919
818
647
480
291
98
-114
-294
-478
-670
-875
-1048
-1212
-1333
-1420
-1460
-1479
-1484
-1446
-1373
-1235
-1070
-870
-666
-405
-90
225
529
840
1134
1404
1639
1844
2030
2203
2355
2473
2539
2570
2621
2638
2592
2517
2435
2314
2154
1938
1694
1461
1237
953
680
400
150
-105
-328
-518
-656
-739
-821
-883
-939
-951
-901
-821
-748
-657
-530
-393
-234
-54
131
321
500
664
820
977
1090
1217
1293
1397
1437
1454
1386
1331
1208
1083
943
775
622
424
277
80
-71
-296
-437
-612
-770
-966
-1078
-1140
-1135
-1104
-1071
-991
-887
-696
-510
-273
-42
230
475
708
949
1200
1431
1613
1779
1934
2113
2269
2389
2462
2546
2610
2634
2619
2553
2473
2346
2193
2007
1818
1597
1343
1088
826
592
393
178
-24
-170
-257
-334
-462
-525
-611
-619
-609
-572
-521
-492
-418
-362
-258
-135
30
187
306
427
577
694
838
959
1071
1177
1255
1295
1281
1243
1194
1110
983
821
669
471
307
143
-4
-172
-333
-480
-625
-739
-818
-873
-940
-967
-959
-898
-851
-770
-654
-499
-323
-138
80
285
482
702
926
1152
1366
1516
1663
1799
1968
2113
2215
2257
2270
2273
2270
2239
2164
2036
1913
1758
1576
1354
1145
932
694
459
239
47
-192
-404
-555
-647
-733
-792
-856
-926
-974
-968
-923
-899
-880
-820
-743
-666
-541
-398
-252
-103
60
204
358
503
628
708
819
896
942
925
888
853
778
703
581
460
309
208
87
-38
-231
-373
-525
-673
-854
-977
-1090
-1211
-1262
-1309
-1273
-1268
-1198
-1131
-1006
-860
-659
-465
-254
-47
179
415
649
907
1082
1271
1414
1609
1737
1869
1956
2016
2084
2101
2115
2089
2006
1898
1763
1628
1476
1293
1097
868
652
433
223
16
-203
-402
-562
-671
-793
-885
-975
-1056
-1105
-1134
-1108
-1076
-1025
-947
-834
-688
-559
-394
-230
-60
112
298
478
640
768
864
972
1066
1133
1148
1138
1090
1041
978
872
760
613
477
303
131
-107
-281
-490
-658
-874
-1024
-1184
-1336
-1457
-1548
-1562
-1544
-1463
-1409
-1281
-1108
-855
-617
-363
-150
88
363
636
909
1119
1355
1497
1691
1846
2044
2195
2281
2335
2380
2385
2360
2301
2186
2036
1848
1648
1420
1164
886
631
345
86
-184
-455
-703
-936
-1097
-1271
-1400
-1492
-1547
-1539
-1512
-1429
-1303
-1220
-1101
-945
-750
-556
-333
-130
74
292
514
751
956
1131
1275
1397
1534
1616
1686
1694
1669
1602
1484
1330
1131
924
716
484
271
-4
-239
-540
-773
-1025
-1202
-1378
-1544
-1688
-1778
-1765
-1720
-1636
-1542
-1432
-1295
-1101
-868
-610
-357
-56
223
510
780
1047
1283
1459
1666
1845
2042
2201
2336
2427
2487
2552
2571
2524
2403
2228
2020
1752
1476
1190
884
554
219
-86
-392
-652
-897
-1109
-1270
-1423
-1523
-1601
-1640
-1645
-1632
-1576
-1470
-1357
-1235
-1059
-874
-652
-447
-209
51
299
561
835
1077
1281
1456
1593
1687
1729
1755
1710
1650
1503
1384
1207
1023
758
498
216
-39
-279
-560
-795
-1017
-1227
-1405
-1536
-1657
-1766
-1894
-1966
-2030
-1989
-1965
-1866
-1753
-1576
-1344
-1095
-800
-549
-234
55
369
644
903
1170
1411
1601
1786
1907
2012
2074
2141
2157
2139
2096
1969
1840
1638
1424
1175
936
684
383
132
-118
-344
-612
-853
-1041
-1207
-1324
-1416
-1469
-1524
-1561
-1548
-1527
-1470
-1369
-1216
-1044
-899
-687
-494
-290
-93
99
318
513
760
951
1100
1222
1319
1413
1423
1456
1427
1386
1285
1198
1062
886
674
474
245
-4
-235
-510
-779
-1045
-1218
-1403
-1540
-1688
-1804
-1912
-1986
-2020
-2047
-2031
-1993
-1846
-1734
-1542
-1344
-1070
-835
-562
-260
48
356
641
904
1110
1310
1482
1647
1744
1842
1889
1923
1922
1917
1848
1731
1635
1497
1372
1189
1033
809
561
300
63
-156
-410
-623
-817
-983
-1157
-1298
-1397
-1458
-1455
-1416
-1339
-1253
-1153
-1020
-855
-686
-501
-324
-142
9
177
351
509
680
824
962
1068
1159
1212
1264
1327
1339
1325
1288
1214
1106
981
824
647
446
207
-49
-291
-528
-747
-947
-1137
-1318
-1469
-1581
-1676
-1769
-1848
-1901
-1932
-1910
-1863
-1788
-1699
-1552
-1381
-1165
-924
-666
-426
-186
75
342
613
867
1101
1293
1473
1552
1641
1704
1752
1761
1754
1739
1681
1614
1493
1375
1221
1086
902
672
440
202
-43
-269
-478
-697
-877
-1013
-1117
-1227
-1279
-1305
-1323
-1320
-1274
-1207
-1122
-1012
-884
-733
-580
-396
-217
-48
129
308
477
595
715
821
905
980
1027
1065
1088
1078
1017
957
858
758
633
509
374
216
8
-218
-437
-651
-866
-1049
-1211
-1392
-1553
-1701
-1817
-1923
-1954
-1955
-1957
-1951
-1909
-1836
-1742
-1639
-1492
-1338
-1154
-935
-690
-428
-161
83
333
539
750
956
1176
1347
1476
1579
1631
1655
1655
1664
1671
1640
1557
1451
1305
1162
986
799
602
394
203
-4
-209
-406
-580
-761
-900
-1031
-1125
-1198
-1236
-1257
-1290
-1276
-1265
-1187
-1101
-981
-839
-687
-567
-426
-274
-119
36
180
313
418
523
586
663
733
797
858
868
856
818
757
672
587
489
356
185
25
-126
-279
-456
-633
-814
-1026
-1205
-1350
-1472
-1596
-1684
-1759
-1808
-1841
-1893
-1900
-1898
-1826
-1719
-1566
-1416
-1269
-1104
-898
-681
-412
-167
82
305
523
734
924
1128
1291
1440
1521
1616
1698
1748
1769
1773
1748
1702
1620
1506
1393
1223
1020
804
593
364
152
-68
-285
-501
-666
-792
-918
-1033
-1142
-1216
-1270
-1292
-1272
-1239
-1193
-1110
-1021
-906
-779
-643
-494
-346
-184
-26
156
339
490
644
794
918
1008
1063
1119
1161
1157
1097
1017
912
807
665
523
353
193
25
-162
-347
-513
-698
-866
-1061
-1247
-1422
-1562
-1708
-1814
-1899
-1935
-1963
-1977
-1950
-1905
-1809
-1698
-1549
-1378
-1151
-937
-712
-497
-222
35
317
560
787
991
1188
1385
1528
1673
1755
1847
1908
1946
1958
1937
1899
1792
1682
1544
1394
1215
994
748
491
229
-28
-270
-503
-743
-943
-1121
-1286
-1427
-1532
-1588
-1600
-1583
-1505
-1439
-1343
-1230
-1095
-960
-796
-626
-468
-295
-130
72
247
440
602
755
871
1022
1129
1245
1305
1339
1317
1278
1227
1106
971
791
625
429
232
2
-202
-421
-619
-805
-986
-1148
-1314
-1439
-1565
-1678
-1763
-1849
-1919
-1974
-2004
-1987
-1937
-1853
-1767
-1648
-1478
-1261
-1014
-746
-502
-243
8
281
529
777
995
1184
1363
1499
1619
1716
1782
1817
1831
1831
1807
1729
1627
1466
1303
1121
941
753
531
286
9
-260
-502
-726
-922
-1129
-1302
-1450
-1536
-1608
-1670
-1691
-1669
-1618
-1540
-1429
-1304
-1153
-985
-799
-609
-437
-264
-61
139
321
486
659
802
924
1047
1137
1214
1269
1267
1262
1239
1188
1073
983
849
689
506
307
125
-47
-235
-438
-639
-840
-1013
-1165
-1291
-1425
-1534
-1611
-1684
-1734
-1791
-1773
-1749
-1665
-1632
-1520
-1414
-1277
-1135
-974
-779
-587
-355
-142
83
299
515
696
875
1014
1161
1285
1398
1460
1488
1520
1504
1478
1448
1395
1339
1282
1201
1052
905
771
604
435
239
52
-116
-280
-425
-568
-704
-827
-938
-996
-1022
-1024
-1014
-997
-962
-923
-819
-706
-594
-470
-321
-167
-24
124
285
444
591
734
872
1002
1100
1170
1238
1272
1308
1341
1376
1364
1338
1280
1179
1074
958
822
677
520
336
160
-7
-159
-352
-489
-666
-774
-924
-1012
-1088
-1152
-1214
-1281
-1315
-1320
-1324
-1306
-1273
-1189
-1102
-1041
-950
-858
-711
-563
-412
-232
-89
122
280
478
629
803
987
1121
1233
1301
1360
1408
1441
1472
1476
1489
1476
1430
1390
1315
1255
1156
1029
921
766
643
460
311
139
-21
-152
-312
-434
-553
-628
-689
-741
-766
-763
-732
-673
-585
-476
-363
-222
-77
55
217
383
588
750
911
1076
1229
1358
1464
1562
1623
1674
1717
1747
1760
1732
1655
1554
1433
1316
1152
994
813
624
450
254
86
-100
-291
-480
-648
-812
-975
-1095
-1198
-1249
-1302
-1349
-1385
-1404
-1400
-1378
-1351
-1305
-1231
-1161
-1042
-909
-782
-631
-450
-269
-54
133
349
568
767
960
1098
1228
1319
1414
1492
1521
1562
1583
1595
1588
1553
1507
1448
1391
1339
1246
1162
1076
993
877
727
604
467
350
228
112
13
-103
-181
-265
-285
-312
-303
-274
-253
-208
-160
-79
30
143
261
376
505
610
715
836
946
1051
1125
1196
1266
1326
1375
1405
1441
1464
1464
1437
1380
1295
1188
1088
969
833
661
516
357
207
56
-79
-217
-360
-495
-633
-762
-864
-966
-1047
-1083
-1142
-1161
-1199
-1190
-1184
-1138
-1066
-996
-904
-817
-710
-593
-462
-332
-198
-49
98
231
373
531
683
822
963
1097
1209
1309
1386
1455
1508
1523
1550
1547
1532
1493
1442
1391
1326
1245
1147
1044
950
840
732
629
513
418
325
229
125
11
-79
-186
-254
-301
-317
-318
-291
-246
-205
-143
-77
8
103
206
327
432
521
609
701
781
873
953
1042
1102
1154
1206
1248
1258
1239
1218
1177
1115
1008
933
821
693
568
447
312
157
-12
-154
-332
-462
-599
-724
-827
-913
-987
-1055
-1072
-1068
-1008
-956
-917
-866
-844
-780
-715
-669
-577
-477
-343
-209
-115
-12
106
260
395
504
615
724
826
893
978
1048
1097
1131
1124
1124
1075
1053
1005
976
939
885
837
782
753
717
651
598
546
506
470
412
340
224
140
69
-2
-71
-141
-162
-192
-185
-175
-165
-163
-166
-171
-161
-111
-47
14
60
112
178
267
331
402
460
520
571
606
635
649
659
688
706
698
661
626
589
551
463
402
321
202
89
-23
-129
-239
-334
-425
-515
-609
-680
-740
-797
-852
-879
-897
-902
-890
-874
-825
-811
-751
-683
-626
-548
-484
-424
-361
-313
-252
-183
-111
-53
16
100
158
246
292
343
405
446
482
503
521
519
513
493
476
459
416
394
379
361
337
302
263
227
178
114
30
-15
-59
-90
-105
-131
-149
-185
-203
-193
-171
-131
-92
-55
-38
-4
35
78
131
182
244
305
355
406
457
502
550
595
620
637
652
643
636
627
618
592
543
469
406
346
276
229
182
132
90
6
-90
-204
-302
-368
-426
-474
-515
-563
-588
-605
-610
-602
-564
-494
-454
-398
-338
-287
-249
-222
-178
-126
-52
14
69
115
178
219
273
290
319
310
287
248
214
178
129
89
41
-19
-104
-149
-207
-241
-270
-281
-312
-306
-344
-367
-394
-363
-331
-281
-257
-228
-163
-115
-51
8
105
192
246
307
386
453
519
564
607
646
681
703
700
684
648
636
622
595
561
513
464
399
324
260
189
152
115
77
32
-5
-40
-82
-105
-120
-139
-152
-186
-212
-256
-259
-252
-263
-258
-267
-255
-235
-197
-154
-120
-80
-44
3
32
72
83
89
115
111
119
124
121
120
114
120
111
60
18
-18
-42
-110
-177
-242
-279
-342
-395
-457
-518
-567
-621
-660
-691
-711
-744
-758
-792
-762
-745
-697
-647
-601
-546
-462
-376
-325
-264
-191
-122
-49
54
155
257
348
439
488
529
580
633
679
702
723
731
736
719
688
630
593
563
512
481
423
338
267
216
159
119
81
9
-54
-119
-159
-200
-226
-237
-256
-255
-244
-222
-204
-180
-150
-117
-89
-51
2
16
51
78
99
121
141
168
189
209
218
213
221
222
194
180
149
121
91
57
1
-49
-90
-148
-175
-194
-230
-256
-288
-314
-357
-382
-402
-422
-450
-473
-496
-484
-483
-470
-451
-449
-437
-439
-421
-384
-358
-320
-276
-235
-213
-179
-125
-61
-29
6
34
89
141
207
261
295
349
378
419
477
540
579
611
662
692
730
738
757
755
740
764
807
838
836
793
769
722
664
635
597
564
510
453
418
390
360
314
302
273
278
270
251
221
179
154
154
148
155
163
188
222
255
298
338
372
394
409
419
407
402
396
401
413
436
466
469
467
458
454
463
458
430
405
400
393
378
344
283
231
180
136
90
58
5
-46
-83
-119
-159
-199
-208
-223
-233
-250
-249
-239
-249
-269
-280
-251
-241
-214
-165
-126
-89
-43
18
65
95
124
169
224
285
346
419
471
526
566
602
618
629
642
638
640
648
642
651
670
662
612
560
512
471
438
430
408
376
331
288
248
233
196
148
110
74
56
41
18
-1
-6
7
5
-5
15
24
29
39
56
80
84
104
134
177
215
243
275
284
295
297
316
313
303
301
309
310
300
289
273
234
193
165
130
92
59
36
4
-50
-98
-154
-207
-270
-334
-387
-445
-493
-540
-567
-601
-614
-625
-621
-624
-628
-620
-617
-612
-621
-606
-593
-574
-536
-476
-426
-361
-314
-264
-203
-164
-101
-62
4
32
69
105
121
156
172
194
228
239
257
271
279
264
244
259
266
276
283
270
263
232
216
176
153
148
120
102
61
61
67
48
67
69
63
52
23
-11
-37
-26
-1
-1
21
36
54
62
84
130
151
188
206
207
211
207
204
180
165
160
166
173
175
181
163
136
108
64
49
34
25
12
-28
-63
-112
-158
-202
-246
-286
-324
-346
-398
-428
-451
-468
-448
-443
-438
-429
-429
-416
-428
-415
-408
-384
-353
-338
-305
-283
-248
-224
-189
-151
-112
-95
-85
-82
-65
-51
-26
11
59
103
132
128
120
151
154
173
188
211
236
250
244
258
281
306
295
338
390
446
476
493
521
545
573
568
556
543
535
543
544
516
499
512
505
476
430
390
336
295
255
212
180
147
106
73
28
-6
-41
-84
-102
-113
-140
-175
-197
-205
-206
-189
-196
-193
-192
-174
-153
-158
-149
-158
-118
-81
-45
-24
-17
-10
8
22
20
2
-9
-20
-26
-31
-65
-96
-150
-181
-212
-210
-219
-235
-258
-273
-276
-290
-312
-336
-346
-362
-371
-375
-377
-383
-384
-372
-342
-317
-278
-242
-205
-165
-136
-108
-73
-21
31
65
98
122
143
189
219
255
282
321
355
410
449
471
507
496
513
494
498
506
496
474
430
418
389
353
324
274
272
221
178
150
86
59
-11
-55
-114
-166
-161
-195
-200
-238
-279
-277
-317
-317
-327
-323
-304
-291
-240
-241
-214
-181
-173
-163
-166
-113
-88
-68
-37
-30
-3
-8
29
45
32
48
43
64
46
29
1
-28
-40
-56
-65
-80
-98
-127
-187
-236
-272
-338
-350
-389
-405
-433
-454
-448
-450
-433
-423
-391
-363
-332
-292
-252
-225
-197
-175
-141
-98
-43
20
87
140
177
229
305
352
395
425
463
493
498
531
527
528
531
519
493
448
397
365
322
295
234
194
150
113
75
28
-7
-59
-113
-143
-180
-190
-208
-214
-241
-227
-200
-201
-187
-178
-138
-93
-40
20
71
121
149
167
205
227
250
252
271
275
276
278
271
272
269
265
248
218
188
148
118
90
53
12
-32
-66
-113
-138
-139
-140
-147
-159
-164
-179
-224
-206
-188
-162
-130
-98
-82
-77
-47
-11
22
70
98
138
159
181
216
265
324
333
377
407
430
421
426
433
419
438
448
455
464
470
473
471
462
446
440
428
438
427
400
381
348
325
302
263
277
268
282
289
288
304
286
277
253
252
277
277
303
306
307
323
305
336
341
374
388
381
394
389
417
407
415
411
377
375
351
316
319
301
325
303
284
266
213
211
187
185
188
178
185
178
172
164
167
198
204
207
211
209
224
242
275
268
272
275
275
277
260
285
303
334
361
369
368
346
347
337
342
321
312
331
343
335
344
362
376
375
355
340
323
318
298
300
298
305
307
320
338
325
325
340
337
336
356
378
391
395
424
430
450
451
471
486
500
507
510
523
532
538
539
535
494
466
467
454
443
432
426
410
370
326
295
250
218
209
208
198
172
152
142
153
138
137
125
129
129
123
170
190
206
224
244
267
274
299
313
359
391
418
441
476
506
531
552
569
581
581
587
584
587
577
554
544
540
530
510
512
508
480
469
449
424
388
357
346
324
302
298
290
283
272
255
261
262
270
281
294
318
333
340
351
369
373
386
422
452
471
486
486
504
529
546
554
550
545
525
524
520
517
533
524
505
475
450
434
432
440
419
389
367
330
305
276
257
249
234
223
212
195
202
218
233
236
222
229
239
221
202
191
203
235
263
282
318
328
326
355
388
417
438
468
483
500
526
513
526
526
550
577
581
602
595
597
592
583
553
513
483
445
410
375
353
351
343
335
321
314
269
232
227
229
229
216
211
221
232
243
277
296
285
287
297
303
322
341
367
367
363
357
340
356
365
362
359
339
312
295
312
323
310
312
296
280
274
254
257
239
227
230
213
193
183
179
185
199
197
180
152
126
106
84
80
93
107
121
141
173
208
236
252
249
249
244
233
214
200
196
214
240
267
296
304
288
296
277
259
250
239
243
266
279
276
258
231
207
209
226
230
219
212
213
201
197
175
192
191
183
196
198
207
206
214
203
207
216
211
220
231
234
225
224
217
211
214
209
213
202
183
180
174
164
161
153
163
174
174
184
190
202
186
192
223
243
255
264
276
303
310
284
262
245
233
231
248
258
271
304
335
355
356
352
355
336
328
327
323
318
317
314
267
249
237
217
215
214
225
225
228
219
233
235
227
249
247
256
257
258
248
246
236
221
203
212
211
211
207
215
221
216
237
268
299
307
304
321
338
340
344
331
327
317
304
315
310
294
279
260
267
270
258
262
254
257
255
260
233
205
186
171
158
153
172
169
200
240
265
288
315
344
380
388
378
374
383
399
404
409
401
413
419
413
425
403
385
383
383
391
385
374
378
366
374
387
383
381
365
348
334
327
332
329
340
359
380
394
398
386
367
360
330
314
309
298
296
263
261
271
288
290
307
315
294
284
267
260
261
273
299
315
305
302
284
294
292
320
339
335
359
373
402
399
391
375
363
374
368
366
359
365
367
358
346
325
308
295
285
274
252
239
238
256
251
254
276
280
297
296
281
286
263
228
216
221
236
224
224
217
234
238
248
266
267
287
289
316
328
334
356
380
393
390
381
395
392
393
393
395
405
402
419
423
435
435
434
437
430
415
406
395
385
386
399
414
426
451
443
436
423
407
408
388
375
341
342
356
353
375
403
438
439
431
435
426
417
408
418
459
473
493
516
533
549
558
591
586
587
593
575
567
577
603
622
638
633
642
657
632
607
598
587
570
567
563
546
561
579
576
566
543
536
522
504
502
505
519
538
555
557
559
555
559
575
578
573
565
573
566
556
543
559
566
587
578
566
561
555
545
529
535
539
548
528
523
524
510
499
479
472
466
473
475
456
443
452
436
418
408
401
384
358
348
314
292
289
295
299
288
285
308
318
300
277
281
300
320
338
336
336
319
302
297
308
315
311
308
320
333
337
344
344
347
355
359
338
325
291
288
323
332
351
368
372
385
388
408
437
445
450
442
451
441
423
398
398
412
429
452
452
427
407
381
370
357
333
301
277
255
244
232
219
233
254
275
289
294
276
289
311
326
318
315
334
310
291
298
321
324
304
310
297
294
274
257
250
255
268
270
266
259
242
206
171
156
157
151
156
148
116
89
100
107
116
127
130
114
114
129
123
95
66
68
108
132
142
141
143
151
144
145
148
173
187
200
198
194
186
200
233
276
312
345
375
370
376
377
359
342
311
278
257
239
249
265
266
279
287
299
288
292
271
256
244
225
225
236
243
218
229
229
231
228
212
207
186
183
169
168
160
145
142
128
131
127
137
148
142
145
131
121
120
121
138
129
125
135
138
151
160
179
201
196
186
180
203
229
224
227
228
219
193
173
158
136
117
107
125
133
134
135
129
113
93
113
132
125
109
100
121
139
169
206
237
268
287
309
322
334
343
326
318
323
333
323
329
339
344
352
329
311
324
341
347
340
356
352
326
320
320
339
348
344
353
329
290
262
244
249
266
277
289
279
276
261
241
204
160
156
153
174
186
178
162
156
161
164
171
172
178
194
206
209
209
208
208
221
240
260
267
251
227
221
204
197
174
151
137
130
131
146
155
156
141
117
123
124
114
100
110
112
92
73
59
53
43
44
38
28
15
7
26
43
28
27
35
62
76
109
121
115
146
151
161
147
125
111
111
142
164
165
175
179
200
188
175
167
155
162
163
159
135
134
151
167
179
165
156
144
135
125
107
89
69
49
43
29
20
21
1
3
10
36
52
29
7
7
26
47
70
81
86
75
65
53
47
50
50
33
10
-9
-5
14
30
35
23
14
29
41
29
30
27
23
9
2
1
8
14
46
58
65
60
44
31
20
15
8
-9
-38
-51
-67
-81
-90
-85
-61
-38
-5
16
51
69
76
100
118
129
149
178
191
213
225
232
228
213
205
211
219
222
225
237
250
261
272
260
240
223
216
209
229
221
205
190
180
178
164
173
180
214
228
218
209
210
221
232
220
216
204
183
173
193
194
194
197
184
190
185
198
205
209
207
217
230
230
213
174
149
150
153
137
131
137
147
162
171
164
133
113
93
73
89
100
109
104
117
128
123
119
101
96
87
78
81
75
83
103
116
128
113
98
95
101
96
87
85
106
113
118
153
195
239
275
308
307
303
272
256
243
222
207
185
175
151
134
137
148
162
177
201
223
224
221
208
224
246
269
290
300
329
348
387
406
401
408
411
395
383
395
385
394
411
387
352
335
323
312
289
278
269
259
247
223
204
184
163
148
160
168
175
172
175
192
190
201
205
220
227
219
233
250
256
239
245
259
255
256
250
268
275
290
326
349
341
307
292
324
337
339
353
365
356
348
358
362
350
343
324
306
294
290
296
295
297
310
301
299
286
278
271
261
267
263
263
257
273
294
302
314
315
316
321
318
329
326
317
292
305
324
313
298
291
269
256
247
239
240
258
265
270
284
287
274
261
272
269
265
246
229
212
194
167
120
94
106
132
158
168
170
184
191
177
164
163
149
180
220
223
191
160
137
138
136
125
121
118
121
122
154
177
190
192
196
201
210
197
185
183
216
233
232
221
213
217
205
203
230
248
243
238
212
199
160
147
145
129
101
74
65
55
49
54
82
71
60
64
84
120
126
136
176
201
187
149
127
96
60
28
18
23
41
56
67
72
72
94
89
92
86
85
92
97
103
98
89
86
79
94
117
131
124
103
88
54
18
-11
-20
-37
-25
8
14
-4
-15
-3
19
26
24
4
-8
-12
-39
-41
-31
-30
-17
-9
16
27
27
40
37
64
76
79
84
55
47
61
72
84
86
103
105
95
88
65
63
70
68
70
73
72
55
38
29
47
66
56
62
41
26
10
0
22
34
41
34
21
35
43
50
84
108
130
133
136
114
82
80
64
55
46
34
30
28
34
47
53
53
57
48
46
51
92
133
130
128
109
107
118
127
147
162
164
134
112
86
58
38
-2
-15
-18
-21
-21
-34
-40
-42
-44
-25
-9
17
45
55
56
50
64
73
57
47
35
25
10
2
10
24
35
32
19
13
14
3
0
-14
-47
-69
-76
-74
-81
-112
-93
-77
-81
-66
-39
-35
-36
-46
-56
-81
-102
-128
-125
-112
-114
-99
-85
-63
-41
-46
-65
-88
-79
-63
-49
-63
-75
-65
-68
-77
-80
-73
-69
-74
-82
-75
-78
-84
-87
-81
-64
-60
-44
-53
-45
-42
-57
-60
-48
-21
-15
-24
-40
-50
-55
-49
-62
-86
-82
-92
-109
-111
-113
-136
-137
-136
-135
-116
-98
-96
-92
-67
-43
-14
-10
-5
-12
-22
-40
-34
-30
-57
-74
-89
-105
-99
-73
-82
-105
-120
-112
-84
-82
-92
-91
-83
-71
-79
-81
-80
-80
-72
-60
-34
-31
-56
-90
-104
-90
-78
-80
-107
-136
-159
-174
-160
-147
-121
-114
-124
-127
-127
-105
-75
-58
-56
-63
-70
-71
-82
-75
-50
-29
-8
-12
-27
-60
-97
-110
-114
-121
-133
-139
-141
-120
-110
-105
-106
-103
-89
-58
-40
-17
1
7
14
-3
-23
-27
-24
-25
-34
-34
-27
-31
-32
-20
-18
-4
-12
-4
4
8
18
18
5
7
40
64
75
67
77
86
100
101
90
79
81
73
64
59
20
8
9
13
33
52
71
86
111
102
82
67
51
60
70
81
89
106
109
99
111
111
104
120
131
135
128
136
121
101
66
69
91
119
128
124
135
146
158
174
191
204
223
219
252
248
228
202
187
185
162
149
147
148
152
158
135
107
88
57
43
53
60
57
61
65
77
96
113
151
168
177
190
200
192
196
198
201
209
229
241
250
255
254
242
232
247
256
275
287
294
291
278
251
241
242
275
302
310
293
276
280
263
249
233
220
186
161
150
126
109
92
82
100
118
108
112
120
131
154
169
173
153
134
112
78
56
37
32
41
34
36
37
34
40
42
53
68
71
64
72
102
120
124
135
121
78
49
46
50
65
84
97
94
66
42
24
24
23
18
36
54
60
56
63
85
107
135
151
160
165
135
120
109
98
81
53
46
34
15
17
35
50
61
64
81
100
111
128
123
139
155
142
132
108
99
97
97
116
136
152
167
168
160
153
144
136
117
109
92
69
62
52
63
77
93
119
143
158
171
181
151
109
103
128
125
104
82
76
75
72
60
66
77
70
68
62
60
85
101
118
132
139
136
135
138
128
118
121
120
121
138
159
154
130
116
95
78
61
61
79
86
76
81
114
141
153
173
184
183
176
166
155
155
166
158
137
108
92
99
115
142
150
142
129
113
100
73
78
101
126
138
143
145
151
147
146
156
153
147
127
120
126
131
150
165
158
159
159
141
134
148
144
146
156
156
163
152
158
170
157
145
127
118
127
107
93
101
100
107
125
140
147
157
161
153
166
200
217
242
260
249
221
199
192
186
207
234
221
196
153
113
105
126
164
199
198
196
176
141
110
88
106
148
187
201
204
209
244
264
278
271
225
189
159
129
103
87
93
90
81
93
102
113
115
122
139
155
167
183
192
187
178
171
160
147
129
113
115
117
94
63
48
42
31
14
28
19
-8
-48
-58
-62
-61
-51
-42
-46
-65
-89
-107
-97
-83
-67
-72
-103
-142
-175
-183
-159
-148
-139
-147
-163
-165
-171
-153
-153
-150
-163
-164
-160
-178
-188
-189
-168
-151
-144
-126
-88
-58
-56
-85
-117
-115
-104
-91
-110
-125
-126
-131
-162
-186
-182
-180
-165
-152
-167
-177
-181
-172
-169
-171
-172
-198
-232
-262
-286
-282
-256
-230
-234
-233
-213
-188
-152
-138
-125
-111
-86
-58
-37
-49
-56
-41
-26
-30
-48
-76
-103
-124
-135
-110
-68
-52
-59
-61
-45
-15
-15
-2
-4
-19
-19
-22
-20
2
13
18
14
3
1
9
7
-8
-31
-53
-39
-39
-48
-68
-85
-84
-70
-49
-29
-14
-17
-17
-15
-9
6
34
33
25
51
78
88
67
56
64
71
98
114
121
112
111
112
128
142
162
172
153
132
120
124
113
107
88
98
103
84
86
104
114
102
100
91
96
93
107
125
132
154
170
176
193
195
184
169
153
143
120
113
101
85
76
66
39
31
30
23
14
12
30
49
91
132
166
182
203
209
209
229
244
264
262
254
244
235
219
224
212
205
198
175
169
143
131
142
146
154
173
205
223
212
189
173
170
178
179
170
162
188
186
175
162
157
171
188
189
186
205
218
235
217
211
191
187
187
194
209
212
212
220
219
203
197
203
211
210
213
236
253
282
323
365
382
378
361
365
376
387
386
375
390
374
344
317
297
288
263
236
217
169
143
145
141
163
177
187
203
203
199
218
235
233
205
192
185
171
190
206
218
225
228
253
264
254
255
266
269
265
253
253
248
243
243
250
265
256
220
207
205
216
236
233
214
177
149
137
151
167
180
170
153
149
156
168
185
207
209
217
217
216
222
206
180
162
163
184
174
164
166
162
174
172
157
170
188
209
233
254
274
280
264
248
236
225
225
228
224
197
191
187
192
209
206
190
179
164
147
117
90
81
69
71
68
73
95
133
157
168
168
164
165
170
168
154
139
115
114
114
110
129
162
173
161
149
117
95
79
76
75
80
82
95
112
120
127
126
138
143
155
162
165
152
138
130
116
104
99
109
111
115
139
130
108
102
83
55
28
24
37
48
62
93
128
159
173
186
187
184
159
156
145
150
146
125
111
101
96
88
99
107
111
100
111
120
131
141
159
145
133
128
103
97
86
61
31
3
9
24
33
48
58
61
75
110
119
90
66
58
56
89
129
157
161
149
121
94
81
70
85
83
97
83
56
31
2
-4
-22
-38
-57
-48
-27
-5
-2
1
16
34
54
56
40
28
21
2
-18
-20
0
-1
11
42
46
44
41
42
54
63
57
25
-15
-37
-50
-15
12
22
18
7
5
19
50
92
134
133
127
112
109
108
106
106
79
74
66
47
31
30
17
-12
-18
-28
-13
0
11
7
8
0
0
-1
10
21
32
44
69
91
97
92
92
132
146
151
132
111
105
112
127
137
121
99
89
100
117
129
150
156
162
155
152
157
173
190
188
198
190
172
142
139
162
161
154
150
151
142
155
168
178
204
212
217
218
198
212
223
230
245
257
255
270
298
287
303
306
314
336
353
368
382
414
427
427
417
433
452
475
499
522
526
522
525
518
494
491
484
478
479
457
454
444
447
426
406
406
388
379
357
362
367
374
385
395
398
399
409
416
451
467
498
522
536
532
507
513
525
538
527
522
528
512
490
473
461
484
495
499
498
488
483
479
477
489
509
511
509
511
482
469
486
499
501
484
475
449
414
380
376
378
377
351
329
311
312
317
301
304
306
314
304
290
272
290
298
305
306
310
320
330
345
357
367
358
345
335
320
307
331
343
343
335
308
282
266
259
249
232
226
232
220
217
214
224
234
238
229
219
212
212
214
215
232
252
262
260
250
235
211
172
144
139
159
168
167
166
174
171
185
205
216
242
246
237
242
234
254
269
268
274
262
269
276
279
277
270
277
267
270
273
269
275
291
301
288
277
271
261
261
259
265
276
265
235
215
196
183
183
189
206
209
207
198
207
200
213
209
196
195
198
218
228
241
252
250
240
239
226
209
183
167
155
130
120
135
136
131
116
122
136
139
152
176
189
198
222
232
231
215
192
168
126
101
106
109
83
53
40
31
30
32
21
11
13
-6
-17
-27
-37
-25
-25
-18
-8
2
21
40
32
23
14
12
20
-3
-20
-12
-24
-33
-39
-49
-50
-39
-37
-50
-50
-52
-41
-29
-13
15
28
30
18
-6
-17
-9
-16
-14
-4
-6
-8
-14
18
42
50
64
75
80
69
46
37
24
22
23
28
30
14
16
15
13
15
12
8
19
24
29
30
20
7
-16
-26
-27
-24
0
9
8
11
5
7
1
12
25
42
33
26
22
24
36
40
68
90
103
110
107
121
120
115
115
121
130
147
145
149
162
173
181
180
189
175
173
161
137
122
121
103
85
70
77
81
78
68
69
91
93
92
87
84
87
90
89
85
79
60
58
68
69
79
115
142
142
148
146
159
153
141
146
141
155
165
170
147
121
105
75
69
58
41
45
53
36
6
-6
-18
-27
-15
20
61
64
59
73
89
85
93
100
96
72
50
19
3
1
-20
-28
-30
-23
-13
3
11
17
2
-25
-37
-52
-46
-30
2
32
32
32
42
39
33
27
26
33
23
7
12
18
3
-19
-11
-10
-9
-17
-13
-16
-19
-2
-6
-11
-24
-51
-60
-55
-56
-53
-70
-74
-86
-96
-108
-124
-130
-134
-133
-124
-128
-121
-101
-101
-98
-101
-107
-95
-95
-111
-121
-114
-127
-148
-171
-184
-175
-153
-134
-114
-100
-113
-110
-103
-101
-85
-76
-75
-96
-129
-154
-161
-150
-155
-137
-124
-125
-131
-152
-156
-171
-178
-181
-185
-187
-204
-196
-170
-158
-157
-172
-163
-157
-139
-116
-92
-82
-110
-138
-173
-183
-179
-166
-147
-145
-176
-199
-215
-233
-243
-226
-202
-232
-266
-284
-295
-289
-292
-302
-304
-296
-272
-249
-220
-205
-190
-204
-237
-267
-285
-285
-275
-261
-252
-229
-208
-220
-238
-245
-235
-265
-304
-324
-357
-354
-360
-354
-356
-357
-361
-346
-313
-298
-290
-275
-254
-250
-248
-247
-247
-240
-245
-245
-227
-238
-244
-244
-241
-230
-214
-215
-208
-218
-263
-319
-369
-421
-455
-449
-439
-440
-459
-458
-452
-427
-414
-418
-401
-387
-381
-394
-394
-405
-407
-389
-385
-367
-319
-291
-292
-292
-298
-303
-315
-330
-331
-336
-348
-351
-333
-293
-292
-308
-317
-317
-320
-317
-321
-314
-303
-278
-246
-227
-208
-195
-176
-173
-167
-177
-194
-204
-229
-226
-237
-259
-263
-266
-274
-275
-271
-276
-274
-261
-265
-268
-267
-251
-253
-259
-263
-263
-262
-268
-265
-260
-241
-232
-241
-220
-184
-146
-133
-125
-127
-130
-121
-130
-134
-149
-165
-185
-190
-168
-144
-120
-105
-126
-157
-155
-151
-160
-166
-169
-157
-157
-157
-154
-161
-158
-168
-177
-185
-169
-150
-171
-175
-173
-158
-151
-154
-143
-152
-156
-133
-133
-142
-182
-221
-226
-213
-203
-188
-187
-196
-198
-192
-197
-193
-192
-194
-182
-188
-201
-210
-217
-220
-211
-185
-173
-166
-150
-153
-164
-175
-195
-197
-188
-184
-184
-180
-194
-220
-231
-238
-249
-254
-270
-290
-283
-281
-285
-291
-311
-335
-338
-347
-342
-321
-316
-327
-337
-337
-339
-343
-363
-373
-359
-348
-311
-305
-294
-284
-277
-265
-275
-226
-209
-207
-211
-212
-201
-211
-206
-213
-224
-249
-262
-264
-238
-199
-160
-141
-157
-202
-242
-273
-286
-291
-279
-280
-294
-297
-316
-302
-296
-279
-268
-281
-280
-304
-320
-305
-298
-270
-219
-177
-164
-149
-148
-120
-91
-83
-71
-85
-88
-90
-99
-97
-101
-99
-116
-126
-102
-82
-61
-50
-51
-56
-64
-68
-65
-64
-67
-46
-19
-18
-10
-18
-38
-40
-40
-46
-23
-14
-10
-23
-42
-37
-37
-37
-44
-35
-14
-3
-5
-23
-36
-25
5
51
92
117
138
142
140
156
145
139
153
174
188
192
205
213
219
212
223
231
242
243
242
239
242
246
216
190
189
199
202
228
239
232
236
230
208
198
179
180
202
244
246
241
243
259
276
282
310
334
348
343
345
351
359
334
318
301
285
281
276
278
279
274
276
284
299
331
350
352
348
330
310
310
345
364
363
382
393
401
389
368
360
355
344
312
303
300
291
286
271
263
256
251
258
270
270
249
249
244
260
273
308
328
337
349
346
347
332
339
349
374
392
381
354
348
346
331
305
296
300
302
302
306
306
299
276
256
270
300
290
285
272
248
229
227
248
264
285
314
338
358
377
399
430
425
395
352
325
315
306
296
293
298
292
287
281
275
273
295
304
294
281
264
292
306
314
330
347
354
354
376
399
414
414
417
406
404
384
354
343
308
292
271
277
280
280
268
257
241
224
225
231
220
190
156
133
123
122
144
158
164
158
165
167
157
173
194
186
173
164
167
182
184
181
173
166
146
135
124
112
95
76
61
59
49
53
73
92
106
105
108
126
148
131
109
101
105
109
108
120
135
141
121
117
148
156
147
143
134
112
93
78
49
24
-7
-26
-40
-41
-27
-14
1
13
22
13
3
10
18
22
19
13
26
25
22
7
5
9
16
22
24
23
26
36
55
53
34
20
8
3
5
15
13
19
19
31
42
64
88
106
127
116
104
103
109
119
139
157
148
129
132
159
172
162
158
132
113
94
97
85
83
93
102
113
85
75
61
76
86
99
110
114
113
130
146
156
161
151
155
165
156
151
169
172
182
177
173
158
144
138
130
127
117
110
111
88
66
63
81
95
109
115
125
124
130
154
163
157
134
117
99
82
77
74
58
53
69
75
82
64
78
91
92
93
72
84
99
115
128
138
152
158
170
176
172
169
163
158
151
145
155
143
129
114
95
86
79
78
82
82
75
68
54
41
51
70
80
79
66
59
50
36
40
56
58
63
77
92
89
82
92
105
100
90
84
74
53
40
42
39
23
7
-3
-5
-11
-25
-29
-34
-40
-52
-72
-67
-57
-67
-57
-38
-27
-38
-39
-42
-46
-21
2
-6
-13
-7
-10
-1
11
22
19
25
8
-4
-5
-1
13
25
33
20
23
35
73
89
90
106
102
92
71
69
81
61
60
48
24
10
8
26
30
17
12
-5
-23
-32
-51
-56
-52
-70
-90
-88
-69
-57
-38
8
48
65
90
111
104
75
59
62
49
44
44
55
61
49
61
74
78
65
67
70
56
54
80
109
123
114
91
70
73
98
118
120
107
91
86
74
69
71
65
70
72
67
58
57
54
45
54
79
87
78
65
72
54
55
68
70
82
83
97
109
141
155
147
166
174
173
192
202
224
218
198
162
139
137
150
179
190
184
174
186
195
203
197
187
182
173
156
135
151
173
190
203
218
239
251
267
289
318
327
333
336
362
373
374
384
395
401
378
362
359
351
362
365
365
382
370
342
329
323
310
321
334
325
350
365
375
385
377
388
401
418
440
452
456
454
434
426
416
414
425
417
413
412
402
389
388
375
372
372
359
360
349
338
352
367
380
411
441
451
451
435
426
445
441
425
401
361
341
332
333
327
331
336
351
363
377
378
360
344
346
334
314
303
291
303
338
367
385
387
371
359
361
378
400
414
406
391
368
370
383
404
424
437
434
437
439
441
430
418
418
416
412
406
407
404
394
403
412
420
420
382
358
361
384
390
364
358
367
369
364
350
334
339
356
354
346
339
348
331
310
307
287
299
326
338
355
363
360
348
326
299
303
317
347
360
357
345
335
337
315
313
331
345
332
326
333
313
299
290
283
278
257
229
216
228
237
267
256
242
225
207
206
199
202
218
224
220
234
234
224
219
235
248
247
264
267
290
309
305
308
294
267
253
220
207
211
216
226
214
210
201
186
172
173
182
196
207
235
225
197
159
131
122
138
157
159
160
163
167
136
119
105
89
66
27
7
-17
-29
-37
-41
-30
-6
20
41
71
94
100
105
129
143
163
160
144
140
138
149
157
174
194
177
142
123
104
77
47
28
20
17
27
27
28
54
76
93
83
89
91
97
117
125
120
106
99
91
122
152
166
155
142
112
78
54
46
71
83
86
94
102
113
119
109
104
118
137
143
142
163
159
152
149
178
189
190
192
169
159
131
118
96
72
32
12
5
-3
6
-12
-20
-25
-52
-93
-112
-116
-123
-95
-71
-46
-23
3
33
42
72
90
108
109
115
116
99
72
31
34
40
39
28
18
21
27
39
42
24
10
2
16
21
12
30
32
32
31
42
70
94
134
143
115
101
90
98
85
68
41
5
9
2
12
39
54
64
61
71
73
63
64
56
71
76
76
70
97
135
160
214
241
223
202
184
149
120
140
178
180
163
153
144
126
98
88
98
115
124
90
74
56
48
51
62
100
108
111
90
91
101
88
99
122
153
175
194
215
206
198
206
202
192
161
126
99
76
89
91
87
82
64
54
20
-25
-52
-61
-57
-33
-44
-40
-34
-29
10
71
100
78
88
90
83
66
75
94
96
109
125
116
111
116
125
99
54
36
26
27
11
23
49
72
91
107
81
45
43
23
16
1
1
11
22
13
14
3
19
11
-7
33
61
108
133
112
84
90
88
66
81
