143
125
121
120
140
158
160
138
122
121
119
109
100
88
74
74
83
95
111
143
168
179
170
142
129
122
118
91
64
48
27
19
23
16
4
-7
-13
-20
-34
-70
-105
-132
-139
-127
-125
-132
-127
-121
-119
-128
-129
-135
-148
-141
-148
-153
-146
-152
-170
-201
-216
-235
-241
-235
-255
-268
-266
-267
-278
-275
-268
-283
-311
-330
-333
-316
-301
-277
-266
-261
-265
-274
-275
-298
-305
-306
-319
-344
-352
-354
-363
-367
-391
-399
-423
-430
-435
-438
-439
-437
-413
-425
-418
-423
-453
-484
-517
-511
-517
-522
-526
-546
-546
-561
-559
-542
-536
-530
-511
-507
-509
-506
-518
-523
-521
-519
-517
-527
-545
-545
-565
-560
-556
-550
-540
-547
-540
-508
-500
-516
-508
-490
-466
-455
-433
-413
-392
-377
-390
-405
-411
-402
-390
-371
-368
-363
-362
-363
-350
-349
-362
-373
-386
-396
-397
-399
-402
-421
-427
-425
-424
-424
-422
-399
-373
-343
-313
-303
-281
-277
-289
-303
-317
-321
-324
-301
-286
-285
-277
-259
-245
-251
-247
-243
-247
-239
-252
-275
-281
-295
-293
-289
-272
-274
-272
-255
-247
-235
-239
-222
-218
-210
-216
-217
-224
-248
-249
-235
-223
-205
-197
-193
-201
-207
-212
-229
-230
-224
-222
-230
-217
-222
-233
-263
-270
-291
-311
-298
-288
-245
-230
-228
-228
-223
-203
-197
-205
-192
-184
-197
-208
-220
-235
-221
-219
-226
-237
-247
-258
-266
-271
-282
-300
-304
-286
-285
-286
-291
-305
-296
-272
-253
-239
-221
-208
-206
-191
-181
-161
-153
-118
-84
-94
-105
-144
-167
-175
-211
-236
-260
-264
-243
-230
-240
-250
-268
-292
-300
-299
-293
-267
-262
-260
-257
-273
-288
-292
-268
-282
-301
-295
-291
-278
-277
-297
-308
-323
-329
-325
-323
-327
-332
-359
-382
-410
-428
-439
-450
-446
-419
-390
-367
-352
-370
-391
-416
-424
-443
-477
-480
-468
-450
-439
-422
-427
-448
-464
-490
-518
-505
-512
-507
-501
-522
-539
-561
-576
-576
-588
-594
-595
-601
-606
-617
-603
-590
-600
-612
-630
-617
-593
-578
-557
-533
-526
-549
-575
-607
-627
-650
-651
-634
-617
-608
-606
-611
-609
-595
-594
-586
-592
-617
-625
-625
-634
-644
-654
-647
-631
-621
-628
-630
-603
-592
-590
-586
-585
-589
-623
-648
-662
-656
-653
-642
-610
-591
-580
-564
-570
-592
-621
-636
-635
-636
-632
-615
-579
-567
-571
-578
-576
-583
-590
-576
-553
-526
-525
-536
-540
-547
-549
-549
-562
-569
-573
-571
-556
-555
-580
-597
-613
-627
-629
-630
-626
-614
-618
-613
-630
-659
-673
-690
-687
-694
-687
-667
-628
-598
-571
-538
-525
-521
-511
-481
-471
-480
-493
-502
-526
-544
-554
-550
-534
-538
-529
-523
-520
-507
-499
-492
-499
-497
-496
-513
-517
-509
-490
-485
-469
-441
-441
-454
-465
-467
-467
-451
-430
-427
-445
-476
-479
-470
-457
-435
-429
-409
-391
-410
-436
-436
-438
-453
-439
-427
-425
-409
-381
-358
-319
-266
-220
-205
-201
-195
-185
-172
-167
-170
-177
-194
-194
-208
-221
-230
-235
-239
-264
-290
-315
-313
-292
-279
-289
-306
-307
-295
-292
-289
-281
-272
-269
-242
-216
-202
-182
-158
-154
-151
-137
-138
-122
-137
-173
-186
-186
-194
-196
-170
-159
-140
-133
-100
-62
-33
-10
-32
-55
-75
-81
-42
-9
26
48
79
105
106
99
82
79
73
59
29
19
17
20
7
5
8
14
29
14
15
30
70
111
151
178
171
169
167
158
146
129
148
155
151
161
197
216
205
198
188
161
160
156
130
141
142
154
153
162
173
168
157
152
174
163
135
108
90
70
65
66
80
89
96
111
127
132
138
153
150
143
135
128
153
175
169
158
157
179
204
198
182
179
185
193
192
205
220
234
261
283
280
266
241
219
196
182
192
213
226
254
271
272
278
266
235
209
206
197
201
205
210
206
206
195
184
179
170
166
166
167
191
205
230
272
288
300
293
307
314
328
327
348
375
395
400
401
404
381
378
363
363
360
355
339
316
295
284
279
286
310
332
330
297
299
295
287
280
274
300
328
354
361
377
395
411
412
414
413
410
444
469
488
492
495
503
519
541
555
565
564
539
494
475
486
500
507
532
555
581
567
536
508
490
494
486
469
457
451
464
480
497
496
478
475
441
410
391
375
362
343
335
350
355
377
388
395
389
357
355
367
384
404
427
446
450
460
483
504
509
493
449
406
385
364
375
382
370
372
349
307
261
256
269
281
283
262
253
239
242
253
237
247
255
245
242
241
250
228
188
142
133
133
134
146
160
156
109
55
2
-21
-13
10
15
42
62
56
61
65
69
79
83
77
75
60
46
43
37
24
-14
-30
-42
-42
-25
-26
-43
-51
-77
-112
-153
-177
-175
-170
-177
-190
-208
-217
-212
-232
-243
-262
-256
-223
-202
-192
-174
-164
-173
-182
-172
-155
-142
-153
-165
-161
-181
-196
-204
-206
-210
-209
-218
-258
-299
-319
-330
-359
-376
-375
-361
-362
-354
-329
-305
-292
-318
-322
-310
-300
-291
-318
-330
-336
-343
-360
-371
-387
-406
-418
-423
-441
-479
-484
-491
-498
-518
-534
-532
-533
-532
-524
-497
-484
-473
-477
-496
-489
-510
-510
-491
-470
-466
-474
-486
-500
-520
-528
-520
-514
-517
-518
-521
-533
-544
-549
-543
-560
-580
-593
-611
-620
-622
-598
-578
-569
-572
-561
-536
-529
-497
-482
-459
-433
-449
-476
-485
-471
-477
-462
-439
-458
-483
-492
-505
-506
-498
-507
-516
-528
-531
-543
-550
-541
-512
-497
-500
-484
-464
-450
-430
-415
-412
-405
-400
-388
-393
-385
-384
-380
-384
-386
-389
-385
-368
-348
-339
-353
-373
-382
-382
-394
-398
-402
-410
-423
-432
-413
-395
-383
-394
-401
-397
-384
-365
-345
-312
-288
-268
-266
-270
-265
-286
-319
-322
-304
-283
-257
-267
-293
-313
-323
-316
-314
-301
-320
-333
-325
-319
-308
-302
-300
-308
-308
-315
-301
-296
-285
-273
-278
-274
-282
-280
-294
-305
-314
-333
-341
-363
-402
-443
-459
-463
-463
-431
-424
-442
-446
-469
-486
-490
-499
-519
-505
-468
-430
-419
-411
-397
-381
-364
-357
-354
-358
-366
-363
-361
-364
-356
-354
-351
-367
-394
-404
-417
-427
-443
-461
-479
-480
-462
-447
-445
-450
-437
-431
-424
-414
-384
-355
-348
-341
-338
-349
-345
-348
-361
-346
-333
-346
-380
-412
-435
-445
-459
-458
-449
-463
-464
-477
-515
-548
-583
-570
-556
-548
-539
-513
-479
-440
-400
-384
-374
-387
-391
-371
-380
-380
-371
-345
-333
-336
-335
-338
-346
-351
-353
-384
-399
-408
-418
-431
-456
-481
-473
-469
-471
-483
-460
-435
-444
-442
-445
-439
-435
-432
-417
-405
-393
-388
-391
-409
-439
-470
-490
-486
-485
-476
-463
-462
-499
-524
-537
-548
-574
-588
-567
-546
-539
-522
-493
-457
-413
-400
-393
-400
-398
-382
-366
-344
-344
-342
-348
-332
-328
-353
-368
-381
-395
-419
-443
-468
-492
-504
-517
-522
-511
-532
-559
-579
-576
-568
-534
-490
-454
-432
-433
-438
-466
-471
-473
-440
-396
-381
-402
-414
-434
-463
-480
-497
-498
-513
-520
-520
-534
-555
-566
-557
-530
-524
-535
-541
-531
-514
-509
-488
-482
-469
-440
-423
-390
-371
-354
-330
-311
-319
-328
-356
-394
-417
-433
-443
-459
-478
-503
-495
-511
-512
-521
-532
-541
-529
-506
-504
-479
-473
-468
-477
-467
-447
-459
-467
-469
-469
-462
-440
-416
-397
-371
-366
-369
-380
-411
-426
-445
-455
-472
-493
-476
-464
-474
-473
-454
-442
-443
-442
-441
-426
-425
-422
-427
-404
-386
-383
-364
-366
-343
-331
-340
-355
-365
-360
-361
-377
-402
-416
-416
-420
-418
-407
-408
-410
-419
-419
-418
-401
-379
-390
-388
-382
-374
-379
-385
-385
-383
-375
-353
-341
-331
-293
-263
-261
-286
-304
-311
-317
-319
-318
-333
-345
-371
-400
-399
-419
-433
-433
-421
-412
-432
-428
-424
-422
-426
-414
-394
-369
-344
-319
-287
-274
-264
-253
-247
-261
-281
-273
-252
-261
-283
-308
-306
-317
-346
-372
-397
-416
-435
-456
-478
-481
-500
-512
-511
-523
-491
-462
-444
-397
-371
-351
-338
-322
-330
-328
-321
-342
-355
-365
-371
-386
-387
-392
-391
-399
-410
-436
-473
-474
-470
-475
-472
-465
-438
-425
-419
-428
-428
-411
-387
-374
-369
-367
-371
-362
-351
-336
-317
-329
-342
-340
-356
-383
-406
-405
-392
-390
-403
-408
-413
-410
-394
-384
-403
-426
-443
-449
-424
-422
-427
-417
-386
-348
-320
-302
-276
-267
-263
-245
-254
-263
-262
-245
-230
-238
-266
-277
-267
-266
-266
-264
-275
-288
-308
-327
-340
-338
-320
-297
-287
-262
-257
-243
-232
-232
-207
-203
-202
-201
-194
-175
-154
-158
-177
-193
-201
-200
-203
-207
-205
-200
-222
-239
-259
-282
-289
-287
-252
-233
-207
-187
-196
-201
-189
-186
-156
-135
-138
-123
-131
-149
-153
-147
-153
-159
-171
-181
-166
-149
-175
-206
-227
-243
-259
-264
-253
-247
-230
-223
-228
-243
-242
-231
-225
-207
-208
-209
-199
-220
-226
-200
-157
-135
-122
-125
-135
-135
-127
-123
-113
-104
-84
-85
-112
-137
-169
-192
-191
-215
-212
-187
-136
-101
-106
-101
-97
-91
-90
-83
-82
-64
-42
-34
-36
-26
-13
-21
-25
-41
-59
-76
-97
-85
-69
-55
-71
-109
-144
-183
-187
-191
-182
-154
-132
-109
-94
-87
-85
-88
-98
-92
-112
-119
-107
-93
-62
-20
10
32
29
-4
-30
-56
-63
-59
-44
-41
-42
-39
-62
-103
-127
-125
-132
-123
-116
-126
-145
-157
-176
-187
-181
-187
-192
-180
-159
-149
-133
-145
-159
-179
-160
-145
-139
-107
-84
-56
-39
-21
-10
-7
0
-2
10
11
-1
-5
3
10
31
42
35
23
26
36
33
30
18
18
37
40
68
100
124
139
130
133
107
90
75
68
57
60
72
90
107
120
158
187
198
206
227
258
290
303
293
289
296
310
317
332
351
387
399
388
369
336
312
319
345
361
355
365
388
413
436
454
479
503
540
553
549
548
543
548
562
576
587
611
633
632
620
615
637
653
644
638
629
616
617
620
643
665
666
671
696
746
775
793
801
816
812
817
836
845
840
833
835
842
855
861
871
871
884
890
882
870
857
840
838
827
803
761
745
730
739
757
748
739
728
746
759
767
765
765
743
712
685
663
647
626
593
576
568
578
583
568
561
567
568
559
536
499
478
463
449
431
410
401
391
367
362
374
377
394
419
409
395
367
346
317
300
300
302
302
284
260
241
235
216
187
163
146
123
123
133
145
155
161
161
144
114
110
109
113
100
88
83
56
41
25
15
22
32
22
25
19
18
29
24
25
29
25
29
33
15
-11
-40
-54
-76
-96
-100
-88
-67
-76
-83
-86
-116
-137
-165
-167
-159
-135
-123
-90
-67
-41
-51
-79
-84
-88
-64
-45
-27
-40
-56
-84
-126
-142
-150
-146
-124
-109
-95
-87
-75
-86
-106
-114
-107
-98
-90
-92
-92
-64
-45
-57
-71
-85
-110
-139
-133
-124
-141
-153
-170
-162
-158
-159
-176
-190
-181
-178
-195
-200
-211
-225
-228
-225
-213
-208
-188
-168
-175
-195
-190
-160
-137
-116
-104
-105
-90
-89
-102
-112
-131
-127
-127
-125
-112
-98
-82
-76
-76
-79
-74
-57
-28
-3
1
-3
-26
-49
-80
-101
-106
-119
-112
-102
-114
-125
-122
-118
-134
-147
-149
-165
-160
-152
-154
-140
-126
-110
-115
-108
-81
-81
-72
-65
-65
-71
-61
-34
-19
-7
-2
9
9
20
20
30
41
29
21
29
22
41
49
59
67
46
34
24
11
-7
6
39
66
65
70
55
36
29
45
69
90
102
98
108
109
96
92
108
113
101
102
110
120
125
133
154
159
159
166
199
238
279
301
314
321
305
291
273
253
244
240
248
267
276
264
262
263
240
232
246
273
302
295
285
276
271
268
267
283
287
265
274
269
252
253
247
253
277
294
315
328
331
336
337
353
347
327
312
298
289
279
275
267
246
215
203
212
194
188
197
217
206
179
145
116
92
84
92
104
120
114
82
80
100
115
131
170
195
196
183
165
156
148
138
161
178
172
181
172
173
179
187
194
194
183
173
176
167
133
98
67
54
51
54
70
65
66
54
14
-8
-21
-17
-1
0
-28
-48
-53
-39
-33
-17
-6
-10
-9
-16
-10
-24
-39
-48
-48
-44
-59
-71
-64
-40
-16
28
25
21
21
10
-6
-26
-22
-14
-10
-17
-17
-32
-51
-58
-48
-8
11
4
-11
-50
-73
-84
-86
-104
-117
-135
-152
-164
-188
-192
-207
-209
-197
-207
-224
-228
-233
-236
-217
-201
-183
-167
-173
-167
-165
-164
-150
-157
-142
-137
-155
-163
-158
-147
-126
-104
-92
-105
-131
-131
-133
-125
-136
-121
-106
-103
-109
-100
-83
-53
-32
-21
-26
-48
-64
-67
-64
-66
-67
-83
-94
-102
-94
-96
-107
-111
-121
-122
-99
-82
-56
-41
-26
-47
-73
-74
-74
-56
-37
-10
4
22
25
7
11
8
10
23
30
33
31
20
11
5
-11
-19
-36
-44
-36
-26
-3
4
1
1
-4
-32
-64
-89
-108
-99
-94
-72
-60
-54
-59
-67
-72
-81
-77
-55
-31
-56
-71
-89
-95
-102
-111
-117
-116
-98
-95
-87
-77
-87
-117
-140
-125
-109
-91
-72
-40
-21
-24
-25
-20
-10
6
19
34
27
21
25
43
53
37
40
29
27
14
10
22
41
58
51
32
21
14
20
35
45
57
66
61
51
56
68
106
130
149
166
164
171
164
170
201
196
199
191
200
195
174
180
192
181
176
165
172
201
220
231
234
236
227
223
231
249
215
214
210
222
233
218
220
215
215
215
203
206
203
191
188
176
159
133
124
130
128
145
165
194
221
223
239
259
274
278
277
281
278
254
245
270
304
303
303
297
304
307
283
259
249
245
230
224
237
259
261
256
250
252
260
262
256
251
244
245
261
277
282
294
293
308
319
324
343
338
351
353
340
321
314
311
301
295
290
301
307
320
362
360
352
339
335
348
354
354
347
353
338
338
364
373
384
380
376
388
380
373
356
346
328
322
335
313
308
320
307
284
252
230
225
248
268
270
263
267
279
304
326
316
325
326
327
326
327
331
348
367
363
360
342
308
292
306
320
349
349
360
360
343
324
311
311
288
293
294
292
287
296
284
289
314
326
319
331
341
348
338
330
341
326
318
315
322
319
305
302
307
298
294
298
306
293
297
325
355
355
335
312
299
290
290
292
289
294
287
287
306
336
352
386
412
420
420
405
372
348
329
321
336
341
333
329
324
313
306
293
294
278
275
296
317
330
327
320
314
320
289
267
282
270
256
261
269
266
259
271
270
263
261
271
276
282
260
255
263
268
281
293
322
345
359
328
311
319
307
299
298
292
275
286
298
299
295
294
296
306
320
331
354
369
382
387
391
399
407
403
409
429
427
415
417
439
435
439
459
488
499
495
494
494
493
481
472
474
486
499
509
494
476
450
421
410
418
424
426
417
422
434
429
442
437
438
433
431
450
464
478
474
486
466
465
466
440
446
436
441
443
431
433
453
464
473
453
434
425
386
371
378
392
389
389
393
400
389
359
340
312
295
311
328
310
313
297
277
267
257
240
239
262
252
259
257
251
230
224
233
223
203
205
204
197
211
233
259
245
231
238
234
227
210
187
168
147
141
139
134
135
133
126
126
128
130
134
119
102
99
132
120
110
105
99
81
62
54
54
48
60
78
104
119
132
144
164
179
184
188
176
190
217
222
235
266
289
309
309
320
327
320
304
300
309
322
330
334
336
338
357
374
369
362
379
404
412
399
410
394
382
355
357
376
343
345
366
394
421
452
492
509
505
509
490
457
427
433
457
467
491
533
570
587
575
580
584
582
579
550
533
533
540
558
569
586
608
620
635
649
658
683
714
730
730
719
718
708
711
720
740
777
790
788
778
770
771
762
749
748
742
741
748
742
738
708
691
696
692
700
715
747
776
777
768
760
752
727
730
737
746
757
774
777
768
766
754
770
786
821
825
806
802
791
792
783
780
784
779
773
746
721
703
706
709
708
709
696
696
697
690
704
729
738
743
743
744
759
775
783
782
781
757
737
727
711
720
710
702
703
699
709
708
703
708
720
721
703
704
706
701
687
664
681
686
705
738
748
739
716
709
701
694
704
721
724
710
710
719
713
695
683
699
711
744
754
768
757
757
764
773
793
790
788
783
778
770
764
754
736
752
759
750
738
725
729
723
714
680
662
660
661
636
620
631
643
650
651
654
639
621
591
569
558
564
563
553
558
549
561
582
632
655
663
665
648
651
634
601
567
541
514
476
454
462
478
468
465
450
456
450
436
414
373
356
329
327
320
325
331
325
321
323
344
355
372
371
355
356
353
343
322
312
314
313
314
316
335
331
343
349
349
337
303
299
295
306
313
302
296
273
268
278
296
305
330
355
355
337
324
314
305
288
266
246
247
254
277
303
312
330
338
333
317
317
321
318
296
289
266
244
246
262
262
260
261
262
245
237
238
233
228
222
205
155
128
125
121
120
109
100
111
100
57
19
7
-6
17
48
50
64
55
43
44
47
72
63
41
17
-11
-35
-54
-26
-3
15
1
-44
-58
-72
-75
-63
-70
-79
-101
-138
-154
-153
-139
-109
-99
-111
-125
-158
-171
-167
-168
-168
-159
-178
-212
-225
-236
-242
-241
-234
-208
-204
-225
-222
-225
-234
-217
-216
-211
-212
-218
-208
-206
-221
-246
-263
-266
-258
-260
-269
-251
-244
-255
-274
-295
-312
-332
-328
-318
-301
-284
-258
-244
-228
-213
-210
-201
-200
-208
-213
-197
-183
-185
-203
-224
-231
-249
-237
-204
-211
-200
-195
-191
-198
-197
-195
-188
-196
-227
-242
-243
-226
-209
-200
-193
-162
-164
-194
-216
-230
-228
-236
-242
-242
-239
-236
-233
-219
-220
-210
-177
-178
-188
-183
-149
-114
-114
-115
-119
-124
-148
-152
-148
-137
-122
-115
-93
-85
-90
-106
-121
-132
-139
-139
-138
-137
-122
-112
-88
-81
-100
-137
-162
-167
-186
-189
-190
-177
-174
-184
-191
-190
-193
-194
-175
-143
-143
-133
-126
-128
-129
-148
-139
-140
-138
-152
-161
-152
-152
-156
-171
-146
-116
-118
-124
-108
-92
-99
-109
-111
-109
-118
-112
-114
-94
-70
-38
-12
3
3
-27
-42
-73
-97
-87
-67
-66
-65
-48
-39
-54
-49
-31
-22
22
45
48
31
16
19
-4
-14
-19
-18
-12
-5
2
-4
-23
-36
-63
-110
-127
-112
-66
-33
-6
-2
-17
-44
-75
-71
-64
-36
-28
-15
8
8
29
51
56
61
59
29
-12
-24
-18
-1
5
11
2
0
14
26
8
-28
-52
-76
-91
-111
-135
-149
-150
-144
-151
-179
-188
-195
-193
-206
-232
-251
-241
-204
-203
-162
-103
-76
-78
-101
-112
-144
-164
-153
-159
-164
-180
-171
-159
-136
-119
-117
-116
-123
-123
-107
-95
-98
-82
-67
-55
-62
-73
-75
-66
-56
-47
-36
-22
-20
-17
-21
-23
-16
-35
-59
-77
-88
-93
-114
-136
-167
-192
-214
-221
-202
-202
-199
-205
-220
-226
-225
-232
-224
-215
-197
-150
-121
-108
-110
-124
-113
-82
-78
-82
-96
-91
-119
-138
-133
-147
-162
-164
-163
-163
-168
-160
-137
-133
-155
-206
-217
-225
-225
-204
-179
-171
-184
-210
-214
-199
-211
-212
-190
-179
-176
-170
-171
-154
-130
-132
-143
-169
-175
-188
-192
-186
-165
-150
-134
-129
-119
-94
-82
-96
-103
-110
-127
-120
-121
-129
-131
-125
-101
-87
-90
-100
-121
-135
-162
-188
-204
-216
-222
-232
-228
-221
-238
-248
-237
-232
-214
-180
-162
-152
-161
-161
-182
-195
-209
-220
-214
-201
-196
-178
-169
-171
-166
-156
-139
-126
-125
-131
-133
-133
-115
-106
-120
-131
-148
-165
-174
-166
-186
-185
-168
-156
-145
-151
-155
-155
-156
-155
-154
-175
-193
-206
-205
-216
-198
-189
-185
-152
-138
-129
-120
-117
-121
-111
-111
-127
-134
-147
-169
-176
-173
-164
-147
-138
-126
-127
-128
-125
-110
-104
-83
-68
-81
-96
-93
-70
-41
-39
-38
-38
-40
-47
-48
-59
-82
-72
-69
-73
-86
-81
-65
-73
-78
-78
-72
-59
-54
-54
-48
-23
-7
-4
1
16
31
23
17
27
32
21
18
28
14
16
35
38
47
62
73
63
27
-6
-41
-61
-74
-73
-60
-46
-52
-55
-57
-54
-41
-43
-70
-97
-105
-93
-63
-28
-10
-13
-6
2
-3
-24
-24
-35
-48
-59
-68
-66
-78
-84
-81
-102
-128
-120
-119
-102
-95
-80
-59
-74
-82
-101
-117
-107
-101
-73
-24
11
7
-9
-35
-69
-89
-108
-126
-151
-153
-159
-165
-160
-159
-173
-164
-132
-143
-148
-169
-172
-175
-178
-164
-143
-127
-125
-130
-135
-130
-127
-125
-114
-117
-107
-100
-95
-78
-72
-66
-77
-88
-69
-41
-39
-66
-104
-136
-181
-208
-210
-195
-189
-198
-191
-184
-165
-153
-128
-113
-90
-79
-79
-77
-79
-87
-108
-90
-72
-49
-34
-40
-44
-43
-47
-54
-45
-32
-15
-9
11
28
47
72
86
106
99
101
92
86
108
128
131
133
139
124
92
51
36
31
43
48
56
77
90
98
83
52
33
32
53
68
91
112
117
132
125
126
119
98
81
67
59
38
25
22
46
72
78
89
91
82
85
106
116
125
117
114
102
79
70
68
73
74
78
84
75
40
22
20
16
-2
5
8
-17
-17
-7
13
27
34
31
15
0
6
23
27
28
14
14
15
17
33
78
109
103
107
89
73
54
31
12
4
-1
-1
-5
20
32
6
4
-18
-48
-59
-65
-51
-32
-28
-35
-61
-68
-72
-61
-55
-57
-75
-84
-76
-53
-50
-62
-32
-13
10
33
34
27
33
35
43
48
43
51
51
61
53
48
56
42
33
26
13
0
-12
-4
10
23
12
9
25
15
21
18
22
7
7
7
-11
-35
-38
-9
8
33
34
26
14
-3
-19
-32
-33
-23
-14
1
-8
-40
-57
-56
-59
-71
-70
-77
-106
-111
-101
-105
-134
-127
-131
-159
-149
-143
-145
-153
-156
-143
-128
-125
-122
-111
-111
-102
-100
-127
-149
-169
-184
-184
-176
-179
-182
-172
-151
-141
-136
-137
-132
-145
-145
-145
-148
-133
-125
-133
-148
-153
-144
-129
-135
-154
-173
-175
-160
-145
-144
-157
-156
-144
-139
-151
-151
-155
-157
-172
-174
-172
-180
-198
-204
-213
-208
-189
-192
-170
-155
-120
-118
-122
-107
-102
-111
-112
-110
-107
-122
-124
-117
-106
-96
-77
-43
-40
-36
-27
-26
-23
-16
-12
-3
-26
-28
-19
-16
2
22
42
44
42
45
51
63
59
70
85
94
90
89
106
116
113
130
139
136
122
110
90
77
77
63
61
80
87
104
111
114
126
114
100
87
77
74
66
78
97
104
127
123
115
103
108
117
124
108
73
39
6
-8
-13
-22
-20
-13
-25
-42
-53
-37
-37
-45
-41
-40
-49
-47
-40
-35
-19
0
30
34
46
47
51
59
44
57
73
73
73
61
41
3
-17
-2
14
10
0
-9
-22
-45
-77
-81
-76
-79
-53
-28
-27
-33
-37
-18
-5
3
0
3
-16
-22
-11
7
20
0
1
1
1
-10
-10
-32
-50
-46
-48
-49
-54
-40
-27
-17
-17
-9
-8
-16
-8
10
48
74
59
42
51
56
43
20
14
14
14
16
23
12
1
-11
-21
-24
-33
-26
-45
-56
-50
-55
-55
-60
-63
-48
-28
-4
25
21
18
40
59
70
64
72
77
68
48
48
45
27
25
36
36
36
27
6
-9
-5
4
-9
0
4
-4
-16
-33
-51
-49
-26
-5
8
31
47
53
51
63
101
118
128
127
131
152
163
165
147
132
129
96
80
82
51
32
11
10
6
6
28
49
50
49
48
54
63
79
113
121
144
177
190
177
174
147
94
69
60
56
41
41
52
40
30
31
24
19
8
-3
1
6
1
-1
8
16
35
58
55
72
85
127
172
172
173
160
137
109
90
95
109
124
144
160
154
158
176
181
190
198
204
224
244
266
261
269
283
307
318
317
323
317
313
314
306
304
280
268
260
236
222
190
208
217
218
239
243
243
235
216
245
262
268
274
255
239
224
204
195
194
192
213
229
224
205
196
192
210
226
228
230
220
206
179
146
114
108
127
137
138
136
127
101
89
92
98
100
94
101
89
66
51
45
44
50
84
115
122
120
126
127
117
102
91
93
89
78
68
80
89
83
75
54
52
58
78
91
86
64
38
27
14
16
25
41
47
54
73
93
113
116
120
135
134
129
145
152
143
116
101
77
65
65
77
123
144
151
164
176
173
167
154
135
126
146
145
124
105
120
150
162
176
174
174
184
179
167
157
154
148
130
120
126
154
162
149
144
106
81
52
31
30
10
9
13
13
13
29
28
30
40
53
80
102
118
130
124
135
139
136
152
160
185
171
184
196
189
189
182
176
151
132
127
113
110
106
101
100
100
114
118
155
169
154
149
147
130
106
96
95
100
88
76
65
56
30
27
54
48
22
-11
-25
-57
-101
-107
-94
-92
-85
-93
-82
-82
-91
-84
-73
-48
-54
-55
-37
-9
-5
1
11
13
8
21
48
53
50
27
12
17
0
-8
-13
-20
-18
-27
-40
-52
-53
-68
-72
-57
-60
-70
-57
-39
-17
-7
-22
-17
-31
-52
-58
-50
-28
-26
-16
-11
-29
-36
-45
-55
-59
-43
-5
26
48
42
23
24
15
-1
-1
3
6
23
37
48
52
44
64
67
63
54
65
86
93
82
61
51
33
31
49
80
119
137
144
122
104
105
97
102
87
70
67
43
45
44
64
64
52
44
28
35
40
37
43
58
88
113
123
98
75
52
16
18
27
35
56
61
45
14
-5
-12
-27
-17
-7
11
22
35
44
55
54
47
33
14
-7
-18
-15
-1
-4
-14
-24
-41
-60
-62
-65
-50
-20
23
34
32
23
12
10
-1
-8
-34
-22
-2
18
26
30
46
32
5
-8
-17
-2
-3
-6
-12
-34
-42
-82
-82
-80
-74
-49
-57
-71
-81
-99
-99
-98
-106
-124
-138
-124
-87
-71
-61
-66
-59
-46
-24
-15
-18
6
27
24
8
21
34
24
10
-9
-39
-71
-75
-39
-11
-13
-14
-23
-46
-50
-66
-68
-51
-48
-43
-32
-21
7
32
46
50
33
20
23
24
28
38
39
21
-1
4
15
34
30
2
-11
-20
-43
-49
-34
-6
4
-5
-5
8
24
41
64
81
80
65
84
72
70
72
65
64
60
61
71
68
51
45
37
12
2
13
44
69
67
57
50
39
21
8
32
66
86
106
120
143
151
168
181
167
144
123
123
127
148
139
125
111
104
78
43
32
19
2
-1
-5
-16
-10
13
39
37
60
79
64
63
55
46
36
35
26
15
28
49
45
32
34
27
39
34
44
59
66
88
104
110
85
61
37
39
49
55
72
108
114
90
78
54
47
42
43
48
42
35
43
54
63
70
58
48
30
18
3
19
18
-4
10
19
36
66
76
85
102
109
117
120
124
147
150
141
131
135
152
166
166
157
164
177
192
194
195
226
224
196
185
160
147
155
165
172
167
142
143
156
170
193
206
193
167
141
117
136
161
181
201
200
200
185
191
226
259
277
277
263
233
245
260
283
279
245
241
239
237
232
225
229
232
226
225
216
198
193
183
170
166
158
161
168
189
221
235
214
174
161
161
161
185
205
200
182
178
144
134
119
103
95
98
95
101
120
137
150
138
119
104
107
123
139
159
175
181
179
173
175
177
178
193
200
184
175
157
153
169
153
131
110
89
78
73
78
80
94
117
124
131
158
179
193
200
191
205
222
224
210
203
216
209
218
219
222
230
219
235
263
270
258
237
216
204
198
202
213
232
261
274
272
250
217
213
200
184
177
190
205
198
212
226
226
228
230
211
173
152
147
154
163
165
150
151
144
140
133
146
174
190
193
176
143
114
132
158
180
185
174
153
133
118
109
100
111
118
129
128
124
143
151
153
152
152
140
151
178
215
226
233
252
247
238
207
177
175
194
222
210
183
165
158
152
158
154
136
126
118
117
112
124
136
134
119
130
139
146
173
184
174
140
125
124
121
124
122
106
83
67
61
71
82
83
96
108
87
61
43
41
43
30
6
-23
-52
-60
-61
-66
-59
-50
-44
-35
-24
-33
-36
-22
-10
-20
-43
-46
-38
-9
5
10
-13
-40
-67
-77
-60
-58
-48
-27
-11
-23
-36
-44
-14
14
19
2
-13
-18
-17
-4
7
18
-1
3
8
27
42
32
52
68
89
134
148
127
113
110
113
112
107
107
99
107
127
151
160
177
192
195
213
217
217
201
190
172
159
157
148
151
157
160
199
221
220
219
188
182
175
174
199
224
230
235
226
229
239
232
227
243
247
246
247
223
213
208
192
186
175
157
159
156
158
169
171
166
181
172
167
182
188
190
205
230
239
251
243
237
234
249
246
232
227
215
201
197
200
208
219
214
221
222
210
200
209
218
205
188
184
168
173
183
212
239
240
235
225
224
225
203
202
223
232
242
249
262
263
261
243
239
234
219
194
163
168
148
140
136
138
151
162
154
150
142
133
147
143
143
137
142
151
137
121
111
110
86
75
83
83
68
49
38
32
25
22
33
29
23
1
-23
-40
-52
-47
-43
-40
-34
-33
-44
-49
-51
-61
-61
-61
-69
-71
-70
-58
-61
-66
-47
-30
-30
-40
-58
-77
-73
-86
-105
-125
-142
-151
-171
-163
-155
-152
-156
-134
-133
-146
-137
-134
-127
-128
-111
-115
-158
-196
-223
-229
-215
-217
-215
-210
-208
-201
-210
-217
-221
-215
-205
-202
-207
-212
-209
-207
-208
-213
-206
-204
-190
-206
-233
-253
-254
-247
-255
-249
-222
-227
-242
-253
-270
-247
-230
-205
-190
-182
-170
-182
-183
-181
-169
-154
-144
-100
-75
-89
-86
-89
-98
-90
-110
-141
-140
-121
-100
-97
-85
-75
-71
-75
-79
-96
-88
-74
-90
-111
-127
-138
-140
-121
-117
-99
-89
-82
-70
-67
-67
-63
-64
-56
-36
-27
-23
9
35
44
34
38
38
34
31
41
60
71
89
95
107
125
141
147
141
118
117
123
121
142
165
167
162
157
155
169
167
184
215
224
242
247
238
241
242
236
227
223
222
242
243
224
211
226
245
242
254
237
212
189
179
181
193
211
243
250
249
238
232
235
228
246
249
276
270
253
247
234
227
229
212
211
192
176
191
197
194
179
168
147
130
101
81
60
31
22
19
16
24
24
27
39
45
50
59
59
42
26
21
23
44
53
64
73
60
35
0
-23
-33
-36
-46
-55
-54
-74
-92
-88
-101
-110
-116
-117
-117
-114
-107
-113
-124
-106
-76
-57
-47
-61
-76
-73
-52
-45
-53
-60
-66
-78
-116
-137
-148
-154
-133
-111
-107
-130
-142
-153
-161
-148
-138
-122
-100
-95
-102
-104
-101
-110
-121
-131
-150
-157
-167
-161
-165
-162
-149
-159
-174
-201
-213
-220
-221
-226
-210
-205
-202
-201
-193
-204
-229
-207
-194
-181
-172
-173
-159
-149
-160
-163
-161
-151
-143
-159
-164
-178
-190
-209
-217
-215
-224
-220
-212
-229
-244
-253
-250
-239
-230
-206
-205
-214
-202
-179
-162
-167
-168
-157
-133
-108
-105
-106
-93
-84
-106
-126
-131
-117
-102
-88
-79
-81
-90
-76
-64
-41
-30
-50
-56
-74
-72
-57
-65
-67
-51
-56
-82
-85
-76
-73
-55
-62
-71
-80
-92
-86
-106
-105
-94
-77
-64
-52
-45
-55
-67
-73
-84
-99
-101
-89
-68
-17
39
61
50
35
30
15
2
-7
-10
-35
-55
-79
-99
-117
-116
-95
-80
-68
-51
-42
-54
-67
-93
-89
-82
-82
-85
-77
-62
-53
-40
-27
-25
-20
-5
11
21
13
11
-5
-16
-8
20
42
26
-1
-21
-13
-10
-6
-1
-29
-40
-50
-58
-50
-42
-37
-24
-25
-40
-47
-52
-49
-32
-27
-9
0
10
13
-6
-22
-28
-27
-39
-42
-48
-64
-88
-100
-115
-111
-112
-103
-98
-99
-72
-85
-77
-58
-74
-85
-80
-70
-66
-55
-45
-34
-40
-36
-33
-37
-47
-25
2
0
-1
-27
-48
-69
-87
-106
-108
-110
-102
-86
-64
-59
-92
-103
-108
-96
-78
-64
-30
-20
-30
-35
-46
-43
-53
-76
-94
-118
-132
-127
-120
-119
-114
-110
-94
-92
-86
-81
-79
-72
-79
-80
-83
-82
-82
-73
-68
-84
-104
-99
-83
-92
-90
-96
-82
-88
-114
-129
-126
-115
-87
-80
-81
-80
-103
-131
-166
-187
-203
-203
-201
-204
-207
-208
-200
-198
-194
-197
-208
-207
-209
-215
-209
-173
-162
-163
-168
-176
-161
-128
-108
-110
-108
-110
-109
-116
-107
-99
-91
-72
-71
-73
-93
-91
-75
-52
-62
-58
-48
-42
-30
-46
-61
-96
-118
-117
-99
-83
-70
-85
-89
-83
-91
-87
-103
-122
-120
-131
-141
-143
-142
-131
-121
-113
-108
-108
-106
-86
-81
-73
-50
-37
-31
-36
-34
-29
-25
-11
0
13
41
50
58
63
73
79
92
75
55
52
36
22
9
20
32
40
30
5
-25
-42
-39
-43
-63
-78
-86
-86
-80
-49
-16
-15
-20
0
13
0
-30
-49
-44
-26
-40
-77
-94
-110
-129
-131
-131
-112
-115
-109
-117
-128
-134
-159
-184
-178
-150
-130
-112
-121
-155
-183
-178
-169
-136
-108
-82
-80
-102
-126
-124
-124
-135
-139
-163
-184
-191
-187
-173
-145
-122
-120
-107
-112
-124
-147
-156
-137
-136
-133
-115
-121
-116
-107
-83
-83
-95
-93
-107
-124
-134
-122
-94
-85
-66
-49
-46
-71
-85
-101
-117
-109
-89
-76
-56
-45
-45
-72
-81
-61
-65
-62
-73
-72
-71
-66
-61
-71
-89
-121
-120
-115
-113
-131
-156
-163
-153
-154
-152
-139
-137
-149
-152
-161
-183
-182
-176
-162
-154
-159
-156
-141
-142
-131
-138
-125
-100
-91
-107
-134
-148
-164
-170
-173
-186
-215
-214
-208
-205
-213
-213
-220
-233
-234
-213
-210
-224
-225
-223
-207
-190
-170
-164
-164
-176
-181
-177
-177
-172
-180
-185
-201
-220
-214
-196
-201
-203
-208
-203
-201
-219
-227
-231
-220
-218
-233
-257
-286
-291
-306
-320
-292
-271
-257
-246
-245
-265
-279
-280
-268
-269
-286
-294
-325
-345
-350
-342
-333
-322
-302
-288
-280
-272
-273
-278
-252
-236
-258
-272
-290
-316
-342
-355
-342
-338
-360
-360
-371
-362
-349
-325
-301
-311
-324
-349
-352
-352
-360
-347
-326
-321
-306
-328
-344
-357
-358
-330
-315
-328
-348
-366
-388
-381
-380
-384
-370
-372
-361
-369
-342
-317
-314
-293
-276
-255
-255
-235
-233
-231
-239
-221
-197
-188
-196
-214
-222
-227
-224
-235
-249
-266
-290
-306
-310
-306
-318
-338
-350
-345
-333
-328
-303
-280
-244
-207
-174
-140
-107
-84
-46
-33
-30
-29
-17
5
24
41
51
50
32
32
32
40
38
31
40
56
52
39
35
45
51
63
80
97
100
112
134
150
178
184
184
183
191
199
211
226
242
250
240
238
233
230
232
246
256
251
234
242
257
247
260
267
260
245
214
225
242
273
299
292
283
282
282
272
277
280
279
265
232
213
204
198
172
154
152
134
125
123
111
130
146
149
152
147
149
134
120
121
103
77
68
64
50
52
66
76
65
48
39
47
46
47
47
55
32
7
-4
7
14
29
42
34
33
15
-3
-2
23
28
27
9
-9
-45
-63
-58
-82
-119
-123
-138
-148
-168
-170
-164
-176
-204
-244
-267
-296
-320
-300
-284
-281
-280
-284
-298
-320
-307
-301
-288
-299
-303
-336
-380
-401
-426
-406
-402
-406
-409
-390
-376
-368
-349
-341
-340
-357
-376
-402
-413
-409
-414
-413
-408
-404
-396
-402
-412
-444
-467
-476
-489
-507
-529
-531
-540
-548
-550
-541
-542
-532
-516
-517
-515
-517
-531
-539
-545
-548
-543
-535
-538
-563
-588
-598
-601
-612
-614
-616
-606
-594
-591
-575
-566
-571
-578
-584
-583
-565
-549
-533
-518
-500
-500
-493
-479
-481
-479
-479
-481
-486
-489
-479
-462
-450
-443
-437
-423
-425
-419
-416
-417
-421
-426
-422
-397
-369
-379
-377
-375
-386
-381
-358
-335
-301
-272
-258
-249
-250
-247
-231
-238
-242
-252
-236
-226
-201
-163
-162
-164
-145
-138
-133
-121
-118
-102
-92
-81
-52
-38
8
50
76
90
110
133
166
178
201
246
259
269
274
290
288
296
292
306
333
365
384
383
401
408
423
455
499
541
564
585
587
576
581
587
579
550
544
555
568
555
546
537
533
534
537
557
542
544
549
572
580
596
621
627
627
614
625
623
622
635
651
646
637
636
651
668
687
696
696
677
663
677
675
677
665
678
692
693
678
655
644
637
628
626
621
602
598
586
597
617
609
598
590
589
601
592
594
587
578
585
596
603
616
614
597
587
586
580
592
609
603
608
600
599
604
593
585
597
594
581
590
602
618
626
643
646
639
629
625
624
626
623
615
607
595
582
580
569
570
555
549
561
563
580
598
597
598
595
590
604
615
632
627
613
617
627
632
637
643
648
636
640
653
655
656
652
640
617
602
596
586
578
579
606
613
601
579
584
593
590
579
573
587
572
543
516
507
509
498
497
492
482
474
480
487
478
493
506
520
522
522
510
511
519
527
518
521
528
526
533
528
537
530
527
529
526
511
496
475
479
476
488
545
564
567
543
513
501
494
489
490
485
479
488
476
480
476
433
420
419
431
439
436
439
448
453
433
395
359
344
344
349
363
371
367
361
343
312
304
320
314
314
304
294
269
219
178
160
153
142
138
144
153
142
119
106
118
115
108
92
94
107
91
74
42
55
70
97
126
129
142
153
180
187
184
168
144
136
113
123
125
126
119
110
134
153
145
128
113
131
151
169
194
195
203
193
176
154
148
169
187
219
230
215
199
189
197
198
188
187
199
213
228
223
219
219
217
192
174
161
162
178
200
217
229
242
243
270
279
291
295
296
313
310
306
309
303
296
279
259
258
253
255
252
250
259
265
266
270
279
275
290
315
305
307
319
326
332
336
342
339
353
368
383
399
401
393
368
355
347
331
322
291
272
258
237
226
229
239
237
232
235
232
216
228
228
233
249
250
264
290
308
301
287
297
316
332
341
358
370
354
357
342
346
341
326
336
337
325
324
334
342
348
334
328
321
322
329
330
332
344
376
386
362
352
373
400
399
373
361
351
322
310
310
320
323
312
307
302
297
271
250
231
214
207
206
212
205
206
203
193
177
173
177
210
226
238
254
291
330
354
361
382
402
393
391
391
384
389
377
361
359
368
381
360
335
321
327
324
308
291
288
269
265
254
247
255
253
263
278
294
305
318
314
321
319
320
315
298
298
295
308
298
300
314
322
342
375
369
346
293
263
281
451
628
606
453
296
288
363
418
485
648
744
787
719
653
546
516
526
318
239
141
154
145
33
-50
-142
-158
-235
-172
-216
-194
-305
-287
-281
-272
-242
-311
-273
-208
-159
-134
-51
47
232
419
544
599
594
535
623
693
712
681
713
731
693
599
528
557
606
550
449
377
344
266
222
269
221
199
93
5
-46
-70
-25
51
17
25
111
153
159
102
102
61
14
-39
-22
92
202
322
299
233
145
138
228
309
364
422
356
352
327
253
156
108
105
102
98
99
142
37
-6
-156
-248
-313
-341
-279
-243
-251
-264
-248
-323
-353
-340
-248
-127
-115
-52
4
106
105
130
251
343
431
471
524
517
560
555
584
541
524
557
590
572
519
491
433
365
277
234
206
205
166
125
91
112
101
63
29
6
5
-23
-11
43
145
184
236
195
144
116
90
61
-6
11
26
80
39
108
68
45
-77
-195
-226
-305
-270
-283
-207
-338
-340
-407
-372
-350
-400
-335
-320
-212
-168
-26
30
173
231
260
335
385
470
494
568
586
686
738
817
837
863
914
902
921
849
820
764
757
689
578
487
465
457
413
370
302
279
204
189
138
116
137
162
169
149
138
120
194
235
292
326
374
442
480
552
618
695
739
741
680
620
596
574
555
471
380
312
235
145
61
-45
-165
-298
-495
-605
-710
-745
-782
-745
-746
-702
-710
-668
-598
-491
-343
-215
-47
64
227
346
542
694
839
975
1163
1378
1560
1706
1729
1792
1822
1901
1904
1918
1907
1816
1703
1530
1407
1245
1100
895
708
523
369
204
22
-125
-260
-302
-370
-411
-447
-397
-355
-305
-248
-158
1
115
237
348
488
608
739
811
885
953
984
996
981
1024
1027
1041
1011
925
861
702
592
408
291
143
6
-189
-381
-474
-596
-605
-688
-683
-702
-606
-529
-464
-391
-366
-232
-151
13
135
346
565
771
954
1119
1335
1502
1667
1758
1855
1886
1905
1856
1791
1717
1619
1485
1323
1170
1005
854
646
427
188
15
-158
-338
-519
-661
-749
-827
-841
-867
-778
-722
-617
-549
-490
-407
-347
-186
-84
96
191
348
445
565
631
687
676
656
637
578
556
470
418
251
131
-100
-254
-495
-669
-847
-978
-1085
-1213
-1267
-1348
-1250
-1223
-1128
-1120
-1004
-902
-766
-614
-479
-254
-75
91
198
424
681
939
1130
1284
1461
1575
1629
1571
1528
1441
1296
1096
883
712
536
373
185
23
-175
-364
-606
-829
-1010
-1148
-1260
-1424
-1544
-1606
-1597
-1567
-1493
-1394
-1269
-1083
-941
-760
-590
-423
-251
-176
-81
-36
14
57
70
133
101
175
143
186
90
-5
-167
-359
-554
-834
-1017
-1262
-1409
-1618
-1720
-1775
-1732
-1671
-1649
-1558
-1527
-1405
-1342
-1234
-1133
-1006
-821
-656
-445
-263
14
292
503
694
923
1193
1351
1426
1430
1404
1294
1142
986
856
695
526
351
246
143
-2
-169
-355
-513
-711
-844
-1008
-1161
-1370
-1522
-1603
-1625
-1576
-1539
-1369
-1223
-1013
-817
-600
-385
-274
-182
-172
-134
-121
-65
-37
-19
-75
-41
9
65
16
-81
-218
-360
-521
-741
-1002
-1296
-1554
-1779
-1887
-1917
-1903
-1871
-1757
-1658
-1570
-1445
-1283
-1119
-997
-916
-812
-692
-526
-370
-165
79
364
643
896
1172
1438
1621
1757
1808
1776
1632
1413
1217
1003
823
619
453
272
120
-35
-135
-227
-378
-541
-719
-877
-1088
-1284
-1448
-1538
-1587
-1561
-1492
-1324
-1110
-903
-668
-460
-208
-50
106
165
240
261
294
331
294
287
274
310
302
323
262
199
76
-78
-263
-504
-742
-1049
-1339
-1610
-1784
-1856
-1858
-1809
-1753
-1652
-1534
-1402
-1240
-1103
-1002
-914
-792
-652
-486
-345
-176
26
302
625
923
1240
1513
1709
1858
1908
1928
1797
1591
1334
1067
813
575
410
251
114
-7
-73
-157
-261
-393
-587
-784
-1018
-1199
-1385
-1537
-1638
-1718
-1652
-1547
-1348
-1158
-931
-670
-433
-220
-60
51
131
143
151
109
57
-47
-86
-113
-109
-64
-79
-66
-146
-182
-325
-446
-694
-986
-1330
-1625
-1806
-1922
-2008
-2066
-2009
-1907
-1676
-1519
-1297
-1130
-974
-891
-818
-693
-573
-480
-382
-221
41
352
669
989
1259
1509
1698
1832
1886
1798
1612
1365
1083
789
506
228
-40
-228
-342
-372
-400
-463
-567
-685
-781
-911
-1081
-1260
-1436
-1563
-1626
-1634
-1570
-1529
-1365
-1151
-848
-555
-306
-72
58
217
264
281
198
92
-47
-167
-269
-313
-347
-394
-423
-500
-513
-621
-717
-883
-1082
-1260
-1456
-1551
-1670
-1751
-1845
-1874
-1768
-1641
-1474
-1344
-1108
-929
-736
-538
-307
-99
-13
128
282
502
672
858
1033
1177
1320
1404
1518
1565
1563
1473
1341
1173
957
711
434
167
-76
-228
-345
-464
-552
-645
-704
-781
-881
-969
-1048
-1145
-1229
-1246
-1232
-1215
-1183
-1121
-969
-782
-541
-345
-129
45
197
324
377
442
414
374
243
180
66
-25
-128
-220
-252
-371
-456
-629
-707
-873
-977
-1070
-1123
-1205
-1317
-1364
-1346
-1260
-1208
-1098
-929
-754
-577
-362
-78
164
324
503
676
947
1147
1348
1509
1667
1807
1922
2005
2011
1979
1899
1847
1697
1570
1383
1167
936
725
598
471
297
101
-30
-125
-187
-265
-319
-367
-456
-510
-529
-503
-466
-452
-343
-228
-49
75
221
322
420
538
591
686
704
758
712
682
600
540
457
296
202
94
19
-82
-234
-310
-458
-467
-537
-494
-556
-562
-558
-462
-406
-347
-249
-148
-34
27
195
376
568
687
846
1075
1248
1456
1618
1788
1900
1963
2083
2124
2151
2046
1983
1867
1725
1597
1419
1287
1090
970
851
757
648
500
431
318
232
127
3
-117
-246
-289
-349
-349
-378
-366
-291
-179
-1
150
321
455
557
657
692
698
684
668
622
510
429
314
220
51
-46
-155
-220
-338
-420
-512
-600
-665
-697
-738
-805
-836
-745
-662
-586
-564
-414
-280
-216
-76
105
356
478
612
801
1051
1273
1437
1612
1718
1794
1867
1944
1970
1904
1836
1733
1589
1427
1260
1097
893
717
561
434
280
115
9
-82
-183
-287
-378
-484
-592
-658
-664
-653
-654
-608
-507
-379
-264
-147
-30
99
206
300
366
430
417
423
344
270
200
100
31
-131
-212
-354
-446
-601
-681
-767
-785
-837
-793
-831
-855
-902
-815
-746
-723
-700
-612
-520
-484
-392
-250
-97
4
120
310
565
739
950
1104
1294
1384
1532
1619
1608
1544
1438
1371
1224
1117
987
848
685
519
427
327
221
89
1
-68
-168
-259
-347
-432
-562
-643
-716
-740
-742
-713
-628
-521
-388
-252
-134
-26
103
227
312
340
371
350
334
239
206
93
25
-151
-230
-353
-464
-573
-690
-749
-826
-806
-806
-814
-847
-772
-690
-597
-554
-446
-321
-245
-158
18
270
392
497
655
865
1068
1224
1424
1570
1722
1829
1943
1987
1922
1832
1704
1588
1379
1197
1014
838
685
556
489
354
253
159
135
94
48
32
-40
-89
-162
-168
-193
-209
-241
-222
-154
-48
81
215
325
436
533
624
673
705
696
693
636
543
461
294
134
-5
-85
-202
-288
-422
-525
-597
-595
-570
-567
-582
-524
-418
-303
-242
-166
-70
-17
57
161
325
454
526
630
793
1011
1209
1398
1536
1647
1772
1900
1984
1940
1879
1806
1671
1487
1274
1082
827
572
366
261
157
19
-53
-105
-77
-111
-118
-160
-173
-188
-217
-240
-310
-340
-362
-313
-259
-162
-34
85
204
309
432
503
531
505
477
393
320
169
48
-120
-266
-395
-524
-625
-766
-854
-943
-935
-899
-892
-929
-842
-699
-590
-528
-448
-307
-212
-136
31
226
414
492
607
781
1008
1196
1337
1501
1610
1780
1866
1917
1839
1752
1701
1563
1380
1146
959
721
507
336
188
73
-103
-215
-301
-319
-352
-388
-389
-436
-391
-378
-311
-295
-273
-205
-168
-80
-27
52
123
197
325
413
520
526
564
613
644
615
525
417
236
79
-104
-247
-449
-620
-800
-865
-902
-873
-922
-917
-826
-696
-599
-519
-417
-305
-209
-131
-43
91
181
211
297
468
666
865
1030
1180
1363
1541
1704
1732
1751
1711
1652
1503
1301
1132
920
697
432
233
36
-168
-323
-453
-503
-547
-550
-548
-561
-533
-508
-463
-469
-490
-489
-466
-435
-396
-320
-241
-173
-96
31
138
247
329
389
448
412
376
260
160
-51
-199
-381
-533
-730
-927
-1081
-1157
-1198
-1243
-1278
-1278
-1182
-1121
-1032
-965
-833
-731
-655
-521
-399
-234
-187
-117
11
190
405
538
697
812
958
1110
1203
1249
1214
1221
1147
1000
778
551
317
27
-264
-525
-734
-947
-1123
-1267
-1316
-1363
-1390
-1416
-1424
-1392
-1311
-1225
-1172
-1106
-1081
-1031
-1007
-946
-890
-819
-774
-685
-554
-423
-318
-226
-155
-127
-147
-182
-243
-359
-531
-720
-920
-1122
-1335
-1531
-1687
-1778
-1847
-1899
-1924
-1860
-1714
-1579
-1474
-1377
-1234
-1125
-1070
-958
-848
-747
-680
-581
-428
-245
-62
106
297
490
693
848
934
964
936
927
871
768
597
381
151
-106
-339
-566
-757
-942
-1114
-1225
-1312
-1345
-1383
-1422
-1446
-1439
-1384
-1354
-1332
-1292
-1189
-1121
-1041
-947
-845
-753
-687
-567
-414
-262
-147
-34
44
73
53
36
-14
-94
-195
-318
-474
-651
-824
-982
-1110
-1222
-1321
-1376
-1413
-1312
-1183
-1053
-950
-823
-678
-568
-451
-352
-234
-160
-103
10
153
334
496
648
799
966
1176
1372
1494
1544
1575
1572
1523
1393
1248
1091
869
617
362
147
-65
-276
-439
-535
-554
-552
-551
-569
-544
-465
-406
-326
-272
-201
-170
-142
-112
-38
32
133
229
341
442
567
678
797
873
914
932
880
822
726
624
458
275
96
-66
-180
-270
-333
-398
-482
-413
-282
-139
-53
58
207
329
461
595
727
790
837
909
990
1123
1279
1433
1569
1737
1909
2073
2159
2198
2227
2256
2240
2132
1956
1759
1548
1302
1058
837
606
378
190
12
-96
-163
-192
-218
-208
-145
-114
-94
-109
-101
-60
-46
-22
15
45
81
122
221
326
437
494
598
692
753
789
742
712
601
463
296
145
-5
-143
-335
-437
-557
-611
-721
-700
-626
-494
-418
-333
-208
-97
36
155
260
381
411
473
537
677
820
966
1125
1222
1394
1545
1698
1751
1785
1839
1796
1717
1543
1395
1206
977
756
522
316
111
-53
-188
-286
-352
-394
-396
-393
-334
-245
-178
-113
-84
-45
-56
-67
-61
-44
-39
-2
70
175
268
346
431
520
596
619
638
588
557
464
342
172
-6
-176
-309
-388
-440
-491
-512
-490
-380
-271
-158
-42
92
243
349
452
571
664
713
722
821
968
1118
1226
1329
1516
1678
1847
1948
2003
2062
2053
2006
1853
1708
1552
1367
1144
910
712
486
297
114
-50
-142
-208
-208
-243
-232
-178
-103
-49
-1
62
97
86
41
45
101
136
169
215
334
412
481
589
669
722
753
753
703
601
470
318
124
-94
-310
-501
-592
-649
-723
-789
-774
-670
-577
-457
-314
-167
-19
95
181
291
353
395
422
503
607
718
815
925
1076
1234
1397
1483
1529
1554
1551
1507
1364
1211
1011
765
506
247
16
-189
-383
-544
-650
-724
-761
-789
-780
-733
-702
-633
-567
-484
-380
-276
-211
-182
-198
-201
-213
-164
-85
36
103
150
216
270
305
304
285
206
138
21
-126
-327
-515
-705
-851
-963
-1053
-1148
-1227
-1187
-1027
-859
-726
-606
-430
-278
-100
46
162
240
300
362
469
550
664
739
820
920
1080
1240
1340
1389
1430
1488
1459
1353
1192
1014
798
541
316
85
-124
-331
-500
-624
-696
-746
-755
-764
-722
-656
-597
-540
-483
-377
-255
-191
-179
-188
-175
-133
-70
19
103
164
215
300
336
416
390
369
300
237
120
-10
-226
-457
-676
-826
-962
-1046
-1149
-1210
-1175
-1060
-907
-824
-714
-593
-417
-244
-78
70
130
209
304
437
583
683
764
844
969
1118
1230
1313
1357
1389
1389
1341
1196
1029
875
694
498
283
78
-140
-358
-525
-659
-753
-812
-825
-806
-749
-660
-586
-530
-463
-354
-250
-177
-159
-140
-99
-60
23
93
182
238
258
323
381
455
467
478
430
350
219
70
-121
-312
-510
-641
-733
-796
-887
-952
-902
-768
-600
-493
-348
-254
-97
83
241
358
394
468
533
662
789
916
1036
1140
1321
1485
1638
1695
1742
1810
1851
1838
1724
1573
1405
1217
1039
848
654
401
196
35
-111
-205
-276
-291
-277
-200
-135
-83
-36
-26
50
113
177
206
241
261
297
384
478
573
634
707
811
930
1001
1055
1027
949
831
720
531
316
77
-128
-336
-454
-573
-684
-801
-836
-752
-617
-523
-430
-266
-91
95
251
368
422
457
522
632
787
913
1027
1150
1286
1470
1610
1743
1781
1802
1833
1823
1753
1576
1423
1229
1018
750
480
227
-29
-187
-340
-447
-535
-599
-631
-631
-572
-520
-453
-384
-301
-180
-82
-36
-30
21
69
140
215
291
322
364
433
522
572
601
587
543
460
374
237
59
-160
-363
-561
-675
-779
-896
-1009
-1056
-977
-859
-723
-612
-455
-276
-114
63
184
266
307
351
425
515
660
714
793
902
1078
1230
1320
1388
1431
1509
1511
1437
1270
1090
902
664
452
205
-37
-274
-475
-612
-705
-754
-802
-794
-761
-673
-584
-555
-502
-466
-365
-314
-285
-240
-241
-227
-214
-144
-48
25
85
180
274
355
405
401
377
304
181
-24
-244
-485
-684
-863
-969
-1069
-1183
-1288
-1315
-1245
-1106
-995
-907
-805
-674
-490
-294
-160
-66
-4
103
235
354
467
592
719
868
1035
1194
1318
1369
1378
1404
1404
1333
1205
1054
871
656
431
191
-48
-283
-482
-623
-725
-799
-822
-821
-793
-718
-628
-576
-542
-504
-412
-301
-237
-168
-132
-82
-46
34
136
229
300
380
475
555
585
566
492
425
337
222
47
-171
-386
-577
-657
-766
-867
-962
-947
-860
-755
-612
-499
-339
-192
-16
144
272
333
381
467
576
752
906
1019
1102
1216
1368
1523
1634
1663
1679
1719
1712
1620
1464
1299
1109
885
653
422
189
-44
-228
-363
-448
-505
-539
-560
-524
-425
-339
-256
-214
-139
-53
18
50
96
149
180
256
321
398
439
495
561
628
693
758
727
660
584
508
376
172
-27
-251
-412
-521
-603
-712
-810
-825
-737
-630
-498
-372
-205
-37
136
309
445
498
522
566
647
776
890
984
1069
1182
1346
1467
1557
1595
1630
1650
1651
1584
1454
1308
1107
898
686
469
253
24
-165
-328
-414
-464
-496
-502
-477
-404
-326
-244
-181
-111
-15
98
165
211
278
343
412
473
562
584
619
676
706
764
784
775
711
643
556
450
280
52
-158
-367
-505
-581
-709
-825
-916
-846
-749
-645
-538
-421
-255
-84
107
253
351
419
483
629
769
936
1013
1082
1214
1375
1530
1602
1651
1683
1737
1746
1675
1540
1388
1225
1035
830
607
375
150
-53
-196
-298
-373
-422
-460
-450
-406
-360
-312
-279
-195
-66
36
70
90
135
193
239
284
328
364
416
510
608
671
720
720
690
655
601
493
344
172
1
-170
-285
-368
-469
-570
-630
-565
-459
-351
-221
-79
76
233
385
498
571
634
713
812
929
1045
1110
1193
1293
1431
1586
1678
1712
1725
1767
1749
1672
1544
1391
1226
1025
831
615
396
193
25
-112
-234
-332
-397
-414
-386
-328
-243
-162
-90
31
135
264
350
410
486
550
603
645
706
738
757
813
881
969
1011
1019
999
968
912
799
625
449
241
93
-50
-158
-288
-457
-556
-534
-412
-340
-223
-76
97
293
484
655
758
861
951
1069
1229
1372
1508
1576
1676
1810
1953
2033
2048
2063
2103
2122
2058
1918
1752
1605
1440
1224
1020
788
559
334
160
31
-78
-158
-213
-178
-77
30
106
174
282
403
537
622
673
736
766
784
825
878
884
884
924
993
1059
1089
1085
1037
998
910
809
663
502
319
157
46
-44
-155
-265
-330
-303
-211
-116
14
144
309
463
615
763
866
964
1042
1149
1276
1420
1522
1595
1720
1861
1999
2090
2110
2122
2145
2164
2087
1972
1845
1714
1502
1265
1026
785
566
384
255
148
74
-3
-48
-43
13
75
161
250
373
490
613
680
721
786
842
911
952
1011
1025
1038
1066
1081
1096
1079
1025
940
878
850
747
592
392
226
46
-83
-177
-292
-393
-464
-443
-345
-237
-111
18
171
314
494
686
810
927
982
1105
1227
1389
1484
1549
1642
1769
1916
1980
2005
1997
2018
2005
1922
1787
1635
1466
1267
1089
902
697
487
289
125
0
-112
-216
-262
-265
-221
-182
-126
-55
26
169
269
374
445
530
602
651
707
725
770
760
833
874
893
896
880
850
772
714
608
472
282
86
-84
-218
-309
-402
-544
-628
-646
-553
-483
-380
-333
-247
-110
23
197
326
463
539
642
785
939
1061
1114
1206
1305
1436
1526
1541
1557
1593
1623
1576
1476
1318
1161
1005
809
594
366
149
-108
-305
-465
-567
-668
-747
-778
-747
-682
-596
-514
-432
-284
-136
-20
42
109
181
215
286
340
409
426
466
488
539
574
562
523
455
375
257
116
-71
-282
-432
-609
-718
-828
-956
-1067
-1164
-1101
-1051
-919
-857
-718
-590
-468
-287
-125
33
101
203
315
490
664
761
876
976
1133
1231
1310
1351
1392
1434
1423
1344
1186
1060
863
669
467
268
45
-173
-369
-538
-631
-731
-822
-883
-862
-808
-754
-704
-650
-521
-391
-272
-193
-121
-34
47
127
213
283
285
303
334
397
418
412
415
375
319
193
78
-95
-257
-418
-557
-680
-805
-940
-1074
-1165
-1175
-1105
-1018
-942
-822
-712
-543
-348
-167
-9
106
234
351
511
690
843
984
1115
1285
1401
1490
1510
1493
1489
1462
1428
1321
1189
1043
876
673
461
246
9
-160
-351
-506
-634
-720
-756
-773
-766
-732
-687
-638
-550
-419
-281
-129
-31
43
111
158
219
276
371
409
439
474
484
484
460
456
401
323
229
87
-86
-293
-466
-643
-794
-906
-1059
-1161
-1225
-1146
-1108
-1059
-996
-892
-732
-625
-411
-285
-140
-36
61
208
379
593
715
857
1004
1180
1305
1372
1429
1431
1491
1464
1405
1250
1114
963
776
602
375
151
-120
-316
-503
-627
-729
-804
-854
-877
-846
-811
-753
-708
-613
-511
-394
-253
-177
-82
7
105
216
319
387
392
439
486
506
489
501
454
392
305
210
41
-141
-326
-506
-656
-781
-893
-1025
-1134
-1161
-1166
-1092
-1042
-917
-786
-627
-471
-315
-141
-1
161
260
425
588
730
855
966
1114
1234
1340
1370
1398
1425
1445
1410
1319
1199
1042
874
674
473
266
56
-127
-314
-464
-598
-693
-738
-763
-765
-727
-656
-595
-547
-469
-367
-260
-192
-120
-71
-10
57
134
220
275
346
409
460
481
499
475
431
384
273
133
-56
-290
-493
-666
-797
-950
-1085
-1227
-1308
-1327
-1284
-1231
-1163
-1050
-935
-774
-635
-485
-354
-234
-116
3
151
322
482
609
733
865
979
1078
1124
1135
1135
1149
1088
990
849
710
578
401
231
30
-173
-392
-574
-732
-853
-950
-1040
-1128
-1156
-1109
-1053
-993
-925
-814
-672
-551
-469
-398
-314
-223
-131
-55
3
42
84
144
169
213
199
164
92
38
-69
-202
-377
-520
-688
-881
-1030
-1196
-1318
-1462
-1525
-1570
-1525
-1456
-1385
-1285
-1169
-1008
-881
-726
-588
-449
-313
-189
-11
129
293
373
469
602
743
891
971
1073
1116
1148
1079
979
842
696
554
358
173
-34
-230
-433
-603
-725
-843
-944
-1060
-1102
-1112
-1070
-1044
-1013
-936
-861
-749
-676
-571
-483
-368
-250
-172
-99
-75
-13
-1
47
81
115
131
66
35
-66
-130
-262
-361
-517
-663
-824
-985
-1104
-1244
-1358
-1466
-1485
-1455
-1424
-1363
-1295
-1174
-1044
-873
-699
-579
-460
-351
-225
-96
25
151
268
377
524
677
803
882
936
941
949
939
866
747
617
466
300
129
-68
-269
-474
-656
-788
-930
-1051
-1156
-1232
-1235
-1231
-1180
-1115
-1032
-934
-814
-721
-649
-593
-521
-442
-347
-241
-196
-171
-158
-122
-87
-90
-67
-77
-126
-173
-253
-360
-524
-690
-888
-1062
-1198
-1313
-1395
-1488
-1547
-1567
-1569
-1529
-1498
-1417
-1351
-1214
-1068
-924
-768
-645
-518
-413
-267
-117
49
167
291
451
598
738
797
849
899
946
940
855
739
590
445
263
74
-127
-331
-534
-718
-862
-1012
-1130
-1230
-1269
-1277
-1223
-1156
-1105
-1049
-971
-822
-687
-554
-464
-369
-266
-195
-120
-98
-12
31
90
106
118
102
34
-21
-121
-211
-336
-483
-618
-798
-921
-1078
-1173
-1299
-1399
-1497
-1562
-1511
-1484
-1398
-1339
-1215
-1140
-1024
-874
-714
-577
-470
-347
-221
-92
60
176
269
390
545
676
761
799
826
864
883
825
723
641
527
410
248
102
-90
-293
-506
-687
-813
-949
-1058
-1144
-1183
-1185
-1170
-1147
-1115
-1043
-935
-790
-688
-602
-482
-375
-265
-183
-97
-36
16
81
114
140
164
149
103
17
-75
-198
-341
-504
-646
-804
-958
-1102
-1240
-1331
-1420
-1444
-1434
-1371
-1300
-1262
-1171
-1065
-911
-763
-571
-403
-247
-141
-18
159
290
445
555
704
861
1000
1116
1144
1162
1169
1179
1135
1049
936
826
686
487
295
100
-79
-284
-431
-552
-665
-767
-869
-931
-954
-936
-905
-871
-850
-775
-662
-571
-466
-359
-231
-116
-37
7
66
133
217
275
333
369
368
339
304
248
188
109
-24
-168
-308
-459
-600
-746
-864
-951
-1061
-1110
-1118
-1071
-1022
-940
-852
-722
-577
-449
-279
-141
4
132
264
413
532
673
793
959
1108
1265
1379
1435
1495
1515
1520
1473
1403
1290
1150
1003
837
654
459
285
102
-51
-190
-318
-434
-562
-655
-695
-667
-640
-586
-508
-397
-295
-203
-100
37
179
297
425
550
650
693
727
754
740
740
728
693
635
551
458
348
210
55
-89
-244
-428
-586
-699
-763
-856
-914
-907
-855
-804
-733
-644
-519
-351
-241
-92
34
145
246
406
587
769
950
1077
1205
1292
1383
1467
1536
1559
1576
1592
1557
1487
1366
1261
1137
996
825
660
510
352
180
36
-78
-186
-295
-380
-416
-426
-391
-368
-331
-294
-235
-171
-81
15
94
175
243
348
427
488
505
535
539
529
501
507
520
502
457
352
252
107
-42
-189
-358
-492
-648
-732
-819
-903
-942
-956
-938
-912
-807
-687
-556
-427
-282
-125
20
177
295
453
645
826
981
1090
1207
1312
1407
1460
1480
1474
1482
1493
1417
1330
1211
1094
935
755
562
367
198
36
-80
-196
-294
-391
-476
-530
-539
-506
-490
-443
-415
-335
-231
-119
-48
21
104
181
253
299
312
341
352
355
353
358
340
305
259
189
134
60
-87
-239
-387
-520
-677
-843
-976
-1079
-1118
-1193
-1234
-1259
-1210
-1136
-1056
-913
-785
-620
-485
-324
-161
1
138
238
356
495
682
824
961
1099
1229
1357
1412
1426
1425
1439
1412
1363
1267
1136
987
798
614
398
221
32
-159
-334
-520
-675
-838
-956
-1046
-1043
-1001
-956
-904
-801
-659
-543
-437
-306
-159
-46
39
133
171
222
257
307
319
328
339
304
265
180
102
-12
-186
-347
-542
-700
-867
-1036
-1172
-1296
-1377
-1507
-1567
-1638
-1633
-1589
-1505
-1366
-1236
-1047
-882
-711
-523
-355
-183
-57
125
323
524
673
789
918
1011
1105
1137
1161
1155
1155
1114
1034
914
778
633
465
288
94
-100
-283
-462
-641
-785
-904
-1014
-1125
-1218
-1263
-1241
-1214
-1180
-1136
-1039
-939
-837
-757
-663
-544
-434
-306
-192
-86
-20
8
-2
0
29
50
74
52
-10
-79
-170
-302
-480
-658
-845
-1005
-1188
-1331
-1455
-1544
-1670
-1774
-1838
-1851
-1780
-1689
-1566
-1453
-1291
-1118
-968
-791
-627
-472
-319
-141
45
212
392
529
680
812
984
1095
1185
1245
1243
1259
1202
1119
1001
893
748
532
314
89
-132
-355
-549
-688
-815
-959
-1117
-1230
-1287
-1306
-1329
-1316
-1293
-1226
-1130
-1048
-947
-865
-754
-646
-537
-442
-351
-241
-185
-135
-134
-130
-157
-203
-239
-308
-363
-436
-553
-716
-903
-1062
-1246
-1457
-1641
-1781
-1889
-1958
-2040
-2086
-2097
-1993
-1864
-1762
-1617
-1446
-1217
-986
-757
-557
-366
-195
-62
98
270
430
553
629
724
860
967
1007
1004
985
997
961
871
749
620
498
357
195
-6
-207
-401
-594
-733
-832
-901
-997
-1086
-1191
-1221
-1216
-1204
-1165
-1115
-997
-873
-742
-643
-541
-447
-366
-296
-257
-191
-164
-92
-73
-24
21
43
25
-59
-105
-220
-310
-435
-564
-693
-856
-1029
-1256
-1416
-1560
-1659
-1745
-1815
-1814
-1804
-1684
-1594
-1507
-1432
-1336
-1186
-1004
-778
-557
-334
-165
7
222
420
608
713
823
991
1145
1288
1347
1369
1349
1304
1229
1109
941
760
583
382
187
-8
-247
-485
-699
-854
-962
-1072
-1179
-1291
-1332
-1322
-1296
-1285
-1274
-1206
-1105
-1001
-887
-778
-655
-537
-442
-342
-244
-150
-115
-73
-33
19
56
50
23
-41
-97
-213
-356
-538
-696
-844
-1002
-1158
-1335
-1493
-1618
-1731
-1798
-1886
-1925
-1946
-1911
-1782
-1646
-1486
-1363
-1221
-1086
-937
-734
-522
-293
-102
129
346
527
648
736
868
994
1137
1229
1282
1299
1299
1308
1284
1231
1071
871
653
418
178
-38
-215
-406
-595
-776
-931
-1098
-1260
-1373
-1425
-1418
-1429
-1425
-1406
-1332
-1228
-1093
-947
-823
-712
-594
-455
-333
-194
-86
-11
5
-5
12
17
24
32
-2
-67
-170
-307
-438
-560
-695
-877
-1061
-1262
-1445
-1588
-1700
-1759
-1825
-1846
-1865
-1816
-1759
-1624
-1496
-1354
-1183
-1008
-824
-664
-481
-301
-83
116
320
489
646
787
929
1097
1229
1355
1447
1478
1479
1438
1387
1280
1128
952
798
610
405
187
-43
-249
-454
-609
-771
-924
-1063
-1157
-1200
-1213
-1209
-1218
-1190
-1144
-1060
-969
-881
-800
-715
-564
-426
-297
-223
-159
-86
0
104
143
170
148
123
89
12
-78
-215
-328
-489
-618
-794
-981
-1142
-1316
-1443
-1612
-1688
-1761
-1771
-1775
-1744
-1647
-1570
-1432
-1313
-1152
-951
-731
-503
-302
-113
72
239
392
567
780
960
1118
1277
1408
1501
1553
1561
1547
1487
1400
1290
1170
1032
881
711
511
336
138
-86
-295
-474
-616
-778
-921
-1061
-1149
-1192
-1242
-1268
-1302
-1264
-1177
-1096
-1026
-931
-812
-674
-522
-409
-269
-166
-56
71
191
309
381
393
373
347
290
236
159
44
-80
-231
-384
-540
-734
-958
-1155
-1335
-1481
-1622
-1712
-1757
-1795
-1803
-1790
-1680
-1581
-1467
-1308
-1106
-877
-651
-422
-223
-24
164
350
577
771
947
1076
1222
1355
1451
1500
1507
1506
1485
1436
1332
1182
1012
839
641
418
207
-1
-225
-412
-599
-777
-951
-1139
-1286
-1383
-1438
-1439
-1424
-1389
-1316
-1222
-1149
-1080
-992
-878
-727
-565
-449
-359
-251
-163
-88
-56
8
52
76
77
41
30
-42
-108
-211
-294
-417
-561
-704
-880
-1009
-1188
-1339
-1496
-1654
-1798
-1916
-1939
-1955
-1901
-1827
-1696
-1579
-1466
-1299
-1105
-906
-695
-470
-238
-8
223
453
634
837
1006
1140
1256
1382
1473
1505
1541
1538
1523
1478
1381
1255
1088
928
721
461
173
-98
-339
-598
-838
-1051
-1228
-1383
-1492
-1569
-1642
-1676
-1699
-1685
-1619
-1508
-1361
-1228
-1061
-876
-682
-520
-364
-227
-102
32
156
265
349
421
424
390
375
320
228
80
-63
-227
-391
-552
-754
-985
-1245
-1440
-1625
-1798
-1920
-1990
-2020
-2064
-2049
-2013
-1937
-1825
-1674
-1483
-1317
-1106
-893
-686
-464
-221
13
222
425
614
778
958
1141
1307
1445
1565
1583
1552
1506
1474
1441
1348
1227
1050
838
605
364
116
-118
-332
-509
-680
-829
-973
-1154
-1347
-1482
-1556
-1582
-1544
-1513
-1473
-1413
-1322
-1206
-1113
-1016
-884
-724
-541
-348
-130
60
227
349
424
476
494
509
484
465
445
359
254
97
-112
-319
-531
-752
-972
-1150
-1317
-1496
-1675
-1817
-1944
-2076
-2127
-2132
-2097
-2040
-1904
-1715
-1520
-1339
-1130
-900
-654
-391
-96
190
465
697
916
1137
1316
1485
1582
1662
1727
1722
1670
1591
1506
1393
1228
1068
879
651
424
217
3
-181
-354
-555
-737
-877
-1014
-1131
-1258
-1378
-1464
-1521
-1530
-1497
-1443
-1385
-1277
-1165
-1059
-945
-800
-631
-450
-259
-84
81
206
281
323
360
379
365
324
284
252
166
52
-82
-237
-407
-561
-721
-863
-984
-1119
-1258
-1433
-1587
-1732
-1838
-1900
-1940
-1919
-1900
-1835
-1754
-1600
-1436
-1281
-1077
-875
-605
-345
-45
240
513
774
975
1182
1324
1440
1515
1594
1667
1702
1689
1608
1539
1391
1231
1064
858
626
387
202
-10
-209
-412
-610
-808
-983
-1117
-1271
-1379
-1465
-1540
-1565
-1554
-1496
-1419
-1308
-1166
-1006
-845
-680
-536
-394
-270
-151
-10
112
233
310
371
399
406
389
357
317
237
160
55
-71
-219
-388
-530
-679
-812
-939
-1019
-1082
-1159
-1242
-1314
-1411
-1506
-1559
-1567
-1545
-1480
-1402
-1323
-1201
-1059
-921
-773
-582
-355
-120
132
360
583
765
939
1105
1222
1327
1398
1492
1561
1609
1631
1593
1547
1440
1352
1254
1131
995
814
663
471
243
17
-200
-402
-574
-726
-854
-966
-1071
-1149
-1212
-1259
-1266
-1255
-1169
-1045
-907
-733
-556
-372
-214
-53
89
235
364
423
469
483
520
540
537
481
439
402
339
271
177
100
1
-95
-172
-263
-383
-516
-638
-751
-861
-969
-1044
-1118
-1215
-1305
-1369
-1375
-1366
-1286
-1218
-1087
-930
-765
-566
-386
-186
-12
160
330
498
668
830
988
1118
1239
1354
1423
1487
1534
1541
1533
1527
1485
1424
1363
1266
1124
965
825
652
431
204
-18
-214
-434
-636
-821
-1003
-1168
-1286
-1373
-1441
-1467
-1469
-1444
-1382
-1284
-1184
-1069
-921
-763
-603
-461
-318
-165
-7
156
302
409
482
534
548
572
584
594
584
521
433
359
236
97
-40
-177
-343
-530
-689
-867
-1011
-1162
-1300
-1414
-1525
-1627
-1748
-1817
-1835
-1780
-1700
-1578
-1397
-1247
-1047
-849
-623
-417
-209
11
243
481
689
858
988
1115
1246
1353
1451
1538
1588
1594
1563
1526
1471
1407
1291
1161
993
807
619
397
158
-83
-282
-490
-706
-909
-1091
-1251
-1386
-1466
-1552
-1619
-1653
-1643
-1607
-1529
-1389
-1225
-1043
-868
-651
-442
-241
-42
136
317
496
660
788
898
964
982
979
977
968
927
892
805
696
544
380
221
21
-202
-412
-594
-806
-1016
-1215
-1392
-1557
-1697
-1793
-1882
-1928
-1930
-1865
-1765
-1637
-1483
-1301
-1063
-824
-542
-269
34
305
567
836
1064
1262
1428
1576
1695
1810
1895
1946
1972
1956
1925
1886
1806
1677
1505
1336
1151
959
768
535
276
19
-229
-513
-773
-1004
-1188
-1355
-1486
-1577
-1629
-1637
-1609
-1532
-1423
-1243
-1037
-827
-622
-396
-169
56
274
457
611
767
905
1003
1089
1172
1243
1284
1284
1273
1240
1200
1133
1019
886
733
548
345
142
-58
-278
-495
-735
-992
-1235
-1474
-1675
-1843
-1957
-2014
-2037
-2031
-1981
-1866
-1720
-1531
-1313
-1096
-840
-599
-334
-55
222
500
735
944
1154
1354
1515
1625
1742
1841
1899
1906
1884
1836
1762
1673
1583
1469
1310
1112
879
650
443
232
-1
-264
-495
-708
-880
-1021
-1168
-1279
-1361
-1398
-1398
-1347
-1251
-1119
-968
-799
-611
-415
-227
-48
132
327
532
716
885
1032
1149
1254
1332
1388
1424
1440
1446
1441
1403
1317
1185
1030
882
687
461
257
44
-174
-416
-604
-815
-1024
-1221
-1368
-1498
-1604
-1677
-1723
-1724
-1715
-1651
-1567
-1422
-1279
-1090
-881
-662
-420
-170
67
327
578
808
1008
1200
1379
1559
1698
1802
1870
1899
1877
1841
1808
1742
1685
1581
1444
1301
1159
987
800
603
413
219
37
-149
-318
-474
-598
-709
-818
-925
-976
-1002
-1008
-975
-906
-805
-700
-566
-409
-226
-62
113
294
482
678
858
1005
1139
1268
1367
1433
1473
1470
1453
1422
1396
1311
1182
1038
879
726
561
425
249
79
-85
-271
-424
-614
-791
-952
-1063
-1203
-1315
-1394
-1472
-1501
-1532
-1479
-1424
-1330
-1230
-1083
-900
-724
-501
-314
-87
112
342
556
724
915
1067
1216
1319
1390
1461
1495
1535
1561
1598
1593
1551
1484
1384
1298
1223
1124
1002
855
701
561
419
257
86
-72
-208
-329
-433
-535
-642
-722
-781
-806
-806
-773
-703
-617
-496
-369
-237
-95
51
175
330
477
613
751
898
1044
1138
1186
1199
1189
1193
1213
1201
1161
1087
997
903
797
696
568
419
283
117
-76
-248
-435
-582
-724
-855
-996
-1124
-1224
-1308
-1340
-1368
-1380
-1373
-1320
-1253
-1176
-1063
-936
-763
-575
-389
-190
14
196
355
492
657
814
968
1098
1194
1291
1367
1445
1492
1550
1572
1564
1530
1459
1382
1279
1173
1018
868
717
566
424
246
64
-127
-298
-467
-625
-764
-886
-962
-1028
-1058
-1073
-1084
-1065
-1005
-927
-824
-691
-575
-417
-246
-82
59
206
341
471
580
707
831
920
980
993
1000
968
923
855
781
697
605
498
362
219
67
-84
-223
-377
-521
-683
-821
-956
-1073
-1170
-1231
-1274
-1347
-1403
-1455
-1469
-1477
-1447
-1383
-1290
-1194
-1078
-956
-812
-657
-477
-296
-88
122
320
489
635
789
941
1109
1243
1365
1455
1531
1608
1678
1716
1740
1720
1661
1590
1516
1400
1245
1084
927
771
608
422
246
71
-110
-282
-448
-616
-770
-865
-927
-969
-981
-962
-919
-850
-749
-598
-430
-286
-136
24
202
373
528
668
804
917
1019
1136
1236
1307
1378
1449
1459
1422
1353
1272
1169
1080
1002
902
798
641
465
307
168
3
-178
-318
-449
-561
-676
-779
-887
-988
-1087
-1191
-1229
-1253
-1220
-1171
-1110
-991
-879
-709
-521
-314
-86
136
358
578
778
985
1225
1429
1618
1786
1905
2031
2157
2273
2365
2422
2441
2424
2385
2333
2252
2151
2044
1907
1752
1569
1362
1159
955
736
528
332
146
-35
-183
-304
-404
-465
-514
-503
-442
-351
-227
-109
39
199
390
584
784
974
1146
1341
1513
1685
1833
1960
2088
2175
2225
2249
2243
2239
2226
2185
2102
2018
1917
1821
1699
1553
1422
1287
1139
971
798
625
441
273
137
6
-109
-235
-303
-386
-470
-538
-575
-567
-543
-485
-391
-268
-143
0
178
334
520
708
881
1048
1212
1389
1548
1719
1884
2010
2117
2204
2283
2323
2349
2367
2347
2320
2235
2162
2065
1947
1815
1655
1508
1335
1187
1025
847
658
484
340
188
70
-44
-125
-185
-229
-246
-266
-250
-235
-207
-167
-97
24
139
267
406
534
656
765
887
997
1122
1235
1335
1422
1477
1528
1563
1582
1574
1548
1496
1409
1316
1226
1142
1034
912
775
644
500
365
227
76
-36
-145
-278
-387
-502
-607
-726
-830
-902
-948
-974
-999
-1001
-999
-959
-929
-890
-832
-747
-635
-498
-361
-252
-103
10
152
283
390
520
606
711
815
929
1012
1077
1148
1187
1207
1217
1207
1172
1130
1072
997
912
799
698
589
483
380
286
178
74
-43
-162
-270
-365
-456
-524
-580
-627
-661
-674
-634
-596
-544
-474
-392
-297
-215
-130
-35
72
203
320
444
549
644
733
799
864
936
1008
1057
1094
1101
1098
1059
1010
957
896
838
747
624
499
363
223
67
-71
-208
-339
-446
-559
-662
-776
-859
-926
-976
-1044
-1110
-1158
-1202
-1220
-1216
-1207
-1158
-1105
-1031
-929
-854
-776
-673
-556
-445
-309
-158
-28
115
257
385
498
615
730
812
885
919
954
994
1026
1033
1030
1018
963
911
866
790
706
618
537
454
355
243
133
40
-49
-139
-216
-311
-387
-455
-518
-541
-535
-525
-530
-512
-467
-403
-326
-247
-165
-45
72
178
282
395
523
620
724
818
887
929
980
1034
1066
1056
1017
951
850
768
674
571
461
323
187
41
-93
-241
-377
-493
-617
-723
-834
-906
-963
-1027
-1076
-1116
-1159
-1206
-1216
-1253
-1264
-1238
-1188
-1111
-1043
-972
-878
-777
-666
-549
-439
-320
-208
-103
-9
49
98
155
232
333
395
468
538
597
659
703
751
784
818
804
792
756
709
657
620
600
563
501
413
319
233
174
133
86
20
-33
-115
-170
-213
-244
-278
-304
-295
-295
-269
-214
-162
-116
-66
7
66
121
183
249
316
379
415
430
439
449
477
473
479
480
490
491
500
514
493
457
368
262
178
90
-2
-102
-192
-302
-433
-551
-659
-757
-839
-897
-958
-1012
-1051
-1080
-1097
-1096
-1093
-1068
-1051
-1028
-984
-935
-879
-834
-765
-704
-617
-532
-456
-357
-268
-159
-54
65
138
198
242
270
316
358
430
474
486
491
488
472
480
476
456
408
356
302
264
217
187
168
130
89
42
8
-30
-72
-98
-135
-171
-196
-228
-235
-253
-257
-267
-263
-246
-205
-156
-123
-88
-64
-10
6
24
63
108
182
235
280
317
335
329
313
299
292
294
293
287
250
181
124
48
-15
-93
-168
-226
-280
-334
-387
-426
-468
-518
-578
-630
-679
-717
-743
-733
-702
-682
-669
-666
-658
-638
-594
-527
-451
-396
-347
-311
-267
-226
-179
-119
-62
-11
8
44
91
105
109
110
117
87
45
12
-46
-65
-102
-110
-120
-128
-138
-179
-206
-236
-236
-229
-234
-215
-217
-227
-241
-261
-257
-236
-209
-205
-193
-173
-154
-131
-94
-59
-53
-62
-59
-43
-16
-4
12
10
19
16
0
-24
-50
-80
-105
-97
-94
-92
-105
-129
-142
-157
-190
-230
-262
-277
-291
-324
-357
-376
-402
-433
-468
-475
-487
-496
-507
-522
-524
-505
-479
-498
-517
-529
-522
-524
-520
-494
-463
-438
-427
-398
-387
-385
-384
-386
-366
-341
-308
-285
-259
-245
-234
-235
-251
-256
-261
-243
-243
-253
-283
-316
-350
-387
-434
-461
-459
-482
-507
-551
-605
-629
-674
-718
-759
-789
-822
-824
-819
-829
-809
-764
-712
-659
-594
-526
-444
-361
-263
-176
-92
-17
71
142
206
269
307
355
357
369
370
351
354
357
370
353
316
260
175
102
42
-30
-104
-182
-272
-352
-440
-488
-517
-532
-548
-561
-567
-599
-628
-627
-627
-609
-592
-570
-528
-490
-425
-374
-298
-245
-183
-132
-109
-76
-48
-8
33
50
75
86
93
87
95
85
56
28
-26
-63
-106
-143
-198
-247
-286
-335
-392
-461
-516
-572
-642
-724
-777
-798
-831
-845
-824
-801
-804
-806
-789
-802
-775
-734
-711
-670
-636
-577
-491
-401
-300
-201
-123
-80
-34
8
53
118
141
174
177
155
135
126
122
100
109
97
69
31
-6
-29
-52
-91
-130
-165
-180
-206
-242
-295
-321
-346
-370
-384
-403
-393
-396
-412
-419
-440
-434
-423
-403
-391
-388
-358
-318
-263
-222
-179
-144
-128
-111
-99
-111
-127
-129
-121
-129
-133
-161
-219
-264
-283
-286
-305
-324
-351
-367
-402
-435
-464
-504
-514
-532
-553
-582
-590
-592
-605
-622
-632
-630
-630
-641
-643
-628
-610
-586
-558
-539
-545
-558
-566
-563
-539
-514
-514
-503
-494
-463
-447
-452
-453
-456
-457
-444
-408
-398
-375
-353
-334
-303
-285
-262
-232
-209
-204
-183
-167
-163
-164
-167
-149
-151
-137
-136
-142
-127
-134
-130
-150
-145
-162
-181
-164
-163
-186
-222
-230
-250
-263
-244
-238
-247
-264
-281
-278
-299
-317
-325
-312
-307
-317
-328
-330
-333
-332
-342
-362
-367
-362
-338
-296
-275
-269
-274
-299
-317
-339
-332
-325
-318
-320
-330
-339
-342
-349
-336
-329
-317
-325
-345
-370
-404
-428
-436
-435
-481
-515
-553
-608
-656
-707
-728
-748
-733
-732
-733
-703
-680
-657
-633
-593
-564
-548
-535
-528
-518
-507
-483
-442
-419
-374
-341
-306
-279
-268
-255
-256
-235
-226
-225
-203
-199
-210
-211
-213
-220
-222
-219
-198
-211
-228
-231
-232
-210
-234
-246
-278
-290
-307
-321
-287
-288
-281
-338
-340
-329
-306
-252
-234
-196
-185
-180
-167
-181
-173
-170
-172
-147
-157
-151
-153
-129
-98
-84
-59
-64
-58
-69
-47
-31
-40
-41
-58
-62
-64
-55
-52
-72
-74
-76
-67
-78
-119
-163
-173
-195
-246
-299
-331
-345
-334
-318
-313
-320
-336
-352
-371
-380
-392
-405
-417
-425
-437
-446
-445
-451
-451
-416
-397
-362
-359
-362
-330
-306
-291
-279
-247
-217
-224
-246
-262
-267
-263
-246
-217
-221
-222
-232
-242
-239
-235
-222
-209
-201
-195
-197
-176
-151
-132
-101
-104
-98
-88
-85
-100
-100
-94
-85
-76
-81
-80
-84
-90
-92
-71
-59
-78
-74
-73
-50
-44
-30
-21
-7
12
25
43
50
42
36
42
32
19
14
17
-4
-19
-39
-41
-53
-86
-113
-148
-168
-176
-186
-186
-194
-179
-183
-208
-232
-263
-272
-283
-271
-243
-238
-239
-230
-209
-183
-195
-198
-223
-231
-242
-239
-225
-220
-195
-197
-193
-185
-207
-218
-220
-239
-241
-252
-258
-253
-271
-273
-277
-276
-264
-263
-242
-210
-200
-197
-195
-189
-173
-163
-140
-121
-105
-72
-49
-51
-64
-63
-56
-32
-10
4
39
71
112
138
175
203
211
218
218
228
225
233
230
249
251
215
160
110
76
52
41
11
-28
-79
-128
-174
-215
-224
-213
-199
-199
-220
-218
-229
-238
-238
-220
-227
-239
-239
-219
-193
-168
-176
-187
-205
-214
-206
-198
-160
-144
-108
-83
-45
-29
-24
1
25
52
84
121
119
91
67
61
54
34
6
-17
-54
-106
-147
-164
-173
-193
-214
-229
-251
-265
-247
-230
-232
-229
-225
-189
-142
-95
-22
12
52
100
123
168
207
262
293
325
371
393
422
448
473
470
462
460
428
392
387
393
411
406
385
354
336
297
261
235
225
223
215
192
161
138
104
102
77
16
-28
-43
-53
-86
-115
-129
-145
-149
-147
-143
-153
-147
-99
-44
19
67
68
52
60
76
107
135
169
202
246
286
309
303
302
290
257
255
241
238
219
211
192
164
149
127
113
90
80
61
46
55
59
60
42
37
52
53
50
63
103
132
153
136
117
105
81
86
114
151
177
196
211
223
255
268
284
299
329
366
396
416
440
448
462
492
512
515
504
503
489
458
413
369
330
274
229
188
166
132
90
58
6
-23
-51
-58
-70
-75
-72
-75
-74
-62
-29
-3
5
12
26
26
34
60
83
92
100
77
81
112
140
147
136
135
129
121
122
130
141
126
130
140
150
145
99
78
58
39
16
-14
-49
-80
-105
-110
-88
-68
-42
-43
-76
-96
-100
-122
-130
-114
-106
-73
-67
-60
-28
13
44
83
110
132
156
165
193
215
228
243
269
265
260
247
228
236
238
225
189
159
156
123
103
73
44
-5
-46
-68
-93
-109
-124
-143
-140
-128
-130
-147
-147
-144
-156
-158
-172
-173
-159
-142
-135
-124
-104
-96
-92
-76
-81
-78
-99
-86
-56
-53
-42
-33
-38
-50
-70
-88
-119
-116
-118
-107
-87
-102
-132
-159
-160
-179
-198
-231
-257
-254
-242
-252
-269
-273
-280
-286
-288
-288
-295
-282
-291
-255
-210
-182
-164
-150
-120
-78
-11
21
58
83
85
105
123
160
207
231
262
269
255
263
293
282
271
255
232
184
141
116
112
104
85
68
48
41
51
43
20
-12
-19
-15
-47
-37
-2
42
79
103
134
138
140
154
164
174
170
172
173
190
192
186
186
190
199
201
208
211
217
224
222
232
215
168
133
107
92
78
63
51
16
-1
1
-12
-35
-67
-62
-64
-70
-88
-89
-92
-122
-134
-135
-144
-139
-108
-83
-38
11
68
106
131
138
145
150
163
190
212
232
229
221
210
212
209
207
211
216
207
211
202
186
178
173
179
159
157
163
146
130
125
107
97
100
93
88
76
65
46
14
9
2
7
2
23
55
64
86
77
86
85
77
90
99
100
94
107
122
118
113
109
106
112
90
92
109
135
138
104
100
75
50
-3
-40
-51
-65
-62
-74
-84
-117
-180
-214
-223
-218
-224
-249
-279
-296
-301
-299
-286
-289
-263
-260
-250
-230
-219
-198
-175
-126
-76
-59
-46
-8
37
57
77
75
47
15
24
36
65
74
78
71
41
10
-17
-25
-67
-88
-95
-119
-117
-157
-182
-198
-216
-200
-210
-209
-224
-206
-196
-212
-200
-181
-165
-167
-191
-190
-179
-165
-177
-189
-208
-236
-244
-258
-248
-252
-273
-277
-298
-300
-310
-288
-255
-247
-236
-227
-244
-278
-297
-271
-223
-213
-217
-237
-260
-297
-340
-402
-451
-495
-527
-542
-550
-570
-592
-587
-576
-556
-557
-545
-544
-553
-545
-520
-495
-485
-470
-468
-430
-375
-339
-316
-272
-244
-242
-264
-270
-268
-250
-222
-222
-240
-291
-300
-298
-299
-299
-301
-287
-284
-251
-223
-216
-230
-234
-246
-268
-276
-276
-279
-285
-303
-301
-284
-304
-305
-273
-216
-191
-182
-155
-169
-156
-179
-172
-163
-159
-124
-166
-181
-194
-187
-195
-240
-245
-263
-259
-260
-254
-224
-253
-269
-302
-348
-377
-386
-363
-381
-387
-389
-378
-378
-421
-430
-430
-395
-376
-367
-345
-334
-305
-280
-251
-243
-237
-224
-215
-202
-193
-186
-187
-185
-180
-180
-191
-188
-159
-135
-132
-144
-165
-165
-159
-189
-220
-276
-315
-331
-315
-306
-338
-341
-338
-312
-301
-306
-320
-348
-345
-339
-304
-282
-266
-236
-220
-205
-200
-204
-207
-191
-176
-148
-123
-123
-131
-127
-121
-136
-159
-169
-168
-163
-182
-230
-267
-293
-302
-279
-249
-229
-231
-246
-267
-283
-303
-335
-340
-324
-331
-312
-308
-298
-286
-302
-295
-312
-336
-346
-318
-290
-278
-269
-278
-276
-257
-238
-221
-235
-218
-176
-136
-119
-111
-97
-95
-91
-108
-107
-131
-130
-117
-146
-174
-191
-211
-217
-232
-234
-246
-269
-281
-303
-292
-304
-309
-305
-306
-286
-293
-289
-308
-304
-265
-250
-245
-252
-262
-249
-209
-198
-174
-162
-157
-135
-160
-162
-151
-115
-95
-80
-55
-30
-8
-46
-75
-76
-69
-48
-43
-67
-87
-119
-172
-215
-240
-238
-236
-237
-256
-257
-240
-231
-237
-252
-250
-217
-151
-126
-115
-101
-89
-68
-64
-79
-99
-120
-120
-131
-158
-172
-192
-193
-210
-217
-209
-222
-226
-238
-237
-218
-195
-164
-149
-147
-115
-70
-52
-69
-65
-46
-57
-71
-106
-113
-103
-77
-84
-126
-162
-198
-222
-228
-260
-301
-338
-347
-357
-366
-383
-399
-379
-380
-350
-314
-286
-280
-272
-223
-197
-190
-193
-184
-158
-150
-166
-195
-186
-168
-132
-151
-199
-209
-199
-168
-169
-182
-202
-220
-211
-200
-218
-243
-248
-222
-198
-188
-176
-175
-167
-143
-94
-92
-124
-167
-178
-169
-164
-173
-220
-244
-249
-251
-281
-296
-290
-284
-290
-292
-292
-293
-297
-265
-239
-243
-232
-218
-194
-197
-208
-232
-253
-239
-234
-225
-230
-258
-276
-285
-299
-304
-308
-317
-337
-316
-315
-327
-339
-351
-337
-329
-330
-349
-343
-313
-295
-294
-289
-281
-267
-261
-254
-254
-241
-216
-193
-155
-140
-142
-134
-108
-86
-81
-97
-98
-98
-97
-115
-171
-201
-202
-155
-130
-126
-136
-119
-105
-107
-141
-179
-193
-185
-150
-115
-60
-31
-30
-38
-23
-12
-4
10
28
80
98
61
32
-11
-47
-73
-99
-140
-151
-164
-152
-118
-97
-84
-36
21
60
72
79
103
108
115
116
93
99
82
57
58
59
65
23
-1
-6
-9
-14
-50
-80
-100
-124
-152
-194
-221
-248
-237
-222
-215
-209
-206
-183
-149
-96
-66
-50
-29
-15
-12
-17
-23
-44
-78
-113
-131
-143
-147
-161
-153
-138
-131
-133
-144
-161
-171
-156
-178
-211
-217
-244
-271
-289
-285
-282
-298
-331
-339
-316
-305
-288
-292
-272
-259
-249
-226
-221
-215
-223
-250
-300
-337
-336
-308
-280
-274
-273
-268
-242
-213
-189
-170
-153
-143
-140
-127
-133
-135
-108
-105
-132
-163
-164
-138
-104
-70
-52
-57
-87
-143
-161
-138
-128
-156
-188
-216
-235
-241
-246
-265
-268
-236
-213
-210
-205
-202
-175
-151
-125
-92
-84
-71
-60
-56
-45
-60
-62
-69
-69
-75
-80
-74
-60
-56
-89
-129
-153
-143
-148
-144
-129
-138
-136
-128
-88
-53
-31
-10
-2
15
22
2
-27
-26
-34
-49
-46
-34
-24
-27
-49
-46
-62
-61
-50
-52
-68
-106
-132
-164
-183
-215
-202
-148
-96
-64
-30
7
56
109
154
169
179
202
183
222
234
210
182
140
127
113
104
113
135
157
136
100
73
43
38
46
68
82
68
44
34
31
23
19
-5
10
56
91
109
106
146
179
184
187
184
184
187
175
166
148
142
160
150
158
169
183
185
179
186
167
171
194
237
282
292
308
294
274
263
227
234
254
275
257
220
220
199
184
160
179
211
214
194
136
103
72
56
38
49
65
92
124
149
159
161
173
170
169
179
215
223
212
198
204
210
190
149
119
115
142
166
182
201
216
225
226
227
225
226
234
236
241
248
256
251
237
197
168
167
162
179
156
144
145
134
128
113
111
91
67
62
55
56
67
73
105
118
122
124
112
123
146
187
204
181
159
151
160
166
157
142
124
142
171
182
179
163
164
164
161
144
111
95
89
48
27
16
-8
-33
-22
5
26
27
13
30
54
77
66
47
59
21
-17
-62
-86
-85
-89
-58
-39
-27
-12
11
9
-21
-56
-79
-102
-126
-126
-126
-137
-122
-110
-89
-51
-12
38
58
61
66
75
102
84
63
35
4
-24
-26
10
49
89
116
135
131
134
156
180
169
143
132
98
55
0
-19
-4
26
75
94
110
139
146
157
163
177
183
155
112
58
24
6
-7
-25
-30
-7
51
116
173
194
179
178
175
160
134
124
132
125
112
97
106
143
187
224
266
280
291
298
284
264
207
162
150
138
134
126
145
158
181
209
222
229
233
240
240
241
248
215
178
177
174
183
160
157
172
193
230
238
218
208
202
176
153
139
146
138
130
137
118
149
199
257
288
310
345
359
363
346
315
272
240
220
200
179
176
170
160
158
165
194
215
209
187
158
151
142
104
67
49
47
50
75
111
97
92
92
72
39
28
31
40
27
10
10
9
3
0
20
15
14
23
47
62
55
21
-16
-14
-1
14
3
-29
-42
-31
-34
-46
-36
-45
-47
-39
-48
-56
-48
-32
-35
-47
-47
-37
-19
-3
29
53
46
27
-8
-52
-70
-75
-109
-154
-175
-182
-197
-203
-196
-178
-154
-116
-93
-73
-23
17
24
23
17
-5
-75
-110
-123
-120
-102
-72
-42
-47
-51
-50
-39
-29
-38
-48
-52
-53
-43
-58
-59
-79
-105
-118
-148
-157
-169
-185
-211
-248
-269
-284
-274
-259
-251
-241
-243
-243
-238
-236
-254
-286
-301
-300
-291
-277
-297
-314
-291
-279
-296
-315
-307
-276
-230
-183
-159
-159
-174
-193
-203
-201
-182
-175
-163
-165
-159
-159
-159
-142
-151
-137
-127
-126
-138
-165
-166
-158
-159
-155
-171
-196
-224
-231
-235
-253
-250
-246
-215
-196
-189
-202
-216
-201
-189
-185
-178
-170
-162
-158
-158
-145
-132
-114
-102
-95
-91
-85
-76
-71
-65
-63
-70
-98
-131
-133
-116
-100
-80
-59
-50
-50
-87
-117
-160
-174
-162
-164
-163
-172
-160
-143
-136
-111
-99
-97
-93
-100
-110
-105
-92
-116
-134
-171
-196
-207
-224
-184
-137
-90
-57
-60
-60
-71
-88
-117
-115
-75
-70
-69
-66
-79
-82
-110
-116
-115
-128
-137
-136
-116
-113
-116
-108
-140
-168
-190
-183
-156
-155
-143
-137
-143
-156
-151
-158
-160
-153
-154
-156
-159
-158
-143
-129
-110
-123
-138
-144
-143
-123
-131
-143
-145
-160
-151
-135
-119
-116
-132
-137
-118
-103
-70
-26
-18
-15
-25
-26
-36
-54
-99
-130
-168
-205
-212
-228
-237
-232
-227
-221
-219
-216
-199
-174
-159
-173
-171
-174
-174
-181
-198
-203
-209
-208
-202
-222
-228
-257
-279
-253
-219
-205
-193
-210
-222
-235
-246
-251
-250
-251
-245
-231
-212
-195
-213
-212
-192
-167
-139
-129
-128
-147
-176
-188
-195
-193
-192
-206
-220
-233
-249
-269
-269
-245
-246
-236
-244
-247
-229
-193
-159
-141
-109
-96
-71
-61
-58
-46
-52
-69
-86
-95
-99
-114
-141
-162
-188
-203
-213
-222
-227
-231
-222
-220
-224
-249
-264
-265
-270
-266
-263
-237
-211
-208
-219
-226
-233
-235
-216
-193
-171
-155
-144
-127
-120
-125
-143
-182
-188
-206
-222
-215
-215
-209
-202
-194
-182
-189
-203
-180
-150
-152
-162
-180
-181
-170
-180
-169
-168
-191
-196
-171
-150
-155
-151
-135
-112
-118
-137
-164
-177
-158
-140
-143
-162
-178
-194
-183
-155
-132
-121
-121
-93
-53
-27
-9
14
23
33
30
34
31
28
25
43
73
76
59
45
40
52
58
48
45
39
34
42
54
49
36
16
3
-28
-34
-42
-36
-14
-5
-10
-39
-69
-74
-56
-30
-24
-34
-37
-36
-13
9
41
59
64
66
59
53
35
22
25
47
30
27
44
58
95
121
143
127
103
106
84
55
58
63
61
58
55
53
46
57
86
84
81
73
69
56
55
80
74
53
35
18
6
-5
0
0
31
54
76
87
91
108
119
128
126
112
99
103
109
119
131
149
148
141
124
114
97
84
60
20
0
-7
-13
-13
-2
42
87
97
68
54
61
77
77
63
45
26
13
0
-3
-21
-19
-8
8
16
18
15
36
63
65
58
65
64
38
18
26
30
14
6
-4
6
11
11
26
37
40
36
30
43
50
39
42
51
57
42
41
44
23
-8
-27
-27
-23
-24
-12
-2
-10
-10
-2
14
8
-1
1
14
26
21
10
8
26
41
46
48
42
34
33
59
64
46
35
19
-4
-15
-28
-24
-23
-18
-1
2
2
10
9
11
7
6
11
2
-12
2
11
14
8
-10
-7
-5
-14
-31
-33
-25
-36
-53
-66
-89
-121
-132
-114
-106
-110
-133
-133
-140
-130
-129
-130
-143
-140
-106
-77
-86
-105
-116
-134
-139
-144
-122
-127
-119
-108
-108
-121
-122
-123
-122
-106
-77
-48
-56
-67
-61
-55
-55
-71
-97
-107
-108
-101
-89
-75
-67
-41
-13
-9
-27
-38
-50
-34
-9
-4
2
-16
-33
-21
-7
-12
-23
-6
18
17
12
22
39
46
39
38
16
26
45
56
80
98
97
77
74
79
60
58
32
3
-11
-10
2
-12
-25
-5
12
29
29
20
0
1
19
28
41
31
23
16
22
27
32
34
51
71
74
75
65
64
65
55
56
29
1
-8
-9
2
12
-6
-38
-45
-25
3
8
4
-19
-45
-48
-57
-57
-39
-43
-34
-43
-66
-67
-61
-57
-45
-45
-62
-71
-66
-55
-59
-68
-63
-77
-80
-74
-97
-99
-100
-91
-77
-80
-98
-112
-105
-91
-100
-120
-149
-165
-159
-148
-137
-158
-184
-201
-195
-190
-223
-259
-278
-252
-223
-231
-264
-287
-298
-297
-289
-292
-291
-288
-275
-261
-238
-227
-226
-233
-212
-193
-204
-220
-248
-257
-247
-242
-245
-257
-259
-246
-246
-271
-293
-297
-309
-284
-267
-284
-323
-357
-371
-359
-347
-345
-343
-351
-338
-336
-342
-365
-382
-352
-337
-348
-355
-382
-403
-378
-361
-350
-340
-315
-297
-281
-265
-266
-262
-263
-259
-263
-265
-271
-270
-248
-235
-231
-236
-253
-246
-204
-180
-164
-184
-218
-226
-244
-267
-287
-284
-271
-259
-258
-273
-276
-291
-307
-315
-337
-346
-353
-329
-278
-253
-260
-284
-304
-303
-293
-273
-266
-274
-264
-246
-216
-219
-243
-260
-253
-230
-215
-221
-247
-249
-250
-254
-259
-289
-301
-296
-270
-234
-214
-218
-220
-202
-196
-181
-168
-163
-168
-175
-179
-188
-197
-198
-190
-159
-128
-135
-153
-162
-166
-149
-153
-178
-192
-178
-152
-150
-167
-203
-227
-220
-206
-218
-235
-234
-206
-173
-153
-162
-183
-166
-135
-102
-95
-94
-107
-120
-135
-155
-152
-170
-189
-184
-146
-145
-146
-156
-142
-131
-135
-133
-152
-163
-134
-108
-96
-124
-148
-127
-83
-49
-63
-82
-89
-94
-99
-105
-115
-103
-72
-24
18
8
-7
-22
-18
-10
-10
-11
-27
-28
-9
17
22
25
33
30
47
64
77
81
97
122
127
131
121
119
109
96
95
74
60
64
95
135
152
154
149
152
162
190
212
204
201
202
213
178
123
88
83
103
125
134
133
140
145
145
156
154
162
176
194
209
184
137
105
102
111
134
159
154
158
176
183
173
154
143
126
139
159
145
142
123
109
104
84
73
63
60
57
69
72
50
38
37
44
45
32
2
-3
27
62
81
61
49
51
50
70
64
47
30
19
13
-13
-24
-47
-53
-50
-55
-49
-52
-47
-32
-18
-31
-48
-61
-55
-39
-40
-60
-82
-72
-51
-29
-21
-15
-11
-13
-6
-14
-23
-43
-31
-2
5
-6
-10
-5
-6
-3
1
-10
-18
-27
-22
-11
-9
-12
-30
-31
-38
-43
-62
-86
-88
-75
-80
-99
-125
-114
-91
-66
-50
-73
-99
-107
-102
-89
-81
-91
-92
-86
-74
-58
-36
-25
-15
16
43
42
21
2
-22
-25
-11
12
18
21
43
85
116
108
109
103
94
86
75
56
36
32
43
55
61
69
70
97
120
122
85
28
-16
-32
-22
-34
-42
-62
-73
-78
-68
-62
-60
-30
-15
1
-10
-17
-3
14
26
21
-2
-31
-48
-32
-1
15
15
-1
-16
-18
-20
-45
-44
-54
-57
-49
-44
-60
-88
-89
-57
-36
-46
-64
-48
-22
-4
-13
-44
-72
-112
-110
-87
-84
-103
-126
-116
-108
-120
-132
-159
-159
-131
-108
-102
-117
-121
-138
-138
-132
-136
-145
-146
-116
-91
-71
-71
-72
-71
-51
-11
6
6
6
7
2
1
6
-2
-11
11
38
49
42
31
32
56
76
77
75
57
50
62
50
34
10
0
6
-13
-51
-72
-86
-89
-94
-110
-120
-139
-138
-144
-141
-148
-176
-206
-216
-208
-200
-196
-195
-189
-176
-154
-163
-169
-153
-125
-133
-151
-173
-192
-192
-177
-151
-154
-167
-185
-198
-193
-190
-208
-230
-236
-234
-232
-230
-240
-245
-237
-225
-228
-245
-278
-276
-256
-241
-253
-267
-291
-320
-316
-318
-324
-359
-384
-397
-401
-380
-374
-366
-355
-343
-336
-349
-362
-366
-374
-360
-361
-385
-400
-396
-378
-359
-345
-345
-348
-323
-307
-304
-317
-333
-336
-346
-348
-374
-412
-434
-437
-449
-456
-468
-491
-483
-470
-462
-471
-489
-497
-485
-482
-484
-498
-528
-549
-542
-539
-531
-536
-538
-543
-544
-543
-566
-582
-576
-550
-525
-508
-522
-543
-556
-553
-543
-548
-545
-533
-500
-491
-493
-498
-522
-518
-508
-519
-530
-528
-517
-501
-475
-459
-460
-468
-480
-446
-420
-412
-411
-419
-412
-400
-414
-457
-483
-477
-451
-428
-423
-447
-455
-444
-433
-430
-439
-446
-439
-417
-401
-381
-396
-405
-386
-380
-369
-361
-345
-313
-275
-253
-251
-265
-272
-266
-252
-248
-246
-246
-234
-199
-166
-175
-202
-229
-241
-241
-224
-212
-211
-216
-212
-213
-229
-247
-256
-271
-277
-276
-291
-300
-300
-290
-283
-278
-276
-288
-269
-231
-214
-215
-223
-227
-219
-208
-205
-224
-233
-222
-195
-167
-169
-183
-209
-220
-230
-245
-233
-226
-230
-228
-205
-201
-201
-206
-228
-245
-263
-301
-346
-379
-381
-358
-347
-338
-340
-336
-332
-322
-316
-291
-284
-284
-302
-314
-322
-324
-294
-265
-234
-234
-246
-260
-257
-238
-259
-277
-294
-304
-290
-286
-303
-319
-331
-329
-314
-309
-316
-332
-323
-309
-279
-275
-277
-281
-282
-307
-337
-376
-422
-422
-410
-383
-375
-367
-364
-358
-347
-354
-359
-361
-335
-317
-311
-310
-321
-307
-274
-248
-235
-225
-227
-242
-240
-223
-240
-275
-284
-277
-252
-241
-241
-252
-254
-275
-292
-289
-298
-306
-321
-307
-304
-301
-283
-292
-303
-303
-299
-302
-321
-326
-333
-330
-329
-335
-334
-321
-320
-315
-330
-350
-369
-390
-388
-378
-363
-339
-283
-262
-255
-245
-258
-259
-279
-282
-303
-327
-343
-359
-362
-342
-329
-309
-290
-270
-247
-254
-270
-274
-267
-254
-238
-241
-248
-264
-260
-266
-297
-311
-317
-331
-349
-344
-348
-339
-332
-335
-329
-316
-300
-297
-305
-315
-306
-301
-314
-318
-316
-314
-330
-339
-330
-316
-297
-277
-252
-267
-277
-302
-295
-287
-299
-298
-310
-304
-300
-282
-291
-318
-348
-378
-391
-397
-403
-393
-371
-353
-333
-316
-300
-283
-264
-263
-276
-293
-320
-340
-337
-346
-341
-338
-330
-304
-266
-233
-228
-216
-214
-201
-166
-149
-126
-123
-114
-102
-98
-107
-130
-163
-179
-196
-199
-190
-184
-175
-160
-160
-186
-217
-231
-228
-216
-193
-181
-176
-168
-164
-172
-198
-214
-201
-178
-156
-148
-158
-157
-134
-124
-131
-134
-131
-127
-116
-106
-86
-81
-87
-71
-44
-42
-55
-61
-65
-74
-65
-49
-27
-1
6
10
32
27
-7
-21
-22
-43
-64
-77
-96
-118
-139
-140
-140
-138
-151
-152
-136
-122
-123
-139
-125
-94
-78
-94
-120
-145
-131
-108
-92
-87
-85
-77
-65
-59
-64
-77
-87
-97
-104
-110
-121
-127
-129
-110
-79
-60
-66
-71
-67
-67
-62
-57
-69
-84
-91
-85
-88
-102
-128
-142
-163
-175
-164
-177
-189
-214
-241
-263
-273
-283
-300
-315
-314
-291
-280
-277
-258
-219
-210
-195
-199
-208
-216
-227
-209
-184
-170
-172
-153
-160
-203
-232
-265
-272
-251
-238
-231
-240
-246
-225
-210
-197
-217
-235
-249
-222
-205
-217
-226
-244
-239
-238
-237
-235
-241
-247
-256
-251
-246
-257
-262
-272
-264
-251
-258
-282
-310
-311
-289
-262
-258
-253
-245
-219
-203
-175
-150
-153
-150
-162
-166
-205
-252
-277
-277
-251
-236
-240
-257
-264
-262
-272
-286
-291
-278
-295
-292
-270
-264
-255
-252
-251
-255
-265
-256
-243
-225
-216
-217
-208
-218
-232
-221
-207
-206
-197
-182
-176
-166
-181
-201
-216
-220
-213
-217
-198
-194
-196
-192
-175
-181
-194
-199
-211
-215
-208
-207
-196
-192
-205
-213
-236
-256
-247
-237
-232
-207
-191
-187
-190
-206
-216
-214
-210
-194
-153
-126
-108
-80
-83
-102
-133
-162
-170
-176
-174
-137
-103
-66
-54
-80
-114
-141
-131
-110
-92
-99
-105
-104
-118
-132
-137
-137
-155
-165
-171
-164
-185
-169
-134
-117
-109
-151
-168
-175
-151
-115
-106
-101
-114
-120
-115
-105
-110
-113
-99
-108
-125
-135
-160
-198
-211
-196
-171
-151
-140
-128
-106
-78
-77
-84
-108
-125
-136
-137
-144
-151
-145
-129
-133
-149
-146
-138
-148
-144
-126
-110
-110
-105
-101
-94
-87
-106
-118
-143
-161
-173
-182
-187
-198
-196
-206
-199
-188
-171
-138
-118
-103
-132
-155
-165
-161
-167
-184
-182
-199
-213
-212
-210
-198
-187
-214
-233
-241
-262
-287
-295
-274
-265
-246
-225
-211
-211
-222
-219
-187
-179
-194
-211
-218
-214
-229
-238
-255
-263
-271
-282
-292
-306
-305
-273
-237
-233
-236
-247
-260
-264
-265
-268
-287
-301
-304
-285
-272
-266
-240
-239
-241
-222
-221
-247
-276
-299
-290
-292
-297
-308
-341
-356
-339
-332
-322
-335
-344
-336
-317
-309
-305
-297
-304
-301
-299
-317
-331
-323
-326
-325
-318
-331
-364
-371
-370
-357
-338
-344
-355
-358
-348
-316
-297
-282
-288
-309
-310
-291
-256
-215
-191
-198
-208
-225
-268
-289
-293
-320
-338
-337
-331
-337
-351
-349
-333
-338
-345
-358
-368
-367
-376
-368
-362
-351
-352
-355
-340
-313
-293
-289
-269
-255
-225
-203
-200
-197
-204
-203
-213
-221
-218
-218
-211
-227
-246
-254
-263
-244
-222
-216
-196
-168
-163
-170
-174
-172
-171
-174
-174
-169
-171
-184
-174
-173
-197
-224
-226
-203
-187
-173
-147
-133
-122
-116
-110
-109
-99
-95
-76
-53
-41
-50
-58
-63
-74
-66
-78
-88
-76
-61
-32
-20
-11
4
2
-9
-12
-17
-14
-16
-19
-17
-35
-56
-68
-77
-77
-60
-87
-89
-88
-87
-86
-91
-101
-112
-112
-120
-131
-146
-142
-132
-96
-62
-37
-24
-26
-27
-35
-27
-25
-30
-53
-75
-89
-75
-55
-42
-30
-14
-24
-34
-45
-58
-48
-55
-58
-62
-77
-93
-92
-81
-61
-51
-35
-20
-24
-19
-28
-30
-40
-53
-53
-58
-54
-55
-56
-43
-41
-63
-59
-66
-74
-63
-63
-67
-66
-64
-72
-80
-70
-64
-48
-34
-15
12
37
62
49
33
39
40
19
-7
-7
-6
-23
-48
-87
-99
-114
-137
-133
-123
-96
-74
-88
-107
-124
-126
-138
-139
-118
-99
-92
-105
-107
-112
-110
-89
-76
-75
-78
-88
-101
-104
-120
-115
-100
-91
-85
-111
-122
-140
-152
-159
-169
-172
-181
-172
-166
-159
-147
-130
-103
-84
-90
-113
-127
-136
-128
-103
-94
-95
-119
-127
-134
-136
-161
-171
-161
-154
-151
-168
-215
-237
-255
-247
-236
-242
-243
-253
-257
-259
-248
-248
-241
-247
-268
-275
-286
-292
-297
-296
-284
-284
-274
-265
-255
-251
-243
-243
-252
-272
-303
-333
-364
-374
-392
-392
-386
-395
-382
-372
-380
-396
-404
-415
-432
-438
-444
-459
-456
-466
-461
-451
-453
-452
-446
-454
-455
-442
-435
-421
-424
-426
-434
-424
-401
-392
-393
-396
-386
-387
-401
-401
-397
-395
-390
-376
-384
-388
-393
-391
-368
-341
-332
-325
-329
-347
-365
-380
-371
-346
-323
-302
-285
-303
-325
-325
-321
-312
-291
-282
-288
-276
-272
-263
-264
-275
-294
-298
-285
-289
-294
-301
-301
-317
-339
-339
-344
-330
-325
-313
-272
-287
-318
-334
-331
-309
-274
-249
-235
-247
-239
-226
-236
-255
-288
-286
-293
-292
-279
-273
-265
-262
-240
-209
-230
-238
-236
-236
-224
-219
-195
-182
-170
-158
-161
-178
-175
-144
-118
-88
-93
-115
-149
-177
-190
-215
-218
-206
-208
-207
-219
-223
-231
-254
-248
-221
-205
-209
-201
-212
-242
-266
-265
-262
-271
-280
-286
-300
-312
-315
-318
-308
-301
-311
-314
-322
-340
-325
-305
-298
-304
-317
-321
-307
-302
-295
-304
-293
-291
-301
-314
-336
-354
-361
-358
-369
-380
-386
-384
-386
-387
-383
-382
-377
-379
-388
-388
-409
-419
-418
-421
-436
-435
-451
-473
-482
-485
-482
-487
-490
-477
-465
-467
-475
-484
-488
-476
-474
-489
-495
-514
-507
-471
-461
-459
-462
-442
-428
-444
-456
-464
-465
-446
-406
-365
-351
-367
-381
-381
-386
-379
-361
-344
-331
-327
-335
-364
-398
-447
-467
-457
-447
-445
-471
-475
-457
-434
-402
-380
-378
-395
-384
-370
-367
-361
-349
-359
-386
-405
-416
-431
-424
-371
-333
-340
-358
-367
-367
-361
-339
-312
-295
-269
-261
-251
-263
-271
-267
-269
-265
-267
-264
-257
-218
-177
-145
-139
-169
-209
-239
-247
-264
-290
-324
-357
-372
-376
-353
-343
-326
-302
-295
-292
-309
-323
-326
-318
-284
-253
-234
-234
-246
-241
-230
-226
-218
-202
-200
-215
-235
-251
-244
-218
-191
-197
-230
-240
-227
