255
269
282
297
318
322
313
305
310
318
323
333
355
348
326
311
324
323
318
301
283
285
274
269
279
285
300
294
278
265
270
292
321
336
344
361
362
367
353
356
352
359
361
355
352
347
366
372
382
391
379
364
357
358
372
383
396
397
387
392
397
410
418
414
413
425
420
417
418
412
426
422
426
436
426
433
430
425
418
409
401
411
413
406
408
416
431
449
456
458
465
488
489
511
517
509
505
507
511
508
509
518
524
518
512
489
471
445
440
434
432
445
456
441
429
417
419
429
421
417
400
393
402
419
438
453
452
445
443
439
431
426
410
415
440
444
438
441
444
444
434
430
432
439
444
441
442
448
458
465
475
489
493
487
489
478
476
466
459
448
451
456
445
443
431
433
426
425
410
409
411
403
400
403
411
396
388
385
388
379
379
379
375
393
393
397
395
391
404
399
405
406
409
408
412
418
404
399
398
391
390
394
389
388
369
345
342
331
327
316
314
303
287
289
289
292
288
262
252
250
255
267
256
261
267
266
276
282
278
264
256
243
243
238
251
253
269
277
266
262
269
272
268
272
279
281
284
288
296
280
288
282
266
259
251
266
256
262
248
232
217
206
206
206
226
225
222
214
212
206
209
210
217
230
250
273
284
293
281
291
301
305
315
310
313
313
333
336
341
351
357
374
381
381
374
384
398
415
426
420
410
394
391
383
382
368
370
366
368
359
356
357
372
375
360
359
365
383
379
381
387
400
407
421
426
437
448
465
450
444
428
421
425
431
437
421
423
414
438
441
435
413
413
418
441
462
455
448
421
417
415
423
438
455
452
433
427
419
415
426
429
427
414
399
398
411
414
414
405
400
388
355
348
366
376
387
351
339
357
360
368
365
372
377
384
364
347
330
325
335
330
334
337
315
319
346
364
349
313
313
314
324
317
336
365
364
352
335
343
357
357
339
328
340
342
343
348
364
346
321
325
331
336
296
266
271
285
243
214
219
226
217
201
197
231
234
207
231
260
278
268
277
299
305
268
256
283
317
290
276
288
323
296
274
256
251
227
203
210
240
247
209
210
214
225
186
187
208
194
152
137
174
201
173
153
172
176
133
110
122
131
100
91
131
159
128
112
124
155
147
120
147
174
159
111
113
139
137
103
118
160
151
119
101
121
114
75
86
115
132
116
138
170
163
128
130
153
145
148
154
180
196
189
189
198
190
164
160
174
191
205
187
188
204
174
151
160
151
133
146
180
209
215
204
237
233
219
228
236
255
242
241
242
228
219
201
201
210
185
180
186
196
189
174
194
208
205
194
198
214
218
226
218
226
249
226
223
256
271
258
244
271
290
284
288
329
337
312
306
313
300
284
302
326
338
317
322
322
303
290
312
341
346
345
353
336
301
312
324
320
319
324
342
332
334
341
339
312
294
313
319
295
329
358
342
326
344
351
312
335
364
352
348
368
389
369
354
384
395
373
375
399
392
365
364
394
369
359
374
365
341
334
350
339
307
303
307
268
280
305
285
262
284
308
300
291
304
280
254
282
302
320
307
320
357
327
337
335
310
286
296
285
258
276
269
288
303
305
265
241
265
284
323
315
306
260
252
241
264
263
251
259
211
206
201
232
211
192
178
154
145
137
154
148
143
117
95
92
90
96
91
104
80
63
65
51
63
66
89
91
99
123
108
97
113
84
46
62
88
84
45
44
42
36
24
73
65
37
7
0
0
30
65
57
76
50
19
39
56
54
76
55
61
49
48
60
32
46
61
12
-19
18
24
-4
-10
-7
-37
-83
-68
5
-20
-40
-31
-25
-15
-38
-16
30
18
-7
20
28
73
65
35
83
11
34
57
13
72
99
21
24
21
-7
49
-37
12
96
13
41
90
38
58
9
18
70
-5
46
105
56
91
89
65
112
23
43
73
-16
42
78
56
103
116
109
119
81
154
119
95
155
104
117
112
109
132
135
143
166
129
100
79
85
80
56
120
66
63
88
69
88
98
32
40
66
43
48
47
43
58
98
54
74
100
55
35
67
48
26
43
29
21
31
26
2
29
26
27
63
90
107
86
87
96
80
57
49
97
57
67
69
50
69
79
66
37
42
49
72
43
66
34
27
37
48
64
20
40
43
18
34
40
62
103
72
55
78
59
48
48
64
64
62
65
54
72
56
96
87
62
67
75
77
48
55
14
20
33
36
30
31
20
36
-1
-27
60
-10
-26
17
11
-16
14
7
35
22
-29
21
-6
12
23
32
-13
-11
33
-25
1
22
-24
-20
1
-19
81
33
38
73
-12
36
23
38
27
14
10
17
-31
12
64
-17
19
12
-2
31
3
-38
56
-6
-36
20
-36
13
-20
-60
-37
-25
-44
13
-15
-7
13
-17
-6
1
-11
19
36
21
8
25
-59
-52
7
-33
-3
-11
21
30
78
55
78
52
58
18
30
66
74
49
57
10
53
17
16
96
87
17
21
77
35
62
85
98
45
43
53
43
31
41
52
26
25
26
44
65
54
60
63
55
31
56
97
110
116
137
85
118
117
104
66
157
94
81
70
87
13
54
87
-22
51
-49
-55
47
-33
1
46
2
-10
95
7
63
61
-36
27
10
21
82
19
29
73
-41
-26
67
-53
-17
-15
-93
-21
-44
-93
-39
-64
-107
-8
-65
-70
-14
-60
-27
-21
-66
2
40
-40
23
95
-14
46
30
-5
95
27
-6
74
14
-15
-10
-19
7
21
-34
-7
17
6
-78
17
-14
-66
-8
-68
17
-43
-74
-4
-33
-74
-13
-64
0
-26
-127
-7
-56
-99
-6
-24
-119
-8
-1
-98
11
-27
-69
-43
-79
-97
15
-83
-41
-6
-100
10
-52
-40
-35
-61
-55
0
-140
3
-55
-152
-18
-119
-121
-78
-171
-98
-69
-155
-29
-85
-78
-110
-60
-102
-89
-141
-38
-134
-152
-87
-120
-130
-140
-43
-136
-94
-78
-94
0
-97
-99
22
-66
-111
-18
-44
-51
-61
-32
47
-46
-51
-36
-9
-51
-123
-16
-85
-150
-62
-123
-143
-100
-175
-119
-101
-251
-98
-120
-178
-194
-74
-118
-156
-106
-122
-99
-100
-186
-83
-69
-217
-48
-41
-190
-116
-89
-80
-158
-102
-84
-132
-142
-159
-86
-159
-206
-144
-57
-273
-149
-128
-143
-168
-198
-81
-168
-245
-188
-100
-241
-217
-140
-127
-225
-228
-119
-205
-192
-257
-130
-216
-310
-90
-161
-243
-210
-110
-174
-171
-188
-109
-135
-177
-109
-100
-121
-211
-99
-115
-193
-161
-128
-112
-157
-140
-96
-172
-218
-85
-139
-217
-145
-129
-222
-199
-157
-150
-201
-262
-164
-116
-305
-246
-94
-181
-175
-161
-27
-86
-113
-54
7
-151
-9
-103
-102
-84
-96
-72
-47
-149
42
22
-138
-1
-26
-45
-41
-3
81
63
-87
96
-21
-70
83
55
-8
108
-1
103
9
62
68
109
-15
59
83
12
15
63
31
-2
80
-5
148
-35
97
122
38
69
112
18
85
112
112
152
79
273
143
160
217
137
186
193
129
213
136
134
165
164
136
182
106
78
97
150
91
131
169
140
182
100
74
194
105
133
181
109
176
185
27
220
153
54
211
80
69
203
33
50
181
6
67
37
46
131
-4
58
124
46
60
31
55
124
95
37
156
104
82
52
137
64
129
51
111
176
96
102
88
135
50
71
70
78
81
81
78
78
135
82
80
106
112
90
124
116
140
224
68
174
193
104
116
206
92
170
184
143
196
223
232
192
273
218
316
263
235
288
291
273
305
224
286
355
186
308
283
285
292
185
302
285
189
239
268
231
347
181
252
406
177
222
321
262
284
289
232
321
324
213
249
281
251
237
236
277
305
239
253
248
242
245
235
191
283
297
150
343
228
207
297
226
175
289
169
182
277
139
116
269
147
178
189
192
109
146
133
109
167
95
139
96
160
108
157
72
241
136
143
157
186
187
105
161
158
212
151
151
220
188
181
161
310
186
244
256
257
140
316
253
175
343
255
243
294
191
236
300
169
200
319
254
128
270
234
102
314
137
216
276
189
105
310
155
177
236
102
325
146
195
222
266
189
152
244
266
241
176
287
200
260
188
190
338
123
295
274
129
268
217
163
204
271
124
212
192
105
255
71
101
143
209
-60
287
82
-2
196
33
77
154
46
128
215
-25
173
204
25
157
182
93
221
65
161
204
50
91
275
-12
147
182
-42
239
112
2
315
11
10
272
-40
148
169
-18
165
90
-22
138
180
41
171
176
-11
258
64
145
145
187
-28
246
-11
116
113
46
93
47
81
-26
82
-40
99
34
36
-29
70
-12
32
29
117
34
131
53
53
84
55
82
56
5
110
95
-78
240
-75
34
102
-167
36
150
-207
106
93
-166
122
-46
-36
109
-71
-83
65
-96
10
79
-67
-7
85
-165
5
44
-112
-26
-41
-152
-54
-102
-126
-70
-127
-113
-168
-4
-206
-145
45
-181
-73
-68
-28
-94
-9
-98
13
-113
-7
-13
-44
69
-146
55
-32
-96
-90
40
-212
-44
-11
-151
38
-89
-68
-34
-78
-169
52
-161
-99
1
-128
-92
-39
-77
-121
95
-212
3
68
-302
104
-28
-132
184
-89
-78
194
-31
-87
227
-83
29
98
-16
47
156
43
-14
246
-102
122
70
-108
148
79
-138
73
46
-134
127
-148
116
76
-135
147
-1
13
47
-45
15
118
-81
53
102
-37
110
-73
57
46
-15
43
-46
52
67
-76
27
86
-98
95
46
-85
216
-61
52
154
55
-101
228
-26
81
162
-27
85
97
12
0
170
-123
242
-63
54
136
-109
82
116
-30
58
124
-66
86
30
16
35
46
113
-17
162
15
162
88
-3
152
181
83
79
241
110
104
176
104
265
168
-25
279
145
-65
199
72
-21
336
-134
102
231
-134
145
200
-125
259
119
-94
198
46
33
95
30
46
186
-99
114
92
89
-46
221
78
42
75
133
79
173
-23
228
47
49
184
64
42
223
28
45
129
-56
302
-50
35
214
-49
-5
76
-42
90
9
-77
139
-112
-88
40
-130
-26
-114
-78
-34
-126
-72
-151
-123
-136
-132
-102
-26
-20
-122
-49
15
-169
-15
-85
-102
22
-171
-54
-63
-158
-17
-48
-126
95
-176
22
-95
-104
67
-79
-86
60
-219
97
-227
22
-11
-177
-43
12
-205
-58
132
-321
147
-239
-22
-162
92
-336
218
-319
-92
-62
-25
-226
10
-100
-203
177
-363
71
-79
-168
-171
284
-493
269
-156
-36
-29
-19
-300
223
-273
-108
97
-358
30
-42
-212
-8
-25
-319
40
-208
-158
100
-202
-76
106
-352
52
-164
-53
-28
2
-157
80
-149
-66
-63
-62
-29
-171
93
-208
30
-155
59
-168
-4
-177
-111
5
-176
-103
75
-206
-142
78
-290
65
-106
-29
-45
19
-162
187
-148
-19
31
-15
44
-145
239
-207
126
-114
28
-50
29
-157
231
-189
-74
126
-81
51
-97
110
-100
-88
-41
-79
-193
127
-136
19
35
-202
114
-77
-231
187
-201
-109
-79
0
-97
20
-45
-19
-18
-115
63
-110
206
-265
166
-62
-137
133
-29
-73
47
102
-268
219
-164
-11
59
-196
13
-6
-66
-113
178
-143
-12
6
-108
35
20
-67
9
173
-260
118
116
-276
313
-119
-48
209
-107
22
148
-103
94
145
-120
116
17
-51
62
98
-121
278
-105
91
188
-31
90
177
-108
197
143
-98
229
-26
-15
239
-197
183
28
-58
46
59
-88
7
102
-66
53
-21
53
-188
219
-226
112
82
-96
153
14
-56
172
2
63
203
-20
197
73
96
354
-85
294
247
-91
390
120
-3
395
9
-69
508
-164
116
397
-67
142
330
-40
234
182
66
157
288
-58
227
260
-10
272
111
70
229
47
179
396
-72
413
185
147
340
179
307
252
163
412
94
376
293
267
358
235
238
385
132
346
465
88
356
217
219
306
168
236
367
71
269
267
190
152
336
236
175
339
129
397
38
471
71
338
294
72
351
188
164
305
248
110
397
129
302
366
-110
653
-77
234
410
22
345
214
150
243
420
-83
332
304
-114
410
177
17
419
14
-69
415
-86
149
384
-145
155
302
-276
334
87
-20
142
30
-25
58
58
-90
145
-6
-109
-70
190
-243
25
110
-317
196
-176
-86
68
85
-316
263
-84
-137
149
-153
50
28
-77
-75
31
-90
-33
-152
7
-75
-210
69
-275
12
-164
-115
-4
-144
-201
-38
30
-253
116
-158
18
-129
171
-245
219
10
-225
244
-109
-127
176
-32
-274
320
-372
47
-53
-91
-115
-70
-101
-281
153
-374
35
-96
-195
44
-124
-129
-84
240
-580
462
-348
-102
210
-338
99
-146
-29
-246
115
-400
83
-299
-307
182
-528
157
-351
-86
-187
-96
-346
28
-299
-295
-61
-320
-187
-137
-333
-187
-252
-272
-235
-217
-163
-447
108
-611
145
-438
-65
-224
-148
-292
-66
-295
-361
165
-693
183
-387
-291
-64
-228
-405
73
-502
-160
-165
-266
-305
-57
-353
-345
56
-526
-88
-199
-239
-359
-16
-474
-81
-287
-289
-41
-255
-306
-139
-284
-179
-460
12
-509
-80
-315
-301
-204
-362
-330
-218
-354
-343
-64
-490
5
-307
-451
126
-534
-170
28
-517
-74
-111
-384
-184
-183
-410
-36
-276
-413
116
-487
-174
-233
-161
-470
33
-438
-344
75
-761
-53
-259
-461
-221
-114
-495
-259
-89
-584
18
-437
-36
-364
-1
-403
-75
-16
-459
5
-209
-120
-273
41
-367
-16
-356
-69
-233
-111
-216
-120
-145
-251
-150
-37
-447
91
-234
-352
84
-292
-297
44
-373
-184
75
-552
36
-233
-261
-170
-174
-223
-217
-202
-210
-192
-278
-52
-293
38
-349
4
-173
-163
-164
-125
-130
-148
-175
51
-202
-186
60
-250
74
-139
-114
28
-196
-181
27
-259
-106
37
-254
-108
-35
-292
-72
-121
-295
-232
128
-616
108
-139
-470
98
-294
-203
115
-234
-238
409
-567
207
-116
-241
-2
-25
-254
-29
-24
-354
86
-205
-212
-163
-59
-341
18
-63
-339
69
-202
-370
99
-244
-278
154
-474
-120
-25
-444
69
-149
-362
137
-302
-209
-194
-26
-453
29
-347
-177
-207
-267
-227
-318
-114
-588
220
-599
-21
-258
-200
-277
-41
-320
-55
-166
-271
70
-490
99
-366
79
-456
21
-372
18
-542
53
-371
-147
-300
-192
-179
-352
12
-394
26
-287
-186
-155
-114
-409
128
-361
-72
-143
-180
-170
-186
-127
-148
-136
-225
-47
-323
-32
-301
-63
-79
-171
-279
7
-323
-218
55
-343
-59
-62
-324
-125
51
-347
200
-127
-172
74
-16
-230
148
-15
-180
130
-124
-94
47
18
-229
310
-382
52
-36
-85
-57
186
-103
18
31
-78
-25
-3
58
-193
225
-182
195
14
115
129
135
-36
333
-91
97
282
-149
318
54
-99
465
-176
343
225
64
257
200
-36
364
74
110
266
123
100
350
15
214
200
87
152
318
33
182
301
-13
197
183
38
217
72
221
-50
319
-160
419
-181
351
-22
111
237
-111
317
-114
252
-173
397
-265
357
48
-65
249
19
60
254
51
49
287
77
-82
486
-250
271
125
-39
254
-92
304
-205
418
-340
396
-218
253
-49
104
195
-233
409
-274
379
-287
544
-454
506
-151
82
61
129
-69
70
319
-189
393
-31
170
-13
320
-140
370
62
168
48
344
-173
290
19
124
63
271
-120
316
-3
41
196
21
99
25
300
-208
372
-233
349
-191
312
-199
301
-41
41
215
-98
355
-186
321
-117
281
-153
395
-228
387
-26
155
128
79
114
141
100
108
289
-9
414
-152
461
56
179
79
414
-81
391
139
20
176
173
-1
153
279
-154
430
-86
145
75
131
-25
284
-24
231
66
232
-8
274
74
138
250
186
133
236
159
145
354
-76
390
140
256
312
143
162
323
99
306
134
314
254
143
216
314
79
233
88
259
97
346
53
344
90
205
23
225
46
247
180
168
234
111
287
-42
498
173
188
422
34
301
289
-7
251
298
-107
357
68
80
443
-103
313
64
137
207
144
185
270
157
96
179
-11
302
-14
217
177
110
185
-65
282
-35
200
90
86
229
59
9
211
83
87
197
93
222
292
34
461
-245
529
-46
221
234
89
303
121
20
242
218
-99
520
-253
455
78
-100
415
-89
32
248
6
89
327
-181
381
94
119
150
228
131
214
224
180
148
326
96
266
231
255
356
96
533
14
308
289
31
371
453
-79
650
174
213
374
175
294
367
222
286
280
252
250
34
514
-41
382
402
68
323
294
-20
496
176
305
565
128
439
313
253
203
460
234
453
250
305
304
234
294
434
228
307
360
168
397
207
234
332
399
19
647
2
523
254
259
326
279
129
540
57
402
412
36
446
68
243
274
276
92
415
-14
288
143
337
-12
449
92
81
297
123
147
400
-7
280
234
60
161
293
78
245
234
160
245
36
270
9
290
123
40
160
16
27
75
83
-183
396
-400
240
-84
-63
238
-135
108
-16
79
-41
135
161
163
-67
233
-67
165
268
-104
333
73
-77
258
41
203
216
-61
201
82
16
61
42
71
151
-66
211
-132
126
18
-63
132
51
-62
138
-40
83
30
-29
47
76
-9
41
45
-151
219
-240
188
-85
20
-57
164
-156
115
79
-164
243
-160
166
-139
169
-191
129
-118
133
-205
316
-253
71
158
-207
87
95
-146
-68
200
-429
375
-252
-9
-101
-32
-263
88
-215
-1
-10
-142
-65
-194
-89
-59
-114
65
-75
-36
-11
-68
3
-129
207
-243
150
-77
-92
-52
58
-104
-29
101
-179
153
-408
95
-202
-51
57
-224
54
-158
-105
-104
30
-145
0
-111
-35
-155
-72
102
-218
50
-174
-164
-97
-46
-172
-66
31
-317
-39
-2
-398
-111
117
-459
233
-335
-254
-42
-111
-410
210
-383
150
-282
13
-194
-75
-109
-66
-173
-42
-246
-164
37
-458
76
-392
115
-459
179
-500
-1
-284
-91
-327
151
-289
-47
-33
-375
-49
-86
-259
138
-143
-221
105
-378
-16
-78
-217
-67
-44
-380
179
-457
73
-219
-294
-161
-36
-408
73
-227
-232
60
-333
-173
47
-302
-71
33
-392
14
-289
-106
-242
-109
-269
111
-490
240
-495
-90
37
-578
85
-45
-662
207
-316
-452
360
-539
-21
56
-474
-76
-196
-307
127
-370
2
-198
-217
-13
-278
-154
39
-396
-60
-35
-550
272
-415
-156
119
-461
-125
178
-500
173
-176
-312
-91
-157
-373
171
-284
-282
53
-361
-141
-305
88
-550
188
-456
52
-317
-181
-76
-206
-138
-278
-63
-467
77
-369
74
-98
-256
-167
132
-674
227
-311
-173
-186
-33
-725
319
-675
-126
-4
-552
50
-422
-155
-470
114
-663
365
-781
-33
-179
-506
-244
-178
-438
-190
-108
-713
176
-533
-341
-3
-278
-596
207
-861
133
-438
-343
-267
-306
-536
-173
-354
-353
-18
-619
-49
-467
-386
-339
-95
-438
-127
-289
-535
-23
-300
-440
-179
-27
-806
267
-495
-541
326
-761
-313
255
-887
30
-9
-517
-150
-147
-557
168
-447
-160
-248
-183
-316
-214
-139
-602
-294
-270
-298
-357
8
-717
-37
-638
-342
-298
-257
-416
-31
-581
-247
-375
-257
9
-412
3
-328
-414
-264
88
-700
266
-491
4
-128
-413
-85
76
-623
-354
14
-449
-225
-156
-626
-132
-334
-730
202
25
-641
76
-222
-351
162
-657
-94
336
-448
-224
-36
-474
-105
-458
-351
-163
-428
-581
-283
-295
-582
-415
-351
-412
-340
-417
-492
-231
-476
-462
-277
-500
-149
-210
-233
-100
-337
-177
-206
-443
-34
-306
-136
-219
-360
-342
-239
-317
-287
-439
-310
-478
-437
-229
-605
-283
-552
-489
-148
-337
-444
-106
-563
-234
-406
-493
-209
-409
-322
-235
-467
-330
-266
-483
-195
-274
-394
-222
-237
-598
-189
-362
-657
-124
-384
-590
-131
-452
-486
-250
-685
-179
-279
-437
-230
-411
-425
-234
-485
-210
-337
-439
-218
-342
-241
-275
-356
-391
-174
-364
-381
-333
-295
-464
-324
-500
-359
-283
-415
-476
-389
-476
-402
-408
-444
-283
-499
-610
-310
-397
-512
-393
-435
-368
-392
-546
-442
-148
-498
-550
-480
-435
-595
-543
-416
-449
-527
-526
-430
-512
-524
-674
-500
-490
-654
-575
-409
-419
-502
-643
-575
-538
-608
-658
-417
-354
-611
-528
-351
-522
-618
-481
-432
-300
-602
-634
-525
-508
-529
-624
-440
-526
-675
-586
-349
-406
-648
-602
-527
-430
-504
-603
-478
-375
-553
-577
-330
-444
-353
-468
-333
-267
-517
-555
-393
-377
-454
-417
-438
-286
-419
-553
-417
-417
-482
-402
-387
-288
-405
-546
-442
-484
-428
-419
-474
-452
-520
-562
-545
-447
-503
-536
-512
-498
-390
-537
-667
-535
-496
-570
-542
-516
-541
-464
-587
-526
-446
-654
-562
-437
-473
-471
-515
-665
-656
-562
-753
-525
-552
-539
-480
-597
-509
-502
-450
-499
-302
-349
-291
-297
-297
-293
-269
-353
-257
-245
-341
-333
-320
-302
-358
-459
-428
-500
-530
-490
-601
-533
-572
-541
-591
-442
-491
-570
-407
-324
-419
-418
-396
-327
-285
-300
-260
-299
-281
-418
-320
-272
-306
-444
-378
-441
-545
-600
-631
-666
-731
-837
-786
-690
-765
-828
-683
-734
-788
-634
-632
-545
-485
-478
-441
-295
-380
-230
-56
-171
-194
-130
-158
-129
37
-63
30
-80
-205
-170
-338
-378
-353
-363
-397
-517
-561
-570
-650
-664
-600
-646
-498
-573
-515
-452
-477
-443
-360
-330
-247
-180
-137
-27
-47
-170
-202
-148
-137
-96
-169
-196
-305
-287
-354
-455
-433
-496
-648
-611
-671
-717
-773
-918
-897
-921
-909
-791
-831
-673
-657
-886
-663
-632
-575
-484
-494
-367
-388
-505
-350
-401
-365
-446
-589
-412
-465
-280
-235
-392
-544
-654
-723
-524
-582
-414
-393
-467
-545
-521
-564
-575
-463
-396
-241
-264
-385
-401
-382
-548
-427
-391
-365
-273
-273
-379
-425
-505
-521
-493
-336
-352
-295
-368
-480
-402
-482
-436
-452
-338
-331
-202
-334
-292
-352
-396
-383
-311
-264
-264
-409
-319
-357
-466
-456
-547
-533
-557
-551
-657
-488
-670
-632
-613
-690
-689
-809
-738
-639
-665
-699
-846
-840
-932
-951
-870
-1018
-989
-1191
-1219
-1209
-1205
-1049
-937
-924
-837
-851
-594
-389
-279
-207
-220
-14
53
313
448
385
265
-7
-122
-107
-216
-204
-304
-584
-776
-1043
-1168
-1272
-1276
-1302
-1201
-1131
-1100
-1048
-1067
-1013
-886
-734
-410
-244
156
267
295
336
270
395
501
571
614
587
453
336
125
42
-224
-192
-369
-307
-400
-573
-707
-741
-641
-683
-604
-531
-483
-429
-306
-396
-223
-327
-197
-120
-14
-109
-267
-424
-495
-592
-729
-953
-1132
-1220
-1464
-1454
-1694
-1801
-1844
-1610
-1353
-1097
-929
-759
-591
-514
-290
126
361
340
302
429
582
484
263
225
223
28
-127
-225
-216
-444
-701
-1062
-1296
-1574
-1814
-1789
-1629
-1577
-1585
-1564
-1455
-1208
-978
-747
-397
-36
228
424
628
794
714
633
568
642
735
721
536
418
204
-71
-286
-477
-431
-409
-488
-570
-508
-665
-621
-658
-473
-295
-136
-4
121
133
106
52
108
268
237
159
14
-102
-376
-494
-799
-799
-988
-1134
-1283
-1516
-1617
-1782
-1965
-1914
-1979
-1956
-1916
-1702
-1253
-1150
-771
-443
10
373
335
418
649
708
753
667
836
747
384
-21
-257
-374
-561
-782
-840
-849
-974
-1311
-1652
-1949
-2172
-2162
-2021
-1613
-1405
-1307
-1343
-1212
-945
-629
-253
224
695
861
891
826
823
746
602
465
482
411
291
38
-162
-375
-615
-655
-630
-525
-551
-632
-639
-570
-522
-448
-248
-73
107
222
190
158
93
83
171
220
272
172
-90
-242
-571
-651
-799
-1161
-1156
-1280
-1290
-1383
-1730
-1938
-2018
-1972
-1847
-1841
-1753
-1783
-1708
-1421
-1197
-820
-565
-161
356
747
896
686
568
598
572
641
661
639
319
-209
-618
-901
-1118
-1241
-1215
-1142
-1100
-1254
-1532
-1916
-2093
-2140
-1964
-1575
-1266
-935
-869
-825
-660
-490
-115
280
779
1093
1171
1048
845
624
412
264
135
166
65
-149
-554
-752
-842
-860
-776
-614
-512
-359
-321
-312
-225
-159
-54
216
521
596
653
393
291
166
131
205
253
105
-75
-344
-606
-840
-1062
-1109
-1193
-1199
-1316
-1254
-1310
-1273
-1434
-1463
-1403
-1401
-1302
-1215
-1115
-1015
-874
-611
-395
-216
32
327
590
582
435
406
395
364
211
99
98
-269
-616
-823
-946
-999
-1014
-1050
-944
-929
-995
-1011
-1166
-1337
-1350
-1393
-1172
-828
-649
-524
-477
-396
-286
-141
130
591
861
929
702
630
445
242
48
-134
-96
-94
-164
-262
-339
-493
-556
-505
-234
-115
53
137
261
375
319
318
345
548
553
589
472
291
58
-164
-173
-122
-141
-329
-482
-693
-746
-785
-819
-808
-766
-690
-615
-647
-753
-806
-864
-868
-746
-878
-948
-1105
-1214
-1172
-974
-633
-416
-213
26
386
609
361
49
127
308
583
573
499
340
-176
-627
-772
-682
-603
-586
-631
-551
-546
-707
-1025
-1221
-1248
-1195
-1065
-757
-409
-391
-433
-462
-281
25
164
406
734
997
986
794
628
475
259
84
122
193
219
75
-28
-79
-39
-2
-40
55
157
253
369
386
456
416
392
577
608
572
429
188
145
18
125
21
6
-39
-210
-205
-362
-461
-475
-499
-342
-371
-278
-207
-308
-378
-647
-843
-968
-1051
-869
-839
-906
-1118
-1281
-1015
-659
-327
140
571
834
735
388
287
423
510
552
630
663
402
-31
-449
-632
-654
-637
-483
-321
-182
-347
-683
-1027
-1268
-1357
-1184
-904
-496
-334
-385
-461
-418
-231
-46
366
747
1083
1105
902
720
600
498
389
326
321
360
306
214
151
-3
-22
50
54
217
146
124
221
272
373
381
465
552
525
511
299
147
126
138
216
226
164
145
-135
-266
-353
-466
-373
-438
-303
-219
-373
-433
-657
-794
-739
-731
-432
-466
-655
-981
-1137
-1085
-907
-588
-280
-15
443
877
945
499
-49
38
457
834
946
914
703
188
-477
-675
-542
-393
-354
-315
-153
-165
-377
-679
-919
-974
-975
-828
-625
-343
-240
-426
-400
-287
-39
113
363
812
1060
1061
944
895
828
640
431
354
401
439
302
217
173
221
206
164
35
31
127
246
384
400
417
478
651
688
589
384
204
215
299
481
517
410
285
94
-18
-186
-366
-418
-327
-268
-358
-490
-466
-447
-370
-441
-549
-537
-575
-616
-742
-825
-925
-874
-656
-296
2
347
818
1111
814
254
211
552
854
841
849
841
468
-200
-700
-711
-574
-480
-392
-234
-154
-274
-506
-709
-719
-780
-736
-555
-263
29
-65
-126
-74
22
112
322
732
1045
1084
936
842
846
676
357
144
178
347
398
327
202
170
185
66
137
83
150
316
506
605
572
555
629
717
700
589
379
320
224
238
333
378
352
169
52
-148
-326
-438
-427
-296
-126
-186
-111
-319
-417
-540
-671
-526
-632
-525
-570
-583
-694
-1038
-1185
-945
-528
129
820
1403
1200
283
-300
-123
530
1000
1244
1417
1091
302
-515
-810
-720
-452
-177
157
363
195
-424
-1088
-1275
-1138
-798
-552
-242
-51
-264
-543
-639
-352
-75
173
533
846
1054
994
836
704
618
549
425
379
382
357
206
13
-23
-8
83
79
-48
-16
-50
110
79
179
336
565
831
816
631
363
257
235
409
540
577
397
152
83
11
-190
-423
-524
-381
-192
-148
-282
-493
-635
-696
-765
-736
-669
-619
-550
-660
-714
-944
-1103
-988
-859
-532
-225
276
1017
1235
908
334
129
552
882
1133
1292
1296
943
57
-513
-652
-569
-407
-362
-70
-78
-349
-758
-1035
-966
-1001
-973
-803
-500
-196
-157
-191
-138
-115
-12
214
642
1008
1117
1086
1148
1066
739
292
52
189
385
423
270
90
79
103
65
22
-4
67
164
305
402
469
617
664
759
716
523
384
248
390
517
518
416
282
236
198
-42
-277
-543
-491
-501
-467
-419
-483
-425
-667
-710
-898
-845
-826
-647
-602
-734
-815
-971
-819
-512
151
1173
1883
1604
639
-67
202
829
1333
1652
1508
1095
79
-628
-758
-649
-324
-290
-113
-243
-546
-914
-1224
-1068
-857
-620
-610
-591
-486
-403
-287
-168
-1
91
195
475
869
1084
1052
915
717
640
521
437
400
367
348
114
-95
-157
28
305
419
313
44
1
33
266
463
716
995
1035
922
547
356
284
360
464
505
420
252
-6
-64
-32
-104
-352
-594
-592
-482
-411
-432
-450
-474
-588
-788
-841
-808
-745
-811
-923
-920
-865
-777
-796
-761
-600
-317
193
838
1273
1112
565
309
428
754
988
1131
1183
777
85
-582
-799
-722
-635
-516
-456
-462
-636
-849
-960
-977
-1031
-1164
-1137
-898
-534
-280
-142
-104
-166
-217
-158
183
602
941
1092
1083
835
430
94
65
248
348
224
-18
-122
-8
136
133
-9
-204
-262
-139
110
365
458
364
346
317
290
268
237
297
439
351
299
103
42
131
105
1
-394
-766
-896
-888
-746
-641
-663
-754
-1033
-1075
-1170
-1143
-1056
-1047
-875
-892
-813
-601
-314
111
600
1227
1565
1164
540
391
808
1202
1235
1206
986
409
-359
-870
-768
-559
-470
-623
-777
-936
-1138
-1294
-1129
-722
-529
-584
-850
-820
-589
-299
-82
84
132
83
192
438
821
999
883
629
405
342
325
306
294
209
62
-134
-197
-18
230
326
165
-71
-183
-18
279
563
713
758
730
621
506
380
386
422
390
291
160
68
-87
-163
-206
-252
-421
-734
-879
-864
-843
-818
-997
-942
-885
-830
-930
-1117
-1212
-1238
-1187
-1091
-790
-595
-384
-381
-105
678
1572
1837
1225
515
349
553
812
1153
1509
1366
414
-720
-1223
-1048
-505
-275
-262
-435
-672
-922
-1238
-1136
-957
-724
-754
-767
-494
-258
-82
-307
-542
-596
-280
330
874
1107
926
576
213
62
241
472
649
585
410
143
-89
-203
-111
118
181
114
-5
7
186
355
350
273
266
425
554
640
667
534
194
-34
-139
69
208
147
-1
-234
-464
-748
-909
-939
-841
-804
-772
-887
-1018
-1120
-1166
-1166
-1163
-1056
-974
-871
-854
-771
-603
-275
127
447
818
1086
1176
841
524
549
766
943
853
730
483
94
-363
-671
-609
-439
-375
-501
-662
-790
-831
-898
-864
-756
-716
-811
-957
-857
-609
-260
-93
-116
-221
-295
-108
240
626
860
854
609
283
129
199
338
413
389
371
284
180
109
119
177
135
82
64
217
415
470
373
261
271
276
255
181
196
159
24
-167
-249
-225
-111
-81
-102
-219
-364
-606
-790
-859
-770
-715
-767
-800
-843
-957
-1261
-1515
-1565
-1381
-988
-553
-75
126
165
415
895
1283
1184
991
996
1063
1085
1110
1254
1201
717
18
-454
-523
-282
-28
-58
-370
-851
-1221
-1318
-1139
-902
-820
-913
-1051
-1054
-970
-695
-377
-157
-157
-181
65
447
755
876
945
898
722
471
413
588
777
660
351
168
232
390
429
318
174
30
-24
65
265
503
561
562
386
322
294
287
301
262
242
127
2
-47
-3
110
-23
-236
-392
-317
-193
-260
-378
-500
-657
-850
-977
-1012
-947
-1097
-1298
-1530
-1553
-1309
-973
-556
-205
359
1040
1539
1463
999
734
753
992
1344
1824
2088
1686
815
-20
-418
-312
36
231
150
-162
-566
-941
-1161
-1152
-1166
-1272
-1443
-1417
-1124
-720
-406
-403
-567
-662
-521
-102
434
922
1162
1123
917
733
649
670
723
750
746
718
745
726
749
675
393
24
-292
-241
-4
288
328
272
187
115
27
-43
72
167
220
118
75
95
216
272
215
96
-61
-149
-246
-184
-85
-55
-196
-515
-730
-939
-1128
-1313
-1400
-1401
-1413
-1473
-1478
-1270
-941
-516
-75
459
965
1197
1084
878
903
1065
1196
1292
1376
1393
1171
738
352
138
58
10
-58
-137
-238
-386
-601
-837
-1039
-1159
-1213
-1284
-1294
-1112
-867
-663
-579
-501
-318
-126
106
323
577
784
893
910
920
922
955
946
921
931
936
966
937
919
891
736
470
205
60
40
43
64
84
107
46
-80
-205
-265
-257
-208
-137
-78
-5
106
202
227
204
161
94
-27
-72
31
171
99
-130
-440
-678
-905
-1098
-1212
-1347
-1398
-1439
-1326
-1129
-927
-574
-94
435
720
671
521
469
557
748
1037
1392
1563
1370
944
570
438
493
587
615
497
305
26
-192
-332
-481
-694
-1046
-1308
-1380
-1205
-933
-717
-646
-741
-805
-739
-474
-163
96
367
544
638
612
612
786
965
1037
972
952
1064
1229
1340
1325
1165
877
547
298
255
336
433
349
167
2
-107
-174
-214
-233
-227
-266
-320
-305
-153
29
192
228
187
145
74
107
197
345
340
250
91
-90
-261
-438
-604
-817
-949
-998
-965
-851
-707
-512
-374
-186
-3
212
368
447
474
536
652
739
870
971
1050
973
800
692
702
798
848
892
857
799
637
371
107
-66
-94
-166
-262
-392
-477
-509
-501
-460
-451
-429
-428
-374
-243
-58
109
208
264
311
452
636
862
1070
1203
1296
1299
1275
1344
1444
1498
1364
1151
953
797
671
503
429
400
331
169
-7
-45
-35
-88
-208
-225
-145
-2
109
180
292
314
254
110
135
260
361
286
87
-21
-75
-119
-275
-467
-642
-749
-763
-694
-473
-197
35
139
179
205
239
260
272
415
572
718
833
927
972
874
721
585
624
746
875
890
768
617
437
261
68
-65
-234
-392
-512
-555
-508
-430
-416
-484
-517
-501
-449
-367
-208
1
141
185
160
212
402
673
905
968
952
933
1009
1129
1277
1359
1295
1092
836
697
668
665
619
519
430
310
172
82
24
-8
-47
-91
-132
-116
6
177
235
143
-5
-56
-53
-15
32
72
59
-37
-178
-344
-463
-540
-613
-705
-768
-779
-680
-521
-318
-124
62
214
279
265
242
276
421
601
826
1016
1096
1074
983
887
807
827
853
833
785
687
578
460
275
28
-236
-452
-565
-607
-597
-554
-504
-510
-578
-642
-601
-435
-226
-80
37
135
224
301
419
614
840
980
1003
1013
1087
1205
1256
1253
1190
1123
1038
895
759
672
642
575
446
317
237
220
154
69
-20
-71
-50
20
135
252
307
272
162
83
89
166
219
191
70
-60
-185
-279
-404
-549
-644
-798
-910
-1013
-963
-773
-504
-281
-183
-60
49
167
233
325
503
673
792
905
1092
1189
1191
1080
942
847
789
773
745
698
553
369
174
-12
-205
-465
-683
-810
-808
-734
-656
-602
-571
-593
-626
-562
-390
-164
32
186
285
330
410
539
711
890
1048
1100
1086
1075
1084
1138
1146
1142
1074
934
771
614
554
530
527
401
276
187
117
31
-62
-104
-134
-106
-80
4
129
155
113
-31
-115
-106
-48
-13
-29
-55
-141
-229
-405
-549
-702
-772
-830
-857
-758
-602
-368
-171
80
269
292
222
174
305
510
769
993
1177
1290
1255
1167
1038
987
934
882
810
736
633
460
238
-39
-329
-634
-861
-994
-994
-874
-735
-650
-663
-712
-706
-601
-401
-176
31
228
417
559
654
707
747
831
878
954
1029
1104
1161
1168
1109
966
790
663
537
464
453
497
525
461
295
105
-39
-119
-168
-207
-178
-90
-38
-56
-38
-3
4
-34
-104
-128
-93
-42
-37
-121
-235
-390
-569
-776
-948
-1019
-1043
-982
-872
-689
-467
-263
-58
74
168
200
273
433
647
914
1163
1346
1333
1271
1194
1127
1085
1035
1027
913
744
534
352
152
-90
-401
-727
-935
-1028
-968
-870
-737
-595
-559
-573
-549
-373
-102
165
336
468
610
733
857
926
951
935
901
877
895
997
1089
1145
1071
861
654
511
481
488
531
552
554
517
425
327
202
103
21
-20
-30
51
162
240
261
215
128
-13
-134
-169
-155
-85
-39
-111
-282
-490
-713
-900
-1015
-983
-849
-670
-444
-187
149
444
569
468
317
363
578
858
1172
1473
1617
1502
1250
1062
1001
1044
1064
1015
906
761
601
449
249
-35
-411
-786
-1011
-1041
-882
-638
-447
-452
-555
-596
-428
-97
305
581
742
851
900
949
994
1122
1202
1150
1017
906
902
976
1029
946
736
502
286
224
261
397
499
480
418
287
233
208
195
156
112
86
102
174
261
331
279
98
-130
-304
-300
-240
-91
-54
-156
-376
-645
-872
-1094
-1170
-1141
-978
-835
-676
-402
-16
349
442
335
216
298
526
845
1200
1490
1551
1304
1016
797
777
843
922
865
610
424
295
241
46
-240
-575
-863
-1021
-1035
-842
-620
-426
-495
-655
-686
-455
-27
364
702
947
1111
1162
1119
1118
1137
1172
1065
931
902
976
1058
958
688
246
-78
-222
-171
11
204
350
316
200
78
-13
5
72
180
300
409
510
615
615
541
377
171
32
-51
5
-20
-84
-194
-404
-619
-873
-1074
-1213
-1314
-1269
-1081
-636
31
586
687
323
-70
-134
132
681
1368
1924
2040
1654
1169
856
831
977
1087
1060
841
630
464
336
101
-286
-763
-1125
-1188
-970
-556
-253
-223
-512
-893
-976
-654
-67
464
840
1086
1242
1304
1295
1320
1321
1318
1257
1269
1393
1548
1582
1307
744
81
-342
-439
-277
-22
157
195
44
-136
-270
-224
-104
-39
-19
31
238
492
720
781
678
442
200
14
13
145
298
264
4
-331
-624
-795
-939
-1106
-1198
-1161
-1017
-793
-639
-413
-124
207
350
273
202
352
727
1130
1403
1555
1539
1298
958
721
758
928
1041
920
554
184
-112
-317
-539
-780
-915
-953
-899
-801
-629
-433
-332
-396
-502
-391
24
595
1028
1275
1393
1449
1403
1272
1197
1247
1391
1456
1427
1295
1158
969
676
345
26
-151
-166
-80
42
66
28
-58
-145
-208
-224
-147
-38
55
126
217
292
358
359
314
197
105
-25
-78
-147
-171
-283
-497
-795
-1057
-1169
-1182
-1019
-842
-601
-344
23
440
667
580
383
388
647
1011
1375
1635
1597
1208
692
322
284
438
622
609
346
-54
-453
-679
-859
-1022
-1258
-1446
-1460
-1315
-1004
-714
-507
-568
-766
-784
-361
377
1041
1416
1523
1536
1471
1366
1275
1264
1321
1324
1266
1186
1103
972
641
168
-331
-571
-528
-289
-55
-18
-72
-267
-382
-452
-371
-179
-10
79
67
107
152
132
18
-107
-204
-235
-256
-269
-344
-481
-724
-997
-1270
-1439
-1536
-1531
-1485
-1375
-1188
-1004
-795
-529
-18
538
780
666
547
699
959
1217
1492
1636
1415
851
285
31
112
311
399
121
-350
-766
-969
-1098
-1381
-1689
-1916
-1867
-1627
-1317
-1010
-855
-877
-1087
-1140
-735
126
933
1292
1291
1218
1258
1291
1267
1247
1304
1377
1348
1258
1120
978
712
288
-145
-380
-290
-14
216
222
36
-126
-233
-263
-185
-43
154
290
289
185
54
-40
-236
-432
-508
-443
-362
-436
-628
-936
-1193
-1389
-1523
-1601
-1613
-1550
-1406
-1181
-817
-490
-257
50
443
776
799
771
972
1316
1567
1604
1553
1371
959
503
165
49
63
61
-46
-317
-623
-853
-1018
-1214
-1499
-1678
-1594
-1278
-907
-650
-533
-611
-759
-801
-536
94
770
1137
1084
905
822
844
857
880
946
1046
1088
1055
962
781
520
259
24
-14
100
379
552
557
422
243
242
302
467
541
599
564
425
222
53
-74
-191
-352
-500
-626
-764
-921
-1169
-1401
-1576
-1638
-1682
-1689
-1756
-1827
-1751
-1426
-975
-643
-413
8
633
1123
1122
882
902
1185
1429
1575
1679
1608
1132
406
-129
-266
-74
90
33
-386
-812
-968
-924
-894
-1110
-1272
-1307
-1124
-873
-581
-345
-335
-595
-945
-895
-290
522
907
742
412
234
262
258
299
422
638
733
667
600
529
491
326
133
50
221
598
913
997
817
614
534
590
711
869
1040
1095
938
644
349
129
-100
-289
-443
-478
-505
-605
-831
-1136
-1437
-1669
-1792
-1830
-1771
-1634
-1466
-1301
-1104
-766
-444
-76
364
844
1083
956
852
995
1325
1532
1521
1336
908
318
-100
-140
31
141
55
-190
-515
-646
-604
-540
-717
-998
-1077
-868
-365
61
222
60
-360
-708
-704
-200
509
938
813
356
-6
-78
-28
-45
-35
60
218
293
309
201
55
-145
-281
-158
138
505
685
737
573
481
499
672
872
982
1128
1080
954
665
332
74
-41
-75
-101
-170
-306
-607
-965
-1270
-1391
-1411
-1398
-1501
-1617
-1691
-1711
-1609
-1367
-934
-568
-221
139
587
879
744
453
446
829
1218
1447
1444
1095
420
-280
-542
-402
-120
42
-1
-167
-339
-380
-416
-500
-700
-777
-587
-104
379
565
477
110
-243
-381
-67
549
1107
1198
751
249
2
21
57
87
243
404
506
409
189
-29
-220
-257
-144
129
477
731
841
775
599
568
657
884
1129
1280
1386
1340
1164
845
569
428
404
416
394
227
13
-275
-535
-703
-815
-826
-970
-1091
-1220
-1303
-1231
-1106
-747
-394
-27
372
736
1021
918
527
336
553
1067
1445
1491
1233
606
-115
-550
-585
-283
-101
17
-98
-269
-260
-231
-175
-468
-773
-809
-420
216
662
758
437
-12
-325
-226
287
944
1319
1187
748
362
287
263
277
298
437
602
584
434
106
-172
-416
-408
-237
38
247
314
287
208
153
229
395
577
702
766
818
752
658
444
266
162
208
259
203
-13
-292
-497
-627
-681
-785
-847
-1004
-1151
-1256
-1341
-1216
-942
-528
-243
-39
337
866
1098
710
189
156
640
999
1111
920
534
-129
-843
-1084
-925
-513
-289
-294
-427
-515
-434
-426
-615
-928
-961
-602
-32
339
373
206
-157
-444
-548
-183
530
1108
1133
593
167
51
198
223
253
439
655
731
480
188
-31
-123
-189
-228
-106
85
309
376
278
77
-65
-20
183
425
609
706
620
396
124
38
187
315
317
108
-127
-278
-396
-437
-479
-568
-650
-864
-960
-996
-941
-868
-915
-741
-452
-35
328
689
1115
1293
905
386
233
674
1136
1186
963
437
-213
-820
-1097
-918
-648
-433
-373
-358
-341
-365
-378
-527
-779
-855
-508
113
551
524
180
-237
-476
-463
-177
405
871
930
520
116
85
260
467
535
636
740
717
555
260
40
-88
-34
106
234
315
247
174
5
-78
-101
77
340
502
577
473
255
-5
-184
-162
-13
146
187
-8
-247
-476
-599
-774
-814
-894
-792
-910
-938
-1017
-1123
-1120
-1064
-726
-297
122
457
844
1141
1195
664
259
306
741
1111
1005
723
119
-616
-1121
-1276
-996
-771
-603
-536
-642
-720
-698
-536
-565
-880
-971
-649
-133
246
169
-131
-483
-689
-597
-250
371
780
754
352
-57
-111
89
347
559
694
787
668
478
209
37
22
100
195
161
171
224
271
181
-30
-107
52
346
558
637
480
221
-38
-173
-133
57
222
173
-157
-512
-746
-803
-782
-738
-747
-792
-901
-1034
-1145
-1195
-1181
-1042
-699
-263
112
353
627
977
1059
700
324
316
775
1116
1027
619
66
-504
-964
-1050
-798
-442
-234
-193
-288
-507
-684
-677
-645
-700
-673
-444
-103
-17
-258
-617
-841
-790
-593
-298
101
407
393
64
-226
-195
119
474
667
717
608
465
176
-73
-132
24
257
259
85
-133
-224
-126
-56
-32
11
138
352
408
364
98
-174
-276
-256
-135
-62
-71
-271
-666
-991
-1063
-1025
-878
-1065
-1111
-1219
-1222
-1263
-1407
-1396
-1436
-1238
-892
-472
-121
33
138
385
566
565
206
60
327
574
528
55
-343
-695
-1090
-1244
-1168
-814
-630
-558
-546
-650
-761
-857
-831
-859
-821
-678
-391
-309
-449
-762
-1000
-1029
-934
-679
-413
-75
15
-133
-410
-514
-269
31
254
312
290
247
68
-127
-218
-152
38
77
52
-76
-150
-160
-153
-115
-79
53
208
394
422
197
-184
-474
-459
-270
-51
-67
-266
-704
-1012
-1170
-1126
-986
-971
-923
-1061
-1188
-1377
-1436
-1399
-1362
-1259
-1024
-611
-240
-184
-288
-120
327
769
565
150
46
222
299
-52
-273
-362
-598
-952
-1147
-899
-612
-484
-402
-379
-420
-481
-433
-358
-462
-627
-585
-423
-316
-487
-680
-806
-871
-946
-914
-515
11
258
34
-279
-318
-138
12
125
245
379
355
130
-93
-238
-249
-166
-94
7
77
94
73
-26
-57
-92
94
392
593
567
206
-168
-397
-371
-219
-179
-221
-427
-632
-832
-893
-908
-916
-859
-822
-781
-872
-870
-983
-1021
-1086
-1024
-766
-444
-235
-196
-254
-77
379
772
788
320
-14
47
147
144
1
-37
-248
-625
-776
-633
-364
-298
-276
-263
-192
-91
28
12
-281
-534
-613
-377
-203
-177
-304
-473
-678
-842
-743
-306
293
599
521
245
120
194
275
247
240
377
529
481
211
-94
-249
-253
-118
13
152
210
240
174
76
77
199
465
617
577
347
67
-81
-174
-237
-306
-329
-379
-442
-548
-635
-772
-861
-810
-694
-522
-544
-652
-873
-1029
-970
-872
-767
-773
-716
-536
-497
-463
-320
239
719
562
-37
-405
-222
67
33
-76
-104
-213
-463
-699
-672
-604
-571
-437
-266
-241
-330
-279
-240
-424
-822
-932
-738
-486
-364
-435
-518
-656
-750
-662
-325
201
529
524
330
100
-12
-117
-221
-163
36
241
124
-202
-543
-685
-585
-340
-152
-69
-71
95
143
43
-120
-204
104
348
471
306
-99
-353
-553
-596
-528
-458
-374
-468
-607
-760
-924
-975
-900
-748
-626
-654
-741
-762
-875
-1036
-1271
-1311
-1081
-744
-531
-481
-562
-474
-55
315
269
-201
-355
-59
209
145
-80
-100
-244
-543
-767
-730
-548
-480
-402
-390
-508
-688
-744
-676
-725
-815
-825
-649
-503
-491
-545
-595
-514
-384
-174
161
535
743
639
337
173
160
215
181
118
130
68
-105
-385
-543
-498
-259
-102
-81
-175
-178
-10
94
129
67
187
441
651
534
204
-137
-208
-174
-135
-173
-204
-278
-350
-523
-678
-783
-805
-667
-559
-466
-542
-641
-811
-873
-1023
-978
-1013
-909
-828
-715
-537
-474
-347
-161
219
530
424
119
69
277
380
161
12
32
-126
-472
-720
-621
-557
-690
-752
-729
-598
-597
-641
-704
-887
-872
-773
-528
-345
-198
-128
-178
-220
-184
-23
281
603
792
692
414
288
207
86
-53
-69
85
107
-44
-258
-419
-401
-414
-369
-286
-74
127
191
196
116
152
218
348
400
358
202
80
-74
-184
-290
-280
-260
-309
-479
-658
-713
-672
-500
-480
-500
-556
-570
-565
-641
-782
-850
-898
-840
-906
-883
-902
-703
-559
-499
-431
-193
315
662
473
44
-171
53
275
236
169
79
-179
-626
-827
-668
-633
-759
-878
-712
-509
-524
-561
-729
-818
-789
-556
-232
-114
-23
-1
-76
-164
-165
67
393
694
777
513
220
14
-36
-33
53
291
302
128
-82
-197
-225
-328
-206
30
324
469
393
285
210
268
260
301
396
587
608
389
54
-206
-318
-315
-316
-275
-248
-245
-345
-485
-620
-700
-653
-503
-285
-235
-333
-595
-822
-910
-842
-811
-848
-860
-762
-539
-441
-377
-355
-160
241
626
637
327
114
293
461
381
155
86
28
-219
-496
-605
-671
-812
-849
-647
-389
-324
-336
-395
-557
-624
-472
-145
94
243
318
247
53
-58
75
341
599
708
629
390
235
295
298
172
98
198
317
377
375
313
205
177
288
454
617
725
809
787
651
469
431
523
649
639
474
200
5
-48
-75
-87
-79
-69
-152
-151
-160
-219
-372
-408
-244
-40
-34
-116
-193
-269
-459
-660
-620
-534
-428
-548
-564
-488
-294
-130
17
131
332
497
613
518
467
563
589
456
195
120
75
-34
-196
-269
-186
-163
-244
-266
-121
38
63
44
86
79
37
-15
77
155
238
198
200
267
314
362
451
575
613
596
530
492
532
642
699
666
621
622
639
641
603
566
606
695
778
778
698
558
470
398
345
336
394
455
428
357
202
39
-51
1
62
71
25
20
3
-48
-185
-209
-200
-141
-103
-37
-37
-168
-390
-587
-611
-563
-534
-609
-674
-656
-520
-416
-392
-398
-264
-30
186
279
235
142
12
-14
15
47
8
-43
-97
-135
-196
-190
-148
-132
-126
-97
-35
-83
-170
-322
-408
-460
-431
-318
-192
-150
-244
-336
-376
-266
-101
65
214
312
380
406
377
336
283
314
402
474
490
478
465
418
363
308
293
293
285
294
319
327
250
169
141
134
126
74
30
-20
-56
-77
-48
-60
-112
-175
-197
-115
-39
-18
-102
-150
-137
-144
-176
-228
-285
-380
-472
-529
-605
-668
-742
-782
-772
-788
-781
-734
-610
-529
-555
-617
-622
-563
-538
-489
-468
-422
-371
-327
-237
-196
-191
-217
-170
-42
85
114
130
145
149
89
27
25
27
22
-46
-62
-36
-37
-84
-127
-108
-117
-169
-190
-125
-66
-92
-179
-202
-131
-35
50
96
133
143
162
191
225
285
321
343
359
333
288
193
133
44
18
-4
-52
-121
-172
-178
-214
-231
-268
-181
-70
-40
-80
-128
-78
-46
-42
-95
-120
-153
-221
-341
-432
-465
-500
-574
-653
-652
-575
-525
-529
-594
-672
-704
-735
-703
-739
-770
-781
-749
-767
-858
-920
-920
-824
-750
-692
-638
-567
-471
-388
-323
-237
-133
-35
7
56
111
120
130
161
187
157
145
131
74
-36
-128
-121
-149
-266
-400
-392
-285
-245
-281
-321
-247
-119
-2
76
103
121
130
171
265
362
396
336
256
193
153
157
146
90
29
-25
-9
36
19
-55
-88
-48
38
44
12
-43
-36
-64
-143
-223
-260
-241
-260
-336
-411
-463
-494
-530
-483
-385
-324
-342
-407
-382
-383
-374
-473
-574
-684
-781
-896
-1009
-1103
-1220
-1253
-1308
-1297
-1241
-1114
-1021
-994
-965
-918
-769
-588
-396
-288
-207
-158
-89
-34
-7
7
-7
39
49
45
-13
-45
-79
-201
-314
-377
-346
-308
-302
-311
-338
-387
-439
-426
-329
-197
-114
-114
-132
-114
-53
8
-8
-57
-73
-68
-31
32
50
-3
-60
-73
-58
2
65
124
190
163
69
-18
-16
38
68
55
-32
-127
-160
-165
-220
-331
-443
-443
-387
-322
-301
-314
-291
-285
-265
-254
-271
-308
-374
-404
-452
-541
-651
-776
-873
-989
-1067
-1146
-1229
-1266
-1278
-1234
-1224
-1199
-1182
-1101
-973
-870
-790
-758
-714
-685
-632
-568
-503
-475
-455
-425
-376
-374
-370
-331
-284
-230
-174
-88
-50
-19
23
59
17
-71
-107
-91
-88
-133
-183
-278
-404
-452
-435
-422
-436
-397
-354
-339
-317
-287
-248
-236
-167
-70
42
112
125
104
73
44
46
67
58
85
137
103
7
-89
-128
-137
-133
-134
-133
-95
-91
-109
-150
-185
-223
-259
-285
-300
-277
-281
-350
-469
-556
-579
-556
-581
-634
-650
-631
-619
-659
-710
-716
-674
-678
-701
-741
-793
-840
-897
-949
-1026
-1095
-1170
-1220
-1298
-1347
-1301
-1241
-1201
-1253
-1252
-1180
-1051
-940
-820
-691
-583
-517
-454
-346
-263
-215
-196
-145
-109
-111
-120
-140
-205
-290
-360
-413
-480
-518
-567
-618
-677
-737
-748
-766
-731
-667
-612
-576
-582
-570
-523
-461
-410
-376
-310
-226
-172
-191
-182
-143
-78
-18
46
98
121
109
61
13
-19
-60
-115
-178
-224
-267
-335
-434
-541
-623
-661
-668
-683
-667
-631
-592
-596
-607
-606
-549
-470
-413
-409
-423
-418
-438
-483
-558
-631
-689
-783
-853
-947
-1054
-1192
-1322
-1432
-1515
-1545
-1582
-1574
-1602
-1592
-1597
-1576
-1545
-1502
-1417
-1367
-1281
-1266
-1222
-1186
-1113
-1059
-1058
-1041
-992
-901
-825
-742
-696
-679
-657
-620
-596
-564
-534
-497
-493
-554
-591
-574
-566
-621
-695
-721
-723
-744
-779
-771
-726
-681
-660
-629
-558
-465
-370
-320
-290
-249
-181
-117
-110
-132
-142
-152
-188
-226
-253
-275
-300
-372
-467
-531
-545
-529
-517
-513
-504
-460
-411
-394
-381
-360
-342
-327
-323
-346
-363
-391
-443
-497
-539
-566
-613
-667
-719
-750
-789
-793
-827
-865
-876
-903
-924
-989
-1040
-1089
-1119
-1178
-1249
-1328
-1420
-1501
-1576
-1588
-1653
-1691
-1754
-1783
-1773
-1713
-1662
-1600
-1525
-1479
-1397
-1337
-1244
-1134
-997
-901
-812
-746
-671
-590
-540
-491
-455
-416
-393
-361
-323
-321
-364
-406
-462
-466
-472
-447
-402
-420
-468
-524
-538
-547
-559
-579
-556
-497
-439
-389
-376
-394
-410
-377
-313
-231
-171
-124
-64
-19
35
25
-12
-14
17
30
-11
-80
-114
-143
-207
-273
-326
-379
-424
-453
-445
-462
-498
-527
-531
-470
-411
-401
-431
-438
-433
-411
-399
-416
-434
-473
-509
-580
-672
-767
-857
-919
-987
-1051
-1123
-1180
-1250
-1329
-1408
-1492
-1534
-1503
-1468
-1459
-1469
-1479
-1516
-1556
-1547
-1497
-1406
-1371
-1317
-1272
-1224
-1207
-1165
-1098
-997
-885
-815
-728
-658
-571
-532
-499
-478
-452
-415
-349
-300
-317
-334
-323
-293
-323
-346
-353
-329
-316
-350
-336
-289
-244
-228
-216
-210
-173
-142
-102
-51
2
23
37
31
40
59
53
34
-1
23
55
66
66
43
29
2
-22
-30
-45
-45
-53
-71
-110
-160
-220
-268
-300
-317
-300
-299
-318
-384
-449
-526
-578
-607
-634
-645
-651
-701
-752
-790
-812
-821
-851
-876
-911
-924
-918
-906
-903
-927
-961
-1027
-1079
-1106
-1126
-1137
-1198
-1261
-1303
-1303
-1313
-1304
-1323
-1354
-1380
-1404
-1391
-1408
-1385
-1393
-1368
-1329
-1301
-1256
-1190
-1097
-1044
-962
-893
-809
-714
-618
-503
-432
-341
-266
-164
-63
8
0
-1
28
52
82
86
104
116
113
79
49
46
37
11
5
7
21
19
1
-3
-4
-6
-19
-59
-72
-83
-74
-72
-58
-37
-22
-18
-44
-81
-132
-160
-191
-217
-238
-244
-268
-321
-394
-433
-451
-460
-480
-491
-482
-493
-523
-564
-592
-603
-598
-609
-599
-599
-601
-635
-687
-740
-762
-761
-763
-777
-790
-800
-825
-867
-928
-970
-997
-998
-994
-1011
-1067
-1124
-1165
-1188
-1217
-1239
-1240
-1250
-1263
-1293
-1290
-1307
-1310
-1304
-1262
-1198
-1144
-1101
-1059
-970
-897
-820
-760
-670
-554
-432
-338
-306
-260
-198
-91
-21
31
64
73
78
84
109
126
137
154
151
136
118
100
73
29
-16
-66
-88
-83
-95
-116
-149
-203
-243
-261
-233
-224
-229
-253
-283
-287
-264
-228
-208
-207
-221
-237
-260
-268
-263
-276
-306
-325
-334
-362
-374
-382
-395
-425
-484
-510
-541
-558
-587
-584
-574
-591
-635
-663
-650
-638
-645
-667
-674
-684
-687
-699
-705
-725
-737
-747
-746
-735
-734
-745
-727
-727
-740
-729
-735
-735
-726
-689
-672
-670
-674
-698
-702
-690
-680
-678
-668
-661
-662
-640
-667
-690
-687
-678
-642
-600
-524
-527
-500
-491
-471
-421
-392
-351
-309
-229
-214
-196
-202
-188
-148
-100
-33
7
64
113
158
192
176
151
127
138
145
144
139
109
70
38
13
-26
-65
-98
-125
-144
-147
-148
-165
-207
-242
-244
-238
-246
-245
-235
-240
-233
-245
-259
-280
-283
-300
-328
-336
-346
-358
-381
-405
-419
-430
-469
-510
-541
-545
-515
-501
-495
-484
-495
-534
-554
-560
-532
-485
-445
-419
-438
-427
-409
-399
-408
-409
-386
-351
-345
-329
-316
-317
-346
-388
-414
-427
-426
-444
-449
-448
-446
-456
-492
-512
-514
-497
-506
-495
-499
-507
-522
-540
-530
-531
-532
-548
-538
-533
-519
-503
-468
-422
-415
-409
-402
-377
-329
-274
-230
-197
-173
-180
-150
-109
-91
-46
-10
28
41
73
102
143
145
129
130
135
169
192
196
179
142
97
62
35
8
-14
-20
-25
-26
-54
-78
-118
-164
-195
-225
-252
-276
-261
-252
-264
-292
-326
-341
-330
-303
-269
-259
-261
-255
-235
-197
-184
-177
-171
-141
-136
-162
-162
-150
-141
-143
-139
-120
-92
-61
-48
-38
-22
-6
6
-1
4
-10
-17
-38
-50
-63
-91
-86
-122
-156
-192
-201
-222
-258
-279
-299
-295
-309
-316
-348
-361
-377
-411
-444
-482
-478
-462
-435
-458
-478
-485
-492
-494
-517
-503
-513
-536
-529
-506
-447
-429
-435
-423
-418
-400
-390
-333
-288
-234
-218
-208
-191
-174
-146
-117
-68
-66
-59
-49
-8
19
27
57
62
98
111
122
110
130
131
105
102
85
67
15
-22
-58
-55
-62
-74
-83
-74
-72
-83
-89
-81
-73
-48
-24
-13
14
7
2
-4
2
14
38
49
56
60
36
22
2
-7
-19
-26
6
41
52
39
27
23
30
36
48
65
75
104
128
139
117
105
120
129
155
142
126
126
128
103
90
85
74
46
-3
-14
-61
-94
-131
-161
-193
-222
-244
-300
-315
-353
-395
-429
-453
-471
-476
-474
-496
-491
-490
-496
-492
-477
-465
-442
-402
-380
-363
-347
-328
-297
-235
-178
-134
-90
-60
-39
-14
12
33
58
96
117
141
152
156
163
202
249
247
253
256
273
302
340
341
334
316
277
265
289
297
266
236
200
186
175
165
158
168
165
139
110
91
88
97
113
108
103
79
44
57
80
93
112
107
107
118
156
183
210
239
252
263
269
268
247
245
262
260
249
233
209
198
200
199
175
133
95
58
37
36
35
27
6
-34
-63
-67
-89
-113
-147
-164
-153
-149
-158
-160
-187
-222
-237
-251
-250
-264
-270
-281
-293
-301
-291
-278
-277
-270
-288
-285
-271
-258
-252
-229
-216
-209
-156
-110
-59
-39
-42
-52
-31
4
33
56
92
136
152
178
192
207
208
208
228
279
333
365
380
397
411
435
451
457
486
502
497
492
494
495
510
514
515
514
530
533
522
506
486
484
489
498
476
459
443
439
447
428
416
395
381
339
314
306
279
275
283
277
259
240
226
227
226
217
209
218
233
239
232
220
189
164
160
144
109
94
82
73
58
35
26
1
-29
-39
-45
-58
-69
-89
-112
-134
-153
-168
-174
-189
-195
-206
-202
-210
-224
-220
-208
-190
-203
-214
-225
-210
-197
-197
-194
-181
-177
-155
-131
-132
-125
-117
-89
-77
-59
-40
-35
-15
-7
-5
5
12
17
36
90
121
174
221
247
286
293
312
326
348
370
401
432
430
423
433
435
425
427
431
433
453
482
493
477
450
421
427
456
462
454
420
378
359
355
330
308
294
278
270
248
229
191
170
154
136
124
94
77
70
67
56
40
40
42
22
-2
-17
-24
-18
-6
-4
6
7
-1
-10
-12
-17
-17
-25
-5
24
44
57
52
53
20
9
2
15
50
62
53
48
27
-5
-17
-17
-30
-39
-34
-27
-1
9
-3
-12
-10
7
25
52
57
70
63
58
70
67
65
47
52
55
61
66
75
96
138
152
141
142
140
169
194
210
213
218
227
244
256
258
247
240
229
238
250
269
288
275
281
296
294
283
281
293
320
321
300
292
277
266
244
248
254
249
244
217
210
198
192
180
184
180
184
182
155
135
117
93
75
63
54
40
34
48
54
43
41
15
5
9
19
53
68
92
104
107
110
122
128
157
170
170
187
165
163
166
165
158
154
147
130
119
99
93
99
91
64
40
40
65
106
126
127
123
123
144
161
174
184
206
210
208
212
222
236
242
243
249
251
254
264
280
288
283
278
255
235
232
252
253
239
258
293
313
302
272
225
210
208
203
220
216
193
169
175
159
164
185
183
172
190
220
243
276
287
288
271
280
292
327
347
356
381
387
404
408
395
404
422
446
469
464
454
446
432
437
424
391
391
403
413
425
417
379
361
351
359
373
354
328
319
323
328
320
308
290
274
260
272
267
283
299
309
329
336
342
337
334
332
358
374
371
374
386
389
388
398
394
403
420
419
408
398
412
424
437
437
400
367
337
333
321
309
286
258
247
224
204
184
165
162
165
163
160
161
157
137
124
119
122
125
132
139
125
109
97
78
82
101
101
115
139
156
174
175
167
168
173
182
196
228
258
274
285
287
310
318
308
297
291
295
306
337
355
361
357
334
329
342
349
365
384
400
432
453
461
470
470
464
473
481
501
521
532
535
516
491
466
475
504
522
498
491
476
465
455
447
437
412
404
411
404
386
365
329
301
279
246
250
302
306
264
249
237
251
259
250
285
339
349
326
297
284
292
294
277
262
259
236
214
206
193
180
179
183
203
202
185
152
118
93
102
145
172
162
131
114
92
85
91
98
123
145
149
125
108
112
132
143
149
145
143
161
162
174
162
149
159
165
197
226
242
249
246
258
279
313
333
362
400
440
468
484
493
493
501
537
558
565
563
560
559
559
568
569
569
544
542
547
551
557
566
575
559
564
557
562
571
581
562
538
533
526
540
543
538
520
522
505
489
468
429
394
370
358
346
335
338
318
292
270
260
268
275
273
267
278
269
259
247
246
229
219
215
192
185
177
193
199
193
184
165
140
117
116
121
137
151
149
154
126
104
104
94
85
83
72
76
86
84
78
76
75
92
104
109
126
125
160
166
175
174
187
204
201
232
235
260
259
258
258
253
256
261
291
304
331
341
357
366
371
359
348
354
354
371
387
398
400
426
428
432
429
432
443
440
454
462
478
473
464
455
427
418
409
429
441
428
434
421
406
384
368
350
343
329
310
301
293
291
285
278
237
219
210
216
235
237
226
211
195
175
143
131
130
122
116
104
100
103
101
91
84
76
71
71
79
75
83
90
80
92
111
118
129
145
139
134
149
180
207
227
226
234
254
266
266
261
256
262
282
296
315
314
307
288
282
285
280
274
279
281
289
287
278
281
289
285
293
293
298
296
318
344
348
359
361
372
395
423
430
450
478
489
506
522
524
532
542
565
582
599
608
619
637
629
604
591
601
605
609
619
622
608
605
598
587
565
550
555
556
541
535
535
533
525
507
467
465
475
477
472
455
439
437
435
444
440
435
436
444
464
469
450
425
420
415
413
409
392
397
421
449
462
452
424
410
414
437
483
498
485
462
443
441
459
480
493
487
472
471
479
500
526
529
509
499
487
479
484
467
453
453
445
418
404
400
413
413
419
418
415
411
423
445
460
472
490
523
538
529
529
525
512
531
553
567
556
551
556
569
600
600
573
543
523
530
551
590
604
604
599
579
561
547
543
549
556
538
534
521
515
512
506
506
503
494
480
473
483
477
456
432
429
410
415
423
399
388
383
377
363
377
380
374
366
354
372
380
368
354
347
336
319
318
309
300
296
298
305
289
281
270
257
251
258
263
260
276
284
300
292
283
275
269
277
286
314
324
317
315
321
316
313
299
288
290
296
322
344
361
364
363
364
354
362
369
352
351
360
365
375
377
374
371
372
377
373
371
358
358
356
365
380
374
375
369
374
379
371
375
381
396
396
388
389
387
392
398
413
420
415
410
412
419
418
417
421
412
418
440
451
458
456
451
446
444
460
462
461
470
482
505
507
487
469
463
450
439
435
443
457
440
428
406
393
392
386
396
404
404
403
389
369
354
361
359
369
364
374
378
382
388
374
368
357
361
371
382
385
371
365
360
377
374
359
343
332
326
332
331
327
329
333
329
314
310
301
303
314
312
310
301
292
284
275
257
256
282
298
309
318
299
287
277
288
300
312
343
356
376
378
372
377
389
396
403
418
437
460
468
471
452
447
451
458
468
473
473
477
460
429
439
453
460
460
453
461
464
475
472
463
453
436
427
426
441
444
439
435
447
445
452
445
430
441
447
447
418
415
412
405
411
423
396
374
365
361
349
321
311
294
301
307
316
278
239
214
196
211
223
222
209
196
174
172
172
178
184
178
176
160
163
173
171
172
165
150
140
122
121
128
132
127
129
110
111
112
101
114
108
104
109
135
142
145
165
185
181
191
214
209
212
230
251
257
250
237
233
257
281
292
299
296
290
295
315
319
328
329
343
369
402
419
429
425
409
433
445
470
496
503
487
484
487
476
488
492
493
480
482
488
496
511
508
499
497
501
492
488
500
518
515
524
531
533
531
517
512
520
520
521
522
513
488
481
481
477
445
416
403
393
404
393
390
399
401
406
397
401
396
390
389
380
362
366
369
367
373
372
368
360
354
339
349
347
352
370
387
407
419
422
423
424
420
422
419
422
428
428
424
416
433
450
450
467
468
456
457
456
471
487
492
500
502
515
497
502
503
509
516
527
543
551
563
560
571
571
574
577
584
599
592
576
574
578
568
561
553
546
545
536
543
558
571
580
597
596
593
595
600
611
613
613
618
633
627
599
587
578
573
585
580
555
525
523
513
498
484
475
475
456
436
428
418
410
398
390
395
404
413
412
401
386
379
372
384
404
407
430
415
400
388
378
390
367
359
344
328
324
310
302
306
295
290
271
266
269
271
280
283
291
294
305
312
314
320
326
325
344
356
357
363
359
353
360
361
366
363
379
386
398
407
402
412
419
432
441
439
448
450
444
452
447
436
441
459
467
467
466
447
453
445
442
431
443
457
448
443
421
412
414
423
416
419
429
443
458
459
466
458
458
462
478
491
482
476
456
463
461
437
419
407
406
410
403
399
404
429
458
467
450
433
421
442
461
471
464
436
427
432
444
450
455
449
436
423
440
467
479
468
468
455
439
427
414
409
433
437
443
431
404
402
395
415
416
409
410
402
392
406
415
447
471
469
473
472
477
474
473
480
485
483
483
454
445
438
454
467
480
477
466
465
465
476
484
498
501
519
519
521
526
531
520
506
497
490
481
497
508
506
505
501
497
496
489
473
462
459
459
457
467
474
491
487
487
475
480
484
507
526
530
537
542
538
535
525
520
532
542
547
551
546
526
510
521
517
516
504
496
497
505
515
520
510
509
521
514
500
465
440
431
428
437
436
451
451
452
451
435
410
394
385
394
421
452
467
460
471
482
479
492
513
525
521
520
515
510
521
529
523
532
528
521
529
530
535
520
509
516
527
526
518
528
523
510
510
517
517
523
539
533
526
517
510
521
525
504
480
469
458
453
459
463
466
466
461
462
453
453
455
467
485
508
519
500
487
473
483
475
465
467
460
452
448
447
433
429
415
402
401
389
393
378
367
355
350
342
336
321
315
327
329
346
338
343
341
342
350
361
374
370
371
372
377
374
363
348
352
351
355
367
348
341
341
340
346
363
349
339
356
356
360
355
351
356
362
356
342
336
350
367
368
362
354
358
373
371
360
329
315
309
301
300
299
294
285
301
286
289
294
307
336
356
376
380
386
385
379
382
384
386
401
408
391
363
346
342
350
360
354
360
362
376
375
377
365
334
326
312
329
324
322
321
301
295
312
324
331
335
328
343
371
394
406
415
420
419
425
421
411
396
380
379
377
388
389
394
408
417
430
429
406
397
403
409
417
421
421
397
388
383
385
421
436
445
442
422
397
393
403
415
417
411
393
380
385
382
388
380
366
345
324
333
325
329
335
332
334
324
332
349
364
384
400
398
392
404
404
404
429
441
439
424
425
416
422
441
450
439
425
422
426
451
465
466
467
461
476
494
495
487
485
473
467
480
497
505
496
487
482
478
477
475
469
447
447
439
436
444
459
468
457
456
446
441
449
462
462
475
475
478
489
486
477
450
460
460
454
463
460
461
466
487
497
489
475
471
462
459
460
476
483
495
505
512
507
493
492
482
488
476
482
493
509
509
509
501
492
476
471
476
470
481
489
487
464
455
453
468
473
479
487
477
481
480
481
483
480
485
469
478
470
467
476
471
458
424
429
425
423
415
410
416
391
384
392
400
400
393
398
396
387
386
388
393
391
396
399
393
395
392
390
395
402
394
397
388
381
369
360
349
361
355
356
368
370
370
361
376
377
391
397
389
383
361
349
342
324
323
324
314
303
287
278
280
282
283
282
272
267
281
292
293
287
282
277
291
304
315
302
284
298
300
311
303
299
288
280
295
288
283
271
266
260
256
269
265
265
260
254
245
236
241
250
259
269
278
280
281
264
254
246
240
245
248
258
256
254
238
224
227
226
240
258
262
271
278
279
281
288
300
307
314
316
305
309
308
313
325
325
332
333
334
332
337
343
338
335
320
304
297
294
299
282
271
272
267
271
277
274
272
269
254
263
273
260
253
258
267
283
302
296
298
302
311
304
300
295
292
289
285
271
251
240
245
271
286
289
261
237
225
246
278
295
304
295
279
276
272
282
287
286
298
299
306
315
307
302
306
293
271
252
260
260
252
256
239
233
227
221
220
241
256
257
235
220
217
220
250
276
290
305
314
313
301
280
284
297
301
307
307
294
270
277
288
289
271
251
253
247
258
273
282
293
297
291
285
296
297
299
298
313
309
303
298
285
288
286
279
275
265
245
251
238
232
205
191
196
203
221
233
226
218
220
219
220
233
246
258
275
287
284
284
282
278
280
270
258
268
280
289
290
287
272
261
252
241
255
270
280
276
267
254
238
242
225
215
211
204
210
219
228
227
218
191
164
155
149
145
143
145
153
152
148
142
148
147
160
165
175
174
172
172
161
149
151
155
149
160
166
158
156
147
138
134
138
139
147
148
151
156
138
127
115
105
99
93
96
94
80
85
96
103
107
85
76
62
63
58
51
69
62
59
57
50
47
39
43
45
69
87
100
102
94
93
82
90
71
75
75
81
74
59
54
44
40
31
25
16
14
5
3
-4
3
9
7
-2
-4
9
18
19
21
17
18
33
51
62
65
74
82
78
80
68
68
76
78
71
68
77
85
79
73
75
65
49
37
37
45
36
40
45
48
52
45
55
66
69
82
81
82
88
101
114
127
142
125
116
110
100
104
122
125
127
144
149
156
165
170
177
191
209
224
233
240
234
236
235
247
243
239
234
220
223
220
220
213
206
183
171
167
179
195
181
173
168
162
165
181
184
199
208
208
224
242
247
258
262
278
317
334
339
341
354
356
357
360
367
366
369
375
361
345
350
359
372
372
358
340
339
353
378
402
392
372
351
347
351
355
384
381
396
404
386
379
382
412
417
415
409
401
400
403
394
366
353
338
330
324
330
332
339
344
342
335
335
356
383
404
418
439
451
450
443
439
426
441
452
464
460
438
426
436
454
451
435
413
401
409
431
446
466
485
500
495
491
490
490
492
491
493
503
501
516
531
522
522
497
476
477
471
475
481
468
465
454
430
428
441
440
439
438
433
437
440
446
453
459
478
497
497
513
512
505
509
504
518
527
521
524
524
508
493
480
471
473
471
488
495
495
501
507
505
496
473
447
436
433
454
471
479
455
425
427
417
419
407
402
409
422
429
445
443
431
431
427
437
437
434
432
439
451
455
456
465
457
446
451
453
462
475
496
495
477
463
461
470
487
492
485
491
488
478
461
471
475
476
476
474
481
474
488
471
450
436
433
442
449
460
464
461
458
461
462
448
451
457
468
492
497
513
512
513
515
518
529
527
545
551
551
534
517
521
521
530
520
518
534
540
533
527
521
506
509
512
511
508
504
509
508
527
536
536
549
564
567
570
573
575
575
594
610
603
611
615
606
594
589
585
580
580
574
566
559
532
534
546
540
532
520
524
516
514
508
496
487
488
494
488
478
474
457
441
439
437
437
435
440
449
437
422
426
444
449
447
452
466
458
448
450
448
462
458
457
450
443
431
423
431
425
435
420
417
430
427
419
426
421
408
398
382
388
359
367
367
361
343
333
325
316
329
341
359
372
364
355
360
354
364
359
368
376
388
387
381
366
344
331
333
341
335
334
334
331
339
322
289
270
251
245
271
290
288
256
225
213
205
216
236
239
222
218
216
208
215
225
220
207
200
194
189
178
163
162
153
134
111
96
87
100
111
111
90
78
85
81
86
96
113
141
151
140
130
115
99
105
91
82
64
52
59
66
66
60
42
4
-5
-12
10
20
3
-3
-14
-19
-19
-29
-37
-48
-46
-24
-14
-11
-18
-40
-49
-53
-54
-53
-64
-61
-60
-47
-51
-76
-97
-102
-101
-96
-93
-105
-94
-84
-84
-83
-84
-82
-68
-58
-44
-42
-49
-56
-54
-48
-50
-42
-36
-24
-23
-46
-64
-75
-85
-94
-87
-78
-57
-49
-60
-58
-71
-67
-72
-87
-100
-108
-97
-90
-87
-80
-77
-79
-72
-88
-89
-89
-79
-69
-60
-44
-47
-62
-67
-79
-94
-77
-60
-50
-57
-59
-60
-71
-83
-77
-56
-52
-56
-55
-58
-60
-78
-93
-95
-99
-96
-89
-87
-87
-89
-101
-117
-129
-138
-132
-115
-97
-91
-97
-96
-99
-111
-113
-120
-113
-115
-118
-111
-115
-109
-113
-113
-117
-117
-126
-130
-113
-93
-84
-75
-77
-69
-68
-78
-62
-65
-76
-72
-71
-86
-96
-102
-102
-106
-92
-93
-116
-121
-130
-137
-143
-138
-142
-139
-145
-156
-157
-166
-152
-149
-138
-130
-129
-119
-106
-105
-113
-116
-115
-110
-102
-103
-117
-135
-139
-151
-143
-150
-165
-163
-168
-159
-168
-170
-180
-187
-185
-189
-185
-193
-198
-195
-182
-179
-184
-176
-171
-164
-173
-172
-174
-173
-174
-166
-178
-191
-196
-187
-173
-176
-173
-183
-185
-167
-166
-165
-163
-179
-178
-173
-174
-182
-176
-175
-175
-180
-183
-187
-181
-188
-185
-183
-166
-169
-190
-202
-211
-216
-206
-205
-205
-215
-215
-216
-229
-223
-242
-255
-255
-261
-252
-256
-268
-266
-263
-261
-247
-231
-225
-219
-209
-202
-198
-204
-213
-234
-233
-234
-230
-229
-234
-219
-218
-210
-219
-238
-270
-264
-244
-213
-207
-221
-249
-268
-248
-243
-233
-217
-232
-234
-235
-225
-205
-196
-179
-178
-164
-165
-173
-171
-164
-166
-167
-175
-183
-192
-204
-193
-158
-144
-141
-149
-160
-157
-141
-119
-107
-95
-77
-77
-81
-86
-109
-107
-103
-90
-97
-131
-156
-162
-148
-137
-130
-139
-163
-175
-154
-140
-126
-123
-134
-138
-130
-123
-135
-127
-122
-108
-87
-83
-75
-82
-86
-77
-64
-69
-74
-78
-81
-84
-95
-111
-129
-127
-139
-120
-117
-115
-116
-115
-118
-116
-103
-99
-77
-65
-45
-23
-19
-30
-43
-39
-35
-35
-34
-27
-31
-29
-14
-22
-28
-52
-66
-68
-69
-47
-42
-36
-37
-33
-34
-55
-75
-85
-80
-75
-68
-46
-31
-38
-34
-40
-47
-61
-67
-62
-70
-63
-57
-70
-73
-67
-67
-62
-63
-67
-73
-66
-61
-44
-41
-57
-63
-77
-81
-81
-82
-84
-87
-90
-99
-112
-100
-105
-96
-110
-106
-97
-93
-98
-110
-103
-106
-105
-111
-115
-114
-113
-112
-109
-122
-146
-163
-178
-194
-195
-181
-171
-176
-173
-170
-178
-187
-184
-172
-165
-158
-149
-149
-152
-153
-157
-161
-161
-152
-151
-157
-174
-179
-191
-199
-184
-180
-188
-190
-201
-220
-221
-225
-228
-229
-234
-225
-228
-227
-222
-218
-208
-214
-207
-191
-174
-156
-156
-157
-154
-156
-142
-134
-127
-136
-139
-149
-154
-138
-152
-161
-151
-149
-154
-149
-142
-142
-158
-163
-169
-156
-142
-129
-139
-148
-145
-155
-151
-151
-147
-153
-133
-132
-123
-136
-142
-130
-139
-141
-148
-141
-132
-133
-123
-129
-127
-121
-101
-99
-101
-102
-102
-84
-101
-101
-123
-128
-116
-106
-91
-91
-88
-107
-109
-117
-119
-115
-113
-120
-126
-133
-140
-132
-144
-163
-179
-198
-199
-192
-199
-208
-209
-191
-172
-164
-165
-178
-186
-175
-153
-144
-127
-108
-102
-109
-104
-97
-102
-108
-99
-91
-94
-94
-100
-94
-90
-72
-68
-79
-98
-116
-105
-72
-54
-53
-76
-82
-70
-68
-34
-21
-28
-27
-33
-31
-31
-32
-21
-36
-38
-41
-49
-41
-46
-46
-52
-62
-66
-85
-87
-81
-84
-79
-75
-87
-100
-87
-72
-49
-31
-13
-18
-14
-8
-6
-8
2
-3
-2
-6
-24
-31
-39
-25
-15
-26
-45
-66
-65
-41
-21
-6
-2
-7
-10
14
25
24
17
-4
-10
5
27
41
39
28
33
26
51
71
53
51
47
44
47
45
27
19
34
