-288
-282
-271
-280
-307
-332
-334
-326
-335
-330
-327
-329
-345
-357
-355
-374
-376
-377
-367
-343
-346
-363
-368
-387
-394
-397
-408
-423
-439
-437
-424
-412
-416
-416
-442
-444
-451
-467
-476
-473
-469
-472
-465
-462
-453
-452
-443
-432
-434
-429
-431
-426
-413
-416
-423
-428
-446
-448
-434
-434
-436
-433
-436
-433
-431
-432
-432
-447
-450
-480
-496
-493
-482
-478
-482
-469
-471
-466
-464
-467
-454
-447
-440
-454
-469
-469
-456
-425
-415
-405
-409
-414
-414
-411
-399
-397
-394
-388
-372
-369
-359
-354
-361
-363
-367
-376
-375
-363
-345
-332
-323
-326
-336
-345
-343
-344
-352
-366
-370
-380
-391
-397
-405
-422
-440
-436
-433
-443
-447
-453
-447
-439
-445
-438
-443
-447
-454
-461
-468
-472
-474
-463
-462
-470
-485
-484
-469
-469
-468
-464
-461
-471
-470
-479
-489
-510
-515
-517
-506
-507
-505
-496
-491
-472
-464
-452
-444
-438
-431
-431
-431
-428
-431
-452
-451
-449
-453
-454
-463
-463
-454
-447
-439
-425
-420
-398
-388
-376
-375
-382
-365
-351
-347
-344
-338
-349
-360
-352
-354
-346
-332
-325
-324
-336
-323
-300
-299
-308
-313
-326
-347
-350
-345
-344
-344
-354
-357
-365
-363
-365
-360
-359
-358
-349
-347
-337
-333
-323
-313
-308
-300
-293
-293
-288
-294
-296
-310
-317
-328
-323
-314
-316
-337
-359
-359
-340
-329
-336
-365
-406
-431
-424
-384
-363
-361
-378
-405
-419
-418
-381
-356
-372
-388
-400
-400
-401
-395
-408
-420
-425
-460
-479
-489
-500
-518
-532
-548
-579
-598
-602
-576
-554
-553
-579
-623
-625
-620
-595
-585
-588
-571
-579
-593
-600
-628
-644
-665
-667
-671
-687
-714
-735
-727
-737
-733
-743
-755
-766
-760
-749
-740
-745
-748
-746
-763
-760
-742
-721
-705
-716
-732
-735
-730
-713
-694
-694
-687
-682
-688
-686
-678
-674
-691
-699
-741
-765
-765
-754
-736
-729
-741
-741
-732
-717
-692
-690
-678
-679
-658
-652
-649
-656
-670
-661
-660
-664
-658
-653
-647
-633
-633
-638
-660
-677
-675
-668
-644
-622
-630
-637
-648
-670
-664
-664
-662
-674
-687
-683
-669
-648
-634
-642
-641
-659
-674
-675
-683
-685
-693
-683
-668
-656
-651
-659
-653
-641
-625
-621
-612
-619
-612
-610
-614
-604
-603
-612
-619
-611
-594
-577
-591
-618
-627
-622
-623
-611
-607
-606
-599
-615
-623
-633
-639
-625
-612
-613
-625
-622
-627
-604
-586
-581
-585
-598
-602
-591
-576
-571
-574
-576
-564
-568
-562
-578
-586
-584
-588
-589
-585
-569
-570
-554
-556
-562
-586
-587
-577
-574
-573
-579
-577
-574
-584
-599
-604
-603
-601
-617
-601
-597
-597
-585
-579
-586
-600
-602
-603
-587
-569
-576
-584
-600
-605
-589
-577
-566
-552
-545
-539
-534
-518
-512
-507
-517
-524
-519
-516
-523
-529
-529
-517
-504
-508
-520
-513
-506
-502
-482
-497
-512
-502
-489
-472
-473
-469
-464
-458
-452
-459
-459
-459
-459
-457
-463
-470
-484
-463
-440
-428
-416
-414
-406
-415
-417
-412
-406
-395
-386
-380
-366
-356
-348
-340
-338
-346
-362
-372
-373
-372
-362
-359
-374
-372
-371
-373
-378
-402
-416
-423
-422
-412
-408
-411
-427
-436
-435
-421
-412
-413
-417
-413
-394
-374
-344
-324
-330
-332
-318
-302
-296
-288
-266
-252
-239
-244
-259
-281
-287
-282
-267
-270
-275
-263
-266
-250
-243
-263
-292
-329
-338
-327
-294
-275
-280
-301
-312
-308
-293
-261
-255
-265
-276
-286
-267
-248
-247
-243
-254
-256
-268
-270
-269
-253
-255
-267
-298
-307
-317
-321
-294
-289
-288
-297
-298
-276
-258
-248
-241
-247
-236
-220
-207
-222
-241
-258
-255
-240
-232
-230
-244
-239
-239
-233
-235
-243
-272
-280
-270
-260
-236
-229
-234
-242
-238
-230
-224
-209
-210
-232
-239
-240
-233
-218
-202
-200
-205
-229
-217
-206
-210
-211
-237
-245
-243
-244
-241
-231
-222
-227
-247
-251
-241
-230
-216
-212
-229
-240
-231
-211
-191
-175
-173
-177
-200
-208
-205
-191
-186
-177
-173
-180
-197
-199
-202
-219
-206
-206
-199
-201
-207
-201
-195
-190
-195
-215
-229
-219
-206
-186
-193
-200
-213
-223
-232
-242
-228
-224
-216
-207
-192
-184
-177
-190
-186
-187
-198
-187
-179
-178
-171
-164
-171
-170
-157
-166
-176
-174
-162
-165
-163
-169
-196
-209
-208
-217
-232
-244
-258
-282
-281
-280
-286
-300
-303
-307
-304
-298
-301
-301
-302
-298
-298
-318
-333
-320
-308
-296
-289
-284
-288
-294
-282
-274
-274
-274
-272
-277
-267
-248
-250
-243
-250
-256
-258
-251
-237
-222
-209
-224
-240
-246
-250
-263
-276
-285
-273
-285
-289
-293
-296
-305
-321
-318
-328
-328
-326
-323
-318
-311
-303
-290
-291
-305
-304
-301
-298
-301
-301
-293
-293
-285
-299
-316
-330
-333
-323
-329
-320
-323
-332
-345
-355
-372
-389
-393
-382
-365
-360
-338
-339
-348
-335
-325
-322
-317
-322
-339
-358
-365
-362
-365
-365
-359
-364
-360
-357
-367
-365
-359
-343
-329
-320
-323
-309
-289
-282
-264
-264
-266
-271
-273
-277
-291
-288
-278
-265
-257
-256
-253
-252
-255
-242
-245
-237
-237
-242
-235
-235
-220
-224
-227
-232
-232
-227
-212
-206
-201
-201
-206
-198
-189
-192
-194
-192
-194
-189
-184
-173
-143
-124
-123
-119
-111
-126
-137
-137
-136
-129
-134
-143
-157
-143
-119
-125
-145
-167
-175
-166
-146
-123
-102
-119
-138
-163
-170
-167
-148
-133
-142
-169
-177
-172
-159
-147
-155
-167
-169
-162
-169
-166
-164
-186
-201
-218
-242
-244
-255
-246
-244
-253
-261
-263
-261
-245
-237
-226
-218
-210
-195
-191
-186
-203
-220
-223
-227
-230
-235
-259
-279
-290
-286
-277
-279
-293
-316
-313
-310
-306
-302
-304
-316
-343
-354
-344
-334
-312
-314
-320
-332
-347
-337
-343
-345
-355
-364
-369
-379
-375
-371
-396
-414
-429
-444
-451
-449
-428
-426
-431
-439
-440
-429
-409
-404
-402
-403
-388
-376
-372
-373
-375
-380
-387
-387
-394
-396
-387
-380
-369
-364
-369
-390
-416
-421
-414
-401
-403
-404
-402
-392
-379
-379
-388
-410
-442
-461
-458
-450
-440
-425
-418
-425
-435
-434
-424
-412
-424
-425
-425
-415
-412
-406
-397
-382
-361
-366
-374
-385
-389
-386
-393
-403
-402
-398
-388
-376
-374
-381
-387
-407
-431
-434
-435
-437
-441
-446
-443
-444
-441
-453
-451
-451
-453
-455
-463
-467
-455
-442
-446
-460
-483
-489
-480
-470
-461
-466
-470
-471
-464
-459
-455
-441
-449
-437
-423
-419
-421
-414
-406
-404
-412
-418
-435
-455
-461
-458
-460
-467
-465
-471
-476
-475
-473
-467
-480
-507
-501
-503
-494
-495
-490
-500
-515
-522
-530
-526
-525
-514
-498
-493
-484
-468
-450
-436
-422
-417
-411
-409
-423
-415
-409
-408
-394
-394
-394
-400
-390
-398
-396
-381
-389
-385
-384
-386
-389
-404
-399
-376
-369
-350
-345
-337
-322
-305
-298
-307
-302
-294
-279
-277
-262
-267
-269
-266
-283
-280
-272
-251
-241
-230
-222
-212
-207
-193
-184
-179
-169
-154
-142
-135
-130
-138
-138
-147
-129
-123
-113
-111
-116
-123
-135
-122
-120
-116
-121
-132
-142
-157
-162
-165
-176
-182
-187
-197
-192
-192
-193
-194
-207
-203
-199
-184
-187
-186
-181
-181
-175
-163
-154
-144
-129
-124
-115
-120
-131
-140
-138
-142
-151
-157
-187
-205
-194
-196
-189
-202
-234
-250
-236
-204
-182
-171
-190
-210
-234
-222
-186
-166
-158
-169
-179
-196
-193
-187
-179
-174
-175
-175
-181
-170
-168
-172
-170
-181
-200
-215
-212
-181
-157
-146
-157
-172
-180
-161
-140
-109
-93
-90
-64
-62
-61
-66
-63
-57
-46
-47
-72
-93
-110
-103
-89
-89
-73
-94
-116
-126
-127
-111
-90
-74
-77
-87
-80
-41
-22
-13
-19
-37
-33
-9
22
45
56
37
27
18
-2
-4
-12
-35
-51
-63
-64
-56
-49
-50
-55
-64
-64
-54
-54
-37
-16
-3
-7
3
23
28
28
26
28
29
25
17
13
16
32
31
26
24
-5
-24
-40
-43
-34
-24
-31
-37
-31
-25
-27
-43
-74
-90
-85
-72
-54
-34
-30
-37
-40
-40
-44
-50
-35
-43
-44
-33
-25
-18
-28
-21
-19
-3
23
31
35
28
19
-1
-8
-16
-16
-29
-38
-35
-31
-32
-46
-50
-61
-50
-41
-44
-40
-44
-50
-51
-53
-65
-67
-49
-36
-37
-33
-30
-14
-4
-2
-7
-21
-16
-9
-4
10
18
17
15
22
16
20
30
41
60
70
87
112
122
137
134
126
102
95
114
119
126
119
111
108
110
118
124
133
136
139
135
141
138
136
142
137
143
138
151
151
147
147
142
141
157
182
198
210
202
198
197
202
206
211
218
211
214
215
209
211
214
231
226
233
224
212
218
211
211
201
188
193
202
218
225
222
226
231
222
221
219
229
238
236
216
209
208
202
210
196
210
220
226
251
256
262
283
295
302
318
318
322
321
324
335
335
320
317
320
312
301
285
281
287
297
303
297
280
266
246
237
226
234
219
212
201
178
179
179
175
163
166
176
177
174
182
177
183
186
199
198
211
225
225
220
209
200
181
174
165
164
156
145
125
126
132
139
154
129
100
94
104
134
151
149
131
99
86
86
110
151
161
146
123
117
128
132
134
137
126
119
112
103
121
120
119
102
81
64
60
71
79
84
74
52
38
48
77
107
98
107
116
123
129
118
105
82
103
117
119
105
87
83
89
107
114
106
79
64
60
67
71
89
93
95
102
119
147
158
172
166
159
163
184
199
196
189
179
180
184
175
168
153
124
111
97
100
96
102
122
129
123
108
95
97
111
122
128
142
176
195
197
199
193
188
193
191
185
198
208
222
216
205
181
137
129
136
160
172
172
154
145
151
154
151
142
138
137
148
165
196
216
216
220
216
206
202
198
204
213
220
224
222
223
231
219
221
223
231
244
231
230
230
224
215
204
195
190
194
197
189
174
161
159
154
171
184
168
165
170
178
174
165
166
162
159
154
147
155
169
165
164
146
132
118
98
101
111
113
111
107
95
79
79
71
52
48
52
52
55
72
74
75
88
95
98
102
118
144
146
125
118
92
71
54
38
35
25
22
20
21
9
-10
-5
-4
2
2
5
25
32
37
29
37
40
51
53
50
27
22
35
39
52
50
36
23
18
17
18
14
1
-5
-14
-17
-7
-14
-25
-29
-18
-25
-37
-36
-36
-27
-14
-18
-19
-28
-37
-42
-51
-51
-58
-61
-44
-59
-59
-72
-66
-64
-50
-32
-30
-19
-24
-19
-16
-18
-21
-18
-1
25
24
30
12
2
12
10
28
20
21
10
-3
3
2
18
34
30
12
0
-13
-16
-12
-17
-24
-29
-40
-33
-26
-8
4
-5
-13
-3
4
6
18
18
25
34
41
42
57
57
55
63
50
32
12
12
10
-1
-8
-35
-37
-17
-16
-11
-38
-72
-99
-97
-71
-61
-57
-80
-109
-111
-102
-69
-36
-38
-39
-54
-70
-55
-35
-9
-3
-13
-9
-12
-3
6
19
24
-8
-30
-57
-60
-33
-9
-10
-24
-39
-46
-33
-15
10
26
35
45
38
23
12
1
-1
7
1
-1
-9
-24
-19
-10
2
2
-15
-43
-51
-39
-25
-11
-9
-16
-24
-17
6
18
28
18
18
21
28
51
55
39
26
14
5
14
20
14
-12
-36
-65
-65
-69
-62
-42
-59
-58
-51
-58
-56
-31
-11
-9
-18
7
27
47
60
68
67
69
71
84
81
92
109
115
116
104
84
78
80
88
114
128
137
142
133
127
117
106
79
64
78
97
106
114
125
130
126
115
109
99
96
110
131
145
166
174
168
166
181
185
194
187
186
193
205
225
231
240
232
236
253
273
282
274
245
235
235
237
237
242
238
225
224
210
200
186
185
205
220
222
221
222
242
256
263
264
251
250
240
234
228
232
248
257
266
258
249
235
224
229
239
253
260
261
253
256
251
244
254
250
250
260
251
229
213
199
204
202
203
186
166
170
179
168
167
168
167
170
166
170
187
201
208
220
218
219
232
253
258
262
254
244
246
265
280
272
258
248
234
238
236
236
237
230
230
237
241
244
249
242
234
230
235
219
212
209
221
229
207
207
206
184
177
175
160
159
146
143
135
135
140
133
141
152
152
147
155
170
174
185
189
197
199
199
210
201
191
181
179
188
180
176
174
160
152
161
166
145
145
128
120
104
93
98
94
93
81
72
77
80
76
72
62
76
86
101
113
107
117
116
122
126
136
147
158
172
187
178
163
160
149
152
146
132
131
126
138
140
126
116
71
45
59
96
123
132
116
85
80
96
114
137
135
113
105
102
116
123
129
106
78
57
72
90
110
122
117
112
81
71
59
73
96
94
64
26
20
33
33
39
38
45
49
60
59
37
18
-9
-13
-20
-36
-47
-60
-84
-81
-90
-99
-100
-101
-99
-113
-89
-70
-60
-46
-47
-56
-55
-33
-21
-5
-10
-23
-19
-13
-4
-2
-10
-11
0
-6
-5
3
-7
-21
-40
-65
-84
-86
-68
-58
-67
-74
-83
-81
-74
-72
-55
-46
-39
-35
-21
0
11
28
30
32
43
40
55
78
90
100
91
78
79
70
69
92
117
129
130
133
153
154
144
133
114
106
114
140
153
142
119
109
104
98
87
93
99
97
94
109
120
132
143
143
135
122
121
124
145
142
139
128
118
133
138
148
155
154
151
143
148
149
146
139
123
123
106
117
132
139
129
125
129
129
134
140
147
136
140
120
119
122
117
124
130
138
128
128
130
131
125
135
120
113
111
87
104
93
96
100
101
99
90
83
71
74
83
85
83
84
79
73
61
56
41
33
28
35
48
48
36
14
2
9
18
17
23
15
19
24
22
32
42
66
87
69
57
63
71
81
85
100
99
85
73
73
72
62
63
78
78
57
59
55
51
57
42
38
40
52
72
80
86
77
59
40
31
21
32
41
34
41
34
25
25
33
39
35
53
71
87
77
69
75
61
49
49
51
48
76
102
92
78
69
33
38
39
52
59
42
44
32
38
57
65
58
59
46
30
25
37
33
14
20
29
24
33
30
28
19
31
44
71
89
86
95
97
120
124
124
135
144
144
162
159
148
150
155
180
164
163
148
128
137
165
182
153
118
86
72
95
126
147
134
116
104
88
124
168
170
160
132
129
133
149
167
173
167
161
165
159
148
166
170
146
109
60
57
78
87
81
58
13
-14
-1
26
44
63
85
91
89
69
49
39
40
34
28
13
0
-13
-8
5
1
-13
-30
-53
-56
-36
-16
-4
-24
-43
-54
-48
-29
-16
-19
-47
-78
-80
-56
-28
-27
-34
-39
-39
-34
-25
-35
-48
-75
-123
-155
-168
-172
-174
-177
-195
-202
-191
-187
-176
-174
-169
-166
-160
-145
-146
-146
-147
-149
-162
-165
-158
-145
-150
-153
-146
-164
-169
-168
-177
-185
-169
-157
-153
-164
-164
-176
-184
-183
-201
-207
-220
-218
-219
-204
-194
-198
-211
-233
-241
-236
-249
-243
-237
-234
-234
-216
-213
-209
-195
-185
-172
-164
-150
-151
-161
-182
-161
-161
-155
-150
-166
-173
-179
-170
-146
-137
-161
-172
-170
-185
-176
-168
-172
-168
-187
-204
-227
-242
-249
-249
-259
-249
-252
-241
-231
-233
-232
-252
-281
-292
-278
-271
-255
-250
-242
-255
-258
-257
-244
-233
-216
-193
-178
-187
-183
-177
-175
-177
-178
-181
-179
-165
-173
-179
-190
-202
-207
-203
-221
-215
-246
-237
-229
-221
-215
-217
-212
-198
-178
-182
-190
-193
-191
-185
-179
-175
-175
-168
-151
-143
-141
-128
-117
-119
-119
-127
-114
-101
-107
-109
-113
-111
-106
-124
-132
-127
-134
-142
-150
-153
-169
-177
-174
-177
-186
-183
-191
-185
-158
-151
-158
-166
-152
-137
-153
-166
-154
-147
-136
-132
-133
-128
-129
-124
-118
-107
-100
-115
-103
-104
-96
-98
-91
-101
-95
-82
-72
-53
-58
-58
-63
-57
-51
-61
-73
-69
-70
-49
-54
-65
-79
-111
-137
-141
-131
-126
-130
-114
-128
-142
-126
-170
-168
-169
-167
-154
-162
-162
-166
-159
-145
-107
-90
-84
-107
-136
-128
-115
-131
-134
-122
-94
-70
-90
-97
-109
-123
-117
-122
-136
-179
-206
-209
-194
-150
-156
-173
-179
-180
-165
-150
-145
-162
-179
-216
-238
-224
-179
-146
-155
-173
-182
-201
-195
-187
-190
-174
-204
-240
-270
-277
-267
-263
-233
-219
-245
-242
-248
-228
-221
-232
-218
-202
-204
-187
-182
-209
-262
-328
-334
-332
-303
-309
-319
-329
-333
-337
-353
-367
-382
-389
-396
-387
-350
-315
-314
-315
-314
-330
-328
-302
-271
-239
-262
-282
-291
-305
-309
-321
-321
-337
-353
-358
-347
-320
-302
-320
-351
-392
-392
-357
-328
-291
-306
-342
-375
-372
-340
-328
-328
-308
-276
-255
-250
-238
-248
-266
-291
-299
-311
-314
-289
-280
-294
-301
-308
-322
-324
-309
-279
-286
-308
-318
-306
-302
-291
-277
-282
-306
-332
-349
-345
-320
-283
-275
-275
-292
-311
-329
-340
-330
-329
-312
-304
-290
-281
-293
-311
-309
-310
-312
-296
-272
-264
-271
-310
-331
-323
-287
-238
-223
-211
-219
-241
-251
-244
-215
-202
-221
-232
-239
-235
-263
-263
-232
-232
-234
-230
-205
-189
-190
-206
-219
-208
-199
-204
-200
-192
-172
-152
-174
-188
-157
-155
-171
-173
-164
-167
-193
-190
-173
-138
-140
-158
-149
-141
-182
-202
-208
-197
-166
-137
-136
-148
-175
-182
-165
-150
-118
-136
-146
-173
-191
-203
-169
-126
-118
-126
-152
-164
-168
-171
-144
-126
-122
-140
-179
-163
-121
-100
-106
-99
-108
-124
-119
-95
-88
-97
-115
-101
-101
-78
-46
-42
-76
-96
-108
-132
-133
-128
-105
-72
-55
-80
-88
-79
-81
-57
-45
-15
12
42
38
33
33
7
30
41
53
47
41
39
82
76
57
35
30
61
43
54
53
77
73
48
60
82
71
35
11
25
31
53
65
46
28
15
3
29
39
4
29
60
52
25
-2
-39
-43
-52
-2
11
-12
20
31
32
38
61
74
66
61
29
-7
15
8
20
38
38
38
64
82
87
47
62
45
5
7
3
19
16
17
57
68
19
5
-22
5
43
42
67
36
-21
-48
-26
48
128
127
95
92
91
120
152
195
230
231
170
137
113
132
153
143
110
67
43
62
130
154
147
59
20
51
118
162
164
98
36
44
80
117
119
136
105
55
54
54
50
75
126
111
82
18
-10
3
61
104
80
44
6
19
83
118
161
152
124
92
68
94
122
142
116
107
76
98
112
135
147
85
37
30
60
81
70
49
11
-9
5
19
53
58
58
67
52
75
117
101
83
72
66
46
46
76
124
127
144
96
50
35
45
66
59
96
113
67
-10
-11
1
0
-29
-9
4
11
-8
1
-9
-37
-54
-75
-66
-44
-22
-68
-109
-118
-92
-62
-53
-39
-25
-45
-59
-73
-75
-49
-50
-16
-7
-18
-16
-37
-44
-44
-21
2
-6
4
-28
-40
-32
-20
-23
-36
-31
-5
-15
-55
-101
-110
-123
-108
-65
-70
-54
-55
-30
-23
-70
-63
-49
-57
-50
-64
-67
-107
-141
-125
-108
-91
-92
-77
-69
-89
-89
-90
-89
-51
-34
-67
-111
-122
-109
-82
-81
-114
-147
-142
-127
-107
-118
-140
-124
-96
-78
-113
-141
-122
-132
-148
-141
-150
-122
-116
-139
-147
-157
-152
-171
-155
-130
-92
-81
-116
-133
-153
-160
-129
-43
-6
-42
-51
-81
-120
-115
-117
-77
-66
-81
-60
-87
-72
-58
-58
-61
-72
-49
-44
-47
-43
-32
-38
-49
-51
-26
-19
-50
-74
-87
-82
-48
-45
-18
-53
-86
-96
-112
-99
-84
-73
-74
-102
-100
-42
-46
-23
-25
-35
-51
-70
-62
-12
12
14
23
10
-1
30
56
25
-11
-30
-33
-30
3
29
40
25
-12
7
19
2
-37
-41
-53
-33
-9
46
69
50
53
26
32
72
104
114
99
104
103
81
64
49
34
31
54
69
89
78
86
39
50
56
9
-14
36
43
49
36
44
46
4
40
61
91
128
128
112
112
88
121
86
37
27
-3
-28
-2
30
93
115
82
84
43
19
32
55
87
59
16
33
4
15
88
137
157
183
194
186
183
147
102
48
18
66
90
110
101
102
88
43
50
91
95
127
85
54
54
47
95
58
52
67
74
102
93
68
86
73
106
128
104
93
83
92
69
37
2
26
52
37
32
32
44
50
75
55
51
-27
-29
-18
-16
-16
-15
-7
19
72
98
68
56
120
115
65
32
34
24
42
30
74
24
8
63
113
125
114
90
89
47
51
49
-37
-57
-61
-32
-22
-2
43
67
55
59
71
57
47
52
30
-66
-95
-111
-122
-73
-38
1
23
0
45
56
16
29
43
16
-52
-19
-35
-34
-31
-51
-103
-132
-121
-86
-92
-52
-17
-42
-27
-46
-13
-35
-94
-150
-151
-187
-204
-183
-149
-145
-114
-75
-76
-96
-85
-129
-148
-159
-152
-157
-188
-200
-225
-244
-263
-258
-182
-121
-108
-94
-113
-145
-184
-170
-216
-223
-260
-270
-222
-260
-223
-239
-273
-237
-222
-226
-230
-247
-209
-182
-144
-129
-147
-190
-286
-338
-315
-270
-249
-256
-287
-248
-256
-255
-257
-314
-292
-278
-243
-226
-188
-181
-186
-236
-269
-268
-278
-238
-224
-201
-225
-262
-291
-255
-203
-165
-159
-190
-254
-293
-260
-232
-197
-173
-180
-214
-274
-286
-271
-247
-195
-158
-196
-192
-146
-121
-149
-203
-199
-204
-261
-212
-216
-179
-172
-194
-174
-195
-175
-138
-87
-116
-101
-80
-78
-96
-62
-62
-151
-222
-175
-144
-156
-100
-78
-68
-123
-97
-106
-138
-166
-191
-169
-207
-230
-181
-141
-155
-171
-204
-213
-228
-177
-117
-99
-143
-170
-178
-189
-156
-88
-107
-136
-109
-88
-72
-85
-45
-130
-179
-174
-129
-67
-37
-56
-53
-118
-100
-71
-66
-98
-177
-225
-236
-180
-73
-40
-89
-84
-134
-104
-163
-133
-65
-46
-49
-18
-21
-40
-61
-9
-35
-103
-121
-152
-114
-103
-90
-128
-155
-171
-144
-138
-56
-104
-153
-218
-239
-244
-208
-175
-103
-108
-172
-166
-232
-244
-130
-103
-132
-171
-218
-197
-228
-166
-127
-156
-215
-244
-210
-211
-311
-336
-333
-357
-321
-294
-210
-213
-275
-329
-317
-338
-339
-268
-245
-226
-279
-298
-342
-302
-247
-259
-329
-340
-365
-371
-356
-355
-311
-354
-386
-407
-382
-336
-324
-358
-342
-391
-351
-319
-254
-267
-291
-314
-264
-209
-251
-186
-209
-272
-335
-321
-282
-320
-311
-309
-310
-257
-263
-196
-200
-229
-220
-205
-257
-288
-307
-318
-363
-315
-298
-305
-323
-324
-257
-265
-238
-252
-228
-228
-191
-206
-255
-296
-321
-295
-336
-286
-296
-282
-281
-297
-266
-206
-183
-149
-104
-135
-205
-235
-267
-304
-308
-326
-327
-383
-304
-276
-227
-217
-192
-254
-303
-296
-253
-298
-372
-402
-358
-367
-407
-362
-386
-382
-311
-180
-137
-162
-236
-218
-291
-351
-330
-283
-309
-308
-378
-296
-283
-259
-233
-225
-257
-237
-200
-236
-247
-323
-345
-359
-360
-358
-248
-279
-250
-274
-290
-374
-381
-324
-295
-326
-356
-354
-327
-301
-244
-213
-238
-278
-348
-298
-289
-255
-275
-259
-256
-273
-297
-242
-183
-115
-161
-183
-165
-191
-198
-197
-174
-207
-212
-251
-306
-346
-240
-157
-146
-181
-145
-119
-160
-110
-109
-34
-72
-49
-6
-28
-98
-170
-154
-187
-191
-226
-206
-157
-133
-161
-155
-144
-109
-152
-178
-146
-150
-61
-144
-166
-189
-203
-120
-51
-56
-52
-39
-83
-108
-135
-38
-69
-137
-174
-181
-196
-218
-193
-152
-203
-259
-202
-174
-216
-231
-160
-205
-226
-223
-205
-197
-214
-137
-159
-211
-266
-177
-95
-156
-192
-199
-180
-100
-17
-25
-99
-175
-204
-239
-234
-241
-177
-133
-172
-231
-214
-167
-188
-200
-188
-160
-132
-115
-124
-181
-240
-254
-210
-176
-167
-108
-90
-124
-131
-162
-165
-160
-133
-79
-87
-153
-193
-212
-254
-234
-189
-140
-191
-251
-269
-242
-218
-214
-211
-219
-281
-269
-213
-238
-270
-286
-258
-257
-211
-184
-173
-178
-218
-201
-202
-230
-217
-211
-253
-286
-320
-307
-350
-349
-335
-299
-285
-301
-318
-297
-269
-243
-252
-253
-291
-326
-266
-269
-272
-309
-339
-330
-292
-249
-246
-293
-286
-276
-248
-268
-282
-293
-299
-289
-328
-326
-357
-371
-370
-360
-340
-327
-283
-215
-187
-177
-206
-206
-221
-236
-230
-243
-227
-184
-209
-226
-217
-236
-243
-239
-217
-194
-158
-196
-254
-325
-318
-308
-327
-377
-393
-408
-401
-339
-303
-282
-325
-344
-373
-406
-465
-484
-475
-491
-530
-538
-487
-419
-362
-311
-316
-366
-359
-366
-334
-327
-356
-354
-396
-386
-336
-244
-173
-162
-161
-173
-212
-225
-196
-177
-223
-273
-278
-264
-244
-263
-249
-226
-225
-228
-204
-178
-178
-142
-101
-108
-156
-181
-203
-232
-236
-241
-218
-241
-314
-326
-325
-319
-332
-343
-361
-396
-382
-362
-349
-348
-328
-350
-372
-388
-407
-379
-366
-347
-380
-375
-411
-434
-381
-354
-375
-406
-410
-381
-407
-460
-442
-463
-465
-507
-522
-544
-562
-542
-550
-549
-540
-470
-438
-407
-360
-304
-259
-219
-204
-178
-199
-215
-211
-188
-169
-181
-145
-162
-140
-133
-109
-104
-91
-89
-92
-112
-142
-164
-178
-231
-285
-296
-289
-265
-289
-317
-337
-296
-289
-255
-234
-214
-194
-193
-198
-218
-220
-183
-135
-184
-188
-177
-148
-139
-128
-106
-145
-168
-162
-177
-211
-218
-252
-292
-356
-368
-390
-425
-447
-462
-493
-489
-492
-484
-518
-556
-571
-578
-570
-557
-541
-518
-468
-433
-362
-309
-247
-199
-118
-57
14
57
80
73
62
68
76
67
59
59
73
95
124
159
144
128
116
97
35
-41
-112
-170
-237
-291
-327
-327
-304
-254
-182
-88
8
94
136
186
231
272
303
323
296
238
233
247
268
294
291
299
318
352
334
289
198
68
-14
-153
-264
-339
-404
-440
-470
-531
-593
-604
-589
-573
-550
-543
-565
-600
-646
-672
-710
-720
-727
-730
-687
-579
-445
-355
-260
-135
0
101
197
269
295
304
321
339
329
288
289
281
274
290
295
289
229
198
154
99
-13
-124
-257
-411
-541
-639
-707
-761
-762
-718
-638
-550
-437
-306
-168
-39
108
208
269
310
385
476
512
540
583
634
672
721
764
787
752
704
650
581
501
423
328
220
110
21
-42
-73
-62
-76
-91
-98
-93
-104
-146
-199
-282
-379
-505
-607
-664
-736
-738
-712
-661
-606
-540
-439
-307
-125
68
253
390
517
594
699
821
884
879
844
852
856
869
872
865
777
668
586
498
416
285
110
-101
-321
-504
-655
-792
-922
-977
-943
-883
-741
-590
-421
-222
11
243
445
610
738
878
989
1046
1099
1129
1129
1093
1068
1082
1060
1000
920
820
716
594
450
295
134
-8
-113
-176
-215
-242
-247
-183
-115
-66
-23
-13
0
-37
-105
-157
-227
-344
-504
-628
-671
-609
-507
-422
-296
-111
162
480
711
856
960
1040
1061
1011
965
878
731
603
547
554
589
635
651
666
680
697
690
555
319
71
-151
-383
-627
-841
-1010
-1087
-1059
-943
-776
-545
-254
71
373
624
842
1021
1113
1137
1144
1109
1045
975
900
862
839
822
831
822
796
752
687
592
432
266
94
-89
-227
-318
-375
-407
-418
-373
-286
-176
-107
-45
-54
-120
-218
-324
-429
-573
-659
-675
-653
-591
-438
-164
181
466
733
998
1236
1378
1405
1341
1166
973
740
557
418
316
240
225
272
364
470
579
620
563
451
263
45
-207
-459
-719
-910
-983
-940
-818
-662
-438
-107
263
617
910
1126
1280
1343
1355
1310
1192
1037
895
793
675
640
652
688
713
668
639
585
520
403
267
102
-72
-196
-286
-342
-336
-270
-208
-130
-74
-43
-32
-54
-117
-227
-364
-447
-498
-494
-479
-393
-145
146
413
653
934
1209
1424
1528
1537
1411
1167
900
636
416
248
120
46
-34
-43
69
217
295
289
277
188
64
-104
-298
-518
-705
-759
-738
-675
-516
-236
126
468
767
1053
1307
1487
1570
1591
1548
1406
1203
998
812
657
544
461
360
290
264
270
256
181
100
-15
-141
-253
-315
-331
-371
-356
-279
-172
-42
82
165
181
166
89
-10
-124
-268
-358
-387
-346
-196
51
332
559
818
1177
1501
1669
1672
1598
1409
1101
840
615
339
37
-133
-159
-127
-9
154
257
261
243
271
226
34
-233
-489
-704
-848
-893
-874
-804
-589
-218
217
625
1014
1389
1650
1792
1829
1800
1654
1411
1129
884
687
501
393
319
275
275
303
314
271
197
87
-43
-229
-408
-546
-603
-645
-629
-540
-406
-258
-107
19
66
87
58
10
-107
-232
-324
-367
-307
-135
160
445
691
1002
1292
1564
1694
1729
1588
1251
931
627
330
-57
-357
-514
-553
-473
-316
-111
-39
12
79
77
2
-193
-419
-696
-985
-1160
-1212
-1147
-1001
-723
-299
174
691
1162
1562
1807
1914
1973
1879
1655
1320
956
636
314
78
-63
-153
-202
-236
-184
-156
-166
-215
-300
-395
-583
-721
-822
-909
-977
-988
-892
-782
-607
-456
-323
-223
-198
-176
-188
-210
-259
-255
-126
69
264
404
658
1020
1313
1481
1539
1552
1373
1084
780
491
99
-330
-607
-780
-858
-821
-703
-602
-561
-455
-308
-221
-277
-443
-619
-844
-1030
-1121
-1145
-1126
-989
-671
-279
142
591
1065
1473
1726
1863
1892
1793
1565
1273
978
641
296
29
-130
-228
-322
-349
-331
-323
-354
-367
-403
-514
-660
-800
-915
-1041
-1105
-1084
-992
-894
-786
-623
-456
-340
-273
-226
-141
-104
-70
40
278
530
627
742
998
1314
1486
1562
1644
1558
1289
1017
815
476
-2
-353
-551
-693
-803
-789
-722
-735
-698
-596
-507
-582
-733
-828
-954
-1072
-1145
-1136
-1116
-1014
-706
-248
196
592
1039
1505
1861
2029
2106
2034
1793
1442
1127
821
435
96
-134
-270
-408
-484
-439
-398
-445
-518
-542
-599
-750
-897
-1028
-1153
-1266
-1308
-1216
-1100
-958
-781
-586
-418
-344
-264
-185
-113
-24
107
307
454
524
636
921
1247
1426
1459
1433
1343
1130
915
681
292
-211
-599
-834
-967
-1041
-1003
-959
-949
-878
-714
-557
-570
-715
-867
-989
-1113
-1198
-1237
-1274
-1225
-983
-605
-193
229
712
1212
1580
1822
1980
2004
1831
1475
1120
760
354
-36
-348
-538
-686
-756
-773
-760
-765
-802
-797
-846
-961
-1088
-1183
-1320
-1474
-1537
-1517
-1445
-1383
-1287
-1126
-944
-793
-657
-492
-347
-184
81
398
603
685
819
1077
1327
1430
1440
1383
1149
856
642
449
50
-428
-791
-1038
-1203
-1245
-1200
-1231
-1329
-1307
-1162
-1053
-1091
-1196
-1292
-1392
-1419
-1392
-1328
-1231
-1034
-640
-169
280
709
1172
1617
1920
2094
2152
2110
1872
1513
1173
791
403
26
-262
-472
-671
-773
-811
-854
-936
-960
-955
-1021
-1158
-1258
-1304
-1416
-1523
-1535
-1457
-1385
-1312
-1182
-1013
-823
-663
-416
-204
26
358
720
998
1098
1284
1594
1809
1838
1755
1643
1338
969
684
413
-15
-562
-919
-1133
-1259
-1332
-1312
-1326
-1442
-1466
-1379
-1289
-1335
-1502
-1667
-1765
-1762
-1705
-1624
-1501
-1230
-790
-269
266
796
1309
1787
2136
2348
2430
2381
2140
1767
1393
1021
585
141
-228
-527
-745
-861
-924
-1018
-1121
-1177
-1172
-1237
-1395
-1504
-1565
-1621
-1688
-1679
-1531
-1398
-1267
-1131
-948
-725
-475
-215
-49
198
579
1012
1244
1360
1613
1953
2190
2199
2150
2010
1643
1224
880
544
-8
-564
-939
-1237
-1410
-1443
-1353
-1394
-1478
-1381
-1231
-1105
-1138
-1329
-1544
-1678
-1693
-1695
-1690
-1640
-1402
-942
-408
123
695
1320
1851
2185
2429
2620
2628
2372
1947
1537
1104
652
262
-57
-356
-624
-732
-795
-884
-1032
-1099
-1120
-1253
-1497
-1711
-1857
-2016
-2117
-2137
-2053
-1963
-1814
-1567
-1264
-990
-691
-392
-106
206
630
1104
1333
1453
1690
2043
2248
2211
2127
1947
1619
1247
881
453
-158
-712
-1110
-1401
-1619
-1703
-1708
-1836
-1888
-1778
-1593
-1511
-1584
-1728
-1879
-1947
-1971
-1965
-1953
-1875
-1594
-1144
-573
-9
578
1193
1716
2077
2314
2502
2483
2214
1830
1443
1027
552
128
-203
-503
-752
-865
-892
-958
-1053
-1127
-1203
-1377
-1600
-1787
-1984
-2203
-2365
-2387
-2349
-2281
-2153
-1916
-1603
-1268
-859
-469
-24
475
971
1327
1533
1825
2178
2385
2387
2317
2151
1812
1477
1151
722
172
-332
-736
-1158
-1470
-1572
-1591
-1762
-1931
-1908
-1803
-1728
-1763
-1858
-1999
-2082
-2064
-2006
-1943
-1851
-1592
-1183
-698
-191
375
1001
1570
1953
2230
2462
2555
2421
2109
1791
1440
1012
592
235
-40
-269
-390
-444
-575
-713
-805
-878
-1063
-1306
-1510
-1689
-1908
-2154
-2241
-2249
-2219
-2129
-1984
-1725
-1392
-978
-564
-92
484
1013
1391
1678
2059
2441
2683
2757
2722
2528
2235
1981
1746
1342
764
289
-67
-453
-783
-966
-1100
-1350
-1592
-1672
-1659
-1638
-1712
-1842
-1985
-2015
-1945
-1905
-1859
-1750
-1490
-1086
-622
-143
373
945
1488
1895
2174
2377
2464
2394
2176
1896
1566
1203
831
483
193
-31
-149
-232
-400
-548
-578
-623
-810
-1066
-1292
-1495
-1732
-1959
-2086
-2163
-2215
-2189
-2034
-1775
-1473
-1088
-681
-166
463
1053
1437
1705
2087
2469
2666
2679
2635
2399
2026
1734
1516
1151
597
165
-133
-434
-650
-744
-827
-1073
-1349
-1480
-1528
-1566
-1728
-1956
-2161
-2172
-2078
-2014
-1956
-1775
-1396
-974
-537
-67
429
932
1341
1628
1822
1918
1936
1790
1544
1261
970
720
460
180
-128
-297
-279
-266
-411
-605
-667
-719
-874
-1106
-1305
-1515
-1751
-1932
-2034
-2101
-2157
-2142
-2043
-1887
-1613
-1244
-751
-242
284
756
1083
1525
1978
2309
2384
2385
2337
2064
1759
1448
1123
626
183
-94
-363
-546
-639
-691
-922
-1149
-1220
-1263
-1371
-1595
-1860
-2137
-2315
-2320
-2314
-2331
-2233
-1913
-1448
-981
-468
101
692
1171
1450
1677
1870
1926
1742
1424
1134
839
517
202
-51
-285
-480
-536
-486
-494
-583
-612
-595
-696
-900
-1099
-1316
-1579
-1855
-2013
-2100
-2201
-2222
-2104
-1904
-1686
-1402
-951
-356
219
677
1016
1390
1816
2149
2315
2299
2147
1838
1526
1291
979
492
-2
-335
-622
-830
-841
-795
-930
-1184
-1271
-1251
-1297
-1464
-1703
-1991
-2232
-2265
-2236
-2270
-2249
-1997
-1553
-1112
-703
-182
417
928
1259
1471
1673
1740
1610
1336
1008
664
322
57
-192
-464
-707
-767
-714
-753
-863
-874
-837
-897
-1026
-1133
-1211
-1388
-1610
-1794
-1910
-2014
-2058
-1989
-1870
-1670
-1399
-966
-409
177
633
943
1343
1802
2158
2289
2280
2086
1686
1312
1018
688
170
-298
-556
-821
-1035
-1000
-834
-886
-1100
-1172
-1111
-1074
-1223
-1500
-1852
-2127
-2175
-2129
-2146
-2151
-1913
-1437
-933
-479
0
576
1091
1376
1514
1643
1715
1543
1203
836
490
173
-158
-432
-680
-896
-934
-900
-928
-1022
-1061
-1011
-1048
-1228
-1414
-1494
-1592
-1777
-1899
-1990
-2022
-2006
-1939
-1810
-1651
-1383
-959
-426
91
464
774
1195
1632
1919
2027
2056
1876
1450
1017
705
357
-254
-837
-1184
-1419
-1591
-1595
-1480
-1489
-1569
-1574
-1506
-1454
-1528
-1715
-2018
-2319
-2455
-2467
-2436
-2396
-2207
-1787
-1258
-697
-119
494
1087
1508
1672
1695
1665
1528
1198
741
272
-144
-484
-758
-987
-1152
-1193
-1141
-1105
-1150
-1166
-1126
-1159
-1328
-1542
-1714
-1841
-1950
-2071
-2137
-2133
-2022
-1818
-1593
-1325
-979
-436
213
779
1133
1401
1809
2236
2456
2451
2380
2152
1680
1194
864
529
-50
-655
-1068
-1359
-1525
-1516
-1414
-1488
-1604
-1600
-1509
-1426
-1490
-1671
-1944
-2150
-2216
-2264
-2262
-2108
-1823
-1429
-941
-340
313
930
1488
1909
2158
2254
2185
1906
1519
1059
589
111
-386
-791
-1059
-1184
-1211
-1202
-1234
-1269
-1226
-1146
-1139
-1259
-1406
-1582
-1798
-1962
-2068
-2075
-2083
-2035
-1843
-1561
-1219
-826
-249
424
1095
1548
1802
2137
2509
2753
2745
2608
2289
1768
1283
905
530
-55
-599
-975
-1251
-1425
-1413
-1271
-1264
-1317
-1326
-1287
-1216
-1257
-1409
-1670
-1871
-1915
-1927
-1960
-1894
-1596
-1145
-655
-136
456
1090
1695
2155
2436
2538
2510
2317
1969
1523
1061
627
155
-276
-625
-830
-907
-916
-906
-918
-892
-810
-774
-867
-1020
-1201
-1351
-1516
-1654
-1767
-1818
-1795
-1624
-1286
-987
-639
-113
638
1385
1869
2204
2594
3011
3272
3298
3173
2830
2292
1744
1318
873
267
-271
-657
-938
-1130
-1123
-991
-978
-1064
-1070
-965
-881
-924
-1099
-1357
-1579
-1651
-1677
-1724
-1666
-1392
-951
-455
63
650
1295
1907
2354
2594
2690
2696
2553
2193
1748
1329
906
469
27
-301
-477
-534
-530
-573
-630
-646
-592
-539
-625
-810
-986
-1121
-1273
-1403
-1508
-1587
-1575
-1452
-1176
-865
-520
-28
605
1307
1864
2233
2629
3049
3394
3508
3473
3253
2758
2178
1667
1221
621
8
-435
-793
-1094
-1166
-1007
-894
-964
-1033
-971
-826
-778
-890
-1126
-1410
-1560
-1592
-1597
-1591
-1406
-1014
-535
-15
588
1290
1991
2505
2814
2972
3054
2972
2644
2171
1681
1195
736
297
-77
-357
-515
-523
-526
-552
-581
-537
-486
-558
-768
-989
-1139
-1322
-1490
-1592
-1649
-1656
-1581
-1345
-1005
-647
-223
406
1161
1765
2144
2515
2977
3356
3518
3517
3346
2904
2377
1941
1514
909
269
-222
-595
-942
-1130
-1067
-971
-1073
-1194
-1166
-1074
-1017
-1102
-1326
-1596
-1729
-1744
-1793
-1857
-1726
-1396
-945
-472
77
723
1418
2036
2438
2693
2838
2850
2662
2275
1801
1341
875
410
-18
-322
-474
-503
-498
-510
-541
-499
-408
-439
-626
-864
-1077
-1277
-1493
-1663
-1793
-1888
-1889
-1718
-1416
-1082
-735
-209
514
1221
1749
2136
2537
2915
3191
3293
3225
2900
2393
1954
1567
1090
507
12
-385
-772
-1025
-1003
-901
-971
-1154
-1214
-1163
-1135
-1190
-1428
-1786
-1998
-1996
-1950
-2017
-2039
-1827
-1409
-923
-409
176
833
1456
1919
2222
2424
2511
2423
2144
1698
1213
776
389
-8
-408
-703
-809
-817
-822
-874
-889
-828
-782
-894
-1128
-1337
-1489
-1672
-1866
-2002
-2116
-2122
-1983
-1746
-1498
-1218
-784
-159
519
1115
1532
1887
2261
2600
2834
2869
2677
2239
1764
1383
1027
571
50
-369
-745
-1047
-1147
-1066
-1040
-1204
-1328
-1327
-1271
-1285
-1411
-1677
-1964
-2119
-2115
-2126
-2219
-2143
-1809
-1319
-848
-374
192
845
1433
1852
2142
2271
2261
2115
1847
1469
1016
629
266
-103
-432
-582
-602
-588
-605
-636
-632
-594
-584
-728
-934
-1126
-1279
-1476
-1670
-1839
-1932
-1919
-1765
-1517
-1234
-936
-547
45
681
1247
1566
1875
2212
2570
2792
2805
2609
2181
1765
1472
1146
697
225
-175
-534
-781
-821
-756
-783
-936
-1014
-1021
-969
-1009
-1190
-1477
-1719
-1794
-1819
-1920
-2038
-1919
-1510
-1033
-638
-227
365
1051
1623
2008
2239
2365
2374
2258
1974
1570
1142
772
412
26
-256
-379
-390
-414
-478
-490
-445
-368
-412
-569
-751
-870
-1000
-1209
-1393
-1483
-1499
-1424
-1293
-1120
-860
-528
-135
363
946
1508
1883
2091
2331
2644
2912
2918
2693
2327
2007
1773
1519
1115
645
241
-62
-242
-338
-367
-420
-552
-654
-660
-640
-715
-891
-1116
-1331
-1440
-1461
-1541
-1621
-1512
-1144
-706
-340
78
662
1302
1782
2160
2425
2545
2554
2467
2239
1876
1478
1167
872
492
161
10
-24
-88
-170
-180
-152
-133
-160
-286
-446
-581
-697
-870
-1053
-1135
-1154
-1122
-1025
-829
-586
-286
14
390
878
1426
1827
1998
2174
2439
2762
2870
2735
2457
2157
1902
1669
1399
1007
580
280
72
-123
-265
-345
-438
-563
-617
-595
-617
-719
-892
-1059
-1194
-1196
-1199
-1256
-1234
-1037
-692
-332
60
534
1078
1544
1943
2294
2547
2618
2530
2373
2136
1808
1493
1205
806
400
166
81
-34
-170
-227
-234
-239
-246
-279
-385
-510
-605
-663
-730
-803
-851
-856
-772
-594
-352
-211
-34
203
578
1067
1528
1824
1939
2101
2351
2612
2711
2712
2512
2184
1897
1706
1469
1073
650
372
100
-205
-333
-326
-444
-619
-643
-579
-575
-665
-743
-822
-945
-1000
-954
-983
-1044
-895
-509
-83
258
629
1064
1500
1886
2251
2527
2586
2508
2358
2141
1862
1542
1194
783
402
151
1
-155
-280
-315
-320
-352
-339
-319
-371
-468
-509
-522
-616
-706
-727
-642
-549
-409
-260
-88
125
339
588
915
1337
1709
1864
1887
2056
2415
2681
2680
2473
2217
2013
1792
1555
1219
838
455
83
-189
-285
-267
-346
-557
-711
-694
-544
-442
-524
-734
-879
-811
-650
-684
-885
-848
-466
-52
199
483
942
1458
1870
2190
2435
2555
2569
2499
2318
1997
1678
1404
1024
526
163
19
-73
-219
-385
-432
-380
-281
-244
-336
-461
-471
-463
-502
-585
-573
-552
-540
-485
-363
-187
-45
89
200
370
672
1077
1378
1426
1422
1649
2018
2278
2301
2220
2028
1802
1619
1447
1114
653
232
-75
-331
-488
-495
-531
-704
-860
-831
-687
-603
-653
-760
-877
-916
-866
-862
-914
-887
-668
-391
-150
194
684
1159
1521
1835
2146
2362
2451
2436
2269
1954
1600
1349
1035
595
195
-17
-139
-263
-346
-382
-371
-313
-207
-188
-253
-300
-262
-319
-402
-478
-483
-491
-504
-466
-390
-250
-167
-99
-45
140
483
889
1168
1214
1317
1623
2046
2284
2270
2103
1898
1756
1601
1363
965
529
182
-125
-392
-487
-431
-492
-672
-699
-513
-336
-350
-463
-573
-649
-678
-690
-838
-1077
-1067
-763
-426
-240
18
511
1059
1489
1870
2229
2419
2444
2359
2180
1906
1622
1292
823
316
57
-11
-148
-340
-393
-288
-166
-52
49
55
-2
1
28
-61
-201
-290
-362
-485
-551
-492
-396
-391
-377
-301
-198
-60
197
560
863
1019
1149
1430
1733
1979
2054
2049
1869
1624
1455
1290
1021
609
239
-56
-284
-387
-346
-303
-329
-348
-285
-167
-119
-145
-255
-464
-674
-775
-876
-1035
-1069
-851
-570
-372
-82
443
1041
1510
1929
2285
2475
2504
2480
2352
2060
1693
1376
1069
637
305
151
115
48
1
51
127
239
336
385
311
225
168
85
-77
-281
-363
-396
-421
-453
-393
-297
-191
-100
-60
16
105
245
429
653
862
954
1025
1195
1467
1710
1760
1693
1531
1356
1209
1083
861
512
180
12
-61
-70
-54
-65
-143
-169
-108
-21
-61
-195
-381
-581
-671
-680
-748
-920
-917
-654
-326
-121
173
658
1120
1456
1757
2045
2175
2149
2115
2008
1723
1450
1270
1042
660
374
340
317
201
120
171
247
285
330
336
206
82
46
-42
-207
-303
-292
-294
-385
-396
-313
-212
-213
-228
-230
-184
-132
-78
18
190
406
565
649
773
958
1197
1343
1378
1262
1112
1010
933
782
528
298
128
-15
-158
-190
-174
-224
-341
-408
-363
-364
-439
-560
-663
-758
-790
-819
-898
-899
-705
-378
-152
60
437
897
1264
1544
1832
2033
2091
2068
1979
1799
1544
1318
1084
730
365
173
87
-25
-146
-177
-136
-83
-59
-38
-19
34
80
83
-4
-59
-62
-56
-122
-190
-194
-164
-129
-119
-139
-217
-256
-197
-166
-199
-147
69
283
332
378
600
896
1093
1164
1146
1035
914
799
644
363
65
-116
-239
-390
-475
-369
-253
-281
-376
-335
-213
-159
-203
-314
-485
-639
-644
-654
-710
-695
-454
-181
3
307
777
1219
1506
1727
1877
1914
1891
1837
1654
1262
886
658
446
147
-121
-194
-195
-193
-137
15
166
269
365
421
430
456
518
488
349
250
263
262
201
152
138
108
37
6
-36
-104
-237
-334
-413
-488
-513
-381
-125
75
111
193
455
756
953
1036
1038
935
827
758
709
556
367
248
174
177
262
407
472
449
509
691
774
666
491
357
224
104
58
-52
-237
-259
9
244
310
506
890
1206
1318
1503
1740
1789
1592
1403
1288
1081
857
686
466
158
41
196
364
376
474
774
1051
1177
1276
1414
1480
1457
1402
1285
1082
858
708
484
241
121
139
75
-91
-218
-222
-217
-335
-420
-573
-707
-821
-765
-603
-467
-434
-424
-218
74
463
746
939
974
989
1062
1104
1111
1080
1074
984
900
909
1044
1164
1152
1092
1019
985
899
793
586
313
42
-149
-318
-537
-664
-588
-399
-358
-316
-29
376
670
872
1067
1198
1193
1184
1165
997
815
772
807
682
547
663
949
1157
1293
1467
1691
1848
1947
1971
1880
1712
1521
1326
1017
652
387
211
-3
-223
-328
-341
-390
-450
-487
-519
-581
-669
-760
-950
-1137
-1265
-1257
-1275
-1205
-968
-629
-381
-146
303
894
1416
1689
1887
2008
2105
2162
2160
2083
1890
1715
1559
1441
1312
1286
1238
1063
839
734
699
502
164
-231
-539
-782
-910
-1090
-1361
-1502
-1305
-953
-714
-491
-90
395
765
1056
1316
1531
1626
1629
1559
1452
1420
1449
1453
1339
1299
1491
1777
1842
1761
1785
1870
1817
1563
1255
927
622
333
25
-303
-585
-671
-680
-743
-856
-788
-664
-592
-674
-730
-710
-712
-797
-968
-1084
-1181
-1182
-1132
-1044
-874
-550
-25
419
695
994
1473
1959
2194
2228
2199
2145
2018
1825
1557
1234
1000
843
657
416
283
331
312
113
-122
-222
-354
-619
-918
-1159
-1383
-1559
-1587
-1590
-1621
-1444
-970
-520
-300
24
597
1118
1362
1549
1752
1807
1720
1641
1568
1390
1246
1258
1231
1078
1028
1173
1246
1111
994
951
814
519
233
23
-222
-483
-666
-747
-814
-827
-743
-653
-599
-482
-321
-206
-243
-320
-377
-409
-494
-577
-628
-678
-705
-728
-673
-609
-540
-449
-296
-36
260
505
590
654
796
1067
1242
1185
1032
901
851
783
727
656
551
420
329
290
244
214
82
-165
-414
-536
-627
-847
-1125
-1367
-1459
-1425
-1333
-1261
-1199
-926
-538
-215
-26
243
600
826
926
981
1032
1018
967
876
735
663
639
706
641
596
646
729
687
514
422
389
294
64
-182
-358
-428
-477
-531
-598
-576
-409
-244
-227
-224
-124
-29
-7
-111
-257
-388
-485
-592
-755
-932
-1063
-1140
-1246
-1396
-1507
-1533
-1547
-1610
-1659
-1486
-1120
-729
-555
-389
-46
454
868
1102
1233
1215
1153
1086
999
801
562
412
208
-79
-297
-269
-260
-484
-747
-853
-896
-1128
-1387
-1605
-1784
-1898
-1921
-1888
-1955
-1797
-1400
-1003
-800
-519
3
458
685
804
1006
1111
1043
969
908
824
779
821
791
632
602
741
779
607
530
590
539
349
177
123
55
-8
-27
-81
-133
-106
16
-35
-187
-307
-350
-446
-707
-889
-1035
-1089
-1292
-1348
-1374
-1352
-1366
-1377
-1367
-1470
-1453
-1379
-1305
-1361
-1406
-1222
-877
-470
-158
119
426
775
1150
1410
1524
1411
1215
973
707
442
219
12
-276
-545
-654
-628
-535
-525
-630
-807
-944
-1028
-1213
-1486
-1744
-1905
-2031
-2081
-1992
-1777
-1411
-964
-569
-242
161
662
1060
1210
1261
1295
1310
1307
1319
1272
1183
1185
1253
1301
1241
1263
1241
1131
927
730
563
276
-14
-272
-461
-635
-678
-609
-605
-605
-553
-426
-415
-508
-562
-653
-736
-887
-958
-1067
-1125
-1092
-1009
-916
-873
-689
-559
-492
-546
-643
-740
-906
-1069
-1223
-1318
-1374
-1369
-1147
-796
-316
6
235
437
720
1017
1097
965
671
375
131
-63
-223
-349
-392
-469
-531
-569
-499
-414
-491
-753
-1066
-1273
-1394
-1519
-1674
-1817
-1709
-1404
-1026
-705
-318
210
670
966
1149
1343
1491
1483
1339
1140
1013
933
870
747
646
682
802
866
792
706
668
584
321
12
-234
-401
-526
-680
-779
-829
-698
-519
-436
-415
-348
-222
-194
-244
-273
-289
-327
-362
-419
-427
-366
-265
-216
-186
-179
-188
-220
-373
-580
-848
-1090
-1305
-1519
-1675
-1812
-1791
-1712
-1533
-1281
-868
-343
27
257
399
571
743
825
757
494
255
157
120
100
106
238
352
403
423
488
560
514
303
-42
-441
-746
-903
-1008
-1126
-1217
-1150
-972
-761
-545
-222
141
323
355
345
386
482
508
458
356
384
572
797
944
1069
1228
1382
1443
1371
1246
1072
867
583
256
-61
-270
-326
-342
-388
-426
-341
-170
-27
14
-15
-45
-121
-161
-215
-269
-270
-292
-305
-349
-235
-95
22
11
-95
-188
-292
-352
-514
-736
-986
-1192
-1255
-1307
-1263
-1225
-1110
-1002
-882
-710
-457
-104
207
413
436
403
411
549
690
735
663
551
555
657
784
831
805
716
578
442
267
49
-207
-426
-637
-866
-1042
-1170
-1166
-1109
-936
-756
-608
-473
-300
-9
270
565
731
860
982
1164
1416
1578
1660
1653
1695
1716
1686
1599
1463
1350
1190
1068
858
645
480
377
351
256
167
62
13
20
35
61
20
13
-44
-32
-2
75
157
217
316
416
537
586
669
659
674
653
591
490
300
196
43
-65
-299
-487
-667
-825
-951
-1155
-1277
-1424
-1458
-1497
-1526
-1441
-1296
-1013
-764
-461
-225
-61
94
272
532
647
688
644
616
655
686
736
746
798
900
960
947
822
696
526
323
102
-155
-399
-645
-775
-828
-822
-803
-678
-465
-252
-54
121
298
403
506
666
833
932
966
1041
1182
1305
1365
1380
1370
1352
1352
1297
1122
885
676
553
449
332
196
80
28
43
102
98
93
115
168
164
90
18
0
10
27
18
37
75
114
157
185
216
225
215
114
-11
-162
-335
-514
-739
-932
-1139
-1289
-1417
-1542
-1685
-1746
-1711
-1648
-1557
-1477
-1345
-1186
-936
-698
-452
-159
150
440
632
802
941
1043
1128
1168
1205
1166
1118
1056
963
842
731
653
573
463
300
93
-116
-334
-469
-632
-795
-883
-876
-832
-820
-737
-602
-408
-223
-57
113
254
392
533
644
705
786
875
938
1005
1054
1070
1020
984
966
931
853
758
675
557
441
323
223
122
25
-39
-81
-101
-103
-66
-3
54
74
123
218
380
538
616
655
629
622
574
501
358
214
67
-108
-266
-420
-482
-533
-590
-642
-644
-605
-579
-553
-581
-634
-693
-747
-783
-801
-752
-687
-572
-485
-391
-292
-199
-129
-56
17
72
115
111
113
127
145
173
180
238
330
407
454
437
428
375
333
291
199
54
-127
-255
-353
-410
-424
-414
-335
-229
-100
26
148
216
267
307
316
308
285
285
335
415
517
654
781
891
972
974
939
876
765
660
570
509
486
485
499
558
627
689
708
689
671
621
523
418
329
281
264
264
294
329
396
483
580
636
603
554
520
473
393
275
156
37
-69
-165
-260
-315
-352
-371
-399
-404
-405
-419
-420
-441
-471
-519
-553
-577
-623
-652
-656
-646
-665
-690
-696
-661
-652
-661
-668
-645
-598
-535
-431
-329
-227
-67
114
261
362
447
525
553
541
517
504
497
512
549
615
705
811
893
906
887
825
775
701
565
441
360
302
275
295
349
424
460
491
539
581
557
506
486
464
451
466
504
543
607
689
765
774
772
767
740
676
619
600
554
533
561
586
602
602
615
610
568
534
511
453
366
291
264
243
183
101
7
-88
-182
-229
-268
-304
-329
-372
-387
-362
-340
-330
-324
-320
-311
-302
-275
-276
-281
-276
-263
-267
-275
-281
-300
-300
-288
-271
-293
-327
-336
-334
-373
-379
-403
-434
-488
-507
-484
-460
-425
-396
-317
-216
-97
35
164
298
407
526
619
690
757
807
880
911
926
940
949
910
866
820
754
668
561
439
329
253
180
110
70
61
79
87
99
135
192
256
304
342
397
466
528
591
645
674
715
753
777
757
721
688
668
618
582
557
542
543
508
473
420
376
306
268
222
196
153
38
-67
-156
-169
-208
-191
-170
-146
-137
-136
-162
-173
-164
-166
-133
-140
-169
-236
-325
-418
-488
-511
-482
-432
-427
-452
-488
-491
-508
-545
-585
-623
-603
-578
-570
-615
-644
-704
-757
-758
-755
-719
-725
-701
-706
-693
-655
-601
-495
-444
-326
-256
-135
-57
56
187
334
514
666
864
1002
1117
1137
1149
1118
1069
1071
1097
1106
1063
995
915
828
716
593
449
309
187
96
16
-69
-163
-236
-221
-178
-111
-32
17
12
-42
-65
-64
-14
85
198
328
415
476
528
554
559
553
532
486
454
428
383
298
209
145
158
162
146
80
-19
-110
-196
-253
-336
-369
-405
-381
-355
-322
-282
-273
-227
-190
-90
-40
-46
-127
-230
-323
-399
-444
-515
-561
-624
-660
-676
-722
-762
-787
-765
-732
-668
-579
-494
-448
-439
-428
-396
-349
-341
-338
-318
-259
-219
-173
-133
-71
50
153
260
302
355
385
406
429
429
458
467
525
512
515
485
460
467
458
483
480
523
513
480
412
330
271
201
143
57
-8
-64
-110
-145
-187
-188
-162
-131
-98
-90
-72
-75
-90
-91
-41
40
125
219
312
407
510
596
649
675
683
691
687
649
575
497
424
370
311
241
208
188
156
86
-8
-96
-177
-209
-240
-270
-318
-331
-325
-309
-268
-216
-144
-86
-23
39
62
95
96
104
91
56
28
-29
-62
-143
-205
-275
-322
-338
-356
-348
-353
-323
-322
-337
-382
-363
-370
-361
-372
-425
-409
-380
-332
-309
-259
-214
-153
-122
-110
-79
-56
-27
-17
-2
0
-10
9
17
48
73
109
153
180
229
270
333
384
444
483
529
584
592
588
544
512
470
444
431
399
369
330
314
283
251
214
158
101
29
-22
-116
-197
-217
-201
-180
-148
-88
-64
-38
-3
37
51
74
107
127
156
193
253
330
396
477
524
589
625
607
593
572
566
530
530
499
496
504
480
448
394
361
334
307
213
132
76
21
-25
-89
-159
-241
-309
-317
-305
-299
-297
-317
-326
-312
-284
-242
-217
-206
-204
-195
-205
-206
-170
-104
-64
-33
3
42
87
144
200
220
193
152
137
134
191
252
289
299
326
376
417
463
489
515
527
514
497
485
457
430
435
466
488
522
547
569
595
603
594
564
518
456
394
334
276
266
290
300
323
379
459
537
602
643
681
697
710
726
724
696
647
632
622
637
649
653
658
613
582
581
596
587
573
558
526
516
518
514
514
502
501
496
488
484
480
466
416
362
309
277
240
230
226
222
203
165
106
41
-2
-48
-83
-96
-78
-91
-140
-184
-195
-217
-245
-267
-288
-288
-299
-293
-281
-258
-225
-181
-146
-126
-134
-150
-173
-181
-190
-197
-204
-217
-212
-201
-184
-191
-181
-175
-167
-155
-144
-141
-159
-184
-206
-197
-161
-120
-79
-48
-32
1
33
81
142
206
269
327
376
416
446
477
519
551
557
541
521
491
461
428
388
320
258
191
128
72
17
-21
-56
-78
-80
-69
-74
-56
-28
-3
27
55
79
80
90
109
121
127
157
212
279
352
412
437
472
480
463
445
407
373
318
258
183
133
93
88
101
93
101
63
6
-60
-110
-150
-164
-177
-188
-179
-202
-225
-260
-282
-301
-321
-316
-336
-346
-353
-374
-401
-394
-333
-291
-218
-179
-180
-191
-201
-219
-207
-192
-171
-135
-105
-77
-95
-89
-84
-88
-85
-81
-77
-119
-127
-103
-94
-91
-78
-74
-94
-87
-95
-114
-111
-111
-94
-91
-52
-44
-18
13
51
90
104
145
185
230
256
265
252
280
295
309
322
310
298
282
279
259
247
245
258
280
299
285
245
208
172
153
140
136
106
62
42
35
56
83
85
96
99
120
145
158
145
124
102
92
104
98
94
99
104
106
96
90
105
105
106
80
24
3
1
15
24
22
-20
-70
-74
-55
-21
1
2
-58
-113
-163
-175
-182
-177
-170
-169
-185
-198
-190
-175
-136
-122
-108
-128
-161
-196
-234
-234
-273
-304
-306
-307
-314
-316
-287
-288
-258
-232
-213
-204
-205
-232
-283
-295
-289
-260
-213
-182
-149
-117
-104
-97
-114
-121
-155
-169
-153
-121
-89
-91
-108
-125
-71
4
65
52
18
2
-4
-15
-32
-37
-55
-52
-55
-72
-98
-110
-122
-129
-155
-183
-207
-236
-234
-220
-207
-199
-185
-181
-158
-128
-131
-167
-204
-219
-215
-201
-191
-186
-176
-142
-107
-81
-39
-40
-43
-43
-79
-127
-163
-160
-171
-171
-153
-120
-130
-151
-172
-175
-192
-215
-250
-294
-294
-282
-273
-270
-291
-304
-336
-355
-383
-423
-452
-476
-474
-485
-492
-500
-496
-493
-483
-494
-493
-485
-476
-456
-443
-413
-388
-356
-319
-287
-243
-238
-216
-206
-198
-190
-169
-156
-151
-118
-102
-91
-89
-89
-113
-153
-193
-220
-238
-264
-267
-272
-279
-279
-291
-294
-300
-304
-298
-300
-267
-247
-243
-231
-209
-183
-161
-131
-115
-78
-24
47
83
107
131
130
131
108
94
60
71
71
55
42
8
2
-11
-5
-31
-65
-92
-156
-207
-244
-289
-297
-303
-295
-284
-284
-295
-333
-358
-376
-363
-333
-316
-301
-289
-283
-274
-252
-222
-186
-138
-114
-85
-75
-71
-77
-91
-92
-104
-113
-132
-134
-145
-153
-150
-173
-180
-186
-178
-164
-148
-152
-164
-176
-188
-197
-209
-243
-277
-306
-315
-305
-313
-327
-350
-347
-330
-309
-310
-296
-292
-290
-284
-294
-292
-288
-279
-274
-273
-256
-249
-235
-251
-253
-249
-260
-235
-217
-220
-222
-231
-245
-269
-264
-286
-299
-311
-328
-318
-309
-277
-274
-264
-281
-302
-294
-275
-258
-267
-231
-213
-183
-203
-184
-166
-137
-100
-77
-34
-12
24
-14
-25
-49
-54
-58
-57
-8
-7
-25
-79
-109
-103
-92
-72
-94
-123
-171
-185
-190
-200
-205
-211
-216
-237
-235
-209
-157
-133
-134
-162
-208
-231
-249
-245
-233
-250
-275
-281
-298
-315
-334
-354
-367
-417
-438
-457
-456
-451
-463
-478
-492
-477
-473
-473
-469
-448
-436
-423
-406
-390
-380
-382
-377
-372
-359
-369
-399
-434
-467
-475
-481
-507
-555
-599
-629
-649
-650
-655
-669
-694
-703
-707
-690
-668
-661
-649
-650
-637
-615
-580
-529
-494
-470
-439
-407
-363
-330
-299
-281
-272
-246
-233
-191
-148
-122
-120
-116
-121
-126
-140
-109
-90
-106
-104
-100
-82
-65
-54
-79
-91
-83
-97
-96
-101
-107
-128
-135
-140
-155
-180
-206
-216
-219
-203
-174
-186
-195
-192
-191
-193
-191
-188
-208
-203
-182
-153
-122
-106
-99
-105
-102
-98
-98
-92
-95
-93
-106
-116
-146
-168
-185
-193
-204
-212
-201
-201
-216
-249
-290
-317
-332
-356
-366
-361
-370
-377
-389
-420
-444
-462
-463
-462
-464
-456
-476
-494
-475
-458
-431
-401
-409
-421
-426
-430
-408
-402
-383
-387
-395
-405
-407
-393
-359
-316
-312
-318
-308
-284
-282
-277
-274
-259
-231
-233
-219
-228
-234
-238
-225
-203
-198
-179
-159
-147
-149
-139
-112
-79
-66
-63
-58
-50
-40
-37
-31
-43
-29
-8
17
29
31
47
44
65
66
52
37
31
31
37
58
85
112
150
174
183
197
195
191
169
152
143
136
120
96
73
49
26
6
-8
-31
-45
-60
-69
-97
-133
-170
-187
-194
-188
-184
-210
-248
-259
-271
-277
-261
-233
-218
-218
-226
-232
-248
-263
-263
-250
-210
-178
-171
-169
-155
-150
-136
-108
-73
-54
-37
-42
-80
-110
-139
-159
-160
-142
-140
-138
-150
-162
-185
-182
-160
-150
-135
-132
-138
-128
-114
-107
-86
-92
-86
-69
-54
-46
-40
-33
-50
-62
-63
-50
-50
-34
-9
-4
16
25
34
55
88
95
120
111
106
121
128
131
128
119
132
170
207
220
189
146
113
117
149
203
234
214
178
152
161
178
169
163
146
133
146
153
153
136
101
66
61
65
64
62
69
57
37
23
32
50
60
78
81
60
44
17
5
-9
-23
-24
-28
-13
-4
1
-25
-43
-65
-78
-80
-87
-88
-90
-83
-82
-83
-101
-118
-133
-145
-140
-105
-74
-44
-19
-13
-21
-25
-7
43
84
85
59
24
0
-5
2
14
52
85
89
68
46
13
19
7
-7
-34
-63
-54
-66
-98
-129
-129
-112
-82
-39
8
25
24
5
-5
3
26
51
69
57
26
12
-8
4
42
88
107
96
60
34
30
41
64
94
103
103
98
82
62
31
22
11
20
47
70
73
62
40
3
-25
-35
-45
-45
-43
-43
-61
-75
-81
-66
-35
-25
-51
-52
-58
-69
-91
-102
-79
-70
-48
-39
-13
-11
-29
-42
-52
-67
-57
-30
-11
-2
-32
-51
-43
-22
-13
-17
-15
-33
-23
-21
-13
2
25
52
51
49
46
60
39
19
-4
-23
-33
-32
-1
10
14
-7
3
8
26
22
-3
-17
-25
-45
-87
-77
-75
-63
-73
-90
-56
-44
-19
-24
-55
-72
-75
-75
-67
-76
-82
-54
-35
-37
-68
-100
-128
-158
-170
-149
-128
-128
-140
-144
-151
-123
-83
-76
-68
-51
-18
-45
-68
-81
-60
-43
-47
-49
-40
-35
-50
-75
-94
-75
-92
-83
-86
-68
-56
-45
-26
-20
-25
-41
-13
9
17
13
1
-10
-2
6
41
45
32
14
-15
-31
-62
-94
-112
-65
-43
-23
-19
4
17
34
36
40
61
75
56
12
3
-10
3
16
22
25
26
25
7
10
-29
-75
-79
-64
-64
-86
-89
-94
-93
-67
-51
-51
-64
-81
-124
-148
-150
-137
-129
-109
-94
-84
-96
-112
-127
-156
-171
-156
-159
-173
-165
-151
-118
-108
-121
-153
-140
-115
-135
-159
-195
-210
-189
-141
-109
-134
-159
-194
-203
-178
-133
-111
-74
-66
-89
-104
-83
-10
21
4
15
21
11
19
25
49
70
73
73
67
76
97
99
85
35
-20
-44
-53
-65
-73
-92
-117
-140
-134
-131
-120
-88
-86
-94
-125
-144
-163
-161
-133
-126
-104
-120
-132
-128
-123
-115
-92
-91
-133
-155
-144
-135
-99
-80
-85
-84
-90
-66
-31
3
1
-24
-76
-92
-106
-77
-42
-63
-77
-121
-122
-114
-105
-99
-122
-151
-178
-198
-181
-182
-164
-168
-187
-196
-165
-167
-160
-139
-136
-116
-98
-74
-76
-70
-39
-30
-35
-20
8
15
11
26
48
51
22
15
20
28
63
88
91
73
76
97
128
134
142
129
112
104
89
85
125
168
163
156
136
138
134
132
152
167
167
186
209
213
198
169
164
188
208
228
231
208
184
183
176
166
196
216
222
218
201
198
202
225
229
229
239
248
259
274
261
237
236
258
276
265
256
242
219
193
196
203
207
173
167
162
148
143
129
125
120
127
129
128
137
139
118
106
101
107
132
143
125
115
131
139
152
141
124
121
124
126
128
116
89
61
38
45
38
31
42
22
14
12
24
48
40
38
44
45
63
60
70
94
107
118
136
136
149
144
163
187
163
124
147
191
202
190
155
165
184
195
212
216
214
200
175
157
160
160
156
160
166
185
182
171
137
108
128
149
144
135
110
125
134
145
124
92
87
89
83
63
82
68
69
78
106
108
112
136
118
107
88
91
77
75
79
69
90
79
83
76
37
55
51
46
35
23
-4
-29
-35
-45
-37
-45
-60
-89
-117
-143
-160
-174
-178
-181
-173
-171
-154
-146
-131
-111
-121
-110
-90
-85
-93
-82
-76
-51
-36
-18
18
35
34
38
61
53
43
13
15
29
36
62
105
110
98
58
31
43
53
49
59
56
63
63
90
122
95
80
77
98
108
108
108
83
47
47
67
82
110
103
113
127
118
133
144
166
174
196
206
197
209
236
234
191
155
156
178
198
200
174
158
169
167
147
136
124
131
133
119
114
139
151
164
162
155
154
140
131
125
120
111
102
82
72
76
58
50
50
33
34
49
51
54
37
14
-17
-60
-71
-61
-40
-41
-54
-58
-32
-13
2
16
6
15
29
42
8
-1
15
18
14
-1
22
40
51
58
59
44
38
24
16
14
17
34
25
40
64
94
104
95
88
94
83
82
81
70
92
91
88
78
72
76
63
58
43
19
21
54
71
64
43
57
82
89
89
105
112
126
122
123
144
152
153
155
160
162
159
153
138
132
107
75
69
86
109
112
102
83
80
72
78
68
64
73
77
89
107
117
125
131
117
89
74
77
95
119
130
105
101
114
121
115
130
151
163
158
129
120
98
69
60
53
33
26
40
53
46
34
23
19
21
28
32
26
32
27
20
14
2
-2
9
38
45
46
61
61
66
85
89
106
109
101
110
106
110
128
126
119
128
125
109
109
122
138
139
143
147
132
112
101
99
85
71
66
50
35
49
64
91
75
49
47
71
84
54
68
85
72
58
65
79
73
78
104
143
144
140
159
180
183
172
169
169
180
173
169
168
182
167
151
156
147
143
135
148
139
135
127
129
132
154
151
147
145
130
118
96
112
124
149
160
154
146
159
187
183
178
179
178
195
208
192
182
197
224
222
222
242
246
236
229
226
220
224
236
210
193
194
173
163
185
199
169
137
103
102
132
132
174
187
151
122
95
146
183
224
264
266
257
246
268
318
350
362
346
326
321
279
274
290
297
290
265
264
293
314
314
283
243
242
246
272
291
315
308
305
328
326
310
310
343
351
327
303
277
280
276
284
298
285
300
292
266
260
270
260
243
243
235
234
244
263
254
205
184
184
203
207
201
181
158
142
150
159
164
170
158
126
89
82
76
73
68
49
16
11
24
10
5
16
16
11
20
16
-2
12
28
34
11
3
-6
1
4
-4
-4
-18
-20
-27
-32
-31
-31
-9
-7
-29
-30
-38
-42
-36
-27
-47
-63
-52
-46
-58
-71
-61
-69
-76
-91
-85
-111
-141
-155
-144
-127
-106
-104
-120
-135
-119
-109
-122
-130
-133
-128
-133
-128
-121
-112
-132
-138
-131
-131
-129
-127
-144
-157
-159
-159
-156
-152
-148
-154
-167
-161
-165
-172
-193
-207
-207
-215
-195
-170
-165
-175
-172
-150
-141
-145
-160
-168
-160
-175
-181
-176
-163
-160
-170
-178
-194
-186
-193
-207
-221
-207
-211
-220
-243
-247
-230
-227
-221
-222
-210
-212
-213
-220
-235
-240
-216
-224
-256
-259
-262
-271
-287
-288
-296
-314
-312
-320
-327
-315
-310
-323
-330
-328
-303
-302
-306
-320
-320
-295
-287
-265
-272
-259
-259
-264
-266
-255
-223
-216
-231
-251
-251
-251
-253
-272
-273
-262
-269
-287
-292
-274
-260
-274
-278
-262
-236
-229
-233
-235
-218
-213
-215
-214
-222
-208
-194
-198
-195
-187
-196
-202
-216
-225
-208
-196
-194
-202
-197
-195
-199
-222
-214
-216
-217
-211
-198
-211
-220
-214
-232
-234
-228
-218
-236
-256
-278
-290
-302
-300
-302
-323
-338
-354
-342
-340
-349
-354
-357
-351
-372
-346
-321
-314
-320
-307
-296
-283
-274
-255
-250
-273
-281
-293
-301
-314
-313
-318
-332
-327
-308
-301
-300
-276
-257
-290
-320
-325
-316
-283
-258
-255
-286
-306
-311
-309
-321
-307
-299
-314
-320
-330
-324
-305
-298
-317
-343
-367
-372
-364
-342
-333
-355
-386
-393
-370
-368
-373
-382
-380
-379
-384
-391
-396
-409
-405
-408
-412
-415
-422
-424
-424
-428
-445
-474
-484
-446
-429
-411
-426
-441
-460
-472
-439
-416
-420
-451
-479
-484
-451
-425
-438
-442
-444
-458
-465
-448
-420
-392
-401
-429
-437
-428
-417
-399
-386
-392
-389
-381
-378
-377
-394
-402
-424
-449
-465
-472
-449
-425
-433
-463
-458
-457
-449
-442
-422
-391
-396
-396
-394
-379
-375
-387
-394
-398
-407
-430
-428
-422
-420
-398
-406
-427
-416
-423
-426
-426
-433
-432
-451
-456
-457
-457
-445
-444
-472
-510
-493
-465
-455
-451
-435
-442
-461
-474
-481
-494
-505
-499
-505
-491
-472
-451
-437
-424
-447
-443
-424
-428
-409
-416
-409
-394
-381
-382
-369
-347
-342
-356
-346
-329
-334
-342
-339
-354
-350
-343
-322
-304
-326
-344
-357
-342
-325
-323
-325
-318
-303
-291
-302
-307
-312
-314
-329
-347
-346
-340
-342
-338
-332
-321
-297
-306
-320
-330
-317
-298
-289
-295
-313
-316
-297
-296
-296
-283
-277
-267
-260
-256
-269
-288
-280
-258
-277
-307
-294
-297
-316
-321
-334
-339
-324
-319
-354
-355
-345
-350
-383
-394
-363
-346
-360
-376
-362
-347
-315
-313
-329
-346
-347
-342
-338
-330
-322
-319
-317
-322
-346
-350
-359
-350
-361
-383
-383
-385
-388
-390
-399
-391
-376
-366
-362
-355
-356
-371
-375
-381
-358
-351
-362
-377
-399
-399
-392
-391
-398
-411
-401
-404
-401
-392
-381
-382
-365
-344
-334
-338
-351
-362
-354
-337
-343
-353
-348
-348
-357
-355
-350
-334
-342
-345
-351
-348
-335
-345
-338
-346
-347
-349
-355
-339
-326
-327
-332
-343
-346
-344
-310
-276
-293
-308
-277
-252
-267
-247
-243
-264
-265
-252
-246
-240
-215
-199
-211
-224
-228
-232
-232
-222
-226
-217
-219
-237
-265
-273
-231
-214
-255
-317
-325
-307
-276
-277
-271
-275
-322
-345
-337
-290
-254
-246
-251
-251
-240
-243
-226
-219
-209
-226
-260
-291
-293
-285
-288
-301
-324
-329
-346
-360
-370
-360
-365
-395
-420
-397
-348
-316
-325
-312
-281
-266
-258
-281
-277
-264
-255
-244
-248
-253
-277
-292
-282
-264
-279
-289
-304
-305
-299
-278
-242
-240
-261
-277
-280
-250
-238
-235
-230
-239
-256
-275
-241
-188
-152
-161
-202
-223
-213
-188
-189
-217
-223
-231
-248
-261
-262
-269
-278
-281
-284
-261
-230
-214
-211
-203
-191
-178
-155
-144
-159
-163
-150
-152
-159
-158
-143
-140
-155
-160
-161
-171
-190
-198
-198
-201
-190
-186
-194
-209
-199
-183
-166
-162
-174
-183
-182
-178
-180
-153
-139
-143
-169
-163
-133
-129
-146
-155
-153
-148
-126
-103
-98
-100
-95
-75
-54
-55
-77
-99
-97
-95
-82
-90
-96
-92
-93
-104
-110
-94
-87
-87
-95
-104
-127
-146
-143
-151
-148
-162
-161
-166
-176
-184
-179
-186
-177
-177
-173
-140
-129
-126
-133
-125
-131
-138
-111
-99
-107
-143
-162
-159
-146
-111
-102
-113
-110
-108
-96
-82
-92
-119
-130
-139
-148
-145
-134
-126
-132
-146
-157
-165
-193
-189
-191
-209
-235
-241
-216
-203
-205
-227
-232
-241
-251
-237
-225
-222
-236
-244
-245
-238
-243
-242
-227
-210
-204
-211
-200
-179
-192
-177
-180
-187
-191
-201
-186
-180
-190
-195
-203
-213
-216
-214
-221
-247
-267
-258
-237
-245
-255
-253
-235
-227
-256
-267
-265
-271
-283
-284
-295
-309
-307
-308
-285
-288
-300
-297
-284
-273
-276
-263
-265
-252
-246
-241
-244
-254
-264
-267
-271
-282
-282
-260
-244
-273
-268
-255
-240
-254
-255
-254
-264
-284
-301
-289
-311
-335
-343
-329
-338
-349
-350
-344
-338
-350
-350
-331
-339
-344
-364
-372
-356
-350
-338
-321
-291
-275
-255
-256
-258
-276
-287
-310
-315
-299
-285
-292
-336
-354
-348
-329
-317
-312
-325
-357
-374
-369
-342
-301
-296
-317
-339
-357
-332
-283
-270
-260
-273
-291
-300
-302
-273
-265
-276
-288
-301
-293
-266
-245
-257
-300
-305
-308
-305
-293
-292
-305
-317
-329
-345
-333
-321
-295
-287
-267
-262
-266
-255
-251
-251
-256
-274
-278
-273
-263
-229
-232
-251
-257
-249
-241
-239
-244
-232
-232
-237
-233
-209
-193
-199
-200
-194
-190
-180
-161
-145
-145
-161
-170
-160
-159
-164
-156
-134
-134
-145
-146
-143
-147
-164
-179
-189
-195
-196
-169
-146
-141
-150
-150
-150
-139
-119
-113
-106
-99
-87
-81
-75
-59
-57
-59
-53
-48
-46
-40
-10
13
21
0
-25
-42
-44
-53
-39
3
23
17
17
44
53
44
23
30
35
20
34
62
76
80
78
53
57
61
56
49
44
46
46
57
81
92
91
82
72
83
110
117
113
105
95
79
86
101
114
113
90
108
122
117
116
124
142
143
151
168
171
164
149
157
155
166
166
176
205
200
221
209
219
214
218
223
221
216
191
195
208
219
226
244
245
246
230
236
260
269
286
272
274
267
255
252
256
262
237
242
243
254
267
271
260
243
267
274
271
271
272
276
266
266
272
266
266
272
268
260
265
261
255
256
260
280
267
284
285
273
274
269
254
249
265
285
285
275
282
281
256
241
254
249
230
219
222
215
214
211
203
201
205
206
201
198
185
191
207
200
209
214
230
228
228
213
208
214
203
206
216
217
209
206
199
204
188
185
186
183
175
158
182
193
179
143
138
148
133
122
138
150
143
146
127
138
175
173
165
160
169
152
149
147
143
132
120
113
117
154
158
153
146
153
181
185
179
171
162
165
174
176
183
181
205
236
245
265
230
232
247
241
231
228
209
219
203
209
225
192
172
161
157
188
206
212
200
147
122
112
129
171
178
172
161
136
125
152
180
179
176
148
132
135
136
142
134
98
70
50
41
40
44
32
17
-10
-13
-4
18
22
29
42
50
62
35
20
15
6
8
-17
-42
-54
-43
-31
-13
1
-16
-32
-68
-67
-42
-9
-2
0
-7
-14
-6
11
31
48
26
6
5
28
52
60
43
26
30
26
37
38
20
-18
-34
-57
-54
-43
-48
-46
-56
-80
-80
-44
-21
-10
-9
-8
3
8
19
18
38
22
-7
-9
-11
5
-5
-12
-26
-36
-57
-82
-97
-109
-113
-108
-89
-85
-69
-76
-94
-107
-104
-108
-119
-138
-122
-116
-121
-113
-108
-110
-132
-141
-138
-133
-142
-158
-147
-137
-132
-145
-134
-129
-127
-137
-123
-104
-133
-133
-140
-145
-154
-148
-133
-127
-105
-101
-106
-120
-104
-74
-68
-77
-109
-92
-57
-53
-86
-108
-115
-125
-109
-109
-95
-86
-102
-98
-110
-101
-96
-92
-81
-108
-126
-123
-115
-98
-92
-96
-92
-96
-95
-99
-84
-83
-101
-99
-107
-105
-110
-135
-133
-153
-161
-147
-132
-130
-121
-126
-135
-131
-140
-145
-140
-137
-137
-133
-121
-115
-134
-164
-175
-176
-164
-192
-208
-214
-205
-196
-218
-211
-208
-189
-173
-164
-158
-166
-166
-156
-152
-145
-131
-135
-123
-146
-157
-148
-149
-145
-153
-152
-152
-141
-128
-134
-138
-149
-144
-142
-131
-103
-98
-114
-128
-130
-134
-144
-157
-144
-146
-152
-155
-166
-178
-189
-208
-198
-191
-188
-171
-167
-160
-146
-120
-109
-96
-104
-102
-86
-74
-70
-75
-73
-86
-75
-77
-82
-87
-121
-121
-95
-99
-110
-122
-108
-117
-156
-164
-140
-130
-141
-166
-162
-160
-165
-178
-180
-182
-171
-156
-162
-161
-180
-172
-154
-124
-118
-121
-116
-110
-106
-125
-135
-154
-151
-174
-182
-189
-209
-198
-176
-154
-147
-174
-205
-221
-228
-205
-187
-175
-204
-227
-224
-203
-185
-178
-179
-205
-229
-243
-236
-205
-193
-212
-220
-227
-207
-211
-210
-228
-245
-265
-271
-265
-259
-263
-250
-249
-278
-300
-305
-310
-301
-271
-265
-249
-237
-223
-233
-238
-245
-264
-266
-260
-242
-236
-243
-248
-238
-228
-216
-209
-222
-226
-208
-204
-190
-148
-123
-118
-133
-120
-106
-73
-54
-56
-56
-74
-57
-49
-20
-17
-14
-2
2
-6
-3
-2
1
2
-23
-36
-44
-30
-17
-8
-25
-37
-37
-13
20
7
26
36
32
60
68
70
86
94
86
88
103
128
135
131
149
155
147
115
100
95
104
122
126
130
132
123
115
120
102
78
66
79
100
96
101
95
67
44
46
71
70
54
33
33
51
20
5
13
16
19
17
26
13
13
7
17
31
23
1
9
31
52
68
57
27
22
17
21
42
29
37
22
24
37
33
35
41
43
46
50
63
82
87
92
85
98
93
98
93
83
98
83
84
90
81
74
74
73
73
65
68
69
73
61
55
64
79
82
60
69
70
62
77
81
85
70
69
73
81
66
65
51
52
70
44
59
54
46
48
52
67
67
71
49
43
29
26
41
55
53
