12
19
45
53
48
45
41
43
59
63
53
59
83
104
113
117
91
75
88
95
97
85
82
79
89
95
83
66
56
43
49
73
75
91
116
129
139
127
111
129
137
155
168
169
162
165
176
186
176
185
204
212
209
205
209
191
198
194
217
239
249
257
249
248
244
233
221
207
212
226
239
245
244
253
244
228
227
236
248
258
272
280
296
289
281
280
280
299
309
314
305
303
311
316
328
325
322
323
324
330
341
352
348
335
319
318
332
341
346
357
369
370
367
361
352
353
358
368
386
390
404
407
409
391
382
362
347
347
355
367
368
371
371
381
384
383
367
375
387
399
414
433
438
434
427
423
421
428
426
414
409
415
408
390
394
405
410
404
389
390
398
389
387
387
378
380
378
384
385
387
387
408
421
421
428
446
451
442
440
426
421
424
426
432
443
445
448
456
438
431
419
407
422
429
443
441
433
426
421
435
441
437
429
430
427
424
426
416
409
418
423
443
459
452
445
431
413
399
392
394
403
406
416
425
415
406
400
393
394
386
390
404
398
401
386
375
364
350
356
338
333
329
323
311
310
300
292
271
255
265
261
266
257
253
258
248
245
255
247
245
231
235
256
271
279
266
264
264
273
279
288
290
307
311
309
297
279
272
262
264
258
248
236
222
241
250
241
216
187
180
191
220
234
236
218
190
170
176
207
217
216
206
205
199
219
246
243
249
257
262
274
275
263
257
247
241
246
242
231
226
224
233
233
231
215
205
224
244
262
285
286
285
279
256
252
255
269
279
268
252
233
234
241
254
264
258
247
238
240
257
281
292
298
313
317
333
348
354
341
351
367
398
415
401
395
382
386
390
392
391
381
387
369
359
357
348
326
325
333
332
326
327
348
353
372
384
389
398
422
426
421
415
401
404
419
427
431
414
416
425
423
424
391
373
366
365
377
384
389
388
387
376
365
344
328
314
307
317
326
333
336
343
345
351
357
345
341
343
327
339
350
359
368
364
356
355
364
374
378
391
401
413
410
418
431
433
438
439
436
425
425
418
410
413
419
419
410
406
406
415
421
420
412
400
389
396
395
406
409
406
402
397
396
379
374
359
363
373
367
360
377
372
364
369
354
357
383
408
430
454
458
444
430
422
426
426
434
421
407
404
400
391
393
406
410
407
399
394
376
371
371
367
363
362
354
360
368
363
375
372
378
377
390
393
400
395
388
401
400
416
423
432
430
435
444
438
445
450
459
459
456
470
484
482
459
443
440
450
450
451
451
451
452
452
454
450
446
444
453
449
445
434
427
420
422
410
409
408
426
445
439
446
426
413
422
435
423
416
414
411
423
429
424
426
420
420
426
427
430
430
442
445
444
436
415
409
396
389
391
380
390
389
378
376
376
384
385
391
407
417
428
429
443
449
444
448
464
490
508
527
522
520
507
498
493
477
481
481
476
482
470
473
475
493
508
492
491
478
486
512
523
519
494
481
468
474
481
491
501
498
494
486
489
493
522
538
532
529
528
529
526
514
513
501
501
504
479
476
476
484
490
495
495
494
499
517
529
530
543
543
537
537
538
530
548
566
576
574
564
556
565
586
596
589
554
535
537
553
566
577
572
583
597
609
615
618
624
605
602
617
639
665
665
650
638
635
638
630
615
597
596
591
575
573
562
562
547
532
521
523
541
548
553
556
553
561
574
585
597
593
585
577
580
577
570
559
552
561
565
549
544
534
527
523
530
547
563
572
573
566
555
533
512
491
473
480
487
497
511
498
490
487
487
488
487
483
469
481
493
516
515
508
502
497
519
518
526
531
523
529
532
532
531
522
524
514
524
533
525
524
514
508
495
485
499
516
535
532
530
515
504
491
481
473
461
450
443
448
437
430
414
406
397
397
407
408
413
420
417
419
415
393
392
392
411
425
440
441
436
422
423
422
414
427
437
446
434
430
421
408
410
419
422
409
405
396
393
389
395
394
388
386
375
366
369
372
371
357
361
367
374
385
379
385
377
368
388
401
398
403
390
393
403
403
398
396
384
372
367
370
385
386
387
396
407
415
402
394
405
411
412
420
425
424
417
417
410
390
401
404
411
413
416
401
394
392
388
389
380
389
383
398
405
401
398
406
407
418
435
423
431
432
433
438
448
462
462
455
441
427
429
437
437
438
433
416
411
423
424
422
421
425
442
443
440
436
413
409
417
437
448
460
459
459
458
479
483
489
497
483
495
497
479
455
434
435
438
436
427
420
436
448
461
443
418
389
383
401
417
429
415
407
401
388
394
406
426
449
454
462
464
479
499
506
497
487
477
474
479
465
449
444
434
417
391
397
406
425
438
430
425
422
437
447
461
481
487
465
458
453
443
426
423
421
426
414
395
396
394
402
409
403
392
387
384
393
405
422
420
413
410
426
439
448
450
429
422
426
436
458
459
434
411
413
413
405
397
384
397
402
415
416
401
394
389
393
394
395
403
414
415
420
413
413
420
428
451
450
453
459
467
477
485
484
478
485
490
491
497
483
461
449
445
443
454
468
470
463
455
443
423
403
395
387
385
403
423
413
401
395
390
385
383
383
367
374
399
413
401
398
387
393
400
406
402
384
384
381
393
401
402
390
388
390
399
389
374
377
367
357
342
337
322
311
317
320
353
361
344
330
316
304
312
326
328
333
321
309
302
292
283
265
270
288
290
301
312
327
342
327
322
333
340
349
361
374
380
372
371
364
361
363
370
375
365
361
357
356
361
362
360
355
352
337
332
325
325
320
313
307
314
325
321
304
291
304
319
332
333
342
353
356
373
368
370
384
401
412
420
431
432
430
430
434
431
429
426
422
425
418
403
408
416
411
405
404
399
405
414
414
416
402
382
374
369
367
365
345
351
355
344
341
348
354
354
356
367
372
359
365
367
375
377
388
403
405
409
426
437
434
429
424
438
447
459
454
454
460
452
461
468
458
431
414
401
395
392
395
393
394
399
395
410
402
403
403
411
423
426
439
442
431
440
439
456
481
489
512
516
514
521
506
482
467
455
469
489
494
487
475
476
482
466
438
417
409
422
435
458
452
441
438
426
449
473
481
492
487
478
467
470
480
482
475
461
461
457
444
435
425
412
403
390
379
371
391
412
419
416
399
395
395
404
426
443
449
451
442
429
408
403
426
440
434
430
406
405
412
426
440
431
411
397
396
407
409
414
413
409
413
410
410
413
396
385
403
411
440
459
456
435
418
411
423
430
417
396
394
391
389
379
368
376
372
380
382
382
380
387
400
401
411
400
410
408
404
409
405
401
407
416
413
406
402
397
392
399
385
356
336
339
334
341
356
352
361
374
347
326
314
306
305
299
311
328
331
329
315
316
311
306
291
263
253
256
274
288
282
281
281
281
297
315
335
334
322
319
316
308
301
302
320
323
323
314
307
311
330
347
335
328
321
331
348
354
358
366
354
341
324
306
308
321
336
337
331
307
298
298
288
282
271
271
265
264
273
281
294
299
298
305
316
331
344
351
353
348
350
337
337
345
356
370
375
369
367
370
373
382
382
375
355
358
359
355
351
352
345
339
329
321
316
323
343
345
342
344
338
341
346
351
348
346
352
349
363
364
384
383
390
398
407
412
395
386
385
391
393
403
403
386
381
391
407
415
427
442
455
460
459
451
440
433
419
417
414
414
429
433
424
397
383
382
395
410
426
437
425
418
429
445
453
464
471
480
483
472
466
470
478
488
481
468
454
449
461
464
493
497
487
479
450
444
445
443
436
446
446
445
449
428
424
410
433
444
446
466
468
459
455
461
460
478
496
506
500
497
489
479
491
494
492
487
480
458
455
457
457
451
420
387
354
356
382
405
413
389
356
333
331
363
391
402
399
388
400
417
450
452
429
425
418
421
421
413
387
380
376
364
346
319
299
308
316
310
316
314
314
310
313
330
351
363
359
353
331
317
304
294
304
317
320
312
310
304
313
317
296
275
256
243
249
263
275
289
283
275
265
265
284
283
286
286
287
308
320
316
311
304
300
293
292
281
282
288
273
267
239
212
198
207
212
219
220
226
249
262
279
282
265
262
262
271
264
246
244
239
250
254
257
253
243
239
244
244
238
227
215
204
203
208
211
220
224
216
220
211
190
170
153
155
165
181
207
215
215
223
220
208
198
185
173
185
207
208
212
210
209
211
224
247
252
258
261
265
261
260
264
258
265
261
270
278
260
238
224
224
226
240
249
249
250
258
265
262
253
250
237
240
252
275
273
256
246
241
236
224
220
208
213
219
233
240
240
244
232
234
230
244
273
294
317
317
314
304
297
290
290
299
318
333
331
323
305
309
315
318
323
308
311
300
295
288
278
279
259
255
252
263
264
262
263
263
276
292
307
299
304
302
307
310
306
313
316
314
311
311
312
303
295
292
275
268
274
277
277
275
263
247
242
241
240
244
237
247
260
263
258
251
243
240
249
264
256
252
261
259
250
231
225
217
232
232
234
232
225
230
237
238
229
218
226
246
256
271
266
264
249
249
259
252
256
254
253
251
259
269
263
253
242
233
225
215
217
213
202
200
182
174
184
170
161
152
151
158
160
152
142
146
156
174
185
200
201
208
208
191
189
175
168
174
177
167
156
154
163
161
155
155
132
124
119
136
151
143
126
100
98
89
111
130
126
133
118
117
106
109
118
125
129
108
96
103
105
103
95
90
89
74
67
64
54
61
74
77
81
67
75
98
120
140
144
144
139
129
126
125
135
143
127
115
106
104
117
124
143
134
107
87
94
113
136
152
162
146
144
155
164
183
176
164
149
153
175
198
187
175
159
150
157
158
152
147
154
147
141
137
141
132
134
136
131
141
156
168
178
185
187
202
227
250
259
264
260
263
269
278
272
270
269
264
263
263
263
230
206
189
196
213
223
216
202
195
173
159
150
142
143
154
157
167
183
188
181
184
185
178
178
171
174
181
195
203
216
224
211
189
199
202
200
198
188
193
193
206
215
230
253
264
264
253
239
232
226
204
192
200
202
214
221
234
242
233
208
202
200
198
193
192
200
200
198
174
167
146
142
144
125
119
114
121
120
137
146
131
135
141
148
156
176
194
211
214
204
202
192
200
209
208
211
211
208
201
199
207
209
216
202
196
185
189
187
170
166
149
143
147
141
128
131
134
121
126
135
148
155
150
141
128
128
135
156
148
156
159
158
155
155
156
151
157
163
156
152
157
146
134
134
140
139
152
157
154
161
162
156
144
138
126
117
116
119
119
124
111
97
89
84
71
67
75
84
86
87
78
66
43
31
38
45
56
62
60
55
64
82
84
77
89
83
84
79
81
92
96
99
88
76
63
63
61
67
62
55
47
47
55
56
58
56
47
58
69
53
48
39
42
75
107
123
119
113
122
128
129
140
144
148
147
155
162
154
154
157
163
158
142
128
122
142
162
188
198
180
147
115
132
139
153
166
150
152
169
182
190
193
206
200
192
192
181
184
187
190
202
191
182
169
161
168
167
170
179
188
189
195
215
237
244
253
263
258
257
247
244
247
256
263
250
245
226
248
280
290
301
277
259
245
256
278
296
312
293
276
281
284
298
309
303
302
321
342
354
363
359
365
367
364
371
368
369
378
378
362
350
341
321
320
312
309
309
306
319
327
324
332
342
359
376
378
370
374
376
369
367
377
375
375
374
362
370
357
351
343
331
329
333
337
339
320
306
304
299
282
272
257
251
247
246
253
267
267
248
241
214
203
203
212
211
216
238
237
232
217
201
197
192
194
199
201
199
205
208
214
215
204
201
203
210
195
186
179
164
155
152
147
137
138
154
168
164
145
135
126
134
131
121
124
124
129
114
104
89
72
61
59
69
74
73
66
68
68
65
64
71
71
64
71
81
89
90
82
78
79
65
60
67
68
76
79
91
95
96
94
93
87
98
92
73
68
65
61
45
37
34
46
52
68
83
88
99
96
115
127
124
121
116
114
121
128
129
133
114
112
124
131
127
128
149
163
173
174
170
162
168
172
173
161
174
182
182
172
155
146
135
138
133
120
108
103
114
113
102
99
86
95
97
94
101
105
125
131
132
140
152
158
163
161
160
173
189
208
205
206
201
204
219
228
237
243
248
250
251
257
248
227
199
193
197
203
202
205
205
185
175
168
179
160
146
148
153
165
171
169
167
176
201
218
222
231
222
225
225
231
222
209
215
228
237
235
225
237
262
264
262
230
197
188
210
252
276
280
245
196
183
190
229
257
260
249
238
243
242
245
253
253
246
230
228
224
206
191
180
167
147
133
128
126
127
136
128
122
116
106
109
128
152
172
186
184
173
148
141
138
157
179
182
176
147
144
151
169
175
153
118
102
114
129
137
132
119
109
108
125
124
118
103
101
100
118
134
136
116
101
98
99
99
80
75
64
61
59
55
36
18
26
42
26
28
27
44
73
83
75
71
75
86
110
98
81
66
81
94
81
63
44
44
59
67
63
50
38
21
25
27
23
32
34
36
36
14
-1
1
-6
-18
-18
-13
9
23
13
15
3
17
4
-16
-27
-34
-15
10
25
21
31
24
27
30
28
20
27
32
38
34
33
30
45
52
52
50
52
43
50
55
45
36
24
39
35
32
39
26
27
28
12
3
1
17
35
38
24
5
0
-7
-18
-22
-28
-31
-41
-26
-8
-3
-4
2
13
19
20
25
52
80
90
96
102
98
96
97
90
107
128
122
114
113
116
123
114
121
127
123
119
123
123
113
115
114
130
134
149
138
138
140
146
150
154
175
188
207
219
223
219
222
250
270
259
245
237
227
220
209
207
215
219
229
239
243
256
260
258
266
263
268
271
287
286
294
301
293
287
283
271
260
265
270
276
279
291
285
267
265
264
264
268
282
291
309
306
310
318
326
323
343
366
382
379
349
353
350
358
373
374
380
377
370
386
385
381
385
382
361
343
339
342
345
343
324
313
309
304
296
278
272
279
286
290
291
289
285
280
298
315
328
346
344
354
360
346
326
323
317
310
297
293
289
288
304
309
293
261
238
231
240
253
263
248
235
214
209
216
221
223
219
207
205
214
231
232
235
233
214
214
217
221
213
199
189
178
167
155
155
142
142
152
153
141
131
134
142
172
183
180
177
168
149
146
148
130
134
134
127
121
100
104
115
131
133
114
86
68
73
91
114
119
115
99
92
106
106
114
118
123
132
131
148
163
159
153
148
141
136
129
126
125
107
103
104
94
98
109
102
93
103
112
113
117
126
143
155
167
179
181
181
168
167
175
176
192
211
208
205
203
209
226
240
232
209
199
202
232
246
252
249
251
247
242
228
201
195
201
221
241
267
277
286
280
273
269
269
262
259
263
278
287
283
285
292
296
286
290
293
309
313
318
326
320
328
323
326
332
338
352
349
342
356
366
359
354
360
375
391
391
383
383
369
373
380
382
388
382
376
386
382
387
384
379
377
377
381
387
393
385
402
414
416
409
416
423
422
425
448
467
478
483
470
461
456
462
461
475
480
460
444
431
431
432
418
402
397
398
391
381
376
378
380
387
387
378
383
379
398
406
401
397
394
404
407
404
394
412
413
403
407
404
398
392
400
404
400
389
398
399
399
409
393
387
391
400
394
391
395
396
378
384
375
361
360
360
372
360
342
338
344
354
358
357
359
356
347
359
353
348
359
370
369
357
354
339
342
365
368
368
371
371
375
379
370
374
381
368
353
349
341
351
363
363
359
335
313
303
296
294
297
290
273
263
269
264
259
265
254
251
258
262
268
254
253
257
274
288
291
298
304
317
318
318
307
311
312
315
322
319
303
302
330
361
371
344
311
289
291
313
331
325
314
280
261
258
276
295
291
274
254
255
256
265
267
261
261
263
259
258
257
248
255
232
226
207
175
177
178
186
185
183
183
180
178
190
204
218
218
220
222
207
206
201
194
200
212
204
189
189
201
215
240
226
185
165
151
167
200
219
209
201
189
196
208
213
216
202
211
229
245
249
241
216
208
212
208
202
185
178
174
158
155
145
130
121
120
127
141
150
157
170
166
159
151
138
155
169
165
151
149
153
149
148
147
130
122
137
140
146
139
137
116
90
78
72
78
89
90
88
99
90
74
59
39
37
48
69
103
109
93
77
73
70
71
79
81
84
95
98
103
100
96
94
102
102
116
128
121
109
103
105
99
94
93
78
78
81
78
69
58
47
26
29
34
19
22
26
22
11
5
-12
-21
-11
-11
-5
-3
-9
-25
-37
-48
-64
-74
-82
-84
-93
-92
-94
-101
-106
-103
-101
-93
-83
-81
-65
-55
-37
-27
-18
-24
-29
-49
-67
-67
-58
-65
-79
-92
-107
-104
-106
-115
-130
-132
-159
-180
-185
-190
-196
-188
-192
-183
-199
-212
-208
-206
-191
-179
-170
-153
-144
-137
-135
-143
-135
-138
-125
-124
-131
-128
-133
-115
-110
-99
-111
-122
-123
-114
-103
-112
-111
-116
-115
-112
-110
-109
-96
-100
-101
-105
-100
-101
-117
-116
-123
-131
-134
-136
-140
-133
-138
-142
-154
-162
-158
-163
-164
-162
-153
-140
-132
-146
-153
-156
-148
-140
-133
-111
-108
-108
-111
-124
-129
-127
-123
-121
-122
-123
-110
-104
-109
-118
-119
-120
-126
-122
-116
-112
-103
-102
-117
-119
-131
-141
-150
-152
-147
-133
-105
-97
-97
-116
-134
-127
-125
-103
-78
-74
-85
-85
-82
-84
-77
-99
-103
-84
-78
-82
-87
-85
-66
-46
-52
-61
-78
-70
-46
-10
8
-21
-43
-67
-73
-54
-29
-7
-9
-17
-31
-26
-3
5
15
14
18
1
2
7
6
6
-7
-5
-2
-12
-23
-15
-16
-12
-1
-27
-39
-33
-11
14
34
61
65
72
58
35
20
10
10
23
27
7
-5
-10
-3
10
13
-3
-32
-51
-34
-13
-2
14
0
-8
4
6
17
21
19
-2
-3
-4
-1
2
-14
-16
-30
-50
-66
-76
-82
-66
-66
-79
-88
-121
-137
-146
-149
-150
-148
-148
-154
-154
-151
-143
-129
-118
-94
-91
-94
-95
-94
-78
-83
-71
-67
-73
-70
-63
-65
-76
-77
-86
-107
-113
-113
-110
-105
-102
-116
-113
-114
-140
-164
-190
-209
-214
-185
-160
-159
-168
-176
-181
-178
-173
-187
-203
-201
-188
-179
-189
-191
-190
-183
-173
-167
-169
-172
-176
-174
-184
-187
-176
-170
-159
-152
-148
-154
-167
-190
-207
-227
-230
-224
-225
-224
-227
-250
-251
-257
-262
-263
-263
-255
-267
-256
-252
-253
-258
-260
-264
-275
-282
-270
-273
-272
-266
-263
-257
-278
-270
-263
-265
-261
-250
-248
-237
-209
-209
-218
-229
-237
-227
-232
-224
-227
-230
-228
-234
-240
-240
-244
-257
-251
-261
-274
-284
-282
-290
-284
-288
-290
-294
-307
-308
-313
-302
-298
-290
-277
-276
-265
-256
-243
-238
-247
-232
-230
-225
-216
-223
-232
-240
-238
-238
-241
-240
-229
-221
-212
-210
-207
-233
-247
-245
-246
-241
-244
-245
-251
-256
-257
-255
-262
-270
-278
-273
-270
-271
-258
-255
-248
-267
-270
-301
-311
-302
-300
-285
-293
-285
-289
-296
-295
-294
-282
-277
-260
-251
-246
-231
-243
-259
-267
-274
-276
-267
-276
-284
-295
-314
-323
-332
-335
-346
-362
-373
-369
-370
-371
-372
-380
-387
-393
-398
-419
-437
-448
-458
-454
-446
-453
-448
-457
-459
-445
-435
-417
-410
-407
-416
-408
-407
-400
-404
-423
-420
-426
-444
-452
-448
-442
-421
-413
-434
-463
-488
-490
-457
-431
-433
-447
-478
-490
-498
-481
-446
-445
-451
-449
-452
-446
-431
-418
-424
-420
-427
-432
-443
-455
-445
-453
-457
-449
-460
-483
-464
-440
-426
-423
-440
-454
-464
-450
-424
-401
-376
-370
-357
-365
-388
-388
-391
-378
-363
-374
-387
-395
-390
-378
-357
-351
-361
-384
-417
-416
-396
-367
-356
-352
-349
-358
-346
-347
-346
-358
-363
-349
-333
-314
-306
-311
-319
-328
-333
-326
-328
-326
-337
-340
-338
-329
-325
-349
-362
-351
-348
-347
-347
-350
-344
-333
-317
-320
-303
-295
-277
-270
-272
-285
-304
-294
-285
-291
-289
-293
-299
-288
-287
-296
-312
-318
-337
-323
-310
-318
-307
-306
-289
-290
-309
-323
-339
-370
-368
-360
-359
-343
-339
-330
-344
-353
-352
-362
-361
-360
-343
-321
-319
-323
-321
-322
-326
-322
-311
-298
-291
-295
-308
-306
-313
-302
-289
-280
-286
-301
-305
-309
-309
-307
-318
-329
-332
-325
-315
-311
-309
-309
-315
-314
-322
-325
-325
-319
-317
-312
-308
-318
-324
-331
-337
-339
-338
-324
-309
-302
-285
-277
-251
-240
-247
-264
-276
-270
-252
-236
-227
-215
-223
-234
-250
-257
-264
-261
-244
-235
-248
-259
-269
-261
-264
-252
-257
-265
-262
-261
-265
-268
-278
-292
-304
-310
-301
-296
-291
-278
-263
-253
-246
-234
-223
-222
-230
-251
-255
-245
-223
-219
-225
-221
-224
-224
-223
-233
-225
-232
-229
-220
-216
-215
-220
-227
-234
-231
-227
-230
-230
-213
-201
-197
-213
-219
-223
-234
-244
-263
-264
-267
-260
-257
-254
-263
-266
-270
-279
-279
-275
-274
-268
-263
-256
-243
-243
-239
-234
-224
-211
-200
-190
-177
-174
-176
-180
-179
-180
-185
-199
-204
-199
-204
-204
-204
-218
-225
-232
-228
-222
-226
-220
-219
-228
-224
-224
-235
-249
-256
-245
-231
-235
-239
-240
-243
-227
-207
-187
-173
-145
-132
-126
-109
-115
-128
-143
-137
-143
-138
-140
-143
-143
-141
-141
-157
-165
-181
-175
-153
-106
-95
-108
-119
-140
-154
-137
-124
-111
-96
-112
-116
-117
-111
-94
-88
-98
-102
-114
-130
-147
-147
-152
-155
-165
-180
-183
-205
-204
-196
-194
-176
-175
-184
-170
-173
-158
-141
-123
-95
-91
-95
-105
-104
-108
-95
-78
-84
-83
-93
-106
-101
-89
-68
-82
-109
-108
-118
-103
-84
-90
-97
-104
-106
-94
-86
-87
-88
-88
-90
-85
-67
-62
-61
-78
-83
-80
-82
-78
-81
-83
-90
-103
-123
-144
-165
-160
-155
-158
-160
-168
-164
-147
-147
-135
-133
-154
-152
-140
-133
-150
-158
-161
-156
-151
-146
-146
-144
-136
-131
-142
-153
-168
-184
-198
-200
-202
-203
-195
-187
-185
-179
-198
-216
-228
-262
-270
-271
-256
-237
-229
-235
-231
-227
-221
-225
-235
-238
-234
-221
-215
-209
-219
-221
-224
-223
-219
-220
-214
-200
-191
-203
-206
-209
-209
-205
-203
-188
-173
-171
-176
-185
-190
-196
-203
-205
-211
-211
-197
-187
-196
-208
-203
-195
-200
-191
-183
-186
-191
-192
-193
-194
-195
-195
-200
-191
-168
-175
-159
-152
-157
-149
-148
-151
-149
-141
-138
-123
-122
-100
-90
-85
-93
-114
-108
-97
-85
-86
-98
-110
-117
-115
-112
-114
-112
-119
-129
-134
-120
-111
-124
-143
-160
-165
-151
-151
-143
-124
-114
-94
-84
-79
-73
-66
-73
-70
-75
-71
-71
-69
-80
-78
-76
-86
-83
-99
-94
-92
-92
-79
-66
-62
-81
-96
-106
-114
-119
-120
-131
-134
-144
-149
-139
-133
-140
-150
-156
-153
-142
-140
-130
-131
-130
-135
-153
-153
-150
-138
-141
-126
-107
-99
-94
-93
-102
-97
-86
-85
-76
-72
-74
-90
-87
-99
-104
-110
-96
-90
-93
-101
-116
-118
-110
-101
-104
-100
-105
-83
-73
-75
-70
-79
-82
-75
-84
-82
-79
-74
-82
-88
-79
-82
-75
-78
-69
-65
-49
-37
-25
-17
-12
-15
-7
1
-1
9
4
-4
-19
-23
-32
-33
-15
3
15
3
-17
-35
-39
-22
-12
-12
-44
-73
-76
-78
-64
-39
-31
-34
-36
-52
-48
-44
-36
-48
-47
-44
-48
-27
-24
-29
-30
-45
-48
-55
-68
-81
-84
-74
-71
-73
-88
-100
-83
-61
-49
-36
-40
-45
-43
-45
-45
-48
-33
-18
-25
-40
-48
-45
-25
0
-5
-35
-62
-88
-78
-58
-47
-36
-44
-40
-27
-16
-3
-11
-29
-41
-34
-6
13
29
26
15
-3
-23
-29
-38
-42
-30
-44
-45
-55
-63
-72
-76
-68
-79
-85
-81
-59
-29
-27
-35
-40
-40
-9
13
3
4
15
12
1
-15
-29
-33
-32
-19
-23
-26
-39
-54
-63
-67
-57
-65
-49
-45
-54
-61
-68
-84
-100
-117
-122
-126
-120
-101
-88
-99
-111
-115
-128
-148
-162
-166
-156
-134
-119
-112
-123
-135
-144
-142
-141
-130
-126
-120
-134
-151
-153
-159
-155
-141
-136
-143
-151
-163
-174
-187
-192
-200
-199
-193
-189
-188
-193
-172
-161
-164
-177
-182
-183
-178
-179
-190
-181
-190
-196
-204
-206
-201
-199
-193
-204
-199
-196
-190
-178
-179
-178
-177
-180
-188
-196
-191
-172
-154
-145
-149
-160
-168
-164
-142
-130
-113
-111
-137
-155
-154
-155
-148
-140
-146
-161
-165
-157
-152
-167
-182
-181
-175
-172
-175
-172
-157
-139
-135
-117
-108
-101
-93
-94
-81
-74
-71
-71
-64
-73
-55
-51
-56
-57
-73
-80
-94
-92
-77
-68
-68
-60
-74
-75
-70
-85
-89
-86
-80
-87
-89
-88
-84
-72
-80
-72
-73
-78
-78
-68
-72
-82
-80
-79
-93
-86
-97
-97
-79
-89
-94
-81
-59
-59
-50
-53
-57
-44
-26
-21
-3
-6
-18
-11
-21
-17
-12
-21
-34
-35
-28
-17
-28
-36
-54
-62
-66
-77
-77
-77
-75
-83
-90
-95
-96
-101
-102
-94
-85
-76
-55
-59
-54
-43
-41
-35
-27
7
24
28
37
46
54
43
32
25
27
36
36
39
42
68
94
97
71
37
38
56
89
107
102
74
46
40
54
79
82
85
76
59
60
69
92
101
98
103
100
93
98
84
83
75
75
78
55
39
26
43
56
50
54
45
53
63
88
108
112
126
132
142
132
120
124
121
124
136
123
103
108
119
141
153
130
97
82
99
121
126
137
132
123
123
148
173
172
167
148
148
163
175
172
157
150
139
143
143
140
124
127
125
111
107
94
79
71
87
94
85
91
103
112
115
122
117
116
135
151
153
137
127
132
148
151
141
130
114
118
122
126
131
107
87
75
79
84
85
93
92
101
106
90
65
47
41
50
71
82
101
97
96
103
92
91
85
93
97
101
113
108
109
108
98
97
96
114
98
81
84
81
85
90
100
97
108
116
115
125
111
105
89
74
77
88
91
90
89
101
100
100
101
90
98
100
90
94
113
113
114
118
107
91
84
84
75
84
89
93
97
93
86
78
79
88
108
114
119
124
121
114
122
108
104
118
124
138
132
126
123
120
118
110
112
109
107
109
116
120
128
130
145
157
159
167
174
182
196
210
214
220
221
228
244
249
253
251
266
279
281
276
274
269
296
324
338
343
344
347
340
340
326
327
330
337
337
345
355
354
368
378
388
374
376
368
370
379
374
382
380
394
404
404
399
393
382
375
379
391
413
425
428
429
442
444
437
441
435
437
440
443
434
416
403
403
410
408
406
407
396
396
401
398
392
384
371
373
372
366
364
351
361
360
378
393
397
389
383
394
399
419
426
424
425
430
439
455
462
457
457
468
477
478
464
442
441
435
428
428
416
409
416
440
446
421
407
399
404
420
448
451
450
427
400
399
391
419
435
439
431
416
406
419
435
442
433
418
412
401
400
404
399
394
393
394
388
378
398
418
419
426
418
424
427
443
476
491
504
501
495
498
489
495
502
513
528
517
506
494
498
512
524
507
475
447
445
476
495
496
501
498
496
513
532
529
526
506
513
543
567
576
558
548
533
526
539
548
551
541
534
516
508
510
486
475
482
487
475
477
490
510
517
514
502
498
509
537
556
549
545
547
538
532
523
533
565
563
564
564
551
536
521
516
513
515
531
548
566
566
565
576
571
559
560
567
576
579
601
600
607
609
590
584
581
575
567
583
592
597
605
625
624
634
645
673
674
668
668
658
662
655
668
680
676
678
681
673
659
647
629
619
625
627
626
622
619
636
656
653
640
637
628
627
636
635
639
636
625
624
608
595
590
590
594
594
588
581
580
584
584
574
576
579
589
607
612
624
628
629
621
612
608
616
628
640
635
628
622
623
628
629
626
624
611
597
593
584
578
576
573
560
568
561
557
562
576
574
563
566
580
600
608
609
599
580
573
578
596
605
603
606
599
613
613
605
600
601
604
598
607
606
579
553
543
540
540
547
545
542
553
557
545
515
510
501
508
511
524
536
527
524
507
494
489
483
488
509
512
509
520
523
524
530
520
517
520
532
551
558
562
563
564
556
550
533
526
508
505
512
514
518
500
484
471
456
454
452
447
450
434
435
451
435
431
415
410
418
416
431
441
439
439
443
453
466
477
492
496
490
491
500
497
500
492
483
479
483
495
507
519
525
516
502
477
492
513
539
561
542
522
487
485
511
532
542
536
538
532
534
539
553
553
541
531
527
544
553
555
549
528
524
503
500
504
502
517
525
535
539
532
526
521
521
560
573
569
560
552
553
550
539
532
542
553
560
546
535
525
528
526
512
499
493
490
491
504
524
536
536
526
522
523
531
539
530
528
527
527
522
529
526
520
519
520
512
505
521
522
513
497
485
461
443
452
458
449
450
445
440
442
444
440
442
472
475
484
485
481
475
446
435
422
408
410
407
406
404
392
376
352
340
333
356
359
363
360
353
359
346
322
304
296
299
322
342
353
360
342
333
319
299
294
282
280
285
293
293
301
318
314
305
308
315
312
318
320
319
330
324
329
322
315
328
307
323
310
300
303
313
310
299
299
295
323
311
330
315
300
274
276
307
321
325
318
303
299
319
298
291
262
260
265
257
265
258
274
275
307
278
279
222
302
338
437
331
272
221
291
402
388
440
282
233
97
225
304
431
317
237
123
175
194
195
205
176
243
184
216
132
153
121
161
213
249
228
209
170
204
219
265
271
310
312
266
227
169
199
203
283
269
243
165
136
124
132
156
175
194
142
99
36
87
153
248
177
138
63
81
147
186
282
173
150
32
120
156
200
154
91
74
66
74
29
10
-55
3
-48
14
-72
-63
-82
-40
7
17
54
24
19
-6
72
142
220
180
124
66
89
105
141
171
179
154
85
47
54
67
37
2
41
129
131
80
-37
-86
-139
-124
-70
2
44
-18
-119
-182
-164
-97
-15
51
106
100
58
9
-38
25
107
203
227
152
52
-24
20
87
119
66
52
27
-4
-102
-168
-157
-123
-62
-88
-101
-221
-331
-350
-238
-72
-65
-110
-174
-125
-40
1
41
86
134
114
111
111
135
93
100
76
133
71
12
-34
-80
-59
-123
-135
-174
-203
-231
-229
-252
-214
-259
-229
-232
-125
-67
-31
-59
-67
-37
6
51
79
127
107
135
49
51
-16
3
-41
-9
-16
-27
-70
-136
-167
-210
-205
-254
-234
-214
-110
-72
-66
-105
-83
-5
90
221
236
231
196
192
245
301
376
354
275
182
151
172
134
124
89
21
-65
-140
-115
-107
-140
-247
-343
-326
-310
-303
-365
-436
-431
-362
-293
-226
-254
-259
-322
-272
-173
-85
-35
-82
-6
32
108
78
64
55
87
103
152
224
268
226
130
94
66
71
17
-12
-71
-159
-233
-292
-279
-273
-363
-461
-528
-486
-415
-380
-397
-465
-466
-458
-378
-262
-155
-52
-36
16
67
144
210
313
386
435
415
396
370
366
388
363
326
196
127
51
11
-25
-108
-172
-250
-287
-334
-363
-400
-445
-525
-541
-525
-420
-351
-352
-337
-383
-309
-287
-161
-135
-75
-71
-35
-3
42
75
114
150
162
229
179
218
153
219
141
199
233
314
358
251
124
19
73
155
218
124
-33
-253
-318
-297
-143
-157
-259
-452
-514
-461
-367
-303
-316
-339
-355
-338
-267
-159
-73
60
139
259
269
284
316
446
605
678
652
576
482
438
418
511
554
474
284
75
35
2
-18
-90
-154
-239
-351
-459
-502
-538
-507
-541
-524
-523
-554
-573
-627
-510
-403
-276
-299
-296
-270
-195
-116
-35
48
80
79
132
232
294
327
262
285
257
347
372
428
411
290
185
42
65
93
106
12
-162
-305
-424
-474
-415
-421
-432
-568
-633
-625
-582
-529
-515
-434
-399
-330
-278
-190
-89
16
119
194
302
370
485
547
586
564
566
567
612
607
594
540
453
342
193
127
70
84
21
-36
-198
-355
-445
-417
-361
-406
-502
-599
-583
-516
-411
-391
-393
-474
-446
-391
-234
-114
-37
-44
-92
-59
12
173
249
340
333
338
285
277
346
437
565
636
622
466
311
230
282
352
424
292
51
-211
-366
-358
-296
-268
-340
-410
-484
-518
-538
-493
-407
-278
-162
-85
-63
-58
46
239
491
604
658
641
734
797
876
899
912
929
850
831
763
750
623
521
460
407
289
90
-98
-156
-144
-188
-336
-504
-566
-592
-543
-529
-462
-475
-511
-520
-422
-282
-169
-102
6
89
178
230
277
454
623
805
761
709
612
604
644
816
973
917
655
329
218
293
450
379
253
3
-135
-320
-409
-431
-366
-312
-350
-376
-462
-501
-555
-396
-186
70
102
130
185
364
507
543
604
657
824
901
932
849
783
748
761
746
722
656
577
467
310
218
120
114
37
-24
-130
-230
-296
-362
-358
-346
-316
-349
-330
-296
-216
-245
-208
-199
-104
-84
-91
-50
37
163
219
236
230
355
511
688
690
620
502
441
525
676
830
794
570
308
188
220
328
339
251
83
-35
-125
-231
-285
-310
-249
-257
-272
-328
-399
-414
-371
-237
-82
32
87
133
242
364
443
529
585
727
802
829
794
728
695
691
752
760
690
617
511
481
404
315
271
200
202
104
28
-79
-171
-210
-218
-212
-223
-380
-398
-405
-268
-284
-410
-416
-400
-326
-327
-237
-149
-133
-108
-41
18
94
173
437
545
556
425
286
353
539
811
849
671
379
195
208
373
485
469
249
96
3
-68
-227
-323
-313
-279
-297
-361
-362
-428
-462
-445
-255
-84
41
27
55
180
399
487
525
546
616
705
726
807
780
777
669
685
733
758
661
499
440
448
443
345
245
165
136
65
4
-82
-121
-243
-329
-325
-300
-263
-364
-330
-324
-256
-309
-372
-311
-189
-38
-22
13
50
140
188
379
611
809
690
557
539
653
820
865
948
802
641
382
340
446
586
547
349
166
10
-74
-194
-248
-273
-277
-372
-450
-509
-521
-522
-476
-295
-119
-18
-20
51
206
427
583
663
658
674
734
791
887
895
912
832
766
735
719
727
653
558
458
392
344
214
95
8
-53
-119
-245
-334
-400
-463
-499
-519
-488
-531
-610
-588
-556
-468
-535
-562
-543
-444
-310
-225
-138
-60
-48
-48
94
376
614
536
408
299
377
505
636
715
570
305
49
16
154
232
104
-151
-333
-306
-334
-466
-687
-752
-755
-725
-744
-748
-797
-855
-838
-709
-529
-412
-361
-306
-120
50
200
185
210
233
327
412
488
507
446
385
306
332
369
381
290
180
57
-25
-107
-156
-225
-262
-383
-520
-659
-749
-783
-844
-849
-878
-892
-947
-986
-1007
-984
-891
-817
-806
-811
-782
-730
-591
-457
-266
-211
-167
-131
27
145
148
181
180
274
278
352
307
200
27
-69
-12
81
82
-88
-312
-435
-442
-440
-580
-764
-899
-955
-933
-935
-919
-981
-1044
-1087
-1002
-818
-614
-507
-419
-385
-256
-148
-42
88
163
276
249
290
293
343
379
371
368
308
241
166
113
113
62
-90
-240
-361
-361
-433
-558
-681
-812
-891
-1023
-1035
-1038
-1052
-1046
-1052
-1020
-1089
-1146
-1098
-979
-873
-815
-730
-603
-508
-362
-247
-156
-47
110
266
305
347
340
332
305
341
390
354
208
57
-27
-53
-55
-119
-287
-462
-535
-580
-641
-809
-914
-1027
-1010
-984
-900
-877
-898
-963
-923
-749
-497
-288
-165
-57
46
219
269
374
424
543
582
612
621
624
583
535
515
519
469
308
160
72
65
-50
-175
-327
-362
-473
-585
-725
-808
-858
-875
-842
-811
-807
-879
-932
-918
-818
-787
-740
-728
-693
-674
-652
-524
-330
-26
114
135
28
48
179
342
491
566
554
383
257
177
246
221
202
97
24
-88
-234
-373
-436
-390
-432
-522
-789
-906
-1042
-987
-975
-849
-815
-833
-938
-928
-776
-543
-299
-167
-4
35
130
140
325
455
562
561
563
588
596
525
470
451
477
427
271
149
38
17
-95
-155
-271
-381
-535
-642
-678
-660
-750
-868
-962
-958
-921
-905
-875
-917
-912
-886
-833
-794
-781
-722
-595
-432
-293
-140
-23
-11
-21
77
322
416
409
358
364
358
266
219
190
185
154
29
-12
-68
-191
-369
-590
-479
-443
-465
-720
-941
-1010
-1134
-1094
-978
-772
-730
-883
-996
-900
-641
-316
-183
-6
49
131
172
211
382
483
532
450
429
441
397
342
324
375
341
172
14
-94
-97
-181
-282
-369
-435
-522
-682
-808
-810
-855
-918
-1039
-1000
-984
-947
-1016
-998
-959
-907
-888
-881
-812
-772
-673
-628
-438
-229
1
-54
-144
-143
149
271
365
389
471
379
124
85
141
290
151
-10
-96
-74
-112
-277
-446
-506
-559
-616
-710
-753
-826
-1006
-1108
-1056
-879
-770
-786
-774
-788
-707
-566
-300
-41
95
113
137
199
327
397
483
518
590
642
611
534
404
412
457
495
351
170
52
65
51
-27
-201
-330
-431
-510
-568
-677
-751
-870
-834
-839
-791
-852
-937
-985
-973
-870
-799
-749
-684
-664
-620
-549
-340
11
138
108
-23
75
247
349
479
568
541
352
160
231
356
398
220
41
31
-14
-128
-281
-386
-343
-448
-567
-677
-813
-891
-1126
-1025
-952
-838
-927
-1012
-983
-897
-781
-567
-289
-41
2
-138
-45
81
344
349
388
421
493
508
408
405
399
386
317
238
161
71
-57
-98
-157
-185
-367
-526
-675
-719
-812
-898
-961
-1009
-1016
-1093
-1123
-1118
-1064
-1087
-1080
-1118
-1024
-989
-830
-810
-717
-690
-474
-143
-23
-60
-178
-33
93
328
480
541
351
96
-24
150
287
263
65
-86
-138
-259
-369
-456
-385
-462
-641
-858
-931
-1046
-1115
-1150
-1016
-989
-1081
-1208
-1131
-928
-788
-686
-509
-226
-152
-195
-182
53
251
305
236
280
360
401
368
439
461
417
253
179
195
145
67
-13
36
-13
-211
-514
-619
-637
-621
-768
-903
-970
-989
-1067
-1107
-1079
-982
-1008
-1086
-1116
-1045
-904
-867
-736
-643
-436
-224
13
55
41
24
113
227
552
878
812
442
86
210
456
609
428
207
46
-54
-202
-328
-347
-248
-316
-581
-784
-911
-977
-1114
-1008
-817
-763
-961
-1156
-1040
-793
-610
-509
-290
8
136
54
75
289
562
589
468
487
612
728
649
595
581
514
448
418
443
397
195
36
22
104
60
-217
-434
-547
-501
-538
-690
-798
-838
-845
-828
-855
-848
-916
-937
-811
-696
-578
-669
-605
-503
-206
157
348
274
88
105
298
574
833
1027
839
540
252
374
570
694
615
354
181
-11
-70
-194
-100
-58
-167
-472
-683
-759
-820
-840
-745
-583
-666
-864
-961
-695
-494
-311
-293
-31
204
344
330
323
546
671
714
595
652
752
828
773
708
624
588
486
520
462
368
185
76
102
93
-4
-278
-445
-520
-465
-575
-680
-835
-878
-886
-851
-760
-758
-873
-933
-884
-655
-516
-438
-335
-197
171
329
302
186
180
415
640
953
1110
811
409
74
349
709
761
546
167
-1
-129
-188
-180
-302
-243
-273
-413
-629
-960
-979
-1084
-823
-612
-534
-706
-995
-972
-714
-384
-91
31
100
189
201
352
330
529
615
633
585
499
601
533
516
465
481
411
211
45
90
160
195
-4
-166
-309
-417
-503
-569
-547
-581
-741
-985
-1059
-1082
-944
-946
-850
-904
-944
-1030
-961
-803
-542
-313
-16
210
210
58
-109
110
441
960
1131
977
406
-65
-69
403
865
821
351
-118
-285
-341
-290
-220
-65
-180
-416
-773
-846
-989
-925
-829
-579
-537
-819
-1001
-947
-523
-295
-189
-134
149
266
344
273
478
591
637
620
599
711
601
533
443
483
487
397
249
174
80
37
-39
9
15
-161
-345
-525
-462
-514
-581
-722
-800
-827
-834
-827
-808
-834
-854
-787
-761
-686
-722
-573
-357
63
407
432
212
67
218
522
788
1043
1036
640
151
-92
257
612
741
399
1
-228
-351
-373
-390
-255
-147
-287
-615
-834
-985
-945
-922
-626
-479
-539
-792
-930
-649
-349
-125
-96
84
312
449
425
391
422
494
537
551
623
582
477
259
197
217
264
240
106
-64
-198
-215
-198
-131
-212
-353
-576
-669
-674
-699
-787
-845
-861
-838
-959
-1057
-1099
-1006
-811
-753
-744
-876
-741
-360
147
452
324
102
-104
86
456
920
1018
739
198
-145
0
327
526
308
-18
-326
-434
-594
-668
-714
-513
-464
-561
-935
-1222
-1307
-1183
-895
-736
-686
-898
-983
-865
-510
-300
-131
-104
171
335
477
384
315
371
407
455
392
378
301
198
46
-53
-145
-184
-303
-310
-407
-434
-531
-535
-542
-579
-678
-814
-868
-904
-917
-951
-1003
-1004
-1044
-1077
-1122
-1150
-1031
-936
-784
-850
-797
-562
-40
362
255
-83
-194
78
483
809
936
781
103
-342
-365
307
611
331
-297
-742
-673
-715
-764
-899
-774
-645
-680
-986
-1208
-1431
-1367
-1184
-736
-526
-780
-1109
-1176
-629
-236
32
24
217
316
415
406
483
565
526
514
401
429
259
113
-60
15
44
-77
-412
-578
-563
-395
-302
-360
-454
-630
-680
-744
-627
-653
-742
-908
-938
-910
-882
-953
-981
-1005
-935
-862
-808
-739
-643
-350
23
353
282
36
-126
154
606
987
1121
870
332
-209
-195
337
764
575
-45
-564
-617
-628
-614
-766
-567
-390
-472
-867
-1283
-1298
-1244
-908
-574
-296
-490
-923
-1046
-485
97
467
329
407
643
857
909
744
834
783
788
657
601
559
414
222
207
124
67
-302
-359
-281
-121
-151
-418
-473
-541
-429
-483
-443
-523
-525
-736
-683
-684
-521
-519
-629
-686
-719
-557
-424
-311
-173
135
556
649
259
37
215
768
1091
1342
1331
889
106
-258
204
973
1121
519
-281
-640
-591
-507
-560
-558
-225
-310
-667
-1340
-1321
-1186
-822
-541
-254
-295
-845
-1157
-736
165
669
676
354
564
715
1147
1097
1173
1085
954
857
688
791
693
510
269
186
81
-152
-496
-425
-299
-48
-269
-518
-770
-741
-651
-512
-491
-521
-720
-946
-892
-790
-511
-633
-598
-615
-496
-461
-405
-198
242
590
661
297
77
251
670
1100
1245
1238
708
65
-192
240
874
924
393
-252
-591
-628
-608
-501
-461
-472
-694
-972
-1157
-1194
-1097
-916
-667
-489
-609
-843
-841
-415
121
393
481
491
730
826
970
1005
1126
1152
1023
831
709
748
709
531
314
208
130
-54
-327
-444
-426
-267
-251
-329
-553
-701
-742
-575
-407
-296
-504
-697
-769
-588
-437
-464
-438
-453
-230
-271
-211
-163
299
755
870
529
159
258
746
1290
1565
1427
768
116
-97
505
1084
1189
559
-140
-469
-490
-399
-408
-285
-178
-334
-807
-1166
-1174
-920
-707
-485
-327
-415
-664
-737
-299
265
602
601
619
838
1055
1142
1089
1163
1297
1275
1079
921
923
864
600
359
281
324
97
-223
-457
-450
-293
-195
-234
-443
-690
-814
-712
-471
-297
-477
-702
-819
-594
-450
-471
-547
-426
-144
-17
22
203
644
938
840
539
513
687
1095
1441
1664
1314
458
-149
7
844
1211
847
6
-505
-596
-554
-519
-433
-271
-258
-629
-1016
-1170
-1066
-847
-573
-200
-186
-453
-750
-486
141
568
649
685
914
1103
1074
1029
1075
1251
1286
1115
941
819
782
590
383
241
71
-148
-366
-431
-418
-454
-508
-525
-523
-621
-790
-758
-596
-376
-450
-592
-759
-706
-562
-447
-310
-310
-215
-295
-43
285
772
891
746
516
538
749
1016
1327
1441
1218
421
-89
-112
596
912
644
-57
-578
-637
-660
-579
-549
-448
-527
-782
-989
-1085
-1119
-1018
-845
-504
-474
-584
-683
-472
-27
245
420
588
912
1115
1091
988
1046
1176
1258
1089
965
855
793
607
389
198
37
-156
-366
-487
-483
-492
-567
-657
-814
-858
-977
-892
-856
-640
-667
-708
-859
-869
-720
-589
-367
-321
-197
-210
52
469
950
868
601
365
635
967
1337
1539
1364
787
19
-103
311
842
727
92
-623
-838
-817
-712
-755
-676
-701
-969
-1227
-1365
-1184
-1088
-850
-571
-461
-674
-928
-698
-77
466
564
484
525
852
1019
1070
1006
1081
1149
1099
949
755
638
513
451
263
65
-289
-480
-682
-643
-642
-587
-653
-851
-984
-1117
-1095
-1071
-935
-861
-749
-831
-853
-995
-773
-529
-233
-212
-217
111
566
947
768
599
548
907
1166
1398
1399
1223
654
100
13
508
931
644
-46
-680
-787
-871
-879
-881
-746
-835
-1203
-1538
-1538
-1292
-1061
-915
-738
-683
-783
-815
-511
101
465
538
492
757
1094
1198
1144
1159
1269
1239
1043
906
918
860
624
328
218
70
-218
-603
-729
-664
-614
-720
-837
-880
-961
-1046
-1052
-909
-791
-778
-871
-897
-813
-593
-376
-202
-118
-76
96
480
1092
1282
1028
596
743
1140
1584
1859
1862
1387
437
-83
143
918
1144
646
-230
-714
-771
-655
-700
-722
-661
-754
-1077
-1465
-1477
-1298
-924
-594
-289
-348
-604
-689
-243
465
954
1064
1054
1137
1326
1537
1629
1702
1608
1498
1288
1176
1071
950
713
416
256
103
-103
-445
-702
-796
-720
-647
-716
-874
-990
-1020
-915
-780
-694
-702
-733
-708
-630
-336
-113
70
47
180
534
1084
1503
1334
998
835
1153
1521
1849
1951
1747
1039
344
142
620
1073
897
280
-456
-711
-827
-715
-711
-643
-736
-1015
-1343
-1521
-1437
-1209
-817
-515
-433
-668
-699
-392
266
713
890
948
1177
1548
1677
1683
1588
1623
1642
1650
1554
1377
1080
734
504
341
241
-65
-416
-722
-826
-844
-875
-970
-1112
-1170
-1182
-1119
-1056
-969
-929
-862
-746
-601
-434
-250
-38
152
394
811
1309
1653
1524
1231
1236
1620
1970
2180
2213
1951
1238
539
398
844
1228
938
239
-483
-758
-882
-869
-880
-863
-1001
-1351
-1647
-1718
-1565
-1429
-1190
-852
-653
-704
-656
-290
307
673
862
1069
1424
1803
1961
2033
2022
2001
1889
1738
1727
1646
1468
1056
599
356
168
-24
-439
-774
-1038
-1158
-1160
-1215
-1328
-1508
-1567
-1484
-1316
-1155
-1168
-1162
-1135
-899
-599
-273
58
186
395
724
1465
1866
1711
1310
1372
1781
2102
2203
2282
2033
1291
558
273
802
1036
855
-21
-701
-1060
-1224
-1214
-1264
-1111
-1277
-1664
-2072
-2081
-1878
-1723
-1559
-1151
-922
-985
-1088
-666
134
601
790
856
1298
1642
1778
1786
1928
2186
2146
1840
1436
1295
1286
1116
742
383
55
-335
-785
-1035
-1118
-1190
-1342
-1554
-1643
-1844
-1905
-1952
-1700
-1504
-1411
-1472
-1569
-1399
-1140
-656
-255
74
165
426
1054
1621
1504
1188
1284
1858
2174
2164
2121
1758
1200
496
496
884
1060
587
-325
-882
-1081
-1077
-1207
-1340
-1312
-1420
-1852
-2212
-2239
-1971
-1810
-1667
-1365
-1270
-1321
-1406
-913
-175
350
507
549
914
1359
1683
1801
1903
2031
2064
1946
1787
1597
1414
1193
925
651
337
-26
-437
-834
-1098
-1170
-1186
-1404
-1754
-2043
-2086
-1980
-1811
-1703
-1668
-1707
-1783
-1666
-1346
-806
-400
-139
140
658
1350
1497
1254
1208
1755
2292
2478
2519
2471
1954
1182
787
1104
1508
1270
528
-335
-749
-923
-1012
-1171
-1258
-1278
-1603
-2084
-2285
-2170
-1955
-1871
-1614
-1363
-1377
-1439
-1210
-555
13
229
328
627
1142
1530
1619
1787
1989
2210
2143
1977
1856
1752
1627
1386
1163
856
397
-39
-311
-458
-639
-923
-1159
-1382
-1605
-1809
-1920
-1774
-1566
-1533
-1694
-1824
-1687
-1431
-1096
-655
-304
-110
137
816
1541
1606
1391
1392
1978
2364
2678
2826
2636
1915
1168
1121
1609
1864
1417
506
-262
-528
-610
-704
-1042
-1113
-1247
-1515
-1902
-2064
-1971
-1899
-1669
-1368
-1194
-1262
-1275
-898
-304
123
361
540
927
1279
1470
1592
1719
1965
2102
2121
2110
1963
1776
1484
1415
1280
997
519
79
-174
-410
-574
-746
-868
-1180
-1498
-1796
-1839
-1759
-1615
-1609
-1609
-1634
-1579
-1381
-943
-479
-204
142
739
1343
1303
1041
1200
1898
2517
2894
2940
2640
1871
1327
1435
2079
2358
1806
831
0
-265
-369
-360
-533
-668
-1007
-1500
-1926
-1957
-1794
-1660
-1498
-1256
-1189
-1376
-1356
-835
20
465
538
454
804
1235
1666
1787
1880
1947
1998
2013
1991
2048
1931
1741
1495
1423
1191
840
322
77
-75
-147
-366
-676
-869
-1150
-1275
-1525
-1454
-1401
-1343
-1461
-1551
-1444
-1178
-877
-581
-194
144
801
1138
1326
1058
1298
1771
2256
2662
2821
2707
1944
1380
1408
2104
2400
2051
1088
412
-10
-86
-115
-265
-361
-730
-1127
-1633
-1681
-1553
-1394
-1349
-1214
-1210
-1335
-1340
-851
-5
444
538
375
672
1119
1543
1694
1736
1828
1950
1980
1857
1788
1715
1582
1297
1230
1074
790
280
-77
-203
-160
-209
-542
-943
-1210
-1306
-1413
-1461
-1437
-1243
-1250
-1341
-1519
-1259
-843
-439
-168
201
814
1132
1014
753
1143
1819
2206
2356
2558
2391
1627
848
1018
1900
2358
1813
659
-36
-263
-219
-302
-357
-417
-750
-1335
-1839
-1877
-1657
-1484
-1322
-1092
-1174
-1493
-1632
-1019
-131
382
401
399
679
1044
1306
1458
1670
1727
1790
1666
1652
1576
1512
1356
1080
974
775
515
98
-172
-353
-427
-498
-588
-880
-1149
-1386
-1464
-1351
-1347
-1278
-1351
-1334
-1273
-1028
-602
-391
-178
182
944
1407
1198
816
1075
1762
2249
2469
2592
2313
1446
790
1035
1954
2260
1596
460
-174
-303
-212
-254
-428
-515
-842
-1309
-1809
-1828
-1594
-1362
-1159
-1024
-1149
-1478
-1516
-791
169
611
435
220
578
1096
1530
1594
1618
1574
1517
1534
1577
1604
1450
1102
817
689
623
375
-34
-288
-504
-536
-713
-832
-1077
-1271
-1470
-1562
-1485
-1390
-1357
-1420
-1444
-1331
-1098
-860
-597
-335
147
769
1152
949
514
769
1498
2050
2186
2233
1993
1242
564
723
1583
2025
1512
435
-306
-518
-429
-422
-529
-631
-867
-1334
-1879
-2023
-1723
-1433
-1171
-1063
-1160
-1553
-1684
-1088
-50
561
507
201
316
772
1218
1528
1643
1640
1372
1273
1254
1405
1401
1200
935
690
492
125
-218
-373
-352
-423
-616
-991
-1199
-1381
-1400
-1419
-1409
-1398
-1484
-1458
-1568
-1374
-1189
-701
-570
-386
-157
540
1080
970
599
734
1412
1810
2121
2210
2181
1261
566
574
1534
1982
1451
416
-351
-427
-455
-401
-588
-661
-959
-1392
-1894
-1983
-1784
-1432
-1240
-1107
-1265
-1673
-1675
-1091
8
422
362
13
234
715
1182
1488
1604
1573
1313
1195
1194
1354
1360
1216
813
594
356
182
-138
-373
-475
-537
-564
-856
-1109
-1386
-1380
-1339
-1266
-1264
-1292
-1356
-1417
-1393
-1103
-742
-528
-422
-238
414
983
1058
566
535
1162
1701
1939
2051
2106
1467
618
465
1302
1973
1668
609
-118
-371
-317
-320
-439
-470
-696
-1066
-1725
-1958
-1691
-1283
-1019
-967
-1102
-1420
-1594
-1044
-140
472
455
125
239
667
1221
1450
1547
1566
1445
1302
1205
1268
1389
1322
1046
769
581
334
-49
-250
-297
-296
-401
-681
-974
-1179
-1228
-1267
-1239
-1200
-1084
-1147
-1225
-1290
-1088
-734
-463
-231
-79
474
990
1062
596
562
1215
1819
1926
2033
2122
1617
725
426
1296
2029
1849
759
-47
-288
-225
-172
-338
-413
-617
-964
-1607
-1958
-1742
-1276
-1003
-946
-1077
-1401
-1663
-1239
-242
572
685
243
231
655
1254
1535
1650
1786
1593
1423
1204
1342
1466
1425
1154
888
744
391
-90
-356
-332
-294
-378
-735
-1013
-1294
-1298
-1377
-1319
-1230
-1169
-1135
-1288
-1263
-1087
-665
-388
-245
9
646
1267
1319
819
682
1264
1831
2158
2268
2365
1669
671
423
1286
2200
1943
864
-86
-402
-374
-330
-421
-477
-687
-896
-1402
-1791
-1934
-1707
-1199
-867
-741
-1120
-1452
-1294
-547
236
659
621
630
701
1031
1399
1715
1878
1669
1576
1438
1438
1390
1280
1093
849
700
490
43
-375
-649
-632
-504
-593
-919
-1401
-1567
-1580
-1455
-1335
-1259
-1240
-1382
-1392
-1191
-776
-508
-367
-68
604
1231
1167
638
519
1211
1939
2318
2403
2247
1472
570
474
1360
2153
1808
700
-266
-517
-446
-381
-477
-561
-797
-1217
-1780
-2135
-2040
-1625
-1137
-985
-1122
-1590
-1832
-1417
-365
447
574
180
129
536
1117
1553
1808
1905
1663
1447
1365
1455
1540
1524
1293
1017
708
377
-105
-377
-333
-281
-438
-905
-1300
-1567
-1558
-1431
-1352
-1328
-1430
-1486
-1531
-1427
-1169
-734
-486
-291
-263
156
838
1381
1237
751
982
1520
1990
2160
2406
2174
1293
501
846
1739
2024
1269
218
-280
-481
-393
-513
-549
-705
-1028
-1548
-2069
-2038
-1654
-1271
-1149
-1189
-1452
-1719
-1536
-661
183
446
252
110
483
991
1460
1663
1765
1774
1681
1651
1646
1705
1606
1370
1104
1050
847
447
-36
-265
-319
-367
-448
-802
-1155
-1486
-1507
-1521
-1415
-1292
-1247
-1305
-1436
-1329
-1070
-708
-475
-174
59
537
973
1247
993
999
1471
1902
2123
2250
2438
1850
998
749
1499
2068
1751
878
197
-192
-359
-341
-358
-464
-787
-1154
-1793
-2071
-1814
-1346
-1180
-1268
-1432
-1702
-1756
-1274
-357
200
278
29
60
454
1099
1608
1777
1745
1637
1549
1573
1755
1868
1756
1418
1275
1076
790
372
132
19
-63
-177
-476
-876
-1131
-1194
-1265
-1298
-1271
-1218
-1360
-1457
-1406
-1226
-968
-759
-467
-271
-180
115
797
1415
1383
1080
1228
1606
1876
2249
2634
2438
1474
825
1134
1794
2003
1485
667
-19
-303
-189
-294
-448
-527
-825
-1415
-1924
-1751
-1525
-1443
-1286
-1130
-1290
-1697
-1642
-917
-141
305
205
-17
254
855
1377
1438
1542
1718
1743
1674
1623
1614
1570
1585
1628
1386
859
430
162
144
207
176
-228
-809
-1108
-1063
-950
-940
-1010
-1185
-1295
-1303
-1191
-1235
-1222
-933
-568
-349
-456
-585
-219
734
1581
1434
783
641
1035
1599
2176
2669
2404
1230
315
643
1728
2183
1508
513
-85
-201
-171
-301
-506
-633
-688
-944
-1403
-1724
-1771
-1562
-1157
-864
-1014
-1557
-1801
-1238
-282
321
249
20
132
534
971
1265
1519
1697
1680
1496
1344
1489
1762
1885
1687
1368
984
566
304
352
484
485
121
-388
-771
-762
-548
-511
-605
-789
-861
-1074
-1241
-1149
-846
-657
-730
-813
-707
-570
-411
-86
679
1408
1399
735
427
875
1606
2196
2662
2558
1602
546
535
1535
2310
2100
1183
358
-100
-193
-119
43
176
-22
-629
-1356
-1623
-1409
-1057
-757
-656
-879
-1432
-1759
-1248
-210
501
394
-60
-87
432
1023
1403
1518
1562
1590
1683
1795
1751
1706
1689
1711
1625
1412
1043
640
403
481
592
532
189
-201
-353
-311
-193
-272
-485
-679
-759
-752
-807
-840
-807
-763
-613
-500
-439
-491
-437
-135
519
1301
1534
970
459
729
1441
2055
2428
2493
1733
731
568
1439
2151
1964
1198
590
244
100
123
35
-17
-132
-341
-884
-1344
-1353
-1118
-840
-657
-713
-1083
-1416
-1230
-562
62
433
346
242
379
823
1279
1561
1820
1924
1863
1697
1639
1707
1879
1929
1827
1489
1168
902
693
637
724
867
643
202
-247
-358
-239
-26
-27
-285
-678
-861
-806
-661
-540
-616
-689
-706
-556
-443
-372
-249
-113
298
1102
1588
1114
347
532
1410
1984
2234
2345
1945
971
462
1109
2017
2226
1547
712
153
-23
51
95
175
192
-163
-918
-1449
-1370
-1050
-879
-682
-651
-1031
-1582
-1536
-779
110
573
353
29
169
743
1153
1368
1670
1901
1724
1425
1366
1538
1666
1742
1668
1366
962
627
425
351
457
589
414
-66
-467
-623
-547
-399
-222
-270
-611
-968
-1092
-968
-724
-549
-487
-592
-810
-932
-859
-444
-155
-51
-62
270
848
1031
560
191
661
1401
1678
1663
1699
1253
363
28
866
1750
1590
613
-148
-305
-141
31
-125
-246
-274
-475
-1114
-1619
-1381
-912
-671
-628
-649
-1013
-1486
-1356
-350
608
717
143
-210
259
955
1349
1378
1417
1435
1240
1097
1154
1335
1406
1322
1131
864
535
335
180
252
476
508
175
-378
-499
-281
-89
-63
-211
-348
-524
-637
-656
-588
-390
-315
-478
-700
-762
-691
-569
-494
-343
-283
-230
-295
-8
588
970
609
-16
-46
457
969
1300
1497
1057
56
-620
-33
1077
1448
760
-79
-403
-323
-199
-238
-139
118
123
-401
-1016
-1146
-790
-326
-30
-86
-533
-1060
-1094
-416
359
583
194
-170
19
454
628
539
594
838
952
810
530
356
407
680
862
789
490
180
-26
49
416
720
608
232
46
143
233
208
221
247
203
-24
-347
-590
-560
-280
-108
-305
-754
-1167
-1283
-1058
-708
-550
-708
-960
-1154
-1152
-846
-237
308
179
-427
-794
-492
95
590
988
1017
344
-399
-171
896
1555
1270
729
558
615
563
430
439
567
621
350
-215
-617
-546
-226
-143
-357
-702
-1101
-1321
-1030
-454
-197
-523
-864
-729
-306
-90
-179
-198
22
262
345
316
340
494
815
1086
1113
922
757
761
904
1174
1399
1318
910
561
530
735
771
595
265
-17
-215
-368
-500
-645
-730
-813
-970
-1184
-1372
-1558
-1592
-1509
-1361
-1467
-1605
-1633
-1551
-1480
-1394
-1022
-471
-95
-257
-584
-480
182
802
1162
1410
1427
950
495
934
1927
2296
1709
1062
954
1023
889
654
536
540
382
-127
-789
-1160
-1093
-977
-978
-1110
-1446
-1977
-2324
-1934
-1133
-752
-1059
-1433
-1200
-636
-325
-315
-94
445
864
914
864
955
1201
1493
1779
1871
1658
1356
1166
1255
1476
1619
1338
788
469
448
379
23
-295
-362
-353
-582
-1014
-1384
-1471
-1392
-1388
-1478
-1546
-1606
-1775
-1846
-1686
-1441
-1322
-1260
-1178
-1098
-1032
-902
-649
-325
71
433
615
467
296
481
1003
1435
1507
1456
1356
1049
702
854
1439
1644
1083
458
356
440
273
10
-151
-358
-666
-902
-1041
-1181
-1331
-1408
-1437
-1469
-1443
-1400
-1325
-1106
-777
-584
-656
-690
-346
165
388
350
434
741
942
1000
1156
1389
1430
1290
1222
1287
1278
1131
1004
955
873
690
451
252
154
64
-34
-225
-460
-674
-695
-581
-613
-816
-968
-853
-704
-704
-713
-649
-648
-685
-616
-479
-484
-583
-534
-394
-320
-333
-340
-375
-456
-443
-218
125
283
166
-100
-267
-121
265
557
620
457
243
95
48
259
580
787
654
456
459
419
160
-16
196
444
342
37
-199
-415
-636
-659
-414
-274
-497
-783
-792
-579
-469
-475
-424
-281
-172
-145
-156
-150
-64
166
418
523
434
329
384
548
721
768
646
537
614
806
927
855
727
620
602
731
814
651
372
404
474
386
223
31
9
0
-50
-73
-183
-415
-449
-398
-393
-386
-453
-553
-647
-679
-506
-374
-511
-592
-511
-357
-279
-289
-200
-135
-97
-30
78
121
44
-37
101
333
385
264
139
118
179
282
378
343
170
24
56
149
161
145
83
-63
-230
-308
-290
-255
-249
-291
-353
-408
-374
-258
-215
-227
-187
-74
27
51
90
218
338
424
504
560
602
661
770
864
884
871
895
918
871
775
703
676
609
486
354
259
224
159
49
-31
-79
-130
-197
-192
-141
-153
-214
-216
-131
-52
1
32
59
117
205
274
322
370
408
409
367
332
352
422
427
282
82
-13
38
104
37
-156
-375
-490
-470
-438
-539
-749
-827
-788
-805
-906
-965
-963
-1000
-1044
-996
-899
-872
-917
-931
-824
-645
-451
-330
-235
-132
0
105
200
354
509
615
672
697
696
680
672
700
728
690
548
403
345
333
293
175
114
96
24
-130
-235
-174
-52
-60
-184
-259
-269
-248
-212
-137
-71
-64
-103
-104
-5
147
231
200
168
201
273
254
243
319
441
459
375
318
295
254
203
224
261
248
179
124
86
70
75
58
30
-25
-142
-247
-271
-245
-253
-349
-432
-458
-465
-489
-508
-500
-503
-525
-542
-530
-498
-423
-368
-367
-372
-345
-319
-324
-325
-307
-282
-304
-333
-361
-384
-407
-413
-403
-413
-411
-431
-474
-479
-420
-328
-286
-291
-291
-249
-171
-96
-50
-5
80
156
201
236
317
390
413
380
397
498
555
522
452
411
437
494
481
393
305
289
295
312
355
375
269
99
54
175
286
247
107
-16
-40
13
87
110
92
67
59
87
147
221
271
279
264
274
338
386
399
400
407
428
399
331
291
274
252
239
273
276
163
33
23
37
-7
-130
-276
-325
-323
-374
-479
-542
-514
-479
-545
-640
-659
-610
-572
-542
-480
-410
-399
-421
-398
-318
-253
-215
-196
-178
-154
-177
-206
-268
-259
-170
-125
-181
-269
-298
-300
-292
-265
-210
-190
-269
-376
-369
-293
-248
-260
-309
-344
-346
-307
-266
-239
-231
-196
-143
-72
4
50
70
85
128
187
219
211
222
285
371
387
348
310
300
300
325
367
357
283
193
141
92
62
29
7
-34
-120
-200
-270
-314
-360
-410
-429
-422
-449
-498
-507
-474
-448
-448
-399
-325
-281
-268
-242
-188
-132
-44
22
39
38
48
48
37
18
7
-16
-77
-119
-141
-166
-229
-288
-298
-254
-239
-323
-419
-406
-324
-276
-321
-380
-412
-404
-367
-365
-368
-353
-305
-303
-334
-334
-308
-274
-240
-211
-205
-208
-200
-190
-158
-103
-68
-75
-125
-134
-88
-48
-47
-43
-27
-28
-57
-81
-81
-60
-53
-67
-50
-17
-27
-124
-180
-138
-63
-40
-69
-117
-144
-140
-113
-62
-19
15
39
41
34
70
108
141
184
208
202
168
136
149
172
199
176
127
114
85
37
-28
-38
-30
-58
-132
-209
-212
-192
-169
-201
-266
-304
-319
-343
-328
-279
-235
-242
-281
-288
-257
-217
-227
-208
-147
-91
-97
-161
-163
-119
-51
-19
-19
-34
-81
-118
-127
-102
-109
-146
-210
-229
-212
-220
-243
-277
-260
-221
-215
-232
-229
-199
-143
-83
-36
-31
-89
-121
-74
19
86
62
11
2
20
19
55
121
143
61
-20
-20
34
82
62
53
68
98
110
95
77
109
159
185
169
182
209
181
155
156
233
268
201
122
103
153
155
106
78
56
11
-28
-32
-8
-21
-41
-64
-81
-93
-105
-123
-134
-135
-146
-168
-217
-241
-238
-228
-232
-229
-238
-273
-316
-317
-277
-266
-297
-321
-309
-296
-291
-288
-276
-231
-200
-218
-262
-295
-293
-236
-166
-124
-115
-165
-209
-179
-146
-128
-138
-166
-166
-161
-171
-179
-198
-203
-198
-186
-172
-183
-222
-239
-205
-130
-81
-106
-167
-165
-60
14
6
-26
-24
-21
-34
1
74
109
63
10
10
26
53
62
46
1
-23
-19
-23
-17
-11
-43
-113
-151
-138
-153
-216
-258
-254
-261
-323
-378
-378
-357
-374
-403
-404
-361
-329
-331
-348
-324
-268
-213
-184
-170
-151
-152
-113
-44
3
1
-49
-73
-63
-50
-46
-44
-60
-92
-124
-116
-105
-133
-157
-165
-149
-135
-116
-150
-193
-212
-214
-183
-158
-143
-182
-199
-159
-115
-116
-141
-151
-126
-108
-116
-114
-130
-137
-100
-46
-56
-80
-71
-62
-42
-27
5
47
61
80
119
148
133
100
99
112
95
36
-36
-73
-91
-95
-108
-137
-208
-284
-324
-317
-309
-318
-359
-398
-402
-382
-352
-359
-373
-365
-319
-302
-302
-305
-314
-289
-240
-201
-204
-239
-238
-207
-180
-166
-184
-188
-180
-179
-187
-215
-231
-232
-217
-204
-207
-243
-264
-278
-257
-234
-251
-245
-254
-262
-273
-293
-304
-331
-373
-361
-333
-333
-363
-397
-401
-402
-380
-374
-386
-397
-377
-323
-273
-234
-188
-138
-84
-37
-9
-12
-2
53
134
160
120
85
73
104
136
160
179
142
103
82
85
89
73
78
95
64
22
0
25
36
14
-6
-37
-56
-83
-103
-127
-177
-181
-125
-105
-121
-161
-161
-142
-121
-88
-53
-52
-76
-87
-88
-89
-76
-39
-11
0
-1
-32
-50
-12
12
-3
-44
-71
-88
-76
-69
-66
-76
-99
-115
-149
-196
-219
-230
-238
-252
-274
-273
-286
-328
-361
-371
-363
-328
-321
-334
-358
-325
-247
-219
-225
-235
-212
-168
-101
-54
-30
-7
10
51
90
95
97
130
183
214
213
180
161
157
159
164
164
136
81
25
-11
-35
-66
-102
-127
-142
-163
-180
-193
-163
-157
-171
-187
-183
-165
-162
-128
-105
-74
-60
-69
-61
-55
-74
-98
-92
-48
-20
-36
-64
-70
-44
-46
-60
-82
-59
-55
-69
-95
-92
-83
-101
-105
-113
-131
-152
-202
-236
-227
-225
-242
-302
-342
-328
-293
-287
-311
-299
-262
-250
-261
-250
-221
-205
-184
-152
-119
-66
-58
-75
-53
4
24
2
-7
17
42
49
58
85
84
69
53
39
62
85
66
45
19
29
23
-27
-65
-63
-28
-33
-40
-73
-90
-93
-78
-54
-30
-28
-33
-61
-75
-53
-43
-26
-32
-45
-69
-122
-152
-155
-156
-149
-148
-161
-183
-185
-171
-149
-137
-130
-120
-113
-103
-116
-119
-92
-43
-18
-36
-63
-90
-93
-93
-92
-94
-116
-134
-139
-135
-156
-176
-183
-167
-160
-197
-231
-260
-262
-258
-261
-272
-286
-293
-306
-314
-298
-296
-308
-329
-334
-302
-266
-262
-278
-274
-256
-228
-212
-216
-202
-182
-151
-129
-117
-132
-144
-121
-110
-103
-117
-155
-176
-180
-187
-215
-263
-275
-267
-289
-328
-371
-381
-418
-449
-465
-451
-430
-445
-473
-484
-450
-411
-392
-373
-352
-320
-286
-277
-272
-226
-163
-118
-87
-51
-25
-29
-8
9
35
50
32
1
-23
-41
-74
-87
-86
-104
-164
-236
-302
-376
-428
-424
-417
-430
-474
-522
-551
-553
-512
-492
-456
-428
-433
-448
-432
-364
-306
-243
-230
-224
-210
-185
-134
-93
-49
-30
-43
-81
-70
-37
-8
-3
-31
-60
-100
-144
-156
-150
-138
-145
-161
-198
-259
-314
-361
-329
-291
-305
-361
-391
-386
-370
-341
-310
-274
-254
-249
-243
-209
-164
-106
-48
-20
12
51
76
104
127
152
179
184
191
217
230
214
191
146
116
91
76
30
-23
-58
-98
-150
-197
-218
-233
-267
-320
-335
-325
-296
-281
-280
-297
-281
-232
-181
-131
-132
-141
-152
-140
-107
-86
-77
-84
-61
-34
-28
-44
-70
-97
-90
-68
-77
-79
-104
-129
-152
-164
-175
-214
-240
-258
-256
-260
-282
-285
-294
-285
-294
-287
-265
-260
-269
-252
-215
-182
-135
-112
-125
-122
-97
-49
-20
-8
-25
-51
-56
-38
-16
-16
-45
-77
-74
-71
-90
-118
-142
-161
-184
-187
-183
-204
-235
-269
-273
-250
-237
-246
-264
-263
-247
-219
-191
-175
-161
-134
-109
-110
-118
-109
-89
-89
-93
-114
-129
-136
-133
-130
-136
-174
-216
-241
-229
-203
-212
-234
-288
-293
-294
-316
-332
-346
-342
-340
-332
-341
-367
-357
-333
-305
-299
-312
-313
-287
-230
-201
-193
-192
-189
-187
-172
-151
-148
-146
-141
-138
-152
-156
-179
-197
-207
-215
-241
-274
-303
-331
-345
-357
-365
-395
-423
-438
-435
-439
-446
-436
-426
-403
-373
-346
-308
-299
-291
-252
-206
-174
-127
-98
-84
-84
-76
-49
-51
-52
-66
-64
-74
-97
-122
-123
-112
-134
-167
-195
-219
-223
-234
-249
-267
-272
-265
-265
-257
-252
-239
-231
-235
-225
-182
-147
-135
-128
-111
-83
-51
-46
-30
-6
4
11
24
16
4
-9
-15
-3
-16
-49
-93
-126
-136
-157
-184
-244
-292
-308
-312
-306
-339
-374
-424
-441
-418
-389
-367
-375
-355
-329
-307
-292
-305
-291
-251
-203
-185
-185
-183
-164
-128
-86
-49
-68
-106
-132
-126
-105
-91
-93
-112
-138
-161
-175
-193
-205
-187
-167
-197
-212
-226
-238
-239
-243
-233
-235
-238
-254
-257
-254
-258
-230
-197
-186
-167
-150
-114
-80
-62
-57
-59
-41
-43
-46
-36
-1
19
-5
-34
-88
-119
-126
-123
-108
-112
-134
-185
-227
-237
-252
-260
-281
-318
-342
-344
-336
-345
-342
-339
-327
-320
-307
-303
-306
-289
-268
-240
-218
-207
-214
-228
-203
-171
-161
-201
-236
-246
-272
-306
-341
-350
-366
-401
-427
-459
-466
-471
-494
-507
-509
-505
-501
-511
-489
-452
-427
-425
-442
-438
-426
-415
-404
-409
-400
-383
-373
-360
-362
-369
-383
-374
-342
-336
-324
-321
-324
-339
-351
-364
-401
-413
-433
-464
-477
-490
-502
-507
-531
-549
-573
-599
-629
-664
-663
-651
-639
-615
-601
-590
-582
-561
-529
-503
-471
-457
-444
-416
-398
-390
-384
-373
-372
-365
-334
-322
-326
-337
-362
-381
-397
-407
-431
-423
-432
-461
-474
-494
-527
-549
-564
-593
-615
-633
-632
-631
-634
-639
-658
-694
-709
-703
-699
-684
-687
-680
-647
-613
-596
-587
-574
-552
-519
-502
-480
-464
-459
-443
-428
-427
-428
-426
-415
-404
-404
-421
-434
-450
-454
-441
-429
-452
-486
-498
-485
-468
-464
-477
-473
-458
-455
-451
-447
-441
-435
-407
-386
-382
-382
-375
-365
-329
-311
-329
-332
-313
-299
-297
-293
-294
-282
-278
-276
-271
-274
-284
-270
-257
-244
-242
-266
-282
-285
-281
-272
-274
-285
-293
-297
-302
-313
-308
-308
-318
-336
-352
-364
-367
-374
-390
-386
-403
-430
-437
-441
-431
-433
-443
-443
-454
-457
-447
-446
-442
-428
-412
-391
-371
-377
-380
-382
-384
-388
-388
-389
-381
-337
-323
-341
-352
-346
-337
-323
-327
-323
-329
-330
-337
-369
-380
-375
-362
-375
-379
-381
-399
-420
-418
-388
-368
-371
-398
-415
-421
-408
-385
-370
-370
-368
-372
-363
-363
-363
-367
-357
-337
-312
-283
-281
-281
-276
-248
-236
-232
-250
-272
-264
-263
-253
-235
-248
-280
-309
-318
-317
-311
-305
-317
-330
-356
-370
-396
-395
-385
-393
-402
-412
-446
-443
-425
-427
-428
-441
-457
-473
-463
-450
-437
-438
-439
-440
-421
-395
-379
-363
-356
-345
-332
-324
-318
-322
-312
-285
-268
-274
-303
-314
-315
-307
-309
-335
-355
-371
-386
-375
-346
-322
-322
-336
-340
-332
-320
-322
-352
-363
-339
-318
-302
-300
-312
-318
-331
-338
-320
-303
-295
-282
-301
-324
-332
-315
-288
-282
-272
-301
-307
-301
-285
-253
-254
-271
-269
-250
-224
-222
-227
-234
-241
-246
-266
-260
-259
-256
-260
-262
-256
-263
-287
-285
-286
-293
-301
-294
-271
-264
-269
-279
-286
-292
-296
-301
-311
-301
-269
-264
-269
-267
-255
-243
-256
-275
-265
-278
-278
-268
-236
-217
-236
-252
-260
-256
-231
-227
-241
-255
-261
-251
-259
-264
-260
-254
-248
-249
-236
-223
-231
-230
-217
-188
-181
-189
-191
-189
-165
-150
-136
-135
-139
-161
-162
-145
-122
-113
-115
-124
-140
-132
-120
-123
-146
-142
-133
-134
-129
-101
-75
-48
-51
-72
-77
-68
-59
-57
-36
-35
-19
-35
-51
-63
-59
-48
-48
-34
-34
-40
-52
-68
-94
-88
-91
-103
-128
-133
-131
-135
-130
-153
-171
-183
-204
-219
-229
-226
-207
-209
-211
-211
-206
-205
-181
-157
-163
-155
-159
-165
-147
-133
-137
-147
-149
-143
-145
-171
-193
-198
-200
-192
-182
-198
-238
-247
-238
-229
-211
-213
-223
-216
-212
-208
-202
-220
-220
-215
-206
-191
-176
-164
-148
-144
-135
-126
-129
-119
-115
-114
-95
-83
-79
-74
-76
-71
-78
-79
-69
-60
-61
-73
-84
-84
-94
-96
-107
-127
-147
-169
-154
-171
-174
-163
-169
-181
-191
-193
-206
-202
-203
-215
-239
-254
-249
-238
-236
-248
-256
-262
-260
-260
-265
-275
-284
-278
-260
-265
-271
-277
-274
-260
-249
-252
-269
-285
-294
-292
-279
-285
-303
-311
-305
-298
-299
-326
-358
-349
-337
-318
-318
-323
-341
-348
-341
-347
-326
-333
-339
-325
-328
-311
-303
-292
-278
-292
-298
-299
-297
-292
-290
-280
-275
-273
-285
-295
-303
-292
-281
-276
-268
-261
-268
-280
-265
-230
-196
-169
-170
-178
-185
-183
-181
-182
-163
-152
-130
-132
-145
-157
-145
-143
-157
-171
-193
-202
-192
-176
-162
-135
-131
-151
-147
-154
-145
-121
-112
-109
-90
-94
-84
-84
-96
-105
-107
-107
-94
-100
-99
-94
-102
-102
-94
-88
-96
-87
-73
-79
-75
-80
-71
-56
-71
-74
-84
-85
-79
-67
-71
-78
-76
-89
-99
-113
-114
-106
-82
-88
-102
-120
-132
-145
-159
-153
-132
-135
-134
-114
-105
-94
-102
-127
-141
-134
-117
-113
-110
-88
-78
-61
-64
-84
-90
-92
-71
-82
-79
-77
-56
-42
-47
-52
-39
-20
-33
-36
-48
-44
-50
-59
-52
-47
-47
-59
-56
-54
-55
-56
-52
-42
-41
-35
-27
-28
-18
-3
-4
-1
18
22
14
4
-8
-9
-3
-1
-3
-3
-1
-25
-51
-78
-93
-110
-127
-135
-133
-143
-145
-137
-140
-155
-165
-159
-149
-135
-137
-140
-132
-133
-139
-142
-139
-131
-106
-96
-100
-117
-141
-136
-139
-136
-135
-157
-181
-188
-197
-203
-206
-212
-230
-231
-222
-236
-234
-224
-215
-198
-203
-221
-221
-222
-216
-212
-211
-213
-218
-209
-195
-199
-202
-195
-190
-192
-185
-190
-196
-191
-186
-185
-183
-192
-191
-181
-174
-164
-151
-129
-125
-132
-142
-141
-150
-154
-169
-169
-169
-179
-174
-184
-195
-195
-211
-223
-223
-233
-222
-196
-171
-155
-133
-130
-127
-134
-113
-113
-106
-100
-106
-81
-93
-92
-100
-101
-89
-77
-71
-84
-84
-99
-96
-84
-95
-93
-112
-125
-139
-148
-161
-156
-161
-176
-170
-167
-152
-162
-162
-161
-146
-137
-128
-113
-112
-110
-96
-75
-61
-51
-48
-28
-3
19
27
10
-17
-19
-6
5
7
-9
-5
6
24
32
15
-6
-11
-11
3
25
32
21
17
6
0
34
57
95
122
118
111
126
138
159
186
183
179
171
169
149
155
150
144
141
116
118
123
125
134
122
90
84
92
116
128
139
160
171
175
189
169
144
151
172
180
192
179
165
171
172
187
183
178
162
152
167
183
197
198
183
167
169
193
220
226
185
160
171
209
237
234
219
188
165
161
150
169
158
136
131
132
117
120
115
109
118
97
104
115
129
151
150
153
175
195
202
215
221
219
230
234
241
254
255
249
265
283
287
271
241
219
209
215
220
222
235
233
225
224
218
202
185
167
155
147
149
141
137
136
126
119
115
114
95
84
85
88
97
102
100
100
92
102
124
127
119
115
114
127
139
143
153
153
153
153
160
175
179
163
149
142
129
141
145
158
168
167
159
141
142
131
121
135
137
144
148
152
147
139
132
125
125
127
141
155
162
170
174
160
159
135
144
149
167
173
187
185
189
192
189
186
185
185
205
207
185
172
157
174
180
187
189
173
152
157
156
157
158
153
142
133
130
115
119
127
135
139
142
141
140
149
154
148
142
136
130
135
149
154
160
168
164
144
139
142
153
171
169
172
168
177
188
185
204
199
212
213
200
201
211
215
207
219
214
207
191
183
191
182
173
171
159
153
148
145
155
150
140
143
140
127
127
131
122
120
118
125
145
139
136
142
160
176
171
161
165
167
172
188
211
212
199
175
158
153
148
147
131
129
103
94
112
120
114
110
101
85
96
101
97
86
93
102
119
133
140
150
164
153
151
149
141
145
154
164
172
172
181
189
210
224
205
183
152
138
143
166
173
163
124
86
87
85
99
102
95
88
72
64
71
83
93
85
57
40
28
25
24
26
26
-12
-23
-40
-44
-42
-47
-53
-78
-84
-76
-70
-50
-39
-21
-1
2
11
18
6
-8
-14
-3
-3
-3
-17
-27
-19
2
14
-8
-30
-54
-70
-62
-40
-27
-23
-45
-55
-47
-50
-52
-62
-64
-48
-26
-26
-12
-20
-37
-33
-18
-25
-40
-54
-70
-68
-78
-71
-81
-96
-115
-115
-124
-124
-120
-128
-122
-126
-120
-117
-112
-102
-100
-105
-109
-125
-135
-126
-107
-101
-100
-103
-118
-123
-139
-155
-172
-185
-213
-213
-201
-201
-202
-214
-224
-217
-215
-215
-220
-251
-257
-258
-248
-229
-234
-234
-241
-245
-235
-240
-252
-269
-264
-234
-205
-189
-198
-213
-224
-210
-192
-195
-187
-183
-192
-198
-199
-201
-203
-190
-184
-172
-169
-162
-176
-199
-212
-213
-206
-208
-208
-211
-194
-194
-194
-189
-203
-215
-216
-207
-197
-181
-176
-186
-182
-184
-193
-194
-182
-173
-173
-175
-158
-151
-144
-139
-137
-131
-148
-131
-114
-91
-71
-56
-47
-47
-49
-53
-50
-51
-42
-54
-59
-65
-71
-81
-82
-81
-86
-96
-108
-93
-88
-79
-74
-84
-97
-99
-102
-99
-87
-82
-81
-72
-64
-62
-45
-42
-37
-33
-45
-47
-43
-29
-18
-14
-9
-16
-18
-9
-13
-14
-25
-38
-46
-59
-72
-74
-81
-85
-76
-88
-89
-82
-88
-90
-90
-108
-126
-125
-129
-135
-127
-137
-139
-140
-138
-141
-142
-138
-145
-150
-149
-143
-139
-133
-119
-122
-122
-125
-107
-92
-74
-62
-72
-65
-61
-61
-67
-73
-78
-71
-79
-64
-76
-95
-107
-104
-103
-107
-118
-130
-140
-146
-152
-172
-183
-197
-189
-199
-199
-196
-204
-213
-211
-201
-193
-198
-192
-185
-172
-163
-153
-138
-118
-110
-107
-101
-107
-121
-117
-100
-93
-82
-88
-88
-83
-74
-59
-63
-80
-86
-94
-86
-68
-56
-49
-72
-74
-70
-82
-78
-73
-71
-68
-74
-85
-83
-79
-67
-62
-84
-106
-111
-98
-93
-95
-88
-98
-114
-118
-93
-84
-80
-53
-69
-69
-84
-74
-61
-52
-42
-48
-44
-56
-63
-77
-89
-93
-75
-74
-90
-90
-95
-93
-80
-71
-89
-107
-128
-123
-114
-102
-99
-115
-122
-130
-113
-111
-109
-106
-114
-124
-109
-87
-75
-60
-45
-65
-61
-74
-93
-92
-106
-113
-130
-123
-122
-119
-129
-139
-140
-149
-132
-127
-117
-101
-102
-110
-98
-80
-67
-68
-77
-69
-73
-66
-46
-54
-66
-77
-58
-64
-89
-96
-108
-122
-117
-120
-130
-127
-129
-134
-135
-155
-176
-175
-180
-189
-196
-175
-174
-160
-167
-181
-177
-186
-167
-168
-184
-182
-168
-152
-140
-145
-154
-168
-172
-163
-149
-153
-166
-183
-185
-173
-169
-167
-187
-194
-191
-186
-185
-191
-194
-219
-221
-216
-222
-223
-226
-245
-262
-261
-263
-260
-250
-267
-287
-279
-274
-267
-253
-249
-246
-251
-273
-294
-304
-305
-293
-292
-289
-288
-281
-291
-291
-283
-267
-267
-257
-245
-247
-245
-240
-244
-264
-273
-274
-263
-257
-251
-250
-249
-266
-281
-289
-298
-304
-310
-322
-323
-321
-334
-343
-367
-369
-356
-359
-356
-356
-365
-361
-359
-356
-358
-355
-355
-349
-353
-372
-368
-377
-369
-358
-369
-369
-369
-356
-360
-356
-365
-380
-385
-380
-375
-374
-376
-394
-404
-396
-393
-398
-386
-397
-395
-385
-383
-384
-395
-390
-382
-382
-381
-376
-391
-392
-399
-401
-414
-411
-406
-402
-399
-405
-409
-419
-416
-412
-427
-426
-406
-411
-409
-410
-408
-405
-398
-405
-386
-393
-382
-254
-141
-210
-376
-464
-419
-334
-297
-248
-278
-422
-544
-534
-396
-292
-297
-350
-373
-368
-394
-441
-457
-439
-405
-382
-391
-409
-357
-316
-319
-340
-335
-300
-261
-263
-258
-299
-370
-414
-385
-326
-338
-349
-361
-336
-357
-452
-469
-402
-346
-322
-280
-324
-379
-394
-371
-362
-371
-281
-217
-249
-249
-234
-326
-400
-356
-191
-148
-249
-345
-353
-327
-357
-417
-321
-262
-343
-362
-405
-353
-376
-462
-416
-377
-345
-290
-358
-418
-378
-399
-391
-394
-343
-228
-311
-455
-404
-318
-347
-391
-443
-343
-280
-238
-222
-287
-382
-425
-363
-276
-200
-178
-254
-413
-498
-427
-241
-267
-307
-277
-271
-339
-436
-480
-392
-279
-260
-305
-369
-458
-523
-490
-382
-261
-259
-303
-269
-303
-296
-340
-351
-266
-192
-122
-159
-220
-223
-288
-359
-279
-181
-180
-235
-248
-267
-315
-424
-459
-327
-204
-209
-239
-330
-389
-451
-486
-319
-226
-250
-232
-220
-287
-412
-446
-370
-321
-326
-248
-225
-299
-371
-420
-413
-355
-274
-232
-235
-336
-406
-434
-401
-382
-340
-264
-225
-258
-348
-345
-399
-439
-341
-208
-201
-243
-272
-291
-377
-419
-307
-232
-238
-259
-229
-234
-341
-396
-329
-256
-259
-257
-230
-253
-351
-394
-340
-290
-289
-244
-206
-231
-279
-324
-287
-304
-327
-288
-290
-307
-284
-269
-256
-270
-263
-210
-229
-277
-246
-213
-234
-237
-199
-150
-184
-246
-249
-237
-208
-216
-192
-200
-269
-286
-218
-183
-212
-249
-217
-204
-292
-318
-290
-264
-312
-340
-277
-255
-281
-273
-267
-281
-264
-230
-208
-195
-183
-200
-258
-263
-200
-149
-162
-165
-149
-152
-200
-203
-144
-109
-146
-145
-104
-111
-160
-197
-195
-157
-138
-151
-114
-87
-121
-173
-200
-184
-173
-168
-127
-116
-153
-194
-240
-251
-226
-170
-132
-135
-133
-138
-156
-209
-203
-128
-68
-50
-48
-75
-120
-185
-176
-126
-83
-55
-49
-62
-106
-156
-192
-187
-161
-67
-17
-50
-112
-192
-233
-223
-184
-126
-77
-64
-111
-184
-252
-285
-283
-226
-164
-142
-179
-252
-298
-323
-274
-189
-136
-128
-156
-180
-210
-249
-219
-156
-133
-111
-117
-140
-180
-232
-247
-200
-109
-18
-17
-111
-190
-239
-255
-215
-157
-102
-94
-144
-187
-222
-278
-297
-229
-121
-42
-86
-181
-221
-245
-258
-215
-134
-67
-61
-139
-223
-280
-315
-279
-220
-132
-100
-149
-227
-288
-319
-289
-231
-183
-129
-88
-96
-165
-228
-246
-209
-130
-49
-22
-54
-126
-206
-246
-226
-181
-135
-82
-50
-81
-158
-254
-289
-238
-146
-60
-30
-48
-93
-123
-154
-151
-90
-37
-25
-49
-63
-62
-64
-93
-96
-60
-31
-24
-20
-13
-66
-109
-94
-64
-43
-49
-62
-85
-103
-105
-102
-85
-58
-49
-41
-51
-48
-31
-17
-14
0
35
33
12
-23
-52
-51
-41
-8
12
-4
-30
-54
-81
-93
-72
-28
19
23
8
-21
-39
-49
-73
-60
-35
-14
-22
-22
-27
-46
-59
-56
-1
36
30
-13
-29
-15
-18
-3
43
68
77
86
87
88
89
87
108
141
154
125
110
116
123
118
97
103
142
159
128
91
71
67
68
78
119
138
134
128
129
112
99
97
106
133
144
136
129
115
89
69
68
95
115
129
126
132
128
114
119
134
163
172
172
178
182
202
212
209
213
219
219
217
218
215
225
213
196
173
145
153
164
172
153
139
146
152
152
140
137
143
139
148
160
177
184
162
158
182
202
228
242
240
197
173
173
183
205
209
211
214
228
201
172
175
199
230
222
215
213
197
171
164
170
181
185
185
204
205
179
152
154
169
180
188
186
166
147
126
114
123
111
104
90
74
78
94
91
100
119
135
139
137
136
119
115
127
149
176
201
204
187
151
122
134
152
165
169
150
126
83
49
56
72
82
68
39
20
5
-20
-24
-30
-40
-49
-57
-44
-44
-54
-73
-72
-63
-38
-15
0
-5
-19
-24
-29
-21
-1
14
5
-1
2
13
-9
-28
-37
-39
-17
8
28
35
8
-24
-29
-16
-6
6
16
7
-20
-46
-54
-36
-8
32
29
7
-14
-25
-14
-10
19
49
46
30
9
6
16
12
18
18
-2
-6
-22
-28
-22
-28
-40
-46
-51
-35
-4
-6
-17
-23
-18
-21
-15
4
17
20
4
-8
-7
-5
6
20
35
18
-13
-36
-62
-57
-19
-1
-13
-32
-35
-31
-23
-10
-6
-18
-31
-27
-20
-23
-39
-50
-50
-48
-55
-38
-27
-36
-57
-93
-112
-113
-93
-91
-105
-128
-121
-99
-96
-87
-91
-98
-104
-95
-68
-57
-51
-63
-79
-87
-80
-87
-83
-84
-75
-55
-46
-26
-53
-78
-110
-120
-94
-81
-58
-57
-74
-86
-108
-113
-111
-117
-113
-120
-129
-124
-117
-129
-134
-131
-110
-106
-115
-138
-165
-156
-146
-133
-134
-149
-151
-157
-136
-133
-159
-174
-185
-170
-149
-138
-153
-172
-176
-170
-162
-167
-170
-165
-184
-203
-220
-222
-231
-228
-216
-195
-199
-203
-208
-231
-230
-220
-212
-188
-161
-165
-178
-213
-223
-213
-208
-204
-215
-220
-208
-215
-222
-230
-219
-205
-193
-199
-208
-211
-217
-208
-201
-186
-194
-199
-213
-218
-210
-196
-193
-197
-195
-205
-208
-209
-222
-220
-234
-248
-230
-230
-225
-228
-224
-225
-233
-236
-216
-209
-221
-227
-230
-223
-217
-213
-214
-206
-202
-195
-202
-212
-204
-198
-194
-191
-181
-178
-184
-200
-198
-196
-197
-206
-226
-242
-258
-266
-262
-247
-227
-224
-221
-223
-225
-214
-228
-238
-230
-216
-213
-217
-210
-210
-215
-220
-226
-230
-228
-227
-233
-234
-216
-225
-228
-222
-199
-184
-164
-142
-144
-156
-164
-167
-167
-168
-161
-164
-162
-159
-172
-183
-198
-191
-170
-154
-159
-174
-206
-233
-248
-242
-234
-244
-256
-278
-261
-245
-253
-275
-289
-258
-229
-218
-235
-253
-276
-268
-251
-218
-186
-174
-184
-203
-192
-199
-213
-223
-226
-214
-201
-195
-193
-204
-224
-215
-210
-234
-245
-241
-223
-189
-161
-170
-197
-207
-209
-208
-186
-156
-169
-185
-208
-213
-201
-177
-154
-167
-177
-180
-179
-182
-184
-195
-187
-191
-196
-207
-218
-224
-226
-225
-230
-215
-206
-201
-180
-157
-134
-114
-100
-87
-89
-104
-121
-127
-118
-119
-112
-128
-137
-146
-148
-128
-114
-119
-144
-171
-156
-125
-117
-100
-103
-96
-93
-98
-83
-66
-75
-82
-69
-64
-52
-49
-46
-32
-17
-23
-23
-29
-59
-71
-63
-75
-71
-76
-86
-75
-79
-88
-86
-73
-76
-66
-42
-46
-44
-37
-21
-12
-25
-23
-24
-29
-25
-35
-49
-33
-31
-35
-42
-31
-35
-52
-77
-91
-91
-76
-36
-25
-19
-25
-30
-57
-81
-82
-103
-97
-78
-47
-39
-46
-54
-71
-65
-80
-83
-81
-77
-65
-41
-18
-23
-26
-30
-22
-6
-6
-2
2
17
6
15
15
14
23
22
36
26
32
40
43
40
31
44
50
47
50
48
43
50
34
27
42
31
38
25
26
42
58
64
65
63
56
49
44
28
44
60
70
86
96
113
107
100
103
124
140
165
184
185
178
177
174
165
168
182
196
193
185
178
175
176
174
142
138
134
120
127
121
119
123
127
133
118
98
106
111
133
140
155
152
160
172
186
205
220
224
222
233
240
248
244
251
247
253
262
253
256
265
245
236
244
242
241
241
237
229
229
235
228
226
220
233
235
239
225
215
196
174
192
189
199
210
200
191
186
183
190
200
211
220
224
221
219
218
216
232
243
266
281
274
260
257
244
225
238
250
283
302
288
287
262
244
249
252
251
249
246
231
227
212
194
187
193
196
206
196
179
166
143
142
154
159
172
165
149
143
141
154
139
159
170
181
205
204
192
174
155
164
192
200
191
185
198
219
249
253
224
196
174
184
192
206
221
217
195
179
182
189
224
242
233
225
213
219
236
235
234
213
191
194
205
218
208
209
207
196
198
195
201
209
206
206
199
189
208
224
238
259
275
295
294
280
282
302
310
303
296
280
269
274
273
279
261
233
222
224
252
261
258
260
250
252
257
272
281
265
241
225
250
283
305
304
290
266
249
252
257
250
235
205
207
204
193
186
167
146
135
140
130
137
129
124
136
144
146
149
163
168
159
145
156
175
190
189
170
159
162
158
157
145
135
113
110
110
101
95
91
90
110
113
99
84
57
62
58
70
79
81
94
99
94
89
87
66
49
57
85
112
119
119
109
101
108
118
129
130
121
102
81
83
105
112
107
121
120
116
118
100
95
86
105
116
105
111
114
111
111
109
99
97
93
88
85
85
105
117
143
139
126
106
95
94
99
104
120
129
123
129
144
164
162
155
146
161
180
209
214
210
214
222
222
214
217
227
250
275
275
259
235
224
226
223
226
218
218
229
240
219
191
184
175
169
161
163
168
169
178
186
190
193
195
209
198
190
189
203
214
213
196
192
183
169
185
174
166
153
148
140
142
138
139
145
153
159
158
147
140
151
147
155
148
145
138
127
129
113
118
144
148
135
127
117
117
121
127
142
154
160
159
154
155
148
140
148
144
159
167
163
159
164
153
147
161
169
184
171
164
172
163
159
170
169
157
136
123
119
133
137
122
111
95
85
91
104
92
74
65
74
94
107
114
108
96
99
113
131
135
138
161
160
149
135
119
105
105
107
117
112
120
142
152
160
132
112
87
95
118
139
149
141
130
121
127
125
143
147
152
155
139
139
145
170
173
172
173
156
147
145
142
135
125
123
120
113
104
108
115
129
113
101
91
91
113
126
149
151
161
166
146
135
122
117
113
117
122
96
86
90
87
71
56
28
11
30
51
79
88
72
47
48
47
62
81
104
89
73
69
62
84
85
97
110
115
109
89
67
43
38
47
52
56
55
28
26
18
20
28
41
62
75
82
82
77
97
113
102
104
100
88
85
80
68
63
67
84
89
87
71
61
43
29
26
29
46
60
84
87
80
65
58
52
41
46
71
92
104
89
73
65
60
65
67
61
49
60
76
80
68
60
45
39
41
39
36
28
36
26
22
43
38
41
41
44
41
44
52
41
35
29
29
30
22
14
18
23
37
51
43
38
26
24
39
67
81
104
105
89
73
53
43
31
25
14
29
37
40
42
33
35
43
55
72
93
104
123
139
135
117
113
103
125
131
131
125
97
74
58
57
54
66
57
56
56
49
54
43
19
20
32
28
36
41
40
42
46
59
74
91
106
121
111
97
92
87
90
93
96
94
97
85
82
79
78
84
81
80
81
69
54
57
53
58
57
56
40
28
18
22
22
24
11
0
2
2
3
2
6
8
7
0
8
8
12
22
37
54
65
67
68
74
74
76
77
76
84
85
86
94
91
75
67
60
65
81
88
98
100
86
80
80
62
60
56
50
26
11
1
-15
-20
-26
-20
-19
-24
-36
-30
-42
-41
-23
-8
16
23
8
21
30
27
37
46
45
67
85
89
73
55
60
81
80
62
59
57
83
113
106
81
52
47
51
56
84
98
89
71
56
39
34
52
81
82
57
47
55
68
85
89
80
50
26
22
41
43
57
45
7
-2
-9
-17
4
20
23
22
3
-5
-1
2
28
26
29
41
34
24
2
-8
-2
12
7
-1
-6
2
5
-2
-30
-60
-64
-61
-48
-27
-13
-10
-35
-42
-31
-20
-10
-23
-33
-36
-31
-18
-13
-17
-18
-29
-21
-12
-10
-5
-21
-41
-52
-38
-32
-40
-35
-40
-50
-41
-45
-36
-12
10
15
10
21
44
56
56
52
39
35
35
43
40
42
45
45
35
22
9
7
2
0
6
18
30
42
44
38
40
33
31
24
29
22
27
25
34
41
26
17
10
11
6
7
20
38
47
36
34
24
29
29
35
33
28
37
39
47
50
45
44
44
50
62
58
41
37
33
29
38
42
27
29
41
59
64
60
48
35
40
40
52
69
85
91
97
81
64
50
42
37
29
33
43
50
39
27
21
18
20
15
10
39
57
61
66
73
77
79
72
70
71
82
93
100
102
100
90
87
85
73
62
55
54
63
63
61
66
50
39
40
42
47
46
51
54
69
82
95
102
113
111
113
120
112
114
97
97
108
120
126
128
117
116
117
126
135
140
126
110
107
103
102
113
113
119
129
120
124
125
110
104
105
107
112
103
100
109
107
121
112
114
105
90
84
86
97
98
103
95
90
83
90
108
117
117
120
122
122
118
107
113
116
113
114
111
109
110
103
112
112
90
93
94
97
100
98
75
66
74
69
62
56
57
47
56
63
61
68
59
44
36
45
59
67
75
94
95
103
111
95
78
82
101
107
99
83
96
120
144
153
133
88
67
63
72
88
105
108
88
68
65
67
82
100
103
102
98
101
106
97
103
108
105
92
76
54
69
89
88
80
62
70
79
94
101
102
85
51
37
53
58
71
100
116
135
129
127
128
131
135
135
151
159
154
143
151
166
158
144
106
79
77
85
88
89
84
91
108
114
125
136
151
155
163
170
176
188
178
164
160
170
163
148
153
149
140
133
133
123
114
105
95
76
74
75
80
108
116
118
126
139
153
156
154
160
172
175
175
184
174
164
149
146
147
157
174
156
158
136
147
165
158
159
136
151
149
136
135
108
87
87
98
113
128
129
128
102
92
100
90
71
68
85
99
100
96
98
95
83
78
88
76
65
66
64
50
47
28
31
36
34
50
49
27
5
2
4
5
4
4
2
10
20
23
26
21
23
31
36
43
50
59
72
73
56
39
16
8
22
27
28
24
19
23
16
21
26
27
31
43
48
64
67
58
54
49
44
37
31
36
48
43
26
28
26
28
34
29
28
7
9
22
7
-9
-22
-13
-5
-13
-3
-15
-22
-27
-47
-47
-37
-19
-15
-11
-8
-21
-25
-17
-7
-10
-21
-24
-16
-20
-21
-25
-42
-58
-58
-59
-56
-61
-72
-87
-106
-116
-114
-112
-116
-114
-109
-102
-107
-133
-142
-128
-127
-128
-133
-133
-136
-147
-138
-142
-151
-169
-170
-177
-153
-130
-124
-127
-138
-130
-130
-107
-88
-80
-82
-86
-74
-54
-76
-104
-118
-112
-89
-71
-65
-80
-104
-122
-125
-114
-106
-117
-119
-126
-130
-133
-133
-146
-160
-168
-158
-136
-134
-143
-160
-157
-149
-132
-133
-142
-134
-144
-130
-119
-114
-114
-118
-106
-99
-77
-82
-93
-97
-88
-82
-91
-98
-106
-100
-78
-68
-84
-105
-116
-128
-102
-88
-81
-94
-109
-118
-123
-128
-116
-100
-106
-110
-126
-141
-139
-126
-115
-110
-111
-119
-146
-149
-148
-152
-148
-152
-164
-165
-170
-168
-159
-159
-162
-170
-161
-149
-109
-89
-75
-73
-88
-111
-118
-111
-106
-111
-123
-137
-153
-153
-156
-157
-160
-154
-167
-186
-186
-180
-150
-127
-134
-155
-158
-131
-120
-113
-114
-146
-170
-171
-143
-119
-97
-95
-118
-117
-113
-121
-146
-157
-170
-164
-147
-143
-148
-167
-167
-173
-167
-168
-176
-168
-163
-158
-157
-139
-129
-105
-94
-98
-102
-112
-107
-92
-90
-90
-96
-99
-88
-101
-116
-132
-160
-175
-172
-164
-141
-146
-145
-158
-164
-185
-196
-201
-220
-222
-219
-209
-205
-203
-228
-241
-240
-231
-222
-245
-260
-251
-237
-222
-216
-210
-207
-207
-214
-218
-210
-206
-209
-221
-228
-238
-251
-250
-238
-231
-235
-238
-243
-241
-243
-241
-225
-234
-232
-235
-232
-230
-234
-217
-223
-230
-238
-227
-219
-197
-188
-182
-195
-203
-191
-199
-197
-195
-182
-180
-166
-159
-162
-165
-158
-155
-152
-124
-109
-98
-91
-82
-69
-77
-89
-102
-96
-89
-70
-68
-77
-82
-94
-95
-99
-104
-100
-95
-99
-104
-108
-107
-113
-118
-125
-134
-128
-127
-126
-125
-112
-105
-107
-107
-109
-112
-103
-93
-91
-98
-106
-94
-77
-70
-70
-73
-63
-70
-59
-49
-52
-65
-63
-50
-34
-25
-25
-30
-52
-71
-74
-59
-47
-43
-48
-53
-52
-57
-58
-48
-30
-14
-8
-11
-13
-23
-32
-46
-55
-64
-69
-47
-25
-1
-5
-20
-35
-38
-21
-3
19
28
27
25
15
-3
-20
-17
-11
-3
-22
-45
-58
-59
-56
-57
-61
-58
-57
-66
-61
-66
-73
-74
-88
-109
-122
-123
-119
-123
-126
-129
-138
-137
-145
-157
-153
-154
-152
-131
-117
-115
-114
-112
-109
-110
-122
-118
-110
-105
-121
-128
-119
-124
-112
-104
-96
-110
-141
-157
-158
-116
-94
-87
-101
-118
-124
-110
-109
-109
-104
-106
-106
-107
-97
-93
-79
-81
-84
-94
-84
-73
-71
-80
-101
-109
-125
-126
-139
-151
-137
-129
-139
-146
-172
-190
-179
-163
-130
-101
-82
-81
-98
-112
-132
-146
-143
-151
-147
-144
-158
-164
-158
-149
-136
-157
-175
-193
-200
-172
-148
-136
-136
-143
-152
-138
-139
-129
-130
-135
-130
-124
-127
-127
-129
-149
-160
-162
-165
-177
-179
-171
-172
-168
-177
-189
-201
-196
-190
-205
-207
-215
-214
-202
-209
-220
-228
-225
-213
-218
-216
-216
-215
-209
-209
-218
-215
-222
-227
-210
-208
-211
-227
-239
-256
-263
-274
-262
-266
-265
-254
-256
-251
-273
-297
-311
-329
-340
-336
-297
-261
-255
-262
-269
-282
-289
-286
-282
-275
-274
-270
-268
-277
-290
-297
-308
-298
-290
-283
-288
-293
-300
-291
-274
-277
-272
-270
-275
-282
-276
-263
-261
-266
-276
-274
-272
-269
-250
-234
-231
-238
-246
-251
-269
-277
-268
-257
-257
-269
-271
-261
-255
-251
-247
-244
-246
-236
-226
-222
-227
-246
-236
-228
-216
-212
-216
-213
-214
-200
-182
-171
-179
-186
-195
-182
-185
-197
-194
-199
-199
-204
-201
-207
-208
-184
-189
-204
-220
-228
-229
-220
-220
-221
-219
-219
-214
-216
-212
-204
-185
-169
-159
-160
-147
-133
-120
-130
-155
-148
-143
-148
-141
-149
-158
-163
-173
-169
-175
-188
-167
-161
-166
-166
-182
-175
-177
-177
-172
-170
-152
-152
-156
-161
-185
-204
-219
-224
-216
-228
-228
-233
-244
-241
-254
-255
-258
-265
-256
-256
-249
-248
-237
-231
-231
-224
-210
-202
-202
-199
-192
-180
-181
-184
-190
-190
-183
-162
-129
-127
-139
-146
-156
-166
-159
-156
-158
-156
-154
-168
-177
-163
-165
-171
-185
-201
-199
-203
-204
-205
-219
-223
-194
-193
-192
-182
-178
-172
-170
-146
-148
-147
-137
-141
-130
-118
-125
-135
-142
-149
-150
-153
-156
-136
-114
-92
-81
-98
-125
-158
-175
-158
-145
-143
-137
-154
-155
-159
-154
-138
-125
-101
-102
-113
-130
-131
-118
-123
-124
-138
-142
-113
-101
-99
-102
-112
-120
-139
-151
-134
-131
-131
-128
-143
-157
-157
-125
-109
-92
-77
-70
-62
-75
-66
-78
-74
-70
-82
-67
-70
-87
-86
-73
-61
-49
-60
-78
-87
-70
-46
-43
-31
-47
-48
-32
-28
-31
-29
-39
-59
-63
-49
-22
-12
-9
-14
-15
-14
-9
-13
-26
-27
-35
-40
-37
-45
-38
-37
-46
-42
-50
-54
-48
-32
-9
-13
-18
-11
