622
637
697
711
661
624
604
574
525
531
591
602
580
545
514
531
562
575
560
536
531
514
494
507
554
573
543
521
516
550
535
504
486
461
442
411
391
385
375
367
363
342
313
326
345
348
348
343
324
339
377
381
365
375
383
397
386
346
341
343
368
372
371
375
357
364
360
345
361
379
378
357
357
365
383
373
355
348
332
319
327
390
399
367
351
364
383
359
338
312
280
273
282
314
331
304
260
248
275
273
254
238
233
247
263
258
268
276
268
255
276
314
304
297
291
288
298
285
281
289
267
243
249
283
318
337
339
353
332
301
313
308
279
237
214
248
282
294
272
256
209
173
162
162
174
165
165
176
204
231
257
253
249
242
240
226
217
181
147
167
195
185
160
175
189
206
208
207
190
161
150
135
134
143
150
134
115
100
90
97
95
100
95
75
59
87
94
79
59
41
7
-6
4
-2
-9
-6
-16
-39
-34
-26
-23
-28
-35
-41
-40
-19
-17
-40
-19
20
33
11
-12
-11
25
24
0
-25
-21
-11
-43
-65
-66
-60
-57
-52
-74
-68
-42
-35
-34
-20
14
14
-13
-44
-50
-44
-56
-70
-71
-48
-28
-21
-12
-14
-6
0
4
13
7
-6
-45
-67
-63
-79
-99
-115
-89
-73
-75
-113
-143
-131
-117
-128
-143
-117
-95
-77
-103
-122
-120
-123
-127
-143
-156
-140
-130
-145
-156
-160
-173
-203
-223
-211
-191
-167
-145
-149
-133
-112
-82
-63
-66
-74
-62
-31
-36
-60
-91
-92
-66
-36
-34
-47
-50
-36
-40
-43
-53
-56
-52
-38
-14
-16
-26
-18
-27
-39
-42
-52
-73
-81
-66
-66
-78
-100
-90
-43
-8
-1
-8
0
10
17
9
37
70
102
121
102
78
46
25
39
44
65
78
81
79
67
79
42
7
-20
-38
-22
10
65
68
27
-9
-19
7
55
107
115
112
74
49
25
23
56
77
58
23
12
29
33
19
24
13
7
-18
-27
-5
-6
-26
-43
-65
-67
-53
-45
-14
18
73
103
103
91
55
45
37
28
18
-5
-19
-16
8
36
20
2
-22
-36
-55
-49
-10
8
0
-20
-6
13
28
34
41
35
31
48
79
92
92
84
82
83
85
94
92
72
32
6
-13
-29
-42
-49
-38
-47
-56
-50
-44
-29
-18
15
30
17
23
37
46
44
43
51
52
48
58
56
55
56
52
59
35
4
-13
-22
-13
9
19
2
-20
-35
-2
13
2
-29
-62
-74
-73
-34
6
12
-1
-12
6
10
13
20
21
18
2
0
-10
-10
-32
-49
-44
-39
-30
-32
-19
-22
-30
-35
-54
-73
-74
-52
-33
-32
-51
-72
-99
-123
-123
-123
-122
-114
-98
-107
-118
-110
-109
-114
-140
-160
-165
-168
-181
-181
-170
-176
-196
-196
-185
-162
-149
-170
-176
-177
-175
-166
-143
-133
-129
-134
-122
-122
-127
-127
-123
-123
-135
-150
-175
-180
-186
-182
-163
-164
-159
-166
-186
-199
-181
-176
-194
-209
-208
-200
-195
-207
-217
-214
-226
-239
-249
-241
-237
-234
-219
-228
-230
-243
-259
-271
-284
-295
-326
-324
-309
-288
-277
-270
-249
-247
-243
-268
-281
-271
-248
-226
-205
-204
-189
-167
-164
-151
-139
-141
-148
-134
-139
-148
-155
-147
-141
-165
-174
-167
-182
-206
-212
-198
-185
-199
-198
-164
-156
-164
-176
-149
-135
-143
-162
-158
-156
-172
-165
-144
-136
-147
-147
-151
-151
-155
-156
-156
-152
-181
-206
-211
-202
-219
-218
-222
-240
-257
-267
-275
-266
-256
-255
-266
-280
-286
-290
-276
-256
-257
-285
-297
-281
-260
-263
-290
-303
-298
-308
-310
-298
-297
-297
-324
-331
-326
-342
-354
-356
-364
-373
-376
-412
-415
-389
-366
-351
-381
-398
-408
-395
-352
-338
-338
-350
-383
-398
-393
-385
-360
-365
-374
-372
-372
-362
-351
-343
-350
-356
-363
-376
-358
-361
-364
-374
-403
-402
-397
-385
-366
-352
-343
-346
-372
-393
-386
-375
-378
-368
-355
-354
-344
-361
-390
-390
-368
-365
-369
-395
-419
-443
-444
-439
-434
-444
-467
-469
-447
-425
-410
-386
-371
-376
-396
-385
-348
-323
-317
-335
-360
-351
-332
-318
-334
-334
-337
-332
-339
-360
-353
-356
-359
-384
-397
-402
-402
-381
-374
-376
-372
-367
-339
-323
-297
-261
-268
-263
-243
-233
-228
-224
-209
-198
-180
-155
-144
-141
-136
-120
-114
-128
-124
-140
-164
-153
-121
-91
-92
-92
-94
-93
-77
-80
-77
-113
-166
-187
-177
-149
-140
-143
-150
-157
-144
-139
-134
-139
-141
-136
-125
-96
-75
-58
-35
-18
-13
-19
-2
25
47
50
44
51
44
38
55
72
80
70
61
57
46
48
56
49
52
51
41
30
20
32
36
45
44
32
21
17
39
48
57
40
38
48
65
97
100
91
82
98
109
128
116
134
145
145
149
135
141
142
144
190
208
199
196
206
206
198
209
210
184
158
161
157
155
146
132
132
144
145
134
132
128
119
124
120
101
99
95
95
122
129
124
129
140
136
140
142
147
161
160
156
160
176
183
182
175
174
189
202
185
170
181
180
173
151
138
110
110
123
133
156
161
167
165
153
134
116
113
99
80
68
53
32
19
21
22
43
49
60
79
89
101
92
78
58
42
42
14
-11
15
30
1
-10
-21
-31
-30
-24
-4
-11
-29
-40
-69
-60
-35
-36
-26
-17
-25
-29
-42
-40
-33
-55
-69
-87
-67
-42
-29
-30
-35
-28
-26
-27
-9
-1
11
21
23
11
6
11
30
67
46
11
-6
-20
-8
8
4
-3
-6
-7
-6
34
70
55
6
-14
-9
36
54
52
54
29
19
-4
5
40
47
22
-19
-42
-43
-20
3
18
12
-16
-43
-36
-14
-15
-25
-47
-79
-103
-98
-76
-66
-51
-47
-68
-86
-90
-75
-76
-64
-50
-34
-20
-42
-65
-87
-83
-65
-83
-95
-97
-93
-84
-90
-97
-109
-116
-128
-143
-130
-107
-110
-121
-142
-139
-124
-87
-62
-66
-83
-97
-101
-93
-79
-87
-106
-113
-111
-110
-100
-110
-116
-132
-156
-174
-177
-160
-154
-140
-146
-151
-147
-127
-84
-78
-78
-74
-65
-61
-57
-45
-32
-29
-31
-23
1
3
3
27
34
25
13
28
27
6
4
27
52
62
53
34
39
60
66
72
80
52
46
69
86
95
90
93
76
70
63
70
66
56
63
77
57
47
70
78
102
106
129
142
157
176
187
193
194
196
194
192
201
219
235
239
232
204
182
193
219
265
274
276
269
283
295
294
296
290
306
305
319
326
326
323
329
329
323
332
358
375
375
378
379
391
390
404
400
392
410
411
422
413
405
401
393
388
365
348
325
330
357
361
351
344
341
341
350
376
384
390
385
385
390
388
380
369
346
333
338
350
351
328
329
323
309
310
316
317
316
321
319
320
325
305
306
318
319
313
300
302
294
296
309
306
290
266
270
290
282
279
263
247
222
221
221
220
219
222
215
196
203
187
178
164
154
151
159
167
148
147
157
160
173
178
183
188
187
182
169
176
171
152
151
156
160
158
145
135
124
135
158
150
123
94
67
73
77
64
54
45
18
7
16
20
11
8
-1
-3
1
-1
-8
-36
-51
-45
-44
-58
-66
-80
-100
-111
-114
-127
-147
-129
-119
-107
-117
-135
-155
-159
-153
-152
-141
-156
-174
-174
-148
-117
-119
-167
-204
-220
-206
-184
-147
-138
-178
-207
-223
-206
-185
-161
-170
-201
-226
-251
-247
-223
-225
-243
-270
-293
-287
-270
-262
-276
-305
-320
-314
-316
-334
-323
-317
-315
-329
-359
-354
-355
-345
-332
-339
-332
-326
-330
-324
-325
-329
-340
-352
-342
-329
-327
-347
-354
-354
-336
-297
-278
-273
-283
-299
-298
-287
-274
-277
-280
-286
-308
-311
-290
-290
-306
-319
-342
-352
-350
-349
-347
-349
-351
-364
-386
-402
-412
-409
-401
-409
-439
-426
-399
-370
-348
-347
-366
-368
-365
-346
-320
-311
-299
-296
-297
-310
-306
-305
-307
-294
-291
-293
-298
-284
-268
-257
-282
-302
-314
-326
-298
-277
-252
-254
-254
-258
-241
-232
-231
-235
-263
-253
-240
-217
-198
-196
-202
-217
-223
-209
-198
-161
-140
-136
-127
-110
-80
-55
-42
-23
-1
20
21
11
26
31
26
16
24
56
73
104
130
152
157
124
91
100
126
129
121
116
86
74
93
110
121
115
108
120
136
168
186
184
184
173
168
155
155
170
202
206
207
217
214
241
264
257
273
281
274
282
281
289
295
298
297
294
288
289
307
317
300
286
283
276
273
262
252
241
233
235
212
214
215
213
188
168
178
169
143
134
122
103
100
84
78
67
85
97
107
110
119
153
178
193
196
186
168
171
165
177
195
196
191
187
188
181
185
168
147
145
150
146
145
147
164
189
198
195
197
219
222
224
224
230
237
245
243
247
252
259
278
301
317
323
347
354
369
368
377
372
367
365
358
372
373
379
370
379
394
401
396
394
409
417
433
449
460
473
472
480
488
484
489
496
514
529
531
536
543
525
517
543
556
549
541
544
546
547
558
560
557
546
534
540
552
564
576
573
564
539
520
527
545
553
552
538
519
522
534
542
541
519
482
456
468
509
534
519
481
461
447
449
458
488
503
498
467
453
466
483
491
515
512
485
479
483
496
502
489
474
440
406
408
425
431
434
413
380
366
366
387
420
440
461
467
472
458
449
436
442
451
438
444
430
433
452
461
465
470
463
466
461
490
499
487
468
454
467
493
517
503
484
458
451
466
493
504
488
479
470
467
459
453
434
407
389
385
391
415
419
422
420
404
390
378
418
471
487
505
508
506
515
520
535
533
541
546
561
567
559
568
566
539
515
498
478
471
488
517
515
531
522
517
505
493
488
492
490
470
451
459
463
457
447
424
419
405
413
408
410
409
400
388
387
389
369
360
365
368
371
379
391
383
390
380
388
407
410
418
426
446
460
455
451
444
435
435
435
461
465
460
444
418
405
401
403
403
410
417
436
437
432
431
416
413
395
385
405
426
421
402
393
381
369
371
367
366
389
406
408
396
381
385
394
405
421
430
430
424
429
431
433
419
387
379
389
406
400
378
344
314
302
293
280
270
270
268
260
267
276
281
273
274
277
285
279
290
296
280
274
273
275
292
297
306
313
306
310
318
323
342
361
353
349
352
357
354
347
322
301
294
299
311
309
309
318
322
321
311
301
292
286
293
300
294
296
300
303
306
302
292
300
300
303
303
295
282
287
305
314
321
329
344
342
334
329
327
339
344
314
300
295
280
283
290
291
287
271
267
275
273
274
291
288
269
262
267
268
258
230
230
236
229
243
252
252
227
218
229
254
267
286
296
298
287
251
232
217
208
223
221
222
220
218
230
242
231
207
184
183
199
232
250
237
213
182
151
184
220
236
231
192
170
171
198
239
266
257
231
207
223
235
229
231
223
206
196
196
203
217
218
213
201
192
199
221
243
255
258
255
263
285
301
296
271
249
245
244
249
261
244
218
219
250
257
253
256
232
210
211
231
254
273
273
266
244
245
249
254
269
257
242
209
189
183
188
203
193
169
152
133
134
150
145
137
112
105
118
141
140
162
168
108
94
74
104
126
155
164
182
172
167
152
149
179
151
192
189
174
178
159
153
124
92
72
73
102
122
134
123
94
64
57
67
80
74
67
53
46
48
47
32
25
37
35
28
19
-5
-12
-22
-32
-17
4
8
-1
-5
-5
-10
-19
-10
-19
-35
-51
-51
-61
-63
-53
-48
-49
-77
-77
-81
-82
-96
-108
-120
-157
-144
-132
-125
-119
-143
-152
-183
-185
-169
-167
-164
-162
-164
-164
-180
-196
-211
-210
-210
-210
-224
-233
-233
-231
-232
-245
-251
-252
-252
-261
-243
-236
-228
-215
-220
-214
-216
-213
-209
-231
-247
-255
-248
-259
-265
-251
-256
-272
-286
-299
-298
-300
-291
-301
-301
-308
-309
-289
-300
-318
-322
-315
-302
-296
-296
-286
-284
-297
-287
-301
-292
-284
-284
-258
-249
-230
-215
-220
-212
-200
-200
-204
-218
-222
-224
-228
-249
-261
-272
-270
-270
-263
-271
-276
-274
-268
-255
-230
-214
-223
-234
-243
-242
-254
-260
-253
-241
-238
-255
-256
-241
-233
-222
-211
-187
-170
-154
-152
-149
-145
-137
-121
-109
-106
-97
-92
-82
-85
-93
-98
-93
-70
-53
-49
-57
-70
-91
-101
-92
-75
-92
-100
-96
-116
-142
-133
-134
-162
-157
-164
-149
-147
-129
-107
-119
-105
-97
-93
-81
-86
-85
-89
-94
-97
-110
-112
-95
-102
-99
-103
-120
-124
-118
-114
-115
-129
-156
-175
-166
-149
-157
-175
-218
-245
-263
-233
-216
-210
-205
-232
-256
-267
-234
-196
-156
-156
-179
-208
-222
-196
-200
-196
-188
-215
-243
-272
-281
-284
-287
-326
-366
-386
-393
-385
-381
-378
-391
-427
-445
-440
-429
-411
-380
-368
-373
-366
-373
-389
-389
-371
-348
-343
-348
-358
-370
-369
-357
-360
-376
-378
-406
-409
-392
-381
-395
-406
-419
-434
-407
-366
-326
-328
-355
-372
-371
-346
-313
-293
-322
-345
-361
-354
-323
-320
-358
-413
-440
-450
-430
-392
-390
-416
-442
-465
-471
-449
-421
-400
-377
-359
-355
-347
-327
-312
-304
-297
-273
-262
-250
-235
-225
-226
-214
-212
-224
-233
-242
-262
-259
-252
-242
-252
-289
-296
-304
-298
-293
-300
-318
-326
-314
-286
-258
-255
-267
-259
-256
-255
-248
-248
-244
-230
-225
-217
-212
-204
-214
-213
-198
-190
-161
-165
-175
-190
-196
-200
-193
-197
-222
-219
-231
-221
-220
-226
-213
-182
-166
-148
-131
-121
-121
-118
-136
-154
-162
-142
-129
-139
-157
-183
-194
-206
-205
-210
-215
-215
-223
-216
-220
-220
-223
-217
-192
-183
-155
-151
-138
-140
-145
-134
-129
-128
-125
-120
-135
-141
-156
-161
-170
-168
-165
-167
-183
-203
-229
-247
-257
-261
-245
-257
-275
-284
-283
-281
-286
-294
-295
-286
-278
-261
-256
-246
-260
-253
-266
-274
-282
-283
-273
-279
-273
-279
-274
-255
-240
-243
-257
-267
-281
-274
-268
-246
-234
-229
-230
-241
-239
-249
-220
-211
-214
-215
-213
-195
-184
-179
-156
-153
-149
-134
-135
-124
-125
-130
-138
-155
-179
-177
-165
-151
-143
-136
-128
-126
-115
-122
-109
-100
-86
-72
-75
-63
-50
-50
-53
-56
-54
-64
-60
-40
-17
-26
-52
-75
-95
-101
-114
-102
-106
-126
-164
-172
-164
-178
-197
-210
-196
-195
-159
-126
-134
-168
-195
-205
-199
-192
-174
-162
-157
-166
-170
-152
-137
-123
-113
-106
-128
-134
-153
-143
-143
-147
-162
-174
-167
-145
-121
-122
-128
-163
-198
-214
-195
-161
-156
-162
-204
-218
-206
-191
-163
-160
-185
-239
-245
-247
-233
-215
-216
-221
-251
-278
-294
-291
-297
-307
-304
-300
-302
-302
-295
-286
-296
-305
-313
-321
-305
-286
-263
-250
-242
-245
-243
-233
-246
-265
-277
-288
-279
-280
-296
-347
-392
-409
-414
-408
-395
-397
-413
-427
-430
-431
-421
-405
-392
-375
-373
-369
-367
-356
-357
-357
-368
-377
-385
-384
-371
-352
-350
-374
-381
-391
-375
-363
-341
-345
-362
-363
-361
-357
-356
-333
-302
-312
-336
-336
-320
-289
-252
-185
-126
-100
-128
-161
-169
-145
-157
-167
-171
-151
-130
-118
-116
-138
-162
-185
-169
-141
-121
-126
-140
-154
-158
-165
-145
-133
-120
-121
-132
-120
-102
-93
-110
-120
-132
-122
-120
-122
-114
-111
-110
-121
-122
-115
-94
-81
-66
-60
-75
-86
-94
-76
-60
-37
-23
-37
-61
-65
-50
-24
-13
-18
-9
-5
4
5
-2
-22
-37
-47
-60
-52
-40
-15
-12
-16
-26
-40
-36
-29
-14
-3
-17
-11
6
12
5
-4
-2
10
14
28
40
42
29
23
7
-3
4
10
20
40
46
25
11
-4
-13
-20
-24
-30
-44
-56
-61
-72
-72
-86
-88
-94
-88
-86
-78
-73
-85
-90
-111
-119
-134
-134
-134
-122
-118
-114
-112
-112
-93
-109
-126
-153
-148
-132
-122
-110
-116
-132
-150
-160
-179
-168
-175
-171
-154
-134
-133
-149
-168
-192
-169
-173
-168
-163
-176
-177
-196
-211
-223
-209
-197
-209
-203
-209
-202
-214
-225
-231
-252
-264
-251
-244
-236
-207
-203
-199
-200
-199
-191
-182
-174
-165
-152
-153
-147
-166
-187
-192
-200
-209
-197
-167
-150
-142
-137
-167
-189
-205
-203
-172
-160
-156
-144
-148
-144
-149
-162
-163
-167
-156
-154
-135
-115
-123
-128
-147
-134
-121
-128
-103
-97
-87
-87
-79
-80
-96
-82
-57
-48
-47
-58
-63
-70
-62
-44
-53
-73
-94
-90
-57
-27
-26
-44
-92
-159
-175
-184
-161
-126
-119
-141
-177
-182
-173
-155
-154
-167
-169
-160
-123
-79
-71
-54
-58
-71
-69
-55
-26
-12
-11
-28
-55
-83
-107
-107
-92
-77
-78
-83
-100
-101
-78
-68
-63
-42
-9
-7
-25
-43
-30
-12
10
1
-20
-34
-49
-27
-12
-5
-18
-26
-49
-80
-68
-51
-39
-43
-77
-92
-60
-33
-17
-29
-52
-63
-56
-38
-7
12
-10
-20
-53
-58
-66
-82
-87
-111
-122
-150
-163
-148
-145
-149
-174
-175
-167
-156
-108
-76
-86
-118
-127
-121
-121
-116
-99
-96
-92
-86
-94
-86
-89
-100
-109
-115
-122
-129
-142
-141
-132
-130
-137
-134
-147
-140
-130
-136
-141
-163
-206
-241
-244
-225
-209
-183
-183
-190
-190
-174
-170
-186
-210
-217
-218
-202
-165
-174
-197
-204
-212
-213
-198
-198
-198
-186
-173
-162
-163
-180
-199
-200
-191
-186
-167
-167
-181
-197
-214
-217
-233
-237
-212
-210
-224
-226
-237
-251
-265
-262
-254
-259
-254
-244
-226
-196
-181
-200
-240
-258
-256
-258
-241
-238
-221
-224
-236
-225
-242
-227
-233
-234
-210
-201
-195
-175
-167
-200
-219
-246
-250
-247
-238
-227
-205
-202
-223
-260
-292
-284
-279
-283
-298
-292
-301
-290
-306
-327
-342
-357
-354
-343
-321
-309
-295
-315
-329
-351
-342
-311
-295
-270
-257
-246
-251
-241
-245
-258
-267
-273
-271
-267
-255
-233
-226
-237
-243
-250
-264
-272
-266
-260
-235
-224
-220
-231
-243
-258
-261
-256
-239
-220
-218
-222
-238
-248
-255
-256
-260
-269
-256
-240
-227
-220
-227
-224
-224
-213
-199
-171
-150
-139
-118
-103
-95
-91
-87
-92
-94
-95
-79
-76
-69
-67
-91
-112
-106
-107
-101
-102
-99
-102
-116
-121
-128
-109
-112
-115
-116
-133
-138
-148
-165
-184
-193
-200
-196
-173
-164
-156
-160
-170
-191
-185
-173
-156
-135
-120
-109
-115
-126
-124
-120
-119
-122
-150
-150
-151
-132
-114
-107
-126
-173
-199
-201
-171
-145
-110
-108
-133
-152
-149
-152
-152
-143
-153
-177
-183
-171
-138
-119
-127
-156
-177
-180
-170
-142
-126
-149
-176
-202
-234
-245
-247
-242
-249
-253
-251
-239
-243
-243
-221
-215
-197
-177
-155
-162
-186
-192
-213
-216
-226
-238
-259
-273
-281
-282
-265
-262
-270
-288
-316
-326
-334
-321
-284
-268
-259
-284
-299
-282
-280
-278
-276
-297
-287
-270
-269
-257
-257
-256
-249
-270
-278
-269
-265
-270
-289
-313
-335
-340
-332
-330
-346
-362
-360
-371
-355
-351
-359
-361
-356
-330
-300
-305
-301
-308
-296
-284
-303
-285
-298
-296
-292
-279
-296
-335
-357
-376
-366
-345
-334
-353
-368
-368
-362
-357
-362
-392
-420
-429
-418
-393
-362
-370
-374
-389
-410
-416
-416
-404
-402
-399
-393
-378
-369
-368
-365
-357
-350
-334
-320
-319
-320
-304
-306
-318
-342
-333
-321
-304
-271
-254
-258
-295
-329
-356
-345
-334
-322
-324
-338
-344
-357
-362
-367
-366
-378
-386
-370
-335
-319
-317
-328
-342
-368
-374
-355
-345
-333
-327
-335
-356
-354
-339
-326
-315
-326
-317
-296
-278
-269
-277
-267
-247
-251
-261
-268
-274
-262
-235
-225
-226
-242
-253
-255
-243
-236
-245
-252
-272
-269
-272
-257
-256
-257
-248
-228
-228
-215
-213
-229
-222
-227
-212
-198
-191
-175
-156
-159
-161
-155
-148
-145
-128
-123
-114
-99
-92
-62
-63
-63
-68
-78
-82
-81
-67
-54
-48
-57
-66
-93
-102
-106
-94
-70
-74
-63
-60
-58
-61
-60
-75
-74
-49
-32
-17
-12
-15
-30
-28
-25
-16
-3
3
15
35
54
52
36
39
43
60
68
72
88
85
82
71
66
51
61
72
59
51
30
10
15
26
35
15
-1
-17
-41
-30
-15
-15
-30
-35
-40
-39
-23
-8
-13
-17
6
17
31
48
45
49
48
44
37
60
101
140
147
146
141
112
97
106
114
113
96
83
84
96
112
106
93
78
67
73
105
146
171
154
111
95
104
137
181
185
174
177
148
135
154
177
190
197
181
168
176
168
149
120
72
35
21
13
42
53
49
11
-27
-53
-41
-22
-4
17
24
35
22
6
-12
-18
-20
-5
-27
-51
-72
-95
-106
-105
-114
-141
-169
-187
-194
-188
-163
-155
-178
-186
-183
-171
-146
-145
-155
-177
-179
-162
-144
-124
-112
-137
-160
-167
-168
-155
-170
-191
-210
-224
-232
-242
-233
-220
-233
-256
-274
-284
-268
-249
-233
-221
-234
-222
-204
-191
-166
-159
-166
-178
-172
-149
-147
-136
-138
-149
-152
-168
-192
-209
-221
-224
-207
-194
-192
-223
-242
-235
-230
-222
-232
-257
-279
-276
-240
-208
-195
-204
-225
-235
-241
-231
-224
-223
-225
-220
-204
-185
-174
-157
-151
-145
-134
-114
-107
-105
-102
-102
-92
-84
-80
-85
-77
-66
-48
-31
-33
-56
-85
-95
-97
-71
-49
-55
-57
-84
-89
-80
-73
-76
-89
-97
-94
-80
-71
-70
-75
-88
-85
-88
-72
-54
-46
-56
-73
-72
-67
-67
-41
-25
-16
-17
-30
-35
-39
-37
-46
-42
-33
-29
-22
-16
-27
-31
-28
-26
-39
-55
-39
-29
-17
-10
-18
-20
-37
-38
-39
-27
-15
-25
-25
-22
-13
-6
-13
-16
-1
-8
12
23
34
29
11
17
12
12
20
39
47
41
27
12
-2
-4
12
15
11
8
6
19
23
20
13
3
-5
4
17
15
9
7
3
-9
-14
-16
-11
-16
0
2
-4
7
-5
-20
-15
-23
-16
2
6
25
43
53
56
47
56
69
69
64
83
88
87
96
99
90
90
82
67
69
80
88
97
105
99
89
86
86
77
69
64
59
59
73
71
78
85
89
84
99
115
105
113
115
104
113
128
146
158
187
205
210
203
187
183
195
211
217
230
246
233
249
272
281
302
286
265
257
254
301
331
348
341
312
305
307
336
354
375
363
352
351
368
386
379
388
379
361
358
373
386
389
393
376
367
363
349
361
382
403
402
403
397
383
392
408
419
442
462
466
471
458
425
410
402
425
435
441
432
411
399
387
393
382
388
386
373
384
399
413
433
439
423
418
422
443
478
491
500
503
472
450
447
435
457
485
494
488
463
443
432
436
419
410
418
439
480
501
515
495
471
476
502
531
552
577
600
597
577
587
582
567
556
565
555
557
566
551
567
558
538
501
475
483
491
507
525
507
485
462
475
494
488
470
442
433
445
469
477
469
445
422
422
411
413
418
411
380
352
353
357
366
366
363
360
354
337
326
330
325
317
305
288
285
301
342
375
359
323
288
280
296
312
328
340
345
339
321
317
324
323
323
314
321
334
339
337
339
330
316
303
309
337
364
369
364
354
354
365
388
409
418
417
408
393
383
377
374
397
404
410
412
402
399
384
368
354
344
342
342
333
329
326
316
319
317
320
315
305
308
299
291
283
295
308
305
312
317
321
336
346
342
354
376
367
359
354
366
369
349
341
340
334
326
319
309
300
286
275
263
244
232
234
230
226
211
200
193
194
195
184
182
210
219
223
216
210
206
183
180
184
179
176
184
184
173
155
170
180
193
199
208
206
175
165
164
154
132
134
135
122
118
117
113
107
106
109
107
91
98
82
61
54
71
64
24
35
25
23
11
5
16
5
0
-4
-9
-5
1
-12
-40
-39
-47
-36
-36
-43
-48
-69
-89
-99
-74
-55
-17
-7
-12
-15
-50
-60
-75
-68
-58
-58
-66
-38
2
13
-3
-66
-103
-132
-120
-80
-39
-31
-65
-108
-131
-120
-104
-47
-20
-33
-52
-62
-59
-26
3
1
-6
-14
-6
-11
-5
4
11
-24
-69
-93
-82
-32
-16
-14
-36
-53
-78
-77
-63
-43
-27
-12
-7
-3
-15
-28
-11
2
3
-4
-21
-51
-50
-37
1
17
17
18
3
5
23
56
58
53
60
60
87
121
145
133
107
90
92
114
140
146
128
128
137
117
121
151
153
127
109
112
128
130
144
146
122
121
133
143
138
160
166
158
138
146
174
178
188
176
172
184
171
162
150
162
166
147
129
95
82
86
90
89
100
86
70
60
79
76
69
62
31
23
21
39
51
54
31
-10
-20
-20
-16
-21
-30
-34
-31
9
18
21
21
35
46
45
42
32
24
28
28
14
3
-24
-35
-26
0
17
13
10
-6
-27
-16
13
19
1
-25
-51
-69
-54
-48
-51
-48
-52
-47
-31
-17
5
6
-13
-24
-30
-26
-10
30
20
8
-16
-20
-4
-20
-17
-22
-33
-43
-42
-41
-37
-35
-27
-11
-3
-1
11
7
-4
6
20
23
11
10
2
5
-2
-13
-20
-25
-35
-31
-39
-41
-52
-60
-54
-72
-54
-45
-40
-32
-31
-22
-21
-2
25
43
46
46
51
48
56
76
81
69
55
68
57
40
29
30
26
10
24
31
23
9
14
18
11
25
24
20
15
38
44
18
18
26
28
42
56
43
19
-1
6
2
-10
-11
-27
-22
-9
9
-13
-44
-48
-73
-69
-62
-48
-53
-52
-60
-75
-75
-82
-77
-82
-80
-71
-69
-82
-97
-121
-118
-120
-132
-138
-166
-164
-159
-165
-159
-158
-158
-165
-153
-147
-153
-168
-166
-161
-161
-172
-167
-142
-134
-130
-137
-139
-129
-117
-96
-86
-105
-122
-147
-155
-164
-158
-158
-188
-190
-192
-181
-173
-182
-225
-276
-292
-281
-271
-247
-237
-257
-284
-310
-276
-251
-219
-194
-203
-215
-235
-236
-236
-223
-228
-230
-233
-255
-254
-263
-272
-294
-312
-301
-306
-301
-285
-250
-245
-252
-266
-267
-239
-238
-213
-188
-168
-148
-133
-128
-155
-169
-180
-161
-158
-172
-175
-181
-177
-186
-193
-216
-220
-230
-226
-241
-232
-223
-221
-201
-190
-197
-191
-178
-172
-167
-171
-167
-162
-149
-139
-112
-100
-83
-75
-81
-83
-102
-101
-103
-120
-139
-148
-134
-120
-129
-130
-123
-124
-111
-89
-60
-56
-63
-41
-28
1
5
24
37
39
46
34
39
39
55
62
76
80
50
9
11
40
66
91
85
67
81
114
125
131
112
99
77
94
120
153
176
176
172
143
159
181
194
203
191
199
224
242
236
246
258
262
263
252
255
257
266
271
274
263
255
251
268
279
290
300
292
268
240
254
272
273
268
261
257
269
291
313
312
300
282
278
274
291
308
287
275
272
241
215
208
215
236
222
215
221
235
251
252
256
243
252
272
287
295
294
304
307
303
287
276
289
300
311
318
317
305
298
292
293
289
295
309
309
312
298
299
295
297
295
315
337
345
363
366
365
355
370
387
417
426
415
428
424
413
415
421
426
422
414
414
415
419
412
403
381
363
366
372
361
352
370
378
378
373
380
383
373
390
419
424
422
409
403
395
384
381
372
387
380
380
375
364
367
363
355
362
380
393
414
426
442
474
488
480
481
483
480
486
515
512
502
513
512
489
475
458
459
469
464
482
494
494
479
445
418
406
410
406
409
412
414
409
404
398
393
386
393
410
434
449
452
455
445
440
431
453
475
481
467
446
429
403
394
378
360
359
357
382
386
382
379
370
330
289
272
291
330
350
359
362
362
336
338
369
380
385
379
367
358
349
340
337
328
302
282
274
274
272
271
273
253
244
253
261
279
273
272
269
250
245
256
279
304
331
350
364
371
341
314
292
304
310
286
283
277
285
285
276
268
248
225
208
217
257
294
301
297
293
293
291
302
308
303
299
294
303
313
316
317
302
273
247
235
254
263
250
222
185
176
172
167
173
157
139
124
114
121
132
131
120
106
113
139
157
163
149
138
134
125
116
103
111
113
110
104
85
61
39
26
30
36
53
59
49
54
62
58
46
31
3
3
38
64
75
69
66
57
14
-5
-12
-4
-22
-25
0
21
25
8
-5
-7
-6
-3
19
34
34
38
35
27
20
17
26
27
33
50
67
63
53
48
34
37
43
60
66
73
67
60
46
23
21
20
24
36
61
82
83
64
53
37
19
25
48
71
82
83
84
81
77
74
64
67
74
87
108
115
116
104
95
79
68
67
72
97
118
125
100
63
47
31
37
34
38
30
28
22
17
51
61
61
56
73
91
125
138
116
85
62
71
77
80
90
97
90
89
98
100
98
96
111
127
131
141
131
128
135
136
128
129
126
121
146
165
184
188
183
187
189
196
207
220
233
223
229
232
230
244
241
240
243
247
264
279
285
267
257
259
272
298
324
347
366
396
405
401
399
403
407
396
399
406
417
417
415
392
356
325
311
320
332
348
365
354
341
343
334
321
307
320
321
317
306
292
298
285
274
274
288
303
315
326
341
355
357
333
347
375
373
375
353
333
292
263
235
230
231
210
202
202
228
226
235
204
151
134
126
157
190
206
184
145
118
130
140
153
169
152
129
124
126
137
154
151
149
124
99
100
102
101
88
77
57
41
35
24
41
26
16
8
-11
-15
-9
15
23
24
45
74
83
58
40
10
3
20
17
5
0
5
5
10
14
1
-7
-21
-24
-14
-3
15
16
-6
-10
-15
-20
-11
-1
-7
-8
13
23
36
50
62
71
91
97
94
82
49
34
27
14
1
-3
-3
11
2
3
-3
-9
15
40
53
54
75
96
120
134
148
139
137
128
120
105
87
85
92
98
80
51
41
43
51
81
95
102
119
131
127
124
118
97
64
50
54
74
91
105
96
67
42
26
32
51
66
57
63
64
71
69
80
73
70
78
83
111
129
129
134
127
129
113
100
126
144
158
151
136
114
112
126
137
140
134
133
143
145
137
125
108
102
73
72
66
68
70
58
53
30
4
-21
-25
-26
-39
-56
-56
-59
-61
-52
-52
-57
-70
-58
-46
-24
-2
-2
2
-10
-22
-40
-41
-29
-24
-33
-46
-51
-54
-55
-77
-99
-93
-77
-82
-91
-66
-56
-51
-55
-55
-48
-49
-42
-24
-28
-36
-20
-24
-28
-33
-20
-8
-12
-13
-14
2
-10
-18
-4
21
19
29
33
42
54
42
55
35
30
29
43
52
66
80
60
62
70
73
83
85
83
85
88
91
80
67
54
77
76
78
93
90
87
77
85
87
86
73
81
87
87
71
64
58
48
49
41
43
47
57
65
54
37
29
12
16
18
-3
-14
-25
-56
-80
-85
-81
-94
-89
-98
-111
-88
-63
-78
-83
-70
-72
-56
-38
-27
-22
-36
-22
-11
32
56
48
58
65
71
69
98
140
166
190
202
180
173
182
183
192
214
210
199
209
236
253
241
218
173
154
192
240
269
279
270
242
242
264
297
332
344
342
323
301
309
325
337
365
367
362
357
336
329
332
323
308
308
312
340
370
384
396
374
348
364
385
408
435
440
438
445
426
416
405
422
460
477
476
467
473
477
511
522
518
513
491
482
488
501
518
512
506
495
515
544
571
589
573
546
512
536
585
606
612
597
579
570
577
568
543
516
491
489
493
516
522
520
509
487
477
494
531
559
577
561
571
580
582
602
595
587
571
564
562
565
575
557
563
566
576
553
529
524
534
541
560
574
569
568
565
576
568
552
559
572
589
611
623
616
611
595
580
560
560
558
540
527
522
527
529
538
537
533
537
550
569
588
582
562
538
540
558
557
544
542
549
551
554
561
551
546
548
552
565
577
590
592
562
531
531
511
505
501
483
464
450
440
440
450
463
455
434
425
427
436
430
431
416
416
424
415
422
426
433
445
450
447
421
409
408
406
402
391
374
380
404
405
397
378
358
338
327
330
323
312
315
317
321
312
305
292
297
312
323
332
326
320
326
331
342
336
327
342
360
358
351
338
318
321
334
350
353
342
341
351
349
350
338
351
335
326
298
310
324
318
279
290
259
298
263
467
508
59
426
225
255
419
200
429
502
118
247
338
124
570
187
318
382
243
436
482
682
291
352
272
297
357
341
425
554
272
238
233
190
573
391
534
328
165
497
167
283
303
109
316
290
134
348
259
490
499
100
199
28
197
329
325
351
610
200
61
99
-79
333
111
114
288
111
74
101
-164
25
242
-97
233
-18
15
180
-37
39
279
-57
11
139
41
197
-135
-202
84
19
-270
-113
-242
26
80
-154
-99
4
-38
64
156
-224
-132
-153
-105
-103
-129
-135
61
-33
-242
-83
-360
-178
-97
-151
-122
-57
-194
-126
-113
-442
-175
-133
-273
-8
-31
81
47
-225
-156
-148
-149
-199
27
15
-175
-399
-348
-402
-156
-150
-373
-87
-375
-296
-2
-263
-203
-46
-339
-63
-90
-327
-93
51
-227
-67
-219
-392
-151
-224
-192
-29
-173
-121
-149
-370
-447
-393
-363
-247
-347
-401
-422
-367
-316
-367
-361
-400
-357
-247
-70
-154
-267
-234
-226
-351
-194
-328
-224
10
-204
-168
-205
-430
-242
-213
-249
-216
-216
-383
-299
-195
-415
-212
-278
-319
-274
-166
-299
-174
-210
-333
-249
-286
-263
-146
-46
-199
39
-265
-305
-41
-260
-374
-70
-122
-53
-54
-338
-166
-235
-144
-247
-96
-197
-265
-85
-186
-31
-156
-250
-260
36
-327
-44
-78
-168
-19
-236
-120
2
-26
-138
-25
-97
13
-25
37
-34
-73
-170
-127
-129
-100
-4
51
72
-136
-172
-207
-203
-217
2
59
155
23
-254
-196
-315
-257
-113
-6
76
127
-59
-130
-185
-281
-254
-48
38
-102
33
-78
-115
-42
-259
-266
-37
-55
-105
80
-126
-175
-258
-316
-253
-25
-121
-173
-13
-167
-299
-306
-272
-226
-7
-136
-141
-51
-259
-314
-164
-141
-181
-244
-249
-160
-166
-212
-370
-328
-310
-361
-409
-269
-221
-157
-238
-319
-195
-296
-304
-168
-32
-213
-310
-267
-280
-173
-290
-272
-316
-326
-400
-337
-260
-313
-331
-367
-277
-405
-430
-560
-388
-241
-257
-333
-311
-272
-265
-267
-334
-290
-352
-278
-279
-236
-332
-360
-458
-579
-525
-533
-435
-377
-361
-445
-542
-679
-627
-621
-574
-431
-506
-561
-617
-697
-700
-651
-569
-580
-488
-408
-499
-544
-505
-566
-664
-631
-598
-466
-479
-531
-541
-633
-682
-725
-618
-464
-422
-496
-512
-474
-568
-666
-640
-630
-614
-549
-485
-412
-567
-729
-764
-779
-667
-608
-491
-420
-428
-537
-697
-616
-539
-593
-582
-440
-455
-435
-491
-586
-567
-563
-610
-565
-471
-438
-409
-525
-583
-595
-624
-660
-545
-464
-511
-550
-546
-561
-630
-617
-627
-489
-517
-500
-482
-523
-510
-542
-643
-585
-451
-515
-484
-535
-462
-491
-557
-546
-493
-389
-492
-523
-526
-416
-534
-529
-509
-413
-387
-473
-447
-483
-452
-665
-557
-414
-348
-422
-548
-524
-475
-479
-568
-484
-437
-456
-482
-461
-455
-481
-526
-547
-456
-457
-468
-480
-436
-401
-396
-386
-419
-398
-479
-517
-540
-377
-389
-387
-333
-440
-397
-550
-474
-558
-457
-500
-426
-438
-417
-391
-582
-464
-503
-345
-423
-367
-343
-353
-352
-373
-299
-349
-306
-386
-356
-282
-222
-250
-357
-414
-393
-343
-357
-322
-388
-429
-492
-500
-495
-421
-510
-539
-446
-412
-438
-582
-660
-615
-420
-377
-315
-388
-461
-649
-691
-597
-484
-423
-529
-464
-552
-593
-713
-520
-482
-437
-455
-439
-423
-510
-495
-583
-441
-496
-346
-363
-391
-438
-459
-468
-404
-421
-373
-279
-346
-315
-315
-294
-297
-235
-282
-157
-105
-86
-48
-77
-34
-25
-13
-36
-19
-14
-96
-157
-211
-110
-127
-153
-169
-227
-257
-405
-332
-288
-240
-262
-343
-315
-336
-362
-526
-449
-373
-295
-187
-221
-285
-342
-373
-343
-204
-203
-275
-349
-305
-250
-242
-300
-450
-506
-563
-471
-545
-403
-484
-514
-576
-559
-568
-679
-694
-805
-567
-555
-462
-560
-627
-684
-708
-650
-650
-566
-718
-635
-448
-374
-418
-645
-660
-566
-429
-387
-316
-189
-102
-93
-146
-27
80
25
55
101
169
191
99
67
0
-30
-49
-31
-83
-126
-124
-132
-58
-45
-61
-240
-335
-333
-321
-328
-421
-440
-422
-374
-378
-402
-422
-349
-313
-209
-125
-57
-73
-91
-114
-177
-145
-96
-20
-67
-75
-112
-132
-314
-313
-379
-300
-401
-492
-590
-610
-482
-641
-510
-749
-760
-852
-880
-959
-898
-810
-751
-708
-902
-900
-996
-917
-986
-1018
-987
-917
-714
-726
-701
-781
-764
-597
-446
-218
-71
18
108
20
159
292
486
449
351
366
384
447
341
402
327
268
156
125
159
81
-24
-73
21
-7
-152
-324
-373
-360
-400
-491
-505
-390
-290
-154
-38
13
42
52
89
236
364
354
549
680
585
410
355
299
269
243
222
373
381
297
84
-95
-139
-115
-100
-222
-135
-171
-307
-588
-777
-747
-645
-632
-678
-675
-783
-774
-864
-892
-979
-1003
-1007
-921
-832
-826
-846
-839
-710
-587
-500
-472
-403
-280
-143
-82
-46
88
243
340
354
414
505
494
397
345
465
683
735
605
359
198
146
113
21
-75
-101
-16
32
-60
-280
-418
-439
-402
-322
-173
12
129
165
333
437
340
286
395
663
826
880
915
955
881
846
837
791
676
755
965
966
745
631
587
473
469
371
468
503
421
333
155
-15
27
-55
-132
-210
-207
-81
-235
-462
-648
-686
-754
-863
-875
-758
-809
-883
-1068
-1219
-1329
-1352
-1192
-1043
-1003
-1135
-1134
-1036
-866
-743
-751
-787
-656
-437
-257
-74
103
328
439
429
439
541
701
699
641
641
676
711
597
392
118
-71
-91
-90
-82
-153
-264
-273
-370
-491
-632
-673
-487
-255
-132
-93
-64
-130
-166
-171
-49
296
593
741
857
810
760
668
543
815
1016
932
920
848
811
737
565
496
564
543
577
540
499
475
250
71
4
34
99
33
-74
-204
-338
-405
-465
-577
-607
-670
-669
-629
-718
-855
-1036
-1144
-1097
-1054
-1141
-1163
-1117
-1041
-1009
-1006
-1036
-937
-748
-570
-450
-429
-444
-372
-183
-3
72
204
430
571
624
646
737
942
1097
992
860
842
822
716
523
305
169
62
11
-55
-207
-327
-416
-501
-566
-571
-596
-528
-395
-243
-190
-119
-25
3
26
52
336
624
690
671
732
917
1079
1049
932
936
1000
1016
1016
1048
1102
976
578
307
478
598
380
160
180
125
-86
-275
-405
-330
-343
-408
-525
-638
-596
-625
-819
-878
-881
-867
-983
-1097
-990
-868
-830
-932
-1055
-997
-872
-779
-586
-423
-245
-199
-257
-349
-282
-76
153
436
474
464
479
486
544
689
791
811
850
923
995
857
553
225
104
90
73
119
121
0
-269
-468
-529
-493
-400
-316
-225
-56
27
-38
-148
-142
42
374
610
676
785
818
955
1042
934
937
1121
1320
1489
1428
1437
1449
1356
1150
1067
1015
983
1013
912
849
703
610
480
263
-119
-149
-144
-106
-152
-347
-377
-457
-646
-786
-860
-869
-739
-714
-716
-745
-781
-876
-867
-836
-678
-394
-222
-73
25
-53
-161
-71
171
401
496
596
721
839
780
600
633
739
828
847
873
889
686
272
-46
-145
-138
-136
-120
-221
-427
-641
-741
-755
-723
-694
-600
-428
-269
-168
-152
-225
-321
-126
232
426
429
470
631
882
836
685
750
1008
1079
976
991
1310
1402
893
505
523
833
850
522
347
474
405
162
-198
-259
-36
-59
-195
-484
-617
-525
-561
-735
-824
-905
-812
-882
-957
-981
-970
-805
-803
-792
-767
-588
-403
-367
-432
-364
-86
129
199
264
403
514
523
577
768
895
823
740
783
933
902
683
424
162
32
-34
5
14
-213
-599
-855
-818
-649
-602
-695
-689
-553
-511
-619
-555
-293
-158
-135
-65
128
389
400
255
347
565
802
915
814
786
862
950
851
725
790
875
853
545
406
526
423
233
119
148
327
133
-269
-351
-370
-337
-370
-570
-561
-565
-664
-828
-996
-1055
-962
-830
-707
-662
-627
-558
-542
-642
-694
-530
-142
242
408
369
302
323
413
616
901
1149
1148
1075
1095
1207
1235
1071
884
731
590
494
521
487
319
-7
-284
-419
-508
-582
-575
-519
-594
-728
-852
-763
-543
-428
-489
-582
-524
-290
-74
83
151
215
419
540
508
460
513
800
956
838
744
680
764
705
362
355
414
426
320
78
118
148
-96
-375
-572
-602
-487
-632
-847
-981
-1028
-913
-888
-1046
-1216
-1219
-998
-636
-576
-794
-1020
-1009
-740
-412
-125
81
126
-67
-159
112
687
1005
900
807
852
1033
1123
1145
1189
1129
968
866
823
656
358
170
206
172
-126
-493
-616
-559
-592
-678
-688
-647
-704
-895
-873
-634
-444
-460
-542
-356
-149
-46
-38
140
324
341
311
500
739
821
771
692
789
698
576
482
422
325
191
-27
-69
-206
-351
-378
-494
-695
-983
-1082
-983
-921
-1158
-1267
-1215
-989
-825
-831
-963
-1196
-1310
-1196
-764
-290
-131
-372
-698
-732
-468
-78
231
423
436
322
364
574
738
656
541
672
995
1143
874
421
83
41
215
407
418
167
-164
-390
-356
-191
-150
-268
-399
-410
-332
-289
-307
-434
-576
-448
-134
186
189
-5
-40
76
247
333
409
579
687
608
567
584
602
423
271
331
370
227
7
-86
-124
-337
-533
-554
-536
-640
-869
-819
-692
-616
-594
-489
-486
-772
-1031
-823
-224
138
85
-48
-37
-202
-431
-146
566
972
618
249
472
844
723
291
345
720
847
648
512
451
109
-257
-97
383
363
-178
-574
-431
-142
-160
-261
-254
-221
-260
-229
63
152
-20
-105
93
309
197
55
240
428
398
380
480
586
376
110
308
668
669
398
197
291
298
63
-163
-133
-267
-418
-507
-369
-301
-499
-798
-710
-320
98
160
-196
-526
-538
-135
291
615
659
508
71
-335
-143
665
1261
956
275
149
557
733
429
189
297
408
311
211
164
-91
-588
-769
-411
-71
-318
-828
-995
-794
-624
-559
-531
-505
-574
-594
-384
-71
20
-75
-38
182
390
453
458
407
391
423
528
608
538
389
259
187
89
8
58
131
-60
-440
-821
-725
-578
-551
-746
-898
-979
-1109
-1084
-684
1
115
-577
-1257
-989
39
794
823
599
484
197
-164
209
1397
2029
1250
202
250
1132
1377
886
546
582
447
93
110
393
145
-555
-822
-458
-303
-805
-1251
-1140
-898
-939
-992
-804
-828
-1216
-1322
-765
-127
-192
-662
-758
-406
-107
-9
91
195
61
-87
99
526
579
261
59
199
262
96
-46
-117
-207
-646
-723
-651
-481
-990
-1377
-1521
-1176
-1072
-879
-530
-251
-853
-1733
-1631
-386
757
736
325
180
57
-377
-142
1215
2353
1600
103
-90
1000
1531
1037
929
1231
889
-204
-391
610
933
88
-678
-307
-91
-805
-1381
-715
109
-216
-1040
-1090
-669
-655
-843
-453
246
240
-410
-601
-198
249
309
470
745
608
121
-68
345
767
691
550
373
213
-153
-250
-20
93
-285
-716
-847
-721
-901
-1149
-1226
-1170
-1267
-1360
-793
-101
-237
-1422
-1981
-1117
353
710
423
230
185
-431
-650
734
2561
2391
434
-519
606
1770
1610
1197
1406
1062
-226
-729
465
1379
465
-873
-945
-420
-971
-1693
-1245
-281
-415
-1437
-1703
-1246
-1060
-1244
-866
-2
82
-659
-1013
-455
235
478
611
829
618
125
14
755
1424
1375
852
508
387
111
66
267
591
289
-291
-788
-859
-987
-1180
-1189
-942
-917
-1289
-1308
-996
-713
-1564
-1941
-1290
179
391
-305
-685
-283
-271
-534
305
1859
1990
70
-908
202
1903
1720
954
848
716
-233
-683
716
1902
896
-930
-1257
-436
-415
-1091
-765
-78
-400
-1694
-1999
-1160
-693
-994
-1078
-509
-512
-1180
-1420
-653
101
168
-40
9
-7
-328
-235
477
1250
1091
401
-4
121
433
523
646
576
221
-372
-546
-143
223
0
-557
-916
-812
-762
-397
106
403
-458
-1641
-1583
-225
932
634
36
-116
-129
-671
-236
1330
2503
1192
-620
-504
1043
1920
1304
1194
1040
176
-840
-251
1435
1487
-17
-1106
-912
-662
-1084
-966
-188
-149
-1150
-2043
-1644
-865
-620
-624
-588
-606
-953
-1055
-471
207
462
222
-39
-54
-82
180
507
989
1031
627
64
-112
195
592
620
352
-146
-560
-876
-824
-391
-401
-768
-1517
-1590
-1341
-490
-117
-189
-1359
-1940
-1437
80
830
553
317
-95
-394
-725
800
2473
2400
357
-679
444
1828
1809
1439
1452
942
-354
-667
862
1830
881
-739
-972
-614
-840
-1189
-485
106
-615
-2027
-2236
-1366
-776
-757
-807
-689
-1109
-1597
-1340
-299
350
108
-478
-517
-188
21
263
593
1035
787
432
182
638
896
930
747
678
418
-138
-221
98
606
133
-529
-995
-839
-696
-111
423
567
-885
-2097
-1588
228
1325
507
-133
-496
-635
-902
255
2211
2543
377
-1191
-389
1540
2107
1610
1600
923
-216
-773
746
2378
1655
-6
-770
-363
-298
-564
142
797
179
-1262
-1832
-860
-149
-154
-324
-464
-652
-1312
-1194
-257
521
414
-469
-764
-450
-84
203
390
665
502
-82
-253
182
722
710
205
203
46
-41
-339
-134
215
-142
-550
-811
-559
-469
-16
450
514
-859
-1538
-886
774
1147
446
308
84
-334
-834
703
2547
2270
15
-948
222
1686
1585
1375
1416
602
-758
-1000
941
2087
1072
-719
-1180
-779
-709
-764
-54
308
-517
-1940
-2198
-1114
-224
-169
-730
-1050
-1315
-1454
-1041
-18
613
186
-849
-1112
-377
285
525
378
452
111
-271
-289
338
726
392
-96
-268
-301
-510
-505
-95
-44
-745
-1442
-1403
-891
-786
-306
27
-47
-1660
-2389
-1271
658
1046
-101
-686
-684
-814
-1031
468
2170
1860
-748
-1758
-197
1567
1721
993
1046
216
-997
-1063
887
2249
964
-862
-1263
-668
-628
-700
-21
471
-689
-2099
-2277
-950
-60
-283
-756
-1263
-1534
-1821
-1254
-104
367
-334
-1424
-1499
-692
-114
40
-20
-16
-315
-735
-471
321
663
213
-507
-484
-363
-376
-317
-29
92
-723
-1389
-1409
-772
-686
-233
-10
32
-1488
-2421
-1347
519
1260
-98
-755
-916
-868
-974
453
2097
1799
-836
-2088
-632
1370
1797
927
598
-193
-1161
-1194
532
1755
867
-1011
-1536
-1081
-623
-464
-135
-15
-841
-1760
-1949
-1054
-281
-99
-536
-1050
-1451
-1431
-965
-109
393
-50
-954
-1386
-715
30
321
125
-73
-327
-565
-310
291
582
10
-473
-508
-244
-556
-562
-309
17
-576
-1303
-1319
-890
-664
-533
85
135
-818
-2312
-1509
322
1579
530
-533
-707
-530
-476
294
1962
2163
391
-1536
-709
1215
2296
1586
815
192
-617
-825
240
1628
1329
-360
-1533
-1362
-780
-339
-215
-251
-844
-1581
-1924
-1526
-727
-123
-225
-981
-1698
-1634
-877
-65
326
59
-535
-1047
-705
190
855
701
131
-192
-77
345
750
869
584
33
-57
52
168
-65
-162
30
-285
-648
-1037
-715
-611
-396
99
293
-450
-1953
-1764
-25
1493
880
-265
-754
-474
-475
226
1899
2443
935
-1321
-903
1189
2579
2026
983
404
-257
-549
420
1842
1850
67
-1381
-1212
-412
133
38
-31
-426
-1260
-1816
-1561
-443
317
-38
-1101
-1769
-1443
-688
1
326
74
-628
-1314
-879
223
867
496
-299
-493
-342
143
403
671
320
-214
-488
-304
69
-72
-47
-269
-395
-896
-980
-875
-657
-601
-28
145
-482
-1762
-1885
-185
1006
903
-327
-738
-660
-528
-47
1387
2092
1053
-1108
-1276
646
2282
2204
873
78
-513
-503
459
1669
1647
-28
-1436
-1220
-299
265
32
-368
-775
-1335
-1458
-1194
-502
-173
-497
-1021
-1390
-1071
-628
-252
-24
-81
-402
-819
-611
235
797
627
81
-175
60
283
756
860
583
-161
-507
-40
358
329
-182
-367
-615
-822
-994
-653
-483
-584
-355
-213
-490
-1635
-1586
-270
1067
677
-399
-748
-469
-186
178
1571
2063
991
-992
-821
1131
2551
2182
984
331
-267
-283
610
1958
1787
58
-1434
-1076
-113
368
204
-165
-533
-1281
-1405
-930
14
248
-351
-1017
-1255
-762
-183
269
492
222
-291
-553
-37
923
1212
866
305
305
538
897
1230
1382
1065
458
223
444
795
656
528
258
53
-452
-462
-266
-80
-213
-14
356
7
-963
-1465
-134
1103
1193
1
-483
-259
83
237
1123
2054
1541
-135
-922
543
2198
2504
1363
610
120
-78
426
1624
2100
884
-753
-960
-39
558
492
17
-256
-806
-1122
-895
-207
239
-156
-755
-1075
-753
-264
54
270
143
-188
-423
-154
586
947
774
358
228
470
839
1166
1174
1008
547
436
543
771
805
495
309
50
39
-23
-98
-313
-391
-222
297
228
-299
-937
-956
105
717
902
124
-285
-211
133
686
1442
1835
1289
-85
-368
905
2252
2552
1300
595
-12
248
962
1748
1823
499
-627
-790
23
620
553
-71
-445
-881
-861
-934
-423
1
-134
-702
-1428
-1013
-364
164
8
-334
-508
-525
-326
267
707
607
-57
-270
313
914
922
531
428
529
403
289
292
414
307
-89
-107
-197
-108
-489
-658
-572
-187
102
-214
-665
-1173
-867
-148
443
202
-296
-586
-356
-101
229
1096
1329
660
-706
-562
887
2111
1879
696
-26
-269
99
883
1518
1187
-65
-1036
-742
22
365
-23
-476
-612
-832
-1128
-1104
-461
156
-173
-1065
-1461
-896
-127
43
-19
-166
-330
-608
-430
416
880
392
-307
-216
537
723
497
306
471
357
8
98
366
263
-293
-576
-119
106
-256
-865
-958
-487
-405
-321
-210
-224
-582
-1293
-684
416
783
93
-634
-245
243
297
738
1297
1297
66
-574
568
1906
2172
1052
367
337
349
602
1129
1386
799
-448
-678
-253
190
50
-228
-133
-474
-1070
-1456
-737
293
351
-593
-1357
-1185
-296
175
376
310
-58
-468
-406
576
1302
1063
336
257
774
1045
924
1043
1222
1093
667
570
871
680
300
240
649
637
-95
-486
-271
16
-205
-470
61
371
-96
-1015
-1062
31
771
501
-104
-170
74
163
191
954
1490
1171
-7
-229
912
1940
1822
937
541
476
381
465
1107
1367
747
-398
-572
-57
266
11
-181
-142
-451
-1063
-1107
-354
226
-106
-934
-1133
-816
-244
0
163
25
-376
-568
-250
448
777
559
153
-24
174
533
733
673
461
318
260
264
241
226
271
192
-61
-229
-328
-207
-339
-562
-513
-536
-183
-142
-267
-794
-1257
-668
114
453
-77
-430
-400
-247
-237
387
1073
1099
40
-727
-39
1049
1652
1031
399
-118
-349
-4
714
1129
521
-494
-960
-683
-262
-83
-272
-443
-855
-1221
-1360
-935
-269
-240
-780
-1363
-1283
-768
-294
-68
-126
-536
-822
-584
198
623
277
-230
-199
240
420
328
352
424
198
-14
2
528
297
-105
-459
-203
-61
-276
-616
-604
-630
-872
-991
-736
123
-129
-767
-1769
-1064
-96
394
6
-388
-414
-564
-448
248
1340
1152
100
-987
-216
948
1681
1198
318
-148
-509
91
757
1226
438
-602
-1037
-559
-139
-11
-210
-486
-791
-1275
-1113
-741
-79
-305
-793
-1193
-1084
-642
-164
67
-162
-616
-671
-164
233
327
8
-2
-12
114
129
353
476
292
7
14
346
404
102
-247
-213
-154
-109
-211
-278
-460
-828
-1156
-1004
-575
87
-42
-792
-1635
-1534
-371
422
313
-373
-678
-678
-465
-13
926
1049
279
-825
-672
518
1263
1187
392
9
-391
-361
184
932
817
-202
-1073
-834
-199
-59
-314
-610
-516
-870
-1162
-1151
-443
-104
-598
-1109
-1021
-575
-412
-373
-173
-84
-479
-616
-265
434
411
-41
-257
88
373
167
116
277
434
149
54
256
423
-23
-407
-222
156
176
-373
-661
-814
-763
-910
-707
-497
-324
-491
-1007
-1190
-1050
-299
19
-57
-516
-526
-468
-337
-210
339
726
305
-464
-723
228
860
896
263
29
-174
-262
-95
336
439
-130
-673
-811
-478
-508
-687
-980
-611
-577
-937
-1495
-1379
-728
-465
-583
-914
-1019
-1169
-1005
-504
52
-104
-679
-1012
-574
45
193
-2
-220
-164
-279
-265
-38
300
249
-203
-279
-235
-141
-417
-395
-244
-214
-699
-1038
-1049
-808
-698
-980
-984
-1122
-769
-845
-875
-1171
-1170
-795
-387
-285
-666
-789
-791
-501
-426
127
205
-109
-821
-757
56
504
444
-174
-456
-677
-497
-168
134
-20
-498
-1015
-1077
-844
-616
-540
-746
-812
-1141
-1407
-1444
-970
-461
-540
-1106
-1516
-1397
-846
-369
-237
-486
-938
-1122
-883
-203
202
-89
-710
-836
-372
-2
-60
-172
-165
-100
-223
-237
-182
-138
-274
-511
-490
-399
-317
-691
-940
-932
-852
-984
-1062
-992
-681
-616
-897
-1241
-1446
-770
-280
-242
-758
-892
-673
-536
-400
-6
397
121
-558
-783
-5
609
746
117
-123
-266
-275
16
298
474
-242
-699
-684
-138
-56
-393
-758
-579
-519
-621
-858
-731
-391
-497
-514
-684
-494
-587
-511
-242
10
-105
-485
-564
-117
189
183
-22
-123
93
84
307
381
445
290
160
355
503
456
89
-24
104
200
152
-53
-162
-273
-458
-528
-568
-511
-416
-304
-232
-540
-893
-1002
-543
33
36
-283
-523
-537
-353
-139
444
675
228
-400
-527
297
895
871
294
-201
-295
-70
392
757
455
-207
-665
-472
70
88
-154
-619
-601
-585
-482
-397
-273
-273
-605
-758
-513
-63
-42
-270
-477
-297
-145
-132
-128
27
175
10
-138
-30
309
439
341
258
251
252
305
492
573
462
162
58
131
189
100
-11
-140
-189
-357
-517
-549
-657
-593
-721
-604
-425
-507
-855
-1193
-863
-194
-25
-423
-792
-592
-174
-194
-100
185
381
-36
-488
-68
536
676
207
-37
78
90
79
381
588
206
-527
-696
-113
256
127
-379
-510
-458
-394
-406
-212
-7
-193
-586
-593
-118
142
67
-213
-173
-146
-7
113
285
349
176
19
40
436
621
556
384
487
516
417
454
718
753
425
202
215
487
388
265
-16
10
-125
-279
-331
-190
-159
-600
-819
-698
-334
-167
-235
-639
-868
-761
-106
95
-191
-391
-347
-129
-294
-115
327
511
117
-417
-171
444
630
352
-6
12
89
50
248
364
317
-125
-424
-201
79
189
-119
-250
-209
-283
-341
-276
-18
110
-186
-371
-302
-71
39
-13
24
-80
-151
-107
138
297
175
-3
-17
110
317
406
441
385
208
307
431
605
479
323
354
392
311
73
116
130
27
-136
-180
-169
-338
-584
-620
-482
-500
-649
-798
-544
-367
-515
-845
-967
-625
-439
-387
-495
-415
-442
-652
-742
-344
158
102
-424
-732
-351
75
280
149
-19
-222
-348
-89
407
564
249
-200
-212
10
189
227
269
249
57
-248
-262
88
428
392
25
-150
-260
-72
149
292
106
-288
-491
-307
117
314
88
-310
-357
-101
165
203
194
146
26
67
330
581
488
261
132
259
423
430
311
199
200
-13
-73
-62
207
90
-310
-604
-618
-444
-402
-519
-618
-560
-739
-954
-1152
-732
-460
-635
-1007
-1037
-598
-622
-715
-601
-94
15
-453
-703
-200
477
585
292
114
238
277
529
847
1018
629
119
193
637
976
686
321
184
262
273
165
192
248
108
-152
-262
-145
-74
-152
-190
-210
-283
-476
-417
-125
77
-52
-324
-282
24
259
252
217
304
419
332
441
609
746
588
441
544
649
671
508
394
328
243
91
-30
-106
-48
-304
-462
-761
-826
-894
-967
-1028
-1180
-1262
-1264
-1182
-1243
-1292
-1429
-1233
-1112
-942
-931
-812
-612
-615
-531
-351
96
240
167
171
475
728
809
780
854
946
922
986
941
1026
867
825
711
625
501
313
228
216
223
19
-221
-440
-298
-224
-170
-361
-491
-490
-398
-269
-266
-237
-254
-211
-190
-27
68
176
190
263
361
412
540
547
677
693
742
660
675
739
719
614
502
503
403
294
156
128
-87
-295
-485
-361
-408
-568
-900
-1101
-1047
-1080
-1042
-1077
-1065
-1247
-1339
-1230
-878
-795
-949
-1096
-903
-549
-345
-127
-189
-200
-244
54
534
719
599
361
512
824
1007
875
717
624
693
778
849
806
589
364
148
258
339
357
71
-174
-219
-187
-220
-352
-289
-284
-368
-563
-577
-438
-304
-315
-406
-459
-438
-344
-231
-25
43
-38
-187
-7
325
513
428
307
327
337
442
455
530
490
424
256
197
286
422
331
86
-92
-169
-146
-226
-261
-385
-442
-660
-860
-907
-810
-768
-998
-1145
-1133
-1098
-1168
-1219
-1045
-832
-872
-1109
-1198
-888
-512
-526
-630
-580
-415
-401
-357
74
319
264
-65
-57
281
540
534
333
291
347
404
335
387
324
187
-116
-139
-40
9
-195
-486
-566
-574
-538
-725
-760
-761
-743
-885
-841
-752
-755
-878
-933
-801
-665
-591
-624
-585
-494
-359
-367
-277
-116
75
75
51
120
256
383
444
442
406
425
406
427
477
523
312
134
62
139
-29
-313
-475
-530
-555
-676
-824
-995
-1097
-1295
-1354
-1422
-1326
-1429
-1643
-1696
-1622
-1501
-1453
-1378
-1326
-1362
-1340
-1181
-953
-738
-715
-715
-677
-540
-408
-294
-115
14
-25
-129
-142
28
161
162
97
-61
-33
-53
-109
-196
-265
-369
-545
-615
-638
-718
-904
-992
-1032
-1014
-1080
-1129
-1202
-1201
-1059
-975
-973
-1093
-1043
-915
-712
-605
-612
-583
-460
-311
-207
-87
20
80
66
168
306
403
396
391
351
318
320
262
229
171
94
-91
-248
-328
-352
-453
-544
-715
-926
-1102
-1112
-1098
-1250
-1394
-1596
-1652
-1652
-1584
-1613
-1743
-1836
-1846
-1830
-1713
-1616
-1610
-1606
-1567
-1399
-1349
-1325
-1253
-1086
-864
-820
-826
-831
-694
-552
-547
-368
-260
-309
-446
-445
-225
-153
-201
-354
-461
-442
-329
-275
-409
-575
-639
-687
-709
-668
-646
-697
-897
-918
-820
-691
-735
-865
-855
-721
-658
-744
-768
-690
-661
-685
-601
-487
-427
-503
-482
-404
-290
-221
-243
-232
-131
-53
-105
-230
-244
-136
-81
-128
-283
-329
-348
-389
-452
-553
-600
-698
-750
-816
-895
-974
-1131
-1220
-1272
-1268
-1386
-1485
-1560
-1538
-1603
-1647
-1670
-1718
-1797
-1876
-1882
-1835
-1713
-1679
-1704
-1769
-1623
-1472
-1398
-1434
-1378
-1176
-977
-933
-1008
-930
-742
-652
-646
-506
-368
-361
-520
-497
-249
-127
-166
-369
-422
-394
-317
-210
-195
-305
-628
-818
-734
-521
-489
-644
-875
-969
-1007
-932
-833
-804
-845
-1004
-1036
-965
-777
-755
-845
-847
-782
-708
-686
-583
-471
-441
-501
-538
-451
-287
-165
-168
-149
-132
-167
-200
-114
-6
-70
-234
-306
-262
-233
-293
-373
-435
-513
-644
-742
-729
-686
-799
-980
-1025
-1024
-1018
-1125
-1160
-1178
-1192
-1217
-1277
-1341
-1343
-1292
-1262
-1279
-1371
-1349
-1332
-1212
-1167
-1117
-1000
-923
-887
-950
-829
-589
-404
-411
-460
-429
-257
-150
-91
-52
-5
25
-92
-100
12
138
100
-43
-121
-98
-80
-116
-181
-221
-289
-421
-438
-365
-314
-465
-628
-624
-530
-490
-541
-526
-479
-468
-488
-452
-327
-220
-225
-236
-174
-25
76
69
97
103
175
223
324
382
384
356
338
366
394
445
397
368
299
323
252
211
210
183
99
-55
-105
-111
-74
-164
-275
-369
-414
-450
-468
-447
-464
-605
-791
-802
-745
-681
-781
-891
-942
-1020
-998
-1059
-1005
-984
-1060
-1213
-1275
-1112
-946
-904
-948
-937
-888
-768
-683
-527
-444
-382
-392
-333
-108
48
75
21
100
196
245
285
393
462
455
383
359
436
525
549
382
270
185
228
282
300
205
15
-98
-83
-8
34
32
-86
-169
-205
-104
-39
-2
-20
-72
-78
-43
55
110
145
159
151
154
253
306
345
369
423
466
430
438
428
483
497
474
373
341
323
301
259
195
142
1
-70
-94
-93
-168
-293
-471
-531
-523
-491
-605
-731
-827
-935
-960
-952
-906
-942
-1056
-1145
-1139
-1095
-969
-995
-966
-980
-994
-962
-892
-713
-637
-571
-552
-534
-475
-295
-83
81
48
10
3
114
356
480
536
410
382
396
504
633
657
574
390
315
378
469
440
327
166
132
92
95
103
65
-11
-177
-207
-154
-108
-156
-238
-252
-233
-231
-182
-175
-147
-147
-139
-83
-43
3
-5
55
130
200
197
213
253
341
367
326
325
387
507
500
451
431
477
426
317
284
290
260
114
34
9
29
-45
-128
-227
-277
-337
-416
-431
-454
-490
-613
-649
-721
-752
-831
-828
-868
-881
-957
-998
-1028
-1017
-958
-981
-969
-979
-970
-1008
-937
-871
-793
-821
-803
-782
-690
-554
-483
-388
-414
-387
-375
-254
-119
-19
-18
-58
-36
6
62
95
119
65
45
-13
-8
5
44
50
-40
-173
-254
-210
-155
-150
-212
-226
-251
-240
-246
-181
-121
-138
-208
-229
-111
-5
24
-19
5
68
139
165
203
254
296
308
311
371
435
462
443
433
446
463
446
402
374
357
324
310
286
267
181
78
23
21
6
-86
-182
-251
-301
-350
-369
-386
-395
-532
-623
-687
-640
-630
-699
-842
-923
-917
-876
-900
-978
-1008
-1030
-999
-1044
-986
-971
-965
-1021
-988
-903
-817
-785
-733
-688
-594
-533
-504
-367
-258
-147
-161
-91
56
183
193
201
288
413
498
546
608
622
639
600
653
737
801
760
637
641
684
711
681
599
517
458
449
492
489
447
339
212
205
277
305
229
138
117
141
179
178
179
208
234
264
271
329
371
392
406
423
428
417
438
469
482
467
459
446
440
433
375
321
280
296
254
176
105
67
38
-38
-98
-144
-169
-269
-360
-402
-368
-369
-433
-503
-513
-484
-513
-520
-527
-519
-516
-522
-515
-490
-471
-476
-433
-396
-360
-399
-368
-314
-216
-192
-205
-196
-169
-98
-40
51
71
134
119
135
183
310
356
338
335
350
447
482
488
437
454
463
479
486
533
525
470
455
448
482
482
501
456
451
425
398
361
364
380
358
317
292
340
347
358
321
373
377
349
311
340
421
450
469
471
499
464
470
497
564
555
528
500
503
504
454
408
380
389
333
265
209
151
96
53
-1
-64
-144
-196
-225
-263
-273
-321
-397
-440
-451
-478
-489
-500
-484
-458
-477
-491
-540
-532
-519
-474
-460
-486
-546
-551
-507
-467
-453
-526
-520
-548
-524
-529
-503
-503
-525
-556
-558
-508
-476
-451
-469
-439
-472
-441
-418
-321
-297
-288
-256
-202
-154
-124
-76
18
49
25
26
102
275
333
363
338
383
464
529
579
600
638
633
656
697
733
700
645
579
598
593
547
491
421
393
327
282
208
146
43
-41
-82
-67
-89
-170
-251
-299
-300
-336
-334
-340
-341
-365
-382
-388
-360
-318
-274
-275
-312
-306
-272
-207
-170
-160
-165
-135
-87
-56
-40
-48
-54
-60
-46
-71
-96
-136
-143
-158
-184
-219
-246
-260
-298
-304
-299
-294
-331
-336
-363
-368
-352
-320
-318
-316
-331
-298
-253
-212
-164
-160
-133
-110
-26
30
51
42
46
93
140
199
227
255
217
220
216
266
309
313
327
272
319
345
388
343
345
345
334
307
285
288
288
269
209
214
167
183
136
155
135
108
52
32
64
58
56
8
13
-15
34
28
40
28
22
-9
-30
49
105
123
62
63
77
118
122
153
154
128
79
51
110
142
126
50
17
-1
-1
11
47
24
-55
-105
-104
-53
-32
-40
-81
-105
-127
-150
-130
-99
-105
-147
-180
-198
-183
-176
-147
-163
-169
-196
-216
-194
-192
-159
-173
-193
-194
-164
-150
-148
-172
-158
-167
-164
-163
-201
-188
-217
-215
-219
-243
-288
-303
-322
-312
-396
-438
-487
-475
-486
-493
-505
-542
-550
-557
-505
-466
-420
-436
-396
-407
-334
-288
-233
-162
-128
-100
-67
25
94
147
144
186
187
277
322
346
347
318
302
233
224
196
183
117
41
-43
-98
-92
-87
-162
-294
-391
-448
-408
-417
-429
-514
-594
-642
-653
-597
-546
-545
-620
-626
-569
-495
-457
-410
-406
-401
-396
-345
-250
-200
-178
-190
-154
-114
-77
-67
-44
-6
23
26
15
-6
-48
-43
-65
-65
-98
-97
-105
-166
-190
-281
-340
-416
-408
-414
-465
-553
-612
-634
-603
-595
-630
-601
-657
-649
-704
-603
-529
-484
-468
-489
-461
-445
-385
-354
-272
-303
-301
-385
-381
-327
-271
-252
-315
-333
-394
-379
-422
-349
-350
-417
-512
-569
-501
-422
-370
-415
-462
-487
-433
-406
-345
-344
-373
-378
-348
-255
-204
-167
-225
-224
-214
-165
-126
-86
-77
-69
-69
-57
-29
-20
14
-2
24
39
74
82
75
81
84
89
65
45
54
97
102
102
75
46
34
77
113
92
64
38
54
71
72
59
53
51
58
65
67
48
20
1
-41
-46
-38
-41
-74
-112
-130
-108
-117
-137
-176
-217
-216
-216
-226
-242
-276
-315
-354
-349
-324
-341
-361
-384
-360
-364
-391
-426
-430
-423
-402
-415
-444
-466
-458
-437
-447
-451
-461
-448
-452
-449
-427
-389
-365
-367
-394
-356
-316
-249
-249
-263
-242
-205
-163
-128
-101
-97
-85
-95
-40
-2
60
13
17
18
47
88
90
115
73
46
48
74
65
54
11
10
-11
8
-14
-54
-57
-82
-84
-102
-101
-100
-104
-111
-125
-151
-146
-151
-130
-122
-106
-113
-114
-83
-73
-44
-37
-45
-52
-53
-25
15
23
34
16
18
26
18
5
-10
-42
-75
-76
-77
-79
-113
-141
-174
-187
-219
-262
-309
-334
-313
-326
-355
-407
-448
-472
-464
-481
-480
-476
-489
-504
-505
-484
-488
-509
-533
-536
-527
-523
-526
-493
-530
-556
-538
-500
-474
-476
-454
-482
-481
-469
-445
-442
-447
-469
-453
-444
-394
-388
-408
-400
-408
-368
-365
-340
-366
-343
-340
-326
-309
-296
-259
-252
-228
-230
-214
-226
-180
-166
-147
-145
-143
-134
-114
-66
-67
-76
-125
-102
-98
-53
-36
-21
-31
-42
-37
-53
-40
-33
-31
-57
-27
-42
-61
-96
-91
-97
-79
-71
-115
-139
-175
-188
-218
-258
-302
-310
-324
-314
-335
-335
-363
-394
-424
-466
-463
-493
-474
-458
-445
-474
-503
-558
-573
-570
-560
-550
-598
-620
-648
-626
-621
-582
-597
-600
-624
-642
-629
-616
-611
-623
-612
-601
-590
-568
-537
-558
-563
-588
-582
-582
-557
-540
-550
-581
-589
-583
-585
-592
-621
-621
-658
-678
-703
-670
-658
-663
-680
-684
-654
-628
-590
-547
-513
-503
-471
-458
-413
-391
-359
-324
-280
-257
-260
-249
-268
-242
-199
-175
-192
-198
-211
-222
-235
-222
-231
-229
-269
-305
-320
-322
-331
-382
-432
-480
-489
-504
-481
-509
-513
-535
-511
-531
-549
-541
-546
-533
-531
-510
-524
-516
-513
-463
-451
-435
-452
-446
-457
-468
-466
-484
-471
-463
-453
-458
-457
-459
-453
-483
-498
-496
-523
-560
-596
-598
-608
-621
-648
-695
-722
-746
-745
-754
-801
-833
-850
-837
-825
-836
-856
-888
-888
-909
-895
-891
-897
-910
-902
-892
-884
-847
-829
-826
-820
-792
-765
-725
-727
-704
-697
-675
-658
-636
-622
-610
-573
-540
-508
-501
-498
-498
-475
-479
-479
-497
-506
-494
-498
-485
-500
-515
-521
-518
-529
-514
-523
-511
-531
-540
-546
-535
-532
-547
-565
-587
-592
-590
-579
-574
-552
-579
-585
-586
-557
-558
-565
-581
-604
-604
-611
-593
-598
-604
-630
-645
-651
-632
-637
-616
-631
-639
-637
-632
-627
-642
-637
-655
-666
-678
-679
-675
-678
-697
-690
-679
-669
-675
-696
-712
-697
-680
-658
-674
-659
-651
-632
-602
-606
-595
-594
-582
-589
-589
-560
-536
-533
-530
-539
-520
-520
-501
-480
-474
-462
-486
-479
-474
-470
-476
-499
-515
-506
-508
-500
-495
-498
-491
-478
-470
-467
-459
-461
-468
-462
-458
-427
-391
-379
-355
-369
-411
-426
-437
-413
-385
-385
-414
-445
-430
-423
-399
-388
-392
-411
-452
-461
-454
-459
-447
-439
-435
-434
-452
-466
-470
-448
-442
-443
-458
-471
-463
-437
-418
-419
-429
-459
-473
-485
-451
-439
-437
-462
-484
-484
-462
-446
-408
-378
-382
-385
-391
-352
-326
-297
-322
-315
-288
-257
-256
-265
-276
-305
-317
-329
-315
-364
-396
-439
-450
-455
-462
-474
-488
-501
-541
-556
-571
-566
-548
-525
-543
-560
-565
-549
-526
-509
-504
-535
-528
-539
-529
-516
-491
-490
-488
-491
-478
-454
-460
-474
-494
-492
-508
-495
-489
-474
-479
-497
-497
-500
-505
-520
-525
-529
-528
-522
-542
-573
-570
-581
-602
-622
-632
-626
-615
-614
-630
-635
-661
-667
-688
-689
-684
-666
-653
-650
-628
-605
-579
-581
-572
-582
-564
-563
-555
-538
-522
-493
-484
-470
-474
-459
-453
-453
-459
-458
-453
-432
-422
-414
-415
-426
-434
-422
-421
-420
-414
-411
-405
-413
-416
-428
-440
-446
-426
-424
-414
-416
-426
-427
-409
-397
-387
-400
-394
-388
-366
-340
-324
-314
-339
-331
-320
-287
-281
-269
-260
-248
-246
-238
-225
-231
-243
-244
-209
-214
-202
-199
-203
-216
-225
-246
-262
-270
-282
-301
-324
-331
-352
-367
-405
-414
-425
-448
-468
-482
-488
-506
-534
-566
-576
-576
-551
-549
-541
-535
-528
-502
-475
-459
-462
-442
-424
-371
-332
-309
-289
-296
-280
-241
-212
-196
-202
-199
-160
-119
-82
-71
-75
-87
-85
-48
-10
-11
-39
-50
-41
-43
-38
-44
-73
-70
-79
-72
-58
-54
-56
-76
-69
-60
-60
-68
-49
-44
-27
-31
-31
-27
-20
-11
2
30
50
59
54
96
123
152
153
145
154
164
163
166
163
144
129
132
134
110
106
106
93
76
49
40
34
21
4
-35
-65
-80
-100
-124
-158
-159
-179
-209
-207
-212
-211
-211
-213
-216
-208
-190
-185
-191
-184
-174
-176
-150
-144
-142
-123
-111
-126
-126
-89
-36
-22
-17
-23
-58
-66
-42
-23
-8
-32
-72
-80
-61
-27
-12
-36
-68
-104
-117
-87
-73
-58
-59
-81
-102
-104
-90
-94
-93
-91
-91
-99
-98
-93
-101
-107
-102
-107
-112
-116
-140
-134
-134
-145
-160
-195
-222
-211
-174
-158
-172
-216
-228
-219
-206
-180
-162
-152
-143
-133
-151
-178
-169
-150
-125
-145
-174
-195
-192
-164
-144
-142
-169
-209
-246
-237
-212
-203
-215
-248
-264
-281
-262
-231
-220
-250
-286
-307
-314
-281
-252
-247
-276
-300
-331
-327
-317
-317
-351
-388
-400
-393
-358
-334
-339
-365
-377
-384
-381
-360
-302
-294
-283
-288
-273
-249
-241
-230
-235
-212
-207
-201
-177
-179
-170
-174
-171
-147
-143
-155
-174
-170
-154
-162
-134
-128
-119
-94
-96
-74
-78
-83
-97
-105
-90
-61
-52
-59
-69
-63
-53
-57
-73
-81
-65
-82
-79
-57
-48
-50
-57
-59
-65
-49
-33
-23
-27
-16
-10
-2
4
-12
-18
-24
-24
-26
-41
-53
-62
-64
-80
-109
-110
-109
-107
-109
-125
-129
-152
-168
-178
-201
-212
-233
-237
-214
-211
-227
-249
-261
-250
-245
-248
-251
-259
-251
-256
-247
-233
-227
-212
-215
-204
-191
-187
-175
-141
-107
-94
-97
-96
-86
-62
-32
-12
3
1
-20
-36
-30
10
22
12
12
22
43
43
35
38
28
28
30
38
63
66
56
40
50
46
59
68
50
67
66
69
83
93
108
102
100
112
101
83
82
86
105
106
107
96
110
123
136
148
152
147
152
169
199
200
188
201
207
229
245
259
261
256
259
259
250
246
238
253
274
285
290
270
276
300
325
334
326
324
324
340
358
347
349
346
354
376
386
405
409
427
432
428
423
442
458
468
467
456
430
414
433
455
461
466
470
465
477
487
495
496
519
534
533
532
512
487
466
461
461
462
471
478
484
475
455
428
423
438
436
426
399
375
365
356
364
356
318
273
254
258
276
293
302
303
269
258
260
287
335
340
320
277
255
266
296
320
320
289
264
245
260
280
269
245
206
191
173
169
162
144
121
106
80
51
40
18
20
19
16
25
46
52
56
33
13
-15
-27
-5
20
25
5
3
6
42
69
82
63
52
48
51
94
127
135
123
123
131
154
167
167
167
150
139
131
112
120
122
111
116
108
96
86
74
67
48
29
8
-12
-13
0
14
22
15
9
12
-4
20
33
55
72
68
65
55
67
72
74
66
71
70
83
97
96
90
62
60
48
40
50
57
73
89
70
45
22
16
15
5
-15
-39
-43
-37
-17
-31
-41
-37
-51
-74
-68
-85
-112
-128
-136
-119
-93
-72
-68
-76
-91
-87
-83
-90
-92
-96
-93
-86
-75
-52
-17
16
38
45
31
21
49
71
107
114
107
97
102
127
158
176
150
138
156
185
199
208
196
204
202
198
194
179
186
168
160
166
173
178
171
189
207
197
188
178
176
188
201
201
213
212
203
196
179
165
166
204
224
218
203
194
203
192
204
216
210
220
229
228
223
237
243
234
216
219
222
215
220
226
229
223
219
225
225
222
242
237
236
230
228
228
220
222
212
223
216
203
200
202
198
202
207
209
198
197
189
183
191
169
162
169
200
199
200
206
200
224
241
244
241
253
262
277
282
285
292
300
292
295
321
349
367
369
376
392
416
433
422
426
426
426
436
435
417
410
406
398
408
414
399
387
390
387
394
409
421
405
398
374
368
356
366
358
359
358
345
353
368
385
372
384
393
405
402
410
402
396
392
390
373
372
393
403
396
389
385
366
368
382
391
389
355
329
335
347
352
346
323
297
272
283
294
313
321
289
261
237
241
262
288
295
267
241
208
196
191
187
200
193
163
142
141
144
162
153
130
97
88
96
118
147
139
120
101
110
134
151
164
175
185
201
186
165
146
148
161
177
156
139
118
110
129
152
152
130
112
116
132
139
135
105
93
69
73
96
112
94
57
31
25
29
46
76
75
66
47
26
35
35
7
-8
-26
-58
-50
-37
-34
-36
-53
-64
-88
-101
-83
-48
-25
-14
-15
-21
-13
3
2
3
-2
-13
-16
-25
-21
-54
-75
-84
-79
-100
-146
-178
-192
-178
-155
-162
-198
-217
-215
-194
-198
-200
-222
-223
-230
-225
-194
-166
-164
-188
-181
-184
-175
-168
-170
-182
-170
-159
-155
-152
-154
-135
-119
-95
-74
-63
-68
-77
-88
-84
-84
-87
-106
-107
-90
-80
-82
-87
-96
-106
-91
-80
-78
-92
-92
-86
-92
-89
-95
-98
-89
-85
-90
-90
-83
-79
-81
-75
-67
-72
-84
-90
-83
-75
-68
-80
-99
-96
-89
-80
-80
-85
-97
-102
-99
-108
-106
-105
-107
-117
-127
-128
-118
-119
-109
-102
-95
-96
-103
-116
-120
-105
-90
-105
-121
-134
-146
-150
-164
-177
-176
-181
-187
-183
-171
-170
-177
-189
-198
-194
-185
-165
-158
-155
-153
-149
-149
-154
-154
-144
-142
-134
-131
-136
-136
-154
-159
-161
-157
-156
-161
-177
-189
-185
-180
-174
-173
-178
-195
-212
-201
-203
-220
-222
-226
-234
-234
-227
-214
-202
-210
-224
-224
-233
-232
-214
-202
-203
-204
-200
-211
-199
-212
-217
-200
-180
-167
-158
-165
-176
-183
-186
-186
-185
-196
-213
-220
-229
-229
-240
-241
-236
-247
-264
-282
-287
-284
-277
-281
-301
-311
-323
-323
-313
-335
-346
-351
-325
-311
-318
-317
-319
-321
-322
-317
-319
-286
-273
-272
-294
-323
-323
-326
-321
-323
-334
-356
-374
-378
-344
-326
-320
-321
-363
-386
-400
-381
-336
-322
-329
-337
-354
-366
-345
-329
-302
-320
-344
-374
-361
-332
-327
-317
-325
-333
-348
-340
-326
-316
-319
-326
-339
-341
-325
-306
-293
-306
-340
-354
-355
-348
-323
-299
-281
-272
-250
-222
-199
-187
-196
-207
-217
-196
-162
-134
-142
-149
-174
-164
-150
-138
-122
-137
-147
-130
-99
-78
-60
-62
-55
-54
-29
0
16
28
32
38
44
33
18
7
8
40
45
28
11
-10
-17
-20
-12
-16
-24
-29
-14
15
32
33
12
5
27
47
74
104
128
172
194
213
216
227
232
254
265
275
290
299
311
310
289
269
257
252
270
288
312
310
302
294
291
314
325
325
299
279
285
308
317
330
331
313
304
302
297
312
310
306
316
308
316
323
349
350
360
370
361
363
369
385
384
379
358
348
366
392
403
411
387
344
328
329
347
352
370
374
357
355
363
368
376
385
391
386
379
388
396
387
369
358
350
351
339
329
330
309
292
263
254
267
268
282
261
232
208
213
223
227
220
218
214
206
211
204
207
186
193
206
219
225
211
205
204
203
202
199
201
217
206
199
193
184
193
188
192
188
183
180
165
156
146
151
142
133
132
132
140
140
124
112
99
101
108
97
106
94
84
73
46
37
42
50
49
44
35
43
45
51
58
60
44
41
31
32
46
45
50
34
47
60
53
48
48
55
53
65
70
98
113
113
129
128
139
138
146
145
160
188
186
190
186
182
195
207
194
190
201
216
218
207
213
185
170
180
201
208
210
219
193
181
203
214
210
218
214
219
221
239
253
247
260
273
277
294
298
277
283
281
283
269
259
293
294
290
275
259
252
238
231
229
232
216
205
203
230
230
217
188
149
149
175
194
217
242
226
197
180
217
253
303
335
330
315
299
326
347
381
395
385
353
349
363
369
379
352
327
338
348
359
392
396
376
347
326
340
361
379
399
421
423
410
400
385
377
367
385
374
346
344
331
315
327
323
326
315
311
302
313
355
348
329
320
321
345
378
401
408
379
356
364
389
407
408
397
381
403
426
443
446
446
421
371
347
358
392
422
408
388
385
389
397
417
455
470
467
476
468
469
482
484
475
454
444
450
442
448
431
402
386
360
345
317
295
291
292
300
292
264
243
237
247
256
265
226
223
239
255
262
261
263
257
266
264
263
256
239
224
223
229
254
257
259
254
246
253
239
234
233
227
234
256
255
247
251
253
260
236
225
219
215
218
217
226
223
225
221
208
196
176
162
156
161
155
137
124
114
134
137
135
139
128
121
125
133
137
124
130
119
92
76
70
74
79
85
57
53
46
48
52
65
65
82
88
74
97
97
100
104
111
96
80
86
85
79
89
88
71
66
48
61
67
62
67
68
68
74
92
123
137
137
140
133
125
134
136
128
139
150
163
184
188
172
168
175
175
160
161
148
172
183
184
193
169
174
170
180
178
179
183
216
232
215
208
177
187
205
207
196
191
174
161
166
170
187
187
181
178
195
212
214
218
226
235
244
246
240
245
248
259
281
281
283
277
274
274
275
288
280
265
256
261
253
248
232
188
149
161
181
166
167
146
152
165
181
203
197
189
191
215
242
257
255
248
255
270
295
322
333
333
350
345
347
340
341
356
348
357
348
335
345
366
393
397
373
318
285
273
295
311
326
336
309
287
293
318
340
352
313
271
244
237
269
297
297
269
256
263
268
268
260
247
223
214
222
231
232
237
246
233
212
214
227
238
264
278
299
325
340
347
343
331
343
344
350
381
366
364
354
353
369
372
378
377
373
368
382
397
405
401
400
405
405
403
420
434
442
454
451
453
438
419
430
443
444
438
433
407
390
369
369
349
318
308
317
323
302
264
260
286
299
308
316
319
326
329
328
333
339
345
357
359
351
366
359
362
371
372
357
321
288
291
294
307
315
303
279
270
294
299
290
266
254
220
244
282
307
325
320
298
256
248
276
294
307
308
282
284
271
278
306
315
322
318
308
299
293
296
303
302
287
268
262
254
256
280
283
263
233
224
215
218
200
191
190
193
199
183
172
168
152
154
159
168
187
189
196
186
179
186
197
200
217
192
174
148
140
153
143
136
108
103
100
95
95
113
127
128
117
98
78
107
123
107
109
114
113
127
131
140
131
148
141
115
134
131
138
125
107
103
97
92
88
109
131
125
107
93
100
122
129
155
159
156
151
144
153
136
128
108
101
113
119
117
123
140
125
129
127
113
100
110
119
117
113
85
79
83
99
82
77
70
57
48
21
30
34
38
46
54
58
63
65
53
35
37
67
79
80
67
57
53
33
35
41
39
20
9
10
24
40
60
44
29
35
69
71
55
49
42
39
33
59
76
70
56
35
21
37
28
16
24
7
-6
5
24
50
40
37
37
31
54
70
76
75
80
83
71
79
122
110
107
125
108
103
89
111
121
118
88
66
60
89
131
138
111
56
26
34
78
92
126
118
80
46
53
111
148
175
146
129
117
134
157
145
151
146
147
151
150
157
162
147
129
110
110
133
185
216
212
181
164
152
173
195
221
251
265
261
230
216
209
210
201
191
143
134
117
103
129
140
121
91
62
54
81
96
119
117
100
105
111
144
166
180
167
128
135
167
204
219
202
168
151
155
153
161
154
155
126
88
104
106
100
95
74
68
47
55
77
99
115
133
133
138
149
179
185
201
216
209
218
217
233
227
240
223
216
207
192
174
181
192
194
205
188
184
180
193
201
201
192
187
176
191
208
220
219
218
211
194
191
191
180
188
191
192
218
211
208
201
194
211
233
239
240
217
210
209
212
199
203
210
210
214
211
217
189
193
189
198
189
166
148
123
115
126
123
101
107
94
82
70
54
58
81
108
102
90
72
77
91
79
76
53
36
14
14
36
61
59
45
44
39
44
52
54
35
38
30
13
5
-9
13
10
-7
-33
-34
-51
-49
-59
-62
-63
-83
-88
-80
-58
-52
-31
-48
-55
-41
-31
-33
-36
-34
-45
-48
-26
9
14
10
-6
14
5
-10
3
15
38
32
46
45
41
43
53
52
34
32
42
62
68
96
87
88
108
98
94
86
111
123
144
157
176
196
213
202
188
197
203
206
207
230
217
209
202
208
207
188
182
161
156
154
149
146
148
172
179
206
214
188
170
164
164
177
179
177
167
158
143
136
140
132
127
104
97
102
108
93
87
75
45
47
52
53
43
34
43
42
27
14
16
19
23
28
42
48
59
54
48
42
24
8
-1
-12
-41
-42
-23
-36
-59
-57
-58
-69
-94
-110
-104
-77
-37
-17
-28
-50
-65
-59
-46
-17
-14
-9
-34
-44
-35
8
77
80
56
27
18
41
71
80
72
48
23
2
-1
-13
-15
10
2
-10
-28
-39
-38
-42
-27
-18
-15
-4
-5
-20
-51
-64
-74
-78
-78
-98
-102
-135
-155
-121
-114
-112
-123
-152
-172
-194
-162
-150
-125
-132
-144
-163
-174
-154
-164
-131
-167
-188
-201
-218
-225
-217
-203
-190
-198
-212
-213
-218
-227
-288
-316
-336
-342
-345
-331
-332
-336
-325
-330
-320
-318
-289
-284
-276
-261
-258
-232
-221
-217
-216
-197
-190
-194
-196
-182
-171
-152
-150
-159
-186
-218
-229
-206
-201
-201
-201
-207
-195
-194
-181
-175
-161
-206
-229
-201
-174
-153
-147
-144
-157
-164
-176
-176
-162
-151
-145
-143
-128
-118
-113
-84
-61
-67
-76
-95
-100
-88
-72
-59
-65
-89
-101
-88
-48
-14
-2
-9
-45
-59
-57
-31
-1
34
20
14
-13
-16
1
10
28
33
42
37
48
61
58
62
56
44
27
30
45
48
49
54
60
68
76
75
93
93
80
61
60
63
69
73
66
59
49
51
37
53
48
35
37
23
24
24
21
2
-10
-10
-14
8
7
-9
-3
-14
-24
-37
-43
-38
-57
-66
-60
-47
-58
-61
-48
-44
-30
-25
-27
-14
5
4
-23
-34
-39
-20
-35
-48
-42
-41
-52
-66
-62
-40
-49
-77
-65
-47
-37
-47
-24
-21
-58
-66
-47
-21
-21
-28
-28
-14
-21
-34
-39
-62
-88
-113
-123
-129
-129
-138
-115
-121
-126
-119
-135
-138
-136
-132
-131
-139
-153
-160
-163
-180
-189
-176
-193
-197
-206
-226
-211
-193
-201
-209
-218
-258
-268
-249
-246
-265
-274
-294
-300
-305
-333
-346
-340
-321
-310
-296
-283
-289
-286
-267
-256
-240
-234
-238
-247
-237
-242
-250
-267
-278
-267
-259
-252
-235
-258
-310
-319
-296
-292
-308
-317
-347
-352
-336
-339
-345
-363
-403
-437
-433
-410
-381
-359
-383
-400
-427
-436
-416
-401
-380
-358
-383
-406
-410
-393
-379
-360
-348
-357
-368
-387
-393
-381
-383
-402
-449
-476
-471
-448
-417
-422
-461
-510
-516
-479
-450
-440
-425
-405
-412
-426
-444
-470
-466
-449
-435
-443
-461
-467
-455
-429
-399
-408
-436
-447
-435
-385
-363
-367
-374
-367
-358
-344
-327
-299
-297
-317
-344
-352
-353
-337
-306
-292
-314
-370
-381
-368
-344
-350
-369
-427
-463
-455
-445
-422
-427
-432
-455
-470
-489
-464
-429
-410
-396
-381
-357
-350
-347
-347
-352
-345
-354
-355
-348
-343
-333
-331
-319
-334
-369
-399
-384
-360
-332
-317
-328
-345
-353
-342
-321
-330
-344
-345
-345
-330
-301
-283
-270
-264
-261
-240
-237
-241
-228
-229
-237
-227
-177
-156
-178
-170
-169
-181
-171
-152
-148
-154
-173
-185
-192
-185
-187
-208
-227
-216
-210
-212
-207
-216
-234
-258
-245
-228
-222
-210
-207
-196
-201
-228
-233
-207
-221
-223
-218
-235
-248
-249
-240
-249
-267
-277
-279
-269
-277
-286
-284
-288
-303
-289
-283
-279
-265
-279
-284
-286
-274
-263
-261
-267
-273
-272
-274
-285
-278
-272
-272
-263
-271
-301
-321
-327
-333
-339
-329
-333
-339
-334
-322
-323
-337
-359
-363
-376
-375
-375
-384
-380
-383
-374
-387
-392
-394
-402
-425
-437
-444
-421
-419
-432
-424
-417
-413
-418
-426
-435
-423
-426
-424
-408
-420
-436
-457
-443
-434
-442
-438
-451
-455
-451
-447
-442
-435
-441
-452
-448
-430
-434
-435
-436
-458
-466
-464
-468
-474
-460
-432
-418
-429
-433
-422
-419
-411
-412
-410
-399
-373
-360
-347
-344
-330
-319
-300
-290
-297
-282
-260
-266
-272
-274
-287
-253
-236
-231
-262
-282
-287
-274
-250
-224
-237
-257
-261
-271
-266
-251
-236
-220
-220
-202
-176
-178
-179
-182
-169
-150
-116
-114
-113
-104
-98
-85
-97
-102
-109
-102
-90
-107
-136
-139
-123
-103
-97
-92
-91
-119
-104
-93
-67
-55
-56
-63
-85
-101
-101
-69
-42
-29
-24
-18
-32
-31
-34
-30
-33
-42
-30
-39
-48
-59
-37
-34
-78
-98
-106
-112
-105
-105
-106
-111
-130
-131
-113
-119
-89
-59
-61
-44
-45
-35
-37
-59
-75
-76
-45
-39
-72
-92
-87
-80
-83
-71
-76
-75
-94
-98
-81
-68
-54
-63
-69
-76
-66
-41
-38
-53
-50
-48
-50
-57
-75
-88
-76
-76
-72
-76
-90
-98
-125
-147
-157
-146
-145
-150
-135
-110
-124
-152
-145
-134
-108
-88
-62
-44
-34
-17
-15
8
9
-3
-13
-15
2
6
9
-4
-11
-22
-28
-55
-90
-98
-97
-90
-78
-82
-93
-95
-99
-81
-92
-90
-96
-109
-99
-92
-61
-55
-57
-62
-67
-63
-50
-49
-42
-32
-23
-19
-19
-8
-5
-31
-43
-31
-30
-31
-49
-56
-67
-88
-73
-65
-75
-56
-47
-44
-37
-55
-61
-56
-57
-60
-53
-47
-39
-52
-52
-34
-31
-14
7
2
4
1
-12
-13
-47
-82
-86
-102
-109
-92
-77
-82
-86
-73
-78
-81
-86
-80
-78
-78
-89
-83
-79
-63
-60
-52
-54
-62
-61
-69
-51
-36
-10
-11
-22
-30
-25
-22
-18
-17
-30
-36
-51
-58
-60
-58
-43
-29
-32
-39
-48
-43
-33
-48
-69
-66
-61
-56
-34
-13
-19
-25
-22
-9
30
58
80
85
87
89
89
115
134
147
156
160
157
159
162
169
173
176
189
194
180
186
215
233
227
221
215
201
194
176
185
185
181
179
189
174
157
160
156
148
148
164
165
160
136
137
157
165
178
192
207
218
218
217
217
210
201
191
208
220
201
176
152
151
156
152
140
120
89
73
81
85
95
80
66
80
83
87
91
113
112
102
103
122
129
125
125
119
116
117
109
116
137
137
138
127
104
83
90
102
115
113
78
76
93
110
104
78
39
6
8
33
54
40
22
-5
-11
-14
5
19
50
59
18
-11
-1
19
55
94
98
88
51
38
49
95
106
71
28
12
20
24
26
18
-8
-26
-8
8
24
42
67
95
97
94
97
91
94
115
135
137
133
105
89
105
113
119
103
66
64
74
84
107
126
133
144
156
177
197
210
209
184
181
189
216
247
240
234
211
198
201
201
197
181
149
122
117
102
98
85
99
88
73
70
77
101
113
112
103
99
94
111
132
128
99
104
136
163
176
161
151
152
162
167
152
122
105
124
140
152
142
137
128
130
130
132
129
113
114
101
94
108
127
129
118
87
79
78
79
68
59
60
67
75
81
86
97
106
107
102
97
128
125
111
108
114
115
137
155
163
161
140
130
136
140
124
148
159
170
189
194
198
185
182
190
196
205
220
235
248
250
260
255
246
235
229
239
250
256
257
259
269
272
277
293
284
271
270
289
315
331
335
336
344
347
358
345
350
348
338
363
350
325
299
263
265
264
244
249
246
230
232
246
247
240
235
216
222
238
227
220
222
220
214
231
233
240
250
255
251
247
275
275
263
258
262
253
250
234
237
226
227
249
244
245
233
223
237
250
259
274
265
277
254
225
227
226
235
230
226
213
188
164
151
158
165
165
164
165
159
184
177
170
160
145
161
173
172
169
165
151
157
162
154
145
158
158
142
140
159
158
151
145
133
135
146
145
133
121
108
120
141
139
142
145
153
159
165
174
163
178
161
148
149
160
161
153
159
171
191
195
217
247
289
300
300
282
250
237
256
282
298
271
241
230
241
257
260
243
216
207
211
226
244
254
248
223
191
196
215
230
238
202
178
162
150
148
161
164
143
117
79
68
60
34
9
-19
-50
-64
-73
-77
-46
-40
-58
-75
-103
-101
-75
-55
-46
-30
-7
6
3
-14
-51
-53
-49
-34
-32
-52
-65
-79
-61
-43
-51
-71
-88
-89
-70
-61
-59
-62
-75
-75
-69
-51
-40
-34
-38
-45
-45
-45
-40
-53
-57
-55
-42
-23
-21
-44
-46
-63
-63
-56
-56
-79
-71
-72
-73
-96
-111
-81
-86
-64
-89
-87
-90
-81
-84
-73
-68
-69
-56
-69
-77
-73
-74
-74
-47
-38
-32
-27
-71
-97
-103
-129
-104
-88
-97
-97
-98
-102
-90
-91
-145
-155
-138
-138
-128
-123
-135
-133
-140
-150
-147
-146
-148
-156
-150
-140
-138
-134
-96
-78
-79
-71
-76
-73
-93
-87
-108
-104
-91
-99
-120
-106
-91
-82
-35
-63
-81
-81
-92
-108
-123
-138
-163
-155
-172
-188
-194
-196
-192
-187
-206
-218
-220
-231
-215
-208
-210
-233
-265
-286
-268
-253
-253
-247
-260
-269
-271
-254
-239
-244
-241
-223
-225
-203
-218
-200
-196
-217
-219
-200
-187
-175
-174
-164
-149
-174
-188
-187
-206
-219
-214
-218
-217
-211
-218
-217
-221
-222
-221
-196
-185
-193
-182
-167
-141
-154
-174
-175
-143
-131
-111
-118
-136
-156
-175
-180
-183
-168
-172
-169
-161
-163
-148
-129
-134
-125
-116
-106
-94
-99
-105
-96
-85
-87
-113
-113
-129
-146
-138
-141
-132
-142
-130
-128
-125
-131
-114
-122
-139
-128
-125
-114
-110
-106
-110
-81
-66
-50
-31
-15
-31
-8
-15
-12
7
9
16
0
19
32
48
45
55
70
85
81
63
49
55
61
73
66
61
50
33
35
21
38
14
-9
-7
-4
21
52
59
46
41
40
60
79
77
65
53
70
78
85
108
107
124
127
106
86
66
56
75
74
59
40
25
35
61
62
42
20
-5
-11
22
75
94
89
80
71
74
78
101
140
148
143
135
117
129
131
145
166
152
134
131
117
103
103
65
48
38
24
58
78
66
40
15
15
0
13
35
59
87
107
139
130
114
74
79
61
47
58
36
7
-8
-4
13
18
5
-15
-21
-8
-7
8
3
-24
-43
-8
26
27
38
28
15
4
12
28
37
33
23
34
38
37
35
47
30
12
7
2
2
-2
13
-1
-3
5
16
21
41
58
48
58
69
83
90
95
96
107
122
135
145
151
159
178
179
161
142
147
148
158
179
190
218
211
198
189
199
220
228
207
201
205
206
234
258
252
239
227
215
218
235
244
231
230
243
256
257
254
254
255
258
263
251
271
285
284
287
286
289
294
297
301
315
295
290
272
265
262
266
282
284
290
279
265
250
270
275
265
259
270
273
263
267
265
258
248
248
223
237
241
221
225
197
189
197
200
219
219
205
191
179
171
165
182
196
211
224
227
199
180
164
164
178
172
161
151
141
136
115
107
108
92
93
96
98
118
127
128
140
140
148
161
161
159
149
146
158
166
192
211
219
217
200
191
185
206
217
230
233
239
256
249
261
268
269
274
290
299
298
283
293
307
279
249
237
243
235
225
243
255
238
201
207
202
208
217
233
233
203
185
185
184
165
161
156
150
130
147
176
161
151
139
147
159
166
171
160
156
143
158
155
139
139
130
118
106
116
130
120
111
99
74
43
28
32
27
14
-3
-29
-42
-25
-2
4
9
17
25
42
58
75
62
64
61
54
72
77
80
74
76
67
57
50
42
51
57
60
52
39
50
74
114
112
74
35
30
89
138
159
147
110
82
73
82
110
127
119
96
72
61
79
88
94
79
49
37
34
35
24
25
-3
-45
-62
-66
-46
-30
-40
-52
-70
-86
-85
-60
-35
-16
12
32
53
75
69
61
60
62
82
90
99
89
93
102
110
121
111
107
110
123
132
144
156
150
151
162
177
202
216
208
204
213
237
255
276
282
283
291
288
275
262
251
243
236
216
196
182
172
177
182
185
173
185
213
225
226
246
261
265
274
275
286
304
300
297
293
289
282
276
305
311
324
325
298
266
246
244
241
249
261
254
253
284
281
284
281
260
238
234
268
299
310
300
287
284
292
291
276
299
312
322
344
335
320
315
322
339
363
367
365
341
338
335
316
313
307
318
325
330
329
314
300
285
269
271
293
310
311
293
274
285
287
284
279
277
268
254
261
270
265
256
267
265
259
232
221
236
242
239
237
224
234
237
238
238
222
200
178
203
229
254
248
232
229
219
210
219
229
240
251
237
226
214
196
190
183
187
191
173
164
165
165
156
146
148
152
137
118
112
107
105
92
117
139
143
147
151
138
127
134
140
148
163
169
170
177
187
204
214
206
211
219
226
229
213
209
189
182
173
165
167
170
163
154
138
138
145
134
119
105
98
89
79
51
50
52
59
58
55
65
68
69
74
83
78
86
96
115
124
118
111
100
93
95
112
111
99
84
88
93
88
83
88
81
75
78
59
51
40
21
-11
-5
27
35
35
14
-15
-16
-5
14
29
29
31
27
27
35
42
40
34
39
58
45
45
61
56
60
51
45
41
39
53
65
46
22
39
60
77
69
50
5
-7
9
66
100
111
89
68
74
69
108
123
143
130
109
88
89
113
111
109
118
109
104
112
124
116
87
55
42
27
39
74
87
81
63
35
20
48
90
119
150
164
168
171
168
165
155
165
177
179
160
124
109
118
150
159
142
122
114
118
129
150
126
105
92
81
98
112
110
87
67
78
76
81
91
89
73
66
74
90
88
74
58
22
-12
-39
-38
-42
-44
-31
-39
-45
-59
-51
-26
-3
-10
0
11
23
38
39
28
45
70
65
68
77
82
72
76
69
54
37
1
-21
-28
-17
-7
-8
-46
-62
-44
-28
-40
-57
-63
-77
-75
-68
-65
-69
-75
-88
-91
-94
-83
-83
-97
-107
-99
-80
-50
-37
-41
-23
-16
-6
6
6
-1
-1
-15
-32
-33
-32
-38
-73
-66
-73
-67
-62
-70
-88
-113
-110
-110
-78
-69
-105
-118
-118
-116
-114
-117
-123
-144
-144
-138
-117
-126
-118
-117
-117
-115
-107
-94
-86
-85
-120
-139
-153
-144
-136
-134
-130
-134
-132
-125
-133
-150
-143
-125
-107
-117
-132
-126
-150
-136
-109
-103
-105
-117
-126
-116
-106
-100
-89
-80
-75
-74
-69
-65
-58
-69
-85
-82
-88
-92
-85
-95
-96
-125
-131
-114
-119
-97
-87
-84
-79
-78
-69
-47
-22
12
39
46
40
27
35
54
59
65
64
62
68
59
50
21
21
33
35
36
29
43
50
60
49
47
34
37
53
52
43
45
55
43
31
40
47
32
51
55
56
69
79
73
84
103
116
138
145
150
153
162
149
143
146
145
141
119
102
81
78
89
111
103
92
84
72
69
66
77
68
55
47
59
67
76
81
75
72
74
83
95
86
58
36
10
7
31
51
77
92
96
86
60
44
34
18
17
24
8
-6
11
24
11
-19
-66
-92
-78
-39
2
10
-15
-62
-85
-63
-29
6
18
-4
-25
-40
-34
-5
16
8
-17
-50
-53
-31
-27
-16
-21
-47
-77
-83
-73
-59
-35
-29
-30
-23
-21
-31
-21
3
12
27
47
60
78
85
79
61
56
55
58
70
58
58
58
50
46
40
12
-10
3
33
44
44
48
62
69
74
94
102
86
88
80
68
59
51
65
78
81
91
79
68
46
27
30
22
19
21
14
15
10
-7
-35
-34
-16
18
35
55
82
92
105
122
152
179
170
177
183
183
174
182
196
206
211
193
168
138
127
125
139
147
152
157
152
141
122
110
89
61
49
76
96
119
143
142
118
115
129
143
161
155
170
182
192
188
188
207
237
229
228
214
215
225
231
219
186
162
153
174
184
182
167
153
144
129
118
137
137
142
128
115
133
143
149
133
106
86
91
88
100
120
136
135
140
139
142
147
155
158
165
178
181
191
183
184
185
185
185
180
174
189
192
202
191
174
169
185
203
205
222
239
238
228
219
212
199
196
197
204
199
216
218
216
204
185
175
163
158
150
159
148
130
120
113
127
155
167
181
175
179
188
202
223
217
213
209
200
203
198
197
193
193
225
246
255
244
244
239
241
248
255
261
252
252
247
230
220
223
242
248
261
273
269
274
257
263
251
227
223
220
229
223
227
232
216
232
244
275
290
297
292
271
264
248
248
242
252
254
248
238
254
257
245
241
224
230
226
255
280
275
272
271
248
242
238
207
207
214
211
193
211
236
229
194
188
195
216
233
243
252
233
226
218
222
220
229
245
262
261
249
242
218
220
212
203
198
194
208
235
241
198
153
125
125
161
194
234
220
197
179
179
206
240
254
257
217
169
169
171
180
184
169
153
127
118
142
154
153
127
107
96
110
136
126
119
110
99
84
99
124
108
121
140
173
161
156
150
160
174
173
181
159
126
90
103
121
132
117
101
79
102
137
177
175
164
163
180
211
238
260
242
218
216
205
225
237
240
243
217
201
163
172
161
139
123
100
76
73
82
98
112
95
87
65
83
105
141
156
149
151
158
169
179
166
166
155
149
166
164
173
178
176
160
140
119
113
111
135
147
161
159
124
102
92
105
110
110
103
100
108
108
114
123
95
77
90
106
129
127
127
109
113
130
137
129
130
119
114
108
110
94
78
68
42
31
9
-5
-11
-9
0
-4
-10
-14
-25
-33
-39
-24
6
16
-3
-29
-38
-39
-32
-32
-39
-32
-33
-31
-34
-29
-19
-27
-64
-88
-88
-77
-75
-67
-63
-67
-84
-94
-83
-85
-84
-76
-63
-52
-35
-19
10
22
35
47
51
47
44
69
78
87
87
86
69
49
43
49
71
85
89
91
88
78
92
121
124
137
146
150
152
157
170
169
163
187
212
229
236
233
233
229
238
246
246
245
241
239
252
264
280
265
254
245
228
225
230
245
244
242
223
213
207
214
219
217
227
233
250
258
267
274
272
262
271
292
287
295
315
344
353
360
374
389
401
409
410
411
405
407
430
427
420
422
423
413
409
441
459
469
477
481
466
454
465
499
521
544
544
509
515
513
505
516
528
523
529
536
539
535
520
496
496
496
501
520
522
518
499
480
462
483
522
545
544
528
511
501
506
504
498
497
481
457
468
500
528
526
495
457
434
461
499
511
511
478
443
434
443
474
483
468
435
408
383
382
394
407
394
368
355
338
348
353
335
309
283
264
263
270
274
271
266
254
251
257
253
261
273
290
305
299
291
298
286
261
254
245
245
226
199
183
158
150
147
155
150
154
145
130
117
123
125
127
135
143
134
130
149
144
142
120
104
94
80
80
77
78
79
47
20
-11
-28
-23
-40
-64
-92
-107
-89
-76
-77
-90
-98
-100
-87
-81
-73
-62
-41
-3
9
8
10
25
51
60
57
46
47
61
89
96
73
40
15
21
38
31
31
34
42
46
54
64
56
44
-6
-30
-8
19
55
70
61
47
34
38
50
81
93
79
90
99
104
118
137
156
152
148
142
142
145
148
143
140
122
118
135
150
159
163
156
118
100
98
134
152
148
144
127
124
128
145
155
153
142
128
127
120
128
120
101
88
81
85
87
88
88
91
87
104
142
169
168
158
146
125
126
134
148
152
170
181
173
160
137
144
151
151
143
139
142
121
94
93
77
59
39
19
40
36
26
11
-2
-10
-13
-10
-5
18
20
16
15
10
23
36
53
86
93
99
100
101
118
136
129
118
121
127
130
130
114
120
110
112
98
81
84
69
66
58
52
44
33
29
42
43
49
59
44
27
32
54
37
10
18
22
21
20
15
7
5
-1
13
24
28
18
25
37
44
40
42
37
24
13
3
1
-21
-37
-73
-100
-114
-118
-124
-135
-124
-135
-143
-136
-123
-129
-133
-134
-162
-194
-192
-194
-196
-188
-190
-207
-219
-227
-241
-268
-273
-258
-271
-245
-231
-250
-269
-290
-299
-305
-314
-292
-260
-247
-259
-287
-306
-312
-294
-285
-292
-311
-316
-322
-308
-300
-313
-337
-373
-399
-385
-346
-309
-282
-311
-351
-375
-358
-328
-299
-300
-340
-373
-385
-385
-379
-357
-365
-388
-401
-413
-419
-414
-397
-415
-434
-456
-472
-448
-439
-426
-429
-455
-473
-466
-449
-428
-405
-413
-405
-415
-417
-417
-429
-428
-431
-445
-462
-475
-488
-474
-453
-444
-461
-487
-505
-513
-488
-456
-453
-468
-485
-483
-445
-405
-390
-406
-441
-459
-475
-445
-398
-384
-387
-407
-433
-435
-422
-411
-408
-437
-476
-485
-468
-462
-447
-454
-469
-471
-450
-420
-380
-355
-347
-350
-343
-320
-307
-298
-290
-283
-286
-297
-288
-282
-259
-229
-224
-209
-237
-263
-267
-257
-240
-219
-217
-222
-222
-224
-200
-189
-187
-191
-202
-191
-173
-146
-119
-93
-86
-82
-72
-67
-65
-67
-71
-92
-99
-90
-66
-54
-57
-67
-74
-65
-55
-29
-19
-26
-37
-60
-60
-47
-52
-63
-77
-63
-63
-61
-72
-77
-74
-64
-48
-34
-23
-41
-61
-70
-72
-69
-68
-80
-97
-101
-93
-95
-107
-110
-116
-109
-121
-119
-107
-113
-114
-126
-131
-143
-152
-135
-121
-111
-103
-106
-88
-61
-49
-26
-24
-27
-2
3
8
5
-7
-14
-16
-9
-18
-24
-44
-42
-58
-58
-61
-79
-74
-71
-61
-63
-87
-97
-96
-94
-97
-77
-65
-70
-50
-42
-19
-1
1
-4
-11
-7
-7
-12
0
3
-1
-1
1
7
13
12
-3
-2
-5
-23
-21
-27
-21
-7
-4
-17
-26
-26
-17
-3
9
19
27
34
33
37
40
51
49
35
19
-4
-15
-28
-37
-30
-26
-22
-26
-15
-16
-1
-12
-16
-12
12
20
15
19
22
15
7
11
6
11
5
2
4
21
29
38
34
31
19
4
10
11
13
12
11
13
17
28
16
5
12
8
1
0
0
-6
-14
-27
-38
-38
-18
-6
10
18
-1
-17
-30
-15
9
11
-1
-29
-27
-32
-25
-26
-39
-72
-86
-106
-92
-55
-52
-46
-71
-90
-102
-92
-84
-66
-83
-101
-119
-128
-103
-90
-84
-102
-139
-158
-163
-153
-160
-168
-186
-193
-189
-198
-197
-198
-203
-208
-203
-203
-189
-169
-142
-125
-112
-103
-99
-83
-92
-115
-122
-126
-126
-112
-117
-139
-148
-164
-163
-158
-162
-164
-165
-169
-166
-166
-147
-110
-91
-90
-104
-116
-102
-79
-52
-43
-52
-67
-68
-48
-46
-47
-38
-32
-30
-46
-71
-74
-71
-84
-108
-125
-117
-91
-64
-65
-60
-65
-75
-69
-59
-40
-23
-3
7
17
24
35
50
68
54
45
48
38
41
55
52
28
-2
-30
-33
-29
-12
4
4
-11
-12
6
27
29
3
-18
-30
-17
11
38
56
37
18
11
-3
-1
1
13
