-121
-114
-126
-120
-124
-127
-102
-76
-78
-79
-56
-52
-65
-84
-82
-66
-57
-52
-60
-33
-25
-23
-36
-44
-14
7
28
30
44
52
78
73
78
126
156
150
114
89
100
119
96
66
44
34
26
11
1
-12
-7
25
28
-7
5
-1
-4
8
-18
-27
-44
-44
-17
-43
-50
-62
-59
-49
-56
-56
-54
-51
-49
-24
16
43
48
55
57
66
91
100
98
128
143
127
124
125
146
142
124
145
133
111
115
131
122
86
54
61
78
66
65
57
68
85
80
66
64
83
65
50
45
38
64
64
22
3
10
0
24
51
69
81
93
112
101
85
90
103
98
89
50
11
-30
-40
-44
-57
-64
-88
-95
-54
8
12
41
59
31
2
-11
-3
15
23
22
21
26
37
43
22
47
70
77
73
63
52
16
-2
-7
7
41
39
-6
-30
-33
-20
-20
-33
-55
-62
-71
-42
-10
9
23
61
66
34
0
-19
-20
-21
7
7
-15
-32
-11
19
42
47
43
83
96
88
107
135
121
138
142
115
101
97
83
81
101
90
87
84
91
102
97
91
82
57
51
69
77
55
55
48
44
63
76
120
100
90
102
106
118
135
168
161
187
177
164
174
157
167
194
231
268
305
335
330
328
329
333
310
291
277
274
257
259
262
271
279
252
238
210
208
186
198
224
249
268
285
314
304
294
280
266
259
265
270
280
305
305
333
373
391
412
438
430
404
420
449
433
427
436
450
458
430
413
410
377
335
306
281
290
302
303
282
273
260
280
301
296
270
232
232
217
207
222
257
280
289
277
256
267
260
230
233
214
221
248
245
247
229
201
175
143
130
121
133
166
207
221
193
174
183
201
219
254
246
213
197
178
153
123
127
123
112
122
115
93
105
106
144
211
217
204
229
265
246
261
227
209
224
226
246
277
311
302
300
322
321
311
314
316
334
335
358
343
306
298
316
317
338
346
318
313
310
313
317
325
328
325
305
289
286
306
299
271
271
267
261
274
277
239
228
247
254
259
294
310
315
309
303
299
253
238
243
250
252
290
296
289
290
301
306
310
291
249
240
218
206
186
196
217
233
233
227
215
181
149
124
129
147
156
151
124
91
64
78
92
99
113
114
111
105
92
93
108
116
132
152
182
182
185
172
160
151
155
133
115
135
126
154
205
217
193
180
187
196
220
243
236
209
174
188
179
172
176
168
138
111
115
123
134
120
154
171
179
196
218
214
189
181
169
137
136
150
130
148
174
196
186
198
252
271
267
294
325
357
412
420
405
372
351
363
392
398
401
386
378
398
372
376
362
332
323
355
402
400
388
380
392
421
423
436
454
493
522
523
529
538
569
575
548
522
523
539
521
518
516
503
479
429
431
436
449
493
528
551
530
541
547
534
547
501
483
475
488
505
475
466
470
470
469
492
493
470
498
518
496
476
453
437
436
450
463
496
504
513
540
515
478
457
464
471
464
451
443
432
395
366
364
366
354
331
316
332
352
370
378
383
369
380
380
413
456
459
450
440
426
423
416
409
395
353
328
319
327
337
323
291
281
268
250
246
233
210
221
249
236
193
162
157
166
195
260
286
279
247
244
248
255
263
263
268
266
266
251
211
193
180
184
214
219
238
245
232
247
271
270
244
205
217
218
243
276
278
244
229
243
229
239
257
260
271
285
284
252
252
256
245
248
240
240
245
233
237
238
253
257
251
259
255
244
246
253
236
221
218
213
206
203
204
183
197
218
214
201
210
241
232
219
224
199
192
192
211
203
198
220
235
239
223
190
171
166
177
172
158
185
200
200
167
145
109
103
119
112
109
114
110
113
128
126
136
173
191
198
176
143
114
83
86
80
69
33
28
41
44
57
55
73
73
50
29
43
52
61
80
64
23
23
-11
-40
-65
-77
-87
-77
-52
-75
-67
-92
-102
-126
-136
-130
-128
-119
-124
-126
-120
-131
-136
-138
-134
-112
-112
-107
-126
-124
-119
-127
-131
-168
-198
-195
-176
-158
-141
-158
-165
-156
-155
-158
-165
-166
-156
-156
-178
-190
-200
-200
-213
-243
-245
-221
-221
-248
-258
-279
-309
-301
-293
-285
-275
-290
-299
-289
-276
-251
-265
-306
-315
-320
-325
-305
-275
-243
-240
-256
-258
-283
-274
-236
-229
-225
-245
-263
-249
-229
-241
-262
-275
-299
-325
-329
-298
-306
-302
-295
-307
-287
-274
-263
-271
-288
-296
-280
-260
-276
-276
-288
-296
-289
-282
-302
-309
-295
-306
-295
-294
-304
-339
-341
-313
-317
-346
-381
-346
-326
-326
-303
-322
-322
-326
-290
-253
-258
-243
-277
-298
-286
-248
-213
-198
-204
-186
-203
-231
-234
-243
-259
-316
-283
-274
-285
-261
-256
-274
-308
-306
-304
-293
-280
-271
-265
-277
-273
-291
-290
-288
-306
-286
-286
-307
-296
-257
-236
-248
-212
-202
-176
-141
-126
-89
-63
-26
-7
0
-34
-43
-38
-48
-12
31
25
2
-3
-18
-45
-77
-103
-83
-77
-108
-136
-116
-96
-116
-103
-100
-106
-90
-90
-92
-76
-95
-83
-61
-73
-79
-104
-138
-122
-91
-69
-69
-53
-30
-30
-26
-22
-2
-31
-48
-61
-39
-33
-53
-31
-38
-43
-76
-82
-101
-98
-93
-107
-84
-76
-74
-86
-92
-82
-68
-79
-79
-89
-98
-102
-119
-116
-102
-105
-92
-83
-84
-76
-87
-73
-68
-78
-37
-48
-58
-19
2
-9
1
37
39
51
70
80
56
29
3
-20
9
25
30
41
38
57
70
57
43
21
11
22
44
57
63
49
49
56
55
67
45
44
59
70
88
90
100
114
128
148
177
195
225
236
242
240
207
227
247
244
219
209
184
188
182
185
202
209
233
207
199
213
230
228
234
238
197
163
168
177
178
184
162
137
111
100
90
73
63
84
91
126
154
164
158
166
175
177
205
189
199
185
199
189
166
167
171
177
181
184
159
155
157
168
165
152
128
146
182
200
213
188
170
153
178
195
181
203
179
169
193
205
210
207
208
184
202
217
206
216
224
227
262
270
266
245
212
188
183
180
162
176
149
132
140
138
167
159
175
180
153
183
175
171
172
172
149
100
87
92
112
124
103
120
133
114
113
114
103
112
124
108
89
108
136
137
136
149
139
114
102
127
106
87
99
95
118
114
106
101
128
144
140
151
129
160
179
216
201
211
240
235
263
235
206
205
263
247
249
231
211
222
242
264
250
268
288
294
281
286
300
285
288
285
256
271
272
276
263
262
255
240
232
227
204
172
159
154
170
184
185
164
181
162
135
123
114
98
122
152
151
162
184
195
197
225
219
221
234
264
288
276
269
280
289
273
244
252
262
252
238
233
233
226
230
241
255
269
262
236
210
215
232
221
210
204
194
178
205
201
211
238
232
257
298
330
330
323
313
315
305
300
293
304
304
276
273
274
254
223
224
238
241
233
261
262
258
255
262
257
233
229
206
189
196
208
223
246
256
247
228
219
247
233
268
276
261
300
295
287
284
287
297
313
332
367
369
396
410
416
408
395
387
371
355
339
321
311
312
310
275
241
223
240
232
240
280
308
327
357
382
393
393
399
390
356
347
330
305
277
293
313
330
331
333
338
358
407
416
414
416
389
364
366
365
363
373
405
415
394
375
351
358
364
344
351
335
293
281
306
324
311
344
379
377
372
398
399
401
390
369
368
337
334
345
349
361
362
376
353
338
326
295
301
282
299
328
362
372
401
412
405
411
405
413
406
372
346
355
372
360
328
332
342
345
349
347
367
375
390
385
363
355
385
407
424
409
397
362
362
338
301
314
330
332
318
337
329
301
255
238
217
193
197
170
135
141
146
161
187
168
172
170
159
170
216
255
246
235
213
204
192
229
259
262
268
260
255
294
299
302
308
310
341
364
386
363
338
325
317
313
321
329
300
308
302
306
336
349
379
387
392
396
397
381
353
348
349
343
319
315
295
277
255
263
267
268
267
271
270
252
244
235
213
196
218
249
264
251
270
287
301
308
312
281
283
287
277
291
280
263
243
245
259
265
271
268
246
221
210
195
165
168
173
199
228
245
241
228
209
194
180
167
128
143
164
167
194
213
216
220
227
259
284
254
233
235
207
198
194
186
209
201
193
218
247
227
216
201
149
121
124
142
174
168
168
176
184
205
186
190
151
145
143
153
187
183
186
223
242
250
254
229
236
238
247
246
220
224
235
228
207
215
225
233
251
270
286
271
237
201
185
186
159
158
163
140
105
87
70
68
110
99
101
117
97
94
73
92
115
113
119
125
137
140
101
66
54
62
72
80
106
101
85
104
114
109
87
35
29
28
23
32
54
52
17
12
-1
-31
-20
-19
4
27
5
-30
-70
-94
-95
-86
-98
-81
-87
-77
-63
-67
-64
-87
-81
-61
-59
-60
-57
-69
-65
-63
-68
-41
-53
-84
-71
-60
-72
-62
-52
-41
-16
-9
-30
-49
-51
-44
-74
-76
-62
-51
-40
-22
-16
-41
-25
-21
3
29
45
53
71
71
68
41
-2
-2
-7
-27
-49
-60
-99
-91
-46
-18
8
43
52
51
44
62
80
89
106
101
125
138
137
122
97
75
73
61
47
23
6
32
41
43
22
-17
-30
-36
-30
-20
-14
-33
-67
-70
-60
-45
-27
-5
3
2
5
-12
-15
-17
3
15
12
-4
-26
-34
-29
-34
-41
-35
-26
-21
-48
-80
-78
-83
-91
-100
-96
-74
-72
-60
-39
-24
-22
-10
2
-1
-1
-3
10
-3
-25
-44
-28
-45
-74
-67
-81
-107
-108
-97
-109
-99
-114
-132
-142
-147
-149
-163
-167
-156
-88
-61
-80
-77
-63
-45
-36
-5
-7
4
-17
-82
-111
-92
-79
-72
-102
-121
-93
-88
-118
-155
-144
-129
-120
-116
-121
-120
-108
-105
-93
-100
-139
-122
-102
-88
-88
-61
-54
-17
-3
-49
-68
-99
-109
-112
-109
-90
-74
-48
-44
-44
-28
-39
-40
-40
-54
-49
-44
-45
-58
-77
-77
-93
-104
-114
-158
-166
-163
-145
-141
-139
-110
-84
-48
-47
-48
-45
-52
-59
-73
-88
-90
-95
-83
-90
-89
-69
-87
-62
-55
-66
-66
-69
-90
-115
-109
-90
-95
-90
-91
-108
-91
-79
-83
-105
-116
-110
-93
-120
-153
-147
-137
-124
-119
-147
-161
-164
-154
-158
-155
-167
-160
-165
-166
-138
-139
-153
-177
-177
-166
-175
-217
-236
-232
-250
-258
-250
-249
-249
-269
-285
-304
-297
-276
-276
-271
-257
-283
-328
-351
-330
-331
-321
-297
-321
-318
-295
-281
-264
-286
-278
-249
-228
-195
-202
-215
-231
-218
-203
-193
-186
-156
-140
-132
-123
-98
-116
-131
-133
-134
-136
-138
-121
-130
-116
-128
-138
-139
-139
-127
-123
-142
-146
-155
-147
-122
-131
-125
-130
-152
-142
-128
-128
-134
-149
-161
-186
-167
-133
-138
-118
-135
-117
-90
-84
-46
-15
-11
-24
-30
-51
-44
-63
-97
-128
-137
-105
-104
-87
-78
-70
-54
-34
-43
-54
-62
-69
-84
-112
-117
-136
-145
-169
-179
-185
-167
-117
-123
-135
-153
-131
-97
-96
-143
-159
-138
-137
-82
-71
-104
-112
-117
-127
-142
-153
-178
-191
-197
-196
-197
-210
-194
-207
-208
-213
-227
-230
-213
-209
-211
-226
-234
-218
-257
-252
-254
-258
-244
-262
-254
-273
-285
-281
-264
-276
-286
-266
-298
-305
-300
-323
-336
-336
-327
-319
-324
-331
-340
-344
-338
-321
-334
-363
-351
-356
-353
-319
-304
-274
-258
-246
-237
-246
-238
-222
-196
-195
-190
-213
-215
-207
-187
-174
-181
-174
-166
-173
-181
-169
-148
-138
-135
-138
-138
-124
-139
-142
-142
-142
-148
-149
-170
-178
-137
-121
-127
-127
-102
-93
-93
-134
-142
-149
-183
-157
-134
-131
-106
-85
-96
-105
-74
-44
-63
-69
-60
-22
-7
-7
-51
-95
-104
-94
-72
-58
-39
-51
-56
-74
-76
-61
-90
-119
-144
-128
-121
-129
-118
-119
-158
-160
-177
-197
-205
-199
-188
-183
-173
-178
-179
-189
-202
-218
-189
-201
-245
-264
-261
-250
-243
-230
-236
-217
-183
-163
-176
-136
-120
-137
-131
-165
-174
-179
-151
-154
-153
-180
-219
-202
-204
-193
-207
-201
-181
-182
-176
-178
-181
-187
-165
-123
-124
-129
-91
-82
-102
-94
-101
-97
-111
-117
-97
-89
-72
-63
-56
-13
21
34
54
79
101
99
97
98
98
111
116
129
127
79
42
60
56
41
56
85
98
95
86
75
65
65
57
55
41
55
90
81
72
63
87
93
100
94
83
77
52
62
60
77
98
120
120
137
150
130
129
128
123
133
131
130
91
64
46
47
68
65
37
19
18
2
-8
-6
5
9
23
40
42
51
39
50
72
78
90
96
117
120
105
81
83
76
98
105
91
69
48
48
74
99
106
107
118
145
180
182
170
144
152
161
187
222
228
234
228
237
243
213
185
173
165
170
167
181
165
164
157
142
124
159
171
149
141
140
145
147
149
168
181
191
206
199
190
190
191
182
189
190
165
155
176
169
164
169
170
138
157
164
142
120
126
137
132
135
150
164
163
169
165
147
137
133
165
184
193
199
199
197
196
180
153
133
162
178
202
250
249
245
232
231
243
228
223
239
219
211
220
232
216
206
208
224
243
239
230
228
232
220
192
175
167
130
114
121
136
140
128
134
131
144
165
159
139
128
114
106
98
55
69
93
109
108
94
91
65
46
42
55
78
80
56
68
94
118
132
154
163
145
129
123
142
126
112
119
103
99
105
107
97
122
148
130
130
160
158
164
182
144
95
92
108
122
141
154
182
170
185
180
163
159
148
129
122
122
143
151
133
165
165
152
134
145
130
125
108
105
96
91
75
34
18
-6
-20
-24
-35
-35
-38
-46
-38
-69
-57
-44
-38
-4
16
18
21
2
-21
-25
-5
50
43
47
37
40
53
53
84
89
84
80
78
69
58
56
94
143
137
141
121
122
122
128
168
187
195
206
220
240
227
207
208
218
218
187
179
155
145
156
164
149
131
136
145
148
167
192
198
203
179
186
208
213
203
183
156
115
82
69
70
89
125
158
174
182
180
184
168
164
174
161
151
146
117
70
56
54
73
67
92
92
128
155
155
157
137
122
105
116
90
81
98
100
113
86
88
91
72
66
48
42
28
28
24
11
-13
5
28
39
24
-5
-5
-9
-45
-39
-36
-54
-70
-78
-89
-107
-108
-112
-125
-139
-129
-140
-143
-140
-152
-139
-150
-161
-170
-171
-158
-144
-132
-144
-138
-113
-105
-131
-157
-208
-239
-261
-271
-264
-269
-266
-293
-304
-287
-271
-257
-272
-266
-275
-311
-340
-314
-298
-314
-287
-280
-279
-252
-245
-271
-263
-275
-256
-248
-239
-222
-223
-218
-224
-235
-249
-254
-241
-270
-316
-345
-320
-288
-287
-266
-281
-291
-315
-343
-325
-284
-248
-266
-267
-264
-252
-227
-214
-206
-209
-234
-234
-204
-194
-204
-197
-182
-184
-161
-164
-164
-153
-158
-161
-168
-161
-182
-236
-263
-263
-271
-266
-253
-247
-259
-258
-232
-243
-228
-212
-200
-199
-226
-234
-256
-244
-231
-229
-240
-245
-220
-203
-198
-188
-148
-123
-134
-163
-128
-126
-141
-151
-166
-168
-190
-207
-214
-230
-236
-199
-241
-281
-268
-271
-297
-321
-301
-308
-329
-312
-297
-288
-277
-257
-261
-277
-250
-231
-227
-233
-228
-230
-250
-259
-281
-285
-310
-301
-298
-295
-285
-293
-315
-325
-323
-320
-322
-313
-270
-286
-299
-337
-352
-349
-360
-344
-340
-355
-379
-371
-362
-375
-398
-420
-445
-468
-443
-415
-411
-394
-404
-443
-447
-466
-461
-476
-493
-487
-455
-420
-389
-375
-364
-343
-360
-357
-336
-348
-345
-327
-335
-347
-356
-347
-356
-347
-315
-296
-302
-333
-344
-331
-326
-347
-359
-363
-360
-327
-306
-276
-254
-286
-282
-269
-259
-258
-258
-240
-245
-218
-226
-202
-192
-179
-155
-150
-180
-203
-205
-207
-206
-229
-216
-196
-177
-152
-142
-130
-119
-107
-120
-145
-162
-149
-120
-126
-167
-198
-249
-260
-246
-260
-266
-268
-272
-269
-259
-239
-232
-220
-216
-216
-222
-210
-187
-201
-178
-171
-161
-161
-149
-158
-144
-117
-131
-131
-146
-152
-135
-131
-136
-121
-126
-135
-149
-158
-178
-151
-127
-138
-128
-127
-128
-178
-195
-198
-196
-194
-183
-171
-148
-133
-152
-171
-182
-179
-147
-157
-151
-131
-121
-116
-126
-147
-165
-202
-231
-226
-212
-212
-228
-243
-231
-203
-201
-191
-192
-193
-223
-228
-219
-228
-273
-318
-294
-302
-303
-305
-324
-307
-293
-273
-248
-214
-189
-156
-175
-180
-186
-196
-200
-235
-237
-236
-215
-194
-199
-202
-200
-181
-141
-119
-123
-116
-123
-125
-103
-90
-91
-115
-156
-161
-175
-176
-159
-163
-181
-196
-181
-193
-212
-204
-204
-188
-168
-175
-196
-199
-180
-147
-106
-125
-131
-156
-167
-155
-128
-114
-120
-92
-91
-78
-114
-130
-115
-109
-94
-99
-126
-159
-183
-197
-198
-226
-247
-254
-268
-283
-309
-327
-312
-302
-285
-273
-261
-259
-243
-224
-218
-200
-207
-209
-192
-163
-140
-106
-112
-148
-210
-230
-193
-172
-128
-123
-122
-109
-96
-83
-89
-83
-58
-59
-52
-40
-39
-31
-60
-72
-68
-69
-80
-87
-97
-116
-89
-80
-81
-106
-122
-130
-129
-118
-143
-170
-181
-150
-140
-152
-128
-119
-144
-143
-175
-209
-244
-233
-223
-223
-231
-241
-230
-245
-247
-271
-254
-225
-249
-252
-238
-230
-232
-239
-254
-276
-263
-251
-215
-194
-188
-186
-213
-203
-207
-221
-239
-257
-268
-269
-310
-310
-319
-331
-333
-338
-324
-319
-288
-256
-212
-153
-139
-154
-145
-165
-178
-206
-216
-183
-171
-180
-157
-140
-138
-121
-104
-78
-74
-61
-56
-59
-67
-80
-107
-134
-154
-183
-181
-162
-167
-153
-129
-149
-144
-125
-109
-91
-83
-92
-92
-86
-107
-127
-138
-130
-132
-121
-110
-122
-129
-142
-123
-123
-128
-121
-96
-69
-78
-70
-55
-69
-92
-108
-79
-45
-31
-6
-22
-58
-27
-28
-51
-41
-15
1
12
36
40
11
-9
-18
-19
-19
-37
-19
-4
-17
-3
-6
-4
15
6
11
26
28
34
44
54
37
17
-7
-42
-45
-36
-30
-43
-46
-60
-39
-28
-30
-54
-85
-95
-113
-113
-106
-104
-109
-118
-122
-111
-110
-107
-119
-114
-102
-139
-139
-123
-124
-125
-129
-142
-165
-160
-155
-157
-158
-134
-108
-92
-81
-62
-60
-49
-22
6
20
48
46
42
14
-18
-37
-33
-19
-27
0
14
34
13
0
-19
-23
-31
-46
-40
-29
-45
-77
-70
-81
-66
-62
-67
-67
-89
-84
-73
-68
-56
-33
-21
-25
-38
-43
-35
-56
-38
-14
-22
3
-7
-25
-68
-88
-96
-77
-114
-165
-178
-182
-177
-202
-224
-257
-281
-301
-278
-270
-301
-319
-330
-327
-336
-336
-334
-337
-339
-343
-320
-324
-337
-372
-366
-366
-363
-325
-340
-349
-351
-367
-362
-349
-372
-402
-426
-445
-422
-424
-444
-457
-465
-452
-457
-447
-419
-396
-391
-407
-410
-408
-413
-427
-440
-434
-443
-438
-417
-407
-412
-408
-409
-413
-402
-402
-367
-363
-384
-409
-425
-439
-458
-488
-516
-516
-535
-533
-514
-490
-476
-475
-464
-448
-445
-440
-441
-415
-422
-428
-449
-465
-468
-479
-488
-513
-474
-462
-465
-470
-469
-467
-494
-491
-477
-469
-465
-468
-476
-480
-476
-462
-416
-376
-383
-374
-363
-380
-372
-397
-439
-455
-451
-429
-432
-421
-401
-403
-370
-326
-347
-370
-352
-356
-350
-391
-380
-351
-382
-432
-481
-490
-513
-518
-521
-520
-515
-498
-465
-439
-425
-424
-427
-392
-380
-354
-331
-341
-303
-300
-282
-215
-169
-179
-187
-195
-185
-185
-171
-132
-122
-109
-136
-119
-76
-65
-68
-78
-74
-96
-119
-113
-104
-103
-101
-107
-90
-68
-97
-122
-123
-139
-153
-141
-132
-155
-181
-174
-176
-165
-144
-167
-187
-195
-222
-207
-205
-177
-173
-197
-227
-234
-246
-256
-254
-248
-248
-295
-325
-338
-347
-351
-361
-353
-344
-330
-341
-335
-290
-282
-282
-281
-308
-342
-328
-287
-291
-281
-274
-239
-198
-211
-210
-211
-238
-205
-170
-167
-182
-190
-179
-172
-166
-131
-111
-132
-171
-173
-155
-138
-111
-131
-133
-131
-135
-140
-77
-21
-6
-25
-41
4
41
-4
-29
-39
-42
-47
-70
-72
-96
-103
-121
-122
-146
-125
-135
-121
-79
-78
-81
-60
-38
-46
-38
-5
-5
-38
-4
-2
-28
-41
-61
-40
-30
-81
-70
-72
-60
-104
-111
-91
-78
-76
-110
-118
-127
-114
-157
-160
-164
-183
-219
-255
-262
-284
-336
-357
-344
-328
-340
-334
-327
-374
-390
-399
-360
-324
-386
-391
-361
-377
-408
-421
-432
-446
-430
-449
-459
-450
-475
-475
-454
-487
-561
-556
-535
-515
-494
-492
-488
-508
-521
-530
-489
-479
-484
-486
-481
-486
-544
-570
-577
-543
-543
-531
-530
-539
-551
-585
-559
-568
-596
-616
-644
-661
-640
-675
-642
-647
-627
-522
-573
-549
-509
-562
-507
-449
-447
-493
-521
-480
-437
-445
-445
-482
-449
-413
-497
-392
-294
-422
-345
-264
-359
-284
-224
-333
-322
-346
-409
-371
-367
-449
-461
-369
-392
-411
-338
-334
-368
-318
-302
-364
-298
-323
-380
-336
-324
-320
-366
-355
-368
-380
-344
-375
-407
-360
-391
-409
-357
-399
-397
-361
-323
-350
-321
-294
-368
-345
-313
-399
-371
-313
-423
-354
-321
-463
-375
-312
-414
-309
-315
-464
-359
-349
-497
-358
-301
-453
-350
-330
-500
-391
-293
-421
-301
-293
-414
-286
-264
-436
-313
-361
-537
-350
-401
-476
-322
-426
-483
-316
-402
-402
-272
-405
-367
-295
-480
-338
-349
-470
-299
-411
-450
-240
-447
-368
-304
-564
-344
-335
-441
-247
-334
-409
-129
-388
-388
-222
-405
-293
-228
-351
-223
-246
-319
-110
-335
-216
-160
-284
-145
-113
-306
-127
-245
-367
-125
-390
-264
-166
-348
-177
-163
-257
-104
-214
-255
-57
-287
-121
-96
-227
-117
-162
-186
-109
-239
-125
-47
-241
-43
-128
-184
-10
-221
-154
-62
-212
-72
-169
-200
-92
-297
-111
-61
-235
-60
-103
-183
42
-179
-124
58
-285
13
-106
-186
-1
-57
-101
-29
-163
-39
-134
-202
32
-268
-11
-77
-221
-57
10
-319
77
-117
-212
91
-160
-66
-7
-84
-195
2
-80
-29
-67
50
-134
12
78
-152
14
102
-153
-92
52
-59
-188
67
-86
-117
116
-139
-86
154
-144
-47
349
-209
73
173
-109
110
47
-34
74
-158
41
-109
-82
75
-104
-67
184
-226
106
37
-294
143
-46
-259
124
22
-93
110
-160
49
73
-139
-45
34
99
-28
114
114
51
150
120
-44
147
91
-91
62
-15
-66
-24
94
105
-46
86
134
-108
193
61
83
148
51
136
171
-51
273
40
91
117
152
198
-104
243
28
-30
259
-84
222
44
42
185
-62
135
133
-113
262
-90
5
220
-206
234
-68
17
205
-57
155
219
82
168
53
223
64
36
210
145
136
192
172
83
192
73
169
146
5
204
105
-75
162
182
-39
152
89
-63
85
149
9
64
49
142
91
99
195
47
97
357
-29
109
127
171
180
80
183
93
134
55
216
23
224
59
17
120
-56
-35
159
-253
40
15
-73
70
-246
129
-111
-183
258
-123
-56
228
-286
54
145
-300
20
91
-133
-49
70
-110
46
-55
-84
49
-171
10
-143
-163
73
-155
-156
2
-179
-220
29
-339
-126
-132
-213
-180
-329
-81
-259
-190
-154
-196
-231
26
-390
1
-271
-165
-115
-341
-46
-259
-243
-56
-371
-145
-178
-413
124
-463
-6
-131
-340
-52
-208
-332
-107
-279
-150
-257
-282
-101
-497
10
-197
-356
12
-215
-308
-65
-326
-199
-266
-101
-107
-475
45
-215
-520
233
-423
-223
269
-561
77
-83
-227
56
-236
-29
-105
-317
204
-344
-7
8
-337
111
-150
-183
-50
-136
-40
-106
-81
88
-328
207
-223
-73
19
-105
-184
-12
-132
-109
-143
-52
-270
-169
33
-339
85
-219
-276
-176
-142
-266
-270
-36
-222
-438
131
-418
-264
-31
-438
-207
-29
-355
-110
-159
-188
-265
-377
-96
-214
-228
-111
-179
-176
103
-371
-107
125
-253
-193
-19
-150
-143
-301
-99
-424
-93
-13
-728
134
-26
-529
119
-277
-169
26
-265
-100
-141
143
-419
-335
290
-558
-398
192
-669
-58
-103
-606
-169
-117
-553
-417
-123
-503
-564
-113
-460
-553
71
-667
-424
101
-694
-310
-129
-349
-514
-114
-445
-594
-77
-547
-574
-22
-406
-790
221
-541
-641
332
-897
-229
58
-763
-398
132
-938
-275
-110
-716
-218
-230
-503
-558
218
-992
-188
-10
-840
-297
39
-1028
-74
-336
-817
73
-489
-703
-53
-486
-311
-464
-204
-587
-325
-426
-510
24
-647
-421
-320
-403
-651
39
-945
-153
-416
-659
-332
-189
-888
-238
-345
-886
51
-577
-693
218
-721
-464
-78
-503
-505
-151
-579
-481
-1
-766
-550
-1
-775
-563
-122
-837
-312
-262
-892
-57
-302
-820
-139
-344
-697
126
-595
-626
366
-941
-355
249
-1037
-15
47
-1004
222
-272
-1034
292
-567
-695
297
-883
-325
37
-1023
59
-183
-945
145
-396
-747
240
-728
-604
522
-1120
-204
271
-1247
92
-195
-990
195
-353
-839
342
-796
-450
134
-957
-92
-311
-799
269
-706
-450
297
-872
-260
290
-1083
399
-442
-597
365
-681
-299
-2
-664
-303
-325
-662
-90
-624
-449
-349
-628
-241
-539
-551
-127
-691
-281
-351
-507
-364
-318
-612
-86
-621
-271
-276
-521
-77
-462
-481
-124
-357
-484
-92
-435
-421
-109
-684
-42
-348
-387
-27
-293
-306
1
-306
-196
14
-415
228
-528
153
-258
-313
-27
-332
-175
-5
-509
274
-174
-529
475
-595
3
120
-497
299
-207
-361
634
-701
430
11
-337
444
-233
-183
635
-641
393
9
-460
584
-562
150
37
-258
271
-264
76
-14
-573
591
-539
8
373
-537
72
304
-694
419
-102
-411
419
-458
-126
62
-423
-141
16
-469
79
-468
-144
-52
-532
147
-242
-205
155
-664
332
-307
-562
308
-503
-395
203
-740
-229
77
-778
264
-621
-81
-190
-472
-197
-64
-859
391
-811
-348
308
-1235
107
-435
-952
203
-733
-595
217
-1301
59
-620
-573
-237
-535
-525
-43
-1000
248
-838
-165
-392
-660
-127
-405
-602
-181
-430
-657
-18
-919
116
-722
-432
-255
-595
-524
-17
-1038
60
-590
-696
37
-661
-711
223
-1025
-139
-182
-869
11
-444
-529
-167
-574
-486
62
-963
243
-665
-252
-113
-487
-329
-115
-591
-89
-366
-506
144
-824
-150
-64
-618
-234
21
-873
341
-385
-652
315
-601
-446
160
-679
-181
-235
-479
-213
-231
-341
-309
-160
-489
-152
-357
-129
-257
-317
-302
-194
-449
129
-747
-29
-298
-658
65
-609
-434
4
-806
-213
-239
-645
-125
-537
3
-683
66
-590
-403
-17
-490
-418
73
-794
-105
-391
-237
-509
-115
-407
-531
97
-656
-242
45
-723
34
-433
-437
-36
-646
-27
-261
-529
145
-457
-509
365
-939
91
-200
-651
193
-447
-280
25
-387
-334
118
-789
75
-546
-351
-52
-682
104
-617
-51
-510
-279
-348
-235
-545
-7
-629
-215
-356
-519
-191
-684
-143
-403
-566
61
-890
6
-390
-781
121
-645
-562
-6
-727
-472
71
-1255
244
-828
-543
-279
-529
-611
-215
-775
-397
-352
-821
-127
-706
-294
-463
-612
-264
-550
-353
-360
-452
-212
-395
-535
-152
-446
-449
-126
-626
-143
-509
-223
-555
-102
-779
-30
-571
-540
-30
-699
-309
-397
-505
-143
-697
-298
-349
-795
107
-801
-192
-328
-719
-143
-315
-843
323
-734
-494
270
-1015
73
-264
-491
-211
-173
-724
-33
-594
-364
-393
-459
-409
-690
-242
-661
-377
-321
-573
-326
-147
-897
58
-419
-624
229
-640
-356
42
-596
-310
164
-816
-56
-76
-808
253
-582
-82
-395
-128
-406
30
-398
-228
-237
-200
-235
-348
110
-598
26
-385
-301
-149
-352
-308
-181
-455
-59
-379
-361
-42
-715
81
-613
-465
77
-972
191
-655
-560
-280
-516
-543
-53
-781
-63
-370
-661
88
-855
-163
-402
-579
-358
-436
-557
-451
-381
-752
-397
-365
-767
-237
-442
-680
-271
-360
-966
122
-853
-429
-124
-814
-219
-479
-571
-406
-315
-648
-300
-423
-490
-434
-298
-579
-515
-275
-737
-420
-287
-765
-211
-623
-462
-436
-536
-509
-441
-543
-463
-479
-547
-148
-916
69
-810
-459
-151
-805
-201
-295
-619
-319
-184
-719
-20
-471
-387
-170
-417
-356
-342
-397
-479
-407
-315
-498
-322
-410
-290
-477
-315
-247
-395
-94
-442
-136
-141
-304
-272
113
-651
152
-254
-387
24
-346
-375
23
-624
-55
-313
-505
145
-492
-172
-205
-328
-249
-185
-583
116
-743
-190
-106
-775
143
-514
-496
-45
-455
-223
-162
-282
-151
-232
-180
-371
-163
-151
-398
-64
-380
-253
-382
-28
-429
-86
-69
-635
-5
-322
-298
-155
-2
-713
33
-355
-562
-21
-415
-322
-283
-130
-638
90
-478
-276
68
-603
176
-425
-278
-94
-577
-30
-510
-247
-297
-294
-404
-124
-500
-264
-169
-586
-36
-595
94
-809
176
-428
-338
-4
-464
-594
207
-877
-120
78
-797
254
-453
-499
27
-548
-306
-83
-621
19
-334
-404
31
-435
-342
217
-839
94
-300
-493
113
-454
-255
-34
-556
-84
-271
-409
35
-610
32
-417
-332
147
-753
101
-278
-182
-194
-174
-151
-66
-301
-25
-238
21
-162
-106
-127
-157
-297
-76
-390
22
-381
96
-341
-61
-118
-422
179
-373
-150
-300
-167
-662
91
-735
-47
-554
-162
-473
-186
-452
-80
-677
127
-751
-89
-108
-684
46
-483
-415
-241
-278
-600
302
-916
-26
-139
-634
114
-332
-443
-46
-285
-342
-98
-276
-315
28
-427
-221
-77
-453
-65
-241
-56
-359
120
-482
204
-433
6
2
-595
560
-839
241
-390
-196
-217
-73
-518
107
-445
-256
163
-475
-1
-103
-523
150
-432
-150
21
-447
28
-265
-222
-156
-122
-547
415
-884
412
-739
14
-81
-419
92
-21
-320
131
-179
-191
308
-279
14
300
-485
269
-12
-234
291
-342
60
25
-21
-180
251
-310
177
51
-199
346
-198
111
88
135
-25
460
-177
250
150
-92
468
-134
543
-137
468
-32
201
215
198
-89
704
-139
403
346
179
279
457
-76
552
195
237
392
106
447
-1
593
-313
808
-335
664
-7
391
229
232
349
116
540
204
486
116
580
240
281
459
62
309
231
19
465
56
346
110
382
-31
485
-87
424
155
172
139
44
414
-191
409
30
168
60
360
-21
329
119
255
71
184
195
82
185
208
-371
530
-197
60
451
-117
45
491
-235
280
230
-135
515
-203
462
-70
183
90
41
189
280
-258
439
-163
65
168
138
-175
232
-167
129
52
101
-224
330
-223
45
143
-63
62
170
92
-81
449
-242
322
72
148
-45
442
-232
358
62
159
167
-122
396
-350
375
12
-28
208
-45
12
152
-39
65
147
-85
146
34
-156
115
-126
-50
130
-264
401
-97
42
433
-187
244
178
-261
353
96
28
282
-136
193
-181
31
153
-351
370
-228
-98
268
-317
-19
319
-577
431
-50
-512
588
-330
128
110
-208
-44
194
-322
172
54
-214
178
-76
-201
278
-108
13
-16
301
-438
418
-190
-140
412
-191
100
374
-152
130
315
-160
672
-293
347
195
-325
638
-331
420
45
252
-230
716
-586
474
15
91
94
135
232
-233
844
-781
1077
-725
649
-172
296
-214
335
-191
-17
475
-923
1122
-619
416
-284
344
-535
841
-479
197
534
-500
473
-1
251
-155
658
-260
297
54
483
-397
421
116
-361
686
-314
46
415
-42
-85
94
476
-682
813
30
-313
962
-202
-63
527
-234
305
228
210
329
-144
717
-296
191
786
-682
943
161
-491
1199
-684
534
265
174
-194
1048
-1175
1359
-1156
1025
-339
276
9
467
-472
745
-415
62
1080
-1136
1378
-529
371
-160
863
-1136
1718
-1283
1027
-380
262
-67
278
-422
916
-928
1025
-647
736
-174
171
88
447
-55
15
832
-952
1350
-741
817
-99
244
-88
494
-73
641
-170
281
82
209
-74
568
-261
901
-599
375
585
-957
1499
-911
478
128
183
-358
1050
-888
895
-55
-220
682
-222
336
362
-231
555
70
-196
846
-711
793
-233
252
-87
761
-669
821
29
-403
406
157
-362
835
-397
494
-129
300
-412
675
200
-489
1102
-653
519
261
-376
69
576
-620
880
-179
-13
275
-63
-114
566
-534
289
-45
-4
-155
358
-183
95
-231
-46
192
-427
409
-341
385
-591
516
-203
247
169
308
-360
533
-437
213
365
-553
580
-508
-84
167
-570
564
-390
141
-132
59
-81
291
-137
-135
438
-1178
1273
-1099
779
-345
99
-285
592
-691
440
110
-449
586
-209
15
-74
280
-412
16
540
-892
796
-307
26
-227
632
-997
661
3
-874
1469
-1587
1108
-369
-398
965
-981
758
-291
-84
-108
254
-657
679
-397
-562
1008
-1440
1043
-682
55
-78
72
37
-199
621
-782
659
-731
455
-356
243
-150
78
-284
111
-185
-59
199
-242
114
-36
-66
-433
668
-820
1053
-862
841
-763
1050
-1035
1393
-1049
1156
-778
484
165
143
62
177
12
44
451
-389
886
-339
-76
145
-194
-255
564
-231
-306
829
-1069
373
490
-772
417
456
-594
224
813
-1165
632
506
-1320
1531
-513
-346
742
-508
-346
535
-788
273
204
-697
698
-1291
630
-521
42
-176
605
-1207
1078
-951
-195
631
-714
303
85
-497
-83
259
-1223
740
-596
-498
663
-666
-245
699
-1385
893
-659
120
-39
69
-912
1556
-2136
1427
-475
-1139
1307
-636
-206
610
-273
-608
664
-1549
1115
-510
-405
742
-716
298
-165
-590
815
-531
92
620
-1058
184
355
-835
249
467
-1228
847
-642
304
-163
104
135
-65
-323
243
-273
-323
1011
-1185
747
-250
-349
28
803
-1193
791
-400
-390
897
176
-957
1329
-1019
245
659
-336
321
-174
-503
264
-230
-173
469
-1112
1335
-1769
638
-109
21
-406
994
-1359
809
-270
-599
729
-417
404
313
-157
-47
468
-496
1091
-783
964
-568
736
-5
79
444
26
-57
469
-178
441
262
-372
793
-445
396
22
157
-257
738
-284
349
96
206
113
375
138
412
435
-185
998
-435
691
243
279
440
410
308
428
424
-94
728
-122
633
382
-168
840
-163
513
471
-64
686
172
-6
607
433
-55
648
196
61
363
418
-260
795
173
-306
1030
-135
187
895
-27
-123
1376
-556
369
1129
-254
714
956
-496
830
495
-60
1082
383
253
1130
412
279
1148
144
705
1107
-32
1014
1035
-42
1046
692
-429
1556
54
319
1081
54
35
449
531
-420
800
467
-241
523
290
-482
1001
-386
13
866
-225
-102
1275
-973
684
320
-690
713
452
-626
1191
70
-752
1134
-497
5
1091
-487
185
1022
-212
-95
688
-109
371
951
-184
831
504
17
535
588
560
293
761
401
259
423
442
-9
600
327
-275
1004
-678
-141
275
-240
32
58
-519
-124
-534
-279
-159
-492
189
-693
-314
466
-1077
211
328
-1470
472
-418
-686
661
-847
-391
465
-1303
186
-273
-580
145
-322
-174
-276
-275
8
-346
-193
646
-316
557
706
-336
664
287
434
645
744
1017
947
1096
608
1029
861
998
1091
1159
819
658
630
157
614
399
84
207
505
-282
10
42
-322
-562
-4
-479
-298
168
-727
-299
54
-763
-395
-76
-804
256
-116
-527
165
-407
-943
-117
-422
-498
69
-491
-327
-428
-998
-239
-810
-569
-70
-420
-101
80
-591
-403
100
266
424
707
773
654
491
759
1025
1110
1519
1331
1812
1587
1549
1552
1460
1689
1408
1462
1571
1471
922
631
570
339
41
38
63
-347
-545
-659
-1017
-833
-1187
-995
-835
-569
-651
-730
-524
-243
-1020
-696
-2
-470
274
134
-187
306
-300
-683
387
15
112
164
-141
-452
-692
-876
-828
-634
-496
-716
-216
503
-173
-409
-186
-88
192
631
948
1745
1540
1306
1272
1395
1781
2714
2788
2678
2314
2032
1635
1999
2066
1715
1356
1228
780
711
187
-219
-836
-1022
-911
-1181
-803
-1836
-2090
-2179
-2133
-1464
-1350
-1181
-892
-1238
-941
-311
-426
-278
-239
359
853
847
641
910
633
484
989
873
765
251
-296
-874
-835
-718
-941
-1033
-1259
-1502
-550
-36
-270
-1412
-1694
-1061
-298
189
1345
1960
1235
61
-175
2450
3055
2479
2845
3292
3548
2285
1915
2531
2236
1198
1909
3217
1979
-193
-802
-734
-612
-845
-952
-582
-1802
-3051
-2535
-2332
-2234
-2431
-2029
-1196
-1239
-1233
-1430
-1887
-1129
-573
585
809
356
428
-121
228
671
1343
843
181
72
377
-119
-1034
-950
-1520
-1832
-1727
-1212
-1315
-1159
-1647
-966
-787
-2556
-1880
-171
35
321
1177
2047
402
-891
879
3323
3855
2170
2989
4200
2671
1255
1895
3188
2185
856
2313
2677
321
-1829
-1794
-604
-787
-1308
-1089
-1997
-3127
-4201
-2946
-1982
-2560
-1823
-1883
-1498
-1335
-1784
-1619
-1438
-533
675
857
682
339
15
-385
-157
1222
1637
695
-288
-285
-512
-1668
-1825
-1551
-1520
-2714
-2875
-2090
-1051
-1213
-1541
-2252
-2975
-2442
-930
482
1193
1500
714
-570
-463
2170
4068
3716
2673
3105
4364
3164
2268
2775
2984
2311
1903
2936
2524
-494
-2081
-1566
-255
-257
-940
-1663
-3597
-4236
-3918
-2365
-1843
-2396
-2163
-2202
-2007
-1560
-1478
-1439
-939
425
1623
922
-46
-198
78
527
841
2329
1987
76
-1223
-879
-442
-1289
-1960
-878
-1468
-2631
-3823
-2737
-1046
-1264
-1962
-2496
-1735
-1747
-1928
-103
1623
1854
254
-1233
1779
4116
3197
2422
3076
4553
4054
2836
3380
3393
2143
854
2357
3382
1230
-1030
-1617
-1195
-676
-1605
-1450
-2574
-4094
-3859
-3343
-2294
-2667
-2759
-2704
-2317
-1706
-1469
-1444
-1285
-544
954
596
272
170
412
211
535
1435
1745
545
-923
-761
-315
-838
-2079
-1432
-1631
-2137
-3610
-3023
-1264
-1167
-2164
-3321
-2098
-1268
-1245
-1172
998
2030
480
-1327
936
4092
3950
2382
2366
4721
4530
2761
3170
3872
2720
1089
1744
3045
1854
-762
-1614
-1391
-821
-1461
-1712
-2685
-4069
-3964
-3653
-2514
-2491
-2644
-2628
-2878
-1938
-1050
-1039
-1473
-573
1089
1028
87
449
707
1117
262
1229
2282
812
-910
-702
-40
-537
-2486
-2494
-1229
-1880
-3321
-3062
-984
-1323
-3296
-4784
-2240
-146
-448
-1099
653
1179
-738
-2247
1477
5851
4993
1846
1282
3821
4384
3110
4080
4635
3449
1027
1396
2969
1886
-435
-851
-301
-124
-1400
-2655
-3279
-4097
-3346
-2464
-1955
-2774
-3425
-3597
-3232
-1286
-185
-557
-1316
-940
787
991
-70
783
1895
1659
1055
1182
1981
458
-874
-290
1241
139
-2413
-2655
-1966
-2258
-3354
-1716
157
-460
-3853
-4821
-2864
-1232
-540
912
2850
1147
-2307
-2995
1431
5412
5561
4130
2839
2626
2267
2889
4839
5205
3530
1999
1628
1478
616
-586
-732
-347
142
-1409
-2834
-4651
-5035
-3891
-2467
-1431
-2181
-3921
-4913
-3902
-1873
-14
-266
-752
-715
-392
-309
4
1261
1550
1435
1086
1042
838
-434
-1057
204
383
-521
-2423
-2942
-2946
-3334
-3204
-1264
22
-1284
-4458
-5144
-3008
-1634
-797
943
2819
1064
-2910
-3103
2025
5270
5019
3598
3760
3327
1293
2015
5115
5776
3458
1598
2026
1652
-342
-713
518
828
-570
-1913
-2806
-4107
-4697
-3371
-1634
-1473
-2610
-3620
-4450
-3822
-1429
332
337
-689
-769
24
-385
219
2074
2749
1475
133
924
1455
301
-523
726
870
-1277
-3269
-2384
-2079
-3049
-3760
-814
651
-1474
-5383
-5145
-2319
-613
-201
1715
2507
-526
-3799
-1664
4447
6652
4204
1822
2516
3384
2977
4081
5200
4751
2027
1242
2143
2151
390
-913
-315
246
-447
-2379
-3706
-4502
-3607
-2602
-1767
-2173
-3494
-4477
-4478
-2231
129
498
-1142
-1894
-727
510
598
1123
2072
1937
635
40
1186
1291
40
-302
311
339
-2182
-3476
-3045
-2127
-3106
-2164
-564
-346
-3728
-5954
-3759
-730
48
363
1660
809
-2289
-3244
1627
6297
5643
2611
1726
2579
2920
3696
5382
5633
3400
1158
1090
1611
1483
926
426
-706
-1075
-1727
-2918
-4221
-3666
-2094
-1883
-2832
-3616
-3740
-4160
-3487
-734
1379
-97
-2286
-2334
151
1357
1311
1989
2497
1240
-101
423
2271
1881
127
-60
90
-695
-2450
-2710
-1670
-2037
-2794
-1348
-370
-1842
-4911
-4426
-1366
-129
-230
1201
1659
-810
-3455
-14
5478
6076
3083
1983
2905
2847
2807
5192
6263
4046
1206
1276
2161
1187
738
884
283
-1020
-2084
-2501
-3614
-4284
-2816
-1696
-2545
-4160
-4284
-3917
-3521
-1885
528
410
-1794
-2766
-759
1135
1413
1688
2251
1809
-168
116
1483
2320
821
53
144
-607
-2296
-2578
-1966
-1779
-2374
-1510
-307
-1633
-4779
-4896
-2260
91
150
1121
1154
-1109
-3713
-700
5187
6844
3869
1415
1883
2590
3661
5489
6578
4039
1175
936
2033
1982
1325
1141
-90
-1356
-2078
-2198
-3377
-4164
-2920
-1587
-2537
-4310
-4611
-4071
-3310
-2046
197
276
-1977
-3367
-1585
1281
1940
1506
1455
1142
107
-52
1477
2715
1348
-296
-819
-397
-1299
-2106
-2309
-1894
-1992
-907
-985
-2141
-5058
-4513
-2151
-221
309
1138
342
-2715
-4037
598
5986
5690
2334
1170
2051
2432
3671
6219
6068
2555
427
1657
2773
1979
1508
1318
-504
-2127
-2025
-1460
-2788
-4134
-2783
-1655
-2792
-4411
-4360
-3774
-3192
-1685
16
-343
-2374
-2913
-917
1112
1575
1458
1236
619
105
904
1964
1992
586
-311
-194
-494
-1008
-1744
-2091
-2531
-2009
-532
-198
-2534
-5464
-4763
-1886
478
516
954
-313
-2748
-3972
629
6071
6197
1914
186
1782
3147
4133
5732
5733
2701
395
1508
3031
2299
1118
967
-75
-1665
-2025
-1638
-2876
-3993
-2713
-1364
-2506
-4749
-5040
-3820
-2763
-1687
-253
-959
-2946
-3225
-541
1613
1547
561
569
245
-27
902
2519
2198
24
-1026
-618
-105
-664
-1221
-1532
-2673
-2042
-6
460
-2923
-5543
-3838
-323
145
407
1338
-408
-4361
-4186
3312
7582
4153
-639
389
2830
3381
4072
6296
4749
636
33
2911
4107
1684
555
633
-667
-1966
-1360
-1029
-2967
-3748
-2149
-1490
-3513
-4734
-3820
-2597
-2533
-1418
-321
-1872
-3796
-2604
1181
2126
306
-490
393
329
-154
1139
3004
1867
-1114
-2014
-366
297
-460
-1440
-1811
-2508
-1297
-221
-652
-3773
-4179
-2356
-509
-370
1155
908
-2323
-5025
-455
5795
5338
613
-625
1780
2828
3446
5742
5689
1180
-1356
1516
4604
3265
882
662
-595
-2251
-1573
156
-995
-3840
-3428
-1816
-2465
-4067
-3540
-2338
-2852
-2856
-931
-352
-2632
-3477
-748
2188
1102
-613
-575
365
191
428
2123
2470
138
-1899
-1394
157
377
-837
-1307
-2500
-1862
-462
378
-1744
-4104
-3718
-1396
-396
639
1583
-183
-3660
-3553
2381
5919
3434
92
621
2195
2479
3890
6257
4301
29
-333
2810
4008
1860
764
779
-900
-2029
-1044
-18
-2038
-3532
-2525
-1771
-2950
-3944
-3084
-2236
-2651
-2104
-721
-1521
-3124
-2493
509
2020
672
-477
-267
122
151
1275
2490
1789
-404
-1273
-768
109
-93
-376
-856
-2362
-1968
-319
418
-1991
-3893
-2675
-693
-692
-10
1349
291
-3095
-3018
2618
5592
2962
-99
688
2297
2811
4072
5754
3557
-15
26
2970
4100
2326
1135
-140
-2034
-2009
-222
521
-1721
-3548
-3157
-2666
-3035
-2686
-1954
-2113
-3045
-2454
-1004
-1346
-2336
-1714
472
1153
123
-404
160
251
250
931
1939
1063
-840
-1473
-739
198
-196
-803
-2013
-3048
-2150
-27
234
-2256
-4574
-3474
-1663
-849
447
1356
-706
-4208
-3104
2733
5231
2365
-186
800
2082
2360
3746
5503
3400
79
352
3101
3823
1789
850
132
-1175
-1699
-495
76
-1768
-3299
-2644
-2097
-2857
-3096
-2374
-2162
-2861
-2262
-1075
-1343
-2472
-1837
181
863
-131
-353
289
295
-197
568
1871
1221
-630
-1223
-505
-214
-686
-902
-1119
-2471
-2013
-164
524
-2115
-4502
-3154
-1006
-620
-76
1483
84
-3662
-3882
1723
5279
3075
109
389
1519
1849
3310
5529
4102
578
-150
2012
3170
2468
1808
942
-1528
-2172
-663
731
-946
-2654
-2744
-2490
-3006
-2655
-1562
-1614
-2902
-2782
-1191
-1051
-1749
-1661
-43
526
-290
-358
613
671
2
203
1491
1518
-162
-1101
-623
106
-213
-999
-1559
-2340
-2272
-536
425
-874
-3655
-3898
-2136
-572
16
1202
405
-2403
-3976
-325
4349
4460
1337
-396
447
1912
3513
5235
4545
1490
-118
782
2827
3537
3060
1181
-1480
-2457
-802
891
279
-1705
-2746
-3135
-3097
-2351
-1199
-1302
-2363
-3212
-2347
-1379
-1086
-1096
-710
-327
-337
-414
109
594
425
452
580
977
361
-595
-752
-20
249
-520
-1961
-2326
-2231
-1427
-251
78
-1393
-4097
-4269
-2002
216
625
572
-407
-2435
-3290
144
4542
4572
997
-707
650
2751
3646
4668
4362
1965
-77
498
2971
4063
3017
849
-1296
-2019
-771
857
743
-1195
-2598
-2948
-2608
-2053
-1113
-761
-1613
-2933
-2470
-949
-251
-600
-745
-28
224
-182
-96
716
1169
863
656
1025
587
-183
-248
629
532
-876
-1892
-1547
-1371
-1670
-793
226
-475
-3364
-4165
-1932
63
-37
-84
336
-640
-2675
-1685
2390
4466
2657
239
752
2115
3001
3631
4694
3592
1363
226
1609
3315
3359
2132
367
-1132
-1537
-287
796
363
-1221
-2257
-2859
-2844
-2000
-337
-235
-1973
-3154
-2027
-712
-532
-648
40
405
-696
-1053
174
1709
1399
426
222
628
720
358
390
401
26
-783
-1110
-945
-837
-1440
-1339
-431
-3
-1457
-3294
-2848
-1127
-120
-40
591
236
-1775
-3144
-84
3936
4363
1377
-178
793
2398
3232
4220
4360
2276
182
304
2779
4306
3436
1024
-1064
-1418
-48
1598
1613
-2
-2136
-3196
-2646
-1000
490
245
-1518
-3110
-2792
-982
397
328
-304
-807
-1083
-971
168
1362
1365
157
-179
491
1127
332
223
546
691
-154
-1034
-1014
-984
-1032
-1145
-666
-186
-349
-1547
-2710
-2455
-796
295
-58
-190
1
-737
-1779
-469
2777
4152
1896
36
774
2381
2984
3370
4092
3126
1042
409
2134
3582
3348
2158
857
-458
-683
503
1547
963
-674
-1920
-2216
-1628
-318
368
-566
-2133
-2672
-1586
-375
146
-97
-610
-1211
-1311
-188
1196
1606
540
-421
-414
481
1120
1142
928
67
-759
-1041
-57
621
47
-1310
-1784
-1522
-1217
-673
-132
-320
-1999
-2903
-1914
-130
282
213
44
-356
-1200
-585
1454
2814
2182
920
875
1497
2393
3049
3416
2553
1493
1339
2071
2489
2414
2095
1335
82
-507
311
1239
960
-168
-1128
-1724
-1871
-1075
-70
29
-1338
-2459
-2153
-1014
-186
-84
-239
-858
-1413
-1020
291
1122
653
-337
-799
-401
56
739
1222
751
-341
-1004
-504
442
508
67
-626
-1141
-1473
-1129
-693
-308
-351
-542
-1019
-1752
-1590
-815
159
435
541
294
-421
-969
-134
1663
2625
1954
1055
800
1039
1434
2288
3036
2372
855
178
1016
2072
2540
2246
1304
-83
-664
264
1775
1971
751
-934
-1641
-1199
93
1073
735
-619
-1888
-1716
-514
672
838
6
-1271
-1719
-739
874
1381
457
-691
-948
-205
854
1564
1486
515
-431
-309
617
1579
1573
619
-417
-807
-333
321
714
260
-337
-953
-811
-14
701
106
-938
-1163
-434
312
447
510
339
-411
-1093
-442
1044
1521
623
13
159
588
713
1109
1758
1771
1053
597
943
1604
1910
1670
1272
852
698
809
994
862
413
-191
-523
-687
-522
-137
21
-458
-1027
-967
-561
-402
-471
-404
-303
-542
-542
22
511
302
-104
129
672
739
502
589
859
745
469
683
1088
837
198
47
477
898
707
310
-14
-173
-258
-276
-200
-244
-380
-700
-778
-490
-175
-508
-1008
-1170
-943
-671
-401
-128
-75
-396
-696
-373
414
1084
1122
889
559
602
763
1320
1917
1858
1241
540
573
1046
1520
1438
1033
497
-33
-346
-80
417
642
175
-387
-414
41
473
579
320
-146
-349
-72
576
942
914
532
244
238
540
1030
1174
913
620
585
753
832
624
420
421
600
728
547
128
-126
-65
155
226
162
76
-196
-429
-278
328
649
347
-167
-142
265
540
558
589
439
147
-27
238
635
621
260
-95
-173
26
364
433
94
-361
-422
-79
334
465
309
-18
-180
23
502
752
604
259
91
222
423
600
652
524
345
259
409
652
696
497
333
383
472
444
352
305
339
462
386
222
117
184
192
92
-60
-110
-120
-212
-222
-73
85
28
-218
-212
130
389
289
101
192
379
441
304
429
547
472
272
410
777
885
520
131
331
713
797
649
548
362
87
97
567
846
595
26
-79
117
298
226
115
-129
-362
-403
-181
101
-10
-364
-636
-560
-217
12
-87
-327
-432
-211
80
243
264
116
-5
100
407
616
522
264
240
453
629
721
708
567
438
445
679
854
857
681
538
523
585
677
707
605
382
274
323
375
343
108
-73
-105
15
117
53
-97
-148
-31
126
259
303
395
520
579
676
721
691
613
624
786
893
839
596
456
530
651
558
323
89
-53
-182
-121
65
23
-395
-858
-924
-596
-310
-373
-629
-889
-1027
-956
-664
-391
-432
-793
-975
-809
-409
-152
-76
-107
-164
-191
16
352
582
459
202
200
431
673
742
660
453
309
278
454
526
364
199
164
251
296
315
215
124
116
216
380
378
379
345
290
296
444
558
418
130
57
253
303
109
-100
-126
-85
-113
-157
-91
-143
-281
-335
-177
53
103
14
-118
-108
-7
186
348
511
451
333
232
318
585
793
749
469
355
480
596
457
374
409
367
123
36
109
174
-11
-232
-300
-371
-483
-522
-412
-356
-460
-553
-624
-564
-378
-126
-91
-248
-308
-153
75
223
323
255
186
203
396
624
578
282
62
53
168
233
240
51
-215
-362
-288
-74
-12
-104
-310
-470
-457
-250
-20
-25
-170
-304
-226
-140
-60
50
188
197
12
33
228
403
317
201
219
276
345
441
536
434
338
322
443
380
230
217
231
174
68
146
128
-3
-89
48
232
204
134
133
115
91
172
308
338
205
202
280
291
205
191
217
142
8
-64
-83
-197
-259
-348
-484
-647
-648
-615
-700
-794
-705
-602
-678
-756
-640
-412
-409
-500
-414
-179
-67
-59
-31
208
280
189
205
371
536
527
569
580
558
463
535
673
585
341
237
265
274
274
275
119
-139
-190
84
283
151
25
4
-36
-134
60
385
387
84
60
353
424
278
275
462
470
330
345
541
479
331
302
434
452
347
339
250
151
75
161
210
104
-58
-88
-76
-61
-24
17
-75
-215
-180
9
88
1
-72
-42
-79
-146
-57
68
44
-135
-121
-1
-52
-118
-38
97
17
-122
-93
30
11
-50
-8
0
-146
-103
107
162
-57
-243
-202
-125
-68
44
152
-43
-297
-281
-14
77
-60
-164
-234
-288
-209
-19
115
-9
-219
-321
-330
-221
7
102
-21
-214
-228
-57
96
136
156
104
38
38
179
381
390
291
203
272
327
332
295
233
176
114
185
198
104
12
61
156
108
21
9
12
2
105
260
265
57
-39
89
233
196
84
13
-73
-154
-59
102
124
7
-113
-92
13
130
171
92
-41
-77
-10
89
121
97
-2
-137
-197
-67
92
75
-40
-106
-131
-109
-46
82
140
86
-25
-8
124
178
178
168
184
186
126
97
137
233
342
321
218
77
13
91
195
290
319
151
-5
-24
144
299
264
169
157
175
199
306
413
330
112
73
287
470
431
296
267
236
193
255
317
320
160
25
36
139
182
146
-1
-116
-102
13
116
122
49
0
-24
-68
-23
92
133
104
81
106
139
121
149
217
207
120
32
3
-38
-47
55
57
-50
-219
-270
-168
-88
-72
-60
-74
-231
-297
-220
-77
-9
-83
-106
-143
-152
-148
-75
-67
-165
-220
-163
-84
-125
-213
-239
-276
-290
-258
-226
-187
-235
-296
-330
-305
-273
-229
-210
-243
-295
-290
-239
-223
-206
-193
-190
-257
-267
-202
-120
-85
-93
-71
-104
-144
-131
2
29
-67
-134
-116
-100
-96
-65
-30
-123
-283
-309
-282
-238
-208
-156
-186
-267
-293
-194
-107
-111
-75
14
21
-25
-51
23
89
61
56
118
156
79
57
69
154
155
63
-46
-84
-50
-31
9
-32
-125
-182
-212
-156
-56
-41
-116
-250
-257
-187
-99
-62
-75
-85
-67
6
110
209
215
142
48
79
187
233
183
55
-62
-88
-41
7
30
-26
-123
-225
-206
-93
-60
-168
-289
-309
-249
-225
-202
-171
-178
-237
-264
-199
-158
-209
-272
-243
-181
-159
-168
-139
-181
-217
-195
-104
-92
-166
-165
-110
-73
-84
-63
-33
-69
-146
-149
-66
-6
-59
-144
-190
-203
-137
-32
51
87
59
9
9
52
95
106
78
36
-22
-35
-8
-1
-23
-94
-149
-172
-140
-117
-169
-231
-239
-250
-309
-363
-331
-283
-291
-335
-354
-374
-390
-355
-327
-327
-343
-368
-358
-326
-283
-256
-295
-362
-366
-334
-345
-417
-394
-386
-393
-414
-397
-341
-367
-460
-491
-443
-437
-390
-328
-303
-324
-350
-308
-233
-165
-91
-7
29
9
19
84
141
108
116
147
139
124
106
163
140
64
-54
-77
-52
-71
-94
-126
-145
-240
-312
-328
-226
-135
-113
-124
-189
-242
-182
-116
-93
-76
-122
-174
-218
-141
-37
-28
-100
-116
-46
-57
-86
-68
-29
-90
-183
-224
-128
-72
-135
-192
-237
-265
-329
-291
-208
-191
-306
-432
-413
-344
-292
-262
-277
-303
-308
-286
-228
-196
-205
-264
-349
-348
-246
-154
-145
-233
-309
-373
-344
-272
-228
-234
-315
-421
-424
-353
-319
-314
-344
-370
-410
-394
-304
-237
-239
-319
-357
-347
-327
-301
-243
-209
-224
-256
-294
-288
-307
-260
-197
-184
-221
-215
-209
-167
-159
-156
-173
-230
-263
-239
-160
-176
-252
-308
-225
-182
-153
-108
-70
-54
-49
-36
3
73
92
67
-1
-23
36
97
75
2
-3
27
20
26
19
11
-67
-174
-183
-143
-133
-162
-133
-116
-192
-305
-348
-348
-328
-301
-304
-336
-405
-402
-352
-276
-266
-349
-424
-469
-424
-390
-383
-411
-467
-521
-532
-436
-337
-322
-409
-506
-507
-419
-337
-320
-367
-434
-431
-347
-219
-121
-133
-172
-195
-170
-84
3
34
7
-57
-90
-15
94
63
-57
-111
-85
-15
-9
-6
-13
-43
-66
-29
25
33
10
-70
-107
-92
-33
-37
-86
-129
-107
-44
-34
-43
-55
-62
-77
-21
37
81
35
-34
-52
-33
-25
-67
-100
-180
-225
-270
-256
-236
-229
-255
-279
-241
-218
-248
-284
-269
-246
-253
-247
-176
-101
-105
-133
-116
-90
-61
-41
16
83
71
15
-35
-65
-112
-94
-1
38
-44
-144
-125
-55
-56
-107
-131
-109
-107
-91
-2
52
34
-46
-67
-5
71
68
60
44
24
61
75
65
-4
-32
6
25
29
30
-8
-114
-169
-113
-61
-59
-132
-168
-184
-213
-201
-187
-170
-212
-251
-239
-172
-94
-93
-137
-154
-116
-55
-11
-13
-1
-4
-28
9
78
107
57
-10
-5
40
81
64
23
-32
-54
-46
-53
-95
-125
-194
-236
-172
-105
-111
-206
-294
-323
-281
-228
-201
-190
-222
-241
-193
-143
-154
-210
-269
-270
-216
-168
-138
-181
-234
-252
-292
-280
-232
-191
-240
-285
-269
-227
-247
-291
-287
-263
-302
-306
-297
-297
-309
-302
-254
-214
-242
-251
-225
-213
-171
-112
-86
-120
-124
-105
-66
-69
-43
-44
-55
-38
13
96
55
-54
-103
-36
54
74
58
72
54
11
45
169
220
187
148
218
310
319
287
275
269
237
234
250
283
215
145
140
110
51
9
-25
-68
-115
-112
-104
-169
-227
-230
-223
-226
-175
-113
-98
-163
-151
-72
-26
-38
-67
-79
-110
-126
-97
-68
-93
-169
-212
-204
-132
-82
-75
-104
-170
-220
-201
-155
-116
-169
-201
-167
-160
-139
-139
-152
-199
-188
-132
-64
-63
-105
-112
-135
-154
-123
-58
-65
-92
-89
-21
5
-11
-8
-7
-44
-79
-30
2
2
-61
-66
-52
-60
-44
-12
11
21
-25
-70
-78
-27
17
27
36
8
4
-12
-42
-96
-130
-155
-178
-172
-152
-144
-186
-199
-165
-148
-167
-164
-156
-172
-186
-191
-145
-113
-123
-140
-153
-119
-49
-22
-32
-24
36
100
122
118
127
173
177
116
95
98
66
34
24
52
34
-39
-58
-41
-40
-34
-8
34
6
-30
-44
-14
-12
5
22
-19
-47
-53
19
71
81
74
80
64
15
40
96
131
111
97
115
119
90
121
181
211
179
127
106
100
120
163
203
229
260
264
257
267
272
306
327
273
261
287
339
298
265
288
291
261
240
286
294
262
218
203
191
126
76
73
31
5
7
15
7
-34
-56
-53
-39
-55
-72
-69
-51
-37
-48
-94
-126
-62
23
50
39
28
52
41
64
88
126
99
34
54
99
136
93
30
0
-72
-116
-115
-46
-6
-51
-102
-104
-36
19
98
115
137
110
176
332
304
424
285
272
181
96
206
188
124
46
40
33
24
8
72
0
27
-7
25
53
-108
-138
-245
-302
-306
-386
-372
-423
-382
-362
-383
-362
-355
-324
-302
-310
-334
-325
-398
-338
-347
-358
-276
-376
-320
-285
-303
-215
-277
-287
-298
-262
-263
-144
-244
-199
-293
-163
-285
-197
-229
-276
-128
-339
-169
-176
-178
-138
-143
-159
-1
-89
115
-15
119
19
72
171
-80
43
-88
-191
3
-155
27
2
-250
52
-232
52
-153
-124
-84
-322
-165
-246
-293
-93
-438
-148
-94
-249
-48
-186
-31
-157
-138
93
-149
76
-156
-15
88
-115
66
35
-124
41
-46
108
75
87
50
67
153
49
126
70
115
187
186
114
320
-127
508
-59
503
207
379
317
308
243
392
293
241
417
138
325
193
418
174
495
53
272
192
150
234
61
113
194
-35
235
-111
186
56
-21
135
12
1
188
-176
158
26
-198
119
-345
371
-239
66
175
-171
102
-68
-116
157
-236
59
-122
-162
62
-364
53
-155
-93
107
-224
46
89
-172
244
-101
-38
99
80
107
12
276
-71
186
192
217
293
184
210
419
145
359
491
68
504
-20
365
147
-105
416
-166
102
198
-180
138
73
-158
174
-9
-21
382
-64
441
9
327
-102
242
167
-151
508
-102
396
-4
373
3
458
-151
437
-177
226
193
-74
484
-184
246
230
-211
319
304
-155
687
-224
216
317
-105
462
126
209
199
106
186
162
128
241
107
63
183
-161
296
-68
136
-85
68
-314
98
-51
-42
57
-266
-123
-55
-123
-125
-107
-71
-152
-95
-9
-125
-50
-183
18
-186
78
-84
-110
69
-151
71
-7
-99
57
82
-257
393
-132
-34
67
-249
234
-235
224
80
-152
203
-22
118
169
72
128
178
-127
316
48
62
306
44
60
209
225
-18
454
-117
440
96
95
422
-157
400
204
168
364
214
126
362
-108
514
43
112
363
-8
317
90
225
282
139
419
85
304
69
222
227
25
481
181
98
587
-40
160
293
-23
362
44
254
283
56
211
208
98
265
176
460
132
407
330
307
437
160
618
97
387
460
128
576
295
240
462
185
231
243
172
251
127
83
-6
183
-67
124
42
123
5
116
70
168
228
59
229
91
55
134
90
20
358
81
135
121
29
133
165
67
249
276
72
318
-102
384
33
213
110
93
163
-94
254
114
58
139
181
-186
411
-160
237
274
31
293
215
-6
186
240
-23
308
192
-22
295
158
111
323
143
247
282
72
274
230
38
324
-125
286
-135
110
80
100
53
94
-11
-48
51
-29
-39
80
33
-180
455
-557
297
-117
-297
292
-221
106
98
-323
148
-14
-349
473
-428
445
-98
-3
86
-108
-66
238
-42
60
275
-237
372
25
18
418
-108
340
117
-24
406
-49
269
233
92
356
41
220
208
160
334
6
198
-31
171
32
254
149
180
133
136
-15
649
-283
609
8
80
578
-98
542
287
-66
676
-232
410
323
83
521
26
267
140
231
-76
487
8
227
217
213
161
440
55
202
300
3
376
23
338
89
366
49
251
240
84
465
-89
522
-48
337
320
116
491
119
11
512
-134
289
106
49
295
-229
316
-268
230
-82
-6
-52
29
-318
172
-288
-1
83
-228
-65
22
-186
80
55
-301
174
-240
-117
188
-380
220
-275
-248
134
-510
218
-379
-37
-146
-404
-134
-269
-246
-84
-398
-53
-404
-116
-265
-315
-49
-260
-30
-260
5
-27
-245
31
-136
-313
214
-417
332
-210
-204
398
-427
205
-134
-194
230
-301
37
37
-253
134
-177
-268
66
-349
-13
-71
-123
-117
-142
-66
-172
-26
-39
-147
247
-322
243
-5
-128
51
37
-231
219
-310
232
-91
-166
250
-382
191
-159
-47
14
-75
-109
143
-371
347
-323
160
-41
70
-28
53
-91
152
-201
80
4
-164
167
-239
141
-289
159
-358
108
-499
109
-357
-191
-71
-492
94
-524
77
-379
-64
-234
-162
-335
-104
-319
-185
-167
-317
-211
-179
-312
-43
-41
-394
237
-257
-162
282
-475
191
-210
-309
270
-566
265
-350
26
-59
3
-206
127
-367
166
-131
-160
295
-444
318
-268
-113
3
-87
-152
257
-435
160
-13
-369
394
-423
234
0
-135
186
-86
115
-154
-45
-63
-174
-30
-170
43
-372
-127
-165
-381
36
-432
-294
108
-662
124
-220
-429
306
-674
14
-256
-300
17
-385
-71
-176
-263
48
-372
73
-345
-55
-83
-309
74
-200
-18
-45
-288
-43
-162
-324
148
-508
153
-467
-135
-41
-494
66
-205
-252
235
-555
187
-288
-193
106
-375
48
-279
-85
-18
-281
214
-286
-112
203
-609
395
-359
-203
240
-628
184
-278
-522
284
-732
12
-392
-398
-23
-423
-15
-182
-457
-52
-343
-169
-262
-177
-276
-195
-225
-410
55
-585
-64
-247
-333
-49
-245
-213
11
-279
-52
-83
-121
-202
0
-312
-104
-38
-419
-26
-220
-144
-60
-263
68
-135
-91
125
-201
93
-119
-29
86
-118
18
-36
-173
-75
55
-262
142
-129
11
-188
-10
-278
126
-275
9
-44
-252
118
-226
-116
-92
-66
-189
73
-124
-31
-139
-111
-138
-59
-258
4
-268
-78
-325
-220
-48
-475
44
-241
-272
-45
-248
-344
108
-554
46
-226
-254
140
-410
164
-258
-221
-84
-325
-230
7
-511
293
-367
-115
-38
-377
-60
-202
-248
-1
-392
46
-293
-87
22
-305
25
-125
-387
188
-217
-354
377
-601
227
-156
-248
233
-237
-152
135
-267
87
-159
-122
280
-365
300
55
-203
540
-356
261
241
-307
352
9
-185
430
-346
242
-128
32
-23
5
-27
169
-164
154
34
-147
236
-142
87
167
-103
-34
248
-354
273
-288
115
-135
22
-129
0
-147
49
-145
187
-228
179
-185
97
-204
7
48
-274
183
-213
-62
95
-211
110
132
-477
571
-588
252
184
-489
545
-289
-134
418
-530
319
-42
-309
445
-449
304
-24
-305
440
-533
193
207
-575
543
-369
23
128
-81
18
138
-23
5
123
52
43
174
30
-171
407
-403
406
-354
178
-97
-268
268
-385
-20
78
-510
224
-108
-293
351
-406
99
129
-310
226
-169
-127
155
-210
86
-90
-136
1
-87
-33
20
-41
-132
158
-252
149
-99
43
-134
100
-34
-144
299
-395
268
-185
-25
139
23
59
314
-95
376
61
207
300
-158
656
-339
550
26
108
318
88
191
138
267
-6
267
136
108
79
234
-228
342
-196
148
183
-314
301
-114
-24
189
-218
275
174
-323
775
-455
480
317
-246
595
45
79
461
27
174
386
-285
549
-92
154
487
-190
422
-49
125
374
-44
447
331
86
422
191
193
613
-174
815
17
439
627
12
601
337
85
717
135
376
531
-5
644
126
236
503
-155
548
-119
382
293
52
464
128
251
153
430
-128
671
-29
450
230
146
254
223
166
176
355
-44
546
-135
603
-12
383
187
105
365
42
310
134
414
-36
607
-52
412
171
147
234
222
271
234
424
41
515
0
307
267
53
473
-23
342
162
108
315
91
187
289
129
115
358
-12
399
-31
322
55
59
312
-65
270
101
101
338
-52
308
251
70
496
-46
371
270
63
479
171
72
571
-84
370
391
37
527
245
132
564
57
485
366
227
560
100
522
175
324
346
260
152
387
84
136
390
45
314
320
291
240
434
192
445
387
146
604
181
186
548
102
273
521
43
459
466
17
670
139
70
631
-49
335
518
-106
454
282
129
446
187
245
420
-56
460
165
125
448
95
352
325
127
347
286
39
674
64
301
585
-136
627
37
428
359
266
331
508
-86
597
-21
120
592
-404
792
-136
276
380
-62
371
183
213
344
213
116
417
-111
479
113
97
426
-120
362
220
102
483
119
263
486
10
531
428
70
673
88
227
595
-145
666
194
176
613
52
274
715
-219
820
243
140
801
91
412
697
-152
649
355
-127
790
21
153
649
-21
335
474
9
504
339
78
655
74
295
470
51
432
245
130
519
75
352
445
-33
635
80
301
424
326
219
478
249
163
466
101
335
395
16
425
159
72
298
149
79
191
108
153
42
199
-95
175
-5
-101
304
-178
288
183
-168
502
-294
348
124
-19
339
-51
201
203
85
268
185
194
127
280
117
227
274
-29
411
-108
299
96
52
385
-72
295
252
-43
394
-24
317
112
213
135
211
288
-83
501
31
158
470
-113
367
231
-74
423
-185
353
-87
84
201
-283
482
-427
392
-81
-143
271
-326
280
-87
26
432
-191
453
42
92
390
-60
360
130
44
473
-157
568
133
323
503
105
520
183
513
195
315
404
12
494
293
45
782
-67
483
445
54
732
146
482
439
229
681
177
479
428
92
674
114
430
586
-9
585
190
294
542
-59
632
-37
257
402
25
552
68
348
403
-24
473
-30
237
420
-190
683
-158
369
303
19
677
33
326
473
-73
738
-97
545
319
8
576
13
380
416
133
570
190
320
486
76
580
58
383
272
197
415
64
262
357
23
493
-84
304
233
60
303
307
132
481
167
225
318
228
286
210
298
162
289
184
183
298
179
-48
486
-50
205
264
-49
306
58
24
268
49
150
83
239
119
147
255
29
188
157
52
116
240
-33
247
142
14
11
277
-235
324
-22
-56
272
-75
29
163
-49
66
36
89
-10
145
174
12
289
-131
251
-81
139
205
-59
369
-11
132
356
-171
342
122
-20
343
-57
205
77
96
278
-67
422
16
277
263
52
292
146
134
357
18
358
84
232
307
-41
484
-127
391
203
32
506
19
393
205
129
452
131
309
335
56
449
-14
188
352
-120
550
73
166
522
-34
380
377
-51
554
149
46
554
-56
286
321
-105
301
41
80
322
5
362
175
33
492
-1
318
403
28
489
213
96
588
43
367
380
106
398
172
255
312
110
211
427
-67
512
206
44
494
-120
368
279
37
434
97
91
549
-136
523
148
73
486
-49
423
213
8
487
71
152
460
-51
460
71
270
301
304
196
434
88
469
196
215
171
167
282
22
320
240
127
278
187
180
456
-63
476
30
275
136
262
96
279
94
274
89
231
152
14
417
-83
331
210
78
243
154
86
217
44
281
-86
128
212
-187
285
-116
-43
266
-394
349
102
-219
607
-140
151
407
-189
336
1
67
361
-231
388
2
10
317
-81
194
163
-20
313
-90
58
237
-182
180
89
-62
140
-155
91
-141
-20
58
-193
142
-49
-166
43
-128
-101
95
-283
65
-167
-80
-202
-110
-178
-249
-131
-249
-369
-86
-225
-352
99
-490
98
-313
-137
30
-263
-110
-71
-200
85
-188
-163
223
-484
227
-126
-171
152
-158
-29
239
-306
164
-102
-144
210
-329
136
-48
-135
56
-142
-73
230
-191
152
8
21
68
-149
47
-19
-101
62
-174
29
-34
-175
195
-336
171
87
-239
254
-90
-70
242
-262
320
8
-134
346
-173
5
249
-153
190
72
-92
378
-194
221
224
-183
260
87
-57
421
-217
152
249
-301
449
-111
-80
385
-315
250
133
-184
392
-112
79
265
-237
230
106
-199
248
-66
-40
305
-202
152
252
-255
374
4
-116
409
-125
127
354
-270
398
49
-295
458
-226
-108
394
-409
260
146
-336
425
-263
-145
450
-459
201
181
-426
291
-137
-156
287
-222
74
119
-145
215
44
-52
189
8
-107
184
-85
90
133
-113
164
69
-92
157
0
-28
111
35
-101
98
-21
-128
132
-124
12
153
-127
8
145
-171
258
-21
41
320
-84
130
174
44
222
9
30
263
-72
109
200
-31
125
146
-49
106
55
-111
151
34
-56
183
-23
58
201
-83
169
89
62
61
23
-9
98
18
17
4
11
-72
80
-65
-38
123
-206
12
87
-170
26
27
-107
78
-116
-70
62
-113
-133
8
-73
-91
62
-70
30
-13
-40
4
14
100
-152
106
48
-163
153
-89
-87
119
-104
-73
44
-63
-23
86
-82
28
-31
-149
3
71
-133
26
12
-134
20
-28
-101
9
68
29
164
-20
227
70
22
85
16
179
-77
62
73
-149
-27
99
-174
94
-198
102
75
-134
154
89
53
98
134
-28
160
-62
207
34
-14
156
85
-26
195
77
167
148
116
230
38
216
239
80
75
198
85
189
141
62
143
158
126
240
67
60
102
113
2
112
90
34
117
130
-41
92
117
-25
47
26
-91
72
54
-189
176
-45
-55
113
-96
-106
95
-110
-69
-64
-49
-31
-76
75
-50
14
49
-49
134
53
44
100
140
-58
91
151
-84
199
163
29
161
225
7
189
174
16
180
132
-15
167
56
-40
107
-89
-83
17
-71
-99
136
-11
-103
215
-28
34
189
8
85
246
40
155
213
-87
231
179
-91
190
133
-62
227
201
61
252
116
170
279
119
241
171
128
211
109
26
69
122
19
60
12
122
95
52
181
61
47
66
114
138
86
28
106
57
-46
200
32
129
223
92
141
159
67
196
-17
148
205
-78
165
13
128
173
5
198
117
-33
174
77
182
234
55
176
118
129
158
159
173
198
60
81
144
64
53
99
87
72
100
110
155
78
143
151
87
225
112
46
270
77
100
225
4
159
149
3
151
13
22
-4
13
55
-31
73
15
-25
107
47
-3
164
28
8
106
-3
52
28
-54
10
20
-77
-74
-8
-67
-159
-114
-36
-128
3
58
-60
28
15
19
154
-74
31
103
-110
-39
63
-78
10
-1
-123
20
-28
-113
52
-28
-28
98
-23
62
43
-45
66
-26
-55
69
-113
-95
-31
-191
-80
-73
-123
-106
-83
-99
-137
95
-93
-55
155
-33
-11
87
-47
29
11
-27
89
7
1
43
41
-99
66
40
-87
44
-20
-85
76
-56
-39
99
-176
22
34
-171
-25
-4
-95
-125
42
-6
-34
55
102
22
141
40
-22
75
-81
13
17
-20
-27
36
-61
-36
-57
-118
-144
-113
-176
-84
-9
-135
-27
-96
-113
-86
-106
-86
-29
-123
-89
-96
-83
-94
-73
-10
-103
-105
-44
-68
-183
-60
-158
-157
-53
-228
-100
-16
-218
-76
-165
-219
-72
-161
-90
-35
-133
-90
-136
-270
-211
-218
-304
-207
-152
-210
-218
-211
-312
-207
-309
-329
-161
-280
-213
-109
-206
-123
-172
-280
-180
-193
-244
-116
-183
-130
-100
-228
-106
-141
-181
-118
-122
-78
-36
-95
-104
-44
-78
-184
-56
-121
-42
29
-36
122
55
7
30
-5
38
29
46
71
60
64
-50
10
41
-64
-3
15
7
51
41
115
135
128
149
98
129
124
56
110
130
60
84
114
50
100
89
38
90
106
125
40
82
110
23
62
100
97
154
153
197
183
53
96
131
88
122
114
113
171
111
125
121
137
91
82
142
130
184
125
82
134
48
25
64
33
33
42
29
44
4
-76
-30
-93
-104
-78
-29
22
12
-85
-37
-67
-54
-4
-88
-71
-129
-77
-46
-49
-118
-136
-184
-163
-71
-100
-140
-108
-125
-162
-142
-154
-181
-157
-134
-153
-114
-99
-101
-142
-152
-234
-314
-299
-250
-196
-196
-223
-244
-255
-272
-266
-198
-213
-237
-130
-201
-179
-195
-235
-231
-215
-144
-143
-118
-165
-208
-246
-209
-220
-215
-222
-174
-198
-238
-183
-152
-177
-125
-123
-59
-35
-108
-44
-101
-45
2
-28
-44
-7
-46
-72
2
1
7
7
35
86
93
89
128
81
135
107
52
114
14
32
14
-10
62
47
-9
35
29
-8
18
83
80
136
119
85
113
44
69
102
126
160
170
208
191
159
143
61
117
62
-37
44
5
-4
-1
-67
-22
-87
-143
-76
-106
-126
-79
-94
-72
-62
-103
-101
-108
-42
-19
13
4
10
-17
-53
-24
-48
-20
-21
-18
49
17
37
49
19
77
1
-22
53
19
71
70
7
33
-45
-72
-77
-107
-95
-67
-44
-31
5
-27
-53
-65
-102
-82
-58
-39
-73
-61
-84
-128
-57
-84
-35
-40
-91
-81
-56
-68
-43
-59
-60
-67
-111
-38
-115
-126
-117
-157
-65
-46
-93
-89
-116
-97
-133
-156
-187
-199
-214
-234
-222
-248
-272
-294
-346
-367
-356
-396
-355
-337
-355
-338
-313
-355
-322
-276
-295
-234
-261
-319
-296
-294
-330
-307
-283
-293
-288
-301
-263
-303
-290
-303
-339
-306
-278
-240
-237
-217
-199
-235
-244
-247
-274
-273
-288
-324
-274
-317
-326
-282
-312
-300
-266
-322
-280
-301
-327
-275
-295
-287
-265
-319
-291
-244
-315
-250
-259
-282
-203
-246
-220
-194
-292
-284
-324
-342
-329
-397
-390
-408
-440
-450
-487
-443
-509
-534
-506
-580
-570
-560
-576
-565
-536
-564
-568
-538
-619
-534
-517
-537
-510
-554
-555
-536
-511
-466
-475
-480
-477
-528
-514
-552
-545
-526
-515
-532
-516
-533
-551
-549
-544
-525
-528
-485
-481
-477
-524
-550
-591
-607
-570
-587
-592
-578
-609
-582
-562
-601
-592
-576
-583
-579
-525
-573
-578
-552
-634
-618
-664
-670
-668
-656
-657
-694
-691
-664
-639
-652
-601
-620
-625
-632
-653
-669
-655
-700
-725
-697
-720
-690
-678
-693
-699
-684
-658
-676
-655
-614
-643
-615
-602
-658
-667
-650
-670
-654
-641
-634
-596
-588
-562
-552
-558
-541
-570
-572
-526
-521
-469
-455
-477
-420
-458
-454
-448
-442
-406
-437
-393
-397
-412
-393
-403
-385
-399
-410
-333
-317
-299
-307
-332
-349
-342
-354
-375
-380
-400
-383
-373
-359
-347
-332
-388
-387
-361
-330
-331
-315
-341
-361
-347
-372
-364
-376
-346
-341
-336
-341
-345
-323
-348
-335
-383
-433
-473
-453
-439
-454
-510
-543
-541
-578
-529
-544
-582
-583
-571
-549
-511
-500
-518
-532
-549
-529
-513
-495
-514
-539
-511
-517
-502
-503
-496
-517
-489
-444
-494
-501
-506
-529
-518
-565
-570
-605
-665
-645
-646
-641
-614
-649
-644
-660
-705
-658
-648
-657
-606
-569
-545
-527
-573
-612
-623
-624
-669
-661
-681
-691
-690
-646
-670
-704
-712
-733
-728
-723
-723
-717
-724
-739
-697
-716
-698
-738
-737
-734
-718
-680
-676
-694
-694
-725
-725
-701
-729
-689
-696
-703
-695
-703
-709
-707
-701
-707
-675
-710
-697
-634
-678
-628
-608
-638
-632
-631
-638
-590
-629
-639
-607
-613
-592
-583
-560
-563
-547
-551
-499
-488
-434
-456
-483
-475
-516
-461
-455
-440
-446
-453
-443
-399
-381
-355
-354
-389
-369
-411
-403
-442
-444
-430
-494
-557
-569
-578
-540
-533
-549
-501
-487
-451
-395
-393
-368
-340
-351
-320
-348
-366
-345
-319
-322
-346
-353
-370
-365
-398
-449
-382
-356
-358
-348
-338
-355
-355
-355
-395
-391
-380
-412
-416
-439
-470
-433
-422
-394
-373
-382
-358
-372
-380
-394
-385
-355
-329
-336
-337
-328
-345
-323
-341
-360
-367
-386
-348
-345
-325
-283
-239
-221
-241
-258
-239
-244
-224
-219
-243
-208
-194
-198
-172
-191
-220
-226
-195
-163
-134
-146
-143
-153
-150
-144
-166
-139
-179
-180
-211
-208
-193
-194
-198
-188
-157
-139
-128
-98
-95
-145
-188
-185
-159
-114
-55
-51
-10
-28
-66
-30
-84
-117
-94
-72
-75
-75
-62
-5
-3
-22
-53
-119
-137
-131
-89
-52
-24
-4
-8
-41
-62
-117
-126
-134
-137
-100
-110
-123
-131
-155
-153
-187
-184
-113
-114
-65
-26
-41
-31
-42
-47
-11
-28
-17
5
-1
17
32
31
34
21
25
56
73
88
81
39
42
45
40
48
22
43
25
29
27
-2
-3
-19
8
12
22
40
22
-49
-65
-21
8
79
94
71
77
73
80
99
83
74
60
50
67
42
62
77
76
56
30
5
18
50
39
63
37
11
-20
-29
-2
-14
26
34
26
13
3
24
41
62
104
87
93
108
84
92
66
85
117
96
92
90
77
50
66
90
100
107
143
170
205
253
259
270
285
270
235
199
187
220
246
250
230
241
269
275
250
271
281
291
293
261
284
324
301
294
283
273
316
305
313
305
300
315
310
291
270
282
297
299
255
243
241
235
259
275
284
289
278
261
239
248
265
250
234
226
239
234
233
246
259
256
303
333
287
298
296
300
333
335
315
295
298
324
353
342
330
285
264
270
262
281
314
323
298
287
308
316
308
317
330
355
383
362
345
369
331
328
319
279
295
334
352
326
335
340
355
373
357
369
382
368
360
372
367
345
325
328
319
286
285
238
224
216
197
201
182
164
164
142
110
67
34
51
34
42
24
-25
-12
20
32
34
26
24
15
17
35
19
1
7
1
-8
19
0
26
62
45
62
53
60
77
56
39
12
-22
-23
-33
-41
-25
0
0
-11
-12
17
40
60
69
43
57
89
73
96
83
68
113
124
105
129
110
82
83
100
140
162
142
136
147
165
195
207
211
221
207
209
224
219
228
233
230
217
213
230
224
212
193
178
171
158
164
207
220
221
199
196
216
221
233
258
267
278
284
262
287
294
315
302
270
264
247
196
173
182
192
237
232
235
238
223
217
199
207
204
201
188
196
201
182
156
142
181
215
205
184
163
170
209
211
236
241
216
254
230
240
261
229
245
197
171
186
181
213
232
195
205
221
214
250
269
260
304
310
329
363
335
331
349
359
386
398
396
375
361
327
305
279
273
281
254
268
270
211
196
204
215
243
259
266
269
314
326
349
392
380
393
368
380
386
366
364
351
349
352
361
363
342
334
325
335
336
337
350
327
329
333
310
316
308
294
291
272
320
364
409
433
435
450
442
438
443
449
440
436
403
395
428
443
455
466
458
460
461
490
502
489
516
500
504
478
420
412
371
381
395
380
363
326
347
334
338
352
331
345
347
355
345
327
313
316
309
283
308
300
320
364
371
366
346
345
351
373
411
440
438
422
407
421
449
467
473
477
518
498
490
488
461
481
506
494
481
473
483
515
507
490
485
455
465
432
373
355
360
365
362
383
418
437
459
471
466
472
413
410
385
371
393
346
382
383
415
430
399
412
421
441
448
422
417
425
430
411
412
410
378
383
393
436
445
407
377
371
365
362
355
347
337
326
350
348
301
308
306
303
312
297
294
267
280
310
288
295
325
350
352
363
366
369
359
360
365
339
333
330
346
377
350
334
354
391
398
396
381
379
369
357
359
337
338
344
356
340
320
322
338
315
268
238
234
236
206
185
203
211
200
206
229
243
275
299
307
310
291
274
254
289
273
257
251
256
224
232
243
235
223
197
213
230
211
183
186
185
208
240
287
320
359
386
372
335
315
298
288
311
332
343
340
330
308
275
292
308
293
287
276
286
300
306
333
325
293
315
289
270
284
260
250
250
266
264
262
259
248
273
261
242
219
236
240
227
228
172
180
197
207
202
211
180
193
209
194
217
222
193
168
160
140
152
150
147
181
197
239
268
251
295
292
324
310
314
317
299
304
287
253
281
265
246
257
205
198
192
212
272
319
339
314
280
303
284
273
297
310
312
317
335
370
370
355
387
385
394
393
383
372
367
355
344
340
327
313
318
326
317
329
293
310
280
291
301
333
366
366
389
359
342
319
283
258
270
257
249
239
228
227
232
262
242
217
200
210
208
181
153
146
181
164
144
138
141
137
130
150
130
123
127
104
95
95
121
137
129
143
95
90
91
51
26
-5
-3
-21
-10
-15
-12
-17
-21
-5
-21
-8
-2
12
16
-2
-14
-36
-20
-24
1
9
-36
-30
-27
-12
-12
-23
-1
13
-10
-37
-26
-19
-5
16
31
31
44
8
1
12
-5
24
56
69
51
57
50
63
59
23
9
-4
-25
-42
-8
24
41
84
73
60
60
27
30
37
67
64
63
47
23
42
48
51
28
42
74
51
21
33
29
39
41
29
39
54
64
40
48
46
7
24
25
33
19
17
29
25
23
2
-15
3
-3
-15
-16
-20
-23
-21
-44
-44
-47
-58
-30
-18
-12
-2
2
16
21
46
61
76
114
88
75
90
62
-20
-53
-46
-49
-22
-13
-11
-17
7
-33
-53
-33
-57
-46
-50
-46
-69
-49
-60
-82
-101
-110
-90
-90
-65
-88
-81
-72
-41
-27
0
-23
-30
7
3
1
11
9
4
12
53
66
44
13
17
43
85
73
35
46
74
96
103
105
94
96
40
55
55
19
34
79
80
88
112
79
78
118
144
121
139
130
134
98
94
119
119
101
111
153
123
98
85
119
123
133
120
141
155
165
152
142
166
95
93
97
128
132
163
175
156
147
157
179
168
169
142
136
119
94
68
143
109
85
101
107
154
152
175
152
184
177
135
126
112
104
70
34
24
-16
-31
-15
18
20
-4
-31
-8
-9
-20
7
-3
-17
-74
-70
-53
-39
-22
-11
-15
-32
-49
-29
-17
-18
3
-16
49
73
57
30
10
28
8
5
-11
2
-10
-15
-15
-17
-56
-40
-51
-56
-28
-20
-8
-5
28
70
88
62
45
61
48
47
54
43
55
37
4
46
33
-17
-39
-54
-40
-47
-83
-77
-93
-150
-124
-97
-68
-75
-91
-67
-62
-62
-88
-92
-117
-129
-156
-158
-127
-129
-158
-134
-119
-155
-204
-205
-194
-201
-185
-182
-167
-206
-202
-203
-206
-200
-221
-206
-203
-218
-207
-225
-234
-188
-181
-197
-205
-185
-172
-163
-148
-200
-205
-200
-210
-190
-147
-152
-150
-94
-88
-97
-82
-78
-76
-54
-36
-60
-74
-76
-90
-117
-132
-141
-127
-117
-76
-57
-57
-40
-2
-20
-2
58
69
62
69
95
69
79
41
57
54
54
81
85
83
67
72
87
93
76
69
86
50
12
10
-29
-22
-23
9
19
18
25
14
47
81
108
109
122
160
145
145
131
146
148
114
111
119
136
129
142
163
164
202
160
138
128
140
180
194
214
196
201
186
204
226
250
249
237
237
206
205
199
185
187
195
164
113
127
135
110
96
123
103
118
139
136
133
119
153
135
149
156
134
160
203
183
172
