296
292
284
272
266
248
232
209
202
199
203
210
216
230
238
224
235
234
227
235
251
258
264
268
251
250
240
247
264
268
252
242
236
226
225
218
206
209
215
210
191
194
198
205
219
232
251
258
246
243
218
190
188
183
182
167
146
140
131
135
141
141
144
130
124
131
138
135
119
105
88
89
96
87
79
70
76
77
92
96
104
101
103
120
122
135
149
155
156
159
168
165
162
158
164
157
142
136
135
160
181
181
137
113
115
141
172
187
181
143
109
100
122
164
188
190
183
171
185
194
174
155
140
125
113
104
94
81
82
76
59
48
40
48
49
70
91
98
96
82
58
64
76
95
121
138
136
129
121
114
103
89
91
89
69
30
13
2
11
25
43
32
27
36
51
79
88
96
82
78
64
61
58
53
47
48
54
46
30
23
35
35
46
40
29
21
17
22
16
1
-6
-20
-28
-16
-17
-29
-55
-79
-91
-81
-73
-67
-56
-35
-18
-6
0
-1
2
7
21
13
6
0
-6
-4
0
-6
-5
-5
-18
-17
-7
5
15
29
47
50
44
42
29
26
22
57
107
116
128
108
80
66
56
43
14
-13
-24
-10
-5
2
13
31
43
49
60
75
81
75
89
92
94
86
84
89
98
112
105
102
80
60
47
29
14
-9
-31
-48
-56
-54
-38
-30
-30
-16
0
17
36
40
43
43
45
38
26
0
-37
-67
-87
-88
-87
-91
-77
-43
-15
5
-14
-14
6
33
53
50
58
48
49
59
54
58
65
53
41
26
6
-5
-10
-24
-36
-52
-62
-78
-76
-80
-82
-75
-80
-73
-64
-65
-79
-77
-74
-84
-96
-94
-85
-84
-80
-90
-86
-81
-62
-44
-34
-34
-28
-23
-16
-4
-10
-10
-25
-31
-28
-37
-41
-64
-73
-70
-73
-56
-46
-36
-26
-22
-22
-24
-17
-16
0
3
8
35
57
72
82
88
99
107
104
93
72
61
53
46
37
26
20
17
29
37
34
38
44
59
63
74
88
105
133
143
123
102
73
59
33
26
37
12
-17
-43
-72
-62
-64
-72
-75
-74
-62
-49
-36
-28
-27
-15
4
14
10
-10
-19
-42
-47
-44
-46
-54
-63
-64
-64
-54
-70
-88
-100
-108
-91
-80
-87
-88
-90
-78
-60
-74
-92
-138
-176
-179
-161
-155
-171
-210
-242
-239
-227
-203
-181
-162
-150
-139
-127
-108
-74
-39
-24
-35
-52
-68
-79
-96
-109
-129
-168
-200
-217
-223
-193
-188
-187
-189
-209
-213
-191
-158
-124
-83
-52
-35
-22
-3
15
16
8
4
-18
-46
-68
-85
-91
-85
-69
-95
-123
-161
-179
-174
-154
-124
-109
-105
-102
-77
-54
-50
-65
-98
-104
-95
-80
-69
-93
-134
-171
-175
-179
-185
-187
-196
-215
-214
-204
-185
-168
-168
-161
-155
-146
-142
-150
-134
-135
-152
-175
-191
-189
-177
-182
-195
-192
-208
-220
-222
-202
-190
-193
-199
-201
-202
-229
-249
-264
-252
-225
-198
-172
-160
-160
-163
-149
-169
-202
-218
-225
-236
-257
-275
-272
-250
-244
-234
-220
-227
-234
-242
-248
-248
-250
-254
-265
-281
-292
-289
-274
-262
-257
-264
-273
-266
-269
-266
-258
-238
-202
-167
-137
-132
-137
-141
-138
-131
-128
-132
-138
-155
-153
-148
-141
-132
-141
-148
-161
-163
-145
-110
-80
-76
-65
-63
-63
-76
-84
-84
-99
-118
-126
-131
-139
-151
-168
-188
-208
-237
-242
-241
-231
-220
-216
-198
-188
-200
-206
-199
-175
-148
-138
-139
-150
-164
-176
-207
-234
-254
-281
-305
-327
-355
-361
-350
-347
-340
-353
-354
-344
-338
-331
-316
-309
-294
-289
-286
-273
-270
-262
-265
-269
-264
-258
-269
-280
-286
-305
-306
-306
-301
-300
-301
-294
-282
-267
-275
-268
-257
-247
-257
-265
-278
-289
-291
-288
-265
-252
-266
-282
-296
-315
-322
-317
-296
-279
-276
-284
-298
-305
-298
-288
-258
-225
-202
-198
-199
-214
-237
-249
-271
-275
-281
-276
-276
-274
-269
-255
-246
-239
-237
-230
-218
-204
-179
-165
-158
-170
-191
-211
-215
-211
-228
-230
-228
-237
-249
-272
-275
-274
-280
-293
-301
-296
-285
-274
-279
-267
-252
-244
-238
-238
-238
-249
-265
-281
-301
-318
-326
-322
-332
-340
-330
-335
-338
-341
-367
-394
-429
-442
-423
-401
-391
-408
-433
-458
-458
-442
-427
-424
-437
-436
-448
-454
-448
-442
-452
-475
-472
-457
-450
-438
-433
-427
-421
-434
-443
-439
-441
-458
-460
-444
-446
-449
-449
-456
-449
-434
-401
-380
-373
-362
-343
-341
-352
-362
-369
-358
-348
-333
-341
-347
-350
-345
-318
-307
-305
-329
-350
-355
-343
-320
-317
-315
-313
-317
-308
-293
-275
-270
-277
-297
-308
-312
-311
-305
-317
-326
-323
-318
-324
-324
-328
-329
-341
-370
-389
-410
-419
-406
-384
-377
-373
-342
-315
-297
-286
-287
-297
-304
-314
-329
-342
-360
-370
-377
-384
-378
-373
-367
-359
-345
-347
-363
-368
-377
-387
-393
-391
-382
-378
-383
-387
-378
-388
-387
-391
-387
-380
-373
-376
-401
-429
-449
-451
-450
-457
-486
-503
-508
-493
-476
-467
-462
-446
-437
-441
-457
-485
-507
-511
-507
-508
-497
-489
-482
-468
-468
-473
-478
-475
-468
-473
-460
-459
-455
-452
-454
-443
-426
-406
-386
-398
-413
-416
-433
-440
-449
-462
-472
-486
-475
-465
-458
-465
-470
-475
-490
-491
-475
-450
-426
-408
-411
-424
-438
-458
-451
-434
-415
-398
-392
-400
-437
-462
-484
-492
-482
-469
-455
-427
-410
-408
-407
-407
-394
-376
-361
-360
-382
-379
-366
-373
-379
-379
-376
-371
-364
-354
-350
-343
-333
-345
-334
-332
-323
-327
-327
-331
-355
-351
-360
-351
-326
-315
-299
-286
-288
-300
-301
-304
-317
-316
-323
-336
-354
-388
-413
-411
-410
-406
-389
-387
-392
-399
-409
-434
-436
-445
-447
-443
-453
-458
-457
-457
-463
-437
-432
-430
-444
-452
-445
-437
-440
-437
-416
-394
-373
-343
-327
-316
-313
-305
-306
-304
-297
-298
-290
-279
-252
-262
-253
-249
-257
-258
-243
-241
-253
-262
-273
-296
-312
-309
-318
-324
-333
-334
-345
-359
-346
-344
-364
-362
-366
-378
-373
-371
-372
-365
-352
-351
-365
-354
-344
-357
-351
-346
-358
-372
-380
-365
-353
-383
-416
-431
-401
-370
-350
-368
-405
-428
-439
-412
-398
-390
-410
-425
-433
-420
-387
-344
-300
-294
-282
-292
-281
-259
-258
-256
-277
-312
-331
-332
-337
-320
-322
-333
-356
-389
-417
-437
-422
-437
-462
-489
-498
-488
-476
-470
-463
-460
-448
-440
-458
-465
-470
-468
-476
-484
-490
-482
-469
-473
-463
-453
-469
-492
-505
-499
-471
-441
-437
-441
-447
-434
-419
-402
-398
-413
-408
-403
-373
-327
-297
-297
-318
-329
-316
-307
-298
-312
-342
-345
-355
-363
-372
-377
-381
-399
-417
-440
-441
-429
-424
-423
-419
-412
-406
-396
-378
-368
-376
-379
-390
-395
-377
-373
-365
-362
-359
-363
-385
-409
-425
-419
-424
-424
-427
-421
-435
-447
-451
-466
-470
-475
-486
-478
-476
-442
-418
-409
-394
-403
-416
-433
-446
-469
-464
-466
-466
-453
-463
-451
-458
-457
-446
-445
-441
-439
-432
-442
-459
-466
-467
-454
-435
-435
-453
-472
-490
-508
-520
-525
-540
-562
-562
-559
-549
-536
-525
-511
-521
-533
-541
-546
-545
-528
-528
-522
-518
-525
-539
-558
-570
-582
-581
-587
-582
-565
-569
-561
-554
-544
-536
-530
-525
-507
-488
-484
-454
-420
-412
-403
-414
-412
-396
-381
-365
-379
-399
-406
-401
-413
-406
-407
-413
-422
-416
-392
-379
-384
-402
-422
-434
-453
-465
-472
-491
-488
-511
-521
-526
-523
-517
-519
-533
-556
-559
-559
-549
-547
-538
-526
-499
-479
-468
-460
-458
-461
-470
-488
-495
-508
-506
-500
-499
-495
-504
-489
-479
-481
-474
-465
-462
-460
-464
-469
-464
-471
-477
-493
-491
-492
-506
-506
-515
-535
-551
-566
-564
-553
-549
-544
-544
-528
-513
-497
-486
-489
-483
-485
-481
-473
-465
-452
-463
-482
-513
-537
-541
-543
-547
-548
-550
-568
-572
-576
-570
-553
-550
-543
-549
-568
-581
-587
-588
-587
-598
-592
-588
-596
-591
-600
-577
-550
-533
-539
-549
-550
-556
-556
-558
-548
-546
-529
-530
-523
-509
-496
-482
-476
-490
-514
-526
-540
-535
-513
-474
-448
-456
-462
-468
-464
-452
-436
-416
-434
-443
-446
-433
-409
-374
-353
-367
-373
-380
-396
-424
-432
-446
-473
-488
-513
-534
-541
-554
-568
-583
-580
-572
-582
-577
-584
-578
-571
-545
-520
-512
-497
-504
-521
-537
-571
-586
-577
-573
-580
-600
-625
-632
-618
-601
-589
-580
-577
-587
-585
-569
-557
-557
-551
-529
-525
-523
-513
-515
-510
-498
-499
-506
-511
-508
-500
-489
-494
-499
-505
-504
-500
-505
-516
-537
-541
-547
-531
-513
-504
-503
-514
-523
-528
-528
-522
-501
-502
-506
-479
-475
-479
-486
-473
-465
-461
-454
-450
-434
-410
-400
-410
-425
-445
-449
-441
-438
-433
-424
-418
-413
-398
-388
-392
-408
-424
-419
-411
-421
-410
-387
-362
-347
-337
-340
-349
-356
-364
-370
-382
-378
-371
-361
-363
-370
-360
-367
-358
-354
-354
-349
-344
-351
-352
-347
-342
-344
-359
-358
-355
-355
-375
-378
-381
-390
-384
-379
-382
-377
-379
-377
-390
-410
-422
-436
-442
-440
-430
-429
-416
-392
-377
-368
-378
-399
-413
-404
-396
-381
-368
-367
-359
-365
-377
-378
-375
-376
-374
-363
-360
-367
-363
-366
-364
-357
-356
-336
-314
-307
-292
-293
-296
-298
-279
-295
-283
-286
-305
-324
-345
-348
-346
-337
-335
-313
-305
-288
-289
-273
-268
-270
-284
-299
-295
-287
-264
-264
-278
-284
-286
-290
-288
-279
-278
-296
-291
-284
-288
-274
-269
-273
-266
-260
-257
-252
-246
-246
-227
-215
-223
-227
-222
-222
-231
-233
-235
-237
-241
-240
-237
-244
-246
-245
-257
-251
-262
-272
-282
-289
-273
-262
-249
-255
-256
-257
-266
-276
-273
-276
-286
-284
-265
-253
-268
-285
-287
-292
-314
-302
-288
-282
-285
-284
-282
-298
-296
-283
-295
-317
-323
-338
-318
-286
-288
-308
-311
-320
-344
-351
-349
-355
-353
-321
-311
-314
-317
-321
-328
-318
-295
-283
-284
-282
-297
-307
-296
-296
-306
-318
-285
-269
-245
-242
-244
-238
-211
-186
-192
-215
-244
-261
-257
-219
-200
-193
-221
-239
-279
-294
-292
-287
-267
-263
-253
-256
-229
-205
-205
-192
-199
-213
-229
-242
-233
-220
-224
-238
-255
-274
-276
-285
-276
-261
-286
-307
-304
-288
-276
-259
-257
-265
-261
-236
-215
-210
-203
-194
-198
-202
-203
-231
-257
-240
-224
-224
-236
-273
-306
-314
-297
-284
-285
-285
-276
-259
-232
-217
-226
-258
-269
-250
-228
-192
-204
-233
-270
-283
-275
-262
-241
-243
-247
-268
-274
-287
-288
-289
-299
-312
-333
-357
-353
-327
-308
-281
-268
-248
-222
-201
-192
-179
-183
-174
-157
-147
-125
-129
-138
-148
-148
-160
-173
-165
-168
-169
-151
-151
-145
-133
-140
-144
-145
-146
-127
-121
-117
-116
-126
-135
-147
-170
-182
-167
-158
-154
-161
-163
-168
-158
-137
-121
-110
-90
-76
-55
-29
-14
-20
-35
-41
-36
-36
-54
-66
-74
-74
-62
-62
-77
-101
-109
-109
-94
-92
-104
-107
-102
-99
-107
-108
-118
-119
-128
-134
-147
-150
-151
-140
-128
-126
-140
-169
-163
-151
-146
-131
-114
-98
-94
-101
-109
-119
-119
-117
-107
-88
-76
-75
-64
-50
-52
-50
-55
-47
-36
-17
-2
3
10
20
28
20
30
43
43
51
58
71
65
60
50
35
18
23
23
25
43
50
50
48
53
60
66
48
70
86
84
79
83
94
95
100
86
77
68
64
76
75
73
51
32
33
32
34
35
41
49
49
47
44
69
98
117
117
108
105
95
94
102
124
133
132
120
110
109
91
80
61
52
69
74
76
76
67
62
70
96
114
119
124
121
124
134
149
151
153
154
151
161
168
181
179
198
201
190
173
172
188
184
189
170
168
155
127
121
104
96
89
84
81
78
74
69
69
89
114
143
158
152
143
146
152
152
154
149
156
145
137
144
151
145
131
108
82
75
83
100
129
133
111
90
80
98
129
144
142
142
146
151
168
188
202
201
182
159
132
126
120
106
97
80
84
78
78
92
104
96
84
91
100
98
87
69
67
86
102
109
91
89
73
42
26
14
44
77
87
92
86
71
59
53
54
59
43
35
42
48
46
54
71
88
104
98
91
87
106
128
134
126
127
123
120
128
133
136
127
130
126
121
124
113
105
94
92
105
125
146
146
145
147
156
172
184
189
193
201
209
215
209
218
225
230
240
224
215
205
219
233
219
204
188
174
160
152
144
145
142
133
135
136
127
116
99
88
90
84
100
111
110
98
72
53
37
27
22
22
29
37
72
95
104
102
77
71
76
80
77
83
67
64
51
32
37
48
50
41
31
5
-9
-2
7
11
23
27
34
45
40
33
16
-3
-14
-13
-18
-16
-1
3
11
8
16
25
14
9
-9
-31
-31
-4
14
26
42
52
54
66
71
74
80
81
86
113
135
123
120
118
117
120
118
120
123
142
166
171
167
159
147
141
118
105
102
105
116
113
103
82
75
73
74
60
65
59
70
82
77
74
57
53
56
45
62
63
67
80
103
106
94
96
94
101
113
122
118
93
70
50
34
15
9
10
5
15
10
12
20
32
33
29
21
18
10
17
39
30
32
26
12
-4
-7
2
27
56
73
74
68
78
79
83
96
109
128
123
125
136
125
117
110
110
111
124
121
113
108
118
105
95
98
90
108
119
130
136
154
168
178
172
156
140
136
131
131
123
100
112
117
131
135
113
115
116
133
129
125
125
113
110
106
119
119
110
114
114
110
94
82
92
106
124
157
133
110
101
108
137
146
152
144
135
119
130
144
160
174
187
196
195
213
219
220
214
198
181
152
136
128
138
137
130
117
103
104
107
110
115
103
85
85
94
119
144
164
168
158
149
155
171
193
208
212
192
159
136
124
128
145
150
127
110
97
107
127
150
148
151
170
193
217
223
211
198
192
197
222
247
267
260
260
258
260
278
288
289
276
270
273
282
284
278
269
237
213
200
201
208
217
213
208
217
221
231
239
236
229
239
262
256
255
252
260
269
278
283
276
264
256
245
251
263
271
263
236
238
235
231
223
209
193
171
171
169
165
173
190
201
198
186
155
132
127
144
173
194
202
198
201
203
216
220
225
224
218
209
217
214
215
224
213
211
215
206
196
171
165
159
132
126
115
116
110
99
106
86
89
93
79
72
57
56
59
64
74
73
77
65
56
70
69
71
64
74
74
73
88
88
85
104
130
140
140
151
164
161
148
149
143
151
175
196
207
214
214
192
179
165
165
164
173
179
162
158
147
132
105
94
100
110
130
119
107
98
96
85
89
101
117
124
110
96
96
116
126
144
156
177
194
203
211
225
240
249
238
234
238
250
249
225
216
211
224
244
249
253
239
236
240
237
236
247
253
247
250
256
262
262
272
266
266
251
226
210
201
201
192
192
198
192
187
187
190
209
220
240
255
260
269
274
291
297
316
317
318
340
347
339
325
300
284
296
295
294
288
258
238
236
236
227
227
216
187
183
158
161
172
183
197
206
227
232
248
256
243
233
218
212
201
206
207
205
205
220
254
280
299
299
270
230
224
230
252
254
233
224
198
196
208
233
240
229
234
235
233
236
246
248
244
254
257
260
275
296
305
303
291
278
265
260
257
251
263
268
275
266
237
197
186
205
236
265
270
267
269
272
247
233
238
237
231
214
202
178
157
144
142
152
171
189
194
213
221
240
238
229
220
202
225
247
256
254
245
239
226
225
215
205
212
211
191
179
176
168
190
191
180
174
162
148
145
153
160
159
141
125
124
129
131
149
159
163
156
148
146
122
101
100
82
78
96
107
109
103
94
67
47
27
8
21
28
37
39
28
24
10
-19
-26
-31
-25
0
31
47
53
29
18
23
19
12
12
17
21
28
44
44
33
29
34
33
16
-2
-7
-27
-40
-45
-77
-86
-93
-84
-73
-55
-39
-62
-81
-87
-90
-82
-98
-113
-115
-133
-108
-96
-100
-97
-102
-89
-93
-88
-92
-96
-103
-114
-103
-99
-104
-107
-122
-129
-132
-125
-100
-84
-84
-79
-78
-91
-93
-89
-68
-56
-31
-15
-22
-26
-32
-31
-24
-27
-33
-34
-43
-51
-52
-51
-51
-75
-99
-123
-144
-143
-144
-146
-131
-127
-135
-135
-141
-142
-139
-127
-115
-110
-90
-63
-44
-46
-49
-46
-35
-25
-25
-38
-39
-36
-37
-8
-6
3
3
-18
-24
-21
-21
-22
-27
-23
-24
-33
-39
-49
-54
-27
-4
-4
-2
1
-10
-9
12
15
22
21
13
20
36
48
68
78
87
92
85
78
71
88
96
102
109
106
111
106
118
111
104
113
112
116
111
101
94
103
123
127
136
144
127
137
139
144
146
142
140
113
92
91
69
49
28
6
-17
-25
-15
-26
-34
-16
-19
-23
-19
-19
-27
-31
-30
-20
-21
-11
-24
-57
-43
-33
-50
-61
-49
-24
-17
-32
-49
-62
-39
-6
10
-7
-26
-28
-18
8
29
38
43
32
22
14
17
29
38
53
52
41
33
42
62
74
73
76
76
66
85
113
122
109
95
85
89
107
103
103
91
93
109
142
140
155
179
182
191
191
201
183
184
196
189
168
144
143
130
133
132
125
106
94
69
65
64
57
69
82
94
114
147
162
159
142
138
147
167
185
192
164
148
130
112
119
115
112
99
67
50
42
26
16
8
-5
-7
-8
-7
-3
11
-1
-8
-7
4
47
74
93
95
87
91
99
96
99
103
107
108
109
99
91
76
81
73
75
91
93
92
83
53
44
47
26
11
-1
6
10
21
18
12
25
44
50
70
54
42
58
77
100
116
142
155
162
195
218
219
214
199
185
167
157
143
143
154
160
168
155
132
112
91
94
106
131
153
162
172
190
178
159
153
141
141
143
163
197
228
244
249
232
204
177
166
183
187
168
158
158
159
132
112
94
73
62
54
52
58
90
99
106
110
107
114
123
154
172
190
191
191
177
177
181
176
192
212
218
203
214
214
198
178
161
154
145
155
139
128
125
117
122
111
101
93
101
131
152
169
176
185
209
235
270
301
316
336
338
333
329
328
330
318
316
307
304
314
307
298
296
285
273
278
278
286
281
276
267
254
240
228
239
244
251
254
260
255
242
244
251
280
309
326
349
353
354
346
340
336
338
329
339
352
356
353
329
309
273
268
259
286
288
301
292
261
256
236
212
211
225
232
244
227
218
202
207
206
170
163
167
174
191
194
177
186
192
206
225
224
250
258
236
213
158
128
112
96
103
92
67
63
47
37
30
16
8
35
53
61
91
74
60
68
87
125
158
158
152
153
155
147
146
157
179
178
163
159
147
116
101
82
68
95
73
35
29
-5
-13
-8
0
37
44
44
65
75
90
122
126
169
182
135
125
132
111
108
113
95
102
90
51
62
105
117
124
120
103
97
82
88
100
111
100
76
64
64
45
56
85
88
132
166
154
168
190
172
174
205
192
216
244
233
218
186
206
170
125
152
159
135
152
149
128
159
150
134
143
124
94
102
85
87
100
74
84
111
72
105
151
105
141
137
122
132
145
124
105
96
106
103
71
130
137
72
87
142
69
111
133
90
118
125
94
78
69
37
27
-1
-4
-13
-31
-3
4
30
77
55
47
40
56
57
41
63
93
59
109
115
55
82
106
67
93
123
78
89
56
16
-13
-23
-12
-14
-17
10
13
16
15
-1
32
-6
-7
27
26
38
36
35
40
23
41
54
66
102
77
87
145
161
112
160
191
146
138
225
129
92
161
120
132
122
103
87
93
135
110
59
123
93
29
102
103
125
105
141
161
137
162
140
157
210
194
178
188
183
174
98
132
136
57
90
38
28
91
2
12
27
1
-22
-31
-59
-40
-34
-46
-35
-22
-18
-89
-43
-14
-47
-35
9
-18
22
49
17
-25
-12
-3
-72
-87
-81
-71
-126
-109
-122
-115
-110
-132
-59
-84
-132
-63
-77
-150
26
14
-106
37
26
-79
-50
-61
9
0
-6
96
62
25
66
42
55
111
30
21
109
78
25
114
52
74
112
9
32
128
29
-45
28
18
27
-50
72
99
44
6
53
31
32
115
30
125
171
125
134
196
173
182
152
147
270
116
113
250
167
183
222
155
152
226
132
113
178
115
128
60
67
160
26
-43
70
55
-52
29
93
103
78
91
152
49
191
236
108
207
279
80
56
266
139
60
106
126
62
-20
89
101
-24
86
104
-71
118
167
-14
196
251
136
165
156
192
126
66
219
170
70
182
168
106
218
249
113
156
263
178
153
384
247
176
299
255
203
209
267
187
207
178
247
122
244
194
46
253
210
44
288
285
-22
309
172
118
261
270
145
209
338
159
206
374
254
64
391
190
120
488
254
90
516
287
62
361
383
92
227
500
96
194
374
106
-1
374
66
-54
399
107
64
259
257
89
138
306
107
138
340
192
145
372
155
53
346
150
86
203
293
-48
228
278
-58
203
331
-88
68
401
-41
102
331
-45
67
300
-27
91
375
-12
162
385
103
193
302
232
96
325
175
68
271
110
136
235
121
124
195
107
171
193
137
176
207
169
221
220
117
286
204
81
275
171
119
309
107
253
230
214
238
253
370
344
256
527
287
299
500
187
420
441
304
429
459
214
506
323
142
452
364
162
375
446
102
282
420
73
284
410
60
354
483
135
372
424
194
393
266
252
456
283
272
454
333
256
395
346
279
339
383
304
317
372
371
264
373
284
327
319
248
331
291
307
202
278
302
357
215
376
411
208
352
383
355
298
446
318
431
263
343
318
271
293
364
376
248
493
208
371
326
350
318
377
375
405
427
271
571
284
281
625
329
273
668
281
363
677
283
404
568
350
418
518
295
507
337
398
370
361
325
315
386
295
393
208
442
257
224
427
255
370
407
284
274
538
169
426
473
137
554
349
255
449
366
198
468
382
129
482
227
207
456
228
343
357
289
237
488
92
514
471
83
605
246
263
381
475
143
492
380
202
449
314
387
324
447
208
482
288
344
558
214
438
461
333
357
497
324
444
467
421
545
241
526
414
258
394
390
287
232
461
273
170
345
341
142
404
313
199
324
228
325
294
212
473
275
216
542
267
351
356
378
337
351
265
507
163
393
451
86
464
190
289
127
345
139
328
85
251
175
96
344
49
199
158
324
-13
294
247
143
163
285
144
132
294
155
177
211
281
106
245
263
296
100
281
305
125
217
281
237
118
285
249
134
253
282
6
219
195
126
210
124
303
117
75
244
202
36
237
171
147
130
250
241
130
224
287
28
279
321
73
218
303
138
49
361
57
190
160
251
48
255
189
119
237
127
226
85
221
108
147
261
150
195
233
171
199
215
229
191
259
221
223
175
300
138
197
190
235
86
292
267
-27
452
192
-29
371
288
-155
539
128
69
389
82
225
190
296
150
169
300
221
97
297
252
56
344
152
169
248
195
178
106
367
31
198
300
103
70
325
38
133
428
-10
256
252
167
159
158
372
-110
433
96
182
291
260
258
215
438
207
360
278
511
249
351
512
214
397
360
285
370
305
352
318
272
351
319
252
227
245
395
160
215
433
291
53
473
206
172
366
289
235
220
475
236
102
584
194
134
435
394
137
396
399
127
492
129
476
95
371
366
197
237
450
172
299
413
112
462
187
168
393
197
224
378
171
239
318
209
210
256
289
241
148
332
282
75
416
254
136
390
345
92
342
259
265
99
308
284
75
157
448
-68
364
267
53
233
320
243
123
402
8
337
73
353
292
227
296
235
257
217
250
321
231
227
265
187
88
191
404
-105
392
120
179
12
424
159
43
489
-4
288
130
433
-44
333
316
-14
246
190
167
177
439
141
339
285
368
178
412
366
148
388
300
149
237
360
45
356
40
323
55
166
285
44
286
285
-11
348
234
10
431
40
199
211
308
166
377
322
165
225
275
303
66
576
-23
335
237
161
256
217
228
162
219
129
246
19
354
179
169
407
208
234
347
332
140
397
238
243
390
233
351
230
282
304
211
311
227
286
242
312
282
234
269
346
284
153
568
7
392
291
7
304
337
66
302
439
23
477
168
237
242
297
274
280
290
359
284
281
403
270
425
303
495
297
586
208
610
321
352
477
354
418
328
413
176
420
102
479
33
466
342
182
343
448
110
356
438
95
422
343
272
287
362
306
274
251
232
321
155
239
292
120
289
278
233
210
395
120
288
406
171
416
382
201
459
249
268
409
141
473
332
305
342
485
189
398
290
319
349
295
423
181
579
215
261
366
381
119
599
183
313
553
101
463
343
354
279
511
142
597
162
367
470
144
522
321
365
318
551
168
447
455
291
335
420
349
157
540
124
310
505
27
524
281
210
500
140
384
535
114
403
423
116
431
354
123
478
237
217
406
293
112
571
207
115
620
-38
412
359
173
338
401
90
486
327
247
589
340
450
389
581
231
667
408
433
548
462
367
488
448
275
664
236
497
459
283
424
355
324
268
442
149
417
263
282
352
198
447
253
414
305
475
318
432
342
289
440
281
370
378
406
240
422
310
297
347
328
336
233
446
412
347
482
391
210
533
259
401
508
373
419
295
599
284
525
548
422
452
547
436
453
563
445
661
281
704
502
235
805
389
520
556
599
407
591
354
597
411
536
729
238
669
526
301
655
446
400
582
512
424
581
528
366
674
308
663
427
437
624
411
656
406
620
547
493
636
542
437
706
541
373
805
266
514
697
285
593
566
358
534
478
374
524
501
302
532
313
367
371
466
274
504
433
390
409
474
417
371
648
270
533
504
323
448
552
309
442
537
296
504
528
292
458
498
274
514
471
279
580
432
301
560
330
371
473
399
236
604
234
448
522
308
492
471
275
434
507
241
567
243
491
361
411
540
210
558
313
423
410
447
242
576
338
275
532
217
439
357
250
489
254
171
411
288
41
621
-4
316
407
39
435
179
306
239
283
163
369
92
178
342
90
263
192
289
74
333
65
220
195
146
268
70
319
178
190
167
261
183
241
173
315
201
166
403
176
304
309
259
382
285
391
232
326
342
151
243
242
140
130
341
8
325
180
11
378
4
281
219
188
188
367
86
316
321
193
307
313
316
130
497
85
271
358
246
139
488
31
481
174
181
452
52
319
317
119
284
226
178
298
173
265
299
217
356
224
206
365
176
228
288
237
393
144
322
304
113
368
227
230
289
199
281
279
158
382
186
211
463
37
415
300
251
377
210
394
170
355
260
256
251
382
114
438
87
216
539
-159
538
192
-67
568
36
128
456
28
155
346
-95
398
23
217
275
78
177
335
44
171
341
87
345
225
313
38
441
134
103
325
213
164
265
354
176
291
397
159
498
251
347
201
279
266
332
284
248
509
70
359
288
267
372
281
134
478
248
163
682
-75
548
332
110
398
401
201
266
347
62
379
44
332
153
218
264
203
150
265
169
130
298
167
300
253
124
212
253
-101
421
-110
357
-32
327
-138
326
-27
11
334
-220
255
-132
257
-197
300
-169
277
102
-73
378
-59
171
170
128
10
242
208
-133
384
11
64
120
147
-14
125
87
-88
330
-62
174
78
-80
107
70
-47
172
16
42
212
-5
11
295
-20
235
25
125
188
-36
279
-8
171
194
10
247
-38
267
74
-110
225
102
-93
185
102
-99
268
-279
6
63
-170
132
-97
-23
82
38
-94
138
61
13
-79
86
33
-195
226
-17
4
224
-97
141
3
12
251
-80
187
180
-25
-11
239
-71
4
181
100
-42
4
134
-181
-2
20
-117
63
-2
43
-43
37
117
-1
-42
163
-8
-3
175
-3
-4
55
78
74
15
171
-8
-117
218
-59
100
118
154
-45
275
-49
74
192
48
5
217
158
-26
338
72
148
158
70
205
208
199
266
227
243
234
247
220
369
238
303
275
290
226
258
172
271
212
67
275
124
222
120
176
134
67
191
67
194
286
120
136
324
111
220
288
181
427
164
221
406
277
136
276
301
283
281
-56
493
202
115
315
161
252
268
119
249
347
91
103
253
310
170
140
252
142
288
118
76
341
240
4
318
231
165
243
94
268
368
100
257
306
157
396
-4
266
345
37
236
282
155
162
91
43
202
124
67
150
169
185
53
160
167
78
57
75
202
19
150
96
87
103
235
-29
83
317
-18
86
343
174
63
138
197
31
176
84
63
119
36
90
18
22
137
37
-98
279
117
-66
199
119
-42
101
112
57
92
159
47
84
69
100
108
61
99
124
35
67
99
19
89
131
34
73
98
33
62
16
42
36
24
-71
124
107
18
75
100
106
84
201
122
197
166
119
221
243
197
135
142
47
132
110
199
226
177
143
135
185
166
162
155
177
144
160
204
123
143
215
138
169
213
141
236
295
205
204
219
207
219
254
348
234
172
210
211
170
202
207
161
188
168
165
146
174
139
125
180
280
246
123
204
244
224
221
311
282
275
334
312
269
271
283
309
426
479
317
221
377
292
267
363
303
278
410
411
374
348
357
239
262
387
396
400
340
391
362
337
323
394
363
394
395
334
377
347
318
373
456
445
413
430
468
417
434
382
450
349
390
415
334
412
316
280
323
341
272
281
258
330
279
251
351
328
291
354
292
282
362
268
309
367
381
335
360
418
458
427
526
531
484
450
422
502
501
534
481
510
537
471
416
460
422
374
385
410
418
354
370
344
293
358
288
357
382
379
388
336
399
359
356
365
374
382
401
444
370
436
365
307
373
296
287
290
255
182
160
172
93
10
11
29
-14
38
59
18
55
40
16
82
136
118
156
216
251
304
296
334
372
315
378
407
435
537
601
523
546
478
447
482
416
449
510
450
374
361
215
200
192
167
218
260
264
236
134
117
149
97
137
281
381
370
410
452
398
433
484
510
587
688
628
606
615
528
452
382
440
474
363
393
296
105
91
93
-19
34
54
-103
-152
-135
-249
-309
-228
-231
-204
-176
-202
-199
-182
-229
-188
-171
-39
-70
-104
-65
-42
-152
-85
-32
-24
-24
-110
-58
0
58
118
117
124
114
51
85
32
129
186
348
506
481
355
179
36
-38
51
192
271
153
-80
-251
-355
-484
-439
-345
-165
-32
4
-42
-16
-140
-198
-12
309
572
692
833
830
779
727
651
777
1028
1193
1243
1290
1146
854
647
654
672
696
670
597
440
238
75
-92
-67
78
119
129
170
122
-87
-87
55
138
289
411
390
399
316
275
72
69
111
105
76
20
-89
-352
-459
-603
-534
-560
-458
-444
-335
-296
-297
-254
-276
-149
146
457
619
759
693
579
688
746
889
1039
1087
1073
969
817
621
360
74
23
45
46
-83
-332
-752
-1092
-1219
-1142
-973
-818
-648
-521
-458
-311
-191
-132
205
646
1041
1294
1394
1373
1281
1354
1435
1490
1556
1596
1482
1276
1077
748
532
383
436
404
286
182
-68
-269
-296
-215
-156
-27
98
175
147
162
232
194
363
573
716
735
788
580
457
410
304
227
124
74
-147
-389
-636
-797
-995
-1098
-1131
-1177
-1241
-1287
-1340
-1347
-1160
-1005
-793
-503
-379
-307
-100
279
549
764
809
809
826
836
901
981
1023
846
667
571
429
146
-119
-453
-629
-644
-661
-815
-1086
-1372
-1611
-1580
-1374
-1178
-1004
-802
-609
-406
-204
-19
259
573
1001
1383
1556
1546
1446
1288
1248
1375
1351
1277
1188
952
662
380
94
-173
-315
-269
-233
-276
-367
-528
-663
-606
-478
-293
-87
45
194
264
248
269
353
476
584
704
747
648
521
330
128
-54
-79
-266
-394
-515
-687
-944
-1155
-1351
-1504
-1509
-1452
-1464
-1487
-1451
-1389
-1257
-1019
-744
-526
-308
-121
177
502
781
858
848
720
781
886
929
959
802
543
332
156
75
-96
-345
-530
-609
-695
-849
-1028
-1176
-1221
-1278
-1275
-1123
-891
-733
-570
-341
-110
65
200
491
902
1217
1388
1432
1427
1431
1410
1217
1233
1295
1198
1051
840
630
322
77
-46
-36
-5
-8
-88
-117
-117
-176
-202
-124
139
347
444
536
546
542
587
649
755
920
962
831
642
538
383
226
109
92
-82
-251
-450
-734
-955
-1203
-1276
-1339
-1145
-1264
-1353
-1630
-1517
-1489
-1297
-1009
-645
-338
-284
-105
12
405
626
758
745
950
1082
1003
818
727
683
372
134
56
48
-14
-276
-579
-861
-900
-1168
-1420
-1385
-1167
-1077
-1268
-1374
-1319
-1100
-872
-597
-203
194
404
442
686
1065
1326
1333
1369
1534
1610
1493
1273
1054
922
865
634
456
367
227
-38
-216
-256
-277
-356
-376
-327
-214
-113
-80
1
163
386
445
467
556
706
788
745
745
718
719
607
485
345
277
118
-96
-287
-473
-678
-999
-1119
-1221
-1208
-1331
-1469
-1610
-1733
-1759
-1793
-1704
-1481
-1245
-998
-778
-672
-476
-225
173
420
489
585
609
702
673
736
729
557
337
68
-123
-212
-443
-746
-751
-663
-792
-1153
-1437
-1551
-1491
-1459
-1408
-1412
-1355
-1212
-1069
-746
-396
-179
-123
161
666
1079
1261
1306
1304
1351
1385
1258
1100
956
886
781
643
503
261
-21
-270
-256
-254
-232
-288
-327
-227
-146
-77
-116
-95
67
323
494
595
644
708
717
686
709
723
750
688
558
416
252
103
-77
-180
-316
-455
-663
-784
-1032
-1176
-1346
-1492
-1564
-1524
-1409
-1365
-1360
-1520
-1578
-1493
-1196
-786
-332
-41
153
315
518
579
529
465
640
900
1012
948
813
405
-63
-374
-370
-279
-295
-503
-673
-679
-830
-1224
-1507
-1277
-1042
-1071
-1255
-1085
-900
-900
-841
-530
-146
42
129
425
895
1226
1282
1159
1250
1403
1309
993
877
995
992
804
588
466
301
78
-112
-162
-62
11
13
45
196
262
127
99
301
536
699
744
721
723
756
754
629
712
707
694
590
455
326
153
-1
-190
-242
-343
-430
-596
-748
-1045
-1217
-1444
-1442
-1453
-1443
-1433
-1459
-1507
-1442
-1401
-1304
-1143
-882
-499
-143
142
280
452
498
439
414
575
733
791
764
583
246
-145
-442
-566
-585
-661
-802
-899
-940
-936
-1165
-1437
-1680
-1662
-1532
-1363
-1120
-895
-811
-807
-714
-550
-298
-22
329
713
1107
1246
1109
920
806
755
721
764
809
765
554
234
-6
-189
-301
-396
-345
-210
-59
-27
-145
-246
-295
-195
-59
190
387
458
386
322
350
375
396
372
432
515
526
331
78
-129
-229
-199
-169
-172
-394
-715
-1004
-1133
-1209
-1307
-1401
-1437
-1429
-1423
-1474
-1602
-1695
-1726
-1579
-1375
-977
-651
-369
-220
-97
110
224
326
341
460
634
726
624
395
130
-222
-447
-558
-546
-591
-729
-963
-1087
-1032
-1050
-1301
-1504
-1330
-1176
-1308
-1454
-1203
-948
-776
-615
-317
-128
-64
53
410
931
1269
1316
1071
977
1037
921
676
582
731
776
705
473
179
-140
-363
-367
-247
-3
67
39
-38
13
-22
-16
90
366
593
702
703
643
584
534
554
598
717
742
662
412
187
-12
-70
-84
-140
-248
-463
-601
-754
-994
-1279
-1572
-1647
-1653
-1599
-1557
-1580
-1646
-1787
-1822
-1678
-1348
-973
-531
-174
280
494
437
199
197
549
889
1046
1053
1025
609
72
-376
-477
-437
-411
-454
-574
-695
-994
-1248
-1341
-1267
-1233
-1299
-1205
-1090
-984
-1000
-965
-825
-590
-297
13
282
610
839
961
1150
1335
1443
1283
1177
1124
1146
1153
1064
965
823
658
392
157
-27
-94
-167
-75
90
253
237
209
201
241
382
522
637
724
832
806
847
812
763
654
678
690
676
564
366
175
-72
-116
-151
-179
-409
-705
-958
-1224
-1384
-1622
-1758
-1834
-1865
-1852
-1856
-1788
-1748
-1747
-1604
-1286
-852
-478
-244
161
521
712
610
488
660
819
982
922
851
608
145
-246
-501
-491
-567
-739
-976
-1106
-1197
-1285
-1541
-1675
-1479
-1230
-1226
-1470
-1522
-1415
-1223
-1024
-689
-345
-161
-94
158
584
1013
1238
1227
1268
1363
1369
1107
856
809
820
782
643
493
247
-114
-392
-513
-402
-256
-189
-102
110
237
160
107
249
497
735
848
915
960
960
835
798
843
906
831
705
535
284
39
-226
-324
-401
-498
-736
-959
-1131
-1259
-1530
-1724
-1798
-1770
-1863
-1861
-1737
-1530
-1507
-1520
-1493
-1260
-911
-487
45
533
816
579
372
360
688
871
934
908
811
509
11
-410
-605
-666
-742
-806
-813
-841
-1013
-1302
-1577
-1636
-1480
-1330
-1275
-1253
-1161
-1144
-1154
-1043
-737
-393
-111
210
583
939
1192
1285
1349
1414
1404
1378
1342
1360
1356
1259
1016
783
575
358
105
-50
0
46
18
34
130
221
276
365
449
551
674
799
927
1023
1088
1068
1086
1083
1012
963
891
813
693
551
374
157
-14
-163
-331
-488
-633
-881
-1173
-1438
-1566
-1675
-1691
-1600
-1511
-1496
-1650
-1625
-1567
-1354
-989
-414
316
851
956
670
428
476
779
1136
1401
1410
1088
580
39
-332
-562
-683
-768
-715
-717
-994
-1483
-1980
-1918
-1573
-1283
-1250
-1246
-1222
-1310
-1360
-1194
-826
-514
-286
-54
292
571
770
814
1000
1361
1604
1568
1290
1169
1076
965
877
853
853
730
388
8
-274
-370
-426
-344
-147
176
352
284
158
93
220
374
665
901
1106
1017
891
673
681
678
739
712
638
572
335
56
-288
-424
-512
-522
-673
-850
-1071
-1277
-1557
-1792
-1941
-1938
-1898
-1846
-1792
-1666
-1581
-1388
-1292
-1127
-840
-329
261
728
861
654
403
411
715
899
935
750
429
-55
-476
-699
-911
-1093
-1187
-1188
-1219
-1316
-1525
-1785
-1799
-1620
-1449
-1502
-1500
-1397
-1231
-1100
-909
-673
-499
-324
-92
230
638
971
1119
1176
1251
1269
1172
1000
966
1038
1077
937
741
525
266
-22
-317
-418
-366
-216
-227
-218
-91
45
34
-48
-11
178
441
636
772
789
734
581
461
458
589
632
496
324
195
-6
-260
-461
-562
-570
-717
-893
-1216
-1399
-1532
-1701
-1915
-2064
-2017
-1977
-1957
-1970
-1896
-1773
-1588
-1352
-1037
-664
-109
351
499
365
172
280
430
665
806
783
458
-107
-473
-723
-786
-982
-1109
-1175
-1231
-1358
-1649
-1910
-1991
-1738
-1417
-1274
-1369
-1448
-1432
-1316
-1086
-759
-410
-192
-88
120
464
800
1065
1141
1197
1229
1241
1137
1008
999
985
884
725
588
425
141
-169
-384
-457
-416
-324
-234
-103
45
86
72
87
230
418
630
834
1003
979
821
720
774
812
826
739
592
421
229
45
-144
-336
-503
-678
-803
-943
-1115
-1382
-1664
-1882
-2044
-2080
-2016
-1853
-1806
-1779
-1728
-1523
-1333
-1137
-831
-346
223
574
521
312
252
376
532
664
728
587
208
-260
-593
-744
-879
-1106
-1318
-1432
-1443
-1506
-1645
-1790
-1800
-1742
-1750
-1735
-1626
-1402
-1229
-1053
-879
-711
-571
-422
-148
171
519
826
1022
1113
1107
1039
934
858
862
870
812
710
640
505
262
-103
-454
-678
-614
-427
-214
-84
-74
-141
-193
-140
-39
129
354
636
845
880
770
633
574
601
689
745
739
571
354
102
-115
-314
-544
-711
-835
-895
-1056
-1332
-1675
-1962
-2207
-2291
-2277
-2150
-2035
-1995
-1913
-1796
-1619
-1432
-1237
-851
-193
490
720
490
258
256
442
599
851
953
645
134
-258
-440
-599
-744
-948
-1174
-1368
-1422
-1423
-1545
-1633
-1691
-1788
-2028
-2046
-1824
-1471
-1178
-986
-923
-899
-798
-566
-189
244
720
1025
1211
1231
1181
1121
1061
1051
1019
1020
1027
1014
921
671
301
-195
-571
-704
-584
-335
-123
-75
-198
-343
-372
-301
-124
72
306
541
717
782
738
702
712
712
716
730
695
617
484
283
20
-231
-437
-610
-758
-924
-1140
-1369
-1651
-1980
-2252
-2288
-2214
-2098
-2102
-2038
-1910
-1623
-1305
-982
-576
-164
182
235
262
367
622
817
956
1023
902
620
337
145
15
-147
-309
-565
-837
-1093
-1229
-1275
-1382
-1554
-1797
-2052
-2175
-2075
-1815
-1568
-1411
-1338
-1301
-1206
-988
-603
-200
156
438
639
859
1081
1222
1231
1173
1173
1189
1255
1321
1322
1208
958
548
79
-252
-322
-265
-224
-190
-205
-271
-427
-531
-515
-415
-264
-85
167
406
562
570
553
575
638
662
696
740
772
715
560
345
87
-124
-348
-550
-758
-910
-1151
-1473
-1785
-2045
-2251
-2350
-2311
-2264
-2238
-2132
-1961
-1771
-1563
-1257
-845
-458
-182
-70
-40
91
309
580
757
833
728
467
290
218
195
97
-73
-346
-711
-899
-962
-972
-1130
-1414
-1649
-1868
-1959
-1926
-1776
-1744
-1767
-1782
-1702
-1529
-1258
-936
-613
-373
-155
111
401
725
973
1109
1099
1122
1231
1322
1377
1402
1370
1147
805
469
191
24
-48
-65
-115
-174
-303
-419
-458
-398
-390
-419
-388
-266
-99
100
334
454
497
491
509
505
543
598
655
604
457
302
148
23
-140
-367
-672
-953
-1198
-1438
-1660
-1816
-1867
-1916
-1997
-2032
-1965
-1820
-1685
-1546
-1333
-1013
-661
-361
-218
-135
24
240
385
514
624
648
578
494
434
389
334
225
-1
-229
-327
-377
-472
-666
-908
-1234
-1553
-1664
-1624
-1517
-1445
-1432
-1470
-1532
-1491
-1304
-977
-667
-374
-154
55
343
626
840
996
1139
1243
1309
1410
1560
1640
1573
1358
1064
806
663
589
509
393
294
239
203
180
136
45
-59
-118
-68
13
155
312
402
405
379
419
456
480
520
541
504
483
487
512
466
342
119
-187
-410
-577
-769
-991
-1175
-1310
-1461
-1615
-1682
-1672
-1631
-1581
-1577
-1558
-1426
-1145
-768
-433
-201
-144
-112
-13
167
410
610
749
702
557
452
478
539
503
405
236
80
-41
-132
-232
-402
-619
-891
-1102
-1181
-1147
-1110
-1140
-1199
-1249
-1228
-1064
-809
-519
-300
-123
64
241
485
721
951
1142
1261
1350
1429
1581
1717
1752
1618
1377
1176
1005
960
956
900
798
666
551
465
417
392
335
248
141
106
180
302
394
472
550
570
541
509
521
550
567
554
516
502
469
421
295
104
-107
-329
-546
-755
-896
-985
-1044
-1204
-1323
-1345
-1304
-1284
-1318
-1353
-1311
-1122
-803
-435
-153
-20
-7
-18
60
225
437
580
617
585
552
575
594
576
500
403
283
160
80
27
-25
-152
-375
-682
-912
-964
-927
-880
-893
-946
-990
-956
-806
-607
-377
-93
124
277
413
613
833
1004
1119
1182
1255
1384
1522
1616
1625
1546
1379
1171
1037
994
991
949
894
813
683
587
552
549
523
458
369
330
391
504
586
645
627
574
510
476
497
517
498
454
454
485
480
415
232
9
-227
-466
-621
-716
-709
-797
-926
-1061
-1103
-1074
-1081
-1104
-1133
-1061
-903
-663
-382
-98
80
66
-21
14
190
387
561
654
671
623
568
558
566
582
513
409
241
178
174
171
143
-43
-347
-687
-877
-898
-797
-675
-599
-599
-671
-709
-591
-357
-67
171
314
406
595
882
1133
1307
1394
1399
1406
1454
1577
1696
1737
1664
1494
1350
1263
1210
1166
1107
1018
904
785
690
633
639
646
570
473
401
424
485
586
617
615
593
582
617
625
641
586
580
552
534
488
457
343
169
-78
-310
-475
-586
-682
-776
-829
-877
-880
-966
-1033
-1072
-991
-859
-630
-336
-19
149
137
81
108
242
438
600
720
734
678
639
618
620
584
529
438
370
291
237
133
-4
-216
-470
-686
-736
-699
-675
-695
-743
-794
-796
-673
-475
-225
-11
146
233
407
653
894
1086
1234
1362
1437
1504
1604
1684
1694
1682
1611
1466
1337
1271
1207
1134
1027
952
830
719
660
597
537
490
430
328
304
365
475
530
547
482
429
395
461
533
568
581
568
564
515
497
438
274
74
-181
-387
-516
-572
-614
-701
-803
-949
-1069
-1129
-1123
-1071
-930
-693
-382
-145
-7
-1
28
117
252
434
620
758
788
776
775
764
712
650
545
432
391
373
317
187
57
-89
-291
-501
-674
-771
-811
-784
-708
-654
-621
-594
-532
-360
-121
127
341
545
772
977
1151
1305
1429
1533
1620
1718
1780
1838
1847
1779
1614
1447
1326
1234
1199
1151
1081
922
738
566
512
496
503
467
414
361
367
449
524
564
564
579
551
557
583
638
669
692
636
558
514
451
383
206
33
-209
-402
-574
-730
-793
-826
-861
-922
-967
-976
-904
-762
-518
-259
-18
41
54
126
285
509
678
840
912
908
875
852
847
765
695
558
394
292
263
270
150
-113
-469
-801
-981
-956
-839
-777
-825
-878
-943
-872
-654
-359
-60
156
345
480
686
948
1191
1362
1480
1564
1612
1722
1869
1952
1910
1731
1478
1267
1162
1159
1118
1017
869
740
641
558
508
445
375
325
289
294
385
503
602
614
576
538
551
622
725
765
773
700
633
522
413
331
185
52
-185
-351
-559
-695
-803
-903
-984
-1060
-1112
-1172
-1185
-1094
-822
-473
-108
12
-2
-85
4
231
505
827
956
921
744
661
692
693
659
504
275
41
-88
-118
-184
-329
-526
-774
-1034
-1199
-1205
-1138
-1128
-1099
-1056
-962
-822
-572
-302
-41
207
418
598
806
1098
1370
1529
1593
1602
1600
1640
1697
1771
1723
1585
1330
1050
825
686
628
554
497
464
435
376
285
195
102
73
130
239
398
543
657
700
722
728
740
752
776
785
812
807
777
674
521
330
83
-151
-397
-562
-764
-906
-998
-1022
-1061
-1121
-1165
-1150
-1032
-813
-442
-20
296
302
170
152
367
664
985
1210
1241
1065
861
777
744
699
582
354
37
-176
-196
-184
-237
-433
-772
-1207
-1507
-1462
-1204
-951
-807
-807
-894
-866
-615
-209
172
496
679
800
955
1282
1624
1846
1922
1861
1706
1613
1696
1816
1817
1646
1374
1022
765
644
584
523
431
353
273
255
274
272
231
164
202
312
548
782
964
973
908
830
857
937
1009
1060
984
906
784
681
527
359
136
-102
-353
-592
-754
-907
-1008
-1119
-1179
-1216
-1200
-1118
-945
-679
-319
114
415
513
449
465
621
857
1114
1313
1329
1139
960
853
763
608
424
229
-68
-318
-438
-474
-571
-751
-993
-1276
-1475
-1490
-1375
-1265
-1115
-961
-847
-729
-481
-148
181
492
748
918
1086
1325
1553
1681
1724
1735
1688
1592
1512
1463
1388
1224
995
732
508
352
263
213
173
183
207
182
164
180
207
299
409
552
681
834
945
1021
1021
953
895
858
893
944
943
898
781
618
394
146
-106
-359
-533
-670
-821
-1020
-1145
-1205
-1225
-1230
-1130
-1008
-815
-539
-76
443
762
789
629
600
738
1050
1352
1520
1442
1143
828
606
514
401
256
6
-277
-507
-598
-578
-647
-821
-1117
-1427
-1589
-1459
-1161
-913
-803
-771
-712
-563
-257
137
465
690
856
989
1120
1337
1550
1616
1546
1422
1375
1402
1474
1494
1350
1026
646
319
183
241
345
387
320
247
209
209
254
282
289
306
417
619
868
1057
1119
1042
852
730
745
861
930
865
749
628
537
482
375
182
-71
-381
-617
-808
-879
-923
-974
-983
-981
-878
-826
-776
-635
-352
135
737
1237
1357
1128
905
940
1183
1537
1800
1773
1366
895
654
536
417
251
41
-325
-649
-746
-710
-688
-782
-1012
-1299
-1393
-1161
-827
-600
-497
-474
-462
-356
2
496
901
1111
1122
1095
1170
1377
1552
1560
1468
1325
1172
1119
1198
1269
1135
863
513
229
127
177
304
369
397
443
526
617
662
669
641
671
774
962
1174
1381
1455
1347
1130
958
898
921
950
905
784
647
544
430
299
83
-139
-390
-460
-539
-587
-732
-854
-894
-909
-768
-607
-421
-300
-125
193
709
1275
1582
1372
1022
838
1052
1453
1764
1864
1473
862
329
104
72
19
-51
-376
-779
-1042
-1057
-931
-961
-1045
-1219
-1311
-1131
-802
-514
-453
-452
-387
-222
99
489
818
961
998
989
991
1079
1204
1214
1106
943
822
712
622
560
464
378
210
55
-107
-175
-108
-17
118
224
370
506
619
635
616
640
755
935
1102
1228
1249
1174
1019
795
635
568
563
518
415
291
173
99
-34
-189
-421
-558
-681
-712
-767
-786
-790
-872
-841
-820
-640
-563
-449
-326
-79
346
897
1375
1461
1090
669
663
980
1397
1567
1481
988
389
26
-93
-95
-196
-313
-576
-862
-907
-795
-654
-741
-917
-1110
-1156
-870
-397
-18
37
-66
-161
-105
188
643
1021
1178
1137
1029
940
986
1102
1092
939
731
586
572
661
746
660
408
157
-33
-75
24
241
417
526
608
700
791
865
874
799
813
932
1160
1270
1312
1232
1048
861
718
654
620
558
462
305
194
170
133
70
-121
-338
-532
-617
-581
-593
-558
-604
-710
-709
-690
-433
-372
-226
-123
3
394
927
1506
1604
1180
747
569
857
1286
1531
1484
857
270
-193
-233
-145
-147
-173
-474
-746
-884
-780
-631
-700
-731
-846
-792
-584
-263
-12
-13
-26
37
166
375
647
916
1063
1034
1003
902
927
934
878
736
605
602
557
526
494
427
279
105
19
4
78
270
469
595
651
742
799
785
771
793
893
1033
1203
1256
1186
1067
920
764
616
514
475
422
412
268
145
-28
-120
-238
-312
-312
-362
-396
-558
-610
-695
-699
-661
-583
-432
-301
-191
-150
-132
75
426
1069
1541
1551
1138
683
692
991
1327
1435
1157
642
71
-136
-121
-100
-127
-355
-601
-895
-905
-716
-575
-540
-691
-819
-803
-512
-65
101
78
-33
5
146
379
730
985
1109
1063
928
833
806
851
804
647
541
484
495
501
513
461
288
170
100
122
248
461
655
699
762
818
889
885
885
902
1000
1115
1185
1154
1063
994
878
766
575
474
377
302
239
116
75
30
-63
-200
-428
-498
-502
-394
-384
-473
-617
-691
-715
-588
-450
-266
-184
-228
-157
-65
384
888
1410
1516
1154
640
450
739
1207
1435
1319
823
205
-157
-194
-61
-63
-124
-323
-575
-649
-562
-384
-437
-551
-519
-413
-110
117
286
146
19
135
368
634
771
895
939
920
939
917
905
868
809
742
669
703
710
649
553
488
509
555
560
526
427
465
628
819
998
1131
1214
1096
973
923
1012
1187
1325
1324
1148
1011
933
889
695
555
434
398
413
407
387
316
186
-11
-234
-284
-168
-103
-117
-356
-474
-653
-612
-552
-494
-339
-206
-43
-77
-76
44
371
958
1447
1519
1168
725
712
898
1210
1337
1183
759
226
55
26
7
-101
-317
-487
-642
-501
-229
-63
-95
-381
-550
-547
-160
314
494
455
266
159
155
305
583
724
799
757
661
607
543
502
372
318
364
411
518
550
529
430
386
456
476
522
614
741
846
920
966
950
884
833
819
847
976
1041
1013
858
729
610
498
460
318
197
69
51
12
-54
-80
-137
-208
-266
-344
-413
-486
-462
-451
-544
-670
-864
-940
-1003
-859
-689
-576
-572
-685
-605
-355
74
524
826
887
554
163
145
487
856
876
655
262
-204
-426
-389
-252
-299
-448
-554
-675
-566
-411
-309
-453
-612
-398
-104
125
45
-58
-143
-115
132
275
311
163
89
135
165
259
244
179
126
99
164
197
307
317
224
183
312
601
714
617
430
361
545
787
964
933
860
731
611
612
698
781
772
746
649
587
486
401
234
108
93
106
129
41
-4
-127
-155
-231
-249
-283
-281
-259
-388
-520
-682
-712
-771
-806
-880
-893
-918
-742
-701
-621
-664
-467
-114
242
651
760
658
306
145
314
609
854
801
409
-55
-432
-396
-372
-379
-519
-659
-702
-681
-519
-404
-402
-463
-539
-449
-304
-90
83
117
68
-25
-12
47
94
121
146
205
233
242
219
160
145
127
171
243
381
464
482
494
520
575
579
530
485
552
697
801
789
694
580
534
549
627
706
763
788
727
595
434
342
275
246
202
187
132
40
-43
-157
-239
-337
-380
-374
-385
-361
-420
-461
-582
-703
-831
-895
-905
-904
-847
-853
-791
-871
-901
-880
-659
-349
-28
339
611
570
285
52
141
356
572
605
372
58
-266
-384
-484
-581
-659
-770
-791
-754
-615
-485
-529
-624
-665
-522
-357
-217
-111
-144
-172
-147
-55
-69
-205
-263
-165
10
164
219
178
95
41
51
34
140
277
374
401
449
560
526
419
244
123
171
358
562
530
430
334
306
355
414
497
523
581
550
471
355
272
195
153
176
142
98
-103
-185
-340
-343
-392
-401
-390
-478
-474
-611
-647
-832
-900
-1002
-1008
-1096
-1102
-1101
-1069
-994
-899
-790
-877
-837
-677
-369
-30
291
499
477
274
170
193
401
511
429
126
-219
-475
-594
-623
-632
-783
-911
-898
-778
-638
-576
-518
-593
-566
-442
-266
-162
-85
-20
-95
-180
-241
-231
-213
-116
50
228
386
446
385
243
217
251
379
525
663
717
659
629
504
387
252
188
232
359
504
543
510
454
438
428
455
513
607
675
704
716
669
624
476
388
345
324
247
133
26
-174
-272
-298
-215
-224
-291
-351
-411
-462
-525
-698
-831
-907
-931
-885
-1007
-984
-1053
-929
-861
-794
-734
-807
-726
-602
-212
217
524
692
549
279
71
101
372
440
399
140
-123
-426
-669
-764
-800
-772
-736
-712
-636
-568
-509
-536
-640
-517
-242
63
58
-114
-202
-237
-60
145
297
280
218
364
570
700
717
593
550
575
706
749
650
611
432
310
220
298
338
208
98
-18
55
218
404
484
480
534
559
544
517
588
678
770
793
724
559
354
203
54
12
-52
-165
-333
-544
-620
-634
-613
-647
-817
-894
-939
-887
-839
-1014
-1127
-1353
-1249
-1091
-940
-926
-1044
-1084
-1159
-1090
-975
-771
-622
-384
-185
108
177
205
27
-68
-93
43
186
128
-75
-382
-632
-808
-829
-801
-824
-865
-857
-760
-590
-482
-509
-663
-587
-275
-60
-119
-328
-390
-335
-147
111
144
50
-47
48
302
515
676
553
351
228
247
316
270
277
195
122
103
150
155
49
-42
-56
53
247
381
426
447
531
554
549
605
727
822
813
715
644
565
466
283
128
70
23
-136
-388
-546
-593
-572
-519
-598
-628
-719
-742
-780
-870
-879
-979
-902
-887
-900
-918
-1062
-1070
-1108
-1008
-872
-808
-716
-724
-641
-508
-212
123
205
165
115
115
179
181
240
127
-6
-163
-307
-458
-541
-600
-628
-690
-658
-553
-460
-314
-217
-195
-263
-281
-214
-141
69
199
229
155
103
181
221
395
559
706
795
823
807
623
454
351
385
470
534
536
444
336
270
227
238
312
341
434
589
793
885
901
854
797
801
862
950
1029
1027
967
790
626
501
382
288
126
-20
-166
-272
-339
-414
-400
-422
-430
-497
-547
-586
-612
-618
-708
-743
-790
-830
-843
-918
-893
-991
-1023
-1007
-958
-823
-819
-786
-832
-766
-641
-413
-92
92
101
-9
-9
116
179
209
126
26
-108
-155
-170
-270
-438
-584
-614
-573
-458
-328
-220
-193
-236
-287
-212
77
334
341
95
-31
76
290
553
603
528
354
361
554
676
724
599
487
423
417
451
393
349
354
405
481
556
627
610
537
526
597
714
812
839
844
865
864
812
681
638
620
647
654
581
469
251
47
-112
-107
-32
-44
-222
-395
-457
-365
-321
-345
-427
-505
-496
-519
-535
-653
-791
-872
-917
-862
-879
-874
-970
-1122
-1251
-1239
-1060
-918
-905
-960
-971
-812
-523
-281
-69
-45
-65
-79
92
233
256
178
60
-61
-168
-223
-263
-349
-471
-529
-541
-522
-423
-215
-36
-64
-191
-296
-270
-144
87
283
296
216
207
325
446
521
534
532
546
595
682
678
601
474
370
355
458
591
655
628
518
447
420
481
532
621
765
905
918
843
701
631
643
740
850
892
882
721
568
456
404
338
226
127
2
-73
-122
-188
-251
-357
-335
-307
-236
-256
-384
-522
-632
-640
-695
-688
-727
-772
-845
-903
-846
-889
-881
-1044
-1097
-1042
-894
-705
-791
-802
-847
-781
-609
-446
-147
-117
-167
-207
-199
-4
11
69
18
-28
-61
-135
-26
-22
-109
-242
-300
-216
-178
-4
131
154
-61
-273
-269
-43
316
454
344
25
-59
171
500
699
627
495
410
528
759
878
831
663
630
615
671
723
684
600
501
538
562
600
642
665
658
619
551
492
466
527
657
722
701
574
472
371
345
337
337
306
197
125
-4
-77
-113
-90
-151
-240
-281
-329
-379
-419
-486
-530
-584
-597
-629
-685
-731
-817
-864
-963
-975
-1041
-979
-987
-1041
-1123
-1184
-1050
-1038
-1017
-1101
-1158
-1059
-945
-696
-577
-481
-433
-445
-244
-56
180
237
206
161
112
187
230
196
115
17
-20
-75
-10
-23
-64
-145
-175
-191
-108
108
171
99
-69
-75
20
234
510
613
589
472
463
531
636
734
782
845
819
778
711
647
622
628
629
577
549
557
542
511
391
335
324
360
405
477
547
498
404
352
366
359
352
337
354
333
284
195
60
-9
-62
-86
-169
-220
-283
-365
-399
-452
-457
-511
-583
-652
-732
-747
-789
-788
-845
-943
-940
-1002
-937
-1009
-982
-1026
-1029
-999
-1055
-957
-1022
-966
-964
-830
-626
-545
-419
-374
-253
-109
-68
132
277
496
571
585
550
406
344
272
343
403
398
351
195
136
43
6
4
31
155
184
253
186
169
162
182
274
339
538
625
691
713
731
743
731
803
834
874
846
772
729
680
632
552
487
475
448
396
314
326
314
327
317
309
356
428
481
453
401
384
423
455
471
481
445
355
288
203
145
43
-36
-132
-198
-243
-301
-383
-472
-506
-519
-560
-634
-711
-784
-768
-757
-713
-745
-764
-737
-720
-707
-724
-691
-708
-728
-731
-701
-660
-614
-620
-640
-633
-527
-396
-311
-306
-302
-245
-103
25
118
185
239
287
329
407
428
401
377
427
523
553
534
469
437
452
516
562
573
512
399
383
393
469
457
403
377
403
457
453
444
441
474
513
551
612
594
556
502
491
543
627
653
605
553
535
557
555
579
587
564
539
539
512
453
383
315
248
204
150
98
63
2
-44
-101
-153
-219
-257
-271
-291
-328
-343
-321
-290
-276
-304
-365
-402
-407
-364
-363
-392
-427
-441
-412
-426
-456
-530
-602
-654
-668
-639
-630
-635
-666
-694
-715
-699
-656
-627
-610
-623
-628
-621
-570
-547
-542
-524
-435
-324
-196
-93
-28
-20
-50
-27
48
173
252
277
264
296
354
424
442
436
438
458
513
542
538
488
448
391
366
372
384
366
343
342
355
382
368
371
373
384
417
465
500
515
489
475
472
468
475
501
517
506
470
433
375
288
224
152
107
88
53
-2
-43
-52
-42
-55
-75
-97
-102
-90
-57
-18
14
-6
-55
-83
-67
-27
-23
-25
-15
1
-11
-51
-92
-136
-182
-184
-184
-189
-220
-234
-255
-254
-229
-209
-193
-213
-195
-197
-209
-243
-268
-257
-259
-267
-291
-304
-341
-380
-370
-313
-275
-260
-267
-249
-205
-162
-127
-119
-108
-82
-16
66
118
168
224
260
314
342
394
406
423
482
535
578
585
617
627
636
657
689
703
686
685
665
654
603
547
472
394
357
312
252
198
134
78
36
29
32
31
40
28
16
-5
-1
6
23
34
49
87
127
162
176
191
208
226
229
222
209
210
192
158
124
103
72
10
-18
-18
-1
-12
-47
-93
-123
-97
-72
-63
-71
-53
-38
-2
28
52
65
45
44
30
33
13
14
26
51
53
-4
-58
-119
-150
-165
-176
-206
-250
-285
-302
-331
-412
-474
-500
-499
-454
-381
-328
-346
-376
-355
-292
-252
-236
-225
-207
-190
-152
-108
-53
-5
5
37
118
201
277
363
433
464
483
559
617
636
606
578
547
519
469
410
350
291
237
187
149
120
101
78
59
54
67
88
95
127
151
188
197
228
255
237
214
205
232
227
243
239
238
233
220
226
215
224
228
212
202
192
191
189
199
185
189
195
193
188
160
179
227
276
344
398
416
397
400
408
415
401
365
311
297
301
296
256
187
110
26
1
-5
-16
-79
-124
-122
-71
-57
-69
-111
-165
-202
-229
-249
-275
-318
-344
-401
-456
-501
-538
-565
-587
-556
-537
-539
-525
-489
-400
-306
-207
-133
-78
-24
42
149
242
293
323
344
364
405
477
529
524
477
470
462
432
407
399
397
395
405
372
321
277
253
236
235
203
161
143
155
188
183
173
173
186
220
249
266
271
277
302
335
384
423
457
473
484
483
505
560
572
566
560
567
565
555
542
534
512
494
493
474
436
383
347
308
283
243
219
206
217
211
193
207
189
169
168
183
177
188
193
193
158
119
75
14
-21
-49
-99
-203
-294
-352
-434
-485
-549
-589
-670
-735
-747
-735
-715
-731
-754
-775
-767
-766
-730
-666
-591
-531
-468
-436
-435
-410
-345
-266
-214
-158
-122
-89
-93
-55
0
71
125
173
217
232
282
307
338
358
350
357
388
406
408
405
366
334
290
285
269
247
230
204
183
196
221
238
232
225
249
272
314
360
393
382
386
408
420
415
388
388
410
430
444
418
400
379
353
352
357
379
378
355
327
315
321
329
330
331
324
296
260
248
236
246
233
205
188
137
98
81
57
36
-8
-72
-124
-162
-200
-223
-262
-319
-361
-388
-396
-411
-432
-476
-516
-520
-509
-484
-506
-500
-505
-516
-523
-524
-473
-486
-510
-531
-523
-509
-504
-479
-467
-452
-443
-429
-416
-357
-276
-192
-130
-108
-87
-42
22
119
189
215
245
283
329
407
474
534
545
567
568
580
607
638
668
677
682
657
646
605
590
583
581
578
545
517
501
502
496
485
458
437
473
507
526
532
510
506
503
505
506
523
535
528
515
505
490
464
427
365
342
325
329
311
268
214
183
180
181
165
149
140
136
121
113
93
64
38
26
17
3
-1
-21
-18
-3
-19
-72
-138
-185
-201
-178
-168
-170
-179
-217
-263
-308
-325
-340
-357
-381
-388
-402
-429
-459
-499
-502
-510
-502
-539
-571
-567
-529
-466
-422
-391
-403
-391
-353
-335
-322
-300
-271
-235
-212
-184
-156
-139
-70
10
93
172
227
251
263
313
365
450
506
526
563
601
632
685
724
732
738
749
788
788
757
744
724
712
706
686
649
604
547
494
428
372
332
300
271
231
202
181
162
132
131
133
121
82
81
109
128
160
154
152
151
144
141
154
169
166
138
127
114
78
58
70
100
102
79
63
53
59
67
59
54
67
84
87
92
92
91
80
58
42
22
13
8
23
22
-4
-16
-20
-49
-71
-98
-122
-123
-105
-84
-90
-91
-124
-162
-154
-121
-100
-79
-67
-33
-7
23
72
115
146
165
208
232
258
286
296
288
284
287
315
347
371
361
360
373
385
412
427
456
462
471
523
547
580
605
631
619
614
618
631
652
630
611
600
607
612
610
576
561
524
488
455
428
393
389
394
389
368
312
288
270
261
256
240
222
212
201
195
185
186
181
167
140
145
148
176
199
201
201
223
237
256
270
275
303
321
343
316
298
277
275
267
259
256
242
230
208
195
161
124
116
106
118
103
77
54
29
19
3
3
-12
-32
-29
8
33
40
67
97
123
133
131
151
165
176
188
164
135
128
140
150
160
165
152
129
107
91
58
38
-11
-42
-61
-78
-69
-85
-109
-122
-141
-173
-192
-185
-176
-147
-118
-77
-52
-36
-22
23
78
104
142
181
244
283
324
346
377
388
386
396
395
393
380
363
355
346
318
316
289
280
232
201
175
176
202
197
182
147
124
101
83
58
42
29
34
26
24
4
-17
-14
-8
6
39
62
89
111
122
154
181
208
240
258
266
263
242
228
209
209
224
221
225
215
226
217
214
208
197
208
203
225
219
191
171
162
149
131
119
110
119
120
132
125
108
99
95
87
84
59
39
27
45
46
19
7
-12
-12
-7
-3
-12
-14
-20
-12
-14
-13
-18
-16
-1
27
27
14
17
5
14
24
34
17
-13
-1
24
46
35
31
41
91
147
196
223
243
255
284
323
361
416
455
475
486
488
493
500
502
531
545
570
568
549
541
545
521
484
460
460
476
486
480
454
423
411
415
397
373
339
308
322
344
372
368
369
374
345
334
337
351
365
355
355
355
370
365
378
409
420
403
398
424
442
463
461
445
417
391
362
349
348
337
314
266
221
190
161
150
129
116
114
113
117
122
117
106
93
79
97
90
96
107
96
80
69
66
62
79
82
59
53
67
63
55
43
21
17
23
41
38
30
45
24
30
21
16
15
35
80
104
108
107
97
94
105
142
158
193
194
171
205
218
250
280
282
275
286
286
308
340
364
374
361
369
380
420
464
500
504
493
499
505
495
491
493
474
454
421
423
430
453
459
430
413
385
374
346
321
310
293
282
262
229
215
198
198
175
142
104
56
37
39
44
60
59
41
51
64
103
109
109
109
119
145
190
222
256
249
246
251
250
268
264
262
255
256
257
250
242
245
236
222
213
199
195
198
221
235
233
225
226
197
184
183
196
216
217
221
196
177
178
189
204
218
211
198
189
187
174
163
168
184
199
202
214
212
204
213
225
232
243
253
258
257
257
268
270
258
250
249
252
261
268
264
267
292
298
295
308
307
313
316
332
336
334
357
375
367
326
330
337
338
321
299
272
265
261
238
209
165
141
119
119
95
57
21
-4
0
-10
-15
-24
-28
-33
-32
-49
-62
-68
-41
-33
-29
-27
-45
-40
-13
10
23
22
36
53
58
84
123
146
172
192
196
192
218
231
254
262
267
259
236
216
181
178
189
204
193
187
162
130
111
80
62
56
71
82
85
73
87
106
125
126
129
133
135
156
184
214
226
239
239
252
267
261
278
290
293
319
315
306
270
259
258
269
257
245
232
222
237
219
201
167
141
126
139
160
164
134
109
87
76
65
47
56
75
105
119
122
108
99
98
108
125
131
136
154
177
194
193
201
199
198
200
212
228
227
223
200
204
211
202
199
199
187
168
162
162
163
163
154
155
132
111
104
110
154
177
178
150
122
120
129
132
134
154
153
154
154
149
144
128
95
81
92
91
76
60
61
63
63
72
83
94
88
82
83
121
139
140
125
104
114
132
173
192
183
170
166
160
184
202
186
173
178
192
198
197
186
176
166
161
174
162
138
109
77
94
118
117
117
106
92
99
105
119
129
146
151
162
173
178
153
137
151
157
161
161
176
178
192
207
204
202
191
191
207
225
235
233
240
218
218
245
261
262
256
241
222
226
243
249
248
245
254
252
241
251
235
222
214
195
150
129
131
126
150
156
153
164
166
165
158
160
168
173
179
175
169
163
176
167
149
159
176
203
194
191
171
164
161
154
151
143
138
136
158
151
128
121
121
110
99
84
81
91
105
95
82
94
111
112
87
64
55
43
54
68
106
94
86
99
105
108
119
114
126
144
164
202
204
233
231
245
252
266
275
271
280
277
278
279
291
277
284
309
326
321
292
275
278
290
298
300
271
272
277
273
276
260
241
222
192
172
176
193
202
201
190
176
179
141
122
136
139
161
174
186
212
228
225
220
240
266
286
314
344
348
330
348
380
407
404
392
390
378
393
409
416
418
406
413
434
438
449
449
459
453
436
420
422
405
394
392
401
395
396
398
408
404
374
366
364
379
411
410
395
376
366
374
379
374
396
419
419
436
451
469
493
524
563
572
586
602
600
591
603
600
616
641
668
688
688
695
697
705
731
744
759
767
773
775
786
795
818
837
834
841
838
840
820
815
802
781
775
796
800
804
792
763
721
706
748
762
762
741
722
687
679
691
666
662
648
635
609
610
616
589
594
601
595
584
588
589
575
583
585
565
549
559
544
525
522
493
467
460
460
474
472
439
410
411
423
458
455
426
395
365
377
418
459
457
460
449
431
440
477
514
525
525
531
540
553
572
585
576
580
576
566
553
551
543
534
535
528
523
509
500
513
526
496
485
493
518
537
564
575
559
566
550
564
575
590
594
601
595
578
563
568
582
587
587
570
536
518
534
553
552
533
517
498
501
516
512
499
479
458
441
450
473
471
453
437
409
399
409
415
405
372
355
331
327
330
342
363
379
372
353
356
357
382
397
424
448
440
441
459
457
435
412
414
422
419
416
395
386
372
372
361
347
337
324
344
363
375
368
360
352
349
341
335
341
334
331
324
307
309
301
296
290
301
321
320
322
332
348
364
376
375
372
382
420
439
457
465
467
477
492
498
497
502
500
508
518
512
499
490
475
465
464
431
410
413
417
417
438
443
440
424
404
384
360
347
332
342
358
384
384
357
348
342
338
347
344
343
340
335
333
329
323
330
337
339
351
361
367
388
402
405
399
413
426
443
477
479
489
476
462
451
401
387
370
383
393
387
367
346
338
330
325
319
299
293
297
287
286
284
308
337
345
369
398
400
395
405
420
455
475
489
510
531
558
553
549
542
543
563
564
566
556
545
553
551
557
572
584
596
578
579
580
580
586
590
595
587
576
578
591
596
592
572
553
553
543
541
555
564
575
577
570
575
573
604
623
638
640
652
670
678
679
680
678
667
661
637
635
637
642
631
630
622
614
617
610
602
583
582
570
564
538
525
518
504
496
489
473
461
454
436
437
438
465
493
493
485
466
462
454
455
449
436
417
405
416
405
401
394
412
433
415
394
379
392
414
471
506
500
470
445
417
418
435
435
431
423
434
425
441
473
490
501
503
503
509
519
528
514
494
489
496
496
491
493
488
497
516
527
532
528
525
530
549
578
588
581
555
543
535
524
540
553
572
591
574
561
554
566
578
579
578
554
524
511
511
523
540
556
553
553
550
555
580
594
619
619
595
601
609
631
645
660
665
658
650
625
622
627
621
617
603
581
577
579
572
576
582
574
573
606
622
631
652
647
644
641
638
648
652
649
642
637
642
638
616
595
583
576
572
564
543
544
558
573
577
583
584
598
596
595
602
593
582
571
567
571
580
570
550
533
522
523
517
511
494
508
536
557
576
585
597
618
628
625
629
635
639
631
621
628
637
640
640
631
634
639
623
610
598
583
574
560
543
535
533
521
508
486
482
482
484
487
485
489
495
491
472
468
460
457
463
464
475
474
469
461
454
470
482
485
487
479
476
483
512
511
500
480
465
467
458
462
458
471
486
478
475
462
453
431
413
376
348
354
358
379
400
408
402
400
384
389
389
376
366
354
352
354
361
358
358
352
337
319
302
296
295
306
326
336
357
365
361
357
339
342
346
346
352
343
335
319
312
310
319
329
344
342
326
312
307
300
307
326
331
343
354
355
363
366
366
350
340
335
323
319
317
311
291
277
273
264
255
264
280
275
275
279
285
301
288
277
272
304
326
344
376
364
355
371
408
421
409
413
401
407
414
410
402
386
362
334
310
311
314
293
307
312
306
297
294
292
291
293
299
309
316
344
333
325
313
267
247
235
241
240
235
210
208
221
246
271
259
234
207
212
247
287
315
301
292
285
282
307
333
371
408
398
381
380
387
408
415
412
398
377
384
397
398
381
372
369
387
385
375
372
395
435
434
410
403
432
462
473
467
455
451
451
457
448
461
485
474
477
467
452
473
496
516
520
519
501
484
500
532
549
557
564
583
613
627
633
627
622
627
639
646
649
644
650
656
662
676
686
689
675
675
675
685
676
666
655
638
619
592
589
587
576
575
575
580
573
570
570
574
586
594
586
588
618
641
651
649
662
667
663
658
635
623
620
632
654
651
651
626
612
621
625
644
642
631
632
642
663
677
679
670
669
677
679
670
659
665
667
673
681
681
686
696
698
707
720
709
693
686
686
674
694
699
706
711
702
705
691
678
678
667
666
673
659
657
638
638
639
633
644
644
656
679
706
727
740
751
773
795
791
783
787
773
776
773
775
784
774
758
752
749
747
746
727
735
751
756
762
755
766
766
787
803
814
842
848
861
858
859
860
866
868
855
856
830
818
803
793
769
732
722
700
708
725
725
729
734
729
743
745
752
760
764
785
803
821
829
845
863
868
848
850
860
870
880
878
864
856
839
837
847
849
845
841
854
866
881
888
897
900
893
884
877
880
863
837
843
842
855
851
846
844
837
836
846
876
903
922
934
947
954
981
998
1024
1043
1063
1063
1058
1072
1065
1057
1034
1041
1045
1038
1036
1022
1022
1015
1003
975
959
950
937
927
923
922
918
928
933
934
923
919
908
902
896
900
913
889
863
853
850
857
863
881
893
902
916
912
909
916
915
898
876
877
882
886
875
869
873
903
916
901
874
838
840
866
890
903
895
881
869
851
870
893
918
922
905
887
874
888
911
912
894
874
848
827
804
763
718
689
674
660
631
596
613
635
646
636
620
613
606
643
673
698
713
702
691
688
699
670
649
643
664
672
658
621
568
560
557
555
542
521
522
522
538
561
591
612
609
606
605
618
630
632
634
617
618
601
586
577
559
566
563
548
519
516
509
517
506
495
485
476
494
521
545
550
565
572
572
577
584
597
597
610
628
638
642
630
611
605
610
612
623
628
633
651
653
641
632
613
609
627
631
650
646
633
645
639
625
602
581
548
524
516
533
552
539
532
501
490
485
479
501
506
525
554
557
548
525
518
522
527
530
532
536
541
542
514
486
460
443
431
442
440
463
479
471
473
490
504
497
484
489
493
502
504
481
468
447
431
422
414
402
377
371
372
385
399
395
387
385
414
439
468
494
512
515
505
491
479
478
491
510
514
518
513
510
478
443
440
439
448
471
487
489
491
485
475
481
486
488
495
484
476
467
459
441
416
406
394
395
390
390
381
376
374
374
379
398
421
433
429
441
453
432
436
442
434
431
435
422
424
421
405
387
376
365
343
326
314
328
339
362
364
376
374
374
400
401
408
415
416
424
431
437
440
451
445
433
427
406
394
370
363
357
349
351
369
370
374
369
373
393
411
434
448
465
471
479
484
477
476
477
463
449
429
400
378
362
354
358
353
366
371
362
371
372
369
363
356
351
354
344
337
333
338
349
332
317
299
288
275
260
252
250
255
260
263
267
270
260
253
253
264
274
280
274
281
292
298
324
311
268
234
218
223
232
225
206
168
130
113
109
138
153
148
140
114
88
90
112
130
115
97
94
110
121
126
129
113
108
111
106
120
125
126
123
114
86
71
88
113
142
158
174
166
162
172
190
200
212
235
245
248
238
226
229
229
222
206
196
191
181
192
210
224
212
208
211
231
245
248
234
233
240
263
290
306
310
284
247
234
219
209
198
177
167
165
169
183
195
206
199
177
172
175
178
169
195
217
224
230
238
247
237
234
226
217
224
216
218
224
221
235
243
239
237
230
221
224
235
246
245
231
228
227
218
202
192
173
155
145
150
165
167
162
160
175
190
208
210
220
221
231
260
278
286
309
313
309
321
321
321
304
292
279
265
264
258
261
248
237
238
220
207
208
191
183
193
198
193
188
209
236
249
245
228
218
227
237
251
266
263
238
214
207
198
185
165
166
174
181
179
190
207
209
211
210
222
225
232
249
263
260
264
252
237
227
204
196
175
176
165
153
131
104
99
89
95
112
122
120
122
126
136
132
139
137
124
128
114
110
119
120
105
80
64
56
54
61
72
63
52
51
62
65
74
77
88
86
82
65
66
82
82
86
91
74
55
41
24
23
6
-7
-6
5
8
9
7
5
2
-1
-14
-25
-30
-23
-22
-34
-52
-69
-70
-79
-83
-83
-73
-90
-87
-80
-87
-96
-92
-90
-73
-52
-36
-28
-44
-45
-37
-28
-23
-22
-33
-33
-26
-21
-20
-12
-34
-80
-109
-117
-137
-158
-149
-142
-142
-159
-167
-154
-152
-169
-174
-186
-191
-188
-188
-194
-195
-188
-172
-131
-128
-142
-141
-155
-151
-179
-208
-217
-213
-210
-211
-218
-224
-221
-211
-200
-210
-209
-221
-214
-191
-154
-128
-136
-156
-179
-189
-175
-185
-180
-183
-193
-199
-213
-211
-213
-199
-197
-202
-214
-204
-191
-189
-193
-197
-196
-185
-169
-169
-166
-150
-147
-136
-146
-158
-154
-142
-116
-91
-75
-77
-76
-93
-105
-119
-129
-118
-106
-115
-142
-159
-175
-166
-164
-168
-178
-195
-204
-191
-164
-147
-148
-163
-165
-152
-142
-132
-142
-164
-175
-164
-165
-167
-155
-155
-151
-145
-142
-148
-146
-148
-160
-176
-195
-213
-239
-258
-263
-275
-277
-287
-293
-290
-275
-247
-226
-218
-202
-170
-149
-143
-148
-142
-131
-125
-117
-122
-124
-130
-139
-146
-166
-198
-219
-225
-228
-219
-213
-214
-206
-202
-189
-172
-165
-174
-171
-172
-162
-148
-158
-162
-179
-191
-198
-223
-260
-280
-305
-326
-340
-336
-332
-330
-318
-316
-314
-304
-302
-282
-272
-266
-258
-268
-275
-280
-280
-297
-309
-327
-334
-345
-393
-437
-451
-458
-479
-501
-529
-544
-537
-525
-527
-526
-514
-511
-500
-496
-489
-490
-488
-488
-486
-489
-494
-484
-486
-497
-490
-500
-524
-532
-543
-534
-545
-550
-562
-546
-532
-531
-535
-518
-497
-485
-471
-472
-460
-448
-442
-438
-437
-463
-480
-506
-532
-564
-577
-590
-612
-615
-626
-638
-635
-623
-620
-607
-593
-576
-565
-540
-517
-499
-487
-456
-422
-420
-420
-447
-465
-467
-453
-433
-439
-448
-436
-431
-431
-416
-424
-418
-408
-406
-391
-377
-370
-374
-357
-354
-351
-346
-348
-354
-361
-369
-367
-365
-377
-373
-374
-383
-393
-379
-371
-380
-371
-382
-373
-373
-383
-380
-368
-335
-318
-326
-330
-326
-304
-305
-314
-330
-331
-328
-325
-317
-317
-310
-316
-312
-305
-306
-289
-292
-290
-286
-275
-251
-254
-254
-272
-275
-276
-282
-284
-296
-304
-313
-304
-299
-311
-326
-334
-328
-313
-287
-288
-277
-271
-260
-244
-216
-183
-172
-164
-170
-164
-173
-177
-182
-189
-207
-236
-268
-277
-260
-235
-209
-207
-221
-233
-224
-188
-130
-78
-64
-81
-98
-106
-100
-92
-84
-94
-108
-133
-147
-158
-169
-189
