-831
-845
-849
-833
-820
-803
-780
-779
-781
-756
-766
-777
-772
-778
-761
-757
-740
-737
-743
-730
-713
-714
-724
-730
-715
-710
-701
-689
-690
-682
-664
-655
-654
-644
-631
-651
-672
-672
-673
-664
-653
-633
-622
-619
-614
-614
-609
-606
-625
-637
-638
-629
-622
-619
-617
-607
-610
-629
-610
-604
-601
-602
-615
-611
-619
-618
-636
-638
-641
-630
-622
-627
-619
-606
-576
-576
-580
-590
-597
-579
-577
-568
-565
-581
-582
-595
-602
-584
-577
-559
-560
-574
-578
-587
-579
-572
-576
-582
-600
-599
-602
-602
-592
-602
-603
-599
-586
-561
-535
-517
-511
-506
-520
-531
-533
-527
-515
-504
-499
-491
-461
-463
-468
-467
-473
-492
-495
-515
-519
-541
-550
-546
-542
-554
-567
-570
-579
-579
-587
-598
-598
-593
-594
-586
-596
-598
-596
-596
-589
-570
-557
-566
-581
-585
-562
-561
-567
-569
-577
-582
-582
-585
-576
-596
-610
-619
-618
-596
-604
-575
-562
-564
-579
-587
-580
-559
-551
-565
-567
-576
-573
-569
-579
-590
-604
-611
-625
-617
-632
-639
-636
-631
-628
-626
-625
-612
-600
-585
-585
-603
-614
-641
-635
-637
-616
-615
-617
-600
-609
-604
-609
-619
-625
-624
-611
-608
-618
-628
-637
-639
-642
-642
-651
-653
-649
-654
-660
-661
-665
-656
-642
-631
-621
-622
-625
-625
-628
-615
-605
-617
-620
-618
-624
-639
-640
-634
-627
-606
-586
-580
-580
-594
-609
-607
-590
-603
-621
-623
-626
-613
-605
-601
-600
-621
-634
-630
-626
-621
-607
-610
-621
-622
-616
-582
-550
-533
-535
-564
-604
-629
-624
-600
-578
-572
-602
-616
-620
-641
-657
-685
-677
-667
-664
-646
-640
-637
-649
-669
-690
-694
-687
-683
-655
-629
-617
-614
-612
-616
-614
-618
-612
-599
-597
-578
-588
-582
-574
-569
-576
-572
-565
-569
-569
-563
-568
-556
-546
-539
-543
-541
-553
-577
-583
-572
-557
-526
-492
-498
-505
-522
-525
-526
-533
-532
-553
-574
-573
-569
-565
-572
-569
-570
-575
-573
-566
-558
-566
-558
-541
-528
-517
-517
-523
-525
-520
-515
-501
-496
-482
-464
-468
-476
-499
-511
-531
-532
-513
-505
-498
-494
-515
-531
-533
-545
-548
-567
-569
-559
-544
-513
-501
-507
-513
-532
-546
-550
-545
-541
-534
-528
-531
-522
-525
-525
-508
-499
-477
-478
-490
-512
-527
-524
-516
-500
-499
-498
-509
-514
-507
-495
-475
-473
-484
-499
-506
-501
-487
-476
-487
-512
-534
-555
-570
-570
-568
-571
-585
-608
-623
-619
-623
-631
-653
-661
-662
-661
-648
-643
-629
-612
-602
-599
-601
-594
-591
-578
-572
-564
-564
-566
-550
-549
-556
-563
-555
-545
-522
-511
-520
-523
-527
-527
-529
-532
-528
-531
-533
-547
-565
-563
-563
-560
-547
-557
-568
-565
-576
-562
-561
-572
-553
-549
-541
-514
-500
-481
-473
-452
-442
-443
-443
-446
-442
-434
-436
-432
-429
-432
-451
-474
-477
-470
-469
-462
-466
-490
-504
-524
-533
-553
-568
-568
-554
-553
-550
-542
-539
-534
-529
-524
-526
-524
-524
-512
-508
-488
-473
-474
-496
-500
-472
-460
-457
-465
-469
-487
-495
-487
-492
-490
-503
-497
-492
-492
-481
-467
-478
-476
-440
-436
-450
-462
-464
-473
-467
-434
-406
-404
-422
-432
-466
-458
-430
-410
-388
-385
-381
-396
-396
-386
-383
-392
-372
-352
-336
-337
-372
-397
-421
-421
-413
-415
-416
-404
-384
-382
-401
-426
-450
-432
-397
-381
-376
-401
-411
-379
-353
-349
-381
-440
-492
-501
-468
-411
-365
-364
-402
-445
-456
-404
-331
-302
-298
-318
-357
-351
-332
-315
-299
-314
-357
-386
-393
-373
-325
-320
-353
-398
-435
-419
-377
-345
-335
-357
-380
-396
-376
-350
-348
-345
-343
-313
-281
-277
-284
-278
-273
-285
-310
-328
-332
-321
-306
-318
-347
-361
-366
-360
-339
-319
-333
-350
-370
-364
-335
-335
-344
-364
-371
-359
-343
-322
-322
-330
-345
-365
-381
-388
-392
-399
-422
-450
-467
-470
-450
-450
-470
-499
-513
-503
-495
-482
-469
-463
-451
-442
-441
-441
-459
-454
-445
-438
-441
-443
-426
-403
-382
-376
-383
-391
-387
-400
-407
-391
-388
-392
-398
-412
-414
-415
-445
-470
-483
-483
-483
-480
-453
-446
-447
-455
-458
-448
-441
-453
-465
-467
-463
-448
-430
-430
-430
-427
-435
-432
-443
-437
-416
-400
-390
-408
-412
-404
-415
-421
-413
-397
-380
-365
-348
-347
-348
-356
-377
-377
-366
-355
-352
-356
-369
-382
-395
-401
-389
-386
-383
-384
-390
-389
-377
-370
-363
-369
-367
-351
-347
-344
-355
-358
-368
-378
-377
-366
-343
-309
-286
-282
-287
-291
-292
-278
-266
-251
-242
-222
-207
-194
-191
-197
-194
-214
-228
-243
-257
-265
-267
-267
-275
-285
-275
-267
-281
-295
-302
-302
-306
-308
-310
-316
-316
-308
-298
-289
-268
-255
-238
-226
-214
-225
-225
-211
-212
-194
-191
-201
-215
-232
-221
-201
-189
-182
-191
-208
-206
-210
-211
-216
-230
-237
-238
-229
-213
-211
-208
-189
-179
-180
-182
-165
-165
-173
-174
-178
-167
-149
-139
-142
-135
-116
-115
-110
-115
-121
-130
-136
-125
-114
-117
-124
-123
-115
-100
-98
-106
-111
-102
-102
-117
-122
-144
-147
-129
-118
-111
-118
-127
-142
-152
-155
-146
-148
-144
-140
-144
-138
-138
-148
-170
-167
-150
-130
-115
-124
-122
-137
-133
-127
-132
-138
-137
-143
-149
-150
-162
-158
-167
-146
-127
-130
-135
-140
-144
-141
-138
-141
-157
-150
-126
-110
-108
-132
-154
-160
-151
-135
-108
-100
-100
-106
-113
-120
-101
-76
-72
-87
-111
-121
-134
-145
-152
-148
-157
-167
-180
-201
-185
-181
-181
-176
-182
-181
-174
-161
-166
-195
-219
-211
-185
-155
-141
-145
-127
-111
-98
-78
-84
-87
-98
-105
-110
-99
-102
-112
-116
-123
-127
-137
-138
-135
-145
-154
-150
-145
-119
-97
-92
-93
-109
-114
-129
-124
-109
-101
-72
-57
-59
-74
-81
-86
-89
-88
-96
-104
-118
-103
-102
-121
-135
-151
-152
-147
-131
-122
-103
-87
-68
-49
-34
-24
-6
-15
-22
-18
-11
18
39
41
44
47
30
23
15
16
23
35
47
40
28
19
14
22
37
49
54
63
67
92
107
116
114
107
118
136
153
148
163
172
163
169
168
165
182
208
220
227
222
224
232
229
236
238
247
272
285
286
283
276
265
267
279
278
257
253
256
265
270
260
249
239
222
242
272
268
266
260
258
247
242
234
235
230
223
207
206
223
240
251
259
266
267
276
288
311
312
327
338
329
322
311
312
310
316
323
321
330
326
326
333
335
336
337
341
355
354
338
328
327
321
303
290
283
286
296
297
286
283
286
296
300
301
325
337
339
342
336
335
335
338
340
339
345
339
332
339
325
321
323
321
319
307
308
317
307
301
277
259
247
248
263
267
260
250
246
246
241
240
242
261
273
273
257
234
249
271
287
291
287
279
288
306
310
314
321
322
325
320
327
332
329
334
340
331
342
348
351
347
344
346
334
338
317
305
305
327
334
345
345
317
316
326
335
340
348
338
342
328
326
347
328
316
310
319
326
322
303
298
298
286
279
286
305
305
309
298
280
264
247
267
283
283
257
246
233
263
290
283
252
194
151
147
199
242
283
264
229
211
221
277
332
358
349
321
278
275
289
304
322
304
268
223
220
230
254
252
212
188
189
220
246
254
224
187
178
192
227
278
285
273
258
256
276
296
339
369
361
329
310
278
274
292
294
293
266
253
254
266
283
301
285
257
254
262
282
309
311
292
286
279
288
316
336
332
309
291
271
258
255
248
223
191
176
181
183
172
149
126
132
132
135
158
173
175
176
187
195
201
212
208
213
215
216
225
243
268
280
269
249
228
235
239
239
234
242
253
249
266
270
276
263
241
226
225
236
263
281
282
267
264
262
249
245
233
231
226
226
210
209
224
234
246
243
252
264
278
285
280
266
256
267
288
299
303
302
298
300
302
292
278
275
276
272
256
249
238
220
198
184
184
170
169
166
169
170
162
156
145
135
139
141
147
162
161
142
113
115
117
117
114
108
125
140
150
162
172
182
163
145
133
135
138
131
134
143
146
143
145
137
134
128
100
97
96
82
61
40
36
23
6
1
-16
-23
-29
-34
-22
-28
-21
-14
-5
11
18
22
25
31
24
35
28
29
47
52
52
38
15
-14
-16
-11
-13
-9
-3
-7
-15
-31
-37
-39
-32
-33
-34
-35
-27
-17
-24
-27
-31
-11
-17
-25
-33
-31
-33
-40
-58
-75
-70
-68
-64
-58
-53
-44
-45
-62
-67
-69
-65
-63
-54
-58
-66
-70
-72
-74
-73
-74
-73
-59
-56
-47
-52
-65
-63
-53
-42
-37
-48
-44
-43
-33
-32
-45
-65
-82
-84
-101
-105
-105
-103
-100
-94
-91
-82
-95
-114
-117
-124
-111
-106
-118
-127
-107
-115
-131
-143
-146
-114
-80
-55
-59
-84
-93
-110
-99
-85
-87
-98
-124
-140
-135
-120
-119
-118
-133
-141
-143
-123
-99
-98
-97
-115
-115
-104
-80
-54
-45
-54
-73
-79
-78
-75
-84
-85
-97
-88
-91
-100
-92
-96
-100
-90
-90
-103
-92
-83
-62
-47
-54
-72
-86
-78
-61
-46
-29
-4
5
3
-6
-9
-26
-46
-44
-43
-42
-47
-48
-51
-59
-58
-53
-68
-83
-82
-76
-58
-50
-57
-77
-83
-71
-71
-73
-78
-67
-42
-11
-9
-32
-41
-48
-55
-64
-81
-112
-131
-142
-146
-130
-153
-169
-170
-179
-164
-173
-165
-158
-155
-142
-132
-121
-126
-141
-139
-141
-127
-121
-127
-114
-112
-119
-135
-130
-138
-142
-149
-163
-177
-180
-178
-189
-187
-182
-177
-178
-177
-187
-189
-205
-206
-201
-197
-208
-223
-233
-247
-252
-269
-279
-289
-296
-293
-268
-253
-243
-238
-253
-274
-292
-294
-279
-265
-247
-242
-256
-265
-266
-258
-260
-264
-286
-303
-313
-322
-321
-326
-326
-325
-325
-328
-329
-348
-360
-361
-373
-379
-387
-392
-410
-411
-415
-408
-415
-433
-439
-431
-417
-405
-386
-371
-363
-360
-369
-374
-368
-360
-354
-355
-349
-369
-374
-385
-390
-398
-401
-404
-403
-405
-399
-387
-398
-405
-405
-409
-413
-416
-418
-433
-428
-428
-434
-428
-430
-434
-444
-447
-442
-431
-409
-409
-405
-381
-380
-368
-361
-361
-363
-370
-361
-346
-336
-337
-347
-359
-357
-338
-332
-329
-344
-354
-368
-383
-395
-399
-408
-417
-411
-415
-421
-421
-423
-423
-434
-436
-439
-410
-368
-350
-330
-336
-339
-334
-324
-315
-315
-304
-291
-283
-275
-285
-288
-294
-289
-293
-288
-276
-289
-291
-288
-279
-274
-272
-279
-284
-276
-260
-253
-252
-231
-196
-187
-183
-173
-172
-165
-139
-129
-152
-146
-154
-171
-176
-175
-179
-165
-166
-178
-180
-176
-163
-172
-188
-189
-181
-168
-166
-174
-192
-202
-210
-227
-242
-220
-212
-199
-198
-217
-223
-256
-249
-236
-212
-210
-220
-229
-208
-171
-148
-164
-219
-256
-279
-262
-217
-185
-185
-220
-248
-283
-272
-213
-178
-165
-176
-209
-235
-234
-225
-220
-244
-283
-302
-316
-324
-316
-319
-345
-384
-419
-421
-376
-341
-314
-325
-363
-378
-352
-315
-292
-293
-299
-303
-306
-308
-318
-304
-297
-312
-331
-348
-368
-374
-361
-348
-359
-396
-433
-452
-443
-411
-394
-415
-445
-448
-420
-378
-356
-372
-388
-409
-407
-374
-349
-328
-327
-361
-388
-397
-389
-385
-407
-436
-458
-471
-463
-460
-478
-485
-485
-496
-481
-458
-440
-419
-394
-383
-374
-366
-358
-353
-340
-325
-324
-321
-308
-301
-294
-280
-294
-302
-327
-346
-355
-346
-345
-352
-353
-341
-324
-320
-313
-335
-347
-380
-403
-414
-398
-366
-364
-368
-368
-362
-379
-384
-399
-406
-399
-377
-370
-364
-351
-351
-365
-365
-352
-334
-307
-288
-275
-280
-281
-272
-283
-278
-285
-280
-280
-281
-265
-265
-266
-278
-285
-298
-307
-307
-295
-293
-310
-336
-344
-352
-343
-331
-317
-338
-350
-351
-352
-341
-338
-347
-353
-358
-366
-362
-346
-338
-323
-308
-316
-330
-327
-303
-289
-273
-281
-278
-298
-310
-328
-331
-325
-306
-291
-285
-280
-287
-288
-312
-340
-369
-369
-366
-356
-371
-381
-374
-381
-384
-391
-395
-389
-394
-388
-381
-381
-365
-353
-351
-352
-347
-333
-318
-293
-287
-278
-280
-288
-302
-301
-280
-260
-267
-275
-282
-280
-281
-277
-276
-303
-314
-324
-334
-339
-329
-321
-325
-329
-341
-323
-308
-287
-285
-285
-257
-238
-233
-245
-250
-247
-247
-253
-253
-263
-266
-267
-285
-291
-282
-277
-269
-271
-267
-263
-259
-272
-290
-309
-312
-308
-309
-318
-310
-304
-300
-303
-311
-308
-312
-306
-294
-276
-276
-277
-287
-294
-304
-290
-278
-275
-276
-265
-261
-261
-266
-294
-309
-320
-312
-301
-292
-292
-303
-295
-294
-314
-321
-319
-313
-310
-303
-274
-265
-258
-271
-268
-263
-270
-279
-283
-264
-270
-296
-339
-360
-362
-348
-335
-335
-356
-365
-365
-376
-383
-375
-359
-362
-368
-365
-351
-310
-278
-288
-315
-341
-360
-376
-363
-354
-352
-346
-355
-356
-362
-343
-339
-327
-303
-291
-275
-261
-262
-273
-281
-284
-260
-240
-220
-196
-183
-177
-176
-173
-170
-166
-167
-170
-165
-163
-164
-162
-170
-170
-175
-178
-179
-172
-181
-166
-155
-162
-148
-143
-133
-118
-102
-88
-89
-97
-103
-108
-96
-72
-65
-58
-74
-78
-83
-98
-118
-160
-181
-171
-159
-167
-182
-194
-209
-202
-209
-243
-239
-247
-238
-231
-230
-216
-228
-218
-219
-214
-196
-190
-168
-145
-126
-121
-113
-113
-116
-117
-118
-120
-110
-94
-88
-96
-112
-125
-132
-139
-136
-134
-132
-121
-107
-107
-108
-111
-109
-99
-96
-84
-91
-93
-98
-100
-82
-88
-99
-71
-50
-35
-36
-43
-44
-53
-40
-32
-29
-15
-11
-4
-9
-21
-19
-19
-40
-44
-34
-36
-25
-27
-19
-31
-65
-89
-100
-108
-121
-139
-168
-171
-178
-203
-223
-232
-233
-218
-210
-191
-167
-153
-149
-154
-152
-159
-168
-166
-159
-149
-129
-104
-92
-91
-104
-114
-118
-121
-112
-105
-99
-97
-99
-97
-99
-106
-112
-116
-114
-122
-107
-106
-111
-114
-115
-121
-123
-122
-131
-138
-152
-160
-173
-165
-151
-145
-133
-116
-95
-89
-79
-80
-88
-92
-87
-79
-75
-80
-82
-70
-87
-92
-99
-112
-126
-145
-160
-165
-154
-151
-153
-164
-176
-194
-195
-184
-179
-170
-161
-150
-145
-135
-138
-143
-143
-136
-127
-130
-137
-153
-161
-164
-169
-175
-184
-180
-165
-160
-159
-171
-182
-178
-165
-161
-159
-146
-141
-138
-134
-124
-125
-130
-127
-121
-127
-118
-108
-125
-145
-136
-128
-135
-140
-153
-166
-166
-139
-133
-125
-111
-136
-154
-165
-162
-166
-180
-188
-177
-157
-147
-168
-182
-177
-178
-184
-180
-177
-165
-145
-139
-141
-171
-199
-221
-209
-185
-188
-203
-212
-208
-165
-131
-142
-171
-216
-246
-251
-207
-160
-160
-192
-222
-229
-217
-165
-117
-112
-127
-143
-144
-135
-117
-109
-109
-133
-179
-201
-200
-177
-157
-155
-176
-182
-168
-137
-104
-102
-122
-149
-157
-135
-95
-65
-50
-52
-64
-66
-63
-59
-46
-28
-36
-44
-64
-83
-98
-91
-74
-87
-105
-130
-141
-128
-104
-85
-114
-158
-175
-162
-137
-100
-85
-99
-113
-118
-91
-52
-19
-9
-17
-20
-11
1
-14
-32
-52
-91
-97
-81
-75
-67
-84
-110
-139
-145
-135
-112
-95
-82
-70
-62
-59
-55
-47
-31
-13
-9
3
21
36
56
61
57
34
13
23
31
34
31
29
33
43
50
70
75
76
74
65
44
28
28
50
65
57
36
9
10
5
4
-6
-15
-23
-22
-6
-6
-7
-14
-20
-19
-19
-8
-1
12
6
-13
6
29
30
42
56
47
44
40
36
21
7
11
-14
-26
-17
-29
-37
-63
-85
-105
-113
-110
-110
-98
-105
-100
-99
-118
-126
-123
-117
-106
-97
-96
-97
-103
-102
-103
-83
-64
-60
-57
-37
9
28
37
31
11
12
11
22
23
31
38
41
47
49
41
26
18
12
-9
-19
-34
-47
-57
-64
-57
-57
-61
-82
-93
-97
-103
-98
-98
-88
-79
-78
-77
-70
-78
-82
-77
-52
-24
-13
-17
-26
-14
-18
-5
4
-2
-12
-13
-15
-1
5
-5
-9
-30
-38
-39
-54
-44
-48
-51
-49
-50
-47
-47
-48
-56
-51
-44
-37
-35
-35
-47
-40
-55
-74
-71
-61
-67
-74
-76
-71
-68
-66
-72
-83
-94
-93
-96
-110
-118
-127
-131
-129
-127
-126
-120
-119
-115
-126
-128
-135
-133
-120
-125
-126
-136
-142
-142
-139
-128
-111
-105
-115
-123
-123
-141
-141
-137
-132
-131
-137
-137
-138
-145
-147
-152
-158
-151
-150
-164
-165
-166
-171
-159
-161
-144
-120
-118
-107
-110
-113
-105
-110
-100
-85
-86
-99
-109
-118
-111
-106
-113
-141
-185
-192
-191
-176
-158
-146
-146
-160
-181
-170
-151
-141
-128
-154
-171
-185
-178
-179
-187
-196
-211
-226
-227
-215
-192
-169
-153
-131
-146
-156
-146
-143
-154
-182
-195
-193
-179
-158
-170
-175
-169
-145
-119
-120
-121
-134
-128
-132
-133
-136
-136
-112
-118
-133
-140
-161
-159
-184
-181
-170
-149
-130
-134
-137
-132
-112
-116
-109
-117
-100
-78
-52
-57
-61
-69
-85
-109
-109
-121
-126
-164
-186
-189
-190
-173
-202
-210
-221
-217
-204
-201
-216
-236
-258
-248
-215
-182
-149
-144
-141
-119
-99
-80
-83
-103
-85
-66
-64
-73
-78
-95
-86
-103
-113
-108
-93
-120
-99
-63
-90
-111
-99
-123
-107
-97
-91
-78
-74
-85
-154
-167
-197
-167
-140
-106
-72
-34
-39
-65
-92
-106
-92
-61
-38
-18
-19
-22
-48
-73
-71
-64
-40
-44
-23
-2
-12
-30
-36
-83
-86
-119
-125
-121
-117
-104
-107
-133
-131
-127
-151
-152
-160
-141
-122
-107
-123
-143
-177
-186
-183
-190
-187
-183
-184
-156
-142
-123
-122
-129
-123
-137
-129
-94
-78
-78
-93
-127
-140
-135
-141
-155
-156
-156
-144
-143
-136
-136
-149
-139
-126
-123
-132
-137
-133
-143
-152
-158
-180
-187
-186
-184
-183
-184
-166
-168
-164
-168
-178
-181
-175
-165
-144
-139
-147
-151
-140
-136
-148
-160
-166
-149
-132
-121
-123
-130
-150
-149
-154
-146
-143
-152
-167
-187
-197
-189
-179
-173
-165
-163
-164
-172
-176
-176
-151
-153
-146
-141
-159
-154
-141
-155
-174
-153
-128
-132
-139
-149
-154
-129
-134
-156
-147
-154
-146
-140
-144
-143
-152
-171
-186
-185
-171
-138
-111
-88
-75
-81
-102
-125
-143
-157
-156
-135
-123
-80
-80
-115
-127
-118
-91
-71
-75
-98
-88
-76
-81
-96
-95
-112
-122
-101
-85
-90
-77
-62
-68
-82
-105
-97
-104
-60
-42
-18
-10
-31
-37
-63
-79
-98
-97
-95
-73
-19
7
25
32
-82
-155
-114
-47
-28
-40
-53
-68
-67
-83
-73
-27
40
39
-22
-58
-35
1
0
-8
-8
-17
-34
-38
-47
-46
-44
-79
-127
-107
-34
50
45
18
-15
-8
4
5
-3
10
40
58
64
48
81
149
112
47
24
12
-1
-10
-17
8
35
-3
-50
-62
3
16
18
-29
-33
20
54
72
101
124
117
79
84
106
134
133
96
57
21
19
-2
-33
-59
-75
-79
-89
-101
-78
-67
-70
-94
-113
-104
-77
-42
-38
-28
-1
16
6
-18
-54
-59
-67
-51
-39
-20
1
6
20
21
7
12
20
12
20
50
60
53
49
60
63
27
-10
-43
-26
-50
-56
-48
-29
-16
-22
-36
-31
3
31
29
21
38
52
53
22
29
48
73
73
71
85
71
55
35
-2
-6
3
15
25
36
64
44
37
41
40
3
-31
-48
-65
-47
-39
-49
-42
-43
-54
-73
-84
-97
-51
8
34
28
11
2
-15
-52
-90
-74
-70
-53
-87
-112
-109
-105
-114
-114
-99
-41
20
40
53
30
18
8
9
8
-10
-1
11
-13
-39
-47
-56
-50
-33
-4
14
4
0
14
22
43
55
52
42
25
3
-8
7
-28
-14
0
7
16
35
51
40
68
68
69
92
135
124
130
135
123
140
107
68
57
43
16
60
106
141
136
142
129
133
153
104
110
147
155
110
108
123
139
124
94
53
80
144
140
118
114
151
175
175
116
81
124
138
88
67
113
145
129
108
104
138
180
138
75
72
113
134
130
128
197
275
266
197
170
168
170
177
216
263
327
321
285
257
277
262
201
170
174
242
240
172
126
135
163
187
190
206
219
229
234
218
235
233
212
183
195
272
270
227
224
249
267
261
221
271
354
399
340
236
219
181
122
30
27
113
174
190
177
209
266
222
118
85
121
178
228
259
268
263
212
154
122
127
129
120
152
195
180
150
168
176
218
243
215
185
181
190
128
87
122
162
171
147
142
175
197
170
153
175
186
134
55
49
86
151
160
174
172
129
82
12
34
92
122
138
172
230
253
193
72
0
3
23
8
33
152
240
274
235
210
185
140
55
34
100
139
95
48
50
35
-7
-94
-136
-134
-45
27
43
37
81
137
136
79
56
128
198
164
66
42
89
99
51
78
145
229
240
183
145
155
171
94
4
-14
25
80
63
9
55
154
178
127
92
130
157
147
94
103
203
249
185
89
52
53
-9
-36
-16
117
218
249
256
240
232
181
115
103
112
128
127
140
156
145
127
111
89
70
79
73
54
64
99
72
37
41
44
28
16
31
49
121
191
170
133
147
144
194
214
166
116
117
127
99
104
66
67
100
105
72
84
170
256
296
315
274
223
209
143
66
56
93
144
197
222
199
242
281
197
96
62
86
109
135
158
220
307
288
223
153
121
139
142
118
125
250
352
337
307
316
321
310
233
150
167
232
188
108
139
222
284
275
192
148
184
198
153
110
174
256
317
245
153
171
219
219
123
98
123
199
256
213
201
298
387
385
316
258
271
291
285
182
133
169
234
289
249
169
193
266
250
208
211
218
255
273
216
207
217
241
241
268
224
130
74
64
70
94
126
164
273
355
370
290
181
101
107
163
165
149
179
250
240
140
63
37
83
129
126
148
225
318
324
244
204
208
214
237
260
288
330
355
323
307
319
267
195
177
204
230
245
292
309
327
318
190
89
112
226
263
205
127
110
190
194
178
241
351
404
350
295
342
444
419
238
111
156
221
211
134
134
234
269
137
13
54
190
260
229
152
206
326
366
317
257
250
261
246
178
166
254
314
312
278
270
347
361
314
218
175
128
89
108
163
270
322
290
257
265
269
281
337
389
443
507
491
457
466
443
372
332
320
346
376
353
276
240
243
254
258
260
257
237
257
253
248
260
259
238
257
336
405
431
426
440
467
447
347
260
262
295
351
397
424
420
404
368
334
365
370
352
345
377
406
439
421
378
353
344
282
218
213
247
274
338
397
475
515
507
450
401
394
381
402
429
452
448
472
491
540
598
616
618
672
748
745
684
628
579
579
559
499
487
567
613
559
532
544
590
575
520
498
543
607
603
563
517
494
429
331
278
316
425
499
534
554
589
627
576
499
488
513
507
469
397
384
416
414
373
388
417
407
414
414
413
431
437
420
398
385
334
324
344
352
364
351
357
370
395
369
328
328
357
387
423
402
319
268
230
146
124
137
182
246
298
391
447
452
402
339
301
292
284
254
244
254
260
209
154
138
134
156
166
210
251
258
217
147
149
169
165
162
187
253
268
189
122
120
154
148
74
52
103
166
117
15
-9
34
53
16
-22
16
132
206
194
160
168
166
93
2
-19
50
133
141
130
158
185
170
128
102
154
286
343
304
255
260
255
204
166
117
143
217
248
228
238
271
299
306
310
330
384
419
358
287
229
211
177
144
145
169
218
312
362
337
323
346
332
306
304
308
337
375
374
356
337
311
274
251
200
163
163
157
183
261
354
342
253
179
145
137
106
46
62
146
185
146
123
134
170
139
65
47
97
141
132
111
82
76
68
48
54
102
173
195
177
160
133
85
78
95
139
179
203
210
209
229
220
202
209
261
332
383
393
378
392
409
401
371
359
381
383
391
409
408
445
429
371
363
408
447
448
454
459
455
447
420
433
506
553
578
614
620
586
497
411
372
362
341
333
350
384
410
385
338
278
273
282
294
296
350
409
448
410
329
291
267
238
188
234
315
410
459
456
445
430
396
317
275
290
308
333
359
337
305
252
245
276
330
370
380
390
422
444
465
494
557
647
712
718
681
677
652
614
555
542
567
579
614
663
683
708
701
674
679
724
763
781
804
862
928
959
889
777
688
622
586
535
486
500
577
582
572
561
546
521
471
411
406
458
440
413
394
395
417
407
331
273
253
244
195
163
136
128
145
128
109
97
109
90
54
30
44
53
15
-52
-91
-53
0
6
9
31
68
101
84
16
23
131
230
274
292
322
361
386
394
407
494
594
617
598
550
490
430
379
350
406
520
598
645
670
655
633
610
571
573
661
778
884
957
981
955
889
752
575
441
390
399
408
439
484
556
612
633
627
636
672
661
611
566
552
530
476
401
311
224
154
70
3
-28
-17
6
22
41
40
44
-11
-96
-162
-196
-196
-190
-213
-243
-303
-328
-346
-344
-322
-281
-273
-323
-377
-407
-453
-430
-349
-252
-124
-37
27
70
141
156
156
213
296
360
396
425
454
473
436
360
261
167
116
65
124
300
498
627
724
784
782
756
712
664
716
845
944
1005
1015
976
920
823
647
497
424
442
499
565
586
603
619
621
622
629
662
684
666
619
529
504
512
478
403
323
285
268
244
200
174
153
131
47
-5
-13
32
63
4
-136
-295
-378
-419
-477
-506
-454
-373
-285
-273
-296
-327
-360
-410
-465
-510
-536
-498
-433
-383
-322
-252
-185
-138
-132
-126
-102
-11
71
177
282
400
478
524
482
362
249
135
54
-16
-28
14
97
231
428
585
638
651
619
560
518
509
520
565
628
654
652
603
531
429
294
184
129
157
212
243
302
346
392
415
417
442
476
515
505
499
535
570
550
489
429
388
311
208
104
18
5
-36
-100
-146
-165
-166
-193
-215
-256
-307
-340
-383
-430
-427
-401
-382
-405
-444
-498
-547
-592
-608
-609
-601
-670
-748
-829
-857
-842
-773
-629
-455
-229
-73
27
66
94
110
176
257
278
285
266
205
111
13
-69
-143
-177
-223
-304
-326
-266
-136
70
262
412
505
543
490
394
288
187
150
133
135
136
188
232
261
229
165
107
93
77
33
22
23
79
136
165
177
225
276
301
324
332
342
345
335
312
300
293
249
194
139
88
22
-49
-161
-252
-312
-343
-354
-356
-351
-384
-405
-433
-430
-448
-493
-519
-522
-478
-459
-472
-534
-629
-690
-753
-801
-903
-979
-984
-876
-696
-524
-356
-228
-106
2
33
51
128
211
265
259
167
63
2
-53
-137
-227
-285
-319
-310
-286
-281
-178
38
255
415
484
507
466
399
279
128
48
49
109
156
224
301
366
360
274
186
126
97
72
32
13
25
75
145
175
198
234
292
364
423
470
536
609
643
611
604
542
409
243
52
-93
-182
-239
-317
-385
-390
-320
-280
-273
-308
-337
-313
-313
-299
-300
-317
-354
-416
-502
-590
-658
-699
-722
-734
-815
-888
-914
-925
-862
-731
-531
-359
-217
-162
-126
-57
-4
28
61
184
223
223
167
51
-63
-151
-237
-352
-386
-354
-301
-266
-204
-74
136
350
435
418
353
275
207
122
36
32
95
181
229
223
196
187
163
86
48
35
53
100
128
139
169
225
241
244
245
247
298
371
396
437
506
547
540
437
340
256
153
28
-116
-181
-220
-250
-289
-348
-359
-289
-216
-179
-166
-144
-110
-79
-104
-178
-189
-200
-261
-371
-470
-541
-601
-657
-735
-825
-869
-880
-851
-789
-641
-418
-241
-84
-38
22
59
113
150
164
207
231
265
221
151
91
-9
-118
-211
-303
-360
-343
-248
-80
137
381
543
587
525
426
355
300
232
163
153
212
275
282
234
156
73
-28
-100
-124
-96
-26
47
107
151
239
322
369
345
308
271
273
291
280
266
270
313
304
230
127
62
-16
-139
-249
-302
-263
-209
-181
-167
-146
-107
-44
-77
-134
-215
-256
-292
-302
-364
-411
-456
-552
-616
-687
-758
-827
-885
-972
-1042
-1029
-922
-773
-536
-335
-149
-31
75
137
162
156
154
196
278
362
368
268
113
-45
-175
-267
-371
-462
-502
-446
-305
-81
177
387
549
627
569
473
361
293
258
256
267
307
373
402
358
207
68
-16
-57
-39
11
81
177
306
439
537
560
539
516
459
432
413
429
472
498
483
416
355
292
219
162
111
68
39
32
-9
-42
-68
-98
-77
-71
-43
-34
-31
-49
-65
-64
-106
-161
-195
-235
-281
-358
-465
-607
-701
-817
-885
-910
-861
-719
-554
-286
-64
176
299
361
360
339
325
286
287
298
345
346
281
140
-74
-283
-454
-539
-521
-399
-159
121
395
628
750
710
589
455
320
274
255
227
205
186
194
154
112
22
-93
-189
-223
-183
-119
-21
76
183
235
305
309
286
233
155
115
130
174
146
128
120
96
20
-61
-107
-151
-198
-266
-310
-323
-320
-259
-274
-333
-424
-495
-531
-561
-543
-510
-469
-477
-438
-402
-323
-282
-348
-475
-667
-839
-922
-993
-984
-941
-827
-724
-575
-400
-215
-33
30
79
135
209
262
329
379
423
369
230
59
-113
-239
-344
-422
-375
-243
-26
163
356
523
657
705
638
535
472
459
433
362
262
187
168
195
203
202
198
205
203
206
227
313
384
446
394
346
347
364
375
310
251
225
271
333
339
314
264
203
159
78
-12
-84
-147
-187
-232
-287
-325
-347
-340
-340
-354
-334
-285
-244
-238
-229
-166
-144
-133
-142
-186
-178
-225
-281
-434
-554
-650
-698
-683
-640
-508
-354
-120
31
132
173
235
285
312
319
354
450
525
573
534
421
288
156
1
-124
-157
-46
154
366
527
646
772
806
728
596
523
474
443
396
339
324
347
390
394
405
402
419
404
404
403
403
394
372
317
271
278
233
195
168
170
196
215
238
270
333
367
344
273
191
98
5
-88
-149
-148
-132
-131
-204
-284
-324
-372
-396
-413
-389
-381
-317
-261
-213
-139
-109
-118
-169
-208
-283
-353
-449
-519
-539
-449
-311
-120
63
213
292
363
411
428
439
461
516
592
659
647
554
443
368
290
208
202
251
308
425
573
711
845
946
955
890
777
653
533
428
359
345
393
469
506
504
465
455
455
484
512
537
586
610
611
585
545
472
402
324
249
220
242
277
323
370
462
539
581
557
453
362
249
181
116
92
56
-19
-91
-196
-260
-313
-340
-372
-409
-391
-333
-227
-147
-122
-95
-101
-113
-162
-207
-276
-333
-379
-420
-358
-216
-40
82
190
268
370
476
563
573
566
570
579
567
520
417
288
165
88
63
93
209
358
576
787
998
1090
1071
1021
946
860
776
730
675
609
530
415
262
176
174
237
300
398
524
651
765
806
814
765
723
650
576
503
457
436
448
474
486
480
500
528
565
576
573
544
477
401
323
271
194
140
35
-23
-97
-162
-205
-252
-273
-291
-301
-272
-210
-115
-35
22
24
-39
-124
-237
-306
-347
-395
-456
-482
-389
-219
-64
66
162
244
314
388
482
602
709
749
707
635
525
398
242
104
-10
-46
59
269
491
661
785
854
893
935
952
930
906
888
836
724
583
427
285
174
113
94
123
172
211
238
267
307
344
382
398
409
394
358
331
341
349
363
377
396
427
455
501
538
556
510
410
263
112
-7
-103
-161
-249
-323
-396
-466
-492
-574
-596
-606
-597
-558
-561
-504
-461
-343
-315
-317
-346
-432
-468
-572
-645
-731
-787
-751
-639
-416
-241
-101
7
107
171
177
170
204
266
351
374
318
234
113
-10
-155
-235
-220
-134
44
234
385
512
538
524
485
489
508
477
435
370
315
200
71
-18
-70
-84
-70
-11
48
135
147
97
16
-6
38
39
22
-16
-31
-42
-53
-70
-69
-12
56
117
164
222
285
294
235
101
-54
-217
-362
-465
-564
-657
-730
-781
-816
-842
-827
-832
-830
-848
-836
-806
-726
-669
-654
-668
-755
-813
-937
-967
-1026
-988
-912
-814
-629
-499
-334
-277
-177
-88
30
146
198
223
148
60
-95
-273
-450
-599
-616
-521
-345
-167
15
224
362
396
379
361
334
348
413
480
557
532
374
67
-242
-470
-570
-509
-363
-166
12
140
153
78
-32
-129
-231
-285
-228
-125
-14
15
-48
-175
-305
-344
-326
-226
-88
71
232
369
408
341
189
-30
-260
-426
-534
-579
-641
-711
-818
-946
-1017
-1060
-1070
-1060
-964
-821
-679
-553
-532
-561
-642
-719
-816
-928
-916
-928
-898
-890
-832
-692
-519
-393
-340
-282
-186
-40
131
290
407
461
395
271
105
-112
-322
-459
-420
-225
54
278
318
286
196
146
123
158
237
305
369
393
400
386
347
224
98
41
37
125
221
275
263
188
95
-4
-87
-198
-239
-225
-188
-152
-144
-155
-184
-145
-91
-36
10
128
250
362
427
405
370
275
168
10
-133
-250
-338
-427
-595
-772
-931
-970
-941
-879
-805
-771
-683
-625
-567
-526
-552
-612
-710
-758
-734
-690
-571
-512
-470
-516
-502
-422
-284
-106
34
213
374
484
478
374
195
-2
-168
-278
-347
-300
-216
-127
-9
131
272
331
356
370
416
497
574
661
700
724
648
451
164
-29
-92
-66
87
303
491
565
498
312
117
-4
-1
70
172
245
259
186
66
-59
-195
-264
-253
-117
100
340
494
530
483
357
259
178
125
75
33
-15
-92
-216
-434
-619
-826
-907
-915
-832
-712
-612
-525
-520
-505
-535
-544
-555
-565
-535
-559
-583
-585
-563
-500
-475
-439
-404
-346
-252
-191
-59
106
276
396
431
373
238
73
-120
-249
-245
-118
82
311
459
497
453
378
339
365
465
641
772
803
702
514
306
155
87
121
269
473
656
742
721
620
505
414
377
434
521
570
532
388
218
41
-68
-112
-57
82
264
414
487
504
474
409
366
368
398
427
394
301
158
-43
-245
-432
-561
-646
-693
-701
-709
-703
-759
-860
-909
-912
-839
-720
-608
-578
-594
-653
-680
-719
-689
-618
-483
-352
-218
-138
-123
-90
-77
-48
-35
47
140
118
-19
-197
-346
-409
-410
-360
-236
-51
178
353
437
438
377
360
416
543
696
775
760
584
318
33
-173
-179
-92
109
281
468
572
564
453
312
281
362
519
657
732
679
530
287
61
-67
-80
24
208
380
467
461
365
275
269
305
360
437
488
420
223
-61
-309
-524
-636
-693
-677
-612
-570
-581
-674
-739
-812
-793
-756
-634
-509
-445
-400
-482
-579
-647
-679
-594
-498
-270
-123
-24
-47
-54
12
74
172
236
329
351
260
82
-99
-176
-152
-81
76
285
484
532
430
331
338
448
600
768
931
993
895
660
395
214
132
154
291
532
730
757
641
473
410
437
542
659
776
827
724
544
305
114
-10
-8
111
250
334
286
235
228
267
295
354
454
546
606
549
385
188
-55
-236
-365
-411
-430
-524
-644
-766
-798
-825
-814
-809
-774
-677
-635
-565
-620
-662
-756
-769
-670
-592
-400
-330
-199
-154
-174
-187
-150
38
186
300
410
473
471
256
41
-105
-122
-55
19
167
339
508
545
532
543
544
513
609
833
1015
1086
973
859
727
583
447
370
495
673
795
789
776
778
698
644
617
692
831
897
868
705
517
307
226
319
493
627
618
592
547
514
486
509
645
781
866
847
755
581
307
58
-150
-233
-297
-342
-394
-465
-564
-702
-792
-803
-749
-689
-630
-575
-526
-547
-580
-635
-629
-601
-535
-411
-250
-102
-27
-78
-55
76
286
369
388
437
486
445
271
135
94
96
103
71
155
292
340
298
270
352
467
587
749
900
962
879
691
533
435
421
417
516
660
745
695
593
550
550
605
701
834
947
921
776
569
439
373
329
380
428
527
503
438
386
403
463
480
591
758
924
942
848
725
633
543
387
261
94
-40
-253
-450
-563
-653
-669
-731
-666
-648
-618
-589
-592
-499
-467
-373
-329
-274
-240
-240
-134
-24
143
229
260
293
360
477
503
551
610
677
647
520
389
335
340
329
271
268
390
525
580
571
611
690
746
818
900
1007
1036
930
777
599
520
466
467
509
571
637
587
556
550
592
655
771
866
902
899
815
688
537
473
457
466
502
499
465
408
376
348
346
452
606
716
704
657
586
509
407
269
143
24
-5
-87
-186
-368
-579
-697
-790
-730
-748
-696
-666
-637
-599
-618
-594
-611
-552
-499
-459
-379
-252
-30
99
154
159
190
283
336
463
579
662
599
437
357
351
402
378
344
364
411
464
420
390
421
498
570
635
723
774
770
683
562
486
454
479
530
563
591
562
539
539
591
665
696
790
849
846
762
628
530
483
461
452
426
396
352
304
310
359
409
396
408
442
519
566
526
459
372
292
186
61
-79
-195
-346
-492
-626
-710
-794
-867
-927
-956
-937
-916
-899
-883
-840
-759
-681
-626
-606
-538
-430
-254
-139
-57
73
212
326
318
319
388
514
573
486
401
316
325
310
310
360
373
378
359
455
545
579
614
671
765
736
650
583
547
591
574
591
584
584
556
449
417
419
531
658
789
904
905
900
830
791
766
736
693
682
695
677
557
432
349
324
298
284
317
350
395
348
288
231
204
200
153
111
31
-84
-235
-371
-486
-569
-611
-677
-769
-890
-936
-992
-1019
-1024
-1011
-923
-861
-789
-788
-755
-715
-620
-496
-392
-281
-142
41
147
155
173
252
342
375
334
292
238
217
164
158
136
114
90
125
191
205
190
231
301
338
301
276
289
284
276
217
230
294
356
397
387
394
392
413
482
549
646
657
659
613
589
519
444
425
402
403
342
250
212
179
194
163
223
305
370
406
418
446
407
349
260
202
141
27
-109
-223
-332
-458
-609
-745
-791
-830
-914
-977
-953
-846
-800
-762
-734
-693
-649
-604
-510
-397
-252
-167
-101
33
189
283
241
274
390
511
566
527
495
454
477
444
403
416
446
421
368
352
388
417
477
573
662
652
584
518
481
475
455
468
455
468
448
409
374
363
362
388
469
561
621
640
638
635
606
595
593
606
622
574
485
402
353
359
342
331
326
335
314
289
245
193
168
162
166
142
82
-32
-181
-325
-419
-492
-510
-576
-640
-761
-873
-982
-1086
-1108
-1065
-989
-941
-921
-883
-857
-798
-740
-616
-471
-376
-258
-76
102
156
171
198
338
441
459
398
364
372
364
309
248
220
208
175
148
163
166
184
225
267
299
291
248
246
264
297
291
282
299
343
390
399
426
470
466
443
441
507
552
530
467
402
373
319
302
292
309
251
174
122
125
139
141
127
155
183
211
191
193
185
168
125
41
-49
-150
-243
-347
-443
-565
-649
-740
-799
-895
-982
-1088
-1118
-1096
-1035
-1017
-1016
-997
-966
-896
-821
-663
-497
-366
-319
-246
-77
41
46
60
161
291
322
236
214
246
303
267
245
291
327
269
168
169
202
238
242
285
349
350
291
214
175
175
180
177
200
240
233
168
145
208
248
269
245
283
337
375
392
364
341
262
218
255
294
282
179
107
105
139
128
74
85
98
95
34
8
27
45
12
-23
-94
-158
-274
-360
-472
-558
-666
-714
-769
-824
-936
-1058
-1143
-1201
-1223
-1224
-1189
-1178
-1209
-1231
-1218
-1161
-1062
-931
-776
-663
-539
-446
-311
-281
-209
-129
54
189
212
170
160
214
249
226
225
265
285
272
224
211
138
88
50
109
143
141
98
29
2
-44
-109
-122
-64
3
65
95
125
128
115
120
161
233
286
331
346
337
317
238
193
180
241
252
234
219
234
246
199
163
155
191
219
218
202
193
168
87
-20
-111
-188
-265
-335
-364
-413
-516
-657
-742
-796
-841
-903
-967
-1015
-1047
-985
-961
-910
-917
-981
-994
-921
-751
-622
-517
-481
-341
-175
-32
24
25
162
335
447
422
397
403
440
397
387
421
522
498
395
345
353
375
324
329
372
429
374
289
185
129
115
149
158
150
126
80
96
163
252
267
231
252
309
373
428
444
435
379
318
278
331
372
374
364
354
343
292
204
197
243
251
190
138
127
114
76
0
-70
-154
-231
-319
-321
-323
-370
-513
-635
-698
-714
-757
-835
-867
-883
-898
-954
-1003
-1041
-1032
-1016
-969
-920
-851
-765
-668
-554
-465
-394
-268
-114
15
171
319
402
384
355
349
425
501
559
610
609
551
458
441
442
444
395
377
410
408
366
281
216
140
97
97
130
157
199
242
280
284
240
227
254
330
419
455
433
433
422
411
377
362
356
343
342
362
362
343
303
269
259
255
256
247
245
212
125
7
-85
-113
-171
-250
-293
-334
-417
-523
-633
-698
-760
-807
-863
-919
-937
-954
-996
-1060
-1103
-1105
-1085
-1056
-1027
-1011
-962
-875
-737
-647
-619
-569
-411
-241
-150
-69
40
151
195
206
220
252
280
321
368
400
373
298
264
299
356
377
336
298
277
232
184
130
95
93
92
63
41
37
42
41
36
48
75
117
142
218
289
341
364
347
316
302
312
317
349
399
442
460
457
443
423
357
300
286
301
283
215
108
21
-37
-129
-250
-345
-358
-413
-474
-549
-608
-651
-713
-768
-801
-759
-788
-836
-908
-939
-946
-956
-936
-934
-946
-950
-909
-847
-743
-626
-560
-463
-319
-124
-16
31
114
236
319
329
334
367
431
477
510
523
510
471
424
426
472
506
482
424
385
348
317
325
334
310
287
279
271
252
263
283
309
315
350
362
355
332
316
315
316
331
359
376
369
369
352
355
354
383
398
405
389
338
292
263
259
226
151
89
38
-27
-100
-161
-228
-289
-355
-409
-418
-421
-461
-521
-580
-611
-630
-661
-723
-783
-819
-839
-863
-855
-855
-882
-905
-868
-808
-761
-661
-535
-428
-420
-382
-265
-125
-42
11
130
259
326
314
319
386
494
564
599
636
656
598
555
570
629
640
576
535
528
514
417
336
293
289
277
243
233
235
234
198
190
241
274
244
214
257
310
292
241
229
269
327
356
371
394
412
444
448
467
467
441
409
388
390
333
260
210
219
192
102
-4
-114
-161
-215
-254
-287
-305
-343
-407
-437
-465
-519
-592
-615
-614
-638
-670
-703
-691
-683
-741
-778
-721
-628
-562
-507
-438
-350
-285
-246
-152
-19
125
223
338
414
452
423
426
527
625
698
719
721
759
786
794
774
747
733
715
749
767
765
715
645
583
550
509
492
489
500
520
487
458
418
384
356
339
345
357
372
378
399
408
413
422
425
423
430
440
462
472
465
441
430
424
422
376
319
284
243
162
70
19
-2
-32
-48
-67
-77
-160
-263
-342
-358
-376
-427
-488
-519
-545
-602
-682
-736
-780
-826
-864
-836
-786
-771
-790
-756
-647
-528
-435
-402
-314
-192
-61
50
134
229
301
369
436
544
612
648
638
668
738
792
802
785
737
713
714
756
813
804
757
669
650
642
642
625
609
573
518
490
459
431
371
312
306
317
341
333
325
322
340
352
346
345
339
378
408
468
497
489
462
478
519
535
494
419
352
312
302
283
254
189
149
85
43
-34
-130
-205
-239
-236
-306
-373
-467
-510
-562
-649
-739
-819
-835
-837
-827
-828
-833
-824
-814
-744
-691
-624
-554
-471
-355
-274
-167
-80
17
89
160
232
291
352
419
474
528
552
606
670
714
717
682
693
724
774
775
737
714
653
549
461
461
460
444
394
322
278
249
226
183
183
185
157
124
134
183
177
152
121
122
152
151
175
197
224
226
206
232
268
264
262
269
262
218
184
141
116
96
24
-48
-99
-122
-134
-158
-225
-287
-374
-461
-493
-502
-517
-573
-661
-742
-793
-805
-826
-827
-841
-858
-897
-899
-846
-802
-769
-749
-702
-648
-584
-494
-363
-233
-159
-116
-46
79
234
331
374
393
423
471
531
593
639
676
677
685
719
744
760
739
704
682
655
626
590
558
529
490
422
342
299
273
251
233
206
134
66
50
67
81
45
26
3
9
42
70
95
115
135
152
159
206
250
264
266
231
217
188
169
143
126
79
28
0
-44
-86
-144
-201
-275
-303
-330
-367
-399
-447
-501
-567
-621
-672
-722
-771
-778
-751
-770
-820
-839
-840
-813
-810
-790
-733
-650
-570
-516
-452
-367
-264
-163
-63
7
98
168
250
326
410
489
570
632
646
661
683
729
762
798
817
823
824
806
764
715
653
594
540
510
501
451
388
321
284
221
131
58
33
25
4
-20
-55
-65
-61
-57
-61
-49
-40
-9
29
96
155
169
194
225
248
267
273
245
234
235
226
211
193
131
75
8
-39
-79
-131
-180
-229
-253
-311
-358
-434
-482
-504
-542
-568
-595
-612
-651
-675
-682
-688
-677
-663
-634
-605
-577
-567
-543
-522
-489
-444
-376
-302
-244
-190
-144
-56
41
135
204
254
296
354
432
515
564
601
641
679
722
759
807
800
773
753
738
693
644
610
547
501
435
386
324
269
205
143
79
24
-16
-57
-93
-133
-149
-171
-185
-177
-129
-71
-31
-16
5
29
64
86
99
119
125
133
132
132
122
104
78
35
-5
-67
-102
-120
-147
-197
-254
-297
-320
-352
-396
-442
-480
-492
-499
-497
-545
-587
-633
-648
-672
-698
-713
-739
-729
-738
-743
-767
-740
-740
-733
-700
-657
-614
-577
-518
-461
-391
-333
-252
-188
-94
-1
57
91
143
191
222
275
309
346
359
398
430
460
465
455
454
441
420
365
280
175
114
75
43
13
-43
-113
-180
-244
-275
-308
-325
-341
-328
-309
-284
-247
-235
-197
-141
-87
-49
-26
-1
34
65
89
99
106
100
83
71
61
38
3
-50
-105
-116
-128
-148
-193
-270
-338
-379
-406
-405
-420
-442
-457
-482
-478
-473
-464
-454
-469
-457
-424
-429
-435
-431
-441
-461
-484
-511
-507
-502
-508
-523
-525
-508
-470
-437
-433
-404
-370
-318
-279
-196
-116
-55
20
115
191
212
211
202
215
227
240
227
204
190
192
166
137
91
57
49
46
40
16
5
-31
-38
-50
-56
-63
-46
-54
-62
-69
-65
-35
-25
-23
-49
-60
-52
-49
-39
-32
-34
-37
-24
9
8
17
8
-7
-23
-36
-50
-60
-54
-58
-71
-106
-133
-162
-191
-232
-279
-306
-323
-339
-353
-371
-362
-349
-318
-276
-252
-223
-216
-225
-239
-228
-218
-208
-198
-207
-197
-215
-238
-263
-293
-343
-396
-408
-414
-403
-378
-370
-365
-387
-401
-407
-372
-322
-299
-271
-266
-242
-221
-191
-179
-154
-128
-117
-121
-121
-95
-75
-32
-2
25
17
-6
-24
-11
21
51
83
108
118
112
113
106
98
84
65
69
78
86
99
94
72
64
43
16
-28
-55
-88
-135
-153
-158
-155
-170
-177
-209
-234
-257
-273
-288
-284
-266
-249
-228
-214
-179
-163
-146
-147
-134
-110
-96
-71
-83
-60
-49
-76
-96
-113
-140
-157
-160
-193
-223
-240
-244
-269
-296
-327
-335
-320
-326
-379
-439
-463
-467
-485
-525
-539
-530
-528
-568
-590
-609
-624
-615
-594
-560
-528
-523
-534
-495
-456
-413
-387
-356
-303
-256
-220
-193
-170
-151
-128
-98
-73
-69
-60
-51
-4
41
77
82
87
101
114
127
146
145
127
121
82
59
59
59
38
12
-11
-30
-70
-114
-138
-183
-195
-200
-186
-156
-149
-145
-155
-125
-92
-80
-69
-25
26
58
112
134
142
159
175
200
199
171
137
131
141
164
161
123
45
-32
-74
-57
-5
17
3
-75
-123
-149
-140
-116
-113
-143
-223
-287
-307
-302
-304
-321
-384
-487
-578
-627
-642
-623
-626
-643
-679
-703
-705
-682
-671
-669
-671
-667
-601
-520
-438
-384
-340
-298
-235
-158
-115
-100
-79
-81
-87
-86
-54
-32
-30
-2
-1
-36
-85
-107
-103
-80
-72
-75
-108
-125
-118
-113
-91
-112
-141
-160
-175
-140
-91
-54
-53
-74
-89
-99
-89
-91
-106
-126
-143
-122
-82
-45
-26
-45
-32
-4
12
30
31
38
42
41
41
32
11
-24
-49
-88
-132
-168
-216
-261
-293
-316
-334
-376
-435
-503
-548
-593
-639
-685
-692
-674
-691
-703
-712
-733
-779
-852
-930
-980
-996
-989
-995
-994
-987
-970
-971
-964
-951
-945
-924
-897
-853
-802
-725
-672
-636
-594
-560
-511
-468
-433
-421
-409
-416
-406
-394
-404
-427
-455
-462
-485
-490
-499
-490
-509
-535
-519
-473
-451
-456
-432
-409
-377
-320
-275
-227
-202
-183
-173
-154
-111
-95
-81
-74
-42
-2
17
34
43
44
33
9
13
-10
-55
-85
-109
-106
-117
-159
-194
-239
-286
-319
-357
-375
-411
-446
-462
-478
-488
-492
-502
-529
-567
-608
-643
-679
-705
-720
-737
-758
-761
-777
-793
-797
-815
-841
-881
-899
-905
-878
-832
-821
-822
-818
-830
-840
-844
-842
-831
-818
-825
-791
-774
-774
-794
-842
-853
-840
-831
-819
-797
-767
-756
-766
-794
-832
-843
-855
-844
-827
-803
-798
-794
-772
-761
-741
-730
-704
-671
-639
-603
-573
-538
-479
-420
-336
-274
-234
-196
-161
-115
-104
-83
-76
-74
-74
-58
-58
-80
-117
-159
-184
-208
-216
-213
-220
-229
-248
-268
-289
-330
-354
-379
-395
-409
-446
-472
-492
-523
-549
-558
-570
-579
-605
-634
-663
-688
-674
-684
-692
-689
-691
-704
-705
-703
-690
-682
-669
-651
-667
-661
-650
-644
-640
-637
-634
-592
-573
-581
-595
-601
-625
-660
-694
-745
-776
-792
-793
-807
-829
-843
-873
-887
-892
-890
-867
-859
-860
-878
-867
-826
-782
-744
-720
-721
-730
-704
-684
-675
-654
-616
-580
-539
-490
-439
-393
-365
-332
-289
-243
-191
-179
-183
-173
-173
-165
-152
-129
-97
-80
-104
-125
-137
-153
-181
-212
-236
-255
-302
-330
-338
-383
-413
-438
-455
-472
-501
-523
-526
-554
-580
-596
-609
-630
-656
-669
-713
-749
-787
-836
-863
-858
-835
-787
-745
-748
-766
-797
-824
-838
-829
-814
-792
-778
-766
-773
-799
-829
-831
-838
-829
-833
-855
-842
-844
-854
-889
-924
-949
-962
-990
-1006
-1006
-1019
-1011
-995
-980
-975
-959
-945
-950
-938
-931
-914
-891
-870
-846
-821
-790
-743
-717
-697
-660
-647
-650
-623
-607
-568
-530
-494
-465
-452
-411
-373
-356
-350
-338
-319
-302
-280
-248
-227
-209
-197
-192
-191
-195
-219
-255
-259
-254
-238
-247
-252
-284
-326
-348
-371
-367
-365
-388
-416
-437
-462
-455
-465
-484
-533
-566
-574
-588
-590
-607
-614
-628
-643
-657
-656
-644
-648
-665
-685
-681
-662
-652
-622
-617
-607
-599
-617
-612
-616
-602
-587
-576
-587
-623
-662
-698
-723
-759
-786
-794
-798
-813
-826
-822
-814
-833
-846
-849
-861
-857
-874
-871
-858
-828
-791
-761
-731
-721
-723
-737
-745
-756
-742
-724
-726
-738
-734
-721
-716
-721
-725
-732
-722
-704
-672
-645
-627
-604
-579
-552
-531
-518
-498
-486
-472
-461
-476
-464
-454
-449
-450
-452
-459
-470
-470
-467
-463
-472
-493
-496
-463
-443
-440
-442
-442
-446
-455
-468
-475
-500
-504
-477
-466
-467
-486
-505
-513
-517
-506
-503
-506
-515
-535
-536
-538
-540
-516
-497
-488
-475
-461
-453
-471
-456
-439
-429
-413
-419
-438
-435
-412
-440
-485
-498
-516
-544
-566
-575
-557
-558
-568
-583
-595
-586
-567
-585
-591
-581
-574
-554
-565
-583
-604
-599
-570
-562
-569
-562
-564
-560
-557
-568
-603
-650
-668
-660
-650
-666
-679
-668
-629
-556
-542
-574
-631
-675
-652
-606
-538
-479
-462
-480
-511
-530
-503
-442
-415
-417
-438
-474
-490
-475
-463
-450
-494
-549
-583
-580
-557
-517
-515
-534
-574
-587
-568
-528
-516
-551
-593
-628
-606
-594
-584
-597
-622
-647
-639
-597
-576
-577
-589
-609
-642
-666
-680
-692
-675
-658
-656
-667
-697
-703
-715
-704
-672
-653
-646
-641
-628
-615
-601
-599
-618
-647
-642
-609
-560
-543
-547
-567
-606
-647
-673
-672
-674
-673
-675
-681
-681
-698
-716
-732
-756
-784
-791
-788
-770
-747
-735
-730
-728
-715
-712
-730
-719
-664
-622
-601
-595
-584
-557
-527
-484
-462
-451
-443
-435
-423
-422
-410
-397
-380
-379
-345
-320
-293
-284
-291
-300
-320
-322
-312
-311
-323
-320
-330
-349
-370
-387
-391
-396
-393
-395
-400
-394
-394
-397
-395
-397
-407
-411
-416
-426
-430
-437
-428
-405
-403
-423
-433
-457
-469
-453
-426
-385
-384
-379
-386
-400
-404
-404
-383
-402
-432
-468
-475
-488
-490
-484
-499
-503
-520
-545
-554
-544
-558
-579
-583
-573
-565
-548
-541
-554
-578
-594
-609
-633
-640
-617
-588
-578
-572
-585
-602
-602
-588
-601
-591
-574
-546
-512
-493
-462
-448
-429
-436
-435
-432
-411
-370
-339
-316
-313
-297
-280
-270
-276
-266
-246
-254
-256
-258
-256
-250
-238
-234
-229
-249
-254
-249
-241
-248
-269
-287
-308
-320
-348
-368
-396
-417
-420
-412
-392
-357
-370
-381
-388
-387
-388
-385
-370
-352
-328
-348
-367
-377
-348
-335
-316
-299
-290
-274
-280
-291
-314
-329
-333
-319
-322
-347
-379
-378
-390
-386
-390
-401
-396
-431
-448
-473
-487
-501
-492
-477
-480
-470
-483
-495
-471
-438
-415
-415
-427
-450
-453
-450
-444
-425
-417
-412
-407
-399
-400
-384
-371
-370
-369
-359
-345
-327
-289
-280
-253
-217
-175
-159
-145
-133
-150
-141
-134
-131
-133
-115
-101
-99
-108
-111
-120
-127
-120
-133
-150
-176
-194
-174
-204
-160
-113
-172
-255
-173
-231
-229
-217
-266
-224
-206
-239
-285
-278
-308
-286
-253
-260
-273
-236
-229
-236
-258
-284
-245
-234
-228
-232
-259
-278
-298
-339
-345
-337
-368
-359
-336
-315
-353
-363
-369
-403
-446
-465
-486
-498
-461
-490
-488
-535
-510
-512
-508
-497
-556
-549
-533
-548
-547
-537
-540
-489
-473
-461
-484
-465
-462
-451
-420
-400
-368
-337
-322
-282
-276
-279
-257
-260
-214
-173
-156
-106
-93
-78
-88
-125
-115
-103
-109
-87
-107
-138
-105
-136
-147
-152
-170
-151
-158
-175
-149
-104
-67
-45
-35
-9
-5
9
31
20
35
46
49
53
15
-2
6
-8
1
9
-19
-38
-30
-24
-33
-18
-74
-100
-115
-114
-102
-107
-91
-96
-103
-116
-98
-98
-78
-70
-14
30
13
-19
1
-38
-70
-67
-99
-133
-107
-107
-119
-118
-160
-141
-141
-129
-128
-75
-58
-75
-71
-56
-72
-87
-58
-38
-56
-56
-56
-29
-25
-24
-16
-72
-107
-115
-152
-154
-174
-205
-139
-125
-124
-75
-68
-94
-99
-97
-79
-122
-92
-69
-129
-135
-147
-189
-161
-166
-191
-158
-154
-169
-124
-131
-96
-100
-117
-79
-119
-102
-106
-120
-119
-125
-104
-174
-178
-166
-195
-181
-178
-185
-139
-119
-124
-155
-167
-205
-243
-216
-229
-239
-228
-271
-266
-248
-238
-208
-182
-165
-192
-183
-207
-225
-209
-235
-251
-278
-292
-296
-298
-299
-298
-272
-268
-289
-304
-297
-290
-273
-305
-315
-322
-328
-337
-334
-325
-343
-313
-296
-282
-250
-277
-290
-289
-299
-271
-264
-271
-251
-275
-276
-281
-285
-265
-287
-284
-269
-234
-231
-240
-214
-186
-186
-162
-153
-165
-143
-159
-120
-112
-106
-100
-128
-114
-145
-205
-196
-159
-142
-125
-108
-118
-133
-128
-105
-113
-111
-114
-129
-151
-163
-175
-179
-183
-188
-181
-161
-163
-186
-210
-222
-202
-226
-233
-226
-232
-222
-235
-263
-300
-334
-319
-300
-328
-348
-402
-388
-360
-334
-390
-427
-480
-527
-522
-515
-461
-451
-457
-530
-580
-570
-493
-461
-447
-464
-457
-463
-461
-451
-436
-432
-442
-463
-500
-465
-436
-394
-428
-435
-453
-447
-415
-386
-357
-361
-375
-397
-382
-371
-318
-255
-250
-235
-231
-175
-128
-87
-108
-166
-159
-190
-200
-210
-203
-131
-81
-113
-126
-145
-115
-95
-69
-63
-71
-75
-56
-4
32
41
14
13
2
28
82
84
115
113
104
96
60
67
57
31
-11
-58
-83
-89
-106
-117
-163
-197
-171
-112
-91
-57
-13
-45
-68
-69
-100
-110
-106
-103
-158
-169
-198
-228
-212
-193
-167
-188
-199
-217
-219
-208
-199
-191
-153
-135
-152
-154
-165
-203
-233
-255
-280
-260
-256
-251
-242
-260
-236
-229
-231
-226
-224
-239
-257
-232
-198
-224
-228
-233
-250
-219
-191
-165
-167
-181
-202
-172
-146
-168
-132
-156
-170
-175
-166
-117
-115
-75
-80
-120
-118
-125
-118
-129
-129
-141
-159
-144
-149
-171
-169
-147
-134
-118
-95
-79
-70
-60
-83
-99
-100
-121
-146
-144
-151
-151
-182
-187
-178
-191
-168
-148
-121
-99
-126
-137
-143
-153
-173
-167
-166
-199
-172
-180
-206
-198
-203
-211
-244
-293
-332
-326
-324
-342
-319
-308
-341
-353
-337
-361
-340
-358
-378
-379
-382
-359
-336
-329
-347
-325
-321
-314
-317
-321
-316
-298
-317
-335
-326
-319
-333
-324
-325
-338
-344
-311
-297
-289
-272
-298
-288
-287
-280
-287
-272
-244
-210
-187
-141
-119
-103
-93
-106
-79
-63
-32
-25
-49
-45
-28
-17
-5
-7
1
-34
-21
-30
-10
17
-10
-12
-23
-35
-56
-31
-53
-52
-19
-6
-17
-19
-36
-69
-49
-35
-12
-16
-48
-69
-95
-107
-90
-90
-102
-133
-129
-138
-123
-120
-139
-140
-125
-145
-170
-180
-209
-231
-252
-270
-276
-267
-262
-255
-279
-263
-281
-298
-315
-328
-318
-325
-318
-335
-361
-361
-327
-313
-335
-325
-317
-314
-313
-353
-360
-345
-326
-292
-296
-333
-331
-327
-319
-317
-291
-256
-250
-249
-226
-210
-187
-159
-155
-140
-125
-161
-187
-171
-167
-146
-169
-185
-160
-131
-113
-102
-98
-103
-103
-81
-49
-40
-25
-27
-40
-51
-52
-55
-60
-79
-77
-61
-43
-36
-46
-67
-111
-118
-128
-142
-118
-116
-106
-95
-113
-107
-105
-70
-89
-88
-78
-102
-87
-93
-88
-65
-73
-110
-118
-138
-152
-138
-112
-104
-113
-130
-188
-252
-287
-311
-333
-326
-339
-340
-337
-368
-406
-417
-440
-430
-417
-432
-420
-415
-419
-396
-383
-384
-391
-406
-416
-413
-399
-393
-375
-384
-402
-433
-448
-451
-453
-442
-439
-436
-405
-366
-344
-345
-354
-381
-382
-375
-387
-390
-387
-372
-382
-383
-376
-384
-381
-360
-332
-312
-292
-294
-281
-278
-259
-233
-239
-234
-217
-183
-178
-175
-166
-185
-188
-198
-197
-189
-162
-157
-174
-193
-219
-224
-224
-209
-208
-196
-191
-184
-156
-120
-144
-185
-207
-248
-241
-238
-258
-265
-271
-284
-291
-282
-325
-334
-304
-307
-310
-299
-302
-293
-297
-300
-289
-287
-304
-323
-328
-310
-316
-336
-343
-380
-383
-384
-384
-385
-366
-366
-359
-337
-344
-337
-333
-319
-342
-326
-320
-317
-312
-322
-307
-313
-294
-268
-253
-260
-260
-263
-244
-245
-245
-234
-217
-208
-171
-151
-157
-143
-133
-128
-110
-91
-89
-80
-78
-69
-51
-46
-43
-48
-56
-60
-53
-35
-28
-31
-42
-28
-25
-16
-9
-29
-46
-41
-41
-45
-23
-6
-19
-40
-27
-34
-3
9
6
17
-11
-2
-1
-9
-20
-28
-23
-28
-14
-26
-74
-73
-84
-96
-99
-108
-97
-108
-104
-95
-113
-104
-85
-100
-110
-111
-138
-153
-153
-137
-105
-106
-110
-125
-154
-213
-240
-257
-229
-218
-232
-237
-242
-227
-235
-241
-231
-203
-187
-200
-195
-177
-172
-182
-194
-178
-151
-124
-129
-125
-141
-163
-170
-156
-127
-143
-167
-185
-177
-134
-117
-124
-149
-196
-209
-191
-128
-78
-109
-155
-193
-175
-141
-94
-45
-2
-18
-36
-32
-19
20
39
26
5
-33
-69
-54
-34
-18
-37
-71
-125
-142
-115
-90
-63
-61
-85
-123
-111
-61
-29
-1
-26
-22
-1
-4
-7
-8
-13
-26
-77
-110
-121
-133
-97
-81
-84
-75
-83
-109
-111
-83
-88
-109
-129
-126
-104
-51
-42
-59
-82
-101
-110
-97
-48
-36
-34
-38
-25
-15
-34
-51
-97
-149
-191
-226
-229
-202
-202
-210
-224
-225
-232
-226
-235
-249
-216
-203
-215
-229
-228
-236
-223
-213
-202
-193
-172
-140
-119
-89
-81
-93
-91
-62
-52
-56
-31
-21
-23
-25
-13
-31
-50
-49
-97
-90
-68
-67
-60
-77
-85
-67
-72
-71
-53
-35
-35
-44
-64
-67
-62
-66
-66
-29
-7
-22
-30
-43
-47
-42
-39
-37
-10
-13
-24
-13
-20
-32
-44
-50
-42
-30
-41
-53
-39
-61
-69
-81
-95
-95
-99
-113
-133
-146
-157
-175
-192
-172
-167
-161
-161
-176
-179
-177
-186
-195
-185
-166
-145
-119
-111
-122
-127
-125
-101
-83
-53
-22
8
-3
-17
-37
-84
-88
-82
-85
-61
-37
-32
-32
-25
-4
-1
-9
-9
-22
-12
2
10
12
9
4
-15
-46
-41
-29
-22
3
-26
-28
-21
-42
-44
-38
-22
-18
-33
-27
-27
-22
-29
-68
-77
-88
-99
-108
-115
-107
-95
-112
-122
-124
-110
-107
-112
-122
-133
-140
-170
-183
-187
-183
-168
-160
-167
-187
-204
-216
-224
-235
-227
-221
-237
-254
-287
-326
-352
-351
-357
-347
-346
-343
-355
-354
-360
-356
-342
-334
-334
-322
-300
-291
-307
-308
-297
-286
-278
-273
-244
-231
-225
-244
-239
-238
-222
-219
-214
-213
-220
-210
-226
-219
-185
-179
-190
-186
-166
-158
-172
-211
-202
-174
-135
-103
-94
-89
-117
-125
-101
-87
-83
-77
-79
-71
-65
-61
-53
-40
-22
-12
-19
-32
-18
-5
13
15
-5
-26
-34
0
50
70
44
9
-17
6
9
5
9
-7
-24
-49
-56
-13
28
68
68
52
26
1
1
10
38
34
17
12
10
-14
-48
-80
-89
-67
-78
-91
-85
-77
-74
-111
-136
-144
-133
-121
-94
-82
-81
-79
-72
-58
-48
-70
-68
-50
-41
-23
-25
-42
-54
-46
-43
-50
-53
-60
-67
-49
-48
-25
-24
-25
-25
-8
2
24
58
90
113
129
135
113
119
84
77
92
104
74
39
29
32
38
12
-4
0
10
8
21
26
39
43
28
56
84
108
132
136
149
142
151
153
154
152
138
143
153
153
150
138
140
115
92
112
115
120
150
171
166
151
140
124
130
152
162
163
165
189
205
188
181
169
137
116
100
99
119
145
161
172
185
188
165
141
154
189
228
221
223
235
232
250
272
278
261
254
253
254
257
266
249
231
221
230
221
219
202
180
191
194
179
173
174
162
173
195
206
229
250
258
247
249
253
256
258
258
261
294
303
271
265
269
287
294
287
279
283
312
338
348
337
323
328
345
362
378
365
370
360
355
350
332
306
282
265
255
270
274
268
269
260
244
240
244
271
272
267
278
298
295
284
277
247
238
230
237
237
207
201
209
197
183
143
112
121
141
149
145
126
124
138
107
105
104
101
91
94
109
115
102
81
54
37
45
50
67
45
21
7
0
2
-7
-16
-32
-36
-16
-8
0
-11
-9
9
4
36
54
59
76
69
78
93
97
95
73
60
80
95
94
102
86
79
73
68
68
51
57
72
62
71
59
48
67
75
90
91
94
94
84
83
91
79
77
87
73
71
79
65
51
39
57
64
75
96
91
72
40
37
65
75
41
13
-10
11
28
30
19
-26
-94
-128
-123
-81
-43
-42
-53
-89
-105
-97
-39
11
25
9
-23
-39
-22
-2
2
7
-27
-74
-94
-100
-99
-89
-100
-144
-168
-176
-156
-124
-120
-158
-206
-214
-203
-173
-157
-161
-182
-186
-163
-152
-127
-112
-108
-144
-175
-183
-182
-187
-190
-196
-207
-219
-242
-241
-214
-192
-192
-222
-248
-257
-240
-207
-181
-176
-186
-193
-205
-170
-153
-162
-184
-212
-227
-233
-223
-226
-243
-278
-304
-320
-298
-273
-268
-273
-285
-269
-247
-249
-265
-265
-262
-228
-204
-191
-196
-212
-222
-218
-205
-186
-169
-146
-117
-118
-127
-144
-166
-184
-201
-205
-209
-214
-211
-225
-236
-237
-232
-224
-226
-239
-240
-235
-210
-192
-197
-210
-211
-216
-226
-228
-241
-254
-275
-276
-285
-275
-272
-263
-233
-230
-202
-190
-181
-169
-169
-167
-164
-187
-203
-163
-149
-171
-135
-138
-142
-153
-183
-189
-174
-187
-217
-212
-234
-241
-259
-279
-309
-306
-286
-273
-230
-230
-217
-215
-216
-224
-232
-219
-208
-207
-201
-198
-203
-204
-208
-203
-225
-239
-210
-204
-193
-181
-196
-202
-206
-199
-189
-214
-211
-212
-222
-167
-159
-158
-141
-145
-167
-205
-228
-235
-229
-231
-257
-282
-286
-317
-327
-326
-319
-302
-298
-292
-277
-262
-260
-255
-255
-271
-278
-262
-227
-191
-192
-230
-240
-225
-204
-173
-155
-146
-130
-141
-156
-158
-161
-192
-194
-189
-179
-175
-172
-179
-185
-188
-204
-191
-182
-163
-162
-169
-175
-173
-199
-207
-206
-240
-257
-242
-233
-239
-238
-245
-243
-228
-198
-181
-179
-173
-151
-120
-134
-157
-167
-185
-206
-207
-179
-176
-143
-105
-82
-67
-72
-91
-113
-91
-75
-70
-67
-74
-90
-95
-92
-76
-57
-33
-30
-24
-7
-23
-2
19
5
-9
1
43
67
50
42
71
97
121
137
148
149
128
95
90
102
122
148
156
174
189
169
156
144
179
214
184
161
149
136
135
127
95
80
58
56
50
48
70
94
103
87
103
131
176
221
210
182
157
141
134
136
132
113
104
96
86
75
64
59
71
88
79
77
80
87
103
97
46
9
0
14
15
6
31
66
124
138
141
132
118
110
104
117
120
127
109
102
117
118
115
123
136
153
164
181
194
204
192
180
166
156
157
167
166
184
199
178
175
174
168
158
160
164
150
139
138
127
126
123
86
40
22
42
32
59
91
103
147
158
148
151
137
135
145
140
137
125
144
145
145
162
161
151
141
158
165
162
171
171
159
170
172
166
154
135
141
136
151
167
178
182
188
205
218
240
239
249
278
308
337
350
343
346
356
367
363
363
377
370
358
364
374
375
376
383
403
425
435
435
424
405
402
400
402
390
376
362
366
364
338
338
330
353
345
331
344
336
338
329
331
348
349
346
347
348
357
364
372
364
342
334
318
301
290
285
308
325
343
365
355
338
311
278
258
250
260
253
253
245
240
234
224
226
228
252
275
286
285
295
285
269
283
283
270
255
262
251
236
