-148
-148
-151
-151
-149
-128
-109
-99
-93
-96
-89
-84
-96
-102
-103
-90
-79
-69
-58
-60
-67
-84
-100
-107
-103
-102
-108
-96
-82
-72
-74
-86
-91
-103
-112
-109
-92
-70
-50
-44
-42
-45
-54
-60
-60
-57
-68
-74
-74
-69
-65
-79
-91
-88
-92
-92
-102
-95
-82
-68
-63
-48
-22
-29
-21
-22
-17
-15
-13
-2
8
21
15
9
-5
-8
-4
-1
-2
-13
3
24
30
21
6
6
-13
-12
-13
-4
1
18
31
28
36
32
34
35
45
59
76
85
69
76
77
72
73
68
75
72
69
71
71
90
86
78
73
79
87
95
106
112
112
98
92
88
80
65
63
74
95
104
98
84
79
72
63
61
54
55
63
67
75
82
93
88
89
77
79
93
99
110
108
103
81
77
82
74
78
95
106
110
112
95
74
71
76
98
112
132
136
126
116
104
114
113
121
126
120
124
122
119
114
110
109
106
122
125
122
136
135
145
148
135
131
125
142
153
144
142
136
142
143
140
139
126
109
108
107
103
99
86
80
68
64
57
51
65
78
76
80
71
71
78
92
98
99
95
93
115
122
123
119
130
142
137
139
141
139
148
158
145
144
144
134
131
133
135
135
138
129
131
121
117
123
114
110
119
121
102
90
104
118
118
120
116
105
105
116
126
137
131
106
83
75
67
71
85
79
70
76
83
89
85
85
92
90
116
131
133
131
138
124
126
138
152
138
131
138
118
105
96
94
123
128
109
94
66
76
105
120
101
49
0
-22
3
32
49
55
29
0
1
29
70
93
100
81
51
60
84
100
108
105
79
55
64
76
89
94
93
101
89
81
66
71
94
98
104
114
112
109
98
91
107
108
115
135
142
137
124
113
102
96
102
94
83
94
86
92
89
89
98
90
85
86
86
103
133
159
166
163
167
152
159
162
178
194
182
178
165
181
185
167
152
130
115
128
148
155
161
158
138
124
113
113
131
149
148
149
165
163
163
167
169
178
202
202
207
206
213
206
184
164
152
140
129
122
117
129
115
122
126
118
97
63
44
38
49
63
76
87
93
91
82
80
68
59
53
43
39
67
82
76
63
45
41
53
61
57
55
51
48
44
35
20
5
-4
-2
5
5
-1
-4
-27
-33
-36
-44
-39
-30
-33
-47
-44
-54
-65
-61
-66
-73
-77
-75
-73
-79
-84
-93
-117
-118
-133
-138
-143
-146
-153
-164
-156
-168
-174
-176
-156
-150
-149
-138
-125
-120
-120
-128
-124
-127
-148
-145
-141
-124
-107
-105
-97
-103
-122
-129
-146
-147
-149
-153
-158
-182
-190
-187
-182
-172
-160
-155
-167
-181
-195
-198
-185
-186
-174
-169
-168
-161
-151
-144
-137
-132
-143
-148
-151
-144
-136
-120
-122
-116
-126
-131
-129
-132
-124
-122
-108
-107
-113
-127
-119
-116
-113
-113
-109
-122
-136
-141
-162
-162
-178
-177
-183
-179
-184
-189
-192
-206
-219
-219
-229
-243
-237
-232
-218
-203
-192
-206
-228
-232
-221
-212
-208
-206
-213
-199
-184
-182
-183
-179
-181
-179
-167
-160
-152
-152
-155
-167
-180
-194
-211
-206
-201
-210
-205
-193
-182
-193
-202
-208
-202
-189
-172
-163
-155
-157
-165
-167
-165
-160
-161
-167
-162
-167
-172
-164
-158
-149
-147
-116
-106
-105
-110
-129
-133
-132
-136
-133
-136
-135
-135
-136
-133
-147
-150
-187
-199
-196
-193
-188
-186
-196
-210
-215
-204
-171
-146
-144
-180
-201
-201
-208
-199
-197
-191
-186
-196
-194
-197
-200
-212
-203
-199
-186
-182
-188
-196
-200
-192
-193
-199
-207
-194
-180
-167
-173
-172
-179
-180
-180
-189
-194
-194
-205
-202
-178
-177
-168
-163
-161
-171
-176
-185
-196
-202
-196
-181
-175
-173
-182
-173
-154
-150
-152
-147
-124
-102
-75
-63
-75
-94
-101
-114
-122
-126
-123
-134
-140
-132
-140
-144
-170
-176
-181
-181
-191
-195
-192
-191
-179
-171
-152
-153
-147
-141
-132
-126
-115
-101
-92
-88
-83
-77
-85
-95
-87
-91
-93
-99
-101
-86
-82
-79
-89
-93
-101
-97
-97
-96
-98
-86
-65
-60
-58
-74
-76
-74
-71
-73
-84
-66
-56
-40
-45
-50
-50
-47
-25
-28
-16
-28
-36
-41
-44
-28
-27
-41
-45
-30
-17
-14
-13
-18
-26
-56
-69
-71
-63
-46
-28
-20
-29
-33
-53
-50
-49
-51
-52
-36
-28
-23
-15
-17
-15
-16
-11
-23
-27
-23
-23
-18
-9
-14
-22
-16
-18
-18
-20
-23
-15
-14
-7
-13
-19
-15
-13
-16
-12
-3
1
9
19
27
28
14
15
20
26
34
42
39
45
54
50
53
55
46
47
47
52
56
63
66
57
59
51
52
60
64
62
64
59
53
55
60
59
61
78
79
84
73
70
78
70
74
65
67
84
81
79
72
78
83
84
81
80
78
72
73
71
75
79
79
83
87
95
96
92
91
94
86
91
105
104
100
90
97
86
85
92
100
109
110
95
83
91
110
106
95
88
97
105
106
103
84
68
62
87
95
93
88
73
62
47
39
55
76
66
45
37
26
19
14
28
26
31
42
33
19
7
9
6
11
29
26
4
-3
3
2
-6
-11
-22
-35
-49
-69
-81
-89
-70
-43
-49
-72
-119
-167
-169
-141
-121
-102
-105
-138
-164
-148
-121
-99
-75
-77
-93
-113
-98
-82
-82
-99
-119
-146
-162
-151
-131
-126
-145
-141
-154
-152
-143
-148
-136
-120
-101
-100
-98
-105
-105
-101
-89
-74
-58
-46
-34
-26
-21
-31
-47
-51
-46
-29
-26
-31
-47
-41
-43
-46
-40
-40
-47
-67
-57
-57
-60
-48
-38
-18
-2
13
13
25
45
72
86
78
61
66
71
68
82
83
67
63
74
97
98
89
74
62
71
80
95
105
116
126
139
136
140
136
138
162
159
156
162
174
204
213
217
202
181
167
164
169
184
190
204
216
210
213
207
201
196
188
197
197
217
237
242
243
239
234
229
229
234
231
218
222
240
245
253
265
265
275
291
291
303
310
312
314
311
299
296
288
276
287
286
289
286
279
277
289
283
269
274
280
291
292
287
267
259
263
255
254
253
269
271
279
293
284
273
274
281
289
298
303
309
297
294
276
271
286
295
315
323
330
341
349
351
343
332
322
318
322
326
324
335
351
346
345
330
323
317
312
314
308
306
301
291
282
285
284
284
281
274
269
277
281
292
315
307
289
278
265
275
285
301
297
295
284
267
277
288
296
278
265
263
277
281
282
259
238
245
239
251
246
245
250
253
251
259
252
240
227
216
218
209
206
210
203
180
179
168
157
171
170
166
165
176
184
193
203
206
205
203
201
201
201
206
194
200
211
206
211
218
229
234
230
232
237
244
255
239
215
209
196
190
202
201
196
184
180
162
146
145
138
138
140
158
175
176
169
174
174
178
182
178
175
181
185
192
176
185
195
194
206
205
200
184
174
178
191
200
196
172
157
168
177
184
176
137
125
118
130
130
125
113
95
95
112
137
165
189
185
159
137
129
117
111
119
128
114
116
119
137
132
116
130
136
137
132
127
112
104
98
89
76
79
73
72
81
89
99
86
86
89
81
74
92
104
109
119
129
129
122
111
103
84
83
77
78
77
88
106
103
115
127
137
116
124
122
129
148
165
181
174
171
163
156
150
156
146
135
130
123
125
128
114
114
97
81
76
77
95
87
96
105
108
99
87
117
116
133
130
147
147
153
168
173
176
160
165
155
164
156
168
172
180
179
182
159
127
127
124
132
114
117
125
109
81
68
55
61
49
50
66
64
77
94
94
82
62
37
52
32
27
47
49
46
18
23
11
20
35
47
65
64
41
42
56
45
30
26
34
24
29
33
24
12
-1
-24
-30
-31
-30
-36
-51
-37
-39
-41
-54
-58
-64
-64
-70
-78
-64
-55
-50
-68
-93
-114
-137
-136
-132
-120
-106
-110
-115
-123
-127
-123
-130
-115
-127
-117
-105
-110
-108
-124
-123
-116
-108
-91
-81
-77
-84
-92
-102
-108
-99
-77
-76
-77
-61
-76
-93
-97
-75
-85
-88
-99
-101
-100
-88
-84
-86
-71
-57
-32
-35
-51
-58
-67
-65
-52
-57
-56
-67
-75
-90
-100
-92
-71
-70
-61
-46
-49
-57
-75
-90
-90
-80
-78
-74
-83
-70
-82
-100
-109
-92
-78
-78
-87
-99
-97
-100
-97
-85
-88
-90
-91
-101
-100
-112
-93
-68
-63
-67
-93
-103
-99
-87
-99
-104
-90
-98
-109
-106
-98
-77
-25
-5
-21
-53
-71
-77
-73
-65
-59
-76
-108
-114
-135
-145
-128
-129
-117
-101
-96
-60
-48
-59
-74
-75
-78
-93
-96
-94
-65
-53
-55
-53
-53
-62
-47
-37
-45
-51
-70
-73
-81
-69
-67
-73
-89
-89
-88
-100
-130
-163
-186
-189
-195
-186
-168
-183
-170
-170
-166
-153
-130
-125
-134
-144
-158
-163
-170
-183
-201
-200
-196
-184
-180
-172
-150
-158
-171
-187
-196
-217
-221
-217
-200
-189
-203
-215
-237
-235
-223
-218
-200
-172
-159
-158
-169
-189
-213
-242
-232
-215
-208
-231
-249
-249
-248
-242
-243
-254
-276
-271
-262
-246
-253
-263
-260
-240
-227
-210
-224
-244
-235
-251
-248
-239
-235
-241
-255
-246
-262
-278
-295
-324
-330
-337
-345
-325
-332
-349
-355
-366
-359
-357
-347
-324
-317
-318
-336
-340
-357
-353
-328
-317
-311
-328
-327
-348
-363
-371
-392
-408
-392
-397
-393
-355
-351
-353
-363
-377
-402
-419
-422
-439
-438
-414
-391
-383
-385
-386
-394
-403
-415
-428
-418
-410
-398
-396
-382
-380
-366
-369
-370
-359
-363
-366
-383
-402
-396
-386
-392
-414
-424
-425
-441
-457
-465
-448
-449
-464
-466
-464
-460
-450
-428
-421
-414
-412
-439
-456
-458
-454
-456
-444
-427
-439
-441
-442
-447
-458
-472
-476
-470
-472
-452
-446
-458
-460
-464
-470
-471
-468
-460
-435
-434
-435
-439
-407
-372
-375
-364
-375
-373
-373
-381
-380
-369
-349
-343
-346
-349
-334
-324
-320
-308
-308
-297
-292
-298
-294
-291
-274
-257
-261
-269
-280
-276
-259
-255
-236
-233
-235
-231
-244
-239
-225
-219
-237
-239
-250
-241
-224
-226
-226
-231
-242
-248
-258
-255
-253
-251
-260
-260
-260
-263
-261
-264
-257
-239
-226
-228
-231
-231
-235
-241
-252
-261
-261
-267
-262
-257
-258
-271
-270
-257
-258
-255
-255
-274
-276
-268
-263
-254
-260
-273
-274
-269
-261
-254
-261
-260
-257
-251
-243
-248
-262
-256
-251
-256
-253
-256
-244
-256
-254
-264
-277
-268
-265
-274
-293
-292
-287
-292
-300
-340
-361
-366
-376
-368
-364
-368
-364
-376
-378
-381
-389
-389
-386
-376
-375
-392
-405
-413
-389
-377
-394
-396
-395
-378
-377
-370
-385
-407
-418
-403
-391
-386
-409
-424
-446
-458
-449
-461
-477
-498
-499
-493
-479
-478
-459
-423
-422
-434
-450
-460
-471
-464
-442
-436
-440
-454
-455
-443
-447
-456
-481
-463
-450
-463
-474
-470
-469
-486
-482
-487
-491
-481
-478
-482
-481
-486
-489
-470
-471
-468
-467
-472
-477
-484
-469
-479
-484
-465
-447
-449
-454
-447
-459
-473
-473
-476
-470
-452
-419
-424
-447
-462
-470
-463
-438
-407
-391
-378
-370
-381
-396
-407
-418
-432
-434
-434
-415
-394
-396
-405
-421
-428
-443
-458
-460
-461
-450
-443
-436
-425
-426
-410
-390
-369
-344
-325
-319
-332
-332
-318
-315
-320
-328
-346
-336
-334
-333
-323
-314
-311
-316
-306
-321
-341
-351
-340
-336
-339
-330
-331
-330
-327
-329
-346
-358
-348
-325
-297
-291
-294
-289
-286
-268
-260
-261
-262
-290
-296
-279
-254
-253
-265
-265
-270
-260
-249
-248
-258
-252
-249
-236
-230
-228
-233
-251
-271
-259
-243
-236
-232
-235
-230
-241
-259
-255
-253
-269
-268
-277
-276
-251
-250
-255
-269
-273
-291
-297
-295
-275
-261
-268
-267
-258
-255
-264
-268
-272
-264
-254
-255
-260
-270
-283
-292
-281
-292
-289
-285
-277
-269
-252
-246
-250
-253
-271
-273
-291
-279
-272
-263
-239
-226
-241
-252
-273
-273
-267
-278
-269
-280
-286
-281
-263
-257
-244
-245
-238
-236
-231
-217
-214
-214
-226
-228
-229
-232
-227
-228
-230
-213
-212
-221
-229
-235
-247
-247
-256
-267
-259
-249
-255
-256
-261
-254
-233
-230
-231
-227
-235
-242
-238
-248
-249
-252
-241
-247
-242
-228
-238
-230
-233
-244
-251
-254
-254
-245
-249
-260
-261
-259
-249
-244
-246
-242
-250
-260
-260
-254
-260
-263
-256
-258
-274
-281
-290
-285
-266
-263
-255
-247
-252
-269
-266
-276
-271
-265
-249
-253
-267
-265
-270
-248
-222
-204
-211
-202
-179
-180
-180
-191
-192
-198
-196
-177
-179
-188
-190
-182
-189
-191
-184
-170
-160
-167
-168
-179
-165
-157
-148
-143
-155
-181
-209
-204
-192
-166
-155
-148
-152
-159
-161
-148
-132
-115
-110
-117
-121
-103
-93
-91
-76
-90
-107
-108
-117
-98
-84
-89
-94
-92
-88
-81
-84
-87
-74
-54
-24
-24
-14
-10
-14
-3
5
7
21
40
65
71
63
45
25
16
31
51
45
30
26
37
39
29
37
20
19
30
37
56
67
92
86
73
82
102
126
141
150
155
152
140
125
126
118
113
93
71
64
45
65
68
44
36
30
14
-1
8
19
17
18
34
30
9
-2
9
15
28
38
46
42
51
59
35
28
18
11
3
3
-4
-7
-7
-14
-13
-12
-16
-13
-24
-47
-60
-55
-32
-25
-20
-25
-36
-55
-64
-58
-60
-70
-62
-56
-53
-49
-54
-51
-58
-47
-36
-22
-26
-40
-43
-38
-40
-60
-62
-66
-67
-54
-53
-63
-47
-47
-48
-42
-57
-56
-69
-60
-48
-32
-46
-64
-73
-97
-102
-106
-91
-87
-81
-66
-53
-48
-50
-52
-80
-90
-93
-108
-121
-135
-137
-135
-144
-153
-157
-161
-164
-155
-152
-153
-147
-161
-162
-167
-178
-173
-169
-147
-155
-151
-130
-138
-146
-153
-151
-157
-146
-147
-139
-148
-163
-178
-185
-175
-167
-167
-194
-199
-205
-204
-191
-196
-198
-200
-201
-196
-199
-198
-203
-204
-209
-208
-196
-177
-156
-153
-162
-173
-186
-182
-173
-159
-147
-161
-164
-173
-188
-208
-216
-219
-218
-215
-205
-215
-228
-227
-234
-237
-232
-214
-222
-221
-220
-218
-230
-239
-255
-248
-233
-214
-193
-184
-180
-170
-169
-175
-167
-177
-179
-173
-161
-156
-142
-149
-154
-144
-127
-123
-116
-116
-128
-123
-117
-92
-99
-125
-132
-140
-147
-148
-147
-137
-130
-119
-104
-108
-103
-112
-121
-120
-120
-107
-97
-80
-54
-39
-23
-8
3
8
-2
8
15
5
7
12
20
23
29
15
7
-2
-3
-6
-11
-14
-20
-6
9
5
-9
-12
-30
-32
-30
-31
-31
-24
-11
-8
10
22
49
72
92
102
84
71
72
69
61
44
37
36
25
13
4
-10
-13
3
13
16
7
7
-4
-12
-19
-43
-27
-9
-15
-11
-7
4
17
32
58
74
56
54
57
43
50
53
59
54
52
51
36
21
18
25
24
35
54
46
39
35
35
30
18
14
26
40
61
80
81
71
60
60
64
70
63
41
21
18
-1
-4
-19
-36
-31
-39
-47
-60
-61
-60
-54
-41
-39
-21
-10
-19
-18
0
29
51
72
86
96
94
75
56
50
52
39
29
23
33
42
36
34
31
29
37
35
27
49
57
90
84
65
48
33
28
11
23
18
22
20
11
23
17
17
26
24
36
46
54
59
65
59
55
38
42
46
44
45
62
79
73
47
37
36
24
30
26
25
36
42
26
14
2
-5
-12
-18
-8
-10
-23
-30
-35
-34
-22
-27
-36
-40
-35
-27
-8
1
12
15
1
-1
-11
-20
-14
-10
3
7
-3
-12
-24
-20
-6
20
39
54
66
65
68
60
68
71
80
78
76
70
64
54
53
51
69
86
104
114
128
150
151
154
148
137
131
128
134
128
118
120
127
142
142
140
132
124
135
149
155
158
150
141
139
134
141
149
148
150
146
155
150
164
166
180
195
194
202
195
181
176
184
194
213
214
201
189
192
191
194
193
207
216
214
206
207
205
210
221
221
234
249
266
263
277
283
292
309
326
312
305
304
306
321
327
330
311
303
291
292
300
291
295
269
253
254
255
259
255
238
231
235
222
221
220
218
213
203
218
226
236
241
249
248
247
262
276
275
271
278
275
268
250
241
232
222
219
222
222
240
254
241
222
172
127
131
151
183
215
207
191
162
170
204
220
236
250
260
251
268
284
285
282
274
244
218
208
204
202
195
191
195
195
194
191
183
201
200
208
205
203
198
173
183
181
180
191
194
222
243
226
211
196
184
193
199
203
198
184
160
152
148
140
130
120
120
131
151
174
185
177
182
186
175
188
204
206
205
203
196
186
191
188
175
150
127
131
153
174
174
157
145
147
163
161
152
153
158
164
173
174
161
158
166
168
172
179
188
199
222
238
242
223
213
211
194
186
181
190
202
219
219
210
203
199
194
194
180
176
202
222
243
239
214
198
193
190
180
176
195
204
213
206
190
188
186
204
215
224
232
218
237
239
233
228
207
199
199
217
237
249
258
253
246
249
259
271
267
276
286
297
296
282
287
272
269
270
271
274
266
264
259
243
246
235
227
232
232
229
222
222
231
234
243
250
242
244
255
256
267
288
286
295
283
263
256
254
261
273
266
272
268
260
255
253
251
262
266
266
252
242
241
249
256
257
245
215
205
189
189
186
183
176
195
202
197
201
204
197
192
200
209
218
234
250
255
254
231
223
222
210
195
192
184
173
165
158
166
177
181
190
197
206
214
214
229
228
220
220
220
225
215
196
186
168
160
165
161
166
179
189
190
198
207
218
204
199
192
177
178
163
164
149
147
158
148
163
175
181
185
182
176
186
186
187
174
144
131
138
138
131
122
122
121
115
112
102
115
116
123
122
119
128
106
91
82
74
94
101
92
88
88
105
109
105
97
86
97
122
127
116
104
90
86
92
77
62
54
56
76
90
92
74
45
35
20
4
11
29
36
43
50
39
41
41
62
63
53
42
31
21
15
24
15
1
3
2
6
-13
-46
-47
-44
-43
-38
-22
-12
-7
0
3
17
8
6
-3
-4
7
20
36
44
41
22
-5
-23
-26
-17
2
23
36
45
49
36
32
27
31
37
37
57
59
50
34
41
56
58
51
50
62
81
105
122
117
98
89
86
97
101
95
84
82
68
70
61
41
21
5
8
5
-1
-12
-23
-3
30
45
53
54
65
77
86
88
102
140
148
145
141
114
87
88
85
84
79
91
95
89
93
83
81
67
55
56
74
93
117
123
117
97
88
97
115
145
140
132
124
128
132
141
132
137
135
132
125
111
108
103
119
127
130
119
120
123
131
160
187
203
197
173
151
153
151
158
165
169
180
173
160
149
139
133
130
130
136
134
129
133
138
138
137
128
105
103
112
119
119
128
127
115
109
99
96
110
119
127
124
128
126
133
155
157
168
182
193
205
209
211
216
216
227
227
218
205
205
192
180
173
167
186
186
192
182
187
189
195
177
164
165
151
148
149
165
166
168
180
184
173
170
169
173
180
180
193
197
192
183
165
155
158
163
143
125
120
132
142
144
130
116
111
112
131
150
157
163
156
149
150
144
132
143
159
173
182
176
178
165
162
159
159
165
173
178
165
156
140
135
141
159
156
145
143
145
162
151
153
161
160
173
178
160
153
167
181
190
203
183
148
127
118
120
116
113
113
116
104
115
123
130
146
144
144
139
118
91
70
66
62
78
101
119
131
134
126
122
116
114
128
125
117
80
67
74
108
138
124
92
24
-11
9
54
91
99
89
69
45
69
100
105
114
121
90
71
89
84
85
82
71
50
29
28
31
38
32
24
10
-4
-13
4
17
32
37
28
37
44
57
55
73
98
111
125
108
126
139
112
98
86
69
61
77
80
75
66
60
65
67
74
79
67
56
46
60
90
114
134
139
131
111
122
156
193
180
151
120
99
97
95
70
30
16
16
33
60
69
50
32
13
12
20
31
44
66
69
72
66
60
52
67
74
84
81
77
89
96
123
126
116
111
93
83
90
98
111
121
127
121
119
91
60
60
52
50
49
54
75
66
70
67
54
52
50
54
51
44
45
48
60
63
53
40
32
30
36
32
39
31
21
16
7
9
5
5
7
21
26
20
-1
-27
-47
-37
-22
-9
1
-7
-21
-28
-47
-63
-64
-64
-66
-71
-69
-59
-39
-44
-74
-94
-103
-105
-91
-100
-121
-145
-159
-150
-141
-133
-144
-144
-135
-108
-94
-87
-79
-82
-75
-82
-97
-104
-98
-93
-87
-77
-65
-68
-79
-94
-96
-102
-99
-83
-97
-103
-118
-129
-123
-108
-119
-143
-164
-173
-161
-164
-172
-164
-158
-164
-173
-192
-197
-183
-177
-188
-185
-194
-202
-198
-198
-180
-185
-201
-222
-245
-246
-245
-235
-233
-238
-255
-258
-254
-251
-244
-223
-212
-211
-209
-205
-209
-225
-233
-238
-243
-245
-246
-257
-272
-270
-262
-245
-229
-235
-228
-238
-231
-210
-195
-183
-172
-173
-191
-190
-190
-189
-182
-175
-176
-167
-169
-172
-172
-179
-190
-190
-181
-175
-173
-173
-168
-186
-199
-215
-216
-204
-185
-190
-217
-221
-212
-206
-213
-225
-239
-228
-221
-210
-193
-194
-209
-221
-221
-227
-226
-229
-222
-226
-225
-222
-230
-229
-231
-228
-228
-225
-223
-237
-225
-212
-199
-201
-203
-212
-231
-234
-236
-237
-242
-246
-238
-226
-218
-229
-246
-241
-238
-230
-210
-194
-180
-190
-219
-240
-253
-242
-232
-228
-231
-254
-256
-259
-264
-269
-280
-272
-268
-262
-269
-264
-250
-260
-247
-267
-260
-258
-250
-230
-220
-208
-203
-180
-188
-203
-206
-214
-219
-215
-204
-196
-185
-182
-182
-170
-178
-182
-181
-189
-179
-173
-174
-189
-187
-178
-176
-183
-198
-207
-205
-186
-164
-135
-121
-127
-132
-141
-150
-151
-143
-161
-179
-192
-199
-190
-181
-180
-200
-229
-236
-238
-234
-234
-234
-219
-203
-180
-166
-165
-171
-172
-168
-161
-155
-143
-138
-155
-171
-174
-176
-186
-202
-203
-205
-182
-172
-182
-195
-224
-240
-249
-258
-268
-265
-245
-235
-243
-252
-259
-272
-281
-261
-245
-235
-231
-238
-234
-221
-225
-236
-250
-266
-281
-293
-291
-277
-263
-259
-263
-261
-276
-277
-263
-233
-219
-244
-254
-266
-269
-266
-265
-259
-255
-267
-258
-257
-249
-266
-269
-271
-275
-279
-287
-287
-311
-328
-338
-329
-318
-303
-302
-312
-314
-337
-337
-321
-323
-300
-295
-299
-311
-305
-306
-301
-292
-286
-279
-281
-279
-289
-287
-285
-273
-264
-262
-249
-240
-240
-230
-232
-246
-262
-268
-255
-254
-255
-257
-265
-265
-260
-245
-239
-235
-228
-226
-223
-225
-236
-231
-216
-232
-246
-242
-238
-209
-189
-177
-177
-187
-190
-189
-175
-186
-177
-173
-169
-169
-181
-184
-177
-176
-182
-183
-186
-188
-174
-166
-156
-146
-164
-174
-179
-182
-187
-176
-185
-192
-198
-203
-203
-199
-182
-177
-163
-151
-156
-178
-186
-198
-198
-190
-203
-205
-189
-183
-164
-155
-149
-139
-141
-126
-113
-110
-110
-107
-93
-83
-75
-69
-82
-85
-83
-75
-70
-73
-80
-106
-116
-117
-118
-115
-121
-115
-107
-113
-109
-99
-83
-78
-67
-51
-30
-11
-35
-61
-78
-77
-58
-37
-42
-51
-44
-50
-54
-75
-84
-65
-38
-23
-53
-73
-83
-73
-49
-50
-68
-107
-147
-136
-101
-74
-62
-68
-102
-128
-108
-89
-59
-41
-42
-66
-83
-63
-53
-44
-45
-60
-90
-96
-95
-87
-94
-107
-118
-145
-171
-198
-206
-204
-189
-173
-153
-152
-154
-163
-164
-175
-168
-149
-123
-87
-78
-87
-106
-125
-117
-113
-105
-94
-96
-115
-117
-108
-103
-105
-100
-97
-114
-114
-117
-121
-106
-94
-73
-72
-78
-79
-78
-59
-40
-46
-81
-106
-121
-115
-110
-115
-138
-173
-173
-166
-145
-137
-134
-146
-153
-154
-155
-143
-137
-127
-116
-106
-118
-140
-131
-130
-120
-110
-95
-87
-76
-57
-63
-63
-84
-98
-112
-127
-113
-102
-87
-67
-65
-58
-61
-66
-72
-88
-102
-111
-93
-69
-65
-62
-71
-83
-105
-115
-113
-128
-138
-122
-125
-132
-124
-129
-141
-131
-121
-110
-103
-110
-113
-120
-124
-106
-100
-93
-90
-104
-105
-107
-100
-97
-96
-100
-113
-132
-135
-142
-126
-111
-109
-127
-140
-145
-163
-177
-197
-212
-214
-214
-189
-185
-202
-208
-223
-233
-234
-224
-233
-238
-234
-213
-208
-209
-201
-193
-168
-163
-149
-156
-141
-130
-118
-101
-104
-114
-127
-137
-131
-123
-107
-85
-89
-95
-103
-111
-105
-106
-110
-101
-116
-121
-111
-105
-107
-105
-97
-97
-93
-96
-100
-99
-90
-70
-59
-57
-61
-68
-69
-61
-78
-90
-97
-91
-75
-74
-74
-90
-100
-101
-98
-97
-103
-93
-87
-79
-84
-93
-104
-112
-116
-127
-130
-138
-141
-150
-147
-134
-140
-161
-175
-161
-157
-165
-165
-171
-178
-173
-178
-186
-199
-192
-184
-177
-175
-185
-182
-192
-196
-187
-190
-193
-191
-185
-175
-169
-161
-154
-159
-166
-166
-163
-164
-162
-161
-176
-190
-195
-201
-223
-224
-217
-221
-224
-239
-249
-259
-267
-270
-268
-249
-226
-232
-240
-254
-256
-241
-243
-247
-266
-261
-256
-269
-258
-246
-254
-260
-249
-237
-239
-237
-230
-230
-234
-248
-277
-295
-306
-294
-291
-301
-324
-338
-339
-342
-332
-333
-327
-327
-328
-332
-321
-304
-277
-275
-280
-285
-278
-291
-303
-299
-301
-308
-334
-344
-353
-339
-339
-344
-337
-331
-317
-330
-353
-359
-360
-356
-350
-343
-345
-349
-367
-360
-343
-326
-311
-312
-312
-335
-337
-345
-328
-322
-309
-309
-323
-323
-320
-317
-308
-318
-314
-322
-327
-328
-327
-327
-328
-319
-318
-344
-356
-369
-366
-345
-324
-314
-325
-335
-354
-349
-367
-381
-393
-396
-403
-400
-397
-399
-407
-420
-438
-443
-433
-433
-426
-414
-396
-383
-366
-363
-371
-372
-378
-372
-352
-341
-329
-333
-324
-332
-345
-338
-329
-337
-357
-352
-362
-365
-364
-387
-408
-421
-410
-387
-386
-383
-363
-328
-317
-314
-316
-319
-336
-328
-320
-316
-300
-284
-275
-281
-282
-294
-299
-297
-296
-269
-255
-260
-264
-285
-299
-306
-305
-303
-284
-263
-256
-238
-230
-224
-233
-248
-254
-253
-241
-235
-217
-208
-218
-255
-277
-290
-304
-308
-298
-296
-291
-285
-283
-290
-297
-312
-321
-321
-311
-295
-299
-289
-288
-291
-311
-326
-336
-334
-311
-298
-300
-306
-304
-313
-305
-296
-289
-275
-278
-275
-269
-258
-252
-255
-256
-261
-271
-287
-296
-312
-309
-319
-325
-340
-341
-337
-334
-332
-320
-312
-318
-316
-331
-333
-347
-347
-333
-314
-306
-304
-299
-311
-315
-313
-315
-316
-311
-313
-323
-323
-333
-337
-339
-343
-340
-343
-350
-353
-354
-358
-360
-369
-379
-392
-376
-372
-367
-357
-366
-364
-369
-371
-372
-368
-373
-370
-378
-384
-385
-353
-345
-348
-351
-364
-352
-350
-343
-334
-322
-315
-312
-310
-296
-293
-285
-292
-284
-281
-295
-296
-301
-263
-251
-259
-255
-271
-281
-276
-250
-238
-245
-259
-291
-313
-329
-327
-324
-326
-351
-361
-375
-372
-350
-365
-369
-365
-336
-314
-308
-319
-346
-348
-351
-357
-349
-342
-341
-341
-335
-334
-342
-340
-312
-291
-292
-315
-335
-316
-280
-237
-235
-277
-331
-378
-376
-341
-296
-274
-281
-315
-347
-341
-312
-279
-269
-279
-298
-313
-294
-277
-265
-261
-260
-288
-303
-288
-273
-255
-262
-283
-285
-290
-291
-280
-290
-275
-274
-278
-277
-268
-272
-285
-284
-271
-251
-241
-224
-208
-196
-198
-210
-226
-228
-221
-219
-213
-210
-207
-219
-234
-231
-219
-213
-219
-231
-224
-217
-196
-177
-171
-161
-173
-181
-177
-159
-149
-145
-164
-177
-188
-172
-169
-178
-200
-230
-237
-238
-211
-203
-206
-209
-210
-213
-216
-211
-198
-171
-144
-127
-119
-130
-126
-109
-84
-78
-80
-86
-71
-54
-52
-49
-63
-73
-75
-78
-83
-93
-102
-90
-70
-62
-62
-54
-44
-58
-80
-74
-70
-47
-25
-33
-35
-46
-60
-64
-59
-71
-79
-88
-77
-67
-59
-62
-70
-69
-66
-59
-43
-51
-42
-33
-38
-43
-51
-46
-55
-54
-48
-55
-51
-44
-44
-39
-50
-57
-63
-53
-38
-26
-24
-25
-30
-58
-54
-56
-52
-72
-88
-87
-104
-101
-98
-105
-126
-163
-188
-197
-203
-208
-204
-195
-194
-202
-213
-236
-204
-197
-180
-175
-173
-127
-105
-87
-200
-249
-255
-129
-28
43
-19
-153
-255
-248
-116
-20
-38
-143
-254
-295
-237
-201
-159
-175
-173
-199
-201
-218
-228
-204
-194
-136
-109
-86
-132
-167
-172
-130
-62
-56
-65
-96
-113
-107
-91
-61
-66
-84
-99
-95
-67
-81
-109
-157
-161
-145
-120
-109
-130
-119
-117
-97
-84
-71
-70
-82
-103
-116
-115
-109
-98
-79
-78
-68
-82
-84
-100
-97
-79
-76
-61
-69
-72
-93
-102
-112
-95
-66
-43
-41
-76
-99
-81
-44
-19
-2
-28
-66
-76
-50
6
29
34
12
-7
-13
0
6
16
10
12
22
23
28
20
26
26
36
43
39
23
36
53
86
77
35
-2
-25
-8
-3
-25
-54
-78
-73
-80
-90
-113
-130
-124
-112
-80
-85
-124
-192
-198
-159
-116
-88
-105
-116
-81
-14
74
86
60
37
54
136
222
301
304
280
231
210
220
274
309
296
229
130
42
-13
-30
-28
-35
-83
-139
-219
-289
-292
-245
-180
-154
-200
-228
-201
-129
-35
49
91
117
140
206
289
351
367
393
442
482
495
424
342
282
293
332
316
256
156
56
22
19
42
18
-32
-88
-123
-94
-77
-50
-13
1
-8
-14
13
48
107
151
147
145
116
115
107
116
97
50
6
-15
9
2
-14
-45
-89
-105
-108
-92
-63
-36
0
40
84
117
157
193
223
265
286
292
264
247
229
225
240
209
179
112
72
3
-39
-50
-60
-93
-138
-178
-209
-223
-211
-207
-169
-103
-37
-25
-16
26
85
157
218
291
330
348
369
417
477
509
492
444
424
399
379
350
294
242
139
69
-5
-27
-37
-79
-133
-201
-227
-225
-219
-198
-181
-186
-214
-227
-199
-157
-77
-67
-79
-118
-129
-78
-4
73
74
43
-1
-3
69
148
181
134
40
7
20
83
129
172
202
195
195
176
180
211
252
284
282
224
96
-13
-29
-5
24
-26
-132
-206
-240
-236
-215
-210
-221
-254
-285
-270
-224
-163
-111
-55
12
78
131
153
238
354
487
569
579
568
577
606
651
668
642
577
477
414
365
339
274
187
86
7
-29
-64
-115
-202
-278
-312
-328
-316
-306
-283
-302
-318
-324
-283
-229
-195
-167
-174
-167
-168
-109
-11
74
81
32
-5
35
125
232
307
295
224
141
141
250
408
486
466
373
273
240
267
365
440
417
247
71
-16
-14
22
-15
-86
-198
-264
-306
-321
-309
-306
-328
-367
-337
-274
-223
-180
-125
-28
67
168
255
328
421
482
552
637
711
765
751
741
710
689
671
602
529
423
350
249
169
84
-14
-110
-199
-249
-319
-387
-427
-448
-455
-489
-540
-559
-545
-463
-420
-374
-339
-340
-348
-367
-316
-266
-197
-113
-66
-49
-110
-138
-134
-56
107
239
283
203
107
24
47
197
340
380
263
116
72
82
183
244
253
164
-6
-138
-217
-212
-211
-222
-275
-363
-446
-559
-612
-591
-478
-405
-381
-375
-370
-338
-291
-143
-7
133
211
249
347
432
563
638
672
729
798
837
779
702
658
659
684
671
613
437
231
109
98
149
53
-120
-326
-401
-398
-319
-290
-343
-464
-602
-579
-443
-248
-192
-230
-337
-387
-324
-189
-54
-14
-70
-133
-114
28
126
106
16
-11
144
309
434
380
254
179
200
392
558
585
404
218
183
277
426
448
353
187
50
-25
-79
-85
-132
-226
-368
-472
-462
-452
-448
-514
-571
-601
-556
-405
-242
-113
-86
-73
0
170
373
524
609
665
724
790
836
919
991
985
938
848
800
762
715
664
558
463
336
205
106
12
-44
-154
-264
-348
-390
-416
-459
-455
-445
-435
-425
-385
-273
-192
-127
-130
-152
-115
-39
43
73
47
14
33
109
180
161
115
41
82
245
438
473
301
96
43
156
378
509
510
331
128
57
137
315
359
302
108
-2
-19
-9
19
-7
-82
-245
-395
-392
-319
-259
-292
-344
-392
-377
-278
-127
53
127
131
129
244
439
584
661
705
800
840
862
883
898
952
952
958
878
786
691
599
584
554
480
289
103
-1
-39
-44
-113
-206
-293
-337
-344
-380
-383
-376
-348
-303
-237
-209
-203
-251
-206
-126
10
77
10
-52
-159
-83
15
138
143
50
-25
-36
37
192
308
349
225
118
129
225
365
409
399
304
235
201
225
313
352
324
188
27
-54
-83
-55
-53
-68
-234
-460
-577
-487
-289
-200
-248
-376
-438
-354
-151
73
189
207
168
219
412
595
691
682
727
800
887
924
911
918
888
873
831
779
689
560
507
426
376
252
67
-67
-154
-171
-224
-300
-350
-410
-431
-437
-390
-292
-225
-181
-218
-208
-172
-93
-31
12
22
-27
-91
-137
-148
-101
-32
-25
-28
-74
-52
-76
-37
72
173
176
71
13
70
195
309
334
282
178
131
181
244
316
277
190
43
-22
-14
-31
-49
-89
-136
-289
-487
-560
-477
-325
-290
-333
-404
-447
-356
-147
83
195
214
189
267
458
696
827
833
823
862
981
1020
1072
1045
968
893
822
828
795
709
573
422
329
222
107
6
-80
-124
-194
-231
-311
-368
-398
-392
-293
-237
-206
-222
-270
-217
-181
-67
-18
24
-7
-102
-99
-132
-67
-65
-34
-23
-46
-3
-23
1
53
147
242
242
258
229
214
230
238
308
276
261
214
218
263
232
222
130
63
-7
-58
-108
-178
-192
-295
-439
-593
-636
-532
-418
-340
-384
-452
-486
-377
-118
122
232
182
185
312
530
695
717
718
756
868
957
981
925
808
753
751
794
777
630
454
306
262
196
92
-58
-179
-243
-327
-372
-437
-510
-543
-533
-475
-422
-385
-371
-385
-349
-285
-207
-172
-154
-124
-113
-113
-139
-167
-150
-150
-129
-129
-58
55
83
14
-35
55
131
188
230
267
261
184
182
215
219
212
184
172
131
91
54
6
-7
-62
-197
-292
-331
-307
-387
-546
-686
-697
-571
-444
-368
-435
-500
-523
-361
-39
225
304
211
208
358
563
693
738
754
795
824
864
850
807
763
724
695
646
558
395
261
210
176
50
-155
-330
-395
-408
-408
-435
-517
-622
-668
-576
-447
-352
-338
-393
-387
-282
-113
-8
-48
-142
-223
-181
-82
-2
-63
-190
-214
-22
251
343
202
22
-14
114
368
592
589
329
107
137
335
468
446
333
214
140
94
37
8
-2
-62
-153
-244
-257
-336
-478
-606
-634
-533
-490
-408
-374
-348
-365
-329
-102
212
457
473
421
486
658
829
913
961
1015
1059
1101
1113
1164
1117
1017
923
917
929
847
713
572
513
411
235
52
-69
-102
-159
-225
-301
-352
-425
-485
-435
-296
-194
-262
-340
-285
-94
68
138
95
47
-48
-68
-24
113
219
198
111
105
273
373
381
357
446
518
542
595
683
664
552
454
488
623
652
536
366
266
221
178
113
70
25
-97
-160
-175
-199
-364
-593
-654
-600
-414
-379
-402
-471
-467
-313
-83
216
421
504
493
522
712
928
1079
1143
1179
1197
1158
1199
1220
1200
1150
989
880
806
790
750
581
404
226
108
-35
-156
-250
-326
-380
-447
-518
-587
-621
-564
-448
-405
-423
-505
-446
-305
-92
-3
-27
-105
-149
-114
-76
-49
-73
-79
7
266
459
433
132
-28
95
447
734
804
622
269
80
204
545
768
665
344
38
-49
30
42
-26
-139
-235
-370
-444
-445
-462
-585
-736
-795
-723
-621
-580
-539
-534
-461
-303
-69
145
309
397
460
572
754
883
929
963
1081
1204
1167
1088
995
985
972
959
891
783
666
548
424
353
238
62
-121
-236
-274
-369
-482
-607
-614
-610
-615
-609
-600
-540
-516
-468
-407
-304
-168
-133
-92
-130
-112
-127
-60
15
46
103
197
377
450
397
298
288
466
718
881
869
599
386
331
588
804
807
582
264
126
44
42
-24
-79
-138
-266
-389
-514
-580
-677
-743
-713
-646
-590
-606
-558
-460
-334
-203
-57
143
343
502
605
685
837
971
1062
1105
1191
1317
1316
1249
1190
1179
1156
1053
974
876
779
618
483
398
287
151
-56
-213
-329
-431
-543
-647
-685
-675
-689
-687
-695
-637
-660
-616
-552
-351
-190
-131
-187
-293
-205
-78
94
103
74
92
294
527
603
441
270
264
554
875
1016
790
381
213
394
789
891
693
351
131
90
75
6
-121
-245
-331
-444
-527
-587
-672
-795
-943
-939
-881
-808
-756
-684
-571
-537
-450
-249
78
372
505
578
664
865
1048
1120
1200
1246
1376
1343
1281
1227
1194
1142
1015
948
833
700
523
352
259
145
-16
-217
-394
-467
-617
-751
-870
-881
-837
-879
-912
-944
-861
-788
-731
-643
-518
-403
-415
-392
-286
-119
-72
-56
-52
76
291
533
522
291
133
226
554
886
1030
764
270
10
278
754
976
708
284
36
75
141
52
-157
-321
-379
-433
-523
-670
-848
-1013
-1043
-936
-852
-945
-1062
-992
-741
-475
-353
-290
-155
139
411
560
675
799
933
1015
1179
1372
1468
1436
1340
1325
1336
1304
1191
1087
1063
1001
840
600
413
304
172
28
-111
-220
-406
-654
-810
-830
-779
-803
-887
-963
-988
-939
-859
-756
-599
-494
-484
-569
-488
-277
-49
3
13
189
457
665
560
394
320
523
827
1105
1157
872
422
242
562
1040
1090
635
141
27
213
269
106
-204
-393
-480
-528
-557
-627
-777
-1001
-1159
-1046
-943
-878
-983
-947
-777
-635
-527
-438
-146
194
427
535
575
719
884
1007
1214
1383
1551
1411
1265
1225
1324
1377
1259
1155
1062
973
791
614
528
455
290
38
-148
-249
-366
-547
-753
-828
-833
-910
-1043
-1095
-1009
-937
-908
-913
-825
-697
-641
-608
-546
-345
-224
-184
-108
201
627
751
529
285
362
786
1149
1326
1180
812
474
480
920
1241
1135
610
194
174
332
330
99
-146
-225
-270
-354
-497
-635
-760
-924
-917
-885
-827
-900
-919
-807
-691
-565
-533
-366
-82
218
425
504
624
743
848
1035
1274
1499
1501
1364
1301
1356
1458
1431
1307
1157
1054
997
886
766
595
439
248
77
-31
-160
-354
-589
-715
-782
-854
-956
-1055
-1110
-1105
-1090
-1068
-1036
-938
-891
-911
-886
-707
-471
-341
-211
-43
256
416
365
251
327
713
1084
1266
1121
754
461
528
968
1297
1159
662
182
91
207
322
195
-108
-364
-573
-590
-616
-629
-822
-1024
-1064
-1059
-987
-1036
-990
-896
-778
-662
-637
-508
-292
-11
230
333
447
450
563
749
1042
1326
1279
1167
999
1096
1245
1347
1319
1122
949
791
745
748
689
538
286
102
-18
-100
-187
-339
-414
-576
-657
-803
-870
-908
-951
-875
-899
-850
-898
-951
-945
-850
-579
-442
-365
-326
-140
210
367
401
304
409
723
1055
1346
1204
851
567
702
1172
1394
1236
718
354
287
372
382
196
-28
-217
-367
-430
-547
-679
-881
-951
-864
-820
-811
-925
-910
-793
-642
-513
-454
-360
-202
26
293
437
536
532
608
785
1061
1263
1242
1127
1014
1087
1238
1339
1273
1128
968
837
739
712
711
629
461
289
127
-6
-128
-217
-294
-379
-504
-677
-790
-806
-750
-718
-739
-772
-783
-841
-813
-703
-507
-473
-431
-264
53
323
275
130
114
425
853
1170
1219
966
670
624
936
1358
1419
1083
621
416
461
487
397
175
-2
-178
-279
-371
-526
-746
-971
-961
-889
-862
-936
-997
-950
-828
-684
-562
-469
-345
-200
1
235
436
518
538
594
772
1031
1193
1164
1012
931
971
1104
1137
1093
987
836
637
456
425
417
362
192
-22
-206
-369
-487
-531
-516
-538
-685
-879
-987
-949
-873
-838
-863
-921
-952
-937
-874
-765
-684
-547
-346
-57
107
16
-153
-149
247
665
934
849
534
244
304
710
1036
971
578
224
157
253
273
144
-104
-201
-305
-392
-598
-779
-876
-987
-987
-1041
-1082
-1211
-1183
-957
-724
-623
-735
-781
-604
-233
132
272
250
224
315
540
779
990
1014
935
785
733
809
866
860
760
665
593
484
358
206
164
126
22
-117
-321
-473
-618
-623
-584
-589
-732
-955
-1054
-1016
-925
-876
-901
-894
-947
-895
-818
-701
-694
-638
-376
-3
198
-40
-334
-296
191
693
906
714
358
81
260
703
1051
865
358
-32
-37
153
133
-98
-391
-462
-531
-594
-746
-897
-1089
-1240
-1169
-1136
-1146
-1283
-1266
-1051
-848
-708
-744
-704
-559
-322
-10
153
232
228
252
532
810
1072
976
807
722
740
875
848
785
572
438
361
261
138
-29
-135
-217
-313
-421
-616
-776
-877
-888
-814
-845
-905
-1078
-1112
-1096
-982
-902
-901
-883
-922
-840
-771
-631
-504
-286
23
215
134
-51
-65
360
786
998
795
435
245
389
856
1102
936
408
-11
-54
109
161
-67
-394
-573
-660
-677
-824
-958
-1113
-1165
-1144
-1166
-1259
-1371
-1255
-957
-684
-617
-730
-726
-517
-136
135
242
248
236
371
612
919
1063
1029
905
879
918
893
855
781
749
695
521
280
8
-88
-136
-149
-259
-495
-758
-987
-1042
-967
-902
-965
-1133
-1208
-1136
-1051
-1037
-1085
-1046
-907
-763
-719
-783
-792
-629
-220
210
308
59
-272
-182
406
1026
1246
843
280
86
445
1000
1126
775
225
-79
-18
89
55
-233
-515
-649
-731
-787
-1017
-1186
-1299
-1187
-1038
-1079
-1299
-1525
-1411
-1024
-678
-605
-782
-856
-631
-236
131
200
184
90
214
504
845
1065
930
789
737
913
1003
934
816
726
670
557
391
243
109
-44
-220
-345
-476
-729
-979
-1116
-1050
-1020
-1147
-1350
-1452
-1381
-1285
-1217
-1145
-1128
-1051
-1015
-898
-824
-642
-329
-43
124
12
-117
-72
348
886
1149
1011
583
330
507
960
1323
1172
686
219
134
287
276
83
-253
-490
-691
-830
-958
-1116
-1237
-1345
-1309
-1292
-1374
-1475
-1459
-1192
-914
-785
-832
-822
-658
-396
-115
117
240
251
237
385
738
1007
1068
868
807
838
996
1065
1053
947
775
643
541
504
396
229
18
-156
-320
-469
-678
-815
-894
-905
-1003
-1154
-1295
-1339
-1307
-1310
-1271
-1207
-1039
-918
-867
-878
-779
-423
26
291
160
-55
-13
389
943
1272
1146
704
397
611
1129
1460
1293
795
396
324
461
459
248
-15
-223
-364
-544
-746
-957
-1116
-1150
-1172
-1180
-1358
-1484
-1417
-1083
-750
-720
-840
-892
-604
-185
143
314
213
182
248
542
926
1137
1150
853
710
750
984
1117
1062
962
787
644
479
415
427
317
142
-90
-252
-424
-660
-768
-815
-780
-945
-1135
-1236
-1158
-1108
-1215
-1273
-1177
-945
-830
-818
-715
-421
-65
96
-9
-66
44
487
929
1228
1097
696
496
776
1363
1630
1367
859
599
681
795
730
491
231
43
-155
-330
-534
-694
-833
-912
-947
-1014
-1188
-1299
-1203
-906
-727
-793
-895
-762
-380
-56
81
57
97
202
426
610
879
1026
1047
955
898
1017
1056
1126
1049
1009
889
688
520
475
534
464
210
-106
-361
-486
-583
-671
-739
-907
-1082
-1297
-1349
-1311
-1255
-1251
-1311
-1297
-1276
-1149
-998
-667
-354
-150
-291
-483
-435
-16
553
865
844
501
255
348
786
1204
1220
850
466
346
511
581
460
176
-35
-130
-235
-397
-655
-870
-962
-875
-861
-1024
-1282
-1371
-1238
-994
-796
-807
-901
-877
-657
-289
-71
-17
-125
-160
81
396
640
595
538
514
605
696
689
728
713
726
640
501
387
309
306
242
101
-69
-324
-491
-632
-671
-666
-809
-957
-1209
-1274
-1285
-1292
-1249
-1202
-1121
-1086
-1118
-882
-619
-247
-226
-397
-435
-298
247
596
730
479
174
191
482
946
1092
809
503
282
451
517
463
248
40
30
-48
-99
-375
-627
-810
-787
-660
-684
-866
-1024
-1038
-853
-695
-587
-562
-550
-417
-301
-102
-69
22
58
173
357
531
644
524
420
422
604
707
656
553
502
546
519
430
344
218
170
27
-58
-170
-303
-463
-646
-664
-761
-828
-968
-1004
-1031
-1080
-1087
-1012
-944
-899
-764
-416
-97
-148
-397
-501
-166
350
730
749
447
111
82
425
960
1144
835
332
119
342
510
470
177
-19
-67
-106
-197
-428
-549
-583
-556
-607
-752
-882
-927
-772
-530
-412
-496
-677
-609
-291
77
205
109
-24
-23
154
380
620
702
634
431
329
408
545
615
569
555
442
227
106
148
296
239
-32
-300
-461
-435
-499
-501
-596
-695
-913
-1145
-1137
-1035
-895
-943
-1051
-1084
-1071
-913
-555
-116
87
-282
-636
-635
18
709
1005
788
171
-130
64
675
1128
1027
568
73
-1
183
303
233
-62
-231
-369
-431
-484
-629
-702
-808
-751
-757
-808
-854
-901
-708
-562
-410
-382
-397
-269
-84
189
307
243
159
68
309
564
788
760
525
382
295
468
576
606
479
259
143
90
90
66
-27
-92
-231
-375
-553
-709
-729
-717
-743
-909
-1030
-1112
-1104
-1124
-1053
-954
-829
-865
-831
-546
-147
36
-198
-417
-361
151
644
864
624
233
18
261
709
994
816
434
156
161
244
217
116
-76
-188
-309
-427
-631
-779
-828
-799
-787
-913
-1083
-1148
-997
-733
-575
-610
-677
-583
-339
-116
39
84
57
25
152
382
579
625
567
491
439
456
481
518
506
481
346
176
75
85
101
-8
-204
-390
-516
-589
-693
-760
-857
-935
-1055
-1199
-1217
-1233
-1141
-1167
-1069
-1022
-941
-765
-487
-168
-190
-337
-412
-132
331
644
669
408
132
129
395
771
812
589
276
123
203
201
155
-28
-135
-207
-306
-348
-534
-697
-869
-862
-758
-784
-882
-996
-912
-763
-662
-607
-558
-400
-238
-107
0
38
113
140
282
480
570
572
464
495
524
535
451
314
391
443
432
212
-19
-107
-104
-19
-133
-310
-568
-740
-765
-764
-776
-982
-1207
-1268
-1203
-1057
-1073
-1156
-1150
-1089
-765
-414
-25
-96
-404
-526
-209
455
835
860
457
18
20
452
964
980
562
161
22
219
306
130
-165
-313
-278
-336
-495
-732
-896
-899
-806
-727
-862
-1099
-1179
-917
-537
-411
-649
-811
-623
-161
171
192
68
-56
63
254
534
654
619
473
318
426
550
556
391
236
300
290
195
-1
-79
-34
-135
-209
-373
-477
-651
-829
-829
-827
-809
-998
-1151
-1262
-1182
-1032
-946
-907
-921
-755
-434
-70
-10
-251
-393
-176
305
764
868
580
75
-13
409
992
1085
599
70
-84
137
323
225
-81
-316
-416
-483
-597
-704
-819
-864
-844
-794
-870
-1042
-1074
-835
-485
-388
-588
-727
-554
-108
234
292
106
3
59
251
517
671
657
464
321
385
501
489
340
279
310
199
-25
-224
-164
-106
-153
-411
-651
-819
-890
-915
-864
-880
-1042
-1293
-1445
-1367
-1188
-1051
-1061
-1119
-1095
-770
-334
-50
-226
-427
-352
59
513
781
692
314
55
271
759
1008
767
332
81
102
213
131
-77
-259
-328
-413
-588
-785
-965
-1099
-1058
-960
-981
-1158
-1279
-1112
-825
-636
-637
-675
-556
-295
-27
153
216
289
298
398
549
750
849
775
704
604
602
555
562
527
475
333
109
-76
-116
-71
-89
-281
-468
-641
-750
-835
-899
-894
-953
-1093
-1225
-1310
-1217
-1104
-1028
-1024
-1003
-709
-326
-21
-167
-376
-293
87
555
848
842
499
154
343
879
1221
969
457
211
284
477
369
83
-109
-142
-196
-489
-727
-833
-868
-873
-867
-861
-1094
-1270
-1146
-731
-446
-611
-825
-755
-357
61
180
187
144
255
295
438
684
900
893
650
534
581
675
604
545
518
434
191
-23
-50
43
13
-224
-470
-580
-637
-754
-861
-871
-867
-1039
-1220
-1314
-1097
-925
-938
-1019
-1038
-617
-134
44
-350
-621
-316
275
800
963
750
259
0
430
1125
1420
1009
370
133
274
544
443
144
-78
-174
-273
-505
-626
-769
-894
-877
-788
-746
-1001
-1187
-1062
-672
-333
-403
-577
-600
-275
110
296
372
282
254
298
589
927
1025
791
447
379
616
843
819
524
252
116
112
166
45
-119
-346
-439
-472
-521
-669
-904
-1010
-961
-863
-934
-1189
-1338
-1239
-938
-775
-806
-706
-334
-21
-130
-464
-421
-2
554
843
750
315
-81
117
762
1265
1070
455
28
84
357
380
88
-99
-95
-197
-554
-828
-768
-703
-701
-829
-937
-1120
-1213
-996
-605
-384
-551
-769
-666
-254
108
200
142
195
248
329
360
608
763
745
531
302
311
345
456
478
380
137
-176
-246
-135
-25
-171
-523
-744
-771
-643
-703
-807
-937
-992
-1071
-1129
-1069
-971
-887
-934
-902
-782
-334
79
107
-315
-543
-241
380
860
967
574
-9
-162
316
998
1124
662
58
-131
60
308
169
-182
-348
-272
-308
-610
-848
-927
-846
-784
-780
-893
-1103
-1068
-848
-433
-245
-374
-502
-421
-18
333
489
430
352
367
455
663
849
865
715
552
505
498
481
409
349
274
53
-139
-238
-227
-254
-366
-507
-625
-645
-734
-869
-980
-944
-861
-923
-1031
-1001
-816
-696
-680
-536
-95
255
143
-305
-335
93
690
1023
955
585
133
142
579
1058
1062
580
76
-70
138
302
97
-162
-262
-331
-560
-839
-895
-883
-771
-719
-831
-1046
-1258
-1044
-602
-187
-194
-479
-532
-279
162
439
499
532
464
470
460
727
974
1032
828
452
399
414
525
460
372
157
-157
-297
-285
-193
-279
-597
-822
-928
-820
-855
-956
-1074
-1140
-1110
-1143
-1093
-1022
-922
-846
-823
-575
-124
191
72
-341
-260
105
628
952
984
585
-11
34
607
1175
1062
420
-70
-176
73
156
-47
-205
-375
-536
-884
-968
-874
-891
-950
-1053
-1059
-1166
-1166
-952
-623
-379
-465
-585
-438
-30
347
370
349
378
521
606
644
808
917
970
757
558
475
508
574
509
415
147
-165
-288
-185
-8
-130
-463
-764
-860
-721
-708
-722
-818
-926
-1029
-1123
-961
-775
-625
-654
-763
-569
-129
264
153
-206
-142
178
607
823
846
574
74
55
474
983
922
405
5
-111
116
123
-145
-353
-410
-413
-675
-861
-907
-979
-925
-889
-840
-966
-1090
-905
-588
-260
-276
-379
-298
-10
337
472
464
437
418
540
627
733
772
700
581
351
333
373
402
297
130
-1
-227
-327
-321
-280
-295
-555
-822
-968
-885
-820
-919
-1037
-1114
-1041
-1031
-984
-895
-786
-730
-791
-557
-23
367
171
-358
-319
190
766
945
782
391
-23
92
533
896
754
248
-140
-270
-57
22
-224
-468
-592
-596
-861
-1034
-1038
-977
-879
-921
-1009
-1191
-1144
-747
-327
-130
-361
-491
-294
176
623
681
612
491
545
691
831
997
900
761
536
429
466
404
369
179
78
-110
-313
-369
-361
-298
-461
-710
-850
-898
-740
-762
-822
-922
-985
-924
-942
-771
-632
-545
-558
-657
-365
119
444
249
-167
-87
260
805
1038
931
459
-47
54
533
910
692
150
-183
-280
-122
-176
-384
-503
-603
-639
-867
-976
-1044
-1076
-887
-734
-712
-948
-1094
-854
-406
10
-15
-171
-149
104
492
667
760
694
594
595
714
925
876
788
578
457
372
273
133
7
37
-62
-295
-555
-647
-613
-642
-704
-823
-891
-915
-945
-898
-927
-869
-867
-852
-776
-685
-510
-518
-503
-194
297
581
221
-136
-55
428
970
1146
989
394
-47
88
636
1015
700
138
-272
-311
-166
-205
-340
-548
-691
-900
-1109
-1062
-1025
-976
-971
-923
-987
-1123
-1024
-644
-177
-14
-178
-293
-80
344
678
800
817
740
671
677
899
1107
1085
842
532
435
456
446
300
120
-19
-243
-441
-546
-544
-563
-698
-849
-1015
-1023
-1002
-974
-944
-951
-917
-975
-908
-731
-507
-387
-425
-420
-167
367
674
444
39
44
474
1037
1228
1050
470
62
180
652
952
672
139
-311
-384
-211
-202
-448
-644
-737
-850
-1106
-1227
-1217
-1089
-902
-817
-884
-1085
-1099
-750
-220
141
53
-140
-65
348
757
915
938
819
725
719
915
1109
1069
813
480
339
329
364
207
-33
-224
-430
-586
-686
-718
-800
-919
-1073
-1162
-1165
-1107
-1066
-1090
-1094
-1051
-981
-937
-798
-573
-413
-419
-409
-7
516
664
295
-21
159
685
1167
1211
878
341
93
322
776
904
513
-41
-357
-361
-257
-397
-587
-785
-936
-1138
-1338
-1361
-1375
-1261
-1173
-1152
-1216
-1249
-1080
-726
-344
-167
-221
-186
54
413
726
834
928
850
843
885
1060
1151
984
803
528
478
391
309
91
-136
-264
-438
-593
-740
-872
-995
-1136
-1177
-1260
-1290
-1264
-1222
-1193
-1250
-1191
-1155
-1005
-737
-461
-381
-459
-404
-11
499
708
380
37
120
610
1081
1131
790
228
-41
193
630
694
247
-251
-519
-530
-480
-580
-767
-1027
-1179
-1370
-1507
-1555
-1508
-1444
-1417
-1374
-1349
-1332
-1154
-800
-447
-296
-297
-162
93
436
641
796
836
857
790
809
935
1036
949
723
454
262
188
112
-12
-206
-410
-675
-874
-935
-967
-1035
-1179
-1344
-1473
-1477
-1336
-1231
-1258
-1335
-1362
-1240
-1051
-802
-602
-593
-568
-539
-39
483
733
349
-123
11
573
1095
1122
781
234
-70
154
615
698
270
-299
-551
-582
-488
-621
-884
-1079
-1202
-1362
-1605
-1647
-1565
-1466
-1435
-1440
-1424
-1435
-1245
-852
-437
-299
-338
-279
-14
365
614
744
800
801
755
753
916
1037
1020
758
440
238
156
130
8
-161
-434
-726
-915
-942
-938
-1101
-1329
-1481
-1499
-1427
-1348
-1371
-1421
-1391
-1287
-1145
-1023
-821
-630
-550
-486
-318
163
625
670
240
-14
282
857
1250
1233
835
265
35
366
816
798
315
-194
-447
-466
-420
-585
-839
-1038
-1117
-1346
-1531
-1577
-1493
-1420
-1366
-1311
-1343
-1347
-1125
-663
-275
-165
-203
-33
271
608
793
955
1054
1082
1029
1008
1130
1248
1197
976
680
508
421
296
154
-30
-239
-582
-777
-809
-806
-964
-1179
-1345
-1379
-1354
-1264
-1288
-1300
-1267
-1224
-1141
-1019
-730
-514
-401
-378
-314
89
604
877
558
148
281
746
1248
1336
1094
490
79
246
719
867
480
-62
-410
-513
-404
-437
-727
-1071
-1247
-1299
-1405
-1439
-1434
-1479
-1512
-1447
-1290
-1230
-1086
-832
-526
-312
-222
-71
161
483
685
845
922
973
989
1017
1107
1174
1185
960
652
391
271
224
138
-31
-336
-660
-886
-940
-902
-972
-1141
-1396
-1512
-1433
-1291
-1215
-1340
-1355
-1307
-1134
-950
-768
-610
-549
-458
-349
52
608
878
528
31
56
601
1179
1343
1090
514
26
67
550
846
588
27
-406
-549
-438
-410
-637
-913
-1067
-1157
-1313
-1397
-1354
-1304
-1313
-1270
-1208
-1179
-1050
-730
-374
-203
-166
-124
100
410
704
902
957
891
779
817
989
1123
1089
883
645
437
299
191
78
-45
-253
-509
-702
-785
-836
-984
-1119
-1203
-1252
-1271
-1258
-1229
-1264
-1268
-1201
-1078
-944
-827
-686
-603
-547
-473
-250
240
696
722
246
-77
167
742
1125
1137
748
183
-114
160
615
690
255
-277
-546
-552
-445
-547
-808
-1042
-1113
-1171
-1302
-1339
-1303
-1287
-1248
-1194
-1094
-1006
-841
-565
-306
-147
-63
99
338
530
744
834
856
808
811
837
836
896
892
732
394
131
64
89
67
-142
-453
-712
-812
-770
-776
-877
-1060
-1241
-1215
-1046
-948
-1035
-1148
-1067
-908
-777
-736
-699
-562
-421
-343
-329
-158
292
669
586
98
-119
195
725
1056
960
515
-45
-244
143
579
568
26
-489
-667
-568
-483
-694
-946
-985
-883
-1035
-1360
-1427
-1238
-1014
-914
-891
-924
-974
-772
-352
42
138
66
109
319
633
803
755
645
662
772
739
669
623
548
387
199
119
36
-97
-274
-411
-463
-590
-713
-864
-933
-928
-971
-997
-1024
-970
-1007
-1052
-955
-798
-697
-787
-853
-734
-483
-302
-319
-380
-308
23
490
587
156
-279
-150
418
805
826
433
-161
-450
-124
492
538
10
-505
-675
-582
-531
-623
-828
-921
-864
-950
-1170
-1236
-1106
-1003
-971
-851
-711
-664
-631
-421
-112
72
107
133
288
462
529
530
588
686
646
499
352
371
461
392
182
-28
-116
-223
-343
-379
-389
-446
-644
-769
-780
-752
-732
-758
-736
-725
-738
-765
-761
-616
-568
-619
-714
-670
-477
-413
-342
-354
-389
-346
-80
337
338
-83
-446
-279
197
485
491
168
-307
-550
-319
186
292
-25
-427
-628
-612
-539
-503
-588
-612
-542
-624
-866
-973
-836
-647
-471
-331
-378
-608
-673
-318
192
417
224
7
35
276
518
565
470
289
245
244
239
240
192
118
-79
-178
-208
-231
-282
-356
-285
-284
-411
-579
-555
-340
-241
-299
-430
-446
-399
-360
-322
-298
-330
-485
-640
-653
-512
-371
-434
-598
-620
-514
-404
-254
-23
7
-427
-823
-644
-71
336
304
-63
-565
-727
-344
151
232
-74
-330
-430
-400
-291
-214
-263
-305
-278
-371
-556
-599
-431
-244
-169
-221
-346
-455
-368
-67
158
63
-152
-139
58
199
182
82
31
-3
1
-38
-94
-112
-142
-114
-154
-198
-286
-387
-350
-205
-44
-89
-227
-245
-169
-17
39
65
47
-29
-54
-84
-29
-50
-172
-354
-503
-527
-558
-550
-508
-523
-688
-973
-1032
-684
-157
-8
-524
-1124
-1149
-585
24
267
111
-331
-744
-660
-58
470
408
17
-196
-121
14
12
-17
45
221
240
0
-286
-385
-234
-46
26
-78
-363
-633
-596
-246
16
-127
-450
-568
-435
-285
-223
-235
-292
-375
-430
-409
-338
-225
-151
-187
-268
-274
-185
-53
47
131
154
163
211
322
380
295
229
242
267
178
22
-95
-199
-299
-444
-616
-782
-901
-936
-1017
-1115
-1179
-1232
-1334
-1390
-1137
-699
-529
-861
-1366
-1370
-775
-151
111
43
-201
-521
-537
0
671
853
512
172
121
286
447
472
414
381
341
135
-188
-383
-380
-318
-278
-324
-512
-839
-1044
-960
-655
-464
-606
-856
-964
-851
-681
-560
-519
-597
-627
-510
-301
-137
-112
-111
-72
80
296
427
420
411
565
699
682
633
610
566
426
341
334
251
73
-208
-423
-521
-592
-722
-972
-1228
-1380
-1458
-1496
-1513
-1502
-1547
-1624
-1592
-1338
-903
-712
-1010
-1370
-1143
-358
244
364
234
7
-102
189
858
1276
1109
759
656
724
714
648
566
467
384
230
-98
-461
-611
-548
-586
-774
-1006
-1261
-1409
-1348
-1090
-988
-1192
-1367
-1286
-1051
-875
-754
-624
-563
-490
-356
-128
85
234
338
389
470
662
840
873
815
815
892
886
770
665
635
530
308
91
-19
-81
-223
-472
-738
-960
-1095
-1200
-1328
-1497
-1670
-1766
-1770
-1758
-1722
-1703
-1691
-1668
-1465
-987
-488
-451
-856
-989
-441
392
860
819
583
360
418
893
1402
1491
1093
746
707
747
682
454
249
125
15
-244
-713
-1088
-1179
-1105
-1118
-1298
-1563
-1749
-1754
-1539
-1323
-1316
-1474
-1437
-1103
-745
-582
-491
-358
-192
-11
227
497
652
721
785
905
1008
1044
1039
1033
1016
979
897
728
531
428
367
177
-119
-328
-453
-616
-831
-1017
-1183
-1425
-1584
-1593
-1592
-1741
-1899
-1920
-1861
-1776
-1609
-1417
-1318
-1318
-1309
-1079
-558
7
186
-121
-408
-142
563
1147
1283
998
499
215
517
1129
1332
923
371
90
-6
-131
-280
-372
-439
-615
-949
-1364
-1708
-1770
-1614
-1424
-1400
-1680
-2034
-2151
-1782
-1177
-825
-889
-1054
-959
-641
-292
2
246
346
344
387
576
788
899
880
825
797
795
737
577
467
485
500
349
43
-274
-468
-550
-566
-616
-798
-1099
-1397
-1519
-1459
-1375
-1396
-1541
-1624
-1605
-1515
-1443
-1378
-1254
-1139
-1094
-1069
-968
-794
-662
-572
-308
86
242
-24
-322
-107
468
820
760
502
204
-71
-5
417
684
375
-189
-480
-465
-392
-439
-589
-793
-1014
-1157
-1223
-1256
-1287
-1307
-1338
-1366
-1371
-1290
-1140
-948
-772
-643
-565
-463
-314
-131
61
174
238
288
394
495
537
543
572
573
528
454
416
401
341
222
65
-47
-114
-155
-262
-382
-504
-648
-825
-898
-790
-692
-760
-933
-1076
-1074
-948
-784
-703
-758
-842
-891
-872
-854
-813
-778
-796
-803
-773
-755
-814
-836
-621
-257
-158
-480
-827
-741
-308
97
211
59
-225
-421
-274
136
406
301
15
-165
-188
-175
-200
-203
-202
-273
-463
-653
-699
-682
-721
-779
-816
-867
-946
-971
-841
-687
-663
-748
-725
-577
-450
-403
-287
-69
27
-91
-152
38
292
381
284
126
22
103
323
479
426
235
85
-17
11
175
327
284
34
-171
-238
-192
-116
-118
-195
-333
-528
-714
-767
-643
-512
-569
-827
-1087
-1240
-1295
-1293
-1307
-1340
-1335
-1335
-1387
-1444
-1404
-1172
-871
-663
-677
-794
-764
-463
-68
173
234
201
144
204
443
729
772
582
465
527
574
387
127
48
108
-10
-348
-654
-786
-819
-915
-1052
-1171
-1323
-1459
-1463
-1314
-1186
-1174
-1208
-1160
-993
-834
-719
-618
-457
-281
-168
-53
106
262
375
439
538
650
712
732
767
797
740
640
556
509
449
335
213
73
-105
-274
-435
-560
-617
-647
-742
-972
-1197
-1271
-1184
-1099
-1160
-1266
-1354
-1369
-1354
-1313
-1228
-1178
-1185
-1156
-1035
-857
-789
-750
-662
-540
-369
-181
-28
-26
-94
-140
-58
129
271
272
128
-4
-17
28
60
26
-72
-198
-296
-368
-470
-641
-795
-861
-875
-974
-1148
-1290
-1285
-1178
-1124
-1120
-1115
-1038
-891
-670
-508
-471
-481
-395
-206
-31
130
273
352
306
260
314
450
536
499
424
382
342
226
89
43
69
43
-115
-314
-398
-357
-321
-431
-587
-645
-600
-580
-620
-616
-614
-644
-661
-594
-506
-457
-414
-319
-219
-205
-236
-217
-122
-12
66
60
-23
-105
-100
-51
-58
-154
-267
-343
-398
-479
-558
-627
-696
-802
-917
-966
-976
-1020
-1083
-1108
-1092
-1074
-1097
-1086
-1050
-992
-903
-803
-723
-694
-649
-551
-421
-308
-239
-188
-107
6
121
193
216
259
274
257
238
257
286
241
165
86
17
-37
-122
-226
-314
-352
-356
-457
-617
-702
-660
-595
-587
-603
-638
-647
-615
-547
-431
-334
-295
-321
-316
-190
-32
70
58
15
23
81
149
169
162
141
139
129
108
99
60
3
-35
-26
-63
-187
-323
-387
-393
-421
-517
-619
-697
-712
-722
-746
-745
-754
-804
-851
-883
-881
-832
-810
-839
-870
-836
-789
-825
-888
-883
-818
-780
-789
-773
-724
-669
-647
-661
-663
-597
-535
-516
-538
-570
-537
-465
-432
-454
-486
-498
-479
-451
-426
-412
-408
-401
-351
-279
-236
-248
-259
-197
-95
-4
0
-40
-61
-23
52
64
-1
-39
-58
-70
-78
-86
-83
-121
-210
-283
-265
-226
-237
-319
-386
-385
-369
-396
-424
-406
-376
-359
-373
-400
-382
-304
-232
-206
-219
-222
-199
-179
-125
-32
46
44
0
-51
-63
-62
-61
-75
-142
-245
-294
-308
-364
-444
-497
-527
-582
-657
-711
-743
-758
-761
-778
-822
-865
-872
-857
-816
-787
-770
-760
-759
-737
-668
-596
-572
-584
-605
-533
-433
-382
-371
-346
-288
-237
-204
-205
-221
-205
-165
-131
-130
-160
-212
-285
-328
-292
-243
-261
-347
-382
-365
-348
-339
-324
-302
-300
-321
-335
-328
-277
-208
-138
-111
-134
-146
-123
-65
2
61
102
132
125
91
78
112
119
102
66
17
-34
-60
-47
-40
-72
-134
-187
-244
-305
-333
-321
-273
-292
-391
-437
-383
-303
-284
-302
-303
-251
-213
-236
-272
-227
-151
-116
-129
-137
-120
-98
-89
-60
-36
-28
-11
-18
-83
-173
-191
-138
-116
-201
-311
-379
-397
-406
-420
-473
-519
-537
-556
-566
-548
-529
-549
-581
-592
-561
-511
-484
-454
-399
-363
-363
-361
-324
-265
-212
-204
-186
-137
-103
-115
-143
-129
-107
-117
-155
-197
-194
-156
-147
-183
-221
-236
-243
-277
-314
-295
-264
-265
-311
-316
-268
-213
-153
-128
-153
-185
-163
-77
12
54
39
14
24
49
104
143
155
100
64
83
109
111
67
-7
-65
-83
-96
-141
-192
-211
-210
-218
-285
-341
-377
-374
-338
-305
-323
-388
-450
-435
-363
-338
-355
-403
-401
-368
-333
-317
-318
-302
-277
-278
-307
-308
-269
-228
-241
-264
-265
-246
-232
-261
-270
-284
-304
-346
-387
-405
-442
-488
-509
-507
-526
-575
-595
-585
-537
-515
-530
-543
-529
-491
-461
-420
-365
-316
-283
-229
-157
-97
-30
44
95
128
131
159
191
219
216
195
151
121
125
125
104
27
-71
-158
-156
-122
-130
-171
-242
-281
-262
-216
-191
-212
-207
-152
-74
-42
-41
-29
43
162
206
147
81
98
147
153
124
102
104
89
35
-18
-19
-13
-46
-99
-122
-162
-201
-230
-233
-227
-255
-324
-401
-434
-426
-391
-396
-429
-438
-432
-442
-458
-430
-370
-331
-319
-291
-232
-186
-177
-177
-118
-10
40
15
-27
-8
70
126
135
91
43
32
49
52
33
-4
-28
-36
-57
-88
-120
-168
-218
-248
-242
-233
-275
-335
-358
-302
-231
-216
-237
-220
-150
-76
-29
-4
20
72
124
166
175
167
186
212
258
277
246
172
135
171
220
208
124
54
45
60
53
22
-40
-92
-123
-112
-90
-120
-180
-233
-248
-232
-219
-229
-227
-199
-177
-159
-160
-168
-149
-108
-69
-61
-46
-38
-9
37
67
92
59
9
-1
20
50
19
-33
-79
-98
-131
-153
-174
-200
-218
-248
-262
-264
-257
-237
-206
-203
-211
-204
-179
-122
-89
-68
-49
-34
-6
6
28
57
90
87
63
53
48
50
43
36
-2
-40
-55
-70
-80
-54
-56
-110
-145
-132
-87
-68
-47
-48
-77
-96
-84
-51
-23
-18
-27
-44
-52
-36
-18
-5
24
35
19
10
9
18
20
1
-9
-33
-52
-64
-85
-92
-113
-126
-128
-121
-117
-136
-161
-158
-155
-158
-160
-173
-161
-157
-182
-183
-137
-97
-82
-105
-107
-93
-50
-4
27
57
81
103
120
134
169
192
166
164
165
173
170
142
102
67
57
37
-12
-47
-47
-35
-62
-108
-155
-161
-130
-114
-112
-101
-49
-25
-7
39
105
156
164
172
218
309
382
394
399
426
466
489
499
500
492
501
487
454
441
430
385
327
306
285
252
172
94
60
38
-5
-70
-122
-143
-158
-185
-186
-161
-162
-193
-191
-134
-58
2
39
88
146
193
211
218
249
309
377
404
400
391
387
382
369
363
345
320
276
216
184
197
194
146
86
47
35
25
-7
-37
-49
-49
-47
-52
-82
-101
-76
-50
-45
-19
-8
7
40
95
170
220
249
302
357
409
441
472
531
585
587
529
506
510
519
496
483
463
408
345
338
351
337
285
227
200
170
159
152
163
176
173
150
137
135
142
168
208
245
298
334
362
385
401
433
459
481
470
462
445
462
495
501
472
401
319
285
290
293
278
206
140
76
39
39
31
22
37
35
10
-13
14
62
91
108
120
135
150
166
181
200
213
220
213
195
166
192
218
232
236
217
208
187
173
168
168
170
172
142
104
89
100
111
110
117
107
126
136
122
127
152
186
196
198
193
204
222
258
298
331
366
379
389
404
411
420
425
432
421
422
401
370
352
355
372
347
280
209
198
204
180
143
113
103
108
87
50
24
46
71
78
91
109
131
149
180
206
256
289
290
301
329
371
407
386
366
365
377
367
330
289
265
249
204
178
136
93
45
16
2
-8
-35
-76
-114
-120
-103
-96
-79
-64
-51
-32
-12
30
63
89
128
173
223
264
297
335
396
445
480
475
472
477
495
502
469
432
396
381
383
366
310
246
224
215
195
144
100
69
41
28
13
11
6
7
6
20
40
69
118
147
179
195
229
264
315
372
426
453
447
451
475
500
561
579
545
511
497
489
488
477
427
394
352
310
269
244
216
159
104
53
15
-7
-6
-3
-19
-31
-33
-1
40
82
144
150
165
183
224
262
293
340
370
389
385
378
380
395
396
411
410
396
379
345
328
324
305
267
228
198
199
191
186
170
164
151
127
129
125
126
127
133
147
169
191
193
191
192
213
248
270
290
300
309
342
371
396
403
399
398
390
407
422
437
430
434
428
421
390
335
297
267
272
242
221
196
155
130
121
117
110
98
70
56
80
97
128
140
158
184
197
202
190
197
211
238
242
230
229
243
244
225
215
210
229
225
208
207
192
188
174
141
128
118
108
92
100
115
114
97
81
97
109
109
115
111
118
126
136
157
170
183
168
163
181
200
205
173
140
139
154
154
125
93
117
127
120
107
91
89
88
91
85
91
98
72
54
90
121
132
109
81
89
126
158
170
172
183
214
233
237
236
245
236
211
192
182
193
188
178
158
132
107
80
55
43
33
27
-6
-23
-27
-34
-29
-15
1
23
33
16
30
56
82
86
87
77
80
105
116
126
144
174
176
161
162
189
192
196
200
202
226
221
208
189
170
143
122
112
92
81
75
76
66
49
31
21
34
36
27
15
7
14
38
59
66
84
99
123
144
159
189
219
240
258
278
286
297
309
319
307
306
294
283
269
251
234
234
223
204
190
163
129
110
94
107
120
134
139
127
163
190
215
213
183
184
184
207
235
244
243
234
239
238
246
257
264
254
255
258
249
251
246
240
232
211
189
157
143
126
117
116
109
111
105
85
71
58
76
89
98
74
52
42
39
66
64
76
80
86
106
128
130
130
158
177
187
190
170
173
183
192
194
172
134
115
99
93
107
107
88
68
44
50
66
76
78
60
54
58
65
79
65
48
47
46
40
50
71
86
91
98
109
123
133
149
177
197
194
156
112
89
108
128
134
127
123
126
127
105
69
56
61
69
72
68
56
49
47
57
66
69
42
23
27
49
77
82
76
69
78
84
100
112
110
115
115
117
117
126
115
85
65
50
55
33
27
23
18
23
15
11
-21
-50
-61
-67
-67
-72
-62
-39
-42
-44
-71
-75
-60
-44
-8
22
34
32
27
20
26
19
16
35
61
72
79
74
83
93
92
85
64
63
82
91
102
108
119
127
122
122
113
111
110
102
116
116
121
119
108
95
94
96
97
114
116
122
126
131
126
132
136
131
144
149
150
139
130
136
142
143
149
154
163
170
172
166
149
140
136
141
127
116
110
103
79
57
32
18
-1
2
-3
-20
-37
-55
-64
-63
-59
-56
-52
-56
-41
-39
-13
-5
-3
15
33
42
41
36
45
54
78
100
110
128
143
145
140
134
128
135
137
132
136
114
98
99
107
119
114
92
85
67
63
81
81
71
58
69
70
67
55
66
59
42
23
23
43
47
52
37
51
53
53
52
59
72
88
87
69
78
82
87
96
109
105
120
121
122
111
113
110
93
97
87
92
83
62
29
9
-14
-39
-55
-62
-64
-67
-77
-67
-65
-71
-74
-79
-77
-65
-48
-35
-8
11
13
13
21
50
66
65
72
96
99
94
108
98
93
94
96
102
104
103
96
89
86
79
81
86
75
50
43
44
55
70
76
71
55
45
41
43
46
48
52
52
56
55
39
51
71
81
86
75
81
104
106
107
100
96
101
125
124
116
112
108
117
119
115
130
127
111
110
108
114
117
122
122
100
72
50
37
26
9
-15
-24
-17
-1
7
0
-13
-12
13
17
18
15
7
10
14
29
20
38
70
74
73
86
98
112
129
125
112
91
88
92
105
127
131
128
124
126
134
138
143
127
126
131
127
131
137
164
173
167
167
162
155
168
197
199
209
219
231
231
226
216
216
223
208
204
191
192
187
186
173
150
145
129
128
136
163
179
178
178
178
190
174
186
195
206
227
234
244
248
236
227
217
213
215
211
220
215
236
235
218
180
140
139
154
170
181
181
166
180
184
172
161
139
142
143
143
140
153
148
144
147
142
143
146
155
162
177
170
167
162
160
150
139
131
118
128
135
149
154
142
147
155
138
125
127
139
150
163
159
149
133
97
96
94
98
101
98
78
66
66
69
75
72
52
54
61
75
78
63
50
57
63
58
55
61
75
72
60
64
75
81
80
64
72
83
80
78
86
90
94
76
76
73
76
80
61
35
9
10
16
13
4
-4
-9
-14
-9
-5
-1
-3
-11
-18
-19
-8
-1
4
-2
7
28
26
23
24
25
28
29
34
19
25
31
34
36
40
31
16
11
9
10
19
18
26
20
8
4
-12
-4
18
32
30
24
17
14
11
19
31
34
38
34
48
52
65
56
72
68
74
88
91
105
113
116
117
120
109
122
118
117
119
103
89
92
97
100
96
83
66
55
58
71
80
74
55
26
17
17
21
35
39
31
16
21
17
28
31
49
60
66
70
51
42
25
27
12
4
20
20
19
31
54
47
34
31
28
38
19
0
-10
-9
4
15
13
-22
-59
-77
-66
-32
-2
18
21
4
-9
-2
18
49
60
43
10
-3
17
19
27
22
-18
-47
-69
-60
-37
-22
-19
-8
-2
4
0
6
31
59
80
76
81
81
79
92
120
132
128
136
168
186
190
185
180
176
172
162
164
155
143
143
141
142
137
137
114
96
101
93
113
133
131
136
141
118
123
131
148
160
145
143
129
128
122
125
109
81
53
47
56
78
86
71
64
47
55
58
55
55
59
61
75
79
55
46
41
42
42
52
57
58
52
46
37
29
14
-3
-10
-8
-11
-4
2
3
3
13
22
13
9
6
11
29
52
64
65
49
31
33
23
30
26
23
20
9
17
25
34
21
14
-3
-2
20
24
22
25
25
13
3
2
11
23
27
15
8
5
9
3
0
-2
-10
-10
0
6
5
3
-21
-21
-25
-27
1
1
-9
-1
6
4
-8
-22
-40
-67
-53
-65
-74
-89
-85
-90
-97
-83
-94
-90
-89
-79
-72
-63
-62
-61
-45
-52
-66
-80
-68
-56
-33
-32
-24
-25
-41
-35
-47
-59
-74
-77
-86
-84
-86
-82
-69
-55
-62
-67
-65
-65
-67
-71
-77
-72
-65
-69
-80
-83
-64
-52
-10
-2
-10
-22
-12
-2
17
29
31
38
29
15
29
58
72
84
68
62
54
65
79
92
96
85
97
83
82
79
84
87
81
74
78
63
54
57
57
69
73
77
76
65
65
70
75
82
93
87
75
64
69
80
89
95
100
96
109
114
101
119
107
117
112
115
112
108
110
96
84
62
56
26
28
24
5
6
8
-7
-10
-1
-1
7
16
30
48
50
36
37
52
54
57
69
71
76
70
75
83
84
83
99
100
85
76
68
77
79
92
79
72
73
78
94
99
84
84
75
81
84
85
96
91
95
80
75
107
131
151
165
149
141
127
131
135
121
136
129
116
115
110
98
87
90
104
107
106
90
67
67
74
75
65
57
62
61
70
84
98
109
118
127
129
122
119
121
119
124
135
153
149
148
150
149
135
122
107
112
119
128
120
119
127
110
120
111
118
128
134
140
138
128
110
99
100
94
95
90
65
62
54
55
34
46
57
52
56
68
76
88
109
109
135
140
155
162
151
165
164
162
172
186
199
189
179
164
154
148
136
126
115
131
131
139
125
110
101
97
111
106
85
92
97
104
109
99
87
72
69
87
99
103
106
115
129
123
130
137
148
163
169
174
156
145
137
133
149
163
163
176
179
175
188
191
198
203
200
194
187
186
197
194
198
194
185
181
159
167
179
172
173
158
165
180
187
197
185
177
161
144
144
145
150
148
145
147
152
149
150
153
172
179
192
187
187
177
168
183
191
197
205
211
204
196
197
196
192
198
199
204
192
201
194
194
188
181
190
189
169
162
162
157
164
157
151
145
130
129
138
147
145
147
148
151
162
167
173
185
186
184
195
202
198
195
185
178
174
181
185
179
181
185
191
188
180
180
180
175
164
144
140
145
145
145
134
134
111
104
93
82
83
68
66
61
60
58
58
62
61
63
70
81
80
70
68
62
69
73
84
88
91
109
102
85
71
71
64
63
79
76
82
72
65
44
33
33
30
46
56
36
20
24
27
40
28
35
43
42
47
43
27
26
37
39
37
37
57
50
68
82
77
83
72
69
55
42
26
24
14
37
50
53
33
-9
-59
-68
-44
-28
3
-19
-35
-60
-55
-22
-5
18
16
-2
-14
-8
-4
7
4
3
-30
-51
-53
-52
-49
-66
-74
-72
-75
-70
-69
-65
-45
-37
-24
-17
-9
-8
-18
-14
-7
6
24
34
53
56
32
23
8
-3
11
25
31
31
25
8
15
21
28
28
15
3
-3
9
22
32
26
13
-1
2
2
-5
2
0
-4
-20
-17
-21
-12
-21
-51
-65
-78
-73
-53
-45
-56
-64
-77
-84
-79
-87
-66
-58
-51
-36
-39
-26
-32
-35
-33
-30
-31
-18
-18
1
14
0
-11
-32
-42
-51
-49
-64
-60
-46
-60
-56
-49
-55
-60
-61
-71
-75
-83
-81
-65
-56
-74
-84
-94
-97
-88
-86
-82
-95
-89
64
205
153
45
-47
-47
-26
39
143
130
9
-115
-109
-35
-6
1
20
59
11
-71
-130
-147
-97
-51
15
35
9
-54
-58
-13
-6
2
-4
55
112
69
26
-12
-18
-13
46
162
147
69
8
-14
-31
-56
-26
74
169
118
4
-31
-59
-110
-139
-49
128
176
50
-64
-86
-31
-37
-66
10
87
46
9
7
9
-29
-138
-128
15
171
145
6
-117
-121
-41
-42
-40
-16
6
-17
-67
-91
-96
-125
-152
-124
-27
47
2
-94
-127
-126
-83
-34
-11
11
12
-7
-37
-28
-11
-16
-25
5
73
84
-2
-75
-76
-49
-32
-26
4
28
17
-18
-35
-40
-47
-23
36
80
64
-4
-61
-90
-68
-50
-53
-30
-22
-27
-78
-129
-127
-96
-44
-9
16
23
16
-4
-46
-41
11
60
65
51
48
38
24
-13
-25
25
58
57
39
33
34
-4
-60
-66
-31
8
33
27
17
-5
-46
-69
-47
-16
2
-1
-6
-13
-38
-70
-88
-93
-72
-61
-54
-41
-43
-78
-120
-131
-93
-32
-3
-4
-21
-34
-38
-38
-26
1
4
4
4
0
-6
-42
-64
-76
-58
-23
-41
-72
-87
-72
-63
-83
-112
-85
-29
-8
-16
-45
-69
-108
-112
-62
-13
6
-17
-76
-109
-121
-132
-119
-79
-36
-4
-24
-76
-108
-107
-85
-72
-39
4
27
9
-16
-23
-13
-7
6
24
42
42
23
-6
-5
4
7
39
40
29
19
27
15
-9
-16
-15
-5
9
14
15
26
10
-21
-21
1
32
43
63
81
80
75
45
38
47
44
30
15
36
34
1
-9
-3
-7
-13
-4
5
10
15
31
42
49
41
55
82
98
100
84
86
78
64
62
68
82
98
89
72
65
55
44
40
58
87
80
57
44
49
62
58
60
68
99
114
103
84
70
70
76
89
109
109
107
104
104
99
76
69
63
74
99
106
92
67
32
15
-2
-12
-15
5
28
20
-12
-33
-38
-27
-10
-16
-30
-20
-25
-42
-40
-36
-37
-52
-64
-61
-59
-56
-75
-87
-79
-78
-71
-66
-64
-81
-94
-100
-116
-114
-123
-121
-116
-105
-100
-103
-129
-162
-152
-115
-81
-79
-91
-106
-127
-139
-119
-92
-79
-66
-66
-56
-55
-77
-80
-85
-82
-67
-76
-80
-80
-92
-105
-124
-133
-150
-134
-114
-106
-109
-104
-115
-147
-152
-140
-115
-84
-84
-102
-84
-74
-85
-103
-110
-92
-79
-60
-41
-48
-75
-89
-82
-71
-53
-52
-63
-70
-70
-76
-91
-124
-122
-102
-69
-61
-63
-69
-77
-61
-50
-20
5
17
5
-11
-19
0
9
5
-7
-15
-12
-4
-8
-23
-23
-17
-9
4
25
27
27
20
2
22
31
54
57
37
20
24
43
43
47
46
61
65
70
65
52
46
58
57
31
18
22
10
-8
-1
6
-14
-26
-27
-18
-7
-5
-16
-25
-6
14
21
10
2
0
13
15
16
10
24
50
55
40
24
26
39
67
60
39
36
20
28
40
44
34
2
-29
-29
8
56
35
11
-1
3
18
43
86
103
123
91
55
54
57
58
56
45
39
48
16
6
18
43
76
53
11
3
13
23
27
47
63
48
23
2
6
13
35
57
72
68
46
18
41
66
93
89
78
71
61
72
94
96
75
70
72
91
88
88
82
76
97
106
105
118
104
97
91
81
91
100
108
98
86
81
85
77
52
45
58
80
88
85
85
88
90
74
65
62
80
99
105
99
87
77
87
114
128
122
120
118
112
109
119
110
78
64
77
108
112
85
63
58
69
58
31
25
20
26
32
38
51
58
52
40
53
64
51
44
24
22
35
60
69
66
60
50
70
73
71
78
81
95
95
95
96
104
102
92
110
114
112
110
114
120
135
122
106
125
149
173
168
156
149
136
117
110
108
133
140
134
142
124
113
86
80
91
91
109
102
72
57
53
57
68
69
82
88
93
100
83
91
100
101
113
123
128
131
127
139
150
147
158
163
170
157
160
160
163
160
138
146
140
141
155
159
163
142
130
128
128
133
144
168
177
173
172
154
139
138
147
165
167
178
173
169
188
218
241
236
233
242
246
264
272
260
268
276
276
276
255
252
259
264
272
273
267
258
255
244
238
231
226
211
190
175
168
161
176
171
170
178
175
175
178
175
187
189
171
179
182
188
203
201
204
210
212
199
212
220
215
226
224
239
243
251
260
257
257
256
248
242
239
220
200
198
202
215
210
217
216
207
205
208
202
212
212
208
228
244
259
249
246
237
239
240
249
272
272
284
260
236
226
239
241
223
205
193
196
203
220
218
198
162
146
164
162
169
178
161
157
155
157
180
218
233
220
194
172
149
146
146
158
169
171
170
153
147
153
166
175
178
179
162
161
149
154
164
178
195
188
184
174
165
181
205
221
228
247
240
226
224
225
241
257
260
250
246
248
252
245
222
201
188
193
214
220
218
215
198
180
180
201
200
209
233
248
246
238
219
214
214
205
206
184
162
150
146
135
148
144
140
129
109
107
108
127
147
152
177
187
180
176
177
197
201
207
210
222
230
211
206
211
215
195
185
189
187
196
180
179
185
176
170
169
169
188
190
186
204
224
240
220
206
212
224
222
218
221
223
234
247
237
241
256
254
254
256
269
271
256
241
229
225
223
221
235
243
254
268
273
269
273
276
260
257
254
272
294
293
288
280
262
249
232
239
249
240
250
252
265
275
271
270
268
272
279
297
304
320
321
312
304
297
306
297
294
302
306
310
305
297
276
278
277
290
310
322
329
324
321
318
322
312
303
313
326
331
314
312
315
309
295
286
269
269
289
298
315
323
326
317
309
299
307
316
330
335
324
335
327
317
307
292
298
307
322
325
326
322
324
321
324
314
309
319
324
327
326
324
328
335
341
348
357
371
372
363
358
350
336
339
332
322
330
317
302
299
300
314
322
316
315
321
320
325
337
357
360
363
360
364
376
379
386
400
410
421
420
404
402
405
410
416
418
407
395
377
357
367
381
350
315
295
286
285
278
276
268
275
279
293
298
299
296
287
312
327
330
323
316
332
328
337
332
319
328
350
350
358
355
329
316
334
355
352
339
308
294
297
309
310
292
271
252
254
276
295
283
270
272
294
324
340
350
344
343
336
337
338
351
343
335
324
311
306
275
281
283
281
271
261
271
266
269
279
288
293
283
278
292
300
301
313
350
377
388
387
365
371
384
394
404
393
380
354
352
358
377
385
377
355
356
374
386
400
400
404
408
414
429
434
417
421
430
433
448
453
453
440
427
430
426
426
425
419
427
420
422
408
411
422
419
421
421
438
455
482
488
479
473
468
477
489
480
490
487
496
487
484
490
465
461
456
453
473
484
487
494
496
472
456
453
437
439
436
436
436
430
438
435
431
417
398
392
389
401
409
430
446
436
431
417
435
442
451
467
481
492
495
497
485
475
467
482
492
490
495
486
472
466
477
486
496
493
487
489
492
485
464
442
433
420
404
406
414
420
418
410
400
389
383
397
399
403
414
412
406
403
398
408
434
453
461
471
481
495
514
522
521
518
498
482
489
491
496
525
516
515
513
489
478
479
491
500
493
492
504
513
500
490
481
479
488
474
473
470
448
446
440
430
430
437
439
429
425
418
420
425
422
421
409
399
398
385
367
365
380
377
367
380
377
368
358
354
352
362
358
353
349
352
355
352
344
339
341
334
339
346
334
315
303
304
304
318
306
295
297
297
303
296
302
312
309
308
312
297
284
286
286
284
295
305
311
306
310
309
304
305
306
315
310
312
312
287
270
273
276
271
270
260
260
255
244
240
224
218
214
223
248
269
266
275
271
273
280
273
278
268
273
264
285
306
304
303
313
330
336
333
328
332
330
337
328
320
316
321
338
314
297
268
264
253
259
271
263
270
258
255
264
283
311
329
330
317
302
290
285
286
289
284
297
314
308
297
282
276
284
285
286
289
295
273
260
267
263
251
245
227
230
247
268
284
306
322
323
312
312
313
325
352
342
341
357
363
355
332
313
312
304
303
291
297
315
317
317
328
327
314
314
322
341
351
354
348
345
332
323
327
319
332
339
331
339
339
332
317
317
318
318
321
311
307
318
316
333
342
337
335
328
340
333
349
355
362
372
383
379
380
363
347
341
329
323
313
329
332
319
309
296
286
287
294
291
293
302
321
324
317
318
312
324
330
330
328
325
316
316
320
312
310
309
303
296
306
310
294
288
281
280
288
284
280
279
283
284
283
287
293
289
274
265
262
265
274
270
271
257
250
228
223
212
207
206
202
205
200
213
209
195
175
154
149
148
159
169
176
186
187
182
175
176
184
200
213
229
242
231
220
207
201
204
200
203
203
206
203
204
197
205
213
204
204
197
185
173
176
171
160
159
151
162
171
168
166
166
185
200
193
183
178
180
194
192
190
192
204
210
222
237
246
251
254
249
230
241
242
240
239
221
201
203
204
198
182
179
172
192
210
197
185
167
169
168
169
155
141
137
130
125
117
113
119
126
127
131
127
118
116
113
118
113
110
118
122
126
125
132
151
149
147
157
161
159
154
149
156
169
174
172
173
163
157
151
158
153
137
107
88
92
84
80
88
93
82
76
90
95
103
116
124
135
147
147
147
147
155
147
153
173
174
178
189
202
194
191
213
221
246
248
224
201
192
219
241
235
200
174
139
149
170
189
200
196
191
162
160
180
209
236
239
218
208
227
248
250
244
230
196
165
166
186
189
168
157
144
134
138
142
152
174
190
204
206
197
198
179
182
205
221
226
236
241
245
256
248
226
214
218
226
227
216
210
202
203
193
195
187
177
174
156
149
151
163
164
165
156
142
149
159
170
164
150
123
108
115
101
91
75
50
54
65
61
55
49
41
35
31
40
25
25
37
46
46
50
36
38
33
37
46
50
59
70
85
93
87
62
53
41
43
53
46
44
58
68
77
82
81
67
51
41
37
44
62
77
82
75
66
50
44
43
47
58
48
56
84
107
104
84
70
77
89
103
117
129
113
93
88
77
75
81
77
82
72
75
84
94
83
82
71
58
58
59
61
72
74
45
28
14
11
4
5
14
8
-2
-11
-20
-23
-20
-35
-54
-50
-56
-54
-60
-56
-60
-67
-65
-59
-41
-20
-13
-1
2
-9
-14
-19
-15
-18
-25
-15
-7
6
11
14
1
7
1
-12
-14
-17
-19
-34
-40
-53
-55
-62
-71
-77
-91
-97
-87
-79
-60
-42
-27
-26
-30
-39
-39
-23
-30
-28
-18
-14
-10
-9
4
14
16
11
-15
-17
-12
-10
10
21
30
18
7
-3
-11
-9
-13
-16
-21
-3
-2
-3
-7
-26
-46
-46
-30
-23
-26
-29
-34
-44
-49
-43
-51
-56
-62
-47
-29
-21
-6
-5
-13
-36
-44
-37
-29
-36
-25
-23
-26
-23
-27
-25
-19
-14
-21
-7
-15
-17
-16
-8
-9
-11
-6
-13
-23
-27
-32
-43
-43
-39
-39
-47
-44
-55
-52
-35
-15
-14
-9
-25
-36
-36
-28
-32
-32
-27
-35
-46
-61
-47
-33
-21
-4
26
31
23
20
9
-3
-10
-23
-24
-10
-10
-3
-12
-42
-56
-73
-67
-50
-55
-46
-49
-50
-53
-44
-29
-14
8
5
-19
-34
-37
-31
-32
-42
-65
-79
-84
-77
-68
-62
-57
-57
-42
-37
-53
-61
-69
-73
-70
-57
-45
-39
-34
-27
-29
-22
12
32
52
50
41
15
3
-7
-1
10
5
7
-9
-19
-33
-23
-27
-35
-21
-9
10
22
13
7
-4
-21
-28
-47
-47
-42
-35
-22
-13
-18
-40
-50
-43
-52
-48
-58
-76
-78
-74
-69
-74
-76
-85
-91
-88
-80
-69
-59
-56
-53
-51
-49
-57
-60
-65
-69
-61
-52
-23
-18
-20
-29
-41
-62
-68
-84
-96
-79
-77
-66
-75
-82
-95
-134
-142
-147
-145
-131
-123
-119
-104
-98
-99
-91
-106
-108
-107
-97
-90
-88
-92
-100
-90
-77
-79
-86
-92
-90
-71
-76
-83
-99
-111
-97
-93
-101
-101
-104
-102
-84
-73
-70
-84
-97
-97
-98
-97
-97
-84
-62
-66
-59
-58
-71
-71
-83
-78
-71
-63
-55
-65
-59
-44
-41
-48
-54
-55
-43
-46
-36
-34
-29
-16
-24
-23
-26
-36
-38
-33
-38
-66
-72
-64
-67
-66
-75
-69
-59
-38
-24
-25
-26
-30
-35
-39
-50
-52
-55
-45
-40
-33
-30
-39
-53
-58
-61
-68
-65
-59
-53
-55
-59
-54
-59
-57
-54
-42
-35
-30
-17
-6
-4
-3
5
0
-5
2
14
10
9
7
9
15
16
3
-10
-7
-4
-6
-4
0
7
11
19
20
23
25
24
16
20
27
22
3
-3
5
4
7
3
17
12
14
16
11
18
13
17
16
21
49
64
66
56
52
40
40
67
73
61
50
44
59
63
54
42
17
14
27
36
30
27
-3
-38
-60
-62
-65
-56
-59
-84
-108
-118
-105
-102
-97
-85
-65
-34
-23
-36
-51
-61
-49
-50
-53
-51
-54
-68
-56
-52
-65
-72
-75
-65
-58
-70
-100
-117
-116
-70
-47
-77
-130
-201
-243
-222
-173
-137
-137
-169
-192
-206
-192
-149
-137
-141
-155
-195
-202
-199
-191
-191
-202
-230
-266
-270
-267
-257
-239
-243
-241
-261
-277
-269
-267
-238
-217
-220
-220
-239
-234
-232
-233
-227
-215
-188
-180
-171
-170
-179
-181
-176
-183
-191
-190
-202
-194
-207
-221
-211
-223
-236
-241
-231
-223
-220
-229
-219
-204
-186
-172
-169
-166
-172
-158
-140
-137
-142
-148
-168
-169
-166
-165
-166
-188
-205
-195
-174
-173
-187
-199
-218
-230
-232
-233
-210
-194
-186
-173
-166
-166
-180
-176
-166
-173
-173
-170
-168
-159
-151
-154
-162
-178
-186
-193
-187
-169
-160
-143
-142
-126
-134
-136
-141
-153
-159
-190
-199
-200
-185
-176
-183
-177
-183
-185
-197
-199
-191
-172
-159
-152
-153
-146
-134
-137
-140
-134
-109
-92
-78
-80
-74
-60
-56
-61
-63
-67
-84
-86
-74
-69
-71
-81
-83
-74
-73
-78
-73
-53
-47
-50
-60
-67
-89
-102
-113
-116
-118
-119
-108
-111
-115
-125
-137
-149
-146
-141
-133
-127
-125
-122
-113
-113
-128
-147
-132
-117
-100
-92
-81
-80
-93
-87
-83
-87
-86
-95
-90
-77
-72
-64
-68
-68
-83
-99
-105
-101
-103
-98
-92
-101
-106
-109
-100
-104
-115
-115
-110
-105
-99
-87
-80
-92
-91
-109
-120
-121
-116
-100
-102
-99
-103
-97
-96
-109
-109
-129
-145
-145
-143
-127
-122
-122
-132
-134
-142
-150
-149
-155
-141
-130
-117
-109
-117
-116
-121
-140
-162
-172
-176
-189
-195
-206
-224
-231
-232
-222
-225
-225
-229
-229
-208
-197
-195
-196
-201
-201
-200
-198
-183
-173
-169
-169
-177
-163
-155
-143
-132
-129
-125
-128
-129
-130
-131
-126
-128
-150
-171
-180
-180
-178
-185
-185
-195
-191
-188
-194
-206
-214
-216
-227
-198
-181
-186
-190
-207
-221
-218
-197
-186
-193
-204
-207
-201
-196
-198
-199
-206
-191
-176
-187
-197
-206
-201
-182
-155
-155
-170
-190
-193
-178
-183
-179
-195
-223
-217
-224
-221
-217
-225
-241
-249
-239
-223
-194
-183
-177
-194
-210
-210
-209
-204
-212
-202
-204
-207
-213
-204
-206
-217
-199
-182
-178
-184
-183
-189
-199
-197
-175
-173
-167
-142
-136
-128
-119
-107
-88
-77
-58
-64
-75
-69
-64
-47
-36
-27
-29
-30
-35
-45
-66
-89
-101
-90
-97
-79
-73
-82
-83
-90
-77
-76
-62
-52
-53
-37
-17
-11
-12
-25
-35
-36
-25
-22
-32
-57
-55
-66
-65
-54
-43
-66
-77
-83
-96
-97
-101
-78
-62
-28
-4
-10
-15
-7
10
26
26
26
33
28
22
13
-2
-8
-17
-30
-27
-23
-15
8
7
-7
-4
-13
-14
-4
-1
6
-1
6
8
11
7
0
-4
7
14
21
26
23
18
29
21
14
15
6
3
14
7
-1
-17
-32
-38
-38
-50
-52
-51
-43
-32
-40
-52
-62
-66
-59
-45
-47
-49
-53
-49
-52
-46
-55
-72
-84
-86
-91
-95
-86
-78
-71
-70
-69
-70
-70
-65
-61
-62
-66
-89
-100
-85
-76
-89
-98
-105
-111
-106
-93
-78
-71
-72
-88
-105
-109
-94
-93
-81
-76
-74
-76
-85
-94
-98
-97
-98
-84
-80
-86
-91
-97
-92
-97
-101
-100
-116
-130
-135
-128
-116
-111
-101
-105
-111
-102
-96
-89
-81
-77
-86
-68
-62
-64
-76
-83
-81
-91
-85
-82
-99
-96
-97
-108
-94
-96
-93
-88
-103
-74
-71
-84
-84
-82
-91
-89
-89
-87
-75
-76
-81
-86
-88
-91
-112
-112
-100
-97
-81
-75
-73
-67
-62
-55
-57
-62
-68
-65
-55
-49
-51
-38
-30
-36
-30
-25
-9
3
3
3
5
7
2
-3
-11
-23
-44
-33
-28
-30
-48
-61
-80
-74
-76
-73
-67
-77
-78
-80
-62
-73
-77
-58
-51
-39
-40
-36
-15
-24
-32
-34
-19
-8
1
-1
-1
15
0
8
18
29
42
25
28
31
25
11
14
23
27
15
-23
-58
-64
-37
-14
2
11
-12
-19
-3
20
42
57
58
32
23
31
41
52
54
34
13
14
29
34
16
5
12
19
17
14
3
-1
2
21
40
41
35
17
2
0
14
34
54
70
91
89
68
68
45
34
41
51
55
51
42
48
54
43
43
19
8
3
10
16
18
19
11
-11
-15
3
11
23
47
47
35
13
4
-6
-8
-14
-35
-51
-53
-56
-43
-40
-34
-46
-70
-80
-88
-79
-71
-64
-51
-33
-33
-49
-52
-48
-62
-52
-51
-57
-46
-43
-25
-29
-57
-73
-92
-104
-107
-115
-86
-75
-80
-78
-88
-102
-130
-145
-165
-175
-165
-153
-132
-135
-145
-153
-155
-152
-143
-141
-145
-140
-126
-118
-111
-116
-126
-123
-118
-114
-98
-99
-95
-90
-104
-116
-130
-146
-130
-119
-122
-121
-119
-124
-132
-127
-129
-137
-133
-133
-135
-135
-133
-148
-164
-159
-163
-177
-191
-181
-177
-168
-150
-142
-146
-157
-172
-181
-184
-193
-187
-191
-189
-197
-205
-187
-180
-174
-160
-146
-124
-116
-123
-117
-108
-116
-129
-128
-127
-117
-119
-112
-93
-95
-97
-99
-115
-125
-128
-128
-134
-135
-149
-139
-140
-129
-140
-143
-149
-154
-144
-140
-141
-145
-122
-129
-132
-124
-124
-125
-126
-134
-132
-131
-127
-117
-101
-84
-93
-84
-78
-86
-82
-71
-78
-85
-90
-111
-97
-105
-118
-115
-119
-112
-111
-115
-117
-118
-123
-118
-122
-137
-140
-128
-125
-126
-146
-146
-148
-163
-157
-164
-158
-152
-133
-122
-115
-118
-127
-117
-110
-99
-99
-77
-81
-81
-89
-100
-103
-97
-94
-101
-95
-101
-99
-101
-110
-111
-124
-138
-133
-134
-131
-132
-143
-158
-159
-161
-161
-159
-157
-163
-154
-141
-127
-114
-110
-107
-101
-86
-79
-83
-96
-90
-89
-96
-82
-70
-69
-65
-57
-85
-99
-99
-78
-59
-50
-51
-70
-87
-79
-47
-37
-48
-71
-100
-104
-105
-110
-103
-111
-112
-112
-112
-111
-101
-87
-80
-98
-120
-130
-145
-128
-117
-122
-124
-129
-131
-124
-122
-126
-135
-135
-109
-114
-103
-106
-124
-116
-123
-138
-129
-120
-116
-124
-129
-114
-124
-109
-103
-89
-98
-87
-82
-79
-70
-88
-98
-121
-116
-125
-139
-148
-161
-167
-156
-143
-129
-115
-123
-114
-120
-127
-123
-121
-100
-79
-62
-55
-63
-79
-104
-112
-125
-132
-138
-152
-155
-152
-157
-173
-184
-198
-221
-224
-221
-236
-245
-248
-245
-241
-235
-235
-229
-229
-234
-235
-228
-218
-207
-182
-165
-166
-179
-191
-181
-196
-203
-212
-216
-211
-213
-210
-220
-236
-237
-243
-253
-235
-227
-215
-212
-210
-217
-226
-240
-234
-211
-199
-186
-181
-179
-188
-202
-214
-214
-208
-214
-211
-199
-192
-169
-167
-171
-184
-200
-202
-207
-199
-182
-156
-139
-141
-153
-165
-166
-174
-183
-167
-161
-163
-164
-162
-156
-159
-152
-149
-142
-147
-160
-165
-156
-144
-148
-139
-144
-150
-160
-148
-157
-160
-150
-147
-139
-142
-136
-152
-146
-139
-136
-138
-146
-149
-160
-165
-171
-163
-143
-133
-115
-124
-121
-108
-104
-93
-83
-82
-94
-88
-92
-96
-97
-111
-109
-119
-133
-134
-129
-121
-121
-111
-112
-115
-117
-120
-127
-124
-119
-123
-117
-101
-85
-81
-81
-77
-84
-80
-83
-79
-78
-73
-79
-88
-90
-100
-94
-94
-87
-83
-76
-75
-70
-76
-88
-87
-87
-77
-81
-91
-97
-97
-91
-96
-94
-92
-81
-85
-78
-82
-84
-77
-73
-71
-55
-48
-44
-40
-41
-38
-28
-10
-3
4
-12
-21
-22
-17
-22
-29
-30
-24
-30
-18
-15
-17
-22
-28
-12
-20
-13
-26
-36
-62
-78
-78
-80
-62
-64
-72
-89
-86
-85
-74
-54
-51
-53
-56
-33
-24
-31
-32
-39
-39
-33
-30
-38
-56
-46
-32
-9
-2
-17
-31
-45
-35
-26
-30
-50
-72
-70
-62
-67
-96
-115
-115
-111
-80
-61
-58
-73
-109
-101
-87
-50
-24
-4
-11
-21
0
-5
0
-8
-16
-41
-55
-55
-64
-73
-87
-84
-88
-84
-82
-65
-64
-55
-35
-29
-20
-17
-32
-46
-38
-30
-13
-3
17
29
34
7
-22
-23
-27
-18
-9
-7
-21
-40
-40
-40
-27
-36
-65
-92
-90
-67
-48
-28
-20
-22
-20
-21
-8
0
7
23
18
8
-9
1
2
2
12
-3
-11
-14
-15
-1
8
13
0
-9
-19
-22
-15
-21
-21
-17
4
11
-3
0
2
8
20
28
43
54
68
46
34
31
26
19
23
39
51
51
60
65
60
55
49
50
60
60
59
70
86
95
99
96
83
70
63
70
62
60
68
84
116
133
132
125
120
123
116
104
97
100
86
76
68
60
57
60
61
67
65
68
63
59
43
35
33
35
35
49
63
64
55
39
31
39
45
38
55
55
58
66
54
42
45
58
60
67
78
57
51
51
49
53
53
57
64
84
87
77
68
71
70
49
37
20
11
23
30
38
56
62
64
66
69
66
47
35
32
35
45
38
22
16
21
24
38
36
36
29
36
37
37
40
36
23
9
24
21
21
21
31
31
33
34
38
61
60
50
28
17
10
12
17
30
34
32
21
13
7
-2
-17
-15
4
10
6
3
-7
-19
-29
-27
-25
-29
-35
-46
-73
-83
-66
-59
-52
-49
-35
-31
-30
-22
-16
-18
-27
-17
-17
-16
-10
-5
7
5
11
11
0
-10
-8
-23
-32
-12
-12
-9
1
-2
-18
-24
-31
-50
-55
-58
-68
-86
-94
-108
-112
-113
-111
-122
-120
-109
-108
-108
-110
-108
-123
-107
-100
-106
-107
-110
-117
-127
-111
-110
-118
-116
-106
-102
-93
-98
-89
-92
-93
-108
-123
-129
-120
-107
-116
-132
-146
-148
-158
-154
-146
-137
-130
-137
-147
-143
-133
-112
-95
-93
-107
-125
-139
-146
-140
-127
-130
-140
-147
-155
-151
-161
-175
-181
-179
-183
-199
-214
-214
-214
-212
-216
-218
-224
-223
-223
-217
-208
-197
-177
-172
-168
-176
-205
-207
-210
-202
-190
-195
-191
-194
-190
-211
-219
-230
-241
-245
-270
-263
-259
-263
-257
-252
-252
-253
-252
-271
-258
-230
-201
-180
-169
-182
-204
-220
-227
-230
-250
-272
-269
-260
-263
-262
-286
-290
-292
-309
-316
-311
-300
-285
-274
-254
-243
-245
-247
-262
-261
-256
-246
-236
-220
-204
-201
-212
-221
-229
-234
-235
-238
-239
-231
-231
-237
-242
-262
-268
-279
-280
-290
-282
-269
-266
-249
-249
-260
-265
-277
-284
-276
-271
-252
-244
-244
-242
-247
-248
-250
-254
-254
-271
-272
-268
-284
-284
-287
-287
-299
-316
-314
-300
-278
-264
-270
-280
-275
-276
-268
-263
-258
-259
-256
-256
-257
-262
-273
-289
-298
-308
-313
-307
-298
-293
-281
-277
-287
-295
-302
-296
-298
-295
-290
-270
-269
-286
-310
-313
-322
-315
-308
-310
-304
-307
-315
-322
-343
-351
-342
-337
-315
-312
-296
-310
-325
-318
-314
-297
-291
-275
-267
-282
-286
-278
-262
-263
-258
-264
-277
-283
-273
-266
-265
-250
-236
-216
-203
-203
-213
-208
-200
-204
-200
-185
-179
-182
-190
-198
-205
-209
-213
-221
-214
-224
-228
-221
-231
-237
-245
-241
-238
-235
-236
-249
-239
-237
-229
-206
-209
-210
-209
-201
-205
-212
-216
-219
-222
-218
-222
-222
-223
-225
-214
-207
-207
-215
-207
-206
-193
-195
-201
-193
-191
-178
-181
-181
-177
-176
-176
-174
-185
-190
-193
-188
-185
-182
-183
-180
-184
-182
-176
-180
-193
-205
-209
-212
-206
-218
-203
-200
-193
-190
-188
-194
-190
-172
-172
-169
-169
-175
-152
-152
-153
-147
-155
-163
-154
-157
-151
-147
-136
-114
-111
-113
-112
-132
-135
-125
-129
-119
-137
-150
-147
-143
-182
-214
-233
-236
-211
-192
-182
-188
-207
-208
-186
-157
