34
31
12
-3
-4
-12
-28
-41
-57
-77
-82
-82
-83
-85
-91
-94
-103
-106
-106
-94
-95
-85
-62
-37
-23
-21
-28
-37
-35
-15
1
2
5
-16
-25
-20
-27
-41
-51
-54
-52
-54
-43
-30
-47
-61
-62
-48
-44
-33
-29
-24
-5
4
-4
-13
-28
-22
-1
9
23
33
39
47
44
32
22
15
15
14
16
17
19
15
14
5
-3
-11
-5
19
26
29
29
25
21
31
31
41
43
43
56
68
81
78
69
60
66
72
65
70
77
87
88
90
89
96
89
84
75
91
103
114
114
100
100
87
73
74
78
89
116
127
126
108
104
81
73
88
100
117
124
127
141
156
151
155
144
131
129
118
115
107
103
96
85
93
98
90
89
95
96
101
110
117
115
110
120
141
165
159
166
179
196
202
187
182
179
182
186
184
193
190
184
179
175
180
171
161
162
158
143
145
145
131
136
144
148
152
144
141
153
165
171
171
167
166
169
182
194
189
188
198
191
192
177
166
167
157
170
174
171
175
190
197
185
180
180
171
154
149
145
142
134
138
144
139
143
139
129
116
113
102
104
103
99
80
52
35
25
45
43
49
49
45
66
73
80
83
76
96
115
125
133
134
143
157
166
174
170
169
192
198
188
179
168
169
193
218
235
228
198
186
212
231
226
212
184
194
211
218
233
231
237
240
232
225
243
258
265
263
263
265
255
258
248
235
224
219
233
228
237
254
247
257
246
250
254
259
277
287
308
303
284
278
273
274
291
299
316
321
304
277
263
280
303
320
309
286
272
271
293
306
303
303
301
302
312
316
326
327
333
340
345
353
348
334
335
348
349
355
370
378
370
366
368
348
331
318
327
338
355
359
365
357
362
367
378
389
389
418
420
428
429
429
416
410
423
439
440
434
448
457
451
432
411
379
378
396
402
400
398
393
392
378
364
347
330
323
326
324
340
349
352
348
332
325
327
328
322
326
339
363
370
372
347
326
333
333
331
314
312
312
307
310
295
285
285
299
320
326
322
311
303
294
295
292
291
290
292
304
317
328
323
321
321
330
327
326
331
341
357
365
364
369
355
341
347
358
368
362
347
349
351
344
354
359
355
360
363
353
359
371
401
404
397
388
378
385
401
412
415
418
406
397
380
381
369
355
340
334
314
300
295
295
296
304
315
313
297
291
294
300
313
315
334
360
359
346
336
343
358
361
380
381
378
382
390
383
381
370
374
373
383
394
384
375
368
376
367
376
374
367
369
367
358
355
348
351
353
350
356
349
338
339
326
334
329
322
313
293
297
284
284
286
301
316
323
324
320
320
318
327
322
316
316
306
299
296
306
300
291
299
307
308
306
323
309
278
271
275
270
260
256
233
213
204
196
188
188
183
198
230
239
247
266
271
286
307
316
316
303
300
308
308
309
320
330
327
324
327
325
308
305
312
315
320
318
309
300
289
300
298
287
266
240
249
252
258
266
269
268
254
266
276
288
297
297
271
248
245
255
265
272
264
242
253
256
253
254
255
255
252
248
229
225
237
244
263
271
269
271
281
286
280
304
324
334
342
339
341
340
334
339
360
365
376
367
356
365
362
362
361
361
363
357
364
388
397
405
405
393
389
401
418
432
458
466
467
465
448
436
442
437
444
421
383
378
374
374
372
368
355
353
334
330
332
324
336
357
372
384
392
394
404
408
419
426
428
440
445
449
449
443
429
424
421
410
412
424
444
460
455
454
453
462
470
487
502
513
524
534
526
510
511
503
522
529
539
535
540
552
555
537
525
509
503
510
513
528
531
545
539
518
512
518
519
525
527
506
505
503
503
506
500
487
473
470
481
485
476
470
460
454
445
444
430
434
448
455
467
459
462
457
451
454
457
479
498
493
498
506
503
488
473
472
456
458
459
453
444
436
416
386
382
394
408
434
456
473
460
461
456
454
458
448
449
443
440
442
443
445
451
450
460
457
445
455
447
449
473
469
466
465
472
475
482
498
497
494
502
506
497
492
489
493
503
491
487
488
481
483
490
475
473
479
475
470
462
451
446
445
440
446
449
456
464
466
452
457
462
467
479
480
478
476
472
467
455
452
462
448
442
426
436
428
426
425
417
421
428
431
426
446
446
441
438
444
453
466
467
478
485
479
487
485
462
446
451
447
441
438
414
393
382
366
347
328
337
347
367
380
387
393
393
386
381
391
403
407
411
409
410
411
409
413
400
404
407
401
410
411
406
414
420
428
430
399
380
376
402
417
408
383
363
358
359
379
396
402
384
379
387
394
410
426
433
430
438
425
423
435
431
423
405
403
408
404
412
410
409
404
394
388
378
383
400
410
412
405
402
405
389
394
414
427
446
447
454
422
392
383
396
403
396
390
365
370
379
374
355
337
327
328
327
338
331
334
330
326
324
323
329
325
340
346
341
335
339
336
323
302
295
276
276
268
270
282
300
312
317
318
308
296
293
311
327
343
337
326
333
334
323
325
348
357
358
361
355
341
346
349
342
329
314
313
317
313
304
300
296
301
303
284
278
272
273
286
293
302
315
302
291
282
275
283
283
292
292
307
306
305
294
267
260
273
273
279
279
274
279
281
278
271
269
284
286
262
255
261
255
261
261
265
264
266
277
275
287
290
298
291
281
276
264
258
279
288
299
295
275
263
250
262
268
273
281
280
260
261
256
260
277
283
292
304
317
317
322
316
314
296
292
285
273
280
295
312
299
302
302
292
300
277
270
274
281
282
279
263
261
274
283
302
297
309
324
324
311
308
324
326
329
332
336
345
352
352
358
358
360
365
372
385
382
392
402
399
390
377
396
416
414
407
408
402
397
411
408
403
408
423
423
411
404
398
404
409
417
418
413
399
401
403
407
424
419
435
444
438
447
449
441
449
436
443
451
453
449
444
433
416
412
417
422
433
433
425
424
425
436
428
414
403
400
379
365
345
332
331
328
302
287
289
280
277
273
271
272
276
290
308
309
299
280
287
290
276
272
273
276
276
286
293
291
305
314
327
320
311
305
316
326
330
333
315
309
314
327
325
305
279
274
293
313
312
339
340
321
318
322
343
374
392
393
382
356
347
346
339
338
343
351
343
338
333
317
313
316
306
288
275
271
273
268
274
266
263
260
265
267
270
269
277
296
304
309
295
283
271
266
276
279
281
287
285
286
280
268
242
250
260
250
263
265
273
277
267
252
235
233
254
275
317
333
325
315
302
300
278
255
256
249
236
227
201
189
184
187
184
176
177
176
164
160
160
173
183
193
195
198
202
204
195
193
203
199
207
216
223
206
205
202
189
178
171
174
175
179
170
155
143
151
154
148
156
154
160
177
180
164
140
137
136
146
151
154
153
157
181
176
171
176
193
196
215
208
204
201
197
209
198
199
199
225
226
244
253
262
272
263
269
255
257
265
281
288
294
301
289
275
261
261
270
288
295
295
304
303
310
290
293
295
302
305
310
308
315
323
318
320
299
291
295
307
313
312
302
286
279
272
270
265
293
299
300
307
311
308
294
304
297
282
277
272
271
278
286
294
309
314
304
317
319
308
325
348
364
358
343
333
329
318
326
330
344
365
381
397
388
395
401
413
418
405
400
405
405
410
402
400
401
388
389
395
392
395
397
402
417
414
402
393
415
428
424
420
424
429
427
432
422
416
408
405
415
411
399
401
390
382
375
374
370
367
377
379
397
378
385
379
372
380
384
390
389
382
370
375
365
354
356
351
344
348
344
352
348
324
316
297
284
291
303
300
284
287
270
269
280
291
280
283
296
313
320
322
316
313
318
334
346
337
358
375
389
407
405
383
369
378
386
389
401
398
403
400
377
363
341
342
353
376
392
405
397
380
391
410
412
426
442
439
428
431
433
430
431
425
408
399
402
426
442
431
425
429
433
436
441
435
432
442
446
451
453
438
433
433
440
453
464
483
495
497
495
490
503
507
506
508
499
501
500
494
484
471
472
472
465
471
482
498
518
536
558
552
562
577
602
604
602
603
582
568
567
574
572
578
555
542
547
558
563
563
559
550
553
559
562
558
563
572
572
592
598
591
592
593
604
598
604
595
599
603
601
594
577
566
548
551
562
583
573
583
589
596
600
582
557
524
517
522
538
549
556
566
565
563
547
553
557
558
555
558
571
588
593
583
574
559
570
587
607
618
616
610
610
587
572
553
537
532
528
525
520
518
518
518
503
492
492
497
513
518
522
529
524
513
501
489
501
515
518
532
523
513
510
503
501
498
495
496
497
491
490
494
497
519
523
523
537
545
569
576
578
568
565
558
564
555
541
547
562
584
585
579
560
550
559
563
550
544
531
540
543
535
520
516
526
532
522
512
505
492
507
509
523
532
524
541
556
579
602
610
603
605
607
618
631
630
637
639
639
645
648
660
662
658
642
640
646
645
645
648
655
658
665
668
673
669
663
660
659
673
680
673
685
690
683
675
675
675
666
659
657
668
672
688
707
716
720
726
733
740
738
747
742
746
748
742
733
738
736
725
738
736
737
715
710
701
681
672
659
655
651
657
658
636
622
623
606
591
577
555
557
568
570
568
556
547
551
565
566
560
562
562
571
579
580
583
594
587
596
588
580
571
578
585
585
579
558
551
550
563
572
562
542
530
514
515
518
526
526
500
503
514
534
569
595
606
595
581
580
566
572
581
593
573
554
550
540
535
531
534
541
550
553
540
518
513
499
494
502
493
510
503
493
499
501
514
509
500
496
478
463
459
459
469
479
471
452
442
448
464
475
477
469
468
464
459
465
464
475
480
471
474
470
464
495
511
532
538
525
518
507
512
506
501
484
458
458
445
444
441
422
423
407
405
398
403
414
407
429
445
456
455
449
457
463
476
480
490
499
498
490
479
468
474
467
470
470
458
456
461
469
475
461
457
456
446
441
443
455
462
469
474
461
427
421
431
437
447
453
448
440
440
425
420
415
400
403
400
404
401
400
397
390
399
395
392
403
418
428
439
435
420
419
423
414
420
424
426
413
416
409
378
373
366
382
382
382
386
379
394
399
396
408
407
399
392
394
395
392
385
391
398
398
411
404
402
396
406
402
407
405
412
396
394
393
397
411
414
427
418
427
413
414
429
453
454
455
464
468
477
476
473
464
461
470
472
482
480
467
470
472
462
458
477
482
495
492
500
500
498
503
505
508
495
487
488
489
491
504
503
515
517
510
506
504
502
497
486
477
471
472
470
483
489
491
483
477
477
476
476
476
471
456
458
442
437
432
422
422
423
406
410
417
407
410
412
411
401
401
411
403
398
409
401
392
378
369
374
378
382
379
386
398
414
404
386
383
386
393
370
367
365
358
358
351
355
358
348
359
383
400
416
424
430
438
445
466
471
479
497
497
500
505
512
507
502
516
520
535
546
537
526
507
507
524
537
524
505
532
554
555
549
525
524
526
526
546
552
553
550
536
544
556
574
590
582
586
583
588
591
590
584
568
548
550
538
546
553
564
572
567
561
539
539
564
589
587
587
558
538
544
542
533
544
590
601
610
580
541
535
549
575
591
589
580
575
565
575
582
569
556
544
552
563
568
577
562
562
580
608
622
621
613
613
606
613
624
609
592
589
592
590
577
563
557
559
576
561
564
566
565
562
567
574
581
590
611
620
606
609
609
609
628
647
647
644
639
646
650
645
635
617
594
590
588
596
612
623
637
636
634
624
619
618
610
618
644
667
674
679
677
668
677
680
654
647
660
678
691
694
678
665
664
663
660
664
663
657
664
661
657
646
642
659
675
690
697
692
686
676
675
677
681
672
674
689
701
717
718
715
718
722
721
717
721
733
744
753
754
737
716
706
702
706
699
703
692
674
668
674
686
691
709
720
722
716
709
716
729
730
726
721
704
700
688
700
696
690
690
694
691
681
674
661
656
654
646
636
628
618
624
624
627
632
630
640
636
620
619
632
639
632
642
648
653
654
657
655
659
677
674
667
663
673
665
670
658
650
662
665
675
684
689
685
688
674
670
677
671
678
688
686
693
701
695
693
684
690
699
705
708
717
723
721
718
712
707
707
705
691
680
686
691
688
704
707
716
706
692
688
687
672
665
667
675
672
668
675
676
685
689
689
675
663
667
658
663
655
647
621
597
587
575
590
581
575
575
577
584
600
612
614
618
620
628
622
610
612
612
605
614
632
661
662
650
648
634
651
659
655
654
645
648
635
642
647
651
648
617
603
597
594
589
589
578
561
551
553
568
589
620
639
633
625
626
613
614
611
608
614
619
618
620
621
609
597
619
621
632
633
610
613
616
624
620
620
636
626
626
631
649
658
676
688
682
688
684
683
673
684
707
720
741
737
741
741
725
728
715
711
698
706
731
745
751
756
753
738
715
719
745
760
776
762
755
753
749
748
739
740
726
703
701
706
698
689
691
688
670
657
666
681
689
696
689
682
696
720
729
726
723
720
727
740
742
734
727
732
738
740
741
731
727
739
758
768
774
784
762
745
747
743
739
741
761
779
777
776
767
755
759
760
761
774
788
786
787
792
788
769
755
742
752
762
774
765
761
757
736
746
759
760
759
758
754
758
772
783
789
778
764
769
775
792
819
813
815
798
781
782
788
797
782
780
784
786
777
754
739
707
699
703
709
716
724
744
751
743
733
724
720
721
727
728
728
724
708
704
703
700
704
725
748
758
744
729
727
726
719
721
723
718
716
706
698
699
698
699
699
699
692
689
695
700
708
690
675
671
667
675
673
670
673
678
688
687
684
690
694
698
718
714
712
713
710
711
713
721
722
729
736
726
717
709
703
711
728
736
743
748
753
751
761
765
780
786
786
782
759
755
747
752
759
762
775
765
761
750
758
768
777
777
765
788
795
796
794
787
781
780
785
790
807
812
820
822
813
804
801
813
817
833
825
811
818
806
811
809
786
768
768
774
789
819
828
815
814
815
818
827
824
812
790
786
792
780
774
764
764
747
752
764
767
776
766
770
764
755
762
773
796
804
782
740
714
731
759
778
780
755
727
713
715
725
724
724
710
707
716
719
746
760
769
752
731
718
719
708
718
701
679
674
651
651
645
657
651
631
635
638
645
647
640
643
621
599
578
584
593
597
603
601
614
599
566
550
553
564
580
576
559
542
532
537
539
539
535
513
511
524
532
551
526
498
489
498
525
549
571
572
563
549
556
573
586
568
553
536
529
520
507
496
487
480
483
490
498
503
488
479
458
449
464
493
514
525
505
475
468
475
495
493
487
498
490
483
483
478
449
443
437
430
437
424
415
390
376
351
336
321
314
304
294
284
289
300
300
296
281
284
280
275
257
257
270
284
296
285
264
254
242
238
249
244
248
247
247
238
222
208
189
187
199
196
187
183
179
168
154
154
161
164
168
181
167
163
154
150
145
133
130
134
148
169
165
144
133
143
152
147
150
158
149
131
128
118
119
143
159
154
153
171
190
203
215
219
213
201
208
212
218
230
214
196
196
203
208
192
178
165
166
183
183
173
164
156
162
164
194
222
228
227
230
238
249
261
263
271
261
262
269
282
299
310
303
302
297
289
293
304
295
288
291
285
295
292
294
288
269
255
253
254
268
272
269
272
284
297
280
275
262
251
254
258
272
266
256
243
244
260
263
265
266
258
258
251
256
262
258
267
273
280
272
278
294
296
297
294
287
290
298
299
297
280
267
278
291
298
282
237
220
210
209
215
193
190
161
157
169
167
175
167
145
136
141
153
171
158
152
147
157
156
146
141
146
132
130
126
121
127
137
154
149
140
132
126
129
132
125
95
97
107
120
140
122
95
69
67
84
96
105
91
65
61
47
51
77
106
133
143
143
131
128
132
143
151
143
128
122
113
96
73
51
47
49
56
49
39
26
31
49
57
69
72
67
67
61
60
64
58
63
63
41
45
57
61
60
62
64
63
71
79
79
83
76
70
89
72
76
92
105
115
95
83
85
89
102
124
140
162
162
149
148
148
150
127
116
102
86
81
75
66
48
43
35
21
17
17
19
29
44
41
48
33
33
35
33
40
53
59
61
78
87
97
106
99
94
80
69
74
66
78
92
92
91
88
80
67
49
47
55
60
72
83
91
77
68
55
44
35
33
37
31
34
46
49
33
30
32
44
42
51
64
67
85
74
69
55
46
62
84
95
108
114
118
119
115
111
102
114
128
132
134
126
127
106
83
73
74
87
100
104
100
116
114
110
104
79
79
79
79
82
96
112
104
97
85
92
101
109
127
125
137
140
134
137
142
152
169
177
185
179
178
175
175
178
172
178
178
174
161
164
164
159
175
180
176
179
174
176
194
193
183
179
177
180
186
187
186
190
186
182
177
167
182
190
201
199
192
200
189
195
191
185
184
167
171
169
171
173
177
184
169
176
180
170
177
184
201
201
194
186
189
193
188
185
177
189
188
196
197
189
176
168
156
153
153
143
138
140
144
152
159
156
156
167
176
169
162
160
160
175
192
196
198
211
201
187
186
182
182
188
182
171
160
152
144
135
137
147
139
144
152
154
169
177
173
163
179
175
171
162
159
149
149
147
141
135
144
155
141
146
138
130
123
117
127
140
145
134
131
129
110
82
61
63
75
89
90
98
94
86
89
92
115
128
147
157
145
147
142
136
134
116
85
77
77
76
87
73
62
68
57
68
48
41
52
63
85
106
116
83
56
64
59
60
50
61
80
83
73
42
34
43
64
84
79
75
86
88
94
113
124
115
94
94
110
131
146
164
168
159
151
147
172
192
192
194
176
150
147
155
148
130
105
78
74
82
91
92
78
73
65
53
63
56
55
62
83
106
109
117
112
114
130
148
160
170
182
187
187
180
168
143
110
93
98
95
99
111
123
137
132
120
120
108
88
81
80
94
114
113
98
94
77
55
53
53
36
28
33
51
62
49
36
19
8
10
9
11
8
10
23
10
-4
-21
-29
-33
-35
-37
-47
-36
-29
-24
-20
-32
-40
-38
-37
-21
-19
-26
-35
-42
-54
-61
-60
-61
-62
-68
-58
-57
-68
-76
-89
-96
-96
-102
-115
-132
-151
-156
-137
-139
-149
-162
-159
-130
-121
-112
-102
-84
-84
-91
-109
-104
-95
-95
-96
-105
-94
-80
-79
-95
-121
-129
-133
-136
-129
-137
-157
-186
-181
-161
-161
-174
-186
-205
-198
-198
-192
-177
-173
-168
-155
-149
-159
-166
-161
-151
-156
-134
-119
-116
-122
-136
-151
-154
-147
-142
-117
-102
-102
-114
-116
-125
-126
-138
-154
-163
-168
-164
-142
-136
-149
-153
-160
-158
-141
-138
-141
-142
-132
-121
-129
-120
-121
-127
-144
-153
-147
-147
-147
-144
-137
-145
-162
-155
-155
-136
-117
-120
-127
-143
-139
-134
-132
-138
-142
-152
-153
-130
-135
-134
-140
-179
-198
-195
-184
-179
-181
-178
-192
-209
-203
-199
-205
-214
-236
-252
-244
-222
-200
-205
-219
-229
-236
-212
-196
-193
-198
-210
-199
-173
-147
-153
-162
-169
-145
-117
-103
-102
-99
-86
-94
-115
-137
-138
-141
-116
-105
-111
-125
-146
-151
-139
-120
-104
-105
-109
-87
-60
-36
-11
10
21
5
7
11
32
59
81
90
76
75
65
64
59
67
70
74
75
62
58
57
53
55
68
66
74
83
84
101
104
103
129
138
144
158
147
161
178
189
199
207
189
189
193
185
196
196
190
185
186
188
205
210
206
204
208
192
178
179
196
216
222
239
221
201
194
195
195
174
168
145
116
116
95
89
76
46
37
22
24
37
43
51
52
66
62
76
83
94
109
118
115
109
122
129
144
130
114
87
82
74
63
47
40
40
59
48
41
30
15
10
-3
-1
9
11
2
1
-16
-13
-20
-16
-4
-3
-4
-5
-11
-14
-1
-16
-38
-37
-35
-24
-22
-2
-4
-11
-8
-8
-7
0
18
33
34
37
42
41
57
63
58
72
75
73
75
81
85
73
46
25
28
31
53
55
56
59
57
69
87
94
81
62
32
27
43
47
58
48
38
36
30
46
76
81
67
61
69
85
93
101
90
74
76
94
102
109
120
112
105
96
104
106
115
125
135
116
101
101
103
100
81
61
56
57
77
101
102
92
89
93
107
140
156
171
174
190
209
211
222
225
215
234
239
239
243
237
233
214
209
211
198
197
213
202
197
186
188
187
191
188
186
194
200
222
228
241
251
249
244
238
226
220
229
216
214
212
197
184
172
173
173
170
168
172
169
172
173
172
175
166
146
143
141
131
122
117
123
117
117
107
108
105
104
105
103
99
91
84
87
93
83
79
62
46
30
23
27
21
29
27
37
36
34
28
9
15
6
-16
-15
6
25
18
-3
-27
-43
-27
1
25
22
-8
-27
-22
8
3
-15
-45
-69
-56
-40
-58
-71
-108
-146
-141
-129
-104
-106
-104
-120
-131
-137
-138
-125
-115
-113
-125
-125
-133
-142
-166
-176
-189
-212
-209
-214
-216
-206
-206
-220
-237
-238
-234
-242
-231
-237
-236
-256
-285
-298
-306
-282
-249
-230
-231
-236
-254
-252
-244
-262
-272
-288
-297
-281
-252
-233
-229
-229
-245
-252
-251
-252
-257
-262
-255
-264
-243
-227
-206
-193
-227
-246
-241
-219
-196
-190
-217
-237
-259
-276
-265
-255
-266
-284
-308
-309
-315
-329
-350
-374
-394
-394
-400
-380
-373
-381
-379
-396
-387
-383
-386
-400
-399
-401
-396
-375
-377
-391
-414
-430
-432
-435
-405
-368
-350
-345
-360
-376
-382
-381
-391
-396
-397
-394
-376
-358
-341
-330
-347
-358
-369
-360
-339
-334
-329
-327
-324
-348
-349
-357
-357
-345
-351
-339
-334
-320
-334
-341
-341
-343
-322
-307
-318
-316
-306
-300
-311
-318
-326
-328
-313
-304
-295
-298
-303
-308
-306
-305
-300
-317
-344
-361
-344
-335
-336
-359
-382
-392
-390
-376
-383
-384
-387
-386
-404
-390
-397
-384
-380
-369
-334
-307
-281
-297
-306
-314
-304
-288
-248
-225
-226
-242
-257
-254
-257
-234
-210
-197
-205
-194
-190
-204
-198
-196
-209
-214
-222
-228
-216
-201
-194
-205
-219
-221
-208
-196
-181
-169
-154
-163
-157
-162
-149
-125
-118
-119
-111
-100
-100
-95
-91
-105
-132
-153
-164
-168
-175
-208
-252
-271
-284
-277
-294
-308
-317
-333
-341
-348
-362
-368
-378
-380
-358
-344
-339
-340
-371
-406
-409
-413
-410
-414
-426
-442
-464
-448
-454
-470
-483
-479
-459
-437
-430
-420
-416
-425
-418
-413
-391
-385
-388
-386
-390
-390
-369
-355
-342
-333
-331
-327
-331
-349
-367
-366
-353
-357
-358
-363
-358
-368
-378
-384
-368
-371
-375
-357
-333
-318
-316
-306
-311
-285
-247
-219
-216
-218
-218
-194
-150
-126
-110
-116
-125
-136
-135
-128
-106
-107
-114
-139
-184
-217
-237
-241
-255
-260
-288
-318
-343
-368
-421
-463
-474
-491
-503
-509
-529
-538
-534
-525
-523
-547
-565
-604
-629
-653
-639
-617
-631
-661
-704
-745
-776
-760
-736
-715
-711
-723
-730
-715
-690
-682
-680
-689
-676
-653
-589
-534
-483
-449
-417
-385
-365
-365
-396
-428
-429
-370
-318
-302
-328
-388
-449
-501
-522
-512
-509
-525
-522
-519
-529
-513
-508
-521
-529
-521
-471
-400
-307
-232
-218
-220
-211
-182
-145
-93
-66
-45
-24
-14
-8
-6
-7
-52
-104
-131
-132
-120
-119
-136
-171
-219
-247
-286
-310
-320
-319
-330
-325
-314
-327
-336
-349
-373
-408
-436
-440
-446
-464
-472
-482
-512
-567
-604
-649
-693
-700
-723
-754
-776
-808
-843
-870
-892
-915
-918
-896
-874
-870
-861
-846
-828
-791
-755
-737
-713
-670
-637
-591
-527
-465
-425
-396
-387
-374
-348
-318
-289
-279
-294
-316
-336
-345
-357
-389
-433
-487
-525
-533
-531
-535
-547
-578
-619
-614
-592
-560
-524
-500
-490
-466
-405
-337
-282
-235
-214
-195
-161
-128
-97
-58
-40
-48
-53
-62
-61
-69
-105
-138
-171
-205
-220
-245
-273
-337
-405
-478
-515
-506
-505
-500
-516
-523
-531
-543
-567
-578
-594
-604
-589
-579
-563
-567
-583
-654
-738
-780
-828
-856
-884
-904
-931
-979
-1053
-1121
-1190
-1248
-1275
-1270
-1237
-1215
-1204
-1219
-1211
-1173
-1113
-1051
-994
-959
-927
-866
-783
-671
-578
-532
-545
-568
-535
-472
-391
-358
-355
-382
-405
-409
-381
-342
-405
-512
-605
-643
-599
-549
-539
-594
-705
-792
-793
-721
-626
-563
-553
-544
-502
-385
-270
-200
-170
-187
-181
-141
-34
63
90
55
10
-24
-39
-41
-37
-63
-113
-140
-168
-192
-210
-247
-304
-393
-464
-493
-523
-509
-521
-524
-570
-622
-665
-694
-666
-660
-650
-658
-638
-627
-608
-629
-691
-760
-836
-856
-853
-816
-836
-913
-1006
-1090
-1150
-1203
-1238
-1260
-1261
-1245
-1209
-1190
-1158
-1179
-1211
-1193
-1120
-1010
-932
-868
-824
-751
-693
-608
-527
-475
-465
-434
-379
-289
-190
-147
-165
-222
-262
-278
-273
-277
-320
-420
-482
-474
-462
-454
-500
-586
-647
-664
-607
-514
-431
-374
-358
-318
-268
-197
-116
-66
-12
33
91
144
204
247
248
226
210
214
217
203
196
164
127
73
13
-42
-100
-157
-221
-247
-263
-258
-245
-251
-273
-310
-344
-355
-352
-333
-303
-292
-280
-287
-303
-319
-351
-406
-461
-501
-522
-554
-589
-636
-688
-760
-841
-924
-987
-1049
-1099
-1104
-1072
-1057
-1065
-1074
-1036
-986
-940
-877
-844
-825
-788
-683
-527
-396
-312
-287
-262
-215
-162
-85
-19
15
14
7
21
18
-14
-89
-216
-323
-355
-334
-310
-290
-334
-437
-536
-584
-543
-464
-407
-377
-349
-295
-225
-128
-38
2
22
63
125
233
331
391
419
397
392
400
406
392
359
329
317
302
266
224
166
88
-2
-86
-133
-142
-122
-113
-117
-165
-218
-250
-277
-279
-292
-309
-312
-289
-270
-265
-295
-355
-425
-463
-497
-501
-520
-574
-631
-704
-750
-807
-877
-953
-1025
-1089
-1119
-1091
-1051
-1031
-1005
-965
-957
-944
-904
-852
-817
-747
-646
-524
-429
-337
-262
-198
-183
-149
-93
-11
53
75
94
76
74
37
-28
-116
-186
-235
-238
-224
-233
-266
-310
-353
-395
-392
-369
-318
-248
-173
-110
-27
66
138
202
244
301
357
424
491
555
605
628
614
619
603
578
541
517
499
472
451
435
417
345
267
167
109
84
81
80
52
17
-18
-22
-35
-58
-103
-127
-109
-80
-48
-39
-66
-120
-177
-242
-290
-324
-336
-366
-409
-484
-557
-602
-648
-713
-801
-879
-940
-949
-935
-884
-808
-778
-791
-814
-808
-755
-686
-621
-527
-424
-335
-268
-169
-82
-46
-32
-15
43
103
180
250
300
266
168
90
60
40
-7
-70
-121
-126
-121
-86
-91
-141
-187
-206
-167
-89
16
110
186
238
296
366
417
451
474
517
556
608
645
667
656
618
594
557
519
484
455
429
410
386
349
266
159
67
-7
-53
-74
-63
-77
-114
-165
-221
-250
-261
-269
-266
-274
-299
-306
-313
-335
-374
-429
-475
-519
-568
-604
-639
-700
-767
-830
-874
-904
-963
-1024
-1083
-1128
-1155
-1124
-1067
-1012
-1005
-1023
-1032
-988
-904
-828
-750
-659
-569
-461
-345
-230
-154
-135
-130
-85
0
108
202
235
200
123
33
-40
-66
-96
-147
-201
-266
-308
-318
-329
-336
-369
-394
-383
-318
-210
-108
-41
19
86
180
277
343
384
418
467
524
591
634
632
601
559
516
501
488
438
378
303
242
183
139
57
-28
-103
-185
-228
-254
-271
-282
-312
-359
-395
-415
-429
-430
-431
-439
-460
-480
-506
-530
-548
-602
-656
-721
-793
-847
-886
-923
-996
-1065
-1150
-1230
-1270
-1271
-1272
-1288
-1289
-1258
-1217
-1186
-1155
-1114
-1078
-1036
-965
-854
-758
-660
-570
-502
-393
-311
-249
-214
-170
-110
-56
-4
42
29
-28
-114
-188
-217
-223
-204
-240
-294
-346
-394
-385
-354
-332
-327
-317
-280
-202
-102
-17
57
97
142
190
271
355
423
481
500
514
537
555
573
569
532
496
460
439
411
380
328
232
137
36
-25
-97
-155
-212
-246
-274
-304
-323
-359
-377
-414
-425
-399
-368
-357
-356
-366
-389
-423
-477
-523
-569
-603
-656
-707
-769
-823
-902
-993
-1038
-1071
-1091
-1124
-1141
-1117
-1074
-1006
-997
-992
-952
-912
-847
-709
-549
-439
-400
-357
-240
-98
22
73
77
89
137
216
313
386
374
220
42
-59
-55
-48
-84
-159
-209
-250
-277
-269
-238
-184
-170
-136
-23
159
320
399
409
418
489
601
709
783
818
808
766
747
727
710
648
551
469
434
448
433
366
239
89
-26
-76
-118
-131
-145
-140
-145
-136
-125
-150
-191
-246
-237
-225
-211
-196
-222
-253
-337
-432
-493
-547
-612
-745
-895
-1004
-1072
-1141
-1216
-1259
-1250
-1209
-1099
-991
-967
-954
-784
-501
-302
-256
-285
-265
-293
-343
-319
-159
-73
-203
-328
-273
-182
-301
-534
-612
-446
-337
-389
-450
-401
-354
-504
-723
-758
-580
-432
-358
-226
-36
64
66
132
318
471
497
505
650
832
895
852
800
746
655
581
619
704
702
637
588
636
678
609
520
487
547
622
678
677
641
594
555
537
494
435
366
349
349
372
347
261
178
118
105
42
-61
-164
-200
-232
-261
-315
-402
-546
-702
-784
-805
-787
-848
-917
-923
-859
-843
-854
-728
-477
-245
-130
11
199
307
307
310
329
233
5
-146
-120
-50
-68
-173
-295
-373
-393
-377
-362
-378
-393
-337
-203
-63
47
-17
-224
-366
-359
-265
-173
25
255
389
398
410
506
600
604
597
665
768
812
782
719
636
560
486
445
457
531
668
779
766
686
639
681
773
821
825
789
726
710
648
555
421
302
229
213
234
267
273
257
180
117
73
35
-26
-102
-148
-202
-256
-339
-435
-526
-577
-644
-760
-889
-957
-1011
-1068
-1142
-1090
-982
-788
-556
-270
78
326
306
30
-216
-188
-50
-109
-281
-344
-350
-483
-638
-601
-523
-680
-896
-776
-367
-90
-138
-243
-195
-156
-287
-500
-580
-516
-383
-348
-365
-340
-210
-63
47
131
189
236
317
473
565
507
340
235
241
305
378
452
508
559
636
696
672
591
508
484
495
587
661
639
526
422
365
262
125
-4
-31
31
180
245
312
260
203
65
5
-51
-86
-88
-90
-22
-51
-142
-395
-633
-760
-856
-947
-1044
-1105
-1097
-1122
-1157
-1277
-1344
-1349
-1159
-747
-198
342
642
602
355
47
-240
-573
-803
-799
-690
-633
-694
-692
-717
-819
-1000
-1081
-927
-642
-358
-182
-15
5
-172
-480
-785
-894
-916
-815
-711
-551
-421
-270
-132
-23
40
10
13
117
276
393
382
312
216
163
139
166
240
325
494
619
716
735
708
630
508
415
387
442
515
582
581
484
339
150
30
38
155
304
404
501
527
477
350
172
30
-84
-115
-140
-148
-125
-190
-291
-499
-694
-870
-1029
-1100
-1170
-1141
-1173
-1197
-1161
-979
-643
-317
76
479
729
677
404
192
-14
-327
-628
-775
-713
-719
-790
-779
-690
-737
-927
-970
-762
-434
-257
-144
54
268
285
-63
-390
-667
-761
-778
-659
-438
-293
-163
-97
45
178
223
227
277
393
440
346
238
156
169
222
284
375
502
633
744
840
826
726
663
684
773
823
795
740
657
620
516
403
248
184
262
471
724
826
852
782
665
490
319
210
181
139
152
202
231
113
-134
-338
-545
-633
-795
-824
-837
-747
-674
-725
-650
-549
-276
24
520
1159
1437
1230
662
181
-130
-449
-654
-690
-583
-654
-726
-600
-447
-461
-742
-815
-571
-251
-17
100
299
340
134
-252
-565
-619
-617
-593
-589
-480
-322
-165
41
215
315
228
155
180
215
217
101
56
-37
-22
74
228
419
516
587
583
628
658
609
533
407
386
447
537
594
533
423
263
109
17
32
226
458
688
805
864
767
601
364
161
17
-80
-64
-7
168
216
180
-158
-466
-752
-969
-1096
-1094
-913
-746
-602
-522
-377
-150
203
741
1384
1734
1535
852
275
-139
-409
-543
-524
-487
-687
-854
-768
-501
-492
-748
-810
-616
-303
-108
58
279
357
206
-179
-420
-479
-494
-525
-578
-493
-396
-241
-29
230
462
482
391
266
217
150
69
12
-46
-41
41
226
475
619
652
646
609
561
541
543
497
450
457
548
604
589
453
290
151
58
20
128
346
645
841
898
804
606
456
202
56
-78
-9
40
154
221
221
53
-274
-631
-907
-985
-995
-910
-870
-720
-470
-122
147
478
1042
1619
1764
1305
704
326
119
-124
-307
-347
-445
-691
-859
-646
-345
-355
-625
-712
-429
-92
55
40
117
142
3
-275
-474
-496
-452
-412
-466
-510
-509
-349
-59
240
402
338
286
232
185
75
-38
-119
-209
-225
-111
197
526
697
656
524
423
344
286
236
176
202
305
407
445
365
295
198
94
-22
-4
174
411
678
865
878
651
324
44
-142
-225
-241
-163
-9
102
96
-43
-312
-583
-773
-878
-897
-978
-962
-863
-592
-302
-128
180
711
1414
1673
1306
584
74
-181
-318
-316
-259
-371
-791
-1080
-912
-563
-500
-703
-747
-497
-246
-220
-285
-163
17
-4
-292
-582
-632
-506
-391
-459
-662
-826
-758
-476
-135
50
50
-7
-20
-73
-186
-297
-409
-546
-656
-536
-178
301
606
668
540
351
131
-96
-226
-285
-233
-168
-63
-43
-59
-137
-188
-261
-353
-426
-307
-97
235
497
651
590
311
-33
-381
-598
-762
-745
-558
-176
58
143
-126
-429
-911
-1194
-1327
-1297
-1181
-1024
-663
-376
-154
-79
162
766
1307
1282
665
56
-182
-319
-366
-355
-246
-445
-919
-1069
-774
-432
-581
-853
-745
-353
-15
-65
-123
-148
-170
-425
-803
-911
-682
-274
-159
-331
-580
-665
-475
-200
47
107
35
-80
-191
-246
-353
-423
-530
-643
-663
-408
42
483
679
619
448
218
-45
-244
-334
-306
-284
-273
-227
-192
-157
-177
-192
-256
-294
-251
-87
229
477
602
522
305
42
-232
-437
-627
-741
-754
-653
-466
-323
-242
-251
-415
-657
-926
-1065
-1058
-1011
-831
-594
-170
264
772
1293
1437
1043
172
-437
-622
-478
-291
-173
-105
-270
-474
-522
-369
-331
-578
-736
-532
-121
118
144
120
45
-242
-692
-1016
-901
-455
-85
2
-145
-256
-278
-136
4
75
45
-38
-79
-48
-5
-91
-251
-516
-739
-750
-451
115
606
830
736
561
338
88
-183
-397
-453
-442
-440
-418
-340
-231
-274
-408
-495
-462
-279
-101
165
345
507
417
195
-114
-340
-483
-632
-724
-770
-693
-576
-555
-638
-765
-876
-912
-960
-812
-621
-335
-182
17
432
1014
1594
1566
956
67
-515
-702
-740
-625
-434
-297
-411
-584
-370
23
143
-186
-506
-373
-49
184
183
202
178
-93
-519
-837
-693
-296
-2
42
-72
-97
21
277
542
623
529
319
167
114
122
111
9
-146
-295
-297
6
516
1020
1259
1137
872
608
475
283
83
-37
1
40
-23
-134
-157
-202
-352
-533
-537
-250
161
553
723
733
557
324
54
-126
-242
-318
-299
-266
-174
-191
-271
-501
-766
-926
-959
-778
-613
-352
45
597
1042
1284
1583
1917
1877
1189
253
-257
-279
-152
-70
-18
-38
-322
-438
-133
461
716
521
385
523
813
869
781
593
300
-103
-470
-418
-53
396
589
571
456
308
339
563
923
1123
1091
923
798
737
606
403
205
150
172
339
745
1312
1791
1908
1696
1336
1056
836
665
505
495
539
563
454
305
204
131
-8
-136
-142
139
556
935
1180
1157
985
607
280
38
-144
-188
-250
-114
-55
-26
-171
-483
-719
-1010
-1101
-1100
-823
-197
490
1228
1842
2473
2793
2408
1420
258
-323
-506
-434
-202
72
182
-251
-681
-602
-97
262
130
139
501
1020
1147
917
715
423
-18
-654
-880
-447
253
682
612
454
373
416
435
457
577
736
838
799
748
624
461
205
-74
-239
-68
433
1095
1611
1846
1757
1466
1084
708
409
152
95
197
398
412
261
30
-168
-330
-504
-514
-347
77
491
846
1028
965
659
275
7
-155
-308
-463
-469
-341
-272
-517
-969
-1325
-1461
-1496
-1450
-1339
-923
-282
517
1276
2042
2671
2708
1932
653
-318
-627
-612
-548
-461
-368
-502
-740
-739
-512
-272
-274
-251
31
482
885
1016
932
531
-52
-595
-827
-657
-298
187
464
481
290
233
420
615
583
321
207
366
562
531
267
12
-115
-177
-110
186
782
1392
1695
1636
1434
1277
1069
659
282
37
66
150
95
23
-86
-111
-306
-460
-508
-274
111
413
607
708
739
595
266
-31
-101
-17
12
-157
-289
-466
-682
-1080
-1460
-1676
-1631
-1462
-1258
-913
-422
237
919
1681
2362
2568
2001
914
-10
-412
-476
-420
-376
-397
-691
-1036
-1040
-700
-372
-401
-391
-81
435
810
897
886
635
135
-522
-873
-674
-123
351
460
382
272
286
385
512
575
482
342
198
129
77
0
-118
-290
-392
-241
230
880
1443
1743
1784
1584
1312
1066
898
734
512
351
276
219
30
-226
-438
-547
-513
-450
-251
62
420
651
669
633
449
278
49
-13
-35
-39
-99
-224
-415
-721
-1164
-1559
-1813
-1840
-1691
-1350
-837
-281
365
1024
1864
2407
2345
1590
623
11
-289
-310
-253
-157
-311
-826
-1246
-1247
-833
-578
-544
-480
-126
330
584
624
522
289
-150
-635
-876
-622
-45
397
448
237
63
106
319
496
501
404
333
263
144
-67
-331
-518
-668
-672
-408
173
842
1345
1528
1453
1265
1059
900
810
756
729
649
504
227
-105
-440
-703
-862
-816
-604
-248
122
421
548
532
378
183
26
-39
4
15
45
-47
-214
-518
-962
-1441
-1869
-2011
-1967
-1701
-1308
-777
-127
553
1263
1938
2250
1878
1000
300
82
98
3
-187
-321
-642
-1088
-1393
-1207
-796
-526
-309
-62
265
407
375
241
-1
-289
-640
-707
-500
-102
265
451
352
-16
-262
-183
239
574
606
479
430
416
115
-429
-870
-1004
-907
-674
-228
440
1097
1418
1372
1172
1021
930
838
752
742
856
855
667
233
-170
-529
-801
-894
-789
-415
-25
307
458
450
381
197
51
25
141
304
326
376
192
-83
-554
-1158
-1604
-1930
-1831
-1709
-1337
-923
-449
74
546
1211
1781
1987
1532
804
495
506
559
386
125
-164
-746
-1252
-1383
-979
-581
-380
-88
302
685
699
505
187
-239
-611
-848
-670
-278
125
422
536
480
150
-73
-39
314
597
614
551
514
453
62
-441
-802
-846
-715
-514
-144
376
948
1219
1210
1069
1008
1011
995
959
875
847
691
413
12
-330
-558
-674
-605
-451
-200
2
94
128
121
165
78
18
-16
79
237
305
272
61
-195
-550
-935
-1406
-1717
-1815
-1672
-1342
-788
-91
635
1330
1831
1808
1105
348
82
342
634
768
631
166
-645
-1282
-1351
-1072
-878
-780
-368
258
726
718
424
90
-259
-608
-888
-806
-450
-73
122
100
44
-59
-57
137
491
789
790
631
430
268
-50
-504
-909
-1072
-850
-451
35
369
535
539
473
483
512
738
983
1167
1170
988
695
338
-144
-648
-991
-961
-713
-351
-142
-7
17
-68
-241
-439
-411
-295
-44
67
187
180
134
-173
-547
-929
-1067
-1258
-1422
-1599
-1588
-1287
-834
-179
463
1213
1583
1366
719
293
264
452
599
725
486
-224
-1133
-1543
-1321
-1013
-919
-802
-353
153
383
325
168
42
-136
-258
-291
-218
-109
-54
-81
-275
-506
-578
-337
215
742
1026
1013
850
627
265
-108
-501
-717
-834
-720
-387
11
265
273
197
138
172
380
686
1053
1267
1254
1044
631
174
-298
-572
-692
-648
-526
-432
-390
-439
-437
-405
-363
-348
-325
-196
-93
-45
-34
-74
-112
-375
-579
-770
-892
-986
-1112
-1082
-1133
-1035
-907
-629
21
785
1462
1380
843
430
302
487
532
658
483
-166
-942
-1354
-1068
-890
-911
-905
-582
-23
199
298
236
202
120
-91
-112
-150
-24
103
151
59
-338
-586
-605
-115
479
768
742
574
596
469
254
-84
-345
-442
-456
-231
24
228
172
-49
-168
-94
250
627
922
1026
956
759
343
-134
-534
-603
-535
-389
-401
-479
-649
-807
-884
-829
-655
-557
-396
-258
-144
-179
-345
-455
-565
-669
-764
-875
-897
-1018
-1040
-1143
-1082
-965
-839
-618
-181
590
1091
1010
435
95
245
502
593
569
332
-290
-1125
-1502
-1297
-969
-926
-931
-567
-126
105
21
-43
4
104
203
217
320
335
369
299
143
-144
-432
-354
136
725
921
704
392
204
138
69
73
142
241
283
244
213
135
-13
-197
-217
33
516
990
1186
1129
877
648
367
60
-181
-167
-21
127
89
-81
-414
-706
-783
-679
-403
-307
-138
-69
52
-37
-190
-326
-463
-522
-648
-665
-762
-827
-942
-939
-826
-633
-526
-402
-55
521
961
783
335
141
506
856
926
735
277
-456
-1219
-1394
-1092
-806
-802
-761
-456
-184
-203
-386
-404
-208
67
284
436
538
460
273
67
-34
-150
-203
45
571
1023
957
491
64
-87
-108
-122
-17
214
467
514
374
179
-12
-206
-317
-268
54
497
896
1001
844
570
258
10
-182
-233
-211
-144
-82
-103
-259
-536
-814
-828
-718
-519
-411
-330
-170
-114
-154
-333
-441
-514
-739
-889
-1101
-1062
-1044
-931
-805
-736
-575
-556
-479
-294
184
682
699
410
350
681
974
778
422
-108
-771
-1452
-1570
-1013
-592
-578
-766
-663
-461
-533
-711
-795
-453
16
368
552
581
451
7
-358
-485
-325
-40
288
725
978
835
332
-121
-271
-280
-202
-21
293
535
546
367
86
-128
-251
-265
-115
215
606
797
714
487
297
164
14
-113
-181
-211
-249
-291
-289
-322
-469
-667
-681
-622
-550
-609
-571
-409
-249
-117
-156
-208
-537
-938
-1290
-1385
-1378
-1331
-1174
-895
-611
-522
-551
-590
-332
103
502
433
221
321
718
989
800
435
-209
-1036
-1716
-1723
-1170
-791
-862
-1049
-978
-816
-857
-1066
-1041
-644
-39
343
486
328
114
-139
-353
-428
-411
-167
209
642
773
514
94
-163
-224
-228
-222
-112
41
150
166
116
-14
-131
-188
-172
-107
45
299
472
462
284
172
118
19
-176
-346
-491
-565
-606
-541
-487
-570
-747
-900
-893
-920
-882
-780
-530
-271
-231
-207
-318
-630
-1072
-1463
-1506
-1512
-1469
-1359
-1200
-975
-925
-883
-877
-707
-196
215
346
100
97
436
677
598
228
-223
-904
-1593
-1719
-1385
-1057
-1219
-1491
-1457
-1313
-1257
-1449
-1408
-1007
-408
-29
-43
-224
-457
-546
-573
-536
-401
-256
2
265
362
138
-215
-382
-312
-126
-107
-109
-169
-185
-215
-253
-237
-222
-144
-191
-249
-259
-38
162
187
15
-79
-65
-66
-189
-432
-605
-739
-745
-720
-689
-785
-961
-1097
-1173
-1162
-1130
-959
-760
-559
-570
-650
-767
-956
-1194
-1459
-1482
-1563
-1528
-1572
-1481
-1396
-1370
-1291
-1299
-1041
-558
79
329
30
-147
43
376
371
130
-119
-615
-1312
-1647
-1416
-1089
-1297
-1690
-1804
-1654
-1533
-1688
-1612
-1350
-804
-430
-334
-442
-734
-835
-858
-632
-431
-258
-41
111
203
-83
-381
-484
-291
-44
-16
-91
-206
-236
-240
-294
-301
-250
-157
-77
-148
-140
-72
120
142
-11
-120
-170
-111
-221
-358
-523
-646
-638
-682
-676
-827
-1004
-1131
-1212
-1108
-1036
-826
-683
-561
-491
-584
-650
-952
-1098
-1150
-1067
-971
-1122
-1160
-1292
-1338
-1390
-1341
-999
-865
-565
-198
356
529
72
-130
-6
375
304
39
-78
-500
-953
-1263
-1068
-842
-1140
-1419
-1573
-1273
-1074
-1127
-1060
-925
-434
-263
-296
-425
-562
-483
-543
-363
-212
1
224
246
226
-16
-150
-152
3
205
188
137
71
82
116
55
43
34
109
121
135
305
479
547
348
125
58
69
123
42
-25
-160
-249
-342
-461
-583
-720
-788
-842
-794
-685
-503
-419
-382
-422
-420
-477
-682
-884
-965
-801
-730
-799
-985
-1102
-1179
-1247
-1079
-815
-613
-486
-128
482
802
553
194
199
461
494
384
315
50
-466
-930
-795
-500
-647
-1079
-1371
-1200
-981
-905
-922
-850
-510
-336
-359
-529
-527
-384
-357
-323
-256
-26
218
343
308
94
-87
-123
9
261
398
353
165
50
15
-18
40
111
156
118
135
241
364
432
362
201
31
-24
42
100
113
-31
-204
-319
-486
-663
-867
-838
-748
-641
-544
-537
-417
-452
-401
-518
-528
-633
-782
-801
-783
-674
-846
-1058
-1203
-1184
-1128
-1134
-1071
-870
-632
-158
396
853
671
221
99
260
437
349
350
142
-339
-651
-560
-245
-511
-1085
-1396
-1279
-863
-772
-771
-782
-518
-284
-391
-550
-611
-428
-375
-323
-143
86
262
240
226
148
101
52
114
336
479
497
309
198
148
164
112
68
60
69
167
314
434
417
236
53
-72
-13
159
295
292
160
25
-116
-261
-427
-578
-679
-686
-672
-590
-484
-376
-354
-404
-469
-555
-653
-747
-823
-715
-632
-560
-684
-865
-1008
-1203
-1279
-1297
-1034
-735
-529
-131
382
809
626
119
-36
108
359
295
258
92
-318
-603
-641
-396
-525
-993
-1255
-1124
-674
-527
-566
-606
-461
-294
-436
-575
-581
-387
-280
-238
-125
-62
-30
-3
92
157
75
50
123
352
467
362
208
123
192
224
180
161
161
217
224
230
243
221
165
50
21
107
161
167
38
-18
-95
-190
-298
-442
-448
-512
-575
-649
-615
-427
-360
-369
-456
-496
-519
-676
-716
-639
-407
-363
-581
-857
-1031
-1034
-1127
-1238
-1117
-851
-591
-557
-288
249
624
470
-39
-96
220
466
396
236
151
-204
-603
-700
-473
-326
-649
-956
-951
-654
-444
-447
-404
-314
-328
-507
-583
-442
-284
-201
-145
-90
-131
-193
-151
12
156
182
157
235
416
487
349
179
165
273
315
253
206
199
243
196
110
77
120
132
30
-29
48
163
145
4
-123
-172
-230
-258
-322
-368
-442
-517
-575
-523
-398
-351
-484
-570
-630
-559
-584
-634
-574
-503
-403
-640
-811
-1016
-1139
-1267
-1304
-1101
-827
-697
-659
-668
-384
-29
228
88
-295
-231
30
316
241
156
13
-480
-928
-894
-405
-173
-465
-707
-666
-434
-259
-256
-239
-369
-400
-465
-490
-349
-189
-54
-190
-348
-419
-381
-140
115
286
239
154
258
318
364
343
409
518
465
362
242
304
461
491
406
235
203
228
166
119
91
201
228
189
81
-39
-110
-164
-193
-180
-217
-227
-294
-307
-220
-246
-343
-574
-525
-415
-378
-426
-488
-348
-312
-465
-692
-994
-1007
-1045
-972
-901
-851
-723
-804
-763
-724
-568
-276
-72
175
4
-271
-246
-43
305
179
59
-250
-647
-664
-332
295
244
-207
-499
-437
-110
-95
-176
-272
-376
-357
-498
-478
-390
-285
-213
-379
-401
-430
-321
-73
161
389
357
281
247
289
459
540
553
517
398
370
331
404
440
353
260
109
127
115
90
68
62
162
123
7
-105
-126
-123
-134
-132
-146
-149
-157
-149
-232
-323
-365
-343
-299
-294
-243
-282
-325
-388
-487
-564
-724
-874
-930
-961
-884
-971
-1066
-1131
-1159
-1059
-1017
-931
-886
-719
-332
-120
-211
-582
-699
-368
-133
-97
-195
-176
-217
-439
-276
119
293
-41
-493
-490
-356
-222
-271
-447
-511
-533
-548
-700
-833
-691
-529
-460
-547
-634
-503
-278
20
67
56
107
217
285
211
248
317
352
303
203
149
107
54
49
77
68
-57
-164
-105
-4
22
-110
-211
-218
-180
-134
-160
-170
-167
-174
-249
-327
-376
-384
-362
-322
-255
-224
-206
-327
-426
-474
-438
-387
-500
-595
-712
-731
-794
-905
-1007
-1113
-1117
-1104
-1107
-1078
-1026
-937
-914
-920
-675
-432
-353
-636
-763
-436
-44
187
142
243
186
-76
-62
249
564
263
-174
-279
-180
-60
-202
-321
-411
-431
-426
-559
-595
-476
-350
-351
-457
-406
-313
-181
26
218
267
130
113
243
390
453
448
464
431
347
291
302
356
293
241
172
160
169
169
120
-5
-34
78
196
136
29
-63
-114
-166
-141
-7
2
6
-38
45
102
-11
-59
-119
7
63
-79
-173
-323
-279
-355
-490
-579
-712
-680
-768
-857
-930
-1043
-1002
-1085
-1049
-1020
-1059
-978
-834
-361
-78
-234
-438
-367
134
397
508
642
591
262
-56
328
848
747
97
-313
-191
-42
-87
-236
-300
-356
-432
-496
-561
-483
-355
-334
-419
-453
-349
-255
-187
-27
186
285
219
218
305
390
377
326
364
403
458
470
418
320
270
271
255
193
221
291
226
67
49
138
125
-24
-95
-51
26
43
98
87
125
148
197
106
-4
9
95
193
81
-58
-223
-304
-351
-383
-467
-586
-795
-861
-926
-910
-1014
-1204
-1392
-1536
-1460
-1259
-1083
-1033
-1104
-958
-532
-82
26
-265
-319
-16
375
488
476
571
438
-15
-218
141
560
311
-357
-591
-347
-159
-307
-535
-465
-388
-404
-664
-918
-876
-653
-392
-415
-494
-581
-638
-536
-250
32
86
-89
-98
-15
176
321
349
366
249
234
300
394
453
346
280
154
78
36
-42
-56
-53
-2
72
25
-10
-79
-92
-10
129
288
233
107
28
27
29
-26
-129
-195
-222
-197
-307
-505
-601
-601
-506
-628
-796
-935
-994
-1026
-1136
-1167
-1167
-1222
-1311
-1427
-1294
-1045
-904
-895
-972
-644
-225
14
-216
-511
-243
163
340
176
128
198
-45
-213
-22
363
254
-310
-560
-408
-214
-350
-596
-646
-511
-407
-557
-808
-872
-754
-606
-615
-674
-706
-629
-441
-208
-55
-45
-64
15
209
356
430
449
468
550
558
535
414
333
272
258
288
263
249
161
59
61
172
338
315
225
185
194
236
285
376
406
268
84
-11
54
74
-37
-144
-156
-91
-204
-316
-399
-366
-403
-462
-535
-630
-680
-702
-584
-620
-749
-939
-1082
-1111
-1032
-885
-796
-832
-754
-603
-360
-162
-56
-97
-284
-159
195
427
377
230
291
152
-27
4
222
205
-196
-379
-301
-231
-358
-541
-520
-453
-526
-744
-963
-904
-693
-533
-571
-650
-617
-560
-455
-217
67
188
94
61
198
380
441
405
373
360
314
288
296
326
285
200
184
189
212
141
83
87
119
115
62
4
20
40
59
28
-15
-64
-174
-210
-229
-185
-210
-294
-326
-273
-218
-262
-357
-319
-203
-164
-273
-446
-551
-641
-627
-590
-686
-890
-1172
-1213
-1140
-1082
-1100
-1160
-1171
-1113
-944
-664
-416
-280
-322
-454
-433
-201
111
198
143
68
-57
-263
-302
-9
167
-132
-557
-631
-490
-550
-716
-705
-580
-589
-766
-901
-867
-709
-609
-582
-559
-491
-464
-435
-277
-62
32
-37
-77
41
224
259
188
203
314
380
387
408
393
300
233
306
401
370
258
189
133
76
57
100
106
35
-31
-40
-22
-60
-124
-168
-122
-54
22
42
3
-25
97
226
184
1
-96
0
83
4
-165
-294
-383
-472
-595
-701
-821
-963
-1039
-1064
-1111
-1240
-1301
-1241
-1118
-1059
-1016
-901
-730
-597
-527
-460
-486
-475
-323
-58
99
19
-136
-244
-300
-235
-65
25
-193
-526
-525
-296
-203
-432
-687
-680
-525
-412
-519
-726
-809
-730
-550
-439
-397
-418
-478
-439
-248
6
151
144
123
246
412
467
416
396
446
503
523
485
432
375
351
369
360
252
105
-31
-15
106
143
53
-17
55
159
125
18
28
151
231
242
260
333
355
309
238
270
316
294
208
85
16
-65
-110
-188
-332
-487
-580
-562
-593
-705
-826
-963
-1024
-1042
-1048
-993
-951
-915
-987
-1040
-879
-597
-423
-429
-481
-486
-443
-297
-44
135
161
103
9
-63
-50
153
308
215
-33
-172
-92
-13
-48
-160
-220
-227
-317
-499
-546
-400
-304
-386
-442
-333
-257
-299
-290
-75
117
88
4
71
281
443
444
438
518
554
472
416
539
652
572
408
353
454
465
281
111
138
264
232
119
90
171
253
273
272
260
268
311
345
352
363
371
328
227
192
174
155
106
81
35
-45
-154
-234
-295
-391
-485
-555
-639
-780
-947
-999
-943
-956
-1118
-1277
-1249
-1184
-1219
-1307
-1246
-1031
-882
-857
-812
-635
-402
-323
-377
-346
-141
96
181
126
89
130
198
256
259
185
47
-31
-40
8
-3
-68
-176
-268
-254
-244
-326
-477
-544
-466
-379
-283
-179
-144
-187
-186
-58
153
330
439
511
590
637
660
660
678
732
758
722
636
612
611
596
584
597
634
637
639
645
700
744
691
639
637
732
791
749
701
716
728
673
592
571
613
563
444
301
248
271
276
213
61
-66
-106
-164
-327
-511
-544
-505
-562
-691
-747
-760
-796
-884
-920
-878
-821
-815
-840
-752
-580
-453
-470
-489
-394
-225
-120
-123
-123
-35
128
221
203
222
310
332
249
175
222
327
346
271
177
158
203
204
140
87
91
147
197
279
352
321
252
255
337
440
528
562
564
597
701
827
878
869
891
935
977
1008
1020
1051
1080
1069
1007
999
1013
987
950
916
931
960
1004
1002
931
867
891
928
878
770
747
780
745
681
625
579
533
463
395
296
233
205
167
92
20
-49
-121
-160
-228
-262
-299
-318
-388
-444
-443
-442
-459
-494
-474
-458
-443
-437
-418
-411
-399
-394
-406
-370
-355
-330
-344
-348
-287
-175
-89
-92
-79
7
113
152
139
165
264
329
327
347
423
487
444
392
427
512
533
472
441
510
634
727
731
686
685
722
816
903
938
902
846
880
955
1043
1064
1017
985
1017
1111
1180
1166
1092
1007
997
1050
1099
1129
1109
1022
970
974
1032
1049
988
904
866
901
942
932
870
785
713
643
570
510
465
394
304
199
140
141
124
91
30
-15
-30
-18
-4
-3
1
-12
-72
-163
-223
-220
-216
-261
-340
-418
-449
-481
-539
-607
-670
-714
-714
-698
-650
-602
-598
-600
-579
-478
-390
-381
-410
-414
-329
-220
-134
-95
-52
63
173
267
362
454
520
573
620
682
784
823
805
802
805
812
781
744
713
683
656
621
569
559
594
607
591
638
727
790
779
750
766
789
792
815
855
891
899
879
873
859
840
835
838
811
773
749
747
711
659
616
593
535
457
430
420
388
339
314
295
249
199
175
168
140
113
71
31
41
49
2
-57
-120
-152
-195
-232
-256
-260
-259
-310
-381
-440
-422
-452
-533
-604
-666
-675
-711
-760
-796
-809
-809
-827
-841
-827
-777
-726
-647
-517
-391
-277
-210
-129
-18
125
259
342
399
477
604
714
747
767
790
792
730
671
649
658
678
650
596
541
489
443
422
395
364
332
331
384
422
388
324
323
367
412
450
473
463
459
467
469
495
523
545
553
536
529
535
564
569
529
455
415
392
354
313
268
248
221
143
60
6
-12
-3
-42
-97
-114
-89
-81
-124
-191
-219
-231
-250
-297
-382
-433
-444
-470
-510
-565
-598
-633
-703
-784
-809
-756
-750
-771
-828
-871
-879
-895
-901
-896
-858
-861
-876
-850
-766
-654
-581
-531
-477
-411
-306
-217
-143
-43
58
104
124
165
252
331
364
395
444
513
562
566
547
539
526
482
451
483
518
468
355
287
268
265
273
254
235
219
248
294
349
399
424
427
427
449
451
438
421
451
474
473
432
397
410
429
425
403
374
367
370
341
327
305
277
259
228
174
123
82
23
-47
-98
-129
-181
-252
-305
-353
-375
-381
-380
-405
-437
-450
-477
-484
-494
-495
-503
-513
-505
-512
-525
-531
-537
-545
-552
-569
-579
-574
-543
-520
-524
-553
-569
-544
-535
-542
-526
-476
-445
-447
-434
-415
-386
-340
-312
-279
-231
-183
-166
-142
-90
-69
-47
-20
35
109
194
243
294
373
443
503
527
577
604
589
575
580
569
539
489
458
431
406
373
308
283
306
340
324
286
276
295
286
264
278
292
299
256
181
158
182
211
222
193
167
156
164
171
155
171
174
157
100
85
96
94
51
-32
-81
-116
-119
-130
-153
-180
-204
-214
-246
-242
-253
-253
-239
-253
-251
-278
-265
-246
-238
-264
-291
-261
-218
-217
-229
-239
-247
-272
-308
-341
-376
-406
-439
-467
-496
-527
-579
-628
-631
-596
-562
-550
-535
-509
-437
-335
-252
-169
-104
-46
26
122
206
274
330
393
450
499
548
591
632
661
711
779
822
836
834
811
793
778
771
730
677
648
610
553
494
448
387
325
273
266
284
300
294
270
291
322
341
320
304
335
377
405
399
398
407
437
448
450
434
399
382
366
349
317
284
263
253
231
203
168
139
102
56
40
37
24
25
38
52
47
37
27
13
16
12
8
-10
-33
-66
-77
-47
-11
-21
-36
-25
14
31
24
4
5
29
11
-12
-32
-18
14
-3
-26
-49
-54
-56
-63
-18
59
101
91
87
125
186
240
275
306
355
407
439
450
476
517
537
535
555
603
644
664
641
636
654
682
689
668
635
616
636
639
619
587
559
509
468
462
472
468
415
378
345
328
333
354
371
370
355
333
322
310
316
310
302
286
282
302
321
315
279
248
237
204
179
177
178
163
123
101
84
83
97
120
123
104
76
87
93
85
70
45
42
65
88
85
54
30
24
53
84
107
137
141
163
177
190
202
196
199
183
172
168
189
182
140
102
68
60
57
57
74
103
91
60
34
4
0
7
12
4
0
8
4
14
19
43
74
105
153
201
240
296
355
399
411
437
481
514
558
585
601
616
645
652
644
610
575
557
578
604
569
500
438
400
355
329
302
265
229
219
236
222
184
150
131
148
159
147
145
169
208
248
265
281
275
269
266
251
248
275
298
294
286
275
291
321
328
317
308
306
303
303
322
351
345
321
287
282
276
273
276
293
310
318
297
275
283
274
267
259
238
226
214
201
193
178
147
110
75
49
26
23
5
-41
-84
-108
-121
-143
-168
-211
-238
-262
-269
-268
-259
-261
-259
-228
-192
-139
-100
-71
-57
-21
34
87
127
157
167
187
220
248
274
289
311
292
290
315
322
321
318
308
293
259
263
263
258
250
221
215
212
207
212
192
142
113
128
142
154
162
152
158
148
153
147
151
173
180
188
201
238
275
286
259
257
278
307
324
333
379
387
374
361
354
357
359
368
360
344
339
332
315
300
273
252
235
212
212
231
242
219
183
159
156
171
162
151
167
175
172
164
135
129
132
123
100
57
22
-9
-28
-56
-103
-155
-185
-215
-249
-298
-322
-341
-362
-380
-381
-370
-376
-381
-368
-352
-348
-322
-285
-241
-202
-164
-128
-84
-35
14
77
146
196
234
255
298
331
353
385
415
430
434
457
458
442
428
419
406
373
353
344
328
313
306
303
294
289
296
300
315
324
343
362
368
392
411
426
434
427
426
457
475
496
506
510
519
499
491
506
499
485
462
441
442
432
422
408
376
357
369
364
349
333
341
346
334
349
369
372
349
307
280
276
282
253
215
187
144
147
121
84
55
14
-33
-104
-167
-201
-202
-232
-278
-332
-363
-372
-377
-381
-394
-417
-424
-415
-406
-397
-366
-328
-312
-303
-295
-265
-240
-215
-186
-160
-130
-103
-73
-66
-37
4
42
82
112
129
163
203
227
277
321
363
412
446
465
486
511
550
557
535
507
521
546
551
534
502
486
492
520
527
520
503
494
485
496
506
496
472
461
486
522
534
520
497
475
481
503
516
525
532
526
512
498
484
469
465
441
414
393
370
323
261
232
233
203
143
110
98
104
80
38
-4
-46
-63
-68
-59
-53
-79
-105
-157
-174
-177
-172
-151
-158
-172
-170
-172
-183
-203
-223
-236
-279
-301
-307
-314
-307
-310
-311
-341
-367
-366
-379
-376
-354
-324
-299
-258
-240
-231
-220
-204
-161
-125
-94
-73
-51
-18
25
45
66
101
143
200
256
290
316
338
371
392
412
430
486
528
549
567
594
637
660
673
663
650
671
692
722
736
722
679
645
625
612
600
572
559
524
516
512
497
464
410
373
339
312
289
287
284
268
236
205
197
194
185
146
115
107
95
104
114
122
116
91
63
68
91
82
78
61
56
47
25
14
-3
-22
-53
-63
-60
-82
-95
-120
-135
-153
-156
-155
-159
-160
-168
-191
-221
-231
-245
-267
-266
-260
-265
-265
-240
-214
-202
-205
-209
-206
-198
-183
-170
-166
-167
-163
-165
-160
-139
-117
-92
-72
-54
-44
-19
13
40
72
119
129
149
185
235
253
264
300
331
373
405
408
418
415
405
418
431
430
442
435
423
406
387
375
336
314
291
253
238
244
239
221
201
177
161
173
191
184
188
190
196
202
195
180
162
142
137
110
98
93
92
88
75
63
44
37
37
60
61
67
56
47
52
54
55
43
56
67
64
59
55
39
40
45
38
52
75
87
93
91
98
113
109
116
120
129
121
106
97
107
106
95
70
65
67
46
32
8
13
34
41
45
17
-11
-25
-34
-23
-15
4
-10
-12
13
33
43
30
3
-2
7
15
36
28
46
58
63
66
63
50
38
47
64
82
106
123
121
134
143
132
111
110
129
151
157
129
131
138
145
152
157
156
145
146
144
162
187
191
178
145
140
159
173
187
187
165
140
107
79
69
73
73
68
56
45
49
57
51
55
81
113
133
131
141
139
134
156
169
185
208
215
216
211
218
230
227
224
211
187
164
145
130
142
141
135
123
98
100
104
102
89
75
65
61
65
83
113
130
128
125
117
119
133
143
144
157
159
167
154
124
109
97
82
56
33
7
-6
8
16
18
-10
-38
-46
-45
-35
-16
-16
-26
-20
-1
16
34
32
33
37
51
73
95
116
127
120
110
130
147
159
162
169
185
174
183
201
202
184
179
180
192
225
261
297
301
291
294
286
277
297
314
318
315
307
299
317
322
281
245
232
224
213
206
194
185
171
157
149
140
127
126
126
130
151
169
185
184
175
179
184
202
222
242
265
264
261
262
264
258
250
235
227
215
202
186
171
144
123
104
76
66
76
77
72
58
31
16
-2
-7
-14
-25
-31
-35
-50
-63
-81
-86
-98
-109
-96
-90
-89
-88
-92
-108
-111
-98
-91
-88
-86
-77
-70
-74
-63
-71
-76
-79
-67
-54
-48
-45
-20
7
22
39
56
81
106
126
159
198
221
227
245
280
307
338
339
356
366
375
370
363
381
402
401
389
387
383
387
403
394
388
392
392
397
385
389
374
344
329
321
334
342
342
326
306
278
265
271
264
249
236
250
251
254
242
225
224
223
210
197
175
158
150
149
130
104
97
90
78
46
27
-7
-23
-41
-65
-83
-101
-117
-130
-146
-161
-171
-171
-197
-212
-220
-235
-255
-280
-280
-274
-262
-244
-236
-228
-219
-219
-212
-197
-189
-184
-186
-192
-193
-188
-167
-178
-184
-172
-166
-143
-141
-158
-167
-187
-185
-170
-149
-162
-155
-138
-109
-67
-78
-96
-90
-54
-15
21
52
54
59
90
100
120
157
185
194
207
229
232
227
222
193
171
170
189
184
174
155
152
133
118
123
128
134
123
109
116
128
116
93
73
64
53
70
72
77
80
52
8
-27
-31
-47
-54
-58
-74
-97
-106
-120
-129
-120
-118
-138
-158
-173
-174
-160
-180
-197
-193
-182
-176
-172
-201
-223
-220
-207
-190
-182
-185
-213
-232
-242
-249
-271
-280
-280
-267
-251
-247
-252
-262
-272
-270
-256
-269
-276
-253
-219
-188
-197
-216
-238
-244
-214
-198
-197
-188
-182
-177
-167
-164
-181
-194
-194
-180
-154
-134
-127
-114
-96
-97
-113
-145
-159
-138
-114
-111
-106
-99
-91
-90
-102
-106
-111
-117
-111
-108
-103
-88
-60
-48
-38
-38
-46
-41
-37
-12
-11
-10
-18
-29
-27
-24
-31
-26
-29
-24
-39
-57
-57
-62
-61
-74
-89
-111
-118
-118
-122
-119
-133
-155
-167
-192
-210
-215
-223
-222
-252
-282
-301
-311
-316
-328
-321
-320
-321
-334
-348
-355
-332
-313
-311
-313
-317
-311
-294
-286
-267
-257
-256
-252
-263
-249
-238
-242
-234
-242
-234
-218
-197
-198
-195
-194
-192
-177
-184
-182
-192
-202
-202
-186
-178
-166
-167
-187
-213
-220
-231
-224
-199
-190
-187
-177
-170
-166
-165
-160
-165
-168
-155
-152
-147
-146
-128
-123
-127
-135
-135
-106
-82
-74
-79
-89
-93
-85
-79
-63
-70
-69
-60
-54
-43
-30
-28
-25
-30
-30
-16
-10
-10
-10
-34
-46
-37
-31
-29
-47
-70
-70
-70
-76
-53
-49
-58
-67
-73
-82
-93
-80
-87
-90
-99
-94
-104
-95
-81
-97
-102
-97
-96
-98
-92
-93
-122
-139
-139
-138
-121
-129
-129
-124
-123
-139
-150
-148
-149
-150
-150
-128
-120
-109
-105
-114
-122
-112
-82
-87
-89
-94
-102
-93
-81
-67
-56
-35
-27
-28
-29
-49
-56
-47
-36
-16
-28
-25
-31
-38
-20
-18
-30
-53
-46
-36
-18
-15
6
17
-2
-11
-3
28
78
113
120
115
92
79
83
83
90
73
68
85
98
112
106
102
102
120
125
129
136
145
156
160
159
155
160
159
156
166
154
170
205
219
243
238
232
240
241
242
251
269
281
263
258
256
271
283
271
265
257
284
299
320
315
295
273
274
279
289
298
307
310
286
266
234
200
197
214
220
194
164
150
138
148
145
140
123
109
130
140
149
148
149
160
170
179
188
201
191
198
211
224
242
247
243
227
216
214
215
213
197
172
159
150
147
139
122
105
90
78
70
52
46
43
40
30
25
24
5
8
6
6
12
14
19
13
13
8
2
7
15
28
38
45
47
44
39
46
48
57
61
77
99
112
128
135
147
163
165
161
150
157
172
195
203
198
191
176
173
179
177
165
165
170
185
213
215
211
186
171
181
201
208
209
206
193
185
176
165
159
144
138
135
137
132
117
99
84
79
71
64
70
80
84
101
91
79
73
76
64
51
37
13
-1
-6
-3
-24
-39
-62
-72
-65
-58
-58
-60
-48
-45
-37
-31
-27
-28
-26
-24
-13
-7
-1
-3
-6
-11
-21
-13
2
4
10
10
8
7
1
-2
-2
1
-4
-14
-7
8
-14
-17
-15
8
27
27
33
26
24
33
55
65
81
82
75
80
100
117
119
118
130
138
139
158
167
163
149
162
163
172
190
191
185
163
161
149
169
187
195
184
178
181
193
198
195
188
169
171
165
156
140
128
116
102
77
42
8
-11
-11
-9
-9
-9
-8
0
3
-12
-39
-42
-33
-33
-33
-56
-71
-84
-79
-72
-67
-59
-57
-34
-37
-44
-60
-67
-48
-18
-20
-47
-78
-93
-57
-22
8
-19
-63
-74
-58
-5
19
9
-6
-13
0
21
27
29
29
37
41
51
58
58
53
44
26
32
40
40
68
63
62
52
46
54
75
107
130
146
151
154
158
152
141
141
155
192
202
202
182
155
151
152
158
175
173
162
155
162
180
176
173
159
168
178
177
175
176
173
189
199
210
203
203
200
205
219
208
208
192
178
142
121
119
110
96
58
48
44
48
49
42
39
23
26
28
30
8
7
11
4
9
-5
-11
-4
-4
-17
-7
7
11
3
-11
-25
-48
-47
-49
-48
-47
-29
-32
-39
-35
-61
-67
-78
-84
-113
-122
-114
-110
-100
-92
-83
-107
-127
-130
-130
-115
-114
-119
-105
-90
-103
-110
-108
-105
-95
-108
-117
-102
-88
-89
-86
-78
-73
-66
-54
-46
-36
-42
-38
-35
-45
-43
-27
-16
3
4
6
17
9
2
-8
-21
-29
-18
-16
-12
-16
-8
-16
-24
-20
-15
2
8
20
12
-7
-22
-36
-45
-56
-68
-84
-86
-86
-96
-95
-74
-56
-68
-79
-106
-119
-120
-114
-105
-110
-100
-99
-106
-130
-165
-185
-198
-211
-219
-220
-232
-255
-272
-262
-264
-253
-262
-270
-276
-292
-287
-278
-275
-287
-286
-281
-266
-259
-273
-282
-299
-292
-285
-274
-258
-267
-268
-265
-272
-287
-291
-292
-274
-255
-248
-260
-285
-290
-286
-278
-264
-277
-287
-290
-280
-267
-267
-261
-282
-284
-274
-258
-261
-273
-275
-267
-260
-268
-280
-288
-286
-279
-280
-270
-265
-275
-270
-260
-258
-256
-255
-253
-259
-257
-248
-245
-239
-223
-223
-231
-215
-205
-198
-202
-208
-221
-230
-224
-231
-239
-226
-229
-246
-262
-263
-276
-296
-298
-300
-317
-325
-329
-316
-319
-324
-316
-329
-310
-308
-324
-314
-307
-309
-311
-318
-326
-322
-329
-328
-323
-340
-340
-320
-319
-329
-342
-372
-378
-373
-355
-346
-374
-390
-402
-398
-387
-399
-392
-393
-411
-409
-398
-378
-360
-341
-348
-375
-393
-395
-397
-373
-355
-381
-403
-408
-398
-395
-404
-405
-416
-421
-422
-423
-433
-445
-438
-430
-412
-408
-410
-403
-391
-380
-367
-357
-338
-323
-335
-334
-338
-335
-327
-301
-291
-284
-277
-265
-262
-264
-257
-264
-273
-270
-270
-268
-239
-224
-224
-222
-208
-197
-195
-180
-158
-118
-102
-99
-104
-128
-140
-126
-112
-113
-123
-144
-158
-169
-166
-152
-161
-172
-180
-188
-178
-166
-154
-161
-152
-137
-136
-111
-95
-84
-67
-58
-52
-36
-25
-10
-11
-18
-7
-5
-3
-14
-32
-53
-53
-37
-24
-15
-24
-39
-52
-54
-66
-80
-81
-71
-64
-53
-55
-63
-84
-91
-103
-107
-111
-108
-113
-108
-94
-101
-105
-125
-113
-100
-83
-74
-60
-63
-74
-66
-64
-52
-47
-43
-43
-51
-53
-57
-51
-45
-49
-51
-54
-41
-40
-31
-27
-35
-45
-62
-69
-85
-87
-89
-98
-117
-132
-129
-113
-107
-124
-139
-155
-143
-143
-152
-148
-160
-162
-171
-172
-161
-166
-150
-145
-162
-169
-178
-179
-183
-182
-166
-163
-154
-149
-156
-153
-163
-170
-183
-178
-182
-196
-200
-233
-239
-258
-267
-284
-291
-311
-327
-341
-340
-341
-353
-349
-361
-369
-356
-357
-359
-351
-348
-341
-347
-351
-355
-355
-347
-348
-351
-355
-368
-370
-382
-379
-388
-411
-398
-399
-396
-411
-419
-423
-428
-423
-432
-440
-436
-435
-413
-410
-398
-404
-401
-392
-375
-369
-380
-382
-382
-355
-346
-336
-350
-364
-358
-347
-348
-350
-363
-376
-383
-397
-406
-405
-394
-391
-384
-396
-409
-394
-383
-370
-371
-384
-387
-372
-357
-355
-364
-387
-407
-404
-390
-369
-359
-374
-397
-410
-421
-421
-408
-405
-410
-421
-414
-409
-404
-392
-372
-370
-383
-389
-378
-375
-378
-381
-396
-410
-438
-435
-428
-418
-411
-411
-404
-411
-429
-434
-444
-442
-452
-463
-474
-473
-462
-474
-479
-504
-522
-523
-496
-476
-466
-463
-467
-454
-455
-442
-417
-395
-386
-379
-381
-386
-385
-405
-418
-429
-416
-429
-424
-430
-440
-431
-446
-448
-448
-435
-421
-424
-420
-421
-438
-451
-455
-438
-427
-407
-398
-381
-360
-357
-345
-340
-329
-318
-304
-333
-335
-325
-306
-300
-291
-291
-310
-316
-314
-312
-311
-303
-310
-306
-304
-292
-287
-294
-304
-327
-349
-348
-328
-303
-304
-308
-331
-360
-357
-359
-373
-382
-384
-379
-384
-382
-396
-416
-433
-431
-419
-408
-385
-386
-385
-387
-386
-391
-397
-399
-413
-400
-387
-386
-398
-416
-444
-466
-483
-485
-477
-463
-455
-475
-496
-513
-523
-522
-522
-550
-579
-576
-557
-563
-568
-567
-584
-596
-604
-593
-591
-606
-607
-599
-589
-580
-582
-596
-597
-598
-621
-632
-630
-610
-608
-621
-626
-618
-607
-596
-584
-580
-583
-602
-594
-609
-602
-599
-580
-554
-549
-546
-550
-548
-557
-577
-593
-592
-600
-607
-613
-616
-600
-599
-608
-610
-624
-636
-638
-650
-657
-655
-650
-628
-624
-626
-642
-636
-612
-605
-598
-594
-597
-606
-598
-592
-586
-578
-571
-562
-571
-569
-567
-566
-556
-543
-543
-546
-547
-565
-568
-571
-582
-587
-584
-592
-597
-606
-607
-612
-615
-619
-632
-643
-637
-620
-617
-626
-617
-603
-612
-597
-594
-592
-593
-577
-578
-585
-590
-567
-557
-569
-560
-564
-565
-563
-558
-556
-545
-548
-557
-554
-550
-542
-543
-570
-569
-568
-560
-541
-531
-525
-534
-531
-549
-553
-558
-563
-574
-586
-586
-594
-599
-599
-601
-621
-633
-647
-634
-601
-580
-591
-602
-599
-585
-582
-579
-587
-589
-578
-566
-565
-573
-571
-567
-556
-550
-548
-552
-554
-550
-536
-540
-545
-564
-585
-591
-583
-574
-582
-605
-618
-627
-623
-626
-633
-635
-630
-619
-613
-598
-624
-616
-605
-600
-601
-604
-584
-578
-583
-566
-568
-572
-566
-564
-552
-545
-548
-561
-566
-560
-533
-527
-528
-540
-566
-581
-574
-563
-558
-567
-582
-574
-562
-542
-527
-513
-485
-494
-519
-541
-550
-542
-518
-505
-532
-552
-563
-566
-589
-616
-635
-634
-626
-629
-635
-631
-637
-647
-656
-657
-657
-655
-644
-624
-615
-604
-600
-599
-603
-615
-616
-617
-603
-599
-584
-570
-584
-601
-591
-614
-617
-622
-612
-614
-625
-625
-628
-616
-619
-612
-615
-621
-634
-628
-614
-597
-575
-554
-542
-553
-568
-575
-576
-576
-583
-603
-627
-648
-656
-655
-661
-656
-670
-696
-697
-697
-687
-684
-691
-671
-649
-631
-633
-644
-636
-632
-631
-621
-613
-608
-606
-608
-608
-615
-621
-629
-642
-663
-666
-664
-661
-654
-671
-679
-696
-707
-722
-719
-715
-708
-708
-727
-730
-742
-747
-749
-742
-739
-745
-754
-755
-761
-748
-740
-760
-769
-767
-763
-768
-761
-745
-750
-761
-761
-774
-783
-789
-774
-756
-745
-735
-734
-735
-732
-735
-746
-752
-774
-756
-725
-717
-728
-731
-734
-739
-744
-752
-748
-755
-740
-738
-732
-734
-742
-725
-732
-744
-731
-724
-723
-708
-693
-698
-705
-705
-688
-682
-675
-670
-675
-667
-664
-666
-667
-655
-648
-636
-614
-604
-594
-590
-579
-579
-581
-585
-592
-597
-613
-602
-626
-633
-632
-632
-632
-639
-640
-651
-658
-660
-658
-649
-656
-673
-672
-674
-661
-664
-658
-648
-643
-632
-627
-639
-648
-653
-654
-656
-668
-666
-664
-667
-668
-670
-676
-678
-686
-685
-693
-714
-712
-705
-695
-702
-714
-717
-713
-714
-717
-703
-710
-709
-707
-718
-712
-720
-719
-726
-733
-730
-734
-732
-726
-718
-721
-722
-721
-726
-724
-722
-719
-714
-706
-701
-696
-699
-687
-690
-693
-689
-678
-679
-695
-710
-695
-697
-693
-695
-716
-729
-733
-725
-722
-714
-728
-751
-764
-756
-750
-744
-730
-727
-715
-699
-675
-674
-681
-672
-666
-649
-636
-626
-638
-645
-655
-658
-649
-656
-664
-657
-642
-638
-646
-656
-663
-658
-643
-641
-647
-654
-661
-635
-618
-623
-648
-684
-714
-730
-725
-706
-685
-676
-683
-701
-685
-666
-628
-626
-623
-633
-645
-640
-639
-639
-664
-683
-711
-712
-711
-693
-682
-692
-700
-717
-729
-746
-735
-718
-713
-706
-707
-737
-746
-741
-738
-724
-719
-696
-695
-705
-722
-730
-746
-733
-720
-711
-727
-733
-706
-702
-675
-659
-662
-666
-673
-664
-649
-641
-635
-637
-625
-603
-599
-586
-586
-591
-586
-588
-580
-568
-572
-585
-586
-592
-599
-604
-609
-623
-628
-624
-618
-608
-616
-618
-623
-626
-611
-599
-583
-567
-555
-559
-553
-557
-554
-540
-546
-541
-533
-511
-502
-507
-517
-531
-531
-530
-523
-520
-524
-527
-530
-523
-528
-547
-572
-590
-597
-593
-595
-588
-577
-569
-570
-591
-607
-616
-622
-626
-612
-601
-587
-572
-578
-571
-577
-576
-570
-551
-548
-530
-538
-543
-550
-548
-565
-571
-557
-561
-544
-541
-541
-554
-549
-529
-516
-515
-520
-528
-522
-514
-511
-509
-518
-526
-539
-543
-547
-539
-532
-534
-539
-553
-571
-589
-582
-575
-568
-560
-576
-592
-598
-600
-601
-584
-562
-553
-535
-526
-517
-529
-528
-506
-512
-525
-541
-551
-524
-507
-497
-492
-488
-480
-478
-476
-483
-493
-492
-498
-498
-514
-533
-545
-559
-559
-556
-562
-576
-584
-589
-591
-590
-598
-590
-586
-583
-596
-595
-587
-585
-572
-587
-577
-577
-583
-583
-587
-580
-589
-596
-604
-612
-608
-620
-607
-598
-588
-601
-593
-583
-570
-560
-555
-547
-550
-533
-523
-517
-520
-517
-525
-532
-534
-531
-529
-535
-551
-558
-551
-550
-541
-548
-563
-562
-564
-569
-573
-580
-573
-568
-572
-569
-558
-564
-557
-546
-546
-534
-515
-493
-489
-498
-493
-470
-456
-456
-479
-499
-510
-508
-506
-500
-496
-510
-523
-535
-554
-566
-566
-574
-584
-579
-592
-583
-583
-586
-594
-598
-595
-595
-592
-590
-592
-599
-588
-580
-580
-577
-562
-552
-559
-570
-557
-547
-539
-543
-542
-531
-528
-513
-519
-511
-520
-545
-560
-556
-553
-548
-545
-542
-540
-533
-506
-478
-455
-432
-434
-458
-468
-474
-468
-447
-444
-460
-467
-475
-472
-473
-483
-474
-469
-456
-451
-457
-467
-473
-477
-474
-466
-480
-475
-462
-460
-450
-442
-428
-400
-383
-374
-381
-408
-414
-407
-384
-383
-390
-396
-401
-395
-406
-420
-436
-451
-457
-467
-468
-464
-455
-465
-467
-476
-480
-478
-471
-450
-427
-404
-410
-406
-418
-431
-435
-450
-446
-472
-492
-503
-517
-510
-513
-517
-531
-540
-543
-542
-530
-517
-518
-520
-504
-494
-498
-499
-503
-498
-487
-478
-465
-454
-455
-463
-477
-484
-480
-469
-464
-479
-474
-464
-471
-486
-502
-505
-510
-507
-513
-516
-506
-495
-485
-494
-509
-521
-519
-521
-515
-510
-508
-503
-499
-484
-492
-505
-516
-514
-506
-520
-523
-522
-525
-527
-520
-532
-556
-550
-549
-534
-526
-519
-516
-528
-546
-543
-531
-533
-547
-565
-565
-561
-561
-569
-573
-586
-581
-584
-586
-577
-576
-571
-572
-577
-576
-566
-564
-569
-565
-561
-560
-549
-542
-539
-532
-540
-553
-542
-546
-538
-539
-536
-536
-534
-542
-562
-569
-570
-559
-551
-553
-563
-563
-563
-555
-538
-536
-531
-524
-525
-522
-533
-530
-527
-548
-557
-573
-579
-582
-572
-561
-553
-535
-540
-539
-530
-520
-517
-509
-506
-507
-489
-480
-469
-457
-452
-432
-411
-404
-407
-406
-411
-418
-412
-419
-424
-425
-443
-462
-463
-464
-452
-445
-435
-427
-432
-427
-431
-417
-414
-414
-423
-427
-424
-416
-418
-416
-433
-440
-442
-436
-428
-431
-425
-425
-415
-422
-433
-446
-444
-440
-444
-445
-434
-440
-449
-452
-462
-446
-452
-445
-453
-458
-453
-452
-436
-434
-441
-459
-471
-470
-485
-479
-474
-486
-492
-501
-506
-516
-528
-543
-548
-553
-547
-526
-515
-508
-512
-522
-500
-490
-483
-475
-480
-477
-463
-459
-462
-465
-453
-453
-436
-426
-436
-455
-459
-443
-420
-403
-422
-435
-440
-419
-423
-442
-466
-476
-466
-459
-454
-459
-462
-452
-436
-414
-392
-372
-364
-362
-362
-370
-379
-383
-390
-403
-428
-435
-422
-425
-439
-450
-454
-462
-468
-477
-472
-474
-454
-435
-429
-431
-440
-463
-475
-470
-472
-458
-446
-423
-413
-415
-436
-455
-459
-456
-440
-437
-447
-462
-465
-457
-445
-445
-450
-457
-459
-453
-444
-430
-416
-408
-396
-388
-377
-381
-387
-369
-362
-351
-352
-352
-360
-376
-375
-380
-408
-420
-416
-420
-420
-410
-413
-432
-428
-421
-410
-406
-400
-369
-348
-324
-341
-361
-347
-346
-323
-319
-319
-310
-291
-278
-277
-285
-304
-312
-316
-320
-314
-308
-313
-306
-311
-318
-336
-358
-382
-390
-381
-380
-363
-347
-345
-344
-347
-371
-384
-385
-377
-373
-372
-366
-354
-348
-340
-342
-357
-366
-355
-351
-339
-321
-311
-313
-325
-313
-313
-322
-331
-337
-343
-341
-350
-356
-356
-352
-341
-331
-335
-336
-321
-318
-319
-342
-356
-363
-369
-364
-345
-358
-374
-363
-372
-378
-367
-376
-394
-393
-398
-397
-398
-401
-412
-406
-403
-404
-392
-383
-368
-353
-351
-348
-346
-363
-349
-347
-353
-357
-356
-358
-348
-336
-327
-338
-349
-336
-347
-343
-350
-357
-363
-364
-369
-383
-377
-366
-354
-347
-345
-344
-355
-347
-353
-346
-339
-331
-324
-314
-307
-300
-285
-273
-264
-260
-270
-284
-264
-249
-246
-250
-250
-253
-245
-226
-211
-197
-193
-188
-191
-191
-189
-186
-192
-190
-167
-156
-153
-163
-171
-170
-157
-167
-178
-191
-201
-197
-210
-227
-229
-234
-233
-234
-232
-234
-233
-208
-198
-196
-196
-200
-202
-194
-181
-179
-170
-172
-163
-160
-152
-158
-171
-168
-157
-146
-141
-133
-137
-145
-147
-154
-156
-152
-156
-160
-179
-195
-206
-217
-228
-235
-233
-235
-228
-208
-196
-206
-220
-225
-218
-204
-209
-218
-221
-215
-209
-205
-197
-205
-203
-180
-172
-172
-181
-187
-165
-151
-149
-167
-173
-167
-152
-127
-133
-150
-172
-178
-178
-175
-158
-132
-138
-134
-128
-132
-104
-98
-79
-77
-105
-119
-128
-120
-100
-97
-113
-115
-124
-110
-114
-130
-136
-111
-86
-91
-113
-123
-116
-109
-90
-92
-85
-72
-56
-49
-36
-22
-21
-3
6
8
-9
-14
-2
3
16
9
17
4
-7
-4
-14
-11
-11
-8
-3
-12
0
22
33
47
50
35
32
36
42
46
73
100
100
101
79
66
65
81
78
53
41
45
59
55
38
29
22
27
52
53
49
48
59
78
87
96
102
92
90
111
109
103
108
113
121
127
117
103
90
85
78
66
60
66
68
72
73
55
32
23
20
21
34
40
40
30
42
43
45
39
37
43
54
57
52
60
64
84
76
72
79
79
80
80
73
57
50
31
24
26
31
46
46
40
43
42
46
33
32
43
45
43
43
44
29
18
2
6
-1
-5
-4
-4
-4
-2
-2
-6
9
2
8
7
-6
-9
5
13
8
14
-8
-23
-23
-14
-13
-13
-15
-26
-44
-64
-73
-79
-70
-66
-50
-25
-26
-35
-30
-13
-4
-13
-20
-21
-18
-9
-11
-22
-41
-52
-56
-65
-61
-60
-57
-52
-57
-47
-50
-60
-68
-76
-83
-78
-90
-91
-90
-78
-64
-65
-66
-71
-67
-60
-45
-36
-37
-38
-48
-58
-73
-80
-58
-53
-50
-49
-58
