-147
-156
-163
-168
-170
-166
-171
-166
-177
-192
-216
-226
-232
-245
-233
-232
-232
-232
-259
-287
-307
-312
-299
-286
-267
-265
-276
-282
-306
-307
-301
-280
-248
-252
-268
-276
-274
-277
-280
-284
-277
-278
-279
-279
-288
-299
-295
-286
-298
-305
-318
-328
-310
-283
-255
-264
-288
-322
-326
-313
-296
-280
-283
-297
-316
-302
-293
-283
-276
-287
-295
-293
-300
-311
-308
-325
-345
-351
-354
-343
-343
-333
-335
-356
-365
-361
-341
-352
-360
-353
-335
-315
-305
-288
-282
-295
-309
-302
-299
-276
-262
-245
-240
-268
-285
-295
-275
-264
-268
-277
-304
-309
-293
-282
-271
-272
-288
-283
-296
-290
-290
-299
-291
-271
-276
-283
-284
-288
-269
-266
-262
-257
-241
-239
-231
-233
-233
-235
-268
-277
-285
-280
-259
-254
-253
-265
-265
-256
-244
-232
-224
-212
-209
-207
-209
-213
-210
-205
-204
-211
-213
-215
-210
-215
-211
-214
-224
-225
-239
-247
-237
-212
-195
-188
-177
-186
-207
-214
-219
-221
-207
-197
-178
-168
-176
-186
-192
-200
-220
-210
-221
-248
-237
-211
-184
-168
-166
-165
-152
-152
-140
-146
-143
-134
-140
-126
-129
-130
-114
-100
-99
-113
-135
-144
-148
-152
-152
-154
-165
-173
-182
-180
-173
-153
-135
-149
-168
-172
-165
-157
-154
-161
-161
-170
-169
-174
-177
-179
-191
-194
-200
-193
-172
-150
-130
-128
-121
-106
-99
-96
-95
-88
-92
-95
-89
-87
-89
-92
-96
-90
-84
-89
-90
-108
-120
-123
-124
-114
-105
-109
-121
-121
-129
-129
-134
-135
-124
-126
-135
-145
-140
-136
-134
-131
-124
-121
-107
-87
-85
-79
-77
-66
-64
-67
-80
-86
-86
-89
-87
-104
-112
-119
-118
-114
-108
-117
-130
-138
-151
-163
-180
-167
-154
-147
-129
-117
-122
-140
-159
-168
-170
-164
-155
-144
-131
-116
-113
-115
-119
-111
-105
-110
-89
-78
-63
-48
-45
-50
-63
-60
-49
-40
-35
-34
-47
-59
-65
-69
-83
-83
-82
-80
-61
-71
-89
-92
-103
-121
-121
-123
-131
-116
-112
-123
-113
-102
-91
-92
-72
-71
-77
-59
-44
-30
-42
-40
-40
-31
-19
-16
-27
-31
-12
-5
-8
-10
0
5
13
21
4
-4
1
16
45
55
34
6
8
32
51
48
10
-31
-47
-31
-18
-11
-20
-32
-28
-38
-17
5
36
51
64
72
67
93
96
112
113
113
86
70
77
62
70
62
80
77
68
66
74
84
80
68
69
90
127
156
166
178
162
152
165
175
190
204
202
188
174
161
160
163
175
179
176
165
131
124
138
155
159
154
155
147
167
171
176
163
154
150
165
205
232
233
223
211
204
218
236
240
215
198
189
185
193
201
192
179
175
177
167
171
191
202
212
207
210
205
200
196
192
204
206
212
203
193
179
166
168
175
177
156
134
113
111
113
121
117
118
105
104
132
160
175
170
134
116
99
107
132
140
154
157
142
138
133
118
126
130
160
179
190
193
193
186
184
193
186
187
184
178
186
198
201
207
203
195
192
193
189
172
171
182
174
174
157
132
130
134
139
150
155
133
117
109
110
122
139
131
115
97
82
74
71
77
96
87
56
47
32
46
51
60
46
41
43
28
56
61
70
83
94
80
80
70
64
89
101
92
85
55
49
56
52
28
0
7
18
12
-10
-30
-39
-33
-21
-11
2
2
-13
-20
-18
-4
12
28
38
46
23
24
32
34
45
49
62
47
36
35
48
49
45
33
15
9
-5
2
-10
-24
-28
-25
-3
12
1
3
3
8
-5
-19
-16
-24
-27
-35
-59
-71
-77
-87
-94
-113
-118
-127
-112
-104
-92
-108
-124
-124
-126
-117
-108
-104
-97
-98
-93
-92
-97
-78
-48
-36
-23
-25
-29
-32
-32
-26
-32
-46
-58
-62
-62
-51
-45
-28
-11
-26
-45
-50
-50
-43
-34
-36
-50
-38
-42
-44
-52
-49
-37
-13
10
21
37
24
26
32
26
15
13
2
-14
-20
-29
-42
-46
-52
-81
-85
-99
-112
-109
-95
-59
-56
-97
-121
-126
-119
-81
-65
-62
-67
-78
-91
-85
-67
-61
-60
-58
-55
-72
-78
-75
-77
-90
-93
-103
-112
-103
-107
-114
-123
-127
-128
-118
-130
-128
-122
-105
-82
-64
-53
-59
-51
-57
-78
-80
-75
-67
-52
-68
-82
-97
-95
-68
-52
-64
-68
-65
-67
-52
-37
-19
3
7
6
6
11
17
18
39
49
33
8
7
12
7
2
-21
-30
-23
-23
-32
-26
-39
-43
-56
-80
-77
-52
-35
-31
-34
-12
6
16
33
37
40
45
41
33
33
16
14
1
-14
-33
-31
-34
-47
-35
-42
-61
-69
-80
-89
-100
-90
-60
-43
-35
-37
-46
-61
-61
-59
-61
-60
-52
-48
-34
-21
-27
-26
-32
-31
-33
-49
-48
-53
-38
-18
-3
-11
-15
-15
-15
-15
-15
-19
-7
0
14
14
6
1
-13
-10
-16
-22
-35
-33
-39
-45
-46
-69
-93
-111
-112
-106
-91
-90
-110
-111
-109
-103
-90
-72
-61
-64
-62
-56
-50
-57
-54
-43
-50
-41
-32
-32
-17
-14
-21
-34
-51
-57
-57
-45
-47
-51
-39
-26
-25
-21
-23
-40
-44
-35
-17
-23
-32
-34
-36
-31
-26
-21
-14
-20
-20
-29
-37
-55
-47
-51
-46
-44
-63
-64
-61
-44
-41
-36
-28
-29
-23
-8
-17
-18
-6
-11
4
11
15
11
3
-1
-14
-12
-9
-12
-11
-24
-30
-36
-44
-33
-30
-37
-41
-47
-57
-64
-69
-65
-57
-55
-50
-47
-39
-49
-58
-55
-47
-33
-25
-28
-29
-41
-37
-16
-14
-19
-23
-33
-29
-23
-36
-43
-46
-50
-47
-36
-31
-24
-31
-37
-49
-42
-20
-16
-25
-33
-47
-63
-64
-55
-43
-53
-56
-61
-78
-79
-84
-94
-86
-83
-84
-79
-78
-86
-96
-100
-88
-71
-57
-70
-85
-103
-93
-82
-76
-66
-46
-28
-20
5
-15
-17
-26
-22
2
9
-13
-36
-47
-26
-1
-3
-24
-54
-79
-79
-59
-41
-31
-48
-64
-73
-53
-42
-11
1
2
11
19
45
48
54
46
33
27
16
15
17
26
9
2
-11
-21
-27
-17
-5
-4
1
-9
-29
-28
-11
4
9
-8
1
14
20
4
-4
-7
-21
-31
-54
-78
-82
-73
-53
-42
-60
-78
-99
-91
-71
-60
-59
-82
-73
-53
-18
2
-4
-22
-25
2
31
67
78
62
44
23
25
36
33
6
-26
-50
-70
-70
-71
-72
-88
-103
-94
-80
-71
-59
-49
-50
-35
-26
-13
4
12
14
11
17
18
14
26
18
27
40
27
20
7
-20
-28
-19
-10
11
14
17
-10
-37
-52
-53
-46
-55
-72
-80
-93
-81
-76
-86
-85
-84
-69
-58
-57
-73
-91
-93
-89
-70
-52
-35
-39
-47
-47
-44
-30
-34
-41
-45
-33
-17
-17
-11
-2
0
8
4
-9
-8
-5
6
11
3
-8
-33
-51
-47
-41
-48
-61
-64
-75
-81
-83
-81
-50
-46
-62
-73
-85
-73
-82
-88
-90
-86
-76
-71
-73
-86
-89
-74
-67
-62
-61
-67
-75
-81
-74
-60
-48
-57
-66
-75
-68
-53
-56
-53
-62
-64
-62
-60
-64
-74
-71
-78
-68
-59
-76
-90
-107
-118
-125
-121
-103
-106
-124
-134
-141
-131
-108
-99
-84
-76
-81
-106
-109
-103
-73
-43
-39
-31
-30
-32
-43
-43
-35
-46
-45
-50
-43
-48
-53
-55
-80
-83
-85
-77
-68
-67
-82
-105
-115
-117
-119
-127
-142
-143
-145
-157
-166
-169
-161
-165
-167
-170
-177
-167
-152
-152
-153
-160
-168
-167
-161
-144
-134
-128
-148
-149
-146
-144
-149
-154
-158
-167
-165
-166
-160
-146
-155
-162
-160
-169
-189
-188
-155
-147
-148
-175
-203
-229
-248
-259
-263
-267
-283
-285
-289
-293
-295
-298
-286
-265
-242
-223
-197
-194
-190
-181
-197
-191
-177
-170
-168
-165
-168
-179
-166
-135
-125
-135
-147
-158
-154
-134
-105
-85
-87
-109
-141
-147
-151
-142
-139
-155
-169
-174
-172
-165
-143
-132
-139
-139
-141
-142
-139
-134
-131
-145
-141
-141
-126
-122
-134
-135
-125
-105
-99
-105
-108
-96
-81
-76
-45
-27
-32
-37
-38
-51
-66
-74
-74
-63
-72
-93
-135
-142
-136
-134
-128
-138
-147
-157
-177
-177
-158
-151
-132
-135
-143
-162
-167
-173
-174
-168
-169
-174
-173
-151
-142
-140
-142
-148
-159
-145
-136
-123
-126
-129
-140
-176
-187
-174
-164
-160
-164
-165
-170
-189
-191
-180
-167
-169
-165
-162
-154
-162
-174
-169
-173
-169
-158
-149
-139
-137
-130
-118
-107
-111
-116
-114
-109
-93
-66
-52
-44
-42
-52
-58
-72
-80
-68
-71
-58
-22
-14
-13
-16
-34
-42
-35
-35
-32
-46
-54
-39
-16
-5
2
13
31
36
30
26
21
25
35
31
24
27
28
43
55
54
61
57
56
48
57
59
57
55
50
60
61
63
49
33
24
30
41
45
41
32
30
47
52
53
51
34
14
11
4
11
19
54
72
86
96
93
99
105
115
115
130
131
138
141
141
149
133
138
146
151
146
140
136
117
116
111
114
125
127
122
108
117
125
132
147
147
136
134
133
140
149
171
178
169
148
143
156
153
146
125
124
111
83
88
87
80
91
102
92
85
81
85
87
77
73
46
38
62
68
73
71
77
78
71
66
65
73
68
67
64
63
78
75
72
66
60
67
72
74
72
76
74
81
75
74
78
90
92
91
87
90
102
110
106
93
84
89
107
104
116
116
96
99
83
69
81
94
118
128
128
121
108
110
124
129
123
120
124
124
124
120
115
109
117
134
142
139
149
156
155
148
141
151
164
168
171
179
164
134
135
146
167
169
166
174
182
197
208
213
180
155
131
136
162
175
169
142
127
119
146
165
171
178
163
160
159
168
183
183
181
167
153
151
154
148
140
149
165
158
146
162
166
181
180
160
138
130
145
162
184
188
170
171
172
176
179
188
193
173
166
147
136
142
141
144
145
134
108
85
78
110
119
121
115
108
112
114
109
85
59
41
50
66
85
73
67
63
49
47
40
44
42
25
4
8
17
6
2
-11
-19
-15
-5
-5
1
-5
-18
-16
-14
-2
-3
-13
-28
-38
-53
-61
-60
-51
-50
-47
-40
-53
-59
-91
-109
-116
-124
-104
-80
-74
-68
-81
-79
-73
-74
-78
-88
-82
-92
-86
-70
-66
-70
-67
-63
-67
-77
-88
-98
-109
-108
-108
-89
-77
-74
-68
-59
-57
-69
-60
-63
-72
-82
-70
-72
-67
-50
-43
-17
-7
-5
-16
-32
-43
-48
-39
-46
-68
-78
-87
-85
-90
-86
-92
-115
-127
-137
-122
-113
-94
-78
-73
-93
-107
-109
-114
-104
-104
-88
-94
-88
-97
-111
-113
-116
-117
-113
-110
-93
-76
-74
-78
-72
-73
-84
-76
-70
-53
-44
-49
-53
-80
-89
-105
-105
-95
-101
-113
-131
-136
-146
-136
-141
-144
-134
-127
-130
-137
-120
-114
-121
-118
-120
-122
-108
-93
-86
-98
-116
-119
-110
-93
-75
-73
-78
-84
-85
-80
-87
-91
-104
-112
-125
-145
-147
-161
-167
-160
-160
-172
-156
-164
-157
-151
-154
-155
-170
-157
-161
-170
-172
-176
-174
-176
-164
-158
-166
-163
-166
-186
-181
-172
-169
-179
-179
-180
-196
-179
-168
-171
-174
-171
-164
-155
-157
-171
-163
-159
-158
-157
-149
-144
-153
-158
-152
-151
-153
-151
-161
-144
-138
-159
-163
-166
-166
-167
-180
-190
-196
-190
-181
-187
-207
-205
-200
-196
-195
-201
-188
-176
-153
-142
-141
-160
-184
-201
-210
-208
-209
-205
-210
-211
-198
-196
-197
-229
-241
-234
-211
-176
-152
-151
-171
-173
-188
-170
-142
-133
-145
-171
-184
-184
-176
-156
-143
-156
-161
-173
-191
-182
-166
-172
-168
-167
-166
-164
-163
-166
-170
-167
-163
-156
-161
-169
-166
-141
-143
-129
-118
-118
-119
-116
-124
-134
-158
-169
-140
-140
-161
-183
-213
-216
-195
-178
-167
-184
-196
-192
-189
-165
-150
-149
-143
-132
-128
-118
-97
-93
-80
-80
-79
-82
-93
-94
-98
-110
-117
-117
-137
-159
-171
-165
-159
-164
-187
-204
-211
-205
-191
-185
-189
-196
-199
-185
-168
-156
-154
-145
-128
-128
-127
-135
-155
-163
-170
-181
-168
-169
-159
-156
-158
-173
-193
-195
-216
-232
-232
-214
-191
-190
-187
-186
-187
-182
-181
-168
-170
-152
-144
-138
-125
-119
-123
-137
-150
-178
-193
-222
-225
-219
-205
-183
-185
-191
-193
-203
-190
-171
-168
-162
-159
-163
-161
-164
-168
-145
-126
-113
-131
-131
-112
-96
-98
-101
-103
-127
-139
-114
-108
-94
-69
-85
-88
-86
-100
-115
-123
-119
-113
-102
-86
-80
-101
-115
-144
-169
-150
-143
-136
-116
-117
-116
-120
-117
-126
-139
-128
-113
-93
-97
-97
-85
-84
-89
-94
-85
-103
-103
-91
-96
-91
-101
-105
-106
-100
-97
-125
-136
-115
-93
-97
-110
-110
-102
-117
-128
-98
-94
-118
-125
-114
-124
-136
-123
-98
-108
-99
-87
-87
-90
-76
-63
-86
-75
-37
-46
-81
-90
-85
-107
-102
-55
-38
-76
-95
-77
-66
-86
-89
-64
-70
-97
-112
-108
-142
-141
-132
-148
-151
-138
-151
-183
-169
-153
-154
-168
-140
-122
-140
-143
-133
-141
-167
-148
-141
-180
-176
-157
-167
-163
-159
-186
-191
-188
-189
-181
-189
-176
-148
-166
-159
-156
-186
-182
-165
-158
-140
-131
-136
-148
-153
-166
-178
-182
-188
-183
-151
-141
-178
-202
-198
-182
-173
-165
-164
-172
-175
-187
-171
-157
-161
-142
-151
-161
-116
-103
-166
-131
-118
-151
-149
-155
-142
-160
-135
-89
-87
-141
-167
-199
-191
-133
-137
-145
-169
-173
-215
-216
-184
-184
-181
-170
-201
-222
-176
-199
-197
-159
-169
-192
-181
-181
-171
-160
-168
-159
-185
-191
-188
-202
-190
-171
-182
-211
-217
-215
-207
-175
-148
-142
-171
-143
-159
-150
-123
-145
-141
-90
-128
-171
-101
-128
-125
-96
-124
-142
-138
-165
-159
-120
-81
-88
-119
-105
-81
-74
-77
-98
-88
-56
-81
-38
8
-21
-26
-17
-24
-34
-46
-60
-64
-51
-43
-60
-67
-71
-68
-68
-71
-59
-51
-73
-76
-18
-49
-77
-83
-61
-58
-86
-64
-39
-31
-57
-82
-97
-73
-110
-132
-88
-111
-143
-154
-147
-151
-122
-135
-118
-86
-136
-151
-105
-76
-128
-121
-80
-86
-103
-60
-67
-73
-64
-94
-70
-65
-85
-40
-31
-81
-37
-38
-56
-52
-44
-1
18
4
-20
-32
-84
-73
-37
-43
-39
-30
-21
-46
-96
-112
-97
-81
-148
-156
-92
-107
-153
-140
-97
-108
-123
-129
-116
-131
-138
-80
-68
-121
-106
-80
-113
-133
-122
-136
-183
-182
-154
-195
-193
-143
-125
-198
-211
-144
-198
-211
-173
-167
-179
-200
-161
-126
-182
-201
-147
-186
-190
-118
-117
-152
-146
-137
-171
-195
-157
-108
-156
-171
-108
-165
-213
-196
-246
-253
-238
-227
-230
-243
-221
-189
-224
-221
-191
-170
-140
-162
-169
-186
-153
-170
-205
-201
-180
-201
-237
-225
-201
-193
-279
-263
-261
-271
-213
-238
-259
-235
-201
-269
-247
-233
-253
-298
-280
-231
-284
-288
-285
-289
-345
-296
-307
-303
-296
-327
-314
-345
-313
-301
-336
-365
-270
-330
-392
-337
-359
-424
-378
-344
-384
-341
-328
-349
-369
-297
-344
-337
-294
-241
-321
-332
-288
-351
-372
-373
-350
-381
-349
-381
-374
-399
-342
-407
-419
-375
-344
-410
-479
-341
-423
-439
-398
-371
-405
-399
-398
-343
-357
-408
-279
-379
-314
-276
-374
-367
-267
-348
-389
-300
-350
-384
-364
-302
-378
-324
-324
-448
-391
-280
-341
-357
-279
-352
-406
-381
-280
-265
-305
-272
-279
-281
-282
-238
-230
-278
-244
-272
-317
-228
-240
-334
-241
-240
-284
-290
-288
-261
-320
-236
-243
-292
-167
-200
-340
-244
-222
-260
-238
-188
-158
-261
-179
-171
-251
-169
-188
-246
-179
-183
-272
-235
-176
-153
-260
-272
-211
-305
-299
-264
-210
-233
-222
-204
-269
-215
-179
-318
-200
-108
-237
-163
-143
-154
-155
-146
-142
-140
-114
-137
-203
-193
-157
-225
-257
-236
-195
-215
-262
-235
-210
-235
-260
-255
-207
-237
-243
-253
-262
-166
-225
-293
-234
-205
-255
-196
-216
-156
-162
-165
-154
-186
-115
-180
-166
-112
-104
-163
-110
-81
-155
-122
-54
-135
-209
-80
-130
-173
-109
-113
-128
-118
-124
-158
-132
-163
-136
-184
-218
-139
-127
-156
-151
-143
-125
-95
-157
-130
-54
-156
-100
-92
-156
-8
-89
-162
-41
-2
-146
-153
10
-113
-197
-42
-81
-202
-96
-159
-174
-50
-128
-217
-90
-133
-145
-53
-131
-100
-8
-106
-194
-12
-62
-131
-179
-106
-37
-152
-98
-10
-30
-42
-18
-41
60
-26
27
19
-54
42
7
-83
-75
50
-129
-106
-22
-85
-88
-41
-109
-97
-13
-57
-33
-10
77
-81
-16
58
-66
-15
-28
-94
-23
19
-102
-31
-24
-39
-16
-58
6
-10
-31
32
19
-19
-10
59
-67
-11
67
-121
-44
-2
-46
-56
-21
-32
29
16
5
35
46
25
-36
121
-28
-51
175
17
-47
86
-16
-15
30
-23
16
44
8
-22
86
31
-44
84
27
-79
142
39
-13
111
136
31
30
88
30
83
21
60
57
149
67
70
156
58
133
48
103
112
84
58
91
24
49
110
-52
96
99
18
67
23
105
123
-35
142
83
16
201
22
37
180
18
60
63
3
160
61
7
168
60
33
178
72
201
175
76
237
138
121
204
134
111
250
111
208
256
84
104
86
108
91
127
236
16
112
187
-47
130
231
112
97
298
120
100
303
115
120
241
146
84
220
185
87
232
152
93
209
210
113
184
281
107
181
164
174
261
135
212
262
59
222
281
114
247
286
171
227
283
115
244
215
188
309
155
230
210
170
230
190
284
205
287
245
298
341
300
273
278
325
292
377
319
313
353
262
247
325
241
326
172
282
395
80
370
346
144
304
360
174
258
465
183
300
398
347
211
446
302
122
470
139
183
425
168
232
317
192
309
252
285
215
323
227
186
378
285
259
287
351
159
420
284
220
330
316
284
180
402
249
217
397
215
258
393
209
213
336
233
191
349
308
111
358
329
76
415
305
92
448
255
151
405
384
155
368
413
194
374
318
209
310
346
102
363
291
172
406
244
219
334
222
173
320
345
208
348
360
230
206
284
208
287
264
175
387
272
128
279
327
207
271
255
348
362
185
349
352
242
342
344
351
265
360
372
234
423
345
309
378
352
283
428
254
290
415
207
267
317
358
156
253
387
167
213
340
314
219
253
394
238
233
369
302
301
333
174
490
327
145
422
368
191
363
293
217
311
273
244
287
273
188
351
176
259
270
305
176
372
271
181
372
203
246
277
215
223
274
137
242
273
22
252
195
86
170
223
127
183
204
62
292
94
124
188
239
52
59
286
72
70
229
156
0
273
141
66
276
121
209
251
191
103
349
185
24
319
177
11
191
242
-63
199
171
8
116
254
35
173
231
-41
206
140
64
146
260
128
84
287
122
2
174
107
27
149
85
81
95
32
161
87
88
101
75
173
-5
105
295
-98
106
170
-121
62
161
23
-30
253
11
-68
263
15
-110
250
62
-144
142
-67
-101
27
-124
-127
45
-151
-212
75
-170
-146
109
-128
-151
105
-129
-40
8
-90
111
-166
58
41
-85
-126
-68
-75
-98
-178
-24
44
-238
-2
-71
-124
-38
-89
-155
-7
-127
-90
-5
-115
-12
-25
-116
-98
13
-125
-27
20
-110
-75
6
-139
19
80
-199
96
6
-123
-27
18
-190
-61
-97
-212
-43
-221
-58
-236
-125
-164
-164
-155
-184
-108
-234
-111
-177
-201
-94
-246
-139
-194
-219
-192
-257
-152
-227
-285
-121
-106
-381
-43
-168
-229
-74
-142
-114
-119
-118
-161
-101
-197
-118
-214
-156
-126
-211
-105
-170
-109
-250
-50
-255
-163
-190
-220
-147
-217
-134
-138
-149
-147
-95
-104
-65
-185
-115
-90
-201
-97
4
-194
-53
-99
-88
-108
-90
-91
-144
-35
-50
-211
-96
40
-271
-25
-37
-158
78
-92
-146
57
9
-150
74
-22
-36
59
-73
96
-37
-57
20
29
-204
94
-106
-102
86
-13
-68
-32
-18
-113
7
-49
47
-32
25
-42
89
7
33
106
-30
141
57
-22
224
143
-28
231
42
101
93
119
26
55
166
21
68
94
159
-6
-5
101
80
-59
145
159
-56
100
65
-2
151
-37
172
-24
136
73
-10
124
218
-75
123
307
-160
244
84
-4
92
160
-120
183
-51
60
148
-132
162
137
-51
24
197
-53
72
-79
102
2
-124
118
5
-7
-84
78
-64
-11
-127
44
94
-105
61
-17
139
-148
18
63
-10
-64
-28
47
-144
29
-66
-57
-84
130
-212
-105
112
-170
-72
-70
5
-81
22
-125
30
-100
-62
-71
-43
58
-127
57
-50
-1
-92
13
-60
-93
28
-54
-8
-38
-41
-215
164
-152
-176
162
-87
-253
145
-77
-275
160
-117
-156
86
-62
-285
210
-339
75
-31
-289
-4
-206
-222
-81
-64
-202
-19
-266
-27
-136
-205
66
-187
-72
-6
-218
-25
-28
-169
-32
32
-314
29
-170
-210
-102
-68
-253
-66
-278
-180
-159
-378
41
-289
-228
-219
-81
-300
-38
-187
-87
-228
-130
-78
-292
-29
-109
-272
-73
-68
-356
-33
-165
-235
-112
-95
-269
-217
-94
-288
-131
-193
-191
-233
-187
-128
-150
-180
-115
-192
-177
-53
-188
-21
-113
-182
-131
-51
-174
-132
-91
-141
-181
-120
-164
-206
-151
-289
-187
-211
-239
-151
-171
-177
-130
-256
-96
-185
-129
-65
-247
-5
-130
-188
-59
-47
-254
-68
-183
-245
-101
-268
-211
-157
-159
-288
11
-186
-173
-36
-106
-175
18
-133
-108
-12
-311
-6
-232
-81
-112
-192
-132
-48
-207
-192
-80
-342
-2
-241
-186
0
-143
-156
-149
-20
-191
-28
-159
-103
-37
-137
-160
-119
-29
-318
-34
-110
-119
-200
3
-157
-177
-24
-148
-96
-11
-90
-221
25
-134
-150
-80
-195
-178
63
-284
-202
84
-212
-279
85
-234
-153
-41
-118
-181
-36
-218
-125
-100
-195
-151
-136
-24
-287
31
-190
-166
-58
-264
-166
-43
-269
-36
-174
-198
-9
-240
-201
-16
-286
-215
-38
-284
-170
-258
-127
-196
-208
-194
-152
-194
-272
-186
-301
-265
-262
-262
-279
-290
-303
-236
-324
-275
-262
-212
-245
-177
-325
-88
-229
-286
-148
-313
-177
-276
-234
-322
-238
-429
-188
-480
-282
-392
-276
-371
-297
-175
-462
-187
-394
-244
-400
-275
-355
-268
-354
-405
-196
-381
-441
-350
-272
-497
-273
-354
-516
-292
-375
-397
-435
-238
-514
-230
-422
-389
-245
-372
-331
-338
-154
-482
-120
-398
-256
-292
-286
-355
-315
-189
-543
-14
-549
-285
-300
-283
-403
-201
-274
-397
-142
-327
-250
-332
-104
-357
-173
-214
-328
-130
-321
-303
-189
-239
-271
-163
-161
-205
-114
-285
-106
-226
-175
-152
-232
-39
-140
-249
-89
-6
-373
8
-124
-360
72
-108
-212
96
-25
-274
48
-112
-91
2
70
-123
-30
-64
-93
-38
42
-96
-120
136
-253
24
-101
2
-76
-58
-64
-116
3
-183
5
-187
-75
35
-203
-75
-48
-22
-108
-1
-64
99
-34
-59
181
-204
105
-90
-91
-60
-83
-91
-129
-38
-107
-130
-10
-40
-174
44
-110
-69
30
-72
-39
-4
-80
26
-154
-54
-31
-109
34
-212
74
-79
-156
-59
-24
-147
-162
-63
-211
-50
-100
-122
-199
-44
-286
-167
-95
-282
-62
-120
-207
-123
-38
-310
-15
-162
-84
-142
-109
-83
-158
-139
-37
-89
-293
106
-349
-96
-48
-367
-31
-182
-346
-138
-109
-323
-16
-270
-183
-122
-252
-85
-148
-193
-195
-47
-328
-66
-62
-355
91
-155
-359
74
-293
-339
37
-285
-313
-61
-273
-253
-147
-297
-228
-178
-361
-103
-291
-186
-268
-97
-400
-129
-248
-236
-92
-308
-50
-388
-101
-300
-162
-343
-72
-344
-189
-196
-314
-159
-295
-276
-366
-124
-360
-280
-158
-397
-296
-319
-213
-505
-157
-299
-495
-123
-548
-196
-503
-165
-385
-329
-292
-301
-413
-376
-98
-665
45
-432
-477
-68
-401
-462
-131
-373
-443
-93
-439
-316
-287
-384
-296
-332
-306
-269
-286
-386
-219
-447
-351
-290
-486
-282
-342
-423
-246
-368
-504
-278
-370
-468
-274
-421
-321
-412
-346
-459
-344
-219
-579
-119
-441
-371
-280
-365
-311
-392
-335
-444
-349
-392
-326
-351
-435
-301
-375
-357
-301
-282
-351
-225
-414
-310
-193
-600
-130
-354
-456
-240
-281
-489
-343
-297
-382
-370
-253
-245
-404
-164
-357
-264
-202
-318
-289
-169
-308
-200
-279
-196
-386
-156
-364
-248
-128
-309
-175
-161
-311
-127
-238
-278
14
-332
-31
-344
-117
-110
-355
-71
-184
-284
-222
-167
-387
-64
-333
-163
-273
-282
-93
-441
-128
-239
-197
-331
-60
-325
-145
-168
-214
-192
-200
-173
-329
-128
-348
-189
-287
-251
-140
-464
-143
-285
-282
-125
-401
-223
-174
-388
-330
-165
-493
-186
-331
-406
-251
-297
-330
-212
-331
-251
-241
-353
-189
-356
-293
-271
-296
-322
-231
-404
-310
-187
-447
-305
-296
-401
-315
-167
-480
-217
-318
-317
-402
-169
-350
-245
-157
-460
-179
-323
-276
-409
-159
-369
-323
-330
-214
-409
-172
-177
-424
-176
-328
-360
-274
-104
-356
-180
-212
-259
-217
-105
-259
-182
-82
-335
-178
-73
-276
-157
-182
-236
-240
-220
-126
-320
-167
-179
-338
-216
-179
-419
-148
-306
-385
-147
-360
-347
-202
-284
-349
-159
-252
-231
-187
-179
-281
-318
-92
-391
-216
-117
-315
-342
-44
-403
-307
-158
-350
-443
-111
-434
-355
-165
-350
-280
-282
-283
-409
-67
-480
-146
-349
-193
-366
-236
-236
-438
-58
-436
-318
-136
-323
-451
-109
-349
-426
-9
-502
-251
-286
-187
-509
-51
-336
-293
-27
-468
-16
-345
-127
-373
93
-431
55
-269
-169
-86
-266
-185
-300
70
-434
-51
-216
-165
-285
-122
-296
-220
-64
-214
-152
-190
22
-405
-39
-162
-202
-34
-169
-140
-22
-283
20
-125
-277
-45
-137
-145
-60
-31
-117
-34
-72
0
-208
126
-160
-28
-8
-87
60
-82
36
-70
-11
-20
-17
-111
61
-24
-6
31
-92
36
-8
-93
34
72
-133
-21
190
-113
25
158
-89
106
35
-12
66
143
86
-14
187
183
-104
230
292
-237
560
7
110
316
182
9
253
253
-46
359
-1
341
-34
372
-48
333
92
77
394
-79
439
30
250
133
326
39
303
223
129
366
-123
502
-25
381
46
285
236
128
355
108
319
192
477
77
421
220
199
404
156
386
239
235
384
222
258
298
328
163
461
196
302
393
103
504
62
387
291
86
390
102
224
181
344
35
321
210
244
98
419
115
36
516
-59
310
252
233
184
238
217
257
51
225
337
-89
474
32
111
279
209
124
203
261
54
124
196
166
-23
383
-67
173
23
196
81
137
236
128
156
166
338
38
360
167
272
229
190
314
153
373
91
239
123
135
142
96
207
50
157
33
165
8
163
154
104
196
44
415
-59
365
129
151
108
294
222
-33
429
-28
181
106
349
-147
295
-39
121
68
134
141
5
276
112
44
128
226
-115
407
-29
188
215
117
107
307
-4
224
139
-45
277
26
151
30
185
-13
90
175
-116
118
63
23
-2
179
-74
72
185
-118
152
96
-4
36
101
72
-80
335
-129
111
121
61
-42
199
64
-31
255
-166
279
48
9
101
168
7
46
49
114
2
-11
181
-82
121
43
-10
68
22
23
-65
23
-55
-49
-34
10
15
110
-125
68
26
88
-127
198
-121
-20
175
-154
59
-68
112
-192
258
-74
65
94
-47
134
-103
231
-57
72
82
108
57
-42
136
-187
241
-98
-22
127
89
-25
145
101
-164
220
-45
-126
204
-119
78
-14
30
24
-73
103
-77
19
75
-53
22
52
-74
40
51
-40
21
104
124
-72
51
255
-132
106
277
-52
27
215
-123
45
40
174
-204
129
127
-193
167
-78
-1
99
-39
-96
253
-54
-77
263
-165
198
31
-81
14
-26
-122
190
-143
66
-58
-57
-22
-50
73
-40
85
-59
160
-180
65
-51
39
-102
12
-115
38
-159
15
-73
-129
-74
4
-234
-71
71
-490
146
-122
-272
47
-121
-373
-48
-151
-382
103
-256
-136
-12
-224
-118
-116
-200
-186
-106
-180
-136
-65
-253
-118
-168
-193
-87
-302
15
-337
-33
-179
-215
-124
-198
-197
-116
-128
-304
91
-417
-209
-34
-507
7
-158
-435
-6
-175
-542
52
-312
-375
43
-388
-247
-86
-298
-230
-141
-233
-202
-132
-239
-142
-260
-313
-91
-340
-154
-233
-292
-254
-141
-218
-145
-416
130
-471
-260
149
-525
-78
-75
-500
-133
-81
-530
75
-308
-370
-28
-421
-171
-96
-284
-151
-274
-70
-367
-185
-24
-379
-253
-18
-401
-241
-165
-289
-400
57
-443
-124
-169
-516
-61
-379
-157
-210
-236
-95
-171
-295
-55
-272
-143
-271
-27
-313
-239
-151
-193
-386
-180
-100
-507
-69
-159
-228
-212
-117
-350
-167
-150
-142
-87
-148
-225
-208
-40
-310
62
-377
124
-211
-249
-54
-140
-171
-240
-71
-200
-110
-200
-47
-444
114
-227
-175
-255
-33
-169
-220
-139
-130
-225
-269
-4
-293
-105
-169
-136
-282
-30
-195
-450
97
-147
-159
-58
-60
-246
-130
-28
-343
-38
-119
-34
-275
-96
39
-303
-263
48
-387
-174
-72
-332
-250
234
-703
-46
-10
-645
160
-449
-235
37
-366
-265
265
-645
153
-86
-455
284
-205
-370
175
-104
-469
69
-72
-313
-61
-81
-234
-105
-38
-291
-31
-194
-139
-125
-301
48
-322
-162
33
-260
-124
-87
-227
-154
-19
-357
-41
22
-362
-26
-12
-420
-101
-26
-528
126
-125
-419
33
-43
-378
-138
-108
-364
-172
-86
-315
-208
21
-445
-153
34
-471
-1
-210
-83
-63
-164
13
-103
-175
-208
64
-406
96
-159
-286
35
-59
-277
-131
138
-367
23
80
-216
-17
-54
51
-169
61
-130
-243
81
-191
-289
-100
-25
-325
-30
-369
-269
-120
-247
-427
-37
-155
-519
-26
-284
-261
76
-329
-228
153
-285
-84
136
-246
56
-169
-187
114
-169
-167
-146
-182
-171
-259
-361
-100
-279
-359
-134
-465
-340
-208
-496
-316
-98
-431
-246
-167
-354
-80
-350
-225
-102
-220
-117
-97
-159
-48
-99
-148
53
-213
-103
-162
-92
-88
-211
-125
-109
-247
-131
-118
-328
60
-169
-216
41
-21
-290
-8
67
-329
79
-87
-149
148
-112
-163
152
-117
-69
126
-44
74
-20
-34
-24
-24
-63
-91
-51
81
-144
-182
178
-121
-137
1
-35
-13
-36
-129
-43
158
-111
60
33
137
97
-140
223
158
41
122
78
79
111
-108
-67
194
-81
-128
17
24
-40
-133
-62
13
82
-142
-101
91
-43
-120
-128
2
-12
-49
-129
105
159
37
7
208
170
54
134
117
177
128
-105
33
173
-7
32
81
123
10
-26
-20
132
-15
76
83
26
100
-47
-72
15
114
-87
-27
96
-6
-54
-43
-51
-56
11
-118
1
-32
-238
-90
-268
-154
-116
-149
-186
-86
-136
-267
-264
-153
-100
-185
-17
-46
-170
-95
-164
-229
-106
-126
-139
-132
-88
-92
-151
-125
-81
-158
-44
10
-33
-46
-75
-160
-112
-54
-132
-26
49
-80
54
1
-147
-35
-65
-113
35
57
19
14
-33
-61
-22
-114
20
47
16
104
36
40
73
91
65
136
140
182
165
129
75
1
38
62
72
85
-25
-112
-183
-236
-311
-245
-253
-208
-182
-241
-269
-315
-277
-334
-186
-88
-112
-66
-211
-168
-154
-88
52
127
145
6
62
14
14
82
147
200
252
203
187
163
186
102
160
158
176
175
136
134
64
-23
1
20
100
175
151
162
97
112
122
168
195
277
295
225
339
273
252
283
324
381
311
417
318
294
312
290
321
258
308
262
162
252
170
132
55
52
71
-8
19
-19
39
-12
77
-49
-40
-47
-103
-90
-59
-13
-36
-111
-4
-95
-126
82
-56
-10
-2
-14
-84
56
104
254
441
428
230
103
257
316
378
532
768
671
482
302
93
28
8
-18
41
260
6
-333
-403
-558
-624
-624
-385
-134
-62
-118
-104
-142
-156
-55
112
521
849
764
707
718
670
669
684
878
1013
895
762
589
542
355
290
364
387
397
179
32
-104
-211
-243
-191
-41
132
131
31
16
26
-5
68
252
341
391
238
144
-9
-208
-360
-408
-345
-446
-360
-525
-617
-682
-716
-622
-365
-102
-63
82
291
394
459
443
546
780
895
980
1080
1161
994
816
723
760
622
414
264
107
-58
-318
-639
-799
-876
-986
-1027
-864
-769
-717
-668
-527
-302
-61
192
410
729
998
1078
1000
1142
1095
1057
1159
1227
1112
987
685
527
482
376
225
192
185
-24
-10
-197
-219
-172
-135
-135
82
215
251
253
345
538
537
620
784
805
770
670
499
501
452
162
-76
-166
-347
-594
-854
-984
-1100
-1308
-1410
-1316
-1149
-935
-614
-216
106
135
63
266
546
612
908
1280
1430
1316
1100
843
707
606
385
509
641
446
-1
-446
-745
-1101
-1451
-1554
-1381
-1153
-1187
-1307
-1305
-1226
-1210
-1024
-472
169
530
769
927
1055
1173
1147
1187
1389
1503
1330
1119
885
639
301
174
144
110
98
-180
-330
-448
-560
-643
-579
-316
-199
-84
-26
19
74
117
186
461
636
685
700
607
528
357
225
82
123
-62
-356
-604
-889
-1083
-1371
-1528
-1558
-1528
-1530
-1493
-1437
-1390
-1129
-520
113
450
438
315
352
661
884
1071
1500
1561
1129
708
498
359
115
-124
-104
-11
-77
-579
-1219
-1533
-1726
-1916
-2005
-1632
-1330
-1335
-1394
-1395
-1082
-808
-560
-118
588
1073
1188
1194
1239
1332
1244
1128
1149
1256
1057
621
277
2
-297
-492
-534
-440
-396
-637
-796
-850
-688
-762
-642
-283
40
168
152
217
224
355
438
641
838
896
698
462
334
186
-80
-182
-294
-443
-663
-1081
-1361
-1565
-1631
-1728
-1717
-1569
-1512
-1410
-1314
-1108
-856
-309
393
926
1147
1005
834
780
875
1106
1366
1516
1278
682
212
-139
-449
-593
-600
-540
-497
-648
-1175
-1591
-1848
-2014
-1994
-1665
-1164
-838
-807
-896
-788
-527
-175
279
931
1432
1653
1493
1325
1260
1138
1008
943
876
815
521
35
-436
-709
-858
-857
-654
-439
-368
-517
-565
-558
-418
-282
-20
312
667
770
701
607
596
709
764
834
941
869
586
322
-24
-263
-473
-589
-653
-745
-884
-1243
-1464
-1544
-1552
-1495
-1373
-1169
-950
-782
-683
-501
-22
843
1583
1606
974
557
799
1030
1133
1291
1578
1341
422
-390
-514
-432
-714
-920
-709
-246
-338
-1080
-1725
-1763
-1688
-1637
-1465
-893
-406
-492
-762
-672
-216
46
282
827
1557
1778
1433
1184
1199
1202
983
725
788
721
423
-51
-437
-553
-699
-750
-597
-211
-177
-310
-338
-128
185
202
313
568
960
1058
879
665
646
684
605
622
641
611
393
73
-237
-340
-598
-823
-807
-753
-761
-1015
-1179
-1259
-1166
-1176
-1193
-1058
-814
-675
-614
-452
-259
119
838
1486
1507
914
489
613
775
799
964
1307
1003
90
-689
-844
-778
-966
-1078
-713
-255
-315
-913
-1582
-1811
-1760
-1695
-1335
-700
-280
-335
-560
-608
-441
-168
158
800
1425
1630
1399
1129
988
757
533
456
617
590
247
-188
-647
-923
-1005
-822
-489
-161
-23
-180
-185
-65
106
216
395
764
1056
1085
792
512
284
274
372
480
582
481
193
-214
-547
-783
-818
-738
-607
-535
-567
-794
-981
-1107
-1132
-1079
-946
-638
-448
-393
-486
-418
-379
-155
474
1278
1705
1188
505
386
602
658
689
986
1205
643
-295
-767
-754
-687
-803
-706
-249
-3
-469
-1045
-1249
-1170
-1232
-1307
-971
-380
-34
-284
-431
-184
46
179
503
1028
1334
1371
1246
1152
1069
653
233
141
342
356
83
-307
-580
-788
-782
-587
-277
32
136
150
209
327
224
153
367
813
1070
920
548
188
51
-14
-12
94
174
138
-132
-491
-825
-969
-949
-831
-651
-617
-715
-896
-1046
-1129
-1117
-1010
-946
-851
-746
-625
-554
-613
-448
253
1242
1502
823
137
200
514
499
540
1031
1280
426
-736
-1136
-859
-753
-919
-746
-163
73
-555
-1368
-1606
-1439
-1381
-1321
-866
-308
-198
-566
-760
-474
-98
150
477
1027
1304
1153
881
762
698
470
290
291
346
196
-197
-639
-905
-913
-668
-335
23
183
39
-178
-151
81
338
530
751
983
984
602
152
-21
5
218
295
269
148
-64
-372
-638
-806
-865
-714
-681
-554
-668
-855
-1018
-1122
-1085
-1120
-922
-899
-801
-848
-771
-666
-601
-78
914
1797
1514
484
-70
295
622
590
844
1400
1176
-89
-1136
-1156
-829
-919
-1060
-549
87
-143
-1143
-1758
-1469
-1053
-1116
-1251
-781
-274
-386
-718
-500
31
293
379
654
1255
1412
1055
821
881
975
659
269
93
-35
-253
-654
-897
-943
-852
-657
-429
-198
-200
-310
-276
46
315
413
478
696
898
802
490
95
-5
34
198
107
-48
-215
-378
-464
-589
-719
-953
-1062
-965
-835
-756
-807
-947
-961
-1077
-1223
-1290
-1110
-849
-683
-456
-247
233
920
1403
1133
372
153
510
848
935
1065
1210
718
-423
-1291
-1214
-771
-801
-920
-620
-202
-432
-1216
-1663
-1348
-782
-751
-806
-580
-332
-404
-630
-391
232
670
752
953
1296
1443
1208
948
935
1046
964
606
317
51
-265
-639
-858
-835
-659
-397
-214
-56
-109
-185
-99
183
616
776
967
990
990
777
645
498
358
265
180
243
163
11
-290
-441
-521
-600
-830
-925
-999
-855
-747
-796
-799
-879
-944
-1070
-1041
-896
-717
-513
-251
313
1081
1628
1428
747
308
513
892
1104
1281
1473
1169
73
-947
-1182
-893
-777
-843
-723
-432
-497
-1107
-1657
-1456
-813
-371
-385
-527
-487
-447
-406
-239
245
651
808
847
1066
1336
1323
1145
934
941
980
855
417
-21
-364
-543
-670
-688
-577
-445
-351
-335
-246
-164
5
341
662
938
1121
1090
898
735
717
730
782
534
212
-108
-374
-366
-310
-267
-472
-597
-746
-1039
-1271
-1248
-844
-632
-617
-748
-789
-891
-1022
-1006
-714
-264
-58
273
963
1788
1622
728
83
359
943
1049
1156
1439
1397
402
-823
-1271
-847
-583
-781
-870
-577
-441
-900
-1458
-1484
-1067
-771
-639
-473
-167
-195
-383
-300
193
617
723
835
1130
1527
1644
1488
1279
1072
942
876
818
560
152
-275
-445
-452
-431
-352
-277
-202
-254
-158
29
406
651
821
1043
1271
1254
872
639
633
850
744
527
309
26
-182
-384
-332
-382
-497
-721
-905
-966
-1013
-1038
-883
-710
-550
-611
-784
-888
-767
-407
-20
472
1023
1721
1990
1586
906
644
909
1200
1424
1766
1878
1124
-126
-935
-909
-592
-531
-576
-539
-601
-994
-1418
-1566
-1290
-965
-845
-657
-334
-10
-116
-262
-156
327
864
1216
1401
1416
1444
1479
1588
1582
1414
1153
979
769
466
60
-309
-441
-276
-104
-30
-150
-377
-473
-422
-60
405
784
1013
1259
1417
1280
927
589
538
689
838
776
506
176
-190
-449
-679
-692
-700
-821
-1013
-1175
-1168
-1118
-1084
-1102
-928
-805
-816
-822
-694
-352
81
975
1989
2470
1804
657
436
977
1504
1603
1941
2242
1591
82
-1050
-900
-393
-372
-612
-531
-462
-1011
-1855
-2120
-1445
-826
-869
-1150
-846
-243
-182
-415
-298
352
900
1099
1264
1527
1554
1314
1219
1519
1883
1767
1228
680
348
50
-310
-496
-310
44
96
-221
-570
-708
-618
-240
228
631
826
988
1232
1252
1131
800
681
754
876
798
489
209
-116
-322
-554
-651
-717
-953
-1254
-1456
-1349
-1229
-1162
-1122
-1000
-867
-1008
-1104
-1033
-634
-83
587
1526
2285
2221
1319
549
582
1127
1592
1957
2255
1994
896
-316
-847
-612
-302
-304
-417
-487
-669
-1179
-1705
-1795
-1603
-1407
-1325
-1099
-720
-464
-419
-519
-292
236
922
1368
1470
1455
1447
1629
1737
1766
1714
1519
1157
753
458
200
-46
-250
-255
-74
61
-119
-437
-552
-251
142
338
426
780
1255
1533
1379
1006
807
823
942
1045
1017
813
320
-120
-413
-402
-423
-695
-1084
-1406
-1408
-1446
-1424
-1415
-1213
-969
-875
-856
-888
-725
-427
367
1594
2649
2641
1629
808
799
1326
1712
2100
2353
2077
1053
-100
-544
-416
-193
-209
-259
-355
-595
-1139
-1586
-1623
-1526
-1517
-1545
-1192
-567
-168
-328
-687
-695
-183
727
1574
1978
1899
1641
1539
1697
1854
1826
1628
1354
1060
747
344
-7
-283
-373
-280
-229
-282
-475
-574
-400
-125
144
311
580
952
1287
1377
1176
859
721
847
931
908
739
564
153
-329
-682
-744
-765
-1040
-1297
-1546
-1593
-1787
-1879
-1821
-1631
-1392
-1226
-908
-608
-131
633
1640
2211
1819
1133
829
1154
1673
2341
2820
2467
1182
-236
-747
-469
-87
-9
-137
-369
-781
-1395
-1868
-2024
-1881
-1767
-1660
-1424
-1111
-894
-969
-1111
-1153
-884
-278
575
1329
1644
1458
1224
1219
1415
1624
1723
1656
1344
921
442
136
41
63
-10
-165
-298
-486
-626
-710
-518
-226
3
199
412
753
869
863
719
684
706
757
846
796
689
471
109
-321
-615
-641
-613
-721
-1129
-1514
-1748
-1839
-1907
-1941
-1831
-1563
-1373
-1256
-1085
-590
257
1177
1747
1636
1196
924
1024
1426
2027
2658
2698
1875
643
-145
-236
-16
134
139
26
-311
-874
-1392
-1660
-1644
-1659
-1793
-1813
-1618
-1225
-962
-857
-940
-920
-625
-19
701
1290
1684
1765
1806
1839
1935
1945
1869
1745
1549
1275
889
613
463
424
216
-82
-335
-419
-310
-130
33
49
133
285
537
755
933
1020
968
937
893
982
987
927
806
604
388
77
-142
-294
-501
-793
-1098
-1301
-1445
-1559
-1601
-1540
-1468
-1447
-1280
-834
17
986
1648
1683
1310
1024
1029
1439
2132
2867
3091
2569
1622
854
517
424
456
508
456
181
-255
-683
-998
-1168
-1389
-1659
-1823
-1721
-1390
-993
-709
-723
-849
-832
-443
177
807
1278
1618
1871
1996
2078
2119
2047
1821
1632
1588
1525
1343
1128
1051
927
566
-6
-421
-370
-37
301
409
400
360
331
296
373
618
884
1010
943
895
921
954
868
723
569
414
255
103
29
-74
-341
-748
-1119
-1320
-1331
-1278
-1243
-1283
-1284
-1218
-943
-281
612
1311
1383
1022
737
830
1264
1952
2628
2868
2451
1719
1158
939
898
863
821
692
477
136
-244
-536
-751
-1020
-1396
-1615
-1625
-1471
-1202
-936
-741
-777
-812
-620
-184
326
758
1195
1551
1790
1865
1878
1870
1838
1770
1649
1547
1444
1402
1396
1344
1081
548
-30
-294
-118
247
498
560
518
439
250
76
137
399
651
696
720
766
868
871
711
551
390
297
184
141
138
32
-212
-588
-909
-1042
-1005
-969
-1009
-1068
-953
-521
39
486
621
568
401
276
431
1020
1795
2201
2101
1714
1385
1186
1081
1068
1081
1113
951
645
324
134
-23
-415
-938
-1354
-1412
-1275
-1079
-940
-870
-954
-1106
-1021
-678
-223
134
518
954
1297
1468
1474
1514
1562
1557
1505
1519
1591
1631
1582
1483
1384
1125
710
273
58
145
365
537
582
606
554
388
166
74
169
315
448
570
718
792
774
617
417
235
117
109
142
196
128
-53
-352
-650
-797
-822
-817
-896
-887
-686
-330
61
313
417
369
277
201
388
881
1444
1766
1671
1436
1209
1118
1129
1156
1131
1013
849
642
437
286
182
-25
-444
-896
-1130
-1132
-993
-797
-656
-628
-669
-680
-577
-346
7
394
699
913
1095
1247
1310
1304
1292
1356
1394
1362
1283
1272
1367
1374
1229
908
578
382
296
347
500
679
720
585
396
254
205
186
180
188
245
361
504
588
543
361
134
-4
-36
-21
-6
-37
-169
-350
-536
-619
-594
-621
-757
-833
-694
-404
-63
205
356
336
135
-40
139
618
1084
1299
1263
1118
964
909
939
1037
1074
951
693
406
234
170
115
-128
-555
-977
-1196
-1177
-1068
-956
-889
-875
-891
-840
-631
-369
-124
120
387
616
781
878
948
1072
1161
1156
1019
954
1014
1112
1171
1140
1027
785
500
299
231
286
402
477
440
338
183
24
-101
-139
-128
-86
-20
74
202
291
225
42
-117
-163
-130
-79
-51
-93
-241
-432
-581
-626
-644
-694
-774
-814
-693
-410
-65
139
155
74
-48
-94
63
458
918
1210
1198
1001
863
819
838
889
918
874
692
432
233
169
67
-212
-642
-1042
-1223
-1196
-1067
-906
-836
-865
-928
-911
-725
-466
-219
-17
218
497
674
726
738
841
984
1001
906
829
908
1051
1133
1087
959
784
576
417
359
413
529
608
541
354
160
28
-53
-100
-118
-107
-88
-68
-25
24
52
20
-32
-87
-110
-100
-116
-201
-345
-499
-594
-645
-682
-732
-767
-734
-582
-297
2
155
105
-82
-199
-93
275
753
1076
1178
1116
975
862
834
880
926
870
690
493
362
279
150
-68
-379
-750
-1084
-1249
-1167
-922
-707
-681
-802
-875
-772
-558
-285
-7
252
449
609
735
849
970
1018
1020
950
886
897
1004
1130
1195
1129
905
636
435
400
499
631
699
655
531
373
230
117
26
-72
-142
-171
-156
-43
90
156
58
-93
-219
-300
-311
-229
-137
-124
-256
-492
-646
-712
-741
-751
-584
-322
-71
58
46
1
-109
-189
-113
272
815
1163
1211
1069
940
859
828
859
952
974
830
615
395
220
17
-244
-595
-888
-1072
-1177
-1156
-1040
-909
-874
-863
-804
-663
-484
-301
-57
200
450
635
796
933
1000
1006
924
829
792
843
951
1023
991
867
689
476
288
202
256
436
640
728
683
501
278
84
-29
-66
-36
17
48
96
113
105
-38
-261
-459
-474
-376
-336
-328
-384
-454
-581
-702
-733
-701
-559
-283
90
349
350
179
39
10
115
371
719
1051
1203
1209
1109
1011
941
840
756
708
726
734
635
441
210
-37
-389
-753
-1054
-1134
-955
-727
-577
-545
-512
-497
-453
-319
-65
292
622
865
1011
1167
1310
1343
1279
1152
1077
1043
1076
1152
1219
1202
1024
779
509
346
268
353
584
800
900
844
800
735
638
486
349
288
263
342
475
630
653
472
139
-175
-327
-399
-342
-192
-59
-45
-204
-410
-512
-382
-54
389
754
847
740
565
503
566
835
1268
1648
1758
1563
1326
1202
1242
1294
1295
1204
1024
851
699
607
503
297
-57
-495
-831
-919
-735
-451
-276
-268
-323
-308
-192
-9
234
549
858
1150
1380
1540
1660
1721
1733
1610
1406
1204
1167
1370
1604
1658
1389
944
507
245
233
381
631
829
912
848
749
751
758
762
709
658
676
774
904
973
959
753
405
17
-240
-320
-274
-214
-256
-323
-429
-542
-640
-536
-122
479
958
1048
917
696
573
594
891
1470
1976
2117
1829
1458
1232
1189
1224
1233
1213
1078
869
640
494
399
260
-26
-445
-848
-1091
-985
-599
-218
-78
-157
-237
-175
3
274
666
1090
1390
1490
1529
1673
1877
2014
1925
1659
1403
1298
1365
1453
1471
1282
904
452
32
-127
-15
279
513
568
473
344
325
439
648
811
851
805
810
929
1088
1149
995
704
276
-81
-299
-331
-320
-393
-535
-729
-846
-887
-628
-45
603
959
852
608
413
447
773
1395
2055
2367
2196
1743
1385
1231
1263
1299
1278
1126
880
646
450
356
218
-24
-441
-908
-1219
-1200
-828
-383
-118
-142
-201
-148
39
321
675
1107
1488
1711
1744
1752
1804
1843
1813
1729
1647
1643
1693
1705
1591
1280
807
276
-103
-178
24
335
581
604
404
134
-18
4
175
423
691
924
1110
1217
1245
1164
1028
767
495
238
72
-8
-88
-183
-377
-592
-802
-900
-728
-229
427
818
787
513
302
306
624
1214
1840
2172
2020
1603
1217
1124
1255
1359
1287
998
657
328
63
-45
-20
-80
-361
-795
-1159
-1240
-970
-589
-357
-288
-278
-171
57
385
785
1205
1494
1591
1521
1464
1538
1649
1721
1666
1521
1443
1501
1599
1515
1186
683
198
-158
-222
-87
201
450
508
357
24
-167
-230
-107
62
265
438
570
693
737
725
574
390
108
-71
-132
-118
-130
-269
-418
-608
-733
-829
-623
-57
624
990
796
438
177
227
536
1197
1924
2230
1932
1254
806
704
859
992
951
738
389
22
-333
-516
-604
-720
-950
-1211
-1346
-1229
-871
-532
-366
-430
-452
-331
-37
361
796
1223
1440
1392
1149
1020
1033
1098
1102
1055
1016
1074
1249
1338
1246
909
461
16
-198
-118
175
511
661
581
285
-4
-144
-127
-92
-72
-26
24
150
263
335
248
21
-287
-553
-691
-661
-536
-527
-599
-772
-846
-854
-765
-475
118
828
1178
1042
652
429
448
771
1369
2024
2321
1940
1209
571
368
488
674
718
600
341
-57
-459
-756
-895
-1017
-1154
-1304
-1297
-1073
-727
-389
-311
-359
-395
-149
280
707
1058
1277
1406
1314
1110
912
880
930
936
862
727
793
918
1041
903
585
284
139
200
384
691
943
1066
919
668
440
365
389
360
311
295
321
332
289
162
-28
-296
-531
-775
-925
-998
-977
-925
-867
-778
-712
-619
-479
-13
748
1457
1676
1385
1021
861
1027
1486
2209
2766
2656
1789
813
295
331
662
873
789
355
-144
-605
-906
-973
-844
-726
-820
-1022
-1100
-900
-577
-266
-72
63
283
598
916
1110
1309
1518
1583
1431
1149
932
844
793
674
521
424
517
674
731
555
271
24
-23
121
415
811
1133
1321
1240
1050
861
817
837
783
663
522
470
379
290
98
-143
-455
-776
-1087
-1390
-1530
-1590
-1454
-1321
-1134
-1034
-902
-529
253
1221
1676
1432
862
632
772
1257
2025
2817
3039
2278
1085
191
62
362
733
773
457
-64
-616
-987
-1204
-1190
-1202
-1270
-1351
-1313
-1071
-785
-513
-480
-487
-330
146
740
1068
1159
1133
1185
1123
934
754
653
583
351
45
-199
-125
165
388
306
-67
-424
-592
-458
-181
198
524
769
944
948
881
741
637
521
399
365
386
456
390
143
-251
-721
-1051
-1319
-1530
-1741
-1914
-1930
-1768
-1478
-1271
-1212
-1190
-852
20
1016
1505
1284
815
539
593
1065
1919
2646
2610
1669
507
-130
-71
369
675
565
38
-591
-1049
-1290
-1256
-1166
-1047
-1114
-1239
-1303
-1220
-911
-682
-537
-423
-41
512
902
979
889
965
1039
981
737
540
469
390
200
-85
-259
-237
-21
60
-29
-290
-421
-415
-237
37
352
695
901
1029
930
844
740
711
655
494
348
218
220
117
-35
-353
-692
-1059
-1434
-1737
-1954
-1932
-1861
-1586
-1392
-1186
-1066
-871
-333
510
1275
1304
862
435
518
937
1575
2266
2497
1964
767
-149
-348
99
565
658
340
-239
-663
-962
-1074
-1125
-1125
-1047
-939
-773
-653
-526
-511
-575
-650
-408
296
1054
1422
1200
879
744
783
767
598
447
308
222
88
-34
-96
-64
-31
-94
-207
-261
-177
-16
161
318
519
746
998
1141
1149
1047
895
777
589
400
264
210
215
146
-52
-453
-922
-1370
-1639
-1739
-1676
-1639
-1534
-1391
-1178
-1041
-943
-560
205
1178
1609
1302
636
327
543
1052
1738
2272
2280
1389
195
-564
-476
47
352
276
-167
-534
-782
-976
-1239
-1307
-1089
-759
-521
-512
-481
-539
-567
-636
-407
200
969
1350
1077
639
415
595
719
644
429
285
180
-41
-244
-427
-358
-225
-37
51
2
-62
-136
-93
25
372
701
958
938
866
843
834
781
547
257
-2
-75
-87
-84
-181
-390
-766
-1157
-1437
-1550
-1594
-1685
-1688
-1556
-1231
-950
-829
-743
-459
238
1077
1524
1258
595
189
312
818
1437
1866
1743
864
-293
-952
-776
-204
67
-88
-478
-704
-777
-910
-1199
-1498
-1480
-1160
-660
-274
-175
-375
-755
-966
-754
-33
841
1281
1044
497
193
299
459
386
150
-58
-119
-150
-171
-233
-294
-322
-313
-239
-97
57
129
92
92
267
587
898
1012
924
729
515
402
313
208
14
-184
-326
-376
-413
-570
-937
-1297
-1550
-1602
-1574
-1525
-1410
-1315
-1108
-920
-753
-660
-430
108
996
1635
1587
1004
454
396
674
1166
1645
1813
1246
176
-662
-765
-358
-64
-118
-379
-541
-637
-799
-1159
-1320
-1109
-718
-452
-452
-464
-554
-567
-525
-284
171
654
890
714
456
343
510
598
488
217
-15
-120
-163
-152
-191
-169
-145
-55
16
71
81
10
22
186
525
854
994
943
811
719
608
508
323
142
-21
-119
-177
-329
-537
-861
-1205
-1444
-1544
-1584
-1686
-1821
-1820
-1656
-1270
-913
-718
-724
-636
-120
825
1627
1654
1022
318
155
444
1076
1658
1767
1075
-121
-957
-1025
-550
-299
-410
-663
-799
-854
-988
-1245
-1535
-1542
-1325
-877
-511
-293
-322
-568
-760
-691
-113
631
1073
929
481
216
292
477
402
126
-154
-259
-265
-319
-442
-592
-589
-414
-140
64
99
-14
-115
-23
245
638
933
1129
1116
987
738
485
339
174
80
-47
-115
-268
-527
-967
-1413
-1653
-1663
-1620
-1700
-1821
-1789
-1626
-1361
-1158
-998
-892
-783
-400
361
1442
2018
1665
686
37
182
817
1525
1882
1642
692
-411
-1009
-908
-580
-496
-675
-900
-941
-1041
-1240
-1578
-1766
-1609
-1178
-618
-366
-334
-542
-664
-588
-224
304
713
921
734
483
329
403
444
264
-61
-314
-304
-324
-382
-581
-628
-555
-350
-80
-60
-98
-244
-137
147
557
882
1031
973
809
653
483
456
259
98
-149
-238
-344
-575
-916
-1424
-1666
-1796
-1721
-1773
-1820
-1871
-1842
-1795
-1670
-1337
-984
-706
-603
-197
643
1517
1660
1016
322
230
664
1134
1521
1577
1106
64
-855
-1087
-771
-487
-623
-922
-1213
-1320
-1507
-1778
-1940
-1668
-1194
-815
-758
-827
-829
-763
-441
-114
228
423
525
428
278
233
332
455
272
-86
-475
-605
-642
-656
-691
-631
-503
-349
-200
-251
-290
-432
-340
-76
418
863
963
829
540
499
448
435
218
-21
-178
-302
-386
-778
-1171
-1557
-1607
-1567
-1581
-1709
-1914
-1917
-1885
-1769
-1762
-1641
-1433
-1138
-903
-725
-395
237
1032
1328
976
257
25
307
734
1132
1375
1250
386
-689
-1267
-1062
-656
-552
-739
-1065
-1401
-1743
-1918
-1757
-1341
-999
-952
-1123
-1208
-1085
-761
-389
-179
-168
-186
-16
218
296
187
73
94
52
-184
-550
-786
-821
-702
-533
-387
-285
-288
-315
-397
-383
-336
-169
102
420
683
700
550
348
302
316
290
73
-131
-261
-326
-543
-947
-1290
-1379
-1246
-1188
-1396
-1718
-1851
-1824
-1661
-1674
-1677
-1607
-1429
-1269
-1131
-897
-574
-81
538
1096
1084
530
-56
-59
407
988
1393
1375
791
-237
-996
-1072
-736
-565
-731
-942
-1086
-1166
-1334
-1601
-1779
-1722
-1438
-1108
-797
-554
-475
-625
-839
-835
-485
114
569
654
350
16
-89
-63
-113
-313
-463
-431
-265
-132
-140
-307
-489
-534
-348
-20
231
217
126
122
300
438
508
471
484
502
422
285
90
25
-178
-440
-713
-791
-770
-765
-933
-1178
-1296
-1275
-1277
-1387
-1493
-1496
-1468
-1525
-1433
-1179
-886
-817
-776
-362
498
1164
1056
344
-65
199
737
1135
1340
1411
995
157
-611
-800
-627
-532
-654
-860
-931
-1020
-1235
-1471
-1575
-1387
-1094
-806
-658
-611
-549
-519
-497
-486
-250
151
500
523
270
65
44
28
-140
-355
-410
-215
35
132
24
-236
-420
-393
-98
164
250
177
92
203
277
316
212
214
323
365
351
108
-117
-321
-348
-342
-366
-481
-677
-804
-897
-866
-924
-948
-1028
-1165
-1310
-1485
-1470
-1352
-1086
-1078
-1190
-1316
-1068
-491
250
915
1019
660
87
-23
295
902
1368
1487
1134
251
-596
-1020
-859
-684
-726
-895
-1088
-1227
-1480
-1514
-1332
-1074
-946
-1004
-906
-732
-452
-266
-130
-59
-5
38
69
146
162
133
44
30
24
-82
-213
-280
-175
-42
-46
-165
-237
-103
114
223
68
-134
-153
-1
215
293
287
152
107
105
72
-23
-165
-236
-279
-315
-429
-625
-718
-707
-670
-676
-830
-980
-1175
-1133
-1238
-1194
-1449
-1613
-1748
-1639
-1424
-1333
-1101
-949
-325
322
971
953
432
-49
81
741
1331
1593
1315
651
-362
-1075
-1169
-872
-724
-1004
-1355
-1587
-1504
-1405
-1409
-1458
-1530
-1299
-1013
-585
-357
-194
-164
-298
-383
-394
-90
200
315
133
-128
-129
-51
-74
-400
-585
-462
-121
89
-24
-199
-202
5
109
36
-127
-207
-58
209
412
407
209
4
-71
70
220
304
208
54
-141
-289
-396
-445
-453
-517
-575
-785
-973
-1134
-1132
-1125
-1224
-1469
-1597
-1669
-1677
-1693
-1543
-1137
-724
-407
-259
168
778
1165
937
462
393
818
1263
1316
1045
442
-364
-1159
-1423
-1230
-1050
-1217
-1601
-1779
-1651
-1386
-1302
-1350
-1316
-1031
-602
-286
-112
-111
-163
-254
-313
-254
-85
149
248
111
-146
-354
-353
-376
-484
-575
-430
-209
-114
-206
-377
-343
-218
-106
-127
-206
-173
-14
214
262
170
89
10
119
302
500
439
206
-43
-246
-281
-330
-379
-532
-652
-755
-862
-971
-1188
-1417
-1642
-1718
-1680
-1522
-1535
-1654
-1829
-1740
-1341
-894
-590
-491
-237
233
965
1470
1294
649
288
442
747
737
478
-12
-737
-1530
-1970
-1855
-1661
-1613
-1662
-1523
-1405
-1307
-1243
-1143
-887
-578
-201
6
16
-144
-271
-249
-217
-283
-374
-264
-104
-123
-434
-713
-658
-358
-184
-247
-375
-396
-350
-279
-286
-321
-309
-224
-99
-81
-149
-232
-173
-14
113
171
191
299
504
561
364
9
-144
-116
-59
-188
-446
-729
-869
-1024
-1206
-1409
-1539
-1568
-1598
-1488
-1528
-1418
-1535
-1494
-1496
-1185
-709
-417
-377
-587
-439
-228
143
647
1211
1236
468
-339
-533
-273
-252
-438
-559
-691
-1157
-1616
-1646
-1409
-1265
-1245
-1027
-671
-403
-437
-525
-491
-357
-258
-262
-161
-81
-123
-395
-660
-752
-715
-590
-387
-151
-5
11
85
157
73
-134
-238
-85
152
289
107
-174
-331
-281
-118
-110
-120
-117
110
340
475
523
540
638
696
767
663
514
321
142
-31
-270
-497
-723
-900
-1095
-1249
-1321
-1276
-1185
-1106
-1100
-1107
-1025
-881
-625
-390
-298
-384
-490
-406
-203
-83
-19
201
614
918
668
-57
-661
-647
-318
-85
-4
73
-107
-681
-1224
-1195
-738
-412
-415
-447
-309
-157
-159
-353
-479
-516
-420
-378
-399
-427
-497
-516
-571
-611
-609
-404
-9
402
520
389
264
293
331
197
82
109
297
295
72
-278
-443
-301
-96
71
92
186
384
553
605
570
656
787
927
930
729
449
211
-34
-268
-467
-566
-701
-893
-975
-1039
-998
-963
-950
-881
-830
-630
-426
-255
-310
-561
-747
-750
-566
-446
-488
-677
-706
-661
-481
-189
346
552
127
-417
-441
51
347
360
397
425
5
-640
-807
-479
-258
-463
-690
-678
-486
-389
-543
-720
-897
-969
-915
-634
-312
-190
-234
-300
-269
-169
-27
192
501
616
444
268
284
288
43
-299
-396
-279
-165
-212
-263
-234
-159
-75
21
243
492
697
721
710
759
880
899
711
399
115
-57
-188
-293
-412
-460
-549
-776
-905
-894
-704
-515
-476
-465
-485
-344
-263
-272
-342
-496
-638
-748
-832
-893
-954
-1026
-1085
-1173
-1024
-859
-559
-43
570
991
698
155
-26
388
836
941
902
733
210
-538
-909
-800
-607
-760
-993
-927
-702
-615
-750
-804
-729
-547
-358
-147
131
388
428
215
70
55
195
404
603
642
408
59
-127
-80
37
11
-114
-190
-99
98
205
204
274
489
693
805
796
784
837
954
916
748
519
397
384
366
192
-100
-222
-220
-225
-301
-374
-381
-258
-173
-161
-266
-432
-500
-523
-296
-191
-138
-310
-593
-806
-978
-1065
-1086
-1002
-943
-856
-774
-471
-323
-88
95
581
1106
1083
668
357
493
605
504
370
384
94
-580
-1134
-1096
-902
-1021
-1193
-1003
-547
-345
-420
-510
-364
-196
-123
-35
95
227
173
53
-40
-19
-2
40
208
314
160
-103
-64
126
164
-51
-123
33
221
248
225
277
312
326
378
554
694
724
650
633
601
481
282
195
321
417
344
90
-133
-235
-258
-270
-320
-368
-358
-251
-227
-332
-575
-607
-492
-405
-424
-481
-434
-541
-762
-955
-976
-869
-921
-1001
-955
-799
-637
-665
-638
-470
-124
336
771
988
637
55
-164
-10
148
40
-96
-234
-600
-979
-1079
-944
-966
-1134
-953
-481
-157
-60
-108
-202
-479
-611
-496
-265
-41
155
277
62
-310
-503
-351
-99
91
157
166
113
128
102
-137
-290
-176
84
148
156
234
238
207
198
333
373
322
305
406
445
249
44
-78
-60
-13
76
-13
-125
-204
-183
-220
-267
-233
-215
-195
-250
-249
-333
-401
-407
-260
-253
-274
-371
-431
-618
-795
-889
-967
-923
-989
-937
-1036
-994
-939
-800
-610
-453
-201
60
368
509
508
71
-241
-239
92
141
-7
-73
-170
-432
-814
-751
-530
-552
-763
-576
-193
-77
-152
-125
-97
-347
-576
-528
-209
54
161
69
-151
-363
-333
-40
279
453
430
336
247
278
298
171
89
297
590
673
559
388
204
81
54
148
222
247
312
427
338
64
-83
-22
165
272
327
275
220
198
242
283
223
231
320
383
313
125
0
-105
-144
-261
-379
-441
-392
-479
-668
-848
-914
-849
-763
-677
-633
-591
-688
-647
-553
-413
-348
-202
45
320
429
299
52
-87
-31
81
114
134
234
255
28
-318
-445
-404
-421
-441
-303
-97
-105
-273
-355
-300
-343
-440
-326
-37
145
167
165
141
41
-80
8
268
448
443
426
479
503
390
185
90
182
323
382
348
290
238
143
101
29
25
109
238
326
309
270
251
260
247
312
458
562
527
485
463
392
300
228
237
279
208
50
-108
-288
-390
-365
-248
-226
-298
-340
-361
-312
-391
-496
-550
-538
-534
-561
-587
-603
-654
-744
-847
-867
-752
-604
-366
-159
11
33
-25
-77
-57
113
274
393
395
345
199
54
-44
-71
-73
-117
-78
-8
37
-35
-61
-73
-231
-470
-523
-315
-54
75
50
-1
-39
-86
-40
153
365
463
486
549
640
661
554
408
344
431
515
526
484
404
301
178
111
89
120
206
357
446
397
286
285
394
490
498
490
465
468
518
549
453
256
160
223
338
347
283
226
227
226
222
255
276
287
264
172
-31
-215
-336
-371
-410
-538
-753
-943
-929
-849
-864
-985
-1015
-918
-783
-666
-572
-422
-301
-199
-149
-69
-49
-48
29
93
146
121
87
0
11
43
78
95
79
88
131
212
201
191
205
220
206
222
247
272
305
289
216
122
39
-15
-3
35
44
60
89
118
179
194
165
185
318
505
647
709
669
589
569
594
640
676
608
519
521
557
508
341
201
209
337
416
356
352
454
543
523
464
432
452
523
520
485
461
387
235
27
-113
-183
-241
-283
-302
-291
-343
-451
-536
-528
-438
-342
-296
-282
-343
-460
-506
-555
-626
-690
-687
-632
-610
-643
-734
-799
-824
-761
-580
-385
-247
-160
-82
-75
-29
78
245
366
415
431
482
539
443
329
245
158
14
-105
-113
-113
-171
-302
-428
-501
-525
-456
-327
-170
-67
0
42
94
165
148
158
246
410
528
546
517
508
533
542
541
541
581
561
562
617
646
595
490
443
405
342
243
151
68
2
-31
-35
-38
-102
-136
-130
-106
-106
-107
-48
46
135
165
176
211
238
187
94
17
-11
-88
-248
-437
-609
-775
-963
-1075
-1129
-1160
-1219
-1288
-1266
-1181
-1073
-980
-885
-791
-718
-557
-381
-297
-301
-330
-310
-228
-133
-106
-122
-137
-150
-140
-124
-94
-42
6
38
86
169
190
157
145
99
64
14
-36
-74
-130
-166
-174
-163
-164
-153
-67
54
155
263
380
485
598
696
817
926
971
945
864
758
651
559
444
336
299
304
279
173
39
-36
-47
16
136
245
304
292
313
389
463
498
514
541
533
496
447
371
282
181
119
25
-54
-88
-86
-100
-162
-230
-271
-233
-199
-192
-217
-224
-271
-388
-548
-670
-761
-895
-1036
-1140
-1167
-1203
-1286
-1382
-1379
-1324
-1216
-1061
-937
-851
-765
-633
-520
-415
-304
-192
-94
-58
-35
12
84
69
55
92
137
188
194
178
157
119
80
65
57
112
147
157
96
12
6
17
-2
-26
-11
22
21
-8
-59
-90
-65
-55
-25
39
128
201
252
309
370
436
484
492
508
568
600
562
523
465
360
239
155
118
129
125
97
57
27
2
2
87
167
217
220
210
231
225
202
204
168
89
-34
-140
-232
-299
-366
-469
-629
-804
-929
-1008
-1077
-1144
-1186
-1215
-1229
-1266
-1311
-1357
-1336
-1272
-1234
-1192
-1155
-1096
-1082
-1048
-983
-898
-843
-823
-704
-562
-477
-461
-460
-401
-326
-231
-150
-87
-70
-72
-57
-33
-24
-35
-59
-56
-28
-16
-54
-108
-129
-167
-225
-242
-229
-193
-166
-170
-145
-89
-29
-6
66
188
275
309
340
365
412
461
485
486
475
494
511
524
483
410
334
329
362
423
450
433
383
332
288
244
230
211
219
203
160
87
7
-84
-177
-261
-323
-361
-397
-418
-434
-435
-477
-555
-592
-565
-486
-439
-420
-446
-476
-504
-516
-537
-605
-690
-754
-800
-884
-944
-1005
-1080
-1189
-1245
-1250
-1256
-1247
-1284
-1301
-1250
-1161
-1087
-1040
-999
-996
-966
-881
-781
-661
-580
-553
-510
-426
-382
-354
-266
-156
-59
-36
18
102
202
253
280
309
266
230
261
356
362
303
261
200
115
66
64
118
153
159
194
231
279
332
391
423
425
439
460
457
451
423
404
383
335
273
224
184
121
57
-1
-21
-34
-57
-112
-198
-226
-227
-192
-169
-153
-133
-121
-110
-158
-215
-204
-159
-162
-187
-233
-295
-342
-396
-452
-486
-554
-624
-640
-633
-634
-672
-723
-793
-856
-887
-923
-971
-991
-1028
-1082
-1151
-1237
-1318
-1357
-1355
-1345
-1320
-1335
-1375
-1363
-1297
-1251
-1169
-1062
-964
-868
-840
-752
-657
-539
-459
-405
-313
-252
-170
-79
19
64
117
184
220
255
278
300
296
291
265
248
276
293
261
216
166
95
33
-15
-31
-30
-15
5
-28
-59
-57
-54
-60
-43
-16
-21
-25
-2
58
124
108
48
25
58
81
87
95
100
61
15
-12
-46
-95
-160
-191
-166
-176
-253
-355
-397
-402
-426
-464
-478
-456
-440
-437
-478
-470
-506
-545
-548
-521
-483
-496
-475
-471
-441
-474
-543
-599
-638
-607
-577
-561
-597
-671
-750
-799
-800
-820
-853
-861
-805
-759
-758
-742
-719
-693
-698
-698
-667
-584
-531
-496
-414
-360
-353
-341
-242
-144
-48
13
70
170
253
316
366
459
503
546
603
619
622
604
587
577
581
564
531
529
497
427
397
405
402
390
383
350
345
371
386
371
377
361
348
373
408
415
393
348
310
313
353
361
353
372
375
374
349
300
259
243
232
226
216
190
121
43
0
-51
-107
-142
-151
-147
-168
-200
-222
-224
-218
-190
-156
-129
-114
-102
-80
-71
-36
-10
32
75
120
154
136
119
103
117
99
35
-29
-85
-139
-214
-252
-314
-319
-304
-308
-320
-348
-374
-413
-345
-286
-268
-280
-274
-232
-204
-180
-179
-172
-130
-49
-6
49
109
121
138
177
233
271
317
350
385
450
483
480
490
508
499
469
448
435
420
389
376
363
301
255
250
268
252
206
178
182
178
165
148
158
153
119
93
72
51
0
-5
18
20
-15
-33
-51
-40
-22
-31
-52
-67
-83
-109
-129
-150
-171
-184
-206
-214
-221
-262
-281
-264
-229
-225
-225
-197
-167
-152
-148
-143
-116
-101
-118
-134
-118
-82
-35
-29
-40
-37
-24
-27
-55
-71
-128
-167
-203
-205
-219
-259
-338
-452
-499
-545
-535
-550
-581
-621
-663
-643
-631
-574
-579
-578
-545
-518
-493
-489
-445
-423
-388
-387
-339
-282
-262
-240
-233
-204
-220
-213
-180
-124
-49
-2
37
91
131
139
138
146
133
127
142
165
153
123
88
32
13
3
8
-9
-38
-66
-71
-91
-105
-96
-98
-121
-138
-115
-73
-62
-85
-109
-114
-102
-77
-74
-67
-52
-25
-7
-22
-67
-100
-105
-114
-98
-103
-117
-137
-146
-153
-172
-181
-194
-193
-194
-161
-128
-117
-146
-156
-119
-119
-125
-124
-97
-65
-34
-43
-58
-48
-18
23
47
58
33
11
-18
-38
-60
-71
-78
-127
-164
-226
-263
-305
-356
-424
-468
-446
-446
-451
-511
-525
-524
-528
-528
-551
-562
-554
-562
-558
-536
-511
-466
-441
-432
-435
-395
-346
-321
-296
-249
-216
-212
-156
-105
-56
-10
19
39
49
77
122
157
160
158
169
172
150
138
139
138
93
45
18
-26
-42
-30
-41
-62
-61
-74
-102
-125
-139
-149
-141
-122
-101
-77
-79
-99
-110
-108
-116
-98
-51
-19
-3
-6
-1
15
24
41
47
65
84
95
112
102
83
84
103
102
85
97
95
101
84
55
51
67
77
80
78
63
65
61
58
45
14
-10
-18
-24
-26
-82
-173
-243
-298
-339
-391
-424
-472
-515
-556
-575
-615
-670
-680
-719
-724
-722
-729
-761
-801
-818
-821
-786
-772
-745
-725
-721
-713
-700
-633
-608
-542
-502
-479
-462
-432
-371
-339
-276
-258
-239
-225
-185
-140
-126
-94
-81
-50
-37
14
42
43
5
-21
-20
-10
16
18
40
27
5
-22
-43
-39
-36
-27
-12
-34
-38
-37
-29
-29
-27
-33
-28
19
49
55
40
39
45
69
75
88
99
99
119
139
152
146
126
119
114
125
123
100
91
86
60
25
-13
-55
-69
-57
-52
-49
-70
-113
-125
-120
-111
-122
-151
-177
-200
-194
-191
-193
-203
-221
-268
-303
-327
-348
-350
-357
-388
-432
-455
-469
-477
-486
-528
-581
-614
-616
-569
-556
-550
-580
-605
-605
-622
-601
-567
-540
-531
-514
-509
-492
-436
-394
-345
-313
-266
-233
-208
-180
-150
-132
-139
-101
-71
-24
1
16
37
74
134
164
195
203
222
245
308
362
377
387
379
391
387
404
412
402
398
368
340
344
350
335
315
281
229
194
187
158
126
101
57
41
42
44
43
20
14
17
25
43
56
47
53
66
74
58
46
39
32
22
0
-38
-45
-55
-69
-75
-92
-125
-158
-170
-216
-217
-196
-172
-172
-204
-240
-258
-256
-271
-302
-332
-389
-410
-409
-421
-425
-446
-463
-495
-529
-546
-547
-551
-563
-578
-578
-565
-557
-538
-538
-540
-550
-544
-529
-502
-497
-516
-499
-460
-411
-380
-356
-326
-290
-246
-207
-180
-135
-127
-107
-54
-32
-22
6
59
67
71
91
110
128
163
195
217
241
252
281
324
347
347
361
385
406
401
396
391
376
363
355
343
332
319
318
288
247
228
210
208
204
212
223
222
221
217
197
167
136
120
89
61
52
33
14
-11
-30
-56
-92
-104
-93
-103
-114
-95
-88
-81
-87
-88
-110
-117
-100
-64
-36
-53
-64
-65
-76
-74
-67
-34
-21
-28
-50
-59
-51
-40
-34
-47
-60
-79
-77
-77
-71
-85
-94
-111
-131
-157
-170
-166
-165
-166
-182
-200
-202
-192
-168
-142
-130
-128
-112
-79
-54
-21
0
21
30
54
100
120
118
124
147
160
166
152
160
187
201
230
257
280
296
305
341
360
382
390
398
402
434
448
444
435
416
440
445
443
433
433
416
408
403
396
378
367
377
390
391
372
338
309
278
268
280
283
270
258
240
212
179
166
166
153
129
127
126
108
101
99
126
166
203
204
175
169
192
241
278
274
254
234
243
248
255
249
236
228
214
222
237
267
262
253
223
161
143
158
164
148
133
121
121
116
108
98
97
113
122
146
154
152
167
185
210
234
236
253
265
266
260
234
227
246
236
239
216
184
168
161
165
134
72
35
1
-33
-30
-15
-3
-8
-25
-40
-39
-27
-37
-39
-26
-10
13
17
28
29
28
49
59
48
37
59
105
140
129
92
91
93
104
125
139
138
144
148
168
186
184
187
183
190
176
164
149
138
133
123
122
109
101
76
70
72
76
71
39
28
28
59
71
60
49
48
46
50
44
33
19
20
32
50
58
61
74
81
85
63
47
25
12
27
49
80
109
117
122
129
138
147
159
149
144
158
156
154
149
147
133
125
117
119
110
97
84
70
71
66
41
36
40
11
-28
-52
-38
-37
-30
-52
-75
-97
-106
-119
-138
-145
-165
-168
-180
-202
-204
-196
-189
-169
-126
-85
-72
-48
-23
-6
6
0
4
19
61
100
137
144
141
157
167
192
194
223
247
261
265
261
280
277
282
284
286
279
280
287
296
303
301
301
312
327
340
355
362
375
373
383
375
371
382
394
392
368
366
371
364
342
316
302
288
276
270
259
221
194
186
183
190
153
137
133
137
146
143
148
152
143
122
109
90
75
61
58
64
69
62
47
25
4
-15
-23
-28
-22
-8
2
-3
-15
-44
-66
-87
-101
-95
-91
-94
-97
-109
-124
-147
-178
-188
-208
-213
-201
-190
-181
-164
-166
-198
-213
-230
-226
-200
-189
-171
-170
-173
-186
-204
-200
-186
-137
-114
-97
-61
-35
-12
8
45
53
44
49
86
119
130
123
117
117
135
121
104
100
115
142
139
132
127
147
156
157
163
164
152
152
174
207
215
195
166
125
113
119
154
178
168
149
133
130
139
133
121
90
73
65
44
33
1
-27
-80
-111
-129
-139
-158
-197
-199
-200
-223
-258
-275
-276
-270
-251
-224
-204
-196
-200
-205
-213
-225
-219
-211
-202
-196
-203
-213
-212
-200
-200
-201
-216
-221
-225
-215
-189
-176
-170
-163
-150
-129
-103
-103
-101
-121
-129
-118
-110
-98
-85
-94
-103
-102
-99
-93
-89
-84
-103
-114
-118
-122
-123
-129
-111
-97
-112
-117
-110
-118
-105
-90
-58
-32
-2
15
32
58
66
69
65
84
101
116
151
184
205
208
178
152
172
181
213
256
276
293
283
306
301
284
269
263
264
266
294
316
332
323
300
287
279
272
264
254
226
210
208
199
190
170
146
130
118
132
131
128
114
96
78
78
82
85
106
99
96
90
97
92
77
90
89
95
97
117
152
179
189
175
154
146
148
148
159
172
179
180
165
144
127
114
88
79
77
81
82
80
81
80
73
52
44
64
61
59
67
79
66
45
42
39
25
18
23
17
28
42
48
49
35
47
58
76
71
66
71
70
76
69
80
61
70
65
54
49
31
35
50
75
71
68
61
72
75
44
44
51
58
58
44
40
47
55
43
31
25
13
11
9
26
33
37
28
31
33
25
27
32
49
58
62
51
47
48
31
15
11
18
25
22
17
-3
-16
-21
-14
-3
1
10
-9
8
20
41
54
56
62
55
61
69
108
123
126
125
129
153
158
144
130
128
136
157
189
207
201
175
151
133
138
141
146
162
162
158
145
152
126
96
95
106
116
122
123
116
120
127
139
147
154
165
195
217
230
220
206
204
198
217
250
260
251
267
297
306
292
267
258
259
288
334
368
363
334
319
305
321
349
389
416
420
419
437
453
455
477
484
473
471
490
509
514
519
519
521
513
498
494
512
540
549
556
541
504
491
510
542
570
571
576
585
576
571
556
543
534
518
514
509
509
516
516
522
517
499
465
459
458
473
504
508
505
496
486
478
476
476
482
468
471
483
484
458
431
417
405
394
369
369
347
327
317
305
298
275
259
256
260
255
251
239
230
218
226
219
213
221
223
223
215
212
206
206
205
204
210
215
218
237
252
259
253
241
224
233
254
286
320
336
350
363
359
359
353
349
357
382
421
442
446
448
435
426
422
428
448
443
445
464
493
511
515
523
533
541
558
571
566
548
546
561
584
592
575
551
549
570
588
587
577
566
577
560
548
553
566
586
590
599
591
578
565
567
560
556
562
570
584
583
560
540
539
528
507
492
494
494
494
486
466
445
432
428
431
439
449
453
452
465
483
478
453
435
433
419
428
427
415
401
365
344
340
348
348
357
346
323
311
314
313
289
275
267
265
269
275
287
290
305
323
341
350
370
406
426
437
450
461
483
499
508
519
528
524
531
544
553
578
585
591
592
592
609
615
619
642
682
689
679
681
673
681
678
690
673
653
658
667
675
684
679
667
678
671
657
647
640
635
620
608
603
606
610
606
597
583
585
581
593
612
620
621
609
609
596
599
592
594
593
572
551
537
561
551
527
510
484
467
466
471
467
455
452
439
423
420
397
378
370
366
379
381
360
353
330
332
344
358
379
382
393
392
375
362
349
351
358
364
370
356
371
414
444
469
453
422
411
422
462
508
554
543
505
484
489
523
547
571
566
558
542
540
565
576
589
568
547
558
562
560
549
524
499
474
456
449
450
469
477
476
461
452
451
455
476
491
504
508
499
498
492
458
435
428
428
417
405
388
372
360
362
373
372
345
320
324
331
351
362
360
340
324
339
348
340
329
301
283
290
287
271
250
222
205
181
155
128
111
92
76
70
63
47
24
9
7
10
-3
-1
-1
-10
0
13
20
31
38
39
50
44
36
38
38
43
51
46
44
35
50
54
47
49
23
11
22
43
59
75
71
67
68
72
62
32
11
-10
-3
24
44
38
13
10
7
8
2
-9
2
20
57
86
91
84
79
74
85
101
91
82
94
107
107
112
112
111
129
152
166
162
146
144
126
112
94
81
78
67
56
64
61
63
51
45
37
23
17
30
40
50
60
48
35
26
14
3
3
3
-1
-5
3
8
11
-3
-16
-23
-29
-23
-4
25
24
28
30
25
18
0
20
29
41
42
31
15
1
-13
1
5
-17
-5
18
40
39
26
4
-4
13
15
11
6
17
37
61
64
70
77
85
92
87
92
85
93
108
106
90
67
65
76
85
80
75
76
68
74
66
70
66
50
55
53
69
90
94
83
79
68
63
57
44
42
40
48
48
56
57
66
46
31
27
26
32
44
37
34
43
49
72
77
68
59
48
39
60
57
53
48
34
48
72
64
56
51
33
28
36
35
33
17
-7
-24
-25
-18
-10
-1
-9
-13
-28
-21
-5
-8
-26
-34
-18
1
4
-11
-15
0
13
22
26
25
17
20
21
22
14
5
-1
-3
7
-7
-13
-5
14
36
31
7
-23
-40
-26
1
32
54
37
13
16
36
55
47
47
48
61
69
75
88
97
104
87
64
54
60
59
48
37
16
7
-1
-8
0
22
49
54
52
41
27
38
55
81
109
122
126
132
113
94
74
81
96
89
84
75
59
52
70
66
60
39
24
29
45
70
99
111
94
86
105
124
134
132
116
120
129
152
156
162
155
130
129
126
114
96
78
71
66
72
59
31
15
11
6
-9
1
5
5
21
42
40
35
40
39
41
33
42
45
37
39
43
31
19
31
45
42
45
33
26
33
30
39
58
82
100
110
98
97
90
87
89
76
81
83
95
92
90
94
81
80
75
65
66
63
80
102
113
100
80
69
73
90
106
114
114
104
96
103
94
94
99
105
124
122
106
80
64
53
66
85
83
74
60
59
65
68
64
40
33
31
41
52
51
45
31
14
-6
-30
-37
-31
-31
-20
-8
-1
3
10
34
37
24
24
22
34
40
53
46
39
26
21
25
16
21
27
26
23
14
15
10
6
3
-4
-8
-16
-6
-16
-14
-16
-26
-25
-27
-20
-6
-5
-2
-1
-3
-5
0
5
-3
1
18
28
29
13
6
7
11
17
18
22
18
17
2
-11
-31
-30
-32
-33
-32
-50
-59
-55
-55
-60
-74
-77
-78
-80
-65
-72
-81
-92
-107
-105
-85
-81
-103
-112
-99
-105
-99
-109
-126
-124
-125
-118
-108
-91
-81
-72
-69
-82
-102
-107
-99
-91
-92
-92
-100
-111
-105
-106
-98
-111
-118
-119
-124
-112
-100
-80
-100
-117
-134
-161
-146
-137
-137
-134
-135
-149
-147
-156
-153
-170
-194
-183
-169
-153
-153
-158
-177
-174
-166
-173
-183
-163
-147
-143
-131
-147
-173
-182
-183
-171
-170
-180
-181
-174
-152
-133
-122
-149
-191
-199
-194
-163
-119
-78
-88
-119
-132
-135
-117
-88
-63
-76
-84
-93
-72
-54
-58
-62
-90
-112
-131
-143
-143
-140
-153
-158
-179
-204
-212
-216
-218
-211
-200
-216
-225
-213
-193
-157
-138
-128
-138
-142
-135
-122
-106
-110
-111
-101
-100
-107
-121
-134
-132
-115
-88
-87
-115
-133
-126
-112
-95
-98
-113
-113
-109
-113
-123
-137
-158
-162
-169
-155
-147
-151
-166
-184
-188
-191
-182
-187
-195
-210
-229
-240
-236
-227
-224
-240
-239
-235
-240
-238
-240
-225
-218
-215
-215
-203
-196
-199
-214
-233
-243
-236
-228
-228
-223
-208
-207
-205
-208
-228
-242
-245
-240
-243
-226
-203
-193
-207
-226
-250
-270
-270
-281
-292
-305
-309
-308
-304
-311
-332
-347
-356
-355
-346
-350
-343
-344
-344
-334
-336
-341
-351
-347
-343
-346
-345
-351
-344
-353
-354
-350
-354
-352
-337
-320
-309
-297
-304
-334
-354
-357
-364
-360
-365
-367
-370
-386
-396
-395
-401
-419
-422
-417
-400
-378
-372
-372
-378
-401
-405
-413
-418
-426
-418
-411
-407
-387
-378
-377
-381
-389
-392
-391
-397
-402
-395
-382
-363
-349
-334
-349
-365
-356
-357
-358
-350
-352
-352
-368
-382
-402
-416
-420
-433
-421
-409
-416
-436
-446
-463
-467
-456
-466
-471
-473
-457
-443
-434
-440
-441
-449
-446
-435
-437
-425
-423
-433
-434
-415
-399
-388
-373
-383
-385
-388
-391
-389
-400
-402
-398
-402
-410
-425
-431
-419
-416
-441
-457
-455
-457
-459
-468
-480
-494
-506
-501
-483
-477
-466
-478
-488
-497
-500
-499
-503
-500
-507
-497
-499
-486
-478
-474
-471
-457
-417
-400
-395
-401
-405
-392
-381
-374
-364
-365
-381
-393
-404
-396
-399
-409
-391
-404
-407
-413
-392
-394
-411
-414
-444
-459
-454
-435
-411
-405
-421
-435
-443
-447
-452
-457
-451
-443
-418
-381
-372
-368
-364
-372
-379
-375
-368
-351
-340
-340
-358
-367
-380
-393
-388
-371
-356
-344
-355
-381
-378
-357
-324
-296
-291
-317
-326
-306
-285
-261
-263
-273
-297
-301
-281
-258
-241
-245
-254
-270
-284
-289
-282
-287
-296
-311
-315
-330
-354
-369
-374
-370
-345
-357
-354
-362
-377
-363
-332
-311
-308
-294
-279
-274
-276
-290
-304
-296
-294
-291
-287
-304
-325
-325
-322
-300
-309
-339
-358
-357
-347
-336
-315
-312
-307
-306
-302
-308
-307
-309
-321
-311
-303
-292
-289
-296
-306
-314
-313
-308
-325
-327
-325
-317
-320
-329
-353
-366
-351
-358
-353
-355
-356
-350
-346
-349
-323
-296
-295
-295
-308
-312
-314
-303
-298
-285
-285
-286
-279
-268
-264
-267
-258
-264
-290
-304
-296
-302
-277
-267
-261
-273
-281
-271
-269
-275
-284
-309
-313
-291
-285
-282
-273
-268
-292
-305
-318
-340
-337
-348
-327
-309
-294
-293
-301
-302
-308
-296
-284
-277
-288
-293
-282
-289
-300
-301
-296
-284
-260
-257
-274
-281
-295
-298
-292
-282
-285
-288
-309
-313
-298
-287
-273
-276
-298
-310
-311
-311
-302
-309
-314
-310
-295
-297
-301
-314
-324
-324
-313
-299
-290
-290
-274
-254
-252
-256
-275
-267
-260
-261
-249
-239
-244
-249
-253
-256
-261
-262
-241
-242
-260
-254
-275
-267
-267
-266
-267
-270
-268
-279
-279
-289
-286
-272
-253
-259
-262
-254
-260
-257
-240
-230
-212
-206
-198
-181
-178
-186
-200
-206
-201
-191
-191
-184
-175
-183
-190
-186
-196
-221
-237
-231
-232
-222
-205
-224
-245
-263
-259
-250
-258
-256
-252
-243
-246
-260
-270
-277
-280
-291
-290
-282
-286
-288
-289
-285
-296
-305
-310
-302
-296
-284
-270
-256
-240
-250
-237
-241
-246
-243
-237
-236
-235
-235
-235
-227
-236
-233
-231
-238
-244
-251
-261
-276
-266
-259
-265
-266
-278
-289
-303
-299
-298
-304
-304
-310
-314
-318
-316
-329
-336
-341
-340
-325
-301
-303
-304
-286
-273
-260
-252
-234
-225
-235
-242
-257
-278
-274
-282
-269
-255
-257
-267
-289
-278
-263
-257
-279
-305
-322
-325
-302
-272
-247
-266
-303
-326
-314
-298
-264
-257
-270
-253
-238
-235
-230
-221
-232
-242
-255
-258
-246
-229
-224
-244
-252
-264
-268
-283
-288
-275
-282
-278
-294
-320
-327
-314
-294
-275
-260
-249
-240
-244
-260
-267
-272
-272
-254
-257
-255
-261
-274
-273
-252
-252
-263
-299
-310
-297
-274
-250
-254
-265
-288
-302
-307
-309
-310
-320
-345
-346
-345
-325
-312
-308
-315
-328
-339
-343
-345
-364
-371
-391
-398
-392
-400
-413
-415
-430
-441
-453
-444
-434
-425
-408
-408
-404
-385
-365
-357
-362
-378
-386
-375
-371
-350
-354
-353
-347
-336
-329
-343
-374
-402
-391
-380
-355
-336
-314
-300
-304
-315
-317
-328
-338
-350
-357
-350
-358
-352
-362
-391
-376
-375
-368
-369
-370
-366
-367
-338
-324
-337
-339
-334
-334
-340
-328
-330
-319
-300
-319
-330
-332
-329
-326
-320
-304
-275
-255
-252
-271
-291
-295
-295
-284
-274
-286
-285
-288
-287
-281
-301
-321
-343
-351
-337
-330
-324
-319
-328
-342
-343
-353
-360
-360
-374
-368
-371
-364
-367
-379
-368
-364
-364
-387
-383
-380
-363
-344
-332
-316
-308
-305
-314
-304
-293
-286
-293
-305
-310
-336
-357
-368
-369
-341
-355
-375
-377
-369
-359
-357
-371
-385
-382
-392
-410
-426
-446
-449
-439
-443
-436
-439
-435
-412
-398
-402
-416
-415
-414
-397
-396
-395
-380
-370
-362
-362
-392
-411
-417
-431
-414
-408
-415
-422
-409
-408
-399
-391
-401
-414
-416
-418
-444
-443
-436
-431
-443
-447
-443
-451
-460
-462
-476
-484
-483
-477
-462
-450
-450
-444
-434
-434
-420
-400
-400
-416
-416
-417
-416
-399
-397
-416
-413
-401
-394
-394
-375
-364
-379
-403
-413
-408
-389
-370
-382
-400
-407
-394
-384
-382
-396
-412
-426
-437
-427
-433
-448
-449
-438
-418
-402
-399
-406
-416
-424
-422
-416
-420
-429
-419
-407
-391
-400
-427
-438
-454
-435
-412
-435
-468
-451
-424
-410
-404
-440
-462
-475
-471
-440
-401
-398
-427
-454
-484
-467
-459
-456
-445
-435
-441
-456
-451
-445
-455
-463
-484
-488
-472
-455
-444
-447
-456
-470
-495
-506
-510
-493
-484
-495
-508
-501
-520
-547
-527
-497
-456
-440
-438
-440
-440
-454
-469
-468
-454
-451
-435
-414
-427
-437
-439
-434
-420
-430
-423
-433
-427
-398
-374
-364
-396
-397
-388
-375
-371
-381
-382
-386
-386
-380
-378
-392
-395
-374
-370
-368
-366
-367
-387
-416
-432
-452
-456
-462
-440
-421
-425
-433
-444
-437
-440
-436
-418
-387
-377
-366
-339
-324
-315
-319
-319
-317
-316
-303
-306
-304
-300
-302
-299
-294
-288
-299
-313
-310
-306
-303
-289
-296
-308
-323
-319
-321
-331
-335
-359
-381
-380
-356
-343
-339
-342
-367
-369
-365
-385
-394
-395
-378
-355
-318
-328
-334
-336
-341
-336
-342
-326
-332
-340
-343
-344
-335
-334
-324
-327
-322
-315
-320
-318
-335
-343
-332
-315
-299
-296
-304
-311
-314
-327
-337
-339
-348
-345
-347
-333
-309
-300
-299
-299
-303
-322
-319
-319
-342
-342
-342
-355
-342
-336
-327
-311
-309
-322
-308
-304
-302
-295
-292
-277
-258
-249
-251
-260
-252
-270
-273
-271
-270
-260
-267
-270
-266
-259
-252
-230
-234
-261
-289
-286
-278
-284
-308
-321
-334
-343
-331
-317
-307
-289
-285
-286
-265
-252
-274
-270
-274
-273
-267
-266
-232
-245
-253
-247
-247
-238
-247
-250
-262
-255
-257
-267
-270
-280
-287
-291
-277
-280
-305
-288
-286
-289
-287
-299
-302
-316
-319
-311
-300
-296
-310
-310
-301
-312
-343
-350
-340
-325
-305
-314
-292
-279
-271
-269
-277
-264
-238
-205
-203
-209
-204
-194
-202
-211
-216
-188
-162
-161
-169
-173
-175
-182
-185
-181
-170
-163
-187
-191
-182
-185
-193
-193
-201
-207
-201
-201
-196
-208
-224
-222
-206
-195
-191
-181
-184
-182
-187
-198
-192
-188
-164
-157
-152
-155
-164
-168
-175
-159
-153
-160
-175
-172
-159
-147
-143
-189
-233
-260
-237
-192
-160
-145
-160
-179
-182
-195
-191
-165
-153
-140
-142
-130
-126
-135
-138
-165
-187
-202
-187
-167
-163
-173
-184
-194
-215
-219
-236
-246
-230
-211
-215
-229
-222
-236
-210
-180
-155
-117
-108
-100
-97
-107
-108
-105
-92
-85
-92
-108
-132
-131
-131
-117
-89
-117
-152
-168
-173
-162
-142
-135
-112
-108
-106
-87
-88
-97
-105
-109
-74
-54
-36
-31
-55
-71
-75
-76
-83
-86
-104
-116
-128
-131
-124
-134
-139
-152
-157
-160
-159
-151
-139
-145
-133
-128
-130
-117
-107
-96
-84
-76
-76
-68
-63
-61
-73
-69
-64
-54
-51
-67
-84
-85
-81
-79
-65
-59
-57
-47
-51
-48
-63
-55
-67
-107
-109
-120
-108
-121
-120
-108
-104
-90
-91
-106
-125
-137
-122
-94
-67
-48
-61
-78
-72
-68
-72
-44
-35
-35
-31
-33
-34
-37
-39
-53
-43
-33
-24
-22
-40
-28
-23
-25
-39
-70
-78
-85
-77
-66
-62
-78
-92
-105
-111
-79
-60
-49
-55
-47
-40
-42
-55
-83
-84
-84
-82
-66
-66
-62
-61
-70
-82
-88
-84
-90
-72
-51
-50
-33
-30
-33
-41
-44
-28
-25
-10
9
-2
-21
-41
-59
-71
-62
-58
-51
-57
-60
-40
-58
-75
-88
-88
-80
-88
-94
-110
-99
-88
-90
-99
-100
-81
-73
-63
-69
-66
-79
-88
-90
-87
-75
-90
-95
-88
-95
-100
-112
-118
-101
-112
-114
-116
-111
-114
-114
-103
-103
-113
-97
-89
-114
-126
-139
-167
-162
-162
-157
-156
-156
-160
-149
-158
-173
-173
-177
-181
-178
-147
-141
-134
-121
-115
-110
-119
-123
-131
-128
-117
-109
-107
-108
-121
-122
-120
-113
-100
-87
-79
-94
-105
-103
-88
-97
-100
-110
-116
-111
-104
-105
-119
-122
-134
-136
-137
-152
-157
-164
-170
-156
-159
-155
-149
-146
-143
-135
-108
-85
-71
-77
-107
-129
-132
-139
-143
-154
-162
-158
-142
-162
-167
-150
-126
-112
-119
-140
-161
-167
-152
-119
-99
-103
-137
-164
-151
-130
-124
-125
-114
-130
-130
-119
-97
-73
-78
-83
-93
-99
-102
-105
-115
-134
-151
-169
-190
-190
-199
-213
-195
-182
-184
-183
-187
-183
-167
-129
-103
-96
-100
-113
-115
-123
-145
-158
-164
-159
-151
-169
-187
-185
-166
-162
-152
-152
-169
-177
-173
-151
-129
-136
-145
-156
-156
-147
-153
-154
-151
-153
-151
-142
-151
-153
-158
-156
-150
-132
-118
-130
-135
-148
-145
-142
-158
-167
-179
-197
-206
-210
-206
-197
-190
-176
-165
-144
-137
-129
-119
-108
-110
-112
-106
-104
-96
-91
-87
-94
-87
-75
-65
-65
-74
-93
-114
-115
-95
-75
-65
-53
-55
-51
-63
-75
-94
-114
-127
-126
-110
-81
-72
-95
-94
-96
-104
-88
-95
-123
-135
-125
-98
-87
-82
-81
-72
-61
-58
-71
-82
-88
-80
-81
-73
-65
-80
-64
-47
-25
-27
-46
-57
-68
-63
-67
-46
-39
-47
-62
-85
-68
-58
-54
-63
-82
-97
-101
-101
-92
-82
-83
-97
-105
-126
-116
-90
-87
-79
-66
-47
-60
-64
-58
-48
-24
-12
1
16
12
13
14
26
33
34
25
16
20
21
24
18
18
4
6
12
19
10
7
4
-12
-10
-27
-35
-36
-34
-34
-36
-36
-35
-37
-27
-25
-33
-36
-26
-11
-19
-23
-28
-40
-38
-36
-26
-15
-24
-19
-26
-19
-11
-2
11
12
14
19
16
16
17
17
28
18
11
14
7
11
26
39
45
30
24
20
31
28
38
51
41
41
23
20
21
14
30
36
52
80
89
93
98
109
126
122
130
143
165
177
171
169
161
160
161
184
193
189
182
179
176
172
187
183
168
147
140
116
112
104
102
96
86
87
70
78
74
68
46
40
55
56
55
48
33
41
64
81
85
83
92
103
95
83
65
52
53
56
60
51
48
53
70
86
83
53
13
20
52
96
110
90
55
25
26
36
53
57
50
35
33
44
46
63
67
54
36
33
38
21
16
8
-14
-24
-30
-27
-18
-18
-31
-24
-27
-51
-58
-45
-11
16
35
50
50
39
27
19
12
12
16
8
-9
-11
-25
-37
-34
-24
-37
-56
-75
-74
-58
-50
-39
-54
-53
-45
-41
-43
-50
-65
-76
-70
-49
-35
-32
-25
-41
-57
-56
-53
-58
-69
-83
-95
-88
-79
-67
-74
-78
-65
-79
-98
-121
-119
-119
-103
-87
-86
-81
-71
-65
-61
-57
-66
-65
-72
-65
-60
-61
-61
-67
-55
-54
-60
-64
-84
-90
-79
-58
-45
-43
-51
-54
-43
-57
-80
-105
-107
-99
-77
-55
-61
-38
-45
-56
-54
-57
-56
-54
-47
-48
-29
-13
-6
-8
-17
-24
-25
-24
-24
-9
-3
9
16
11
19
30
30
28
45
63
53
49
40
26
19
10
16
