461
452
451
452
452
449
451
454
447
448
450
447
439
437
441
433
415
407
394
385
379
368
370
378
384
401
408
401
406
423
457
488
518
533
552
541
551
556
544
544
545
559
552
549
546
552
571
584
597
605
583
574
583
607
625
628
625
604
588
593
600
604
621
626
632
644
666
676
683
686
669
661
674
670
662
651
651
639
632
623
612
607
610
620
614
620
600
588
590
611
634
648
674
680
681
670
664
662
653
650
656
658
638
633
640
644
654
642
619
594
595
604
620
624
614
612
611
604
603
605
605
601
619
639
645
650
656
671
679
686
692
684
675
674
674
667
656
647
643
630
613
596
587
589
584
602
606
604
602
611
627
635
640
633
620
621
618
616
601
584
574
582
578
555
543
524
494
492
489
489
490
504
515
506
488
466
460
446
435
412
422
423
434
435
421
419
394
372
355
357
356
357
365
377
390
398
392
378
374
375
372
362
366
356
342
345
344
358
359
349
347
351
339
330
316
305
306
302
300
299
301
301
314
314
293
285
285
284
281
272
259
255
252
243
248
238
240
226
218
216
224
240
239
243
235
235
227
229
227
225
232
234
242
234
222
221
243
244
244
257
241
241
236
234
242
231
224
215
198
189
173
170
175
169
157
141
141
134
126
115
125
130
118
130
148
161
175
187
183
179
178
185
191
198
197
201
211
231
242
224
217
217
227
241
247
245
240
243
239
250
246
235
230
227
242
235
236
217
228
224
220
217
221
244
254
261
258
253
258
263
279
288
294
310
339
348
345
347
340
332
333
336
349
374
377
374
381
389
395
403
414
412
427
421
421
428
429
424
425
437
428
430
438
443
445
447
456
464
456
452
459
463
475
486
496
504
505
501
499
504
523
537
549
567
584
584
579
573
557
546
549
562
563
553
550
558
587
593
584
571
564
571
591
609
623
614
598
602
589
588
609
612
605
596
578
576
569
578
562
553
539
537
549
534
518
496
482
481
474
466
469
480
486
491
483
454
438
429
454
486
510
527
521
510
490
487
485
497
501
499
483
459
469
476
487
477
462
430
421
433
439
451
450
445
421
405
412
428
431
428
419
402
412
423
428
430
426
426
431
422
405
395
372
362
349
334
332
329
323
332
315
301
304
313
330
340
345
346
375
410
433
427
401
391
394
392
384
378
372
376
377
381
379
369
371
339
329
346
362
381
381
376
370
368
352
352
359
359
358
369
390
395
384
383
368
356
358
348
342
346
351
350
368
397
430
430
439
463
481
495
496
507
512
502
487
495
491
490
483
484
497
499
500
497
499
499
508
507
506
508
500
498
508
509
498
497
486
480
477
468
466
471
474
469
467
458
455
446
450
448
461
474
478
489
496
489
492
494
492
503
525
535
534
533
523
524
535
543
543
541
532
518
502
490
485
480
476
464
462
478
486
479
468
452
449
461
466
465
445
435
433
436
437
443
454
461
469
483
486
498
520
529
543
545
538
513
496
493
477
473
481
497
496
490
500
501
492
481
472
463
463
476
471
469
473
462
462
457
449
444
442
445
453
443
444
429
412
400
386
390
394
407
412
413
412
417
421
422
429
451
464
465
464
467
474
469
468
476
486
489
489
489
473
457
448
431
421
405
395
378
381
372
357
347
338
345
343
349
350
340
332
341
359
367
378
376
377
379
382
396
404
420
435
445
452
445
433
422
407
414
416
403
406
412
423
434
421
385
366
356
372
405
422
409
384
365
359
368
383
398
400
399
400
409
409
419
425
414
408
390
388
405
388
382
371
358
362
351
352
361
366
392
389
363
350
342
364
378
399
418
412
386
362
344
340
344
372
379
364
338
321
322
332
348
328
295
260
240
250
265
277
280
282
284
290
301
299
290
285
285
306
327
346
351
335
322
312
307
296
300
306
296
293
277
268
249
241
256
244
234
225
229
225
223
234
226
215
225
232
234
231
225
208
193
187
194
191
192
184
167
162
135
118
106
100
117
123
144
143
137
129
124
112
98
77
53
52
57
70
85
83
83
76
56
68
65
53
50
47
53
73
78
86
81
71
67
72
71
86
96
92
97
99
105
102
97
96
109
111
107
105
109
103
103
106
102
106
108
125
132
124
105
96
97
101
111
121
124
131
127
111
111
94
85
65
55
55
65
58
47
43
45
39
37
34
31
42
50
61
61
64
52
36
13
9
18
21
10
-22
-43
-63
-85
-102
-105
-114
-130
-152
-159
-160
-171
-181
-193
-193
-198
-210
-209
-214
-216
-221
-213
-210
-203
-199
-189
-171
-169
-175
-172
-172
-162
-153
-154
-157
-170
-170
-170
-172
-188
-197
-202
-201
-214
-223
-226
-224
-212
-206
-184
-187
-194
-197
-200
-192
-191
-198
-202
-204
-208
-199
-193
-199
-195
-192
-193
-191
-186
-190
-188
-184
-185
-192
-185
-185
-192
-201
-200
-180
-186
-173
-158
-154
-129
-116
-110
-109
-108
-91
-106
-105
-99
-89
-91
-86
-68
-70
-73
-84
-102
-91
-65
-56
-38
-29
-28
-23
4
9
-2
-14
-16
7
29
49
50
45
65
88
102
118
147
167
187
181
180
170
170
178
185
178
170
176
179
185
201
207
194
182
187
204
228
259
261
252
234
224
222
232
261
284
288
297
305
314
329
336
344
350
358
351
359
366
364
364
357
344
345
335
339
362
383
395
378
373
368
378
397
433
456
481
500
496
500
496
494
503
523
515
520
507
508
543
566
583
586
580
567
575
595
630
647
654
667
666
664
670
677
695
707
712
731
765
789
787
788
797
806
828
830
821
817
817
826
832
833
837
843
856
875
889
895
892
880
874
871
879
887
903
922
928
929
923
923
915
912
906
911
921
925
923
920
914
890
875
856
855
865
888
896
892
883
880
861
850
854
855
857
858
875
879
879
861
863
850
830
829
844
856
869
888
901
915
917
917
909
919
933
936
933
948
947
934
932
938
944
953
954
945
951
950
956
950
938
942
956
950
954
956
953
950
937
940
948
937
942
946
943
946
934
933
920
903
873
843
825
812
811
799
804
810
805
815
822
811
803
804
810
821
830
833
838
827
817
809
804
809
810
805
793
786
768
781
773
766
785
764
745
732
725
713
704
693
689
691
683
686
673
654
649
671
677
663
672
675
668
661
652
657
670
664
648
640
621
609
606
624
624
609
604
612
615
603
579
560
564
569
563
556
566
571
566
566
563
560
546
538
535
540
531
526
523
507
504
488
472
477
483
486
495
495
498
488
482
476
468
467
481
491
493
495
501
480
471
450
445
459
479
497
480
472
455
440
434
436
440
430
410
374
353
342
332
331
328
316
306
308
306
309
296
287
294
305
335
340
331
328
329
334
330
331
329
338
331
313
286
264
268
276
281
284
275
279
279
277
273
262
223
207
203
209
219
220
212
198
178
157
175
189
195
183
170
156
156
156
151
162
144
121
94
81
61
57
57
58
68
31
17
19
11
28
40
41
35
41
46
50
57
56
48
50
48
32
19
1
17
14
-8
-39
-56
-59
-59
-45
-63
-95
-129
-133
-116
-90
-78
-72
-89
-101
-96
-82
-70
-66
-83
-106
-104
-86
-45
-29
-31
-41
-46
-25
-19
-15
-29
-54
-64
-73
-81
-79
-97
-106
-107
-113
-95
-88
-71
-65
-55
-36
-45
-41
-27
-18
-11
-18
-32
-46
-43
-47
-57
-51
-44
-52
-56
-71
-97
-100
-114
-107
-93
-81
-78
-60
-37
-45
-57
-86
-92
-94
-91
-89
-98
-96
-104
-109
-117
-118
-132
-148
-169
-179
-173
-172
-168
-165
-166
-181
-195
-194
-195
-199
-205
-215
-220
-231
-239
-246
-241
-248
-241
-240
-245
-243
-246
-251
-265
-277
-280
-284
-293
-296
-278
-269
-266
-270
-273
-295
-307
-304
-281
-268
-254
-245
-249
-260
-278
-294
-317
-322
-316
-311
-305
-297
-307
-308
-311
-311
-303
-288
-266
-244
-226
-215
-208
-216
-223
-233
-231
-210
-205
-209
-222
-243
-251
-267
-285
-292
-291
-299
-302
-297
-308
-311
-317
-327
-316
-323
-326
-335
-336
-335
-323
-305
-307
-295
-289
-280
-272
-277
-282
-281
-263
-261
-266
-270
-291
-301
-304
-298
-313
-325
-318
-308
-312
-316
-319
-331
-337
-351
-332
-338
-346
-354
-360
-362
-361
-366
-387
-387
-406
-407
-410
-416
-422
-443
-445
-450
-461
-468
-471
-475
-480
-456
-449
-437
-429
-433
-434
-435
-419
-410
-411
-418
-410
-406
-415
-415
-424
-413
-412
-411
-397
-390
-383
-399
-402
-405
-419
-413
-421
-427
-426
-425
-429
-441
-451
-457
-476
-480
-468
-473
-469
-465
-442
-419
-404
-403
-395
-398
-387
-373
-352
-328
-318
-295
-297
-301
-302
-310
-315
-317
-312
-309
-321
-315
-285
-268
-247
-261
-281
-271
-248
-233
-223
-220
-236
-259
-245
-227
-211
-186
-185
-179
-173
-173
-182
-181
-166
-153
-155
-133
-130
-146
-150
-158
-164
-167
-177
-193
-195
-193
-179
-164
-152
-164
-177
-178
-167
-138
-119
-96
-80
-80
-87
-96
-97
-107
-121
-109
-113
-147
-171
-189
-185
-177
-174
-198
-223
-234
-241
-218
-199
-173
-172
-185
-188
-188
-195
-199
-188
-192
-190
-184
-182
-166
-171
-171
-164
-158
-157
-159
-177
-182
-180
-178
-178
-184
-187
-190
-191
-195
-184
-185
-177
-173
-155
-131
-123
-119
-110
-94
-95
-110
-122
-127
-126
-131
-146
-142
-153
-142
-133
-151
-155
-156
-152
-128
-120
-106
-99
-90
-78
-77
-71
-67
-77
-110
-127
-121
-111
-95
-90
-97
-104
-113
-121
-129
-126
-134
-114
-104
-89
-74
-59
-51
-60
-61
-57
-51
-45
-37
-27
-22
-39
-52
-55
-56
-53
-39
-30
-29
-31
-29
-38
-47
-40
-42
-32
-23
-5
3
-5
-5
-9
-17
-19
-9
-9
-12
-13
-7
-2
-8
-29
-35
-50
-61
-60
-49
-32
-36
-40
-43
-43
-53
-56
-66
-69
-53
-34
-11
-17
-37
-44
-64
-57
-45
-44
-51
-51
-52
-53
-62
-67
-76
-90
-93
-89
-87
-95
-106
-126
-138
-143
-141
-138
-140
-143
-149
-142
-143
-134
-138
-138
-131
-137
-134
-133
-136
-136
-133
-128
-128
-122
-134
-139
-134
-123
-117
-128
-132
-139
-132
-120
-106
-97
-101
-123
-114
-97
-92
-91
-102
-102
-84
-87
-83
-60
-58
-66
-77
-71
-78
-90
-91
-88
-100
-99
-90
-84
-70
-58
-55
-55
-40
-43
-20
7
6
0
20
52
58
67
70
79
85
98
96
88
99
99
89
84
79
81
71
59
58
45
50
51
52
51
32
27
33
39
31
15
12
17
35
46
48
44
51
71
96
116
127
142
138
159
171
171
172
164
177
184
195
202
197
214
225
231
214
188
183
165
179
197
211
213
198
190
180
186
197
217
234
236
228
228
241
232
244
246
244
247
226
225
228
234
245
232
205
172
172
187
193
206
196
186
186
199
215
215
240
257
255
256
249
242
230
221
215
219
208
189
180
200
228
244
244
232
213
205
218
236
268
286
314
322
338
348
343
350
329
331
351
377
391
383
383
399
401
411
399
401
413
423
434
438
443
437
443
456
451
447
461
476
499
515
528
535
540
553
563
585
588
590
602
595
602
611
615
619
626
628
633
633
639
640
646
675
687
688
703
735
755
767
764
772
765
770
792
817
840
859
867
876
893
901
913
908
908
907
912
934
939
960
968
966
976
971
970
981
983
988
1012
1023
1033
1032
1034
1046
1056
1078
1083
1075
1068
1069
1069
1064
1065
1086
1104
1124
1115
1106
1111
1091
1082
1081
1095
1104
1120
1144
1139
1132
1127
1119
1116
1121
1114
1109
1117
1127
1137
1157
1159
1153
1158
1152
1163
1180
1179
1184
1203
1218
1219
1219
1234
1223
1226
1237
1250
1245
1230
1225
1201
1197
1202
1212
1194
1168
1157
1160
1168
1166
1160
1148
1146
1156
1165
1157
1152
1157
1169
1194
1204
1208
1220
1236
1251
1236
1231
1212
1207
1212
1228
1231
1219
1185
1176
1172
1174
1181
1170
1160
1157
1174
1179
1182
1169
1163
1164
1172
1188
1204
1223
1212
1198
1214
1227
1234
1232
1230
1242
1259
1272
1280
1293
1293
1275
1282
1301
1323
1342
1348
1364
1369
1368
1367
1368
1367
1383
1394
1397
1398
1415
1429
1423
1404
1386
1391
1393
1404
1404
1406
1397
1393
1408
1402
1393
1387
1382
1391
1387
1404
1409
1399
1392
1393
1380
1361
1348
1345
1365
1376
1387
1389
1389
1384
1397
1430
1461
1493
1518
1534
1548
1557
1574
1574
1575
1574
1591
1610
1623
1604
1595
1605
1623
1637
1625
1615
1608
1623
1633
1649
1651
1634
1592
1557
1549
1555
1587
1599
1592
1593
1590
1598
1616
1631
1641
1651
1645
1645
1647
1640
1634
1632
1636
1623
1603
1586
1582
1610
1619
1617
1603
1585
1582
1578
1595
1605
1597
1604
1608
1584
1558
1516
1477
1456
1453
1440
1424
1402
1408
1417
1409
1403
1374
1354
1339
1346
1378
1393
1402
1411
1402
1414
1429
1439
1438
1433
1414
1413
1433
1445
1458
1457
1449
1444
1449
1448
1440
1439
1426
1432
1437
1435
1412
1393
1393
1391
1398
1408
1416
1423
1419
1415
1428
1428
1427
1442
1465
1493
1496
1488
1481
1494
1504
1513
1526
1542
1555
1570
1587
1583
1577
1566
1562
1558
1575
1580
1584
1601
1590
1569
1536
1486
1451
1430
1415
1394
1366
1362
1352
1338
1316
1284
1247
1202
1182
1171
1180
1183
1162
1139
1120
1108
1103
1125
1104
1080
1080
1091
1111
1114
1108
1122
1128
1136
1157
1171
1183
1193
1191
1178
1189
1210
1220
1238
1269
1254
1260
1261
1272
1290
1305
1306
1296
1319
1338
1345
1320
1320
1316
1323
1304
1298
1292
1298
1272
1252
1259
1236
1245
1244
1246
1239
1240
1244
1258
1290
1303
1331
1356
1381
1406
1423
1442
1455
1482
1497
1506
1506
1506
1496
1480
1469
1462
1449
1431
1404
1380
1353
1315
1294
1266
1241
1204
1171
1140
1114
1102
1094
1055
1018
1001
964
934
910
873
848
840
817
802
764
724
707
688
680
647
606
600
581
553
553
539
520
493
488
500
523
536
557
573
573
589
605
658
703
730
742
775
822
849
911
948
979
994
1008
1019
1035
1065
1089
1099
1107
1099
1095
1082
1065
1048
1036
1034
1035
1040
1024
1015
996
993
1000
1016
1029
1048
1082
1102
1131
1149
1173
1176
1200
1217
1254
1293
1303
1319
1327
1338
1353
1356
1338
1321
1301
1266
1239
1212
1183
1151
1108
1056
1006
982
957
937
923
916
895
888
865
828
801
767
765
751
737
693
638
621
629
624
596
544
481
425
414
421
409
374
313
256
187
147
135
150
165
152
134
116
126
149
179
216
236
251
271
307
341
386
414
447
489
546
599
648
679
693
699
703
714
714
726
718
728
719
703
657
609
569
532
528
512
502
468
427
416
425
453
488
502
513
539
577
620
666
730
774
816
846
898
952
984
977
969
973
979
994
985
953
921
881
847
816
772
724
671
616
591
572
528
504
476
472
457
428
406
379
365
369
365
358
347
314
287
258
242
234
217
187
155
115
90
73
33
-19
-95
-158
-188
-216
-236
-234
-239
-241
-254
-249
-243
-238
-228
-205
-150
-74
-19
8
35
94
177
243
310
361
384
389
418
470
513
550
565
557
532
518
513
497
464
447
421
385
361
353
332
314
307
312
358
402
444
468
499
540
554
599
651
702
751
792
817
821
820
806
814
809
802
786
767
752
739
708
684
634
566
507
465
446
416
378
345
298
262
230
185
167
160
147
144
113
97
81
62
45
17
-18
-47
-50
-76
-124
-171
-233
-301
-350
-389
-402
-427
-491
-559
-611
-644
-666
-677
-670
-668
-660
-661
-645
-615
-578
-530
-475
-432
-374
-286
-205
-124
-51
4
51
123
209
272
333
375
398
410
428
444
434
409
366
335
317
295
271
272
255
224
203
189
177
184
216
270
290
302
339
373
422
465
480
494
534
592
641
689
698
687
677
684
703
718
706
691
684
677
691
641
588
548
516
484
474
462
421
397
372
358
339
314
268
243
230
231
231
214
192
161
121
81
52
19
-2
-32
-48
-80
-118
-144
-179
-193
-220
-238
-271
-280
-288
-303
-307
-312
-304
-301
-268
-236
-202
-162
-116
-111
-82
-5
68
121
150
192
259
369
481
587
623
614
624
677
771
859
891
870
835
819
823
845
855
812
758
734
744
755
769
753
722
695
702
737
789
850
882
903
922
952
976
998
1040
1076
1138
1166
1200
1209
1213
1209
1212
1239
1229
1234
1209
1188
1152
1124
1084
1055
1014
950
876
815
813
798
783
747
682
609
588
562
538
544
543
550
540
534
504
468
437
405
373
358
339
329
305
269
243
209
170
133
117
94
60
22
13
-17
-33
-54
-69
-91
-96
-68
-23
31
67
102
155
233
310
379
444
506
571
658
743
812
854
881
908
959
1000
1019
1023
1004
1003
989
959
920
888
886
900
921
902
863
815
802
811
832
861
888
926
965
1034
1072
1084
1082
1086
1118
1176
1237
1288
1319
1332
1339
1338
1343
1345
1342
1326
1305
1295
1274
1237
1185
1127
1057
985
945
910
885
846
796
757
694
638
601
545
507
468
455
478
480
448
381
331
299
281
286
280
253
213
179
147
110
59
13
-39
-79
-113
-124
-153
-201
-206
-217
-230
-242
-233
-223
-193
-143
-95
-40
2
72
141
211
262
339
432
519
621
700
761
789
843
899
958
968
995
1010
1007
988
957
930
875
835
826
847
812
769
737
726
709
719
747
768
791
826
871
916
955
969
999
1017
1050
1104
1125
1141
1137
1132
1121
1129
1130
1110
1078
1036
1015
998
958
914
870
814
771
723
684
643
597
551
494
436
397
362
333
303
275
257
239
216
194
174
158
142
140
109
62
41
30
24
-3
-34
-60
-88
-127
-154
-167
-205
-245
-261
-243
-229
-222
-262
-291
-290
-240
-193
-141
-72
-2
50
98
181
247
310
372
473
603
705
742
773
833
902
941
980
1019
1041
1065
1083
1077
1024
952
902
901
925
935
862
775
731
730
740
738
741
745
755
796
879
952
970
940
939
976
1061
1125
1156
1161
1127
1101
1109
1160
1188
1194
1144
1100
1070
1063
1049
1009
943
870
799
727
701
660
614
557
521
494
471
442
408
371
340
318
289
266
250
234
213
201
186
164
128
67
18
-16
-22
-49
-89
-122
-170
-187
-187
-175
-169
-180
-213
-256
-276
-276
-217
-139
-80
-54
1
90
166
253
337
409
447
535
667
807
902
952
986
1026
1066
1114
1176
1205
1213
1196
1162
1114
1074
1033
988
979
968
961
932
889
858
851
857
870
905
932
974
1014
1079
1128
1149
1149
1150
1209
1258
1291
1310
1303
1279
1256
1249
1235
1244
1224
1207
1197
1198
1198
1158
1099
1037
949
883
829
793
779
756
718
657
617
584
535
487
434
411
422
432
433
420
398
368
350
360
342
298
285
270
275
256
206
170
150
136
135
122
86
39
-4
5
38
79
122
150
164
186
246
326
413
469
503
557
634
748
862
945
988
1021
1059
1128
1216
1297
1332
1335
1314
1284
1274
1292
1302
1256
1178
1120
1120
1136
1139
1084
1003
928
912
955
1018
1059
1074
1068
1066
1099
1153
1198
1183
1165
1172
1189
1223
1243
1236
1181
1101
1072
1106
1135
1140
1119
1063
1026
1009
992
963
893
814
761
739
721
710
677
623
554
498
482
470
449
423
404
380
379
378
358
313
268
245
224
209
196
173
165
162
149
135
109
82
62
74
62
64
88
83
90
103
126
167
227
255
286
337
404
469
548
649
734
821
886
960
1038
1119
1196
1273
1345
1414
1472
1496
1508
1498
1467
1422
1416
1405
1368
1303
1253
1228
1204
1185
1119
1043
997
1006
1043
1085
1117
1112
1102
1108
1152
1181
1206
1224
1233
1280
1342
1378
1368
1337
1307
1289
1278
1318
1348
1318
1283
1251
1224
1179
1116
1044
957
882
837
793
752
705
638
585
537
506
474
464
447
423
416
413
377
305
250
198
166
182
188
190
153
87
34
12
-6
-27
-66
-125
-186
-220
-221
-197
-175
-197
-244
-279
-251
-181
-115
-102
-45
5
67
149
296
433
508
544
635
777
876
914
951
1016
1052
1081
1141
1217
1200
1156
1129
1100
1043
995
895
730
606
627
685
695
608
523
499
463
460
564
769
912
917
917
1002
1046
996
975
1048
1121
1091
1084
1140
1150
964
710
636
695
688
584
580
649
589
353
184
180
180
54
-34
62
207
204
109
81
102
14
-73
-10
153
231
159
119
133
45
-185
-405
-475
-493
-563
-669
-709
-700
-735
-865
-992
-1079
-1139
-1209
-1213
-1075
-865
-657
-496
-330
-107
177
378
406
319
324
402
431
423
496
545
374
83
-33
42
-45
-325
-459
-292
-145
-177
-135
123
271
56
-231
-258
-148
-55
67
303
437
420
404
564
726
714
639
682
878
1013
977
815
644
453
287
242
311
434
527
544
438
272
96
-12
-23
57
192
309
418
455
416
264
22
-212
-325
-270
-157
-77
-70
-130
-240
-388
-513
-609
-651
-647
-594
-523
-456
-457
-577
-720
-848
-938
-1044
-1108
-1162
-1217
-1307
-1366
-1318
-1290
-1339
-1465
-1573
-1672
-1612
-1409
-1042
-691
-475
-426
-338
-143
66
152
159
182
161
106
59
73
-40
-293
-534
-582
-543
-571
-647
-616
-546
-473
-393
-148
114
231
88
-216
-459
-591
-489
-258
57
209
264
207
215
283
340
352
369
511
655
730
602
384
140
-54
-111
-41
156
329
420
334
194
9
-77
-80
31
203
316
373
298
225
51
-151
-394
-546
-585
-527
-369
-263
-200
-275
-397
-570
-688
-711
-665
-572
-471
-385
-365
-477
-692
-1012
-1307
-1505
-1521
-1437
-1368
-1352
-1390
-1490
-1576
-1683
-1682
-1548
-1277
-1029
-865
-629
-444
-122
223
556
493
192
-111
-237
-286
-300
-192
-225
-417
-572
-472
-398
-528
-796
-856
-608
-222
136
397
515
421
117
-261
-569
-638
-577
-376
-172
83
244
323
324
335
454
561
689
770
902
893
788
558
255
-16
-153
-77
85
304
426
436
326
193
82
-27
9
101
317
457
518
361
139
-130
-390
-599
-654
-544
-332
-117
32
89
-26
-156
-366
-450
-586
-565
-530
-413
-384
-483
-732
-1080
-1338
-1516
-1525
-1565
-1502
-1431
-1217
-1171
-1224
-1369
-1357
-1192
-976
-664
-423
-131
231
700
825
526
-12
-453
-671
-698
-594
-513
-585
-724
-674
-496
-444
-705
-929
-788
-335
91
403
692
907
861
449
-129
-563
-755
-672
-427
-83
109
132
176
320
511
538
537
613
860
1080
1159
1050
787
441
154
134
305
562
694
751
781
790
656
454
281
231
290
347
467
488
489
277
16
-284
-515
-640
-569
-293
45
375
443
374
86
-166
-453
-614
-720
-687
-606
-549
-590
-796
-1087
-1419
-1615
-1698
-1654
-1653
-1550
-1472
-1391
-1393
-1308
-1174
-1047
-941
-760
-376
166
658
764
461
-11
-450
-803
-1046
-1090
-1003
-1039
-1116
-1070
-796
-671
-881
-1148
-1057
-690
-318
-2
362
675
675
360
-183
-724
-1180
-1354
-1235
-927
-597
-351
-140
67
213
172
60
64
290
604
772
693
466
210
-55
-159
-98
49
116
154
256
472
556
398
124
-74
-86
-54
7
-15
-26
-104
-245
-442
-659
-787
-853
-738
-559
-299
-78
31
32
-61
-218
-476
-837
-1119
-1269
-1223
-1182
-1195
-1333
-1542
-1712
-1839
-1869
-1948
-2005
-2031
-1944
-1762
-1547
-1416
-1227
-1031
-695
-330
166
570
532
22
-667
-982
-1126
-1269
-1433
-1398
-1282
-1319
-1331
-1131
-892
-985
-1209
-1126
-713
-420
-395
-310
2
420
459
103
-592
-1165
-1621
-1815
-1601
-1141
-612
-331
-70
176
414
396
204
141
264
432
415
314
191
108
42
50
115
149
154
206
417
566
539
278
103
100
232
228
27
-222
-409
-437
-442
-397
-477
-504
-484
-314
-89
91
198
102
6
-158
-330
-635
-972
-1158
-1210
-1157
-1218
-1347
-1475
-1575
-1570
-1572
-1551
-1734
-1879
-1936
-1819
-1605
-1403
-1098
-775
-349
181
734
876
335
-532
-1135
-1324
-1381
-1483
-1445
-1325
-1314
-1375
-1217
-877
-886
-1172
-1229
-772
-320
-309
-398
-170
299
421
110
-364
-783
-1263
-1711
-1816
-1528
-1090
-757
-380
45
434
541
448
360
372
371
230
89
44
125
165
202
272
410
496
496
496
519
424
216
-13
9
232
437
339
1
-267
-397
-353
-385
-384
-391
-297
-153
102
370
505
398
202
-3
-216
-500
-814
-994
-1092
-1071
-1155
-1242
-1384
-1468
-1508
-1536
-1547
-1551
-1520
-1548
-1516
-1406
-1282
-1202
-1077
-747
-135
540
1007
922
249
-630
-1277
-1594
-1751
-1723
-1486
-1246
-1217
-1171
-884
-580
-675
-1020
-1039
-646
-352
-328
-185
403
907
714
-74
-799
-1278
-1691
-1981
-1915
-1437
-921
-480
-44
426
667
448
114
22
255
410
344
239
206
204
67
-37
62
344
580
712
748
711
500
183
-61
-85
-1
-40
-193
-269
-201
-89
-53
-114
-197
-242
-226
-85
193
469
571
438
273
110
-207
-753
-1278
-1421
-1362
-1284
-1351
-1393
-1423
-1546
-1689
-1856
-1837
-1736
-1564
-1463
-1343
-1215
-1104
-1073
-879
-255
681
1225
842
-145
-922
-1267
-1618
-2010
-2102
-1838
-1718
-1762
-1474
-744
-336
-674
-1127
-996
-617
-630
-803
-391
434
822
373
-274
-677
-1007
-1531
-1999
-2031
-1679
-1152
-517
262
768
660
130
-214
-175
-106
-261
-486
-428
-133
87
151
245
424
494
464
445
570
678
561
305
161
221
230
8
-273
-335
-262
-275
-365
-263
38
303
326
239
254
335
373
299
209
2
-332
-787
-1098
-1220
-1166
-1190
-1347
-1539
-1632
-1620
-1668
-1756
-1757
-1670
-1474
-1284
-1167
-1150
-1165
-957
-491
289
905
1007
412
-505
-1195
-1560
-1730
-1877
-1965
-1942
-1896
-1582
-1039
-537
-524
-827
-960
-852
-703
-728
-572
-99
360
359
5
-330
-701
-1286
-1893
-2149
-1908
-1418
-810
-168
379
614
449
234
167
112
-167
-581
-746
-549
-173
92
260
408
532
587
598
619
566
370
94
-25
81
289
289
173
-35
-213
-405
-558
-590
-450
-97
236
453
589
728
869
814
517
26
-477
-812
-1000
-971
-887
-805
-841
-1003
-1229
-1457
-1591
-1618
-1493
-1254
-962
-727
-558
-440
-373
-260
-1
508
974
864
131
-692
-1081
-1267
-1533
-1813
-1921
-2051
-2189
-1858
-982
-221
-291
-831
-1016
-764
-601
-714
-654
-257
140
273
215
67
-424
-1332
-2198
-2462
-2083
-1480
-903
-373
106
374
389
287
126
-171
-612
-931
-907
-631
-342
-109
183
486
679
697
650
616
490
233
24
-6
100
214
206
118
-24
-183
-402
-619
-709
-608
-365
-65
239
530
769
916
763
460
26
-391
-835
-1123
-1164
-1009
-832
-802
-908
-1087
-1330
-1722
-2045
-2054
-1688
-1236
-795
-363
80
478
834
1201
1224
575
-551
-1439
-1710
-1676
-1534
-1448
-1575
-2079
-2478
-2214
-1427
-938
-1118
-1375
-1207
-899
-820
-803
-491
-148
-219
-593
-768
-674
-876
-1560
-2227
-2304
-1950
-1609
-1328
-903
-375
-126
-168
-211
-169
-322
-857
-1323
-1428
-1198
-1045
-884
-471
139
526
447
173
11
-44
-168
-354
-442
-378
-218
-119
-43
-9
-118
-417
-788
-971
-956
-764
-573
-272
65
370
494
429
221
-153
-545
-800
-863
-798
-792
-793
-903
-1052
-1352
-1660
-1873
-2040
-2008
-1786
-1222
-583
-79
244
637
1322
1770
1425
310
-825
-1396
-1518
-1383
-1267
-1246
-1578
-2033
-2028
-1456
-930
-1030
-1361
-1306
-931
-644
-597
-478
-178
8
-66
-293
-389
-616
-1171
-1740
-1896
-1631
-1312
-1043
-776
-429
-158
-106
-90
-106
-253
-551
-725
-723
-729
-836
-804
-433
193
640
686
496
262
3
-246
-330
-265
-140
-108
-71
86
310
325
101
-180
-285
-280
-277
-253
-83
205
443
437
313
168
-38
-382
-716
-814
-604
-330
-221
-346
-555
-797
-1185
-1585
-1792
-1668
-1370
-987
-519
10
593
1228
1846
2054
1411
192
-822
-1121
-982
-702
-480
-542
-979
-1446
-1317
-740
-578
-1118
-1679
-1440
-841
-515
-463
-207
173
154
-183
-481
-423
-491
-837
-1209
-1279
-1117
-971
-780
-546
-321
-336
-451
-444
-362
-396
-640
-841
-889
-833
-769
-531
26
610
923
835
589
315
-79
-495
-729
-674
-490
-388
-203
39
305
261
31
-193
-300
-232
-186
-34
176
468
643
634
394
-21
-567
-1044
-1323
-1245
-872
-452
-125
-68
-151
-396
-816
-1319
-1686
-1588
-1131
-421
225
802
1494
2155
2294
1454
29
-1084
-1461
-1226
-737
-136
148
-213
-695
-657
-118
-93
-790
-1467
-1425
-858
-396
-7
340
468
83
-539
-730
-603
-547
-843
-973
-689
-298
-96
-107
-9
31
-114
-348
-440
-389
-456
-607
-627
-554
-601
-825
-792
-279
454
896
894
711
556
362
-10
-418
-694
-737
-754
-647
-422
-106
25
-193
-404
-434
-173
68
208
377
568
719
581
369
125
-123
-518
-942
-1133
-1052
-916
-811
-736
-609
-620
-810
-987
-899
-423
113
582
757
942
1362
1985
2255
1625
447
-589
-929
-720
-281
66
-47
-506
-808
-362
385
665
253
-197
-323
-298
-178
67
408
341
-151
-506
-338
-44
-97
-351
-434
-364
-309
-269
42
478
667
526
358
326
195
-210
-662
-776
-626
-544
-504
-209
512
1159
1343
1069
690
410
158
-65
-131
24
140
39
-251
-387
-428
-477
-697
-871
-688
-254
278
622
825
788
521
266
67
31
-152
-413
-642
-631
-489
-536
-771
-1162
-1390
-1452
-1296
-967
-534
-58
353
772
1244
1682
2064
2126
1652
601
-443
-897
-863
-435
25
243
-194
-986
-1219
-624
119
64
-322
-240
296
659
696
837
818
267
-693
-1177
-880
-259
-21
-215
-295
-163
-85
-231
-291
-174
-23
57
221
530
708
414
-209
-718
-907
-851
-635
-170
477
1108
1361
1228
904
600
203
-324
-699
-667
-274
-20
-72
-327
-537
-699
-958
-1150
-1092
-764
-327
140
588
773
594
114
-264
-532
-795
-1136
-1293
-1133
-940
-948
-1250
-1495
-1593
-1618
-1659
-1464
-941
-248
358
883
1485
2147
2392
1739
412
-785
-1304
-1296
-992
-604
-323
-547
-1080
-1281
-880
-380
-393
-586
-445
45
517
791
861
582
25
-585
-889
-763
-476
-296
-322
-417
-434
-188
163
301
141
-149
-186
61
296
230
-51
-305
-443
-494
-413
-124
295
665
780
660
550
553
627
556
316
49
-41
-50
-205
-509
-856
-1041
-1098
-1012
-715
-382
-112
-62
-77
-20
-46
-82
-260
-235
-197
-239
-535
-1028
-1332
-1428
-1418
-1595
-1876
-2035
-1926
-1547
-1057
-541
-16
484
1042
1607
2104
1991
1184
144
-524
-673
-551
-412
-537
-1066
-1717
-1876
-1314
-664
-403
-422
-168
288
633
856
944
858
392
-107
-311
-96
162
62
-318
-671
-673
-412
-40
315
535
618
570
501
379
103
-302
-575
-554
-339
-76
244
621
963
1093
916
568
282
299
604
928
1012
791
444
71
-275
-698
-1078
-1262
-1198
-873
-496
-126
91
163
2
-229
-229
-96
155
73
-56
-202
-266
-440
-794
-1082
-1411
-1671
-1915
-2000
-1814
-1446
-913
-421
-47
283
642
1329
1745
1674
1031
348
10
-163
-134
-165
-370
-999
-1770
-1940
-1507
-837
-632
-619
-453
-59
447
706
786
570
259
-110
-240
8
313
350
-70
-556
-768
-513
-18
363
548
507
532
625
584
260
-206
-496
-459
-141
259
578
845
954
948
789
685
672
795
856
785
693
559
388
1
-390
-745
-879
-895
-828
-676
-576
-473
-386
-286
-177
-196
-114
-145
16
-14
-23
-224
-509
-794
-1153
-1287
-1564
-1736
-1973
-1868
-1569
-1217
-882
-530
-110
391
934
1412
1278
608
-42
-134
158
272
127
-375
-1067
-1734
-1938
-1670
-1352
-1090
-915
-548
-225
-15
12
-141
-291
-520
-536
-353
83
362
253
-205
-702
-877
-762
-385
14
264
216
42
5
-13
-170
-554
-801
-681
-302
57
203
222
266
291
324
442
850
1314
1463
1082
465
63
-123
-148
-333
-496
-733
-870
-1025
-1095
-1092
-1054
-935
-816
-618
-398
-198
-86
-104
-191
-257
-312
-479
-680
-880
-1030
-1381
-1843
-2078
-1975
-1513
-1345
-1044
-875
-482
42
671
1071
649
161
-88
236
597
718
483
-430
-1500
-2166
-2036
-1476
-1173
-947
-859
-658
-478
-388
-250
-383
-433
-650
-676
-425
-95
225
-118
-618
-1105
-916
-278
287
534
198
-187
-572
-579
-414
-218
-99
-176
-222
-293
-306
-424
-577
-615
-477
-167
255
781
1196
1267
970
468
147
96
221
194
-67
-482
-881
-1039
-1041
-815
-720
-687
-804
-976
-947
-970
-638
-599
-401
-347
-139
81
-234
-571
-1210
-1370
-1514
-1357
-1036
-863
-675
-900
-919
-647
10
663
523
201
-17
219
485
507
543
53
-660
-1380
-1499
-1099
-926
-872
-1144
-1104
-1010
-940
-803
-687
-313
-214
-108
-121
-64
-40
-270
-571
-1012
-1097
-742
-21
618
705
363
-213
-476
-406
-203
-124
-201
-277
-424
-475
-396
-212
-79
-102
-206
-301
-214
3
289
561
674
748
685
600
344
60
-292
-593
-835
-916
-755
-644
-624
-822
-936
-1027
-930
-799
-652
-602
-712
-758
-764
-628
-624
-776
-887
-955
-759
-691
-581
-572
-728
-754
-523
149
451
134
-320
-369
174
538
715
634
105
-658
-1427
-1488
-1244
-860
-651
-587
-558
-765
-923
-1070
-1009
-860
-749
-559
-381
-112
-27
-221
-523
-740
-707
-604
-340
-88
19
-194
-533
-536
-172
270
395
244
-55
-377
-633
-767
-680
-494
-321
-290
-262
-178
-45
65
171
289
305
268
106
-50
-140
-243
-327
-431
-446
-491
-638
-962
-1261
-1404
-1350
-1186
-895
-547
-422
-477
-771
-944
-1025
-1021
-1035
-1069
-922
-695
-470
-335
-253
-80
116
325
278
-121
-467
-362
205
736
1002
937
422
-351
-960
-1022
-825
-774
-791
-743
-535
-585
-936
-1237
-1074
-548
-259
-252
-281
-198
-39
9
-50
-116
-157
-51
123
257
190
-49
-192
-189
-75
-8
5
97
136
124
2
-37
91
167
31
-349
-599
-582
-471
-381
-291
20
304
399
289
47
-102
-376
-567
-638
-485
-308
-404
-576
-827
-949
-1101
-1311
-1461
-1431
-1220
-1060
-972
-847
-719
-751
-906
-1160
-1150
-1113
-914
-780
-609
-366
-65
406
527
189
-470
-684
-351
120
422
572
438
-57
-545
-639
-567
-675
-953
-1093
-1082
-1088
-1109
-1194
-1127
-911
-698
-685
-748
-655
-432
-122
91
191
152
74
149
214
227
90
-38
-3
67
119
-62
-255
-350
-383
-381
-357
-95
266
516
421
74
-167
-289
-290
-367
-413
-313
-158
77
158
129
-74
-375
-575
-687
-611
-635
-652
-635
-534
-434
-589
-710
-894
-924
-1053
-1189
-1208
-1082
-818
-716
-739
-864
-992
-1026
-985
-891
-675
-336
334
883
1057
587
-69
-260
24
585
773
814
511
-5
-256
-142
91
-131
-546
-806
-886
-931
-1069
-1078
-809
-529
-391
-614
-742
-682
-485
-168
31
321
455
612
766
735
637
411
389
478
634
779
678
535
274
59
-118
-171
-4
170
337
406
376
359
321
333
258
165
32
-40
68
139
137
-62
-188
-281
-371
-511
-664
-735
-748
-727
-667
-636
-577
-571
-640
-793
-979
-979
-872
-656
-623
-750
-855
-914
-910
-959
-938
-766
-547
-59
488
791
528
67
101
488
892
981
790
438
-1
-29
227
364
80
-436
-715
-884
-1058
-1249
-1285
-973
-622
-531
-771
-994
-883
-682
-389
-140
164
404
536
649
621
608
598
591
584
546
670
759
761
599
359
208
145
183
198
218
225
218
285
452
584
557
370
215
176
221
225
51
-103
-208
-188
-252
-346
-456
-584
-706
-795
-765
-699
-612
-554
-595
-665
-720
-728
-614
-654
-674
-830
-820
-746
-714
-709
-806
-772
-676
-394
99
360
175
-163
-94
447
888
1094
1040
730
259
10
290
637
613
269
-109
-397
-699
-940
-1034
-898
-669
-637
-853
-1053
-1006
-770
-546
-280
-53
105
206
339
520
599
683
701
706
719
782
793
712
615
463
284
174
220
349
403
334
207
106
113
214
340
388
402
387
353
269
144
96
23
-52
-260
-455
-493
-487
-457
-501
-570
-644
-743
-706
-794
-812
-806
-653
-527
-572
-679
-887
-911
-901
-781
-779
-801
-848
-869
-765
-399
29
154
-222
-510
-276
252
686
760
740
465
167
131
379
634
411
-64
-470
-618
-579
-581
-630
-659
-719
-807
-1025
-1172
-1111
-932
-568
-227
48
27
12
174
451
651
668
613
688
815
912
936
928
869
608
406
339
492
635
632
568
461
465
506
528
546
562
688
645
449
249
175
253
217
36
-198
-349
-340
-384
-417
-444
-527
-629
-763
-742
-705
-702
-626
-694
-598
-688
-716
-892
-1033
-970
-870
-724
-814
-929
-1021
-790
-295
91
-77
-523
-833
-513
-24
382
554
417
122
-291
-138
257
475
72
-572
-837
-817
-710
-851
-989
-974
-884
-989
-1265
-1473
-1382
-1144
-911
-754
-664
-576
-508
-192
87
269
181
58
28
127
345
475
439
172
-31
-84
11
75
70
51
-25
-106
-182
-120
-29
102
222
204
18
-250
-360
-284
-230
-280
-482
-677
-832
-902
-874
-871
-879
-1035
-1134
-1179
-1097
-1118
-1189
-1247
-1184
-1088
-1086
-1214
-1386
-1428
-1348
-1222
-1257
-1402
-1584
-1499
-1224
-769
-505
-554
-938
-1219
-1034
-539
-56
68
-130
-505
-749
-611
-164
32
-269
-784
-1052
-995
-947
-997
-1157
-1143
-1140
-1311
-1613
-1834
-1721
-1461
-1227
-1165
-1189
-1171
-1062
-823
-491
-299
-322
-496
-439
-136
163
236
39
-105
-196
-200
-221
-274
-219
-171
-161
-260
-333
-193
-27
61
-56
-181
-223
-218
-171
-123
-131
-253
-529
-746
-844
-842
-802
-894
-947
-1025
-1116
-1221
-1311
-1202
-1136
-1081
-1097
-1148
-1118
-1130
-1196
-1250
-1301
-1254
-1247
-1277
-1280
-1337
-1274
-1183
-868
-518
-424
-703
-1062
-964
-452
-47
53
-79
-254
-464
-612
-363
-102
-232
-740
-1098
-973
-752
-675
-808
-971
-1044
-1169
-1344
-1439
-1353
-1194
-1212
-1248
-1191
-1012
-787
-605
-449
-504
-583
-526
-310
-29
95
117
59
-44
-106
-130
-85
-4
13
-92
-277
-330
-130
51
130
-7
-146
-219
-188
-120
-109
-161
-301
-513
-603
-657
-678
-762
-870
-967
-1088
-1133
-1214
-1232
-1194
-1081
-1054
-1156
-1257
-1168
-997
-870
-972
-1134
-1240
-1277
-1210
-1222
-1140
-1120
-1167
-1222
-1106
-692
-364
-472
-842
-985
-584
-114
88
64
-119
-358
-614
-550
-227
-171
-433
-798
-769
-614
-565
-707
-860
-848
-841
-912
-1067
-1091
-987
-910
-865
-773
-662
-575
-568
-458
-325
-260
-195
-103
104
240
248
170
83
140
198
266
221
113
45
44
127
193
248
235
176
46
28
64
170
90
-17
-113
-180
-283
-405
-434
-446
-491
-679
-803
-876
-792
-753
-769
-767
-859
-965
-1068
-918
-721
-654
-803
-1013
-1067
-1026
-931
-887
-887
-945
-1037
-1050
-931
-661
-353
-124
-184
-504
-769
-572
-159
149
141
2
-237
-538
-460
-80
197
-122
-637
-805
-595
-358
-333
-423
-524
-617
-690
-702
-665
-539
-478
-500
-534
-508
-471
-425
-268
-104
-45
-118
-134
-42
107
218
268
279
278
257
238
260
326
444
445
352
299
311
373
372
349
330
252
174
83
69
70
-6
-149
-302
-357
-379
-465
-515
-547
-520
-565
-612
-596
-548
-501
-578
-657
-646
-626
-609
-605
-621
-568
-677
-741
-840
-802
-711
-619
-589
-551
-479
-322
-124
33
-98
-489
-600
-327
149
230
79
-112
-228
-230
-79
222
221
-128
-431
-378
-143
-75
-188
-276
-223
-159
-184
-305
-324
-311
-274
-330
-337
-311
-341
-315
-171
53
14
-176
-270
-94
149
256
247
229
228
238
296
427
512
473
361
295
356
390
308
223
248
322
263
96
-36
-51
-35
-100
-261
-372
-378
-332
-323
-373
-417
-475
-519
-557
-535
-492
-508
-557
-577
-515
-506
-559
-691
-757
-764
-730
-678
-690
-678
-632
-561
-576
-694
-716
-593
-391
-210
-244
-480
-733
-702
-317
17
68
-124
-308
-389
-263
85
323
151
-265
-394
-120
177
183
53
-116
-172
-182
-169
-176
-231
-266
-389
-535
-572
-489
-381
-334
-324
-339
-372
-352
-277
-172
-96
-50
21
73
96
114
170
275
304
252
143
60
96
221
301
228
10
-147
-179
-152
-165
-264
-315
-394
-442
-440
-407
-403
-501
-633
-700
-655
-565
-522
-529
-556
-630
-697
-772
-769
-688
-601
-567
-700
-836
-902
-859
-836
-840
-918
-984
-1062
-1100
-1097
-1036
-867
-709
-676
-866
-1030
-886
-528
-258
-224
-261
-252
-268
-210
52
297
255
-17
-135
11
182
204
79
-15
-101
-196
-290
-366
-361
-388
-479
-573
-588
-538
-461
-328
-168
-180
-347
-420
-227
75
179
158
128
151
159
176
333
480
500
358
245
253
332
383
355
256
123
19
-27
42
72
57
-68
-191
-277
-320
-316
-280
-241
-242
-323
-445
-522
-543
-454
-368
-366
-513
-598
-586
-474
-431
-472
-609
-666
-711
-742
-824
-894
-892
-975
-1070
-1131
-1076
-976
-956
-875
-701
-630
-712
-784
-556
-137
137
193
151
142
144
181
421
627
563
267
118
271
450
404
174
-69
-179
-207
-200
-200
-249
-327
-478
-502
-380
-245
-247
-322
-274
-171
-199
-251
-180
11
134
137
166
204
251
309
372
453
475
430
329
273
304
410
446
382
246
172
128
72
33
50
58
-25
-160
-235
-218
-195
-190
-224
-289
-381
-408
-380
-385
-382
-407
-400
-441
-456
-459
-521
-621
-752
-851
-899
-929
-975
-1133
-1249
-1249
-1201
-1224
-1318
-1317
-1216
-1044
-823
-614
-504
-597
-677
-437
-10
237
153
-12
-59
-49
34
312
469
242
-163
-250
23
110
-93
-308
-266
-228
-322
-464
-508
-478
-479
-510
-566
-635
-763
-776
-605
-315
-246
-461
-623
-497
-144
61
46
-19
15
85
167
281
390
435
399
342
309
305
263
265
300
302
229
104
37
3
-9
-16
-7
-58
-163
-255
-253
-194
-160
-178
-233
-290
-306
-275
-219
-238
-337
-401
-401
-419
-485
-577
-631
-710
-775
-860
-904
-939
-1000
-1010
-982
-888
-844
-861
-925
-897
-699
-430
-219
-209
-325
-380
-278
-73
131
194
158
85
68
133
269
371
324
141
46
169
341
324
98
-69
-43
5
-78
-238
-311
-318
-338
-407
-401
-324
-309
-327
-332
-229
-145
-110
-71
73
270
349
354
381
471
497
465
493
604
665
623
569
565
556
506
468
484
533
510
418
361
362
384
367
376
394
351
261
182
165
180
162
98
59
32
-11
-67
-107
-104
-119
-161
-192
-199
-173
-164
-218
-287
-341
-347
-365
-394
-410
-404
-405
-460
-490
-522
-534
-509
-455
-406
-365
-328
-335
-365
-346
-205
-19
72
30
-63
-90
8
162
242
187
96
116
205
255
196
46
-64
-79
-13
31
-39
-108
-161
-193
-194
-146
-69
-26
5
-1
3
1
38
143
247
270
210
198
266
392
461
437
363
328
375
426
462
433
393
392
409
443
453
455
421
388
348
302
259
206
166
122
93
48
-60
-155
-195
-163
-118
-111
-139
-174
-193
-167
-98
-95
-145
-175
-172
-205
-282
-334
-354
-399
-477
-564
-648
-746
-822
-827
-808
-830
-890
-913
-899
-875
-851
-797
-742
-721
-694
-633
-540
-438
-361
-325
-296
-253
-190
-114
-46
21
104
171
186
186
211
249
264
278
317
344
326
334
382
385
333
255
218
261
328
339
292
260
277
317
350
362
336
342
378
439
461
476
516
543
572
615
671
712
711
682
663
686
739
719
659
607
611
602
565
600
639
621
579
577
621
625
591
565
603
660
664
609
514
416
356
316
249
133
15
0
5
-41
-135
-205
-253
-310
-375
-411
-410
-420
-444
-492
-493
-482
-504
-543
-563
-568
-571
-539
-494
-416
-340
-248
-179
-115
-40
49
119
155
242
377
509
587
663
717
742
763
783
788
768
739
716
700
670
642
623
547
470
451
464
445
406
363
338
360
390
423
394
378
411
470
515
522
511
465
467
516
616
664
630
568
542
604
666
722
735
713
723
777
832
787
724
697
702
694
646
601
560
503
432
391
317
188
71
17
35
37
-43
-177
-258
-253
-239
-283
-390
-475
-512
-538
-572
-642
-680
-713
-760
-859
-934
-961
-966
-987
-968
-906
-854
-841
-851
-831
-792
-695
-565
-444
-348
-250
-152
-51
1
62
143
225
292
321
361
405
449
473
454
441
426
413
370
342
338
334
317
260
218
217
206
149
79
73
119
176
179
158
173
227
291
329
362
414
492
553
610
659
739
801
830
842
864
908
903
878
862
875
913
889
810
687
631
637
592
510
453
424
361
257
185
166
159
125
65
18
-28
-87
-145
-185
-209
-256
-319
-395
-476
-533
-564
-595
-627
-671
-717
-789
-832
-845
-825
-772
-766
-766
-744
-689
-628
-581
-554
-511
-458
-394
-347
-299
-183
-90
-54
-31
52
149
222
277
342
403
448
510
573
621
639
620
563
541
568
606
617
586
540
500
471
492
543
608
628
626
642
702
779
838
889
944
965
958
977
1034
1090
1124
1156
1172
1157
1132
1126
1157
1177
1150
1080
1002
970
999
1006
974
916
870
833
778
708
647
638
616
545
462
402
373
334
256
178
125
97
70
23
-25
-78
-165
-236
-268
-268
-269
-305
-370
-400
-395
-378
-393
-459
-515
-532
-515
-517
-527
-525
-514
-492
-505
-528
-492
-409
-354
-348
-326
-283
-220
-173
-152
-118
-55
-11
3
40
88
172
214
247
301
362
412
424
425
471
533
575
590
627
676
684
666
646
658
669
676
677
658
655
663
676
688
668
640
634
620
594
583
590
595
591
583
539
527
543
568
583
565
542
505
477
476
476
447
386
324
296
274
242
194
116
33
-53
-126
-154
-166
-184
-240
-295
-319
-341
-377
-400
-420
-442
-469
-486
-497
-492
-493
-503
-537
-596
-607
-627
-643
-661
-678
-717
-766
-790
-799
-809
-818
-846
-912
-969
-975
-927
-871
-851
-856
-842
-831
-793
-733
-617
-491
-390
-323
-267
-182
-67
75
173
244
308
394
483
576
639
672
686
677
699
739
755
707
653
630
618
591
545
482
427
405
413
408
379
360
335
316
306
279
264
258
248
240
208
200
202
193
168
122
106
117
136
163
139
93
24
-35
-36
-27
-59
-96
-115
-141
-165
-200
-204
-208
-243
-306
-313
-308
-304
-324
-373
-411
-431
-451
-502
-543
-581
-599
-625
-678
-739
-787
-791
-782
-797
-885
-961
-987
-999
-1010
-1011
-1004
-1008
-1031
-1050
-1029
-983
-973
-983
-962
-882
-782
-708
-638
-551
-449
-353
-255
-142
-34
70
156
219
334
432
512
583
622
616
613
632
696
766
786
775
747
722
696
677
649
601
572
536
496
472
437
388
338
311
306
303
283
262
236
241
251
250
258
233
220
235
242
261
262
264
261
249
247
255
271
274
263
222
173
133
113
97
97
78
21
-30
-67
-111
-151
-177
-224
-288
-358
-382
-394
-429
-491
-547
-594
-625
-647
-665
-698
-728
-767
-789
-792
-788
-757
-757
-777
-799
-781
-764
-750
-740
-717
-685
-660
-619
-591
-584
-566
-529
-492
-479
-468
-432
-376
-330
-287
-214
-178
-171
-164
-111
-40
33
78
95
121
147
197
242
289
309
310
318
334
345
346
344
346
318
269
248
243
250
247
223
207
176
162
141
117
97
74
77
71
47
26
-3
4
18
11
-34
-90
-123
-150
-166
-165
-185
-213
-262
-307
-326
-312
-293
-328
-380
-442
-463
-475
-481
-475
-496
-523
-557
-595
-613
-605
-595
-631
-677
-693
-669
-633
-639
-650
-648
-625
-616
-611
-594
-587
-587
-614
-616
-624
-623
-620
-635
-669
-693
-664
-653
-656
-665
-667
-668
-651
-626
-641
-632
-651
-655
-641
-620
-592
-595
-617
-607
-548
-480
-451
-439
-423
-390
-329
-291
-242
-177
-110
-53
-3
62
128
174
202
228
258
319
378
413
443
440
436
405
379
359
327
285
249
215
180
159
132
109
77
46
30
26
17
-13
-40
-65
-85
-91
-129
-168
-174
-171
-167
-187
-210
-215
-230
-226
-249
-239
-222
-208
-204
-211
-205
-184
-159
-162
-193
-203
-182
-159
-168
-204
-222
-232
-240
-271
-277
-281
-276
-279
-289
-289
-296
-305
-337
-352
-340
-331
-344
-352
-361
-367
-375
-402
-427
-442
-439
-422
-411
-407
-404
-417
-434
-439
-425
-417
-394
-353
-330
-323
-326
-323
-309
-304
-277
-256
-238
-215
-201
-144
-83
-61
-56
-42
-9
28
58
93
124
134
165
195
224
222
217
229
241
242
224
194
167
155
128
78
26
-7
-33
-46
-37
-56
-72
-95
-120
-136
-129
-117
-137
-142
-149
-147
-140
-149
-165
-174
-171
-178
-219
-243
-243
-212
-197
-201
-217
-232
-226
-191
-176
-197
-225
-233
-223
-219
-229
-222
-222
-235
-238
-249
-249
-253
-275
-281
-258
-244
-239
-254
-255
-240
-222
-213
-215
-205
-195
-180
-190
-208
-225
-225
-218
-227
-225
-240
-247
-259
-259
-258
-270
-290
-312
-315
-291
-267
-282
-318
-344
-339
-356
-385
-414
-444
-458
-470
-470
-481
-498
-510
-523
-516
-482
-453
-446
-460
-455
-405
-346
-327
-335
-319
-296
-243
-163
-116
-106
-97
-75
-47
-22
-9
-13
-11
-23
-35
-31
-66
-93
-104
-133
-163
-185
-206
-217
-217
-226
-249
-307
-349
-361
-353
-342
-354
-364
-372
-372
-365
-377
-393
-403
-417
-422
-421
-417
-416
-409
-380
-346
-324
-336
-369
-379
-357
-319
-285
-263
-256
-248
-237
-233
-234
-232
-240
-257
-254
-230
-196
-180
-194
-186
-173
-189
-218
-268
-303
-313
-330
-374
-441
-497
-537
-581
-632
-664
-659
-676
-708
-736
-772
-788
-796
-799
-800
-800
-807
-831
-859
-856
-854
-861
-889
-903
-890
-850
-813
-797
-793
-788
-755
-713
-668
-616
-568
-539
-490
-423
-389
-372
-366
-342
-331
-303
-268
-253
-258
-250
-249
-237
-221
-246
-266
-273
-261
-260
-263
-272
-285
-303
-313
-312
-314
-316
-316
-323
-328
-333
-337
-336
-338
-319
-318
-325
-320
-317
-333
-363
-379
-372
-359
-342
-328
-319
-304
-286
-286
-303
-296
-281
-283
-293
-310
-312
-311
-329
-368
-403
-423
-442
-447
-470
-472
-474
-488
-499
-523
-545
-561
-565
-566
-576
-592
-597
-616
-635
-671
-688
-727
-750
-766
-772
-786
-810
-829
-865
-882
-919
-949
-975
-983
-993
-1014
-1029
-1052
-1069
-1091
-1110
-1115
-1113
-1114
-1117
-1114
-1110
-1116
-1088
-1049
-1018
-965
-924
-889
-854
-803
-756
-701
-641
-586
-545
-497
-456
-419
-385
-341
-311
-281
-245
-215
-191
-192
-174
-170
-161
-146
-146
-139
-119
-107
-117
-122
-129
-147
-151
-151
-153
-171
-178
-189
-197
-215
-215
-200
-224
-235
-233
-211
-193
-181
-204
-237
-263
-263
-243
-217
-179
-192
-207
-206
-207
-199
-194
-188
-192
-206
-205
-228
-232
-236
-275
-287
-304
-321
-337
-357
-368
-394
-422
-429
-444
-486
-507
-526
-555
-579
-600
-626
-665
-685
-717
-735
-754
-776
-808
-843
-856
-859
-861
-863
-868
-872
-848
-849
-857
-858
-850
-828
-808
-802
-802
-772
-751
-711
-663
-654
-668
-652
-623
-577
-537
-510
-470
-433
-419
-393
-347
-288
-252
-242
-207
-179
-149
-133
-110
-86
-64
-52
-41
-31
-19
4
13
15
11
12
5
10
31
41
28
28
31
33
55
65
82
91
81
66
46
26
8
3
7
-14
-64
-102
-115
-110
-122
-147
-197
-234
-253
-257
-262
-276
-293
-335
-370
-364
-348
-351
-389
-447
-481
-501
-514
-520
-532
-556
-572
-603
-620
-643
-658
-683
-724
-743
-757
-748
-745
-743
-745
-754
-758
-756
-740
-721
-713
-710
-707
-710
-715
-720
-714
-697
-687
-692
-702
-697
-686
-692
-705
-704
-705
-697
-691
-709
-733
-745
-730
-721
-706
-696
-689
-681
-642
-637
-654
-654
-621
-592
-558
-480
-438
-405
-388
-369
-358
-324
-276
-248
-231
-212
-176
-149
-115
-87
-74
-65
-48
-26
10
54
55
46
26
15
21
15
4
-13
-36
-51
-75
-103
-118
-137
-163
-181
-215
-254
-259
-269
-283
-297
-328
-374
-427
-464
-469
-482
-488
-508
-519
-525
-547
-577
-590
-590
-607
-604
-594
-579
-592
-599
-587
-591
-578
-562
-568
-566
-561
-562
-562
-567
-572
-576
-570
-571
-564
-558
-559
-564
-577
-588
-601
-606
-612
-635
-674
-700
-703
-707
-695
-693
-679
-670
-675
-694
-687
-665
-662
-657
-655
-650
-642
-623
-588
-570
-562
-544
-535
-538
-534
-527
-506
-468
-468
-472
-472
-475
-454
-419
-398
-378
-371
-362
-363
-351
-351
-349
-339
-333
-318
-315
-306
-308
-296
-315
-355
-385
-403
-403
-411
-423
-436
-446
-471
-489
-491
-493
-501
-515
-528
-540
-548
-553
-559
-569
-583
-603
-613
-597
-587
-577
-576
-588
-592
-604
-611
-620
-623
-644
-659
-685
-703
-695
-711
-723
-744
-785
-801
-803
-789
-789
-795
-824
-859
-840
-820
-816
-802
-789
-804
-794
-766
-728
-728
-747
-752
-774
-770
-732
-729
-726
-725
-729
-727
-721
-689
-687
-688
-680
-689
-690
-685
-679
-666
-664
-688
-727
-756
-775
-761
-723
-724
-753
-796
-814
-813
-825
-803
-790
-798
-823
-833
-829
-811
-769
-770
-783
-819
-831
-816
-795
-776
-790
-809
-812
-814
-804
-794
-792
-791
-802
-798
-788
-776
-782
-770
-740
-730
-727
-729
-711
-691
-677
-662
-634
-605
-596
-595
-602
-607
-608
-592
-573
-554
-561
-564
-568
-566
-546
-552
-566
-569
-575
-568
-553
-546
-541
-548
-550
-550
-538
-509
-498
-491
-473
-483
-490
-495
-493
-487
-477
-483
-496
-499
-527
-535
-548
-537
-537
-553
-564
-569
-557
-557
-561
-560
-554
-535
-536
-554
-579
-579
-572
-577
-568
-574
-582
-570
-578
-586
-595
-601
-623
-656
-665
-672
-661
-647
-652
-663
-661
-681
-711
-738
-747
-748
-748
-732
-715
-718
-722
-726
-740
-750
-756
-752
-738
-739
-751
-762
-772
-774
-779
-790
-787
-766
-746
-750
-753
-752
-747
-741
-742
-732
-710
-693
-677
-670
-661
-636
-609
-588
-567
-566
-567
-546
-528
-478
-460
-470
-450
-437
-419
-415
-402
-375
-361
-340
-325
-313
-316
-320
-330
-344
-351
-354
-363
-377
-403
-416
-440
-471
-472
-477
-473
-482
-497
-510
-527
-557
-575
-591
-597
-599
-604
-596
-591
-594
-605
-628
-635
-646
-649
-655
-655
-654
-658
-667
-685
-688
-678
-675
-682
-682
-702
-710
-718
-736
-732
-728
-741
-759
-758
-765
-762
-771
-783
-790
-798
-802
-824
-822
-836
-864
-875
-892
-893
-903
-924
-922
-917
-914
-917
-940
-947
-926
-909
-893
-887
-892
-889
-897
-892
-876
-874
-850
-830
-813
-790
-755
-725
-707
-682
-648
-619
-595
-554
-531
-512
-496
-507
-517
-517
-495
-480
-458
-431
-415
-410
-401
-402
-388
-400
-393
-375
-370
-362
-354
-344
-318
-310
-316
-322
-338
-340
-345
-319
-310
-315
-333
-355
-373
-374
-368
-373
-376
-361
-336
-330
-343
-350
-370
-393
-395
-380
-375
-367
-370
-400
-432
-460
-468
-480
-517
-530
-528
-546
-557
-574
-609
-616
-628
-642
-665
-687
-686
-669
-659
-671
-701
-736
-763
-773
-752
-741
-733
-719
-715
-700
-680
-672
-639
-610
-600
-593
-594
-578
-562
-550
-543
-539
-544
-547
-530
-521
-505
-495
-505
-512
-532
-545
-534
-523
-498
-487
-468
-448
-437
-440
-443
-435
-420
-403
-397
-391
-378
-374
-378
-364
-370
-367
-373
-370
-364
-363
-346
-328
-310
-305
-307
-305
-292
-268
-249
-241
-248
-250
-245
-237
-211
-192
-179
-179
-192
-183
-170
-182
-199
-208
-203
-233
-252
-263
-269
-285
-289
-290
-291
-303
-321
-343
-370
-369
-369
-362
-374
-402
-430
-447
-463
-477
-477
-495
-519
-538
-559
-569
-572
-577
-586
-599
-641
-656
-648
-654
-661
-653
-657
-649
-640
-644
-649
-649
-656
-653
-635
-617
-597
-600
-579
-585
-579
-558
-557
-552
-553
-527
-508
-495
-485
-473
-473
-473
-461
-446
-440
-445
-449
-462
-463
-460
-448
-440
-438
-430
-419
-392
-377
-379
-386
-396
-401
-400
-397
-397
-388
-398
-414
-417
-418
-422
-421
-415
-405
-391
-377
-359
-351
-355
-355
-352
-346
-348
-352
-342
-339
-339
-345
-350
-349
-333
-338
-338
-331
-334
-319
-330
-327
-343
-363
-375
-371
-348
-327
-337
-351
-350
-356
-359
-357
-355
-367
-371
-377
-388
-399
-401
-407
-426
-433
-448
-460
-471
-474
-462
-463
-471
-483
-493
-493
-483
-495
-505
-491
-479
-473
-467
-483
-485
-490
-486
-463
-432
-419
-424
-413
-405
-396
-395
-388
-392
-390
-393
-383
-369
-365
-357
-356
-338
-333
-314
-319
-328
-334
-335
-346
-351
-351
-361
-373
-381
-385
-398
-412
-405
-403
-405
-418
-428
-433
-435
-439
-445
-443
-441
-428
-435
-442
-426
-440
-438
-447
-453
-449
-434
-425
-433
-416
-397
-390
-392
-392
-395
-403
-399
-396
-391
-382
-386
-392
-404
-418
-428
-403
-386
-383
-388
-390
-380
-378
-362
-366
-367
-358
-354
-345
-356
-368
-367
-362
-353
-337
-311
-305
-320
-327
-326
-327
-327
-325
-309
-307
-317
-328
-342
-342
-340
-347
-344
-356
-375
-394
-414
-415
-421
-418
-403
-412
-400
-390
-397
-402
-400
-399
-414
-421
-414
-426
-457
-465
-499
-535
-544
-546
-538
-559
-580
-597
-607
-628
-655
-681
-688
-676
-676
-650
-640
-652
-665
-671
-670
-667
-661
-655
-663
-668
-679
-695
-707
-724
-728
-714
-704
-703
-721
-736
-742
-758
-758
-743
-742
-740
-727
-721
-724
-740
-760
-755
-725
-681
-652
-646
-645
-645
-643
-650
-657
-641
-622
-620
-626
-650
-668
-660
-652
-629
-614
-592
-585
-584
-582
-572
-561
-536
-502
-469
-458
-451
-448
-431
-403
-390
-361
-361
-365
-376
-369
-367
-372
-378
-398
-411
-415
-408
-406
-403
-410
-425
-452
-446
-423
-417
-415
-410
-420
-422
-428
-431
-418
-428
-423
-419
-412
-406
-417
-436
-443
-445
-444
-465
-474
-464
-467
-477
-479
-476
-480
-485
-486
-472
-472
-465
-441
-434
-433
-435
-445
-436
-426
-431
-429
-431
-430
-423
-429
-423
-415
-414
-419
-415
-401
-380
-375
-379
-368
-358
-366
-386
-390
-384
-385
-384
-365
-356
-363
-362
-361
-359
-345
-328
-323
-299
-286
-279
-266
-252
-245
-240
-228
-223
-202
-174
-141
-123
-118
-100
-98
-101
-92
-89
-83
-73
-48
-28
-22
-23
-42
-40
-33
-20
-19
-23
-25
-10
-5
-3
-4
-23
-17
-15
11
28
27
18
-2
-8
-23
-29
-37
-46
-65
-70
-72
-67
-70
-88
-100
-119
-133
-150
-163
-167
-175
-173
-189
-220
-225
-224
-226
-226
-237
-251
-252
-247
-244
-262
-260
-275
-294
-308
-318
-318
-312
-298
-300
-309
-326
-337
-343
-359
-364
-366
-349
-338
-347
-349
-352
-357
-379
-388
-393
-385
-375
-376
-376
-370
-353
-341
-336
-333
-332
-323
-294
-289
-297
-294
-296
-310
-309
-311
-306
-290
-273
-252
-243
-229
-235
-226
-207
-201
-190
-160
-125
-117
-124
-126
-134
-137
-135
-117
-113
-109
-104
-110
-121
-132
-147
-158
-153
-151
-159
-182
-217
-228
-223
-227
-231
-262
-289
-310
-317
-316
-316
-324
-349
-367
-368
-376
-376
-374
-393
-420
-435
-438
-442
-447
-460
-463
-460
-462
-485
-508
-535
-526
-512
-496
-490
-512
-527
-533
-523
-513
-508
-508
-514
-526
-521
-521
-533
-538
-535
-524
-529
-542
-572
-585
-593
-583
-567
-573
-598
-625
-624
-616
-603
-604
-603
-591
-569
-557
-543
-512
-494
-472
-459
-437
-420
-404
-383
-348
-332
-329
-324
-323
-300
-291
-273
-276
-289
-286
-289
-287
-281
-283
-286
-288
-288
-289
-297
-293
-288
-255
-222
-214
-218
-216
-203
-196
-191
-191
-186
-182
-196
-199
-195
-193
-213
-232
-245
-251
-236
-233
-240
-243
-233
-228
-230
-229
-243
-260
-268
-254
-237
-219
-218
-231
-231
-244
-250
-237
-240
-256
-251
-242
-246
-250
-253
-251
-237
-235
-237
-245
-260
-249
-259
-275
-287
-297
-301
-296
-288
-296
-306
-312
-314
-325
-319
-323
-316
-325
-325
-326
-331
-317
-332
-342
-333
-336
-335
-340
-337
-350
-344
-321
-309
-299
-303
-306
-322
-313
-313
-319
-330
-335
-333
-332
-346
-344
-348
-340
-318
-317
-303
-294
-287
-295
-297
-305
-302
-290
-271
-251
-254
-243
-233
-222
-235
-240
-248
-254
-242
-243
-221
-216
-224
-218
-206
-200
-199
-216
-240
-230
-225
-214
-199
-192
-190
-181
-174
-165
-142
-127
-121
-115
-111
-108
-109
-110
-113
-106
-94
-91
-100
-113
-127
-127
-108
-117
-134
-143
-143
-125
-120
-124
-130
-120
-108
-89
-94
-101
-101
-110
-103
-101
-88
-72
-66
-60
-61
-57
-55
-55
-52
-55
-62
-70
-65
-69
-77
-83
-88
-94
-102
-91
-93
-90
-80
-96
-102
-103
-104
-106
-108
-98
-98
-89
-77
-78
-68
-78
-83
-78
-69
-52
-36
-35
-56
-57
-59
-52
-46
-65
-84
-81
-62
-45
-45
-57
-61
-56
-31
-12
-2
-2
3
9
4
10
20
43
59
72
72
75
85
74
71
76
61
68
61
62
68
72
70
61
40
23
22
8
22
47
62
78
84
95
108
116
114
105
101
93
103
114
124
141
140
115
88
71
54
52
58
54
53
40
8
-23
-49
-50
-60
-73
-77
-68
-53
-31
-32
-42
-29
-29
-32
-27
-24
-28
-39
-45
-39
-39
-49
-80
-96
-105
-103
-99
-110
-118
-116
-121
-113
-98
-87
-80
-79
-93
-108
-109
-86
-56
-60
-66
-79
-75
-79
-86
-84
-106
-106
-133
-146
-147
-158
-157
-164
-162
-172
-173
-182
-187
-191
-189
-165
-148
-139
-139
-143
-126
-113
-103
-94
-98
-101
-115
-133
-144
-166
-169
-163
-168
-171
-183
-204
-199
-196
-194
-187
-199
-210
-227
-230
-230
-223
-227
-238
-253
-266
-280
-286
-279
-282
-286
-293
-294
-300
-310
-328
-336
-343
-332
-325
-304
-305
-310
-319
-327
-339
-361
-360
-373
-367
-359
-357
-373
-370
-365
-389
-390
-403
-409
-409
-401
-411
-410
-409
-418
-418
-422
-435
-446
-441
-453
-454
-460
-463
-473
-467
-469
-461
-451
-459
-469
-475
-484
-483
-482
-492
-499
-511
-503
-496
-490
-475
-466
-476
-470
-479
-479
-468
-456
-439
-425
-410
-395
-390
-386
-386
-373
-369
-363
-363
-358
-351
-365
-375
-380
-372
-376
-379
-393
-411
-420
-415
-426
-430
-424
-417
-403
-400
-395
-383
-374
-359
-353
-359
-360
-359
-365
-365
-367
-384
-394
-404
-409
-389
-378
-373
-372
-377
-364
-365
-367
-373
-378
-370
-368
-369
-371
-376
-370
-367
-367
-355
-363
-358
-349
-346
-347
-346
-350
-353
-349
-359
-357
-352
-370
-379
-366
-371
-381
-400
-411
-409
-408
-400
-405
-415
-412
-414
-405
-401
-406
-406
-413
-409
-403
-395
-386
-410
-416
-421
-417
-409
-409
-406
-413
-404
-395
-398
-401
-409
-402
-402
-396
-390
-392
-384
-373
-362
-358
-360
-354
-348
-350
-326
-314
-317
-326
-344
-353
-368
-369
-364
-374
-372
-366
-378
-380
-394
-391
-372
-374
-366
-369
-386
-393
-373
-356
-352
-373
-400
-427
-432
-416
-391
-375
-394
-428
-437
-439
-413
-368
-348
-350
-374
-399
-404
-420
-426
-413
-437
-452
-459
-471
-470
-486
-481
-491
-498
-484
-495
-500
-497
-508
-532
-548
-553
-549
-535
-526
-514
-511
-513
-492
-487
-484
-485
-487
-499
-508
-515
-498
-491
-492
-484
-498
-514
-508
-498
-499
-485
-496
-510
-500
-479
-448
-434
-434
-441
-444
-433
-407
-391
-379
-375
-391
-410
-421
-411
-392
-381
-393
-404
-415
-420
-420
-433
-445
-438
-446
-436
-417
-402
-398
-390
-366
-371
-363
-359
-359
-364
-348
-326
-321
-326
-334
-353
-366
-374
-377
-377
-370
-358
-366
-375
-383
-379
-370
-379
-389
-385
-366
-365
-345
-340
-326
-316
-334
-325
-325
-318
-314
-317
-307
-299
-285
-280
-283
-273
-283
-285
-280
-273
-277
-286
-291
-291
-284
-275
-272
-274
-260
-263
-257
-262
-274
-275
-273
-257
-247
-256
-249
-242
-243
-245
-262
-279
-283
-295
-303
-287
-282
-279
-283
-273
-270
-276
-283
-300
-286
-280
-275
-285
-312
-315
-302
-294
-291
-269
-262
-250
-256
-270
-271
-265
-260
-257
-258
-274
-282
-291
-286
-269
-263
-275
-264
-243
-242
-238
-243
-263
-268
-278
-282
-288
-291
-279
-281
-291
-284
-274
-263
-252
-267
-265
-253
-251
-251
-239
-252
-225
-216
-216
-214
-221
-216
-201
-199
-199
-197
-195
-182
-165
-161
-169
-164
-166
-154
-145
-143
-132
-137
-138
-147
-167
-170
-165
-149
-125
-107
-93
-72
-55
-57
-72
-86
-110
-105
-92
-81
-71
-71
-72
-79
-69
-74
-73
-71
-70
-46
-33
-28
-24
-29
-25
-25
-14
-4
3
0
2
10
14
17
31
54
73
65
59
74
83
94
104
100
86
73
63
52
41
42
53
57
58
73
89
73
52
43
49
72
87
95
107
106
110
120
133
148
172
184
195
181
145
129
126
130
135
122
96
79
82
100
98
80
62
43
36
40
42
55
61
57
60
60
74
103
134
136
128
120
107
127
151
164
166
165
158
153
130
122
122
124
145
158
145
121
110
111
129
152
158
174
183
203
213
217
214
214
217
214
222
231
249
259
261
273
275
274
265
241
236
238
245
240
247
263
263
292
309
317
332
320
304
303
317
335
368
400
409
397
380
371
376
387
388
389
359
348
349
340
331
314
306
298
284
292
292
294
302
307
319
331
361
386
392
391
395
396
407
426
434
427
423
415
405
402
404
406
408
403
424
445
438
435
437
437
440
438
447
465
483
475
467
465
464
462
464
469
472
477
478
486
485
491
497
491
495
500
527
528
526
532
530
535
513
507
507
517
543
551
549
555
549
536
518
507
504
503
505
516
519
526
514
505
505
494
503
506
505
488
482
477
484
499
493
483
466
462
460
463
469
472
475
478
473
462
434
421
433
425
422
417
423
426
418
410
409
425
440
451
448
454
456
460
456
456
449
437
440
426
419
400
399
404
400
387
386
378
384
389
393
386
391
402
410
421
424
438
439
455
479
487
490
509
514
523
534
538
536
532
535
522
528
519
498
498
491
488
480
480
471
475
465
461
460
452
443
434
435
441
450
449
450
438
429
429
436
436
422
413
407
380
388
389
376
367
357
366
365
368
361
364
373
365
349
341
336
336
350
365
369
363
356
349
359
369
383
386
391
377
363
360
354
342
335
340
340
338
348
349
352
352
346
353
373
384
401
407
408
410
398
402
395
376
368
366
353
351
360
372
375
376
387
378
378
386
410
423
425
402
374
360
366
395
413
421
371
316
298
318
347
377
392
362
338
333
347
378
394
391
371
353
349
344
344
350
348
333
308
294
291
284
273
270
259
267
275
278
296
296
279
275
271
256
255
269
270
275
279
272
277
284
290
286
291
280
251
250
242
242
254
259
241
218
219
220
221
216
213
219
226
254
274
280
281
271
250
247
254
273
285
294
282
263
248
249
253
243
223
195
188
200
209
212
205
198
187
181
202
229
241
246
247
242
267
284
286
296
303
314
336
347
343
340
320
302
273
262
267
286
295
275
257
246
237
231
235
225
227
247
242
258
273
273
280
278
278
269
270
274
283
284
280
263
251
248
236
236
228
218
232
241
233
229
243
240
224
239
246
237
223
217
219
223
241
252
245
245
257
255
252
238
216
204
202
198
186
191
184
178
191
190
194
189
197
199
208
223
208
191
178
162
149
160
165
162
165
157
138
130
133
147
136
125
116
97
101
118
123
128
146
150
149
137
139
135
125
116
104
96
104
97
99
94
106
110
100
96
78
77
83
85
94
95
77
80
84
80
77
89
108
118
129
134
137
133
134
130
145
160
156
146
145
148
147
150
128
128
125
127
126
128
127
130
120
132
143
143
150
142
138
135
143
144
152
141
135
121
119
124
113
109
105
107
111
115
128
128
125
140
133
131
128
117
112
112
107
102
117
135
150
159
170
162
160
167
166
172
173
151
142
137
134
132
128
117
106
110
105
108
112
111
97
85
64
74
85
87
92
77
74
70
77
74
79
91
101
113
100
77
71
63
58
57
56
60
57
50
52
24
-8
-41
-45
-20
-9
3
2
-13
-25
-15
-3
9
26
22
9
16
13
18
35
60
53
39
19
9
-5
-30
-40
-53
-54
-64
-88
-125
-140
-161
-160
-145
-142
-133
-122
-104
-91
-92
-94
-86
-99
-99
-100
-103
-101
-99
-93
-87
-85
-89
-98
-122
-122
-96
-94
-86
-91
-97
-86
-59
-25
-17
-19
-41
-50
-59
-46
-29
-13
1
-2
-22
-35
-34
-51
-48
-69
-70
-68
-90
-96
-88
-75
-74
-94
-105
-118
-131
-141
-141
-125
-124
-106
-85
-63
-61
-63
-73
-75
-58
-53
-33
-56
-63
-76
-85
-86
-84
-77
-98
-112
-121
-121
-114
-109
-107
-91
-100
-97
-93
-95
-78
-85
-86
-82
-86
-94
-91
-82
-70
-60
-51
-37
-42
-60
-61
-49
-50
-35
-40
-29
-10
6
12
3
5
8
25
34
46
65
83
86
93
99
97
86
95
83
74
73
77
90
84
89
74
63
61
57
57
60
62
48
44
46
55
59
45
34
19
24
19
23
24
24
23
20
17
-1
-13
-20
-21
-20
-20
-43
-51
-52
-47
-32
-37
-44
-25
-26
-23
-7
-27
-36
-37
-56
-65
-64
-76
-80
-84
-82
-89
-97
-96
-93
-106
-110
-122
-122
-112
-104
-110
-120
-124
-123
-108
-97
-99
-101
-104
-94
-84
-70
-52
-39
-28
-32
-34
-35
-45
-67
-67
-78
-75
-61
-61
-64
-59
-64
-62
-58
-60
-52
-42
-41
-36
-34
-32
-37
-31
-33
-52
-59
-45
-51
-36
-19
-28
-27
-42
-62
-74
-74
-82
-92
-88
-83
-99
-99
-109
-114
-113
-113
-95
-78
-66
-69
-68
-71
-85
-76
-58
-49
-53
-64
-69
-73
-67
-64
-88
-105
-117
-127
-135
-122
-114
-130
-121
-124
-136
-140
-136
-134
-128
-111
-103
-95
-85
-97
-113
-117
-106
-103
-107
-106
-111
-120
-117
-107
-114
-95
-78
-72
-57
-80
-94
-103
-100
-105
-124
-138
-147
-141
-109
-80
-103
-150
-167
-173
-161
-117
-82
-86
-104
-77
-73
-56
-34
-5
4
-8
-30
-47
-44
-28
-15
-29
-39
-50
-49
-39
-21
-17
-28
-44
-55
-76
-68
-75
-82
-84
-78
-67
-79
-86
-78
-52
-39
-31
-32
-34
-31
-35
-26
-20
-22
-28
-46
-46
-51
-59
-78
-93
-101
-111
-116
-117
-110
-108
-85
-64
-37
-25
-28
-44
-73
-75
-69
-59
-48
-30
-55
-84
-98
-99
-109
-117
-132
-152
-165
-160
-158
-160
-157
-158
-162
-166
-155
-150
-143
-118
-94
-93
-86
-84
-78
-70
-47
-33
-21
-25
-24
-23
-35
-40
-45
-38
-42
-34
-30
-22
