290
285
301
335
349
339
313
301
284
275
277
254
249
238
231
239
241
223
207
180
155
164
173
169
173
155
140
145
137
108
109
112
121
139
170
185
189
194
191
164
146
169
189
220
236
243
234
216
186
167
177
185
201
196
182
164
151
139
128
140
147
155
147
152
163
152
145
134
132
134
132
95
81
62
59
53
38
43
29
11
2
14
44
64
69
77
79
101
123
147
136
103
74
55
42
30
17
-6
-14
-31
-19
-6
-5
2
24
40
14
-4
-12
-20
-31
-62
-63
-57
-41
-41
-26
-1
1
2
-21
-31
-7
11
29
39
26
10
4
-5
12
39
49
54
46
41
22
14
18
18
-2
-10
-15
-17
-3
37
80
113
149
157
160
175
193
181
173
161
138
121
109
97
67
64
68
65
68
65
68
60
50
37
16
13
27
27
33
44
64
78
70
59
54
42
44
53
49
37
32
36
17
10
20
33
17
20
9
-4
-3
-5
-2
-9
-31
-48
-39
-37
-30
-34
-32
-23
-22
-15
9
37
50
75
62
36
12
1
-12
-39
-71
-93
-93
-101
-94
-78
-68
-72
-90
-115
-131
-135
-136
-147
-130
-97
-86
-62
-34
0
21
37
42
11
-27
-55
-55
-36
-32
-38
-42
-50
-29
-22
-30
-44
-50
-51
-70
-110
-144
-154
-122
-104
-106
-112
-112
-103
-91
-88
-96
-91
-114
-139
-150
-158
-160
-167
-170
-174
-171
-139
-108
-106
-99
-95
-109
-115
-116
-131
-143
-152
-152
-134
-112
-117
-122
-113
-101
-107
-120
-137
-158
-183
-202
-229
-247
-247
-260
-248
-235
-222
-215
-198
-168
-140
-121
-100
-106
-120
-120
-111
-97
-111
-107
-92
-92
-100
-105
-99
-88
-83
-61
-74
-87
-108
-111
-91
-89
-84
-97
-120
-125
-144
-164
-174
-174
-180
-186
-197
-219
-230
-239
-227
-239
-233
-219
-219
-209
-190
-161
-174
-196
-199
-178
-145
-118
-105
-102
-73
-81
-82
-85
-113
-142
-147
-125
-111
-101
-115
-129
-147
-159
-168
-155
-143
-137
-112
-93
-95
-117
-142
-173
-197
-224
-230
-229
-219
-211
-219
-249
-261
-276
-285
-294
-318
-313
-298
-306
-320
-311
-308
-316
-332
-340
-338
-325
-302
-284
-263
-255
-250
-261
-272
-293
-294
-293
-309
-309
-314
-304
-301
-298
-318
-335
-344
-353
-344
-346
-343
-365
-380
-389
-402
-407
-419
-407
-378
-353
-340
-324
-320
-318
-309
-310
-300
-312
-329
-327
-317
-297
-284
-294
-294
-273
-248
-223
-211
-216
-260
-290
-324
-339
-359
-369
-373
-370
-346
-325
-307
-289
-299
-302
-311
-331
-326
-298
-265
-255
-259
-271
-249
-252
-257
-240
-216
-180
-158
-141
-131
-132
-137
-135
-140
-135
-129
-124
-113
-101
-88
-95
-108
-111
-134
-145
-143
-133
-124
-136
-134
-132
-147
-139
-122
-110
-99
-94
-92
-107
-111
-118
-96
-92
-91
-75
-72
-48
-42
-30
-21
-23
-30
-46
-44
-70
-80
-89
-88
-97
-105
-98
-91
-88
-86
-94
-103
-105
-107
-107
-96
-80
-80
-67
-37
-11
6
15
9
-7
-10
-3
-13
-23
-17
-33
-67
-82
-83
-90
-106
-109
-118
-122
-129
-126
-129
-155
-179
-194
-196
-230
-249
-264
-273
-252
-247
-221
-226
-218
-209
-204
-201
-214
-221
-221
-228
-222
-216
-216
-204
-180
-147
-101
-65
-71
-76
-66
-74
-90
-96
-91
-76
-63
-45
-29
-25
-31
-35
-55
-64
-57
-33
-29
-54
-74
-93
-126
-150
-145
-128
-108
-104
-102
-116
-124
-119
-115
-119
-116
-116
-118
-102
-91
-58
-48
-30
-17
-15
-6
-9
-2
-9
-14
-2
10
18
35
41
39
40
17
4
-3
-14
-22
-25
-27
-22
-26
-37
-43
-65
-75
-87
-88
-94
-111
-119
-108
-123
-146
-173
-199
-201
-214
-223
-196
-155
-126
-121
-122
-110
-98
-87
-81
-83
-66
-40
-33
-17
-14
8
31
46
65
67
102
129
120
103
83
78
82
87
65
44
51
47
44
37
37
29
-2
-44
-61
-56
-22
-22
-29
-29
-32
-5
23
50
80
103
132
139
129
117
115
118
116
103
94
94
82
73
57
41
40
30
-6
-13
-6
-2
-2
-10
-19
-30
-33
-43
-31
-1
30
41
31
26
17
9
3
-14
1
8
18
21
-3
-2
-3
-6
-29
-14
-3
-2
10
2
-8
-8
-20
-32
-35
-28
-24
-15
-5
2
10
17
30
33
50
71
79
85
75
62
57
53
60
65
52
46
19
5
0
-1
4
21
23
26
32
22
15
12
26
47
73
95
104
120
122
126
123
109
107
84
73
85
100
123
123
122
116
102
93
91
81
58
49
50
53
48
49
50
46
52
65
65
56
41
54
59
52
50
39
32
44
38
39
52
72
72
61
52
33
44
38
28
34
52
53
60
67
73
73
67
58
76
111
130
151
139
143
136
132
135
123
128
158
185
163
143
142
149
153
146
149
137
103
81
62
37
43
32
31
34
17
9
6
16
-5
-7
15
28
42
54
96
131
149
169
184
196
206
193
198
193
167
157
144
148
158
162
167
164
147
117
87
69
53
34
38
59
78
93
106
117
106
101
80
47
28
35
41
50
74
94
110
106
98
102
103
94
98
89
89
88
102
104
92
91
63
40
12
13
18
23
27
-6
-21
-3
20
46
61
70
73
45
-6
-42
-51
-56
-48
-39
-14
3
21
28
30
36
50
76
106
119
103
78
60
46
32
28
23
24
19
17
22
18
22
9
3
-15
-16
-6
-8
10
30
29
28
24
29
41
54
59
35
12
21
41
74
109
131
129
110
96
69
47
42
43
52
69
56
73
85
79
90
96
78
62
50
49
53
54
63
77
100
107
94
69
64
62
53
48
50
54
82
99
102
124
134
131
123
118
104
61
33
27
37
46
46
46
59
64
54
43
28
30
24
27
52
68
69
62
66
76
81
83
72
51
37
23
29
44
64
88
83
76
67
45
24
24
10
-17
-33
-57
-51
-60
-54
-39
-37
-32
-18
-9
0
31
49
63
40
13
11
23
44
40
40
35
24
41
48
63
66
64
53
37
38
57
76
52
34
20
24
12
-15
-18
0
22
22
34
35
56
52
49
67
78
69
62
76
84
107
128
132
135
140
150
148
152
162
160
191
205
211
207
186
140
102
93
88
119
164
205
212
210
194
180
180
185
206
213
197
180
136
106
121
121
124
126
148
163
178
178
150
140
145
131
103
77
75
73
91
126
139
129
120
134
136
117
107
125
117
100
91
91
96
112
132
112
99
101
100
91
72
74
61
58
56
48
65
71
80
100
96
93
83
74
85
90
104
108
89
76
62
59
83
105
118
100
83
80
82
94
100
112
123
137
119
93
87
90
97
92
86
65
55
61
73
95
111
114
102
100
112
109
102
94
91
88
73
58
49
46
49
40
28
22
18
25
34
36
12
-13
-1
4
12
20
-7
-29
-47
-54
-55
-45
-31
5
25
28
28
49
71
76
77
61
54
38
21
9
16
13
-5
-14
-35
-72
-85
-67
-68
-75
-82
-82
-70
-55
-32
-20
-28
-15
-8
-10
9
29
35
44
33
-4
-34
-54
-68
-87
-89
-79
-53
-34
-8
-12
-32
-41
-56
-64
-79
-63
-53
-48
-31
-8
10
22
40
29
14
-3
-15
-25
-25
3
14
20
13
-18
-35
-36
-35
-34
-22
0
-2
-12
-16
-22
-9
24
39
41
47
57
74
84
99
115
112
120
123
140
139
144
159
175
191
193
197
209
225
225
235
258
280
252
211
198
181
154
159
149
156
162
159
133
120
121
116
112
101
87
77
94
102
116
135
169
189
187
181
156
138
155
180
177
179
167
152
148
161
181
201
202
194
175
171
157
135
127
139
166
169
186
177
190
192
168
177
180
174
179
163
133
107
85
47
24
40
54
51
46
46
55
57
75
91
98
108
104
98
86
63
62
69
59
74
88
77
86
94
105
99
62
16
-5
-6
2
3
-5
4
-2
-9
-26
-47
-64
-64
-25
-2
-9
-36
-40
-43
-68
-85
-90
-77
-67
-65
-82
-91
-84
-100
-129
-163
-188
-195
-194
-164
-152
-134
-108
-110
-102
-73
-53
-47
-53
-51
-61
-84
-94
-93
-53
-7
15
12
9
4
-5
16
41
52
55
50
30
2
-22
-42
-56
-73
-101
-116
-116
-120
-103
-64
-39
-19
-23
-15
-3
17
29
24
30
46
68
76
84
81
95
93
63
57
56
32
6
-13
-18
-31
-22
-26
-30
-12
-3
-14
-22
-21
-11
19
34
48
34
1
-3
-12
-9
9
10
29
47
58
59
68
60
47
50
52
32
13
8
30
26
11
13
5
7
-3
8
34
55
74
69
46
54
60
49
58
64
56
50
23
12
16
35
45
51
55
66
67
38
28
11
1
-33
-54
-56
-40
-25
-9
-2
-6
-16
-43
-40
-33
-24
-7
22
27
40
44
46
46
36
43
39
38
35
12
12
-5
-5
2
-24
-58
-65
-71
-66
-43
-18
-26
-21
-19
-43
-55
-50
-18
7
28
35
37
24
12
-15
-47
-49
-66
-84
-72
-54
-39
-9
14
19
5
-18
-33
-41
-34
-19
-2
1
12
17
21
20
2
-23
-16
-12
-8
16
22
24
20
10
-8
-11
-10
8
43
47
48
51
60
44
14
-31
-54
-62
-72
-69
-71
-63
-76
-93
-91
-100
-121
-122
-130
-125
-108
-108
-122
-118
-119
-117
-136
-148
-168
-174
-161
-177
-181
-195
-208
-219
-232
-224
-225
-229
-244
-226
-199
-164
-132
-126
-121
-137
-143
-175
-206
-215
-217
-213
-220
-214
-197
-188
-193
-215
-235
-236
-242
-237
-215
-213
-199
-196
-198
-192
-176
-166
-163
-144
-142
-154
-170
-167
-160
-158
-142
-139
-157
-187
-217
-229
-246
-255
-257
-258
-247
-205
-172
-145
-116
-89
-68
-86
-99
-90
-93
-92
-84
-82
-91
-105
-127
-141
-116
-77
-41
-29
-49
-98
-122
-143
-142
-123
-118
-107
-106
-109
-103
-99
-71
-76
-115
-120
-110
-93
-71
-51
-16
-2
-4
5
-5
-1
40
88
112
119
109
87
69
59
63
91
107
123
130
104
77
44
11
10
26
57
85
109
131
129
117
131
122
115
116
110
103
79
50
30
33
48
58
69
76
88
104
140
170
171
175
166
168
159
156
166
174
177
194
231
253
253
260
273
251
248
240
235
236
208
185
175
188
207
213
224
227
180
125
81
56
49
51
82
121
127
135
147
150
142
147
153
155
163
176
185
164
145
146
137
151
164
163
171
200
211
212
229
250
253
241
251
270
307
328
337
346
317
289
254
221
233
256
274
267
260
246
235
211
181
156
140
164
169
189
209
217
242
245
251
266
292
319
322
316
288
264
265
279
292
290
288
297
271
257
252
242
236
212
210
195
192
196
181
164
164
153
145
153
167
200
209
207
194
168
173
180
196
227
237
247
248
252
245
227
207
198
208
193
183
163
128
113
92
66
67
68
85
99
110
110
110
114
107
102
106
107
103
111
113
113
118
118
106
81
52
33
36
47
34
28
33
30
22
-12
-32
-40
-18
11
31
58
69
96
93
93
111
128
151
145
132
108
80
85
93
103
122
124
108
92
83
73
59
25
21
22
22
8
8
14
12
3
-4
-12
-6
-1
16
38
63
76
85
98
102
119
122
130
139
142
129
127
158
171
174
171
166
169
177
169
168
173
188
176
132
104
95
104
101
115
140
141
138
124
123
136
140
139
133
136
163
178
162
159
164
162
164
143
113
145
154
169
188
192
199
217
223
218
241
280
316
312
315
306
286
298
286
276
272
270
253
231
220
205
189
176
167
172
176
174
166
166
166
169
171
181
190
195
196
184
196
179
176
155
136
124
127
168
180
169
160
169
196
216
214
203
189
181
156
140
142
152
151
134
122
143
162
186
209
222
235
249
240
230
232
223
212
194
187
172
149
137
117
103
88
73
80
92
99
96
98
103
127
147
173
201
207
219
224
233
247
263
273
287
293
295
301
302
300
287
302
293
283
287
274
262
249
226
212
222
227
225
220
212
202
217
226
236
246
267
272
272
288
287
289
307
320
319
319
342
342
342
350
351
356
366
362
374
381
384
391
397
411
405
394
384
376
368
345
337
341
349
357
356
327
274
246
246
251
255
257
249
255
242
237
228
230
247
250
274
304
317
328
346
371
392
409
454
497
521
493
468
456
460
463
438
421
392
380
336
288
262
250
249
219
188
165
158
173
190
225
252
256
243
236
239
258
281
284
288
312
332
341
354
356
355
348
330
322
315
313
301
273
277
271
261
262
261
272
282
291
286
283
289
281
274
278
267
252
267
261
242
245
251
233
189
144
105
84
65
65
58
50
64
70
59
45
47
70
102
146
189
213
249
279
313
349
376
398
418
441
449
454
436
392
362
341
330
329
310
271
241
237
219
186
139
101
73
70
76
82
89
93
131
162
201
235
240
236
241
229
238
244
218
216
235
257
281
307
318
343
351
365
359
353
364
376
382
360
362
363
362
347
315
301
308
329
343
344
342
345
340
316
332
320
294
259
210
172
139
132
122
126
132
137
119
100
106
107
129
128
138
159
199
223
241
268
298
334
361
388
403
387
367
359
331
321
301
297
282
254
219
183
162
131
138
147
145
145
127
112
95
92
113
137
148
142
141
153
162
157
180
209
225
235
243
262
273
289
306
312
316
318
317
309
298
287
287
286
287
276
283
311
319
314
319
313
282
260
247
230
213
205
197
189
180
149
111
72
44
45
58
49
23
10
-13
-39
-66
-61
-39
-34
-13
10
34
49
82
133
179
202
229
258
252
242
255
260
251
234
235
253
257
238
221
222
219
203
197
176
152
152
126
99
68
52
65
71
89
101
102
105
101
107
123
127
133
146
161
160
155
173
177
173
182
177
131
86
63
54
50
43
88
137
141
129
106
79
68
87
106
126
120
113
99
78
58
37
22
23
27
25
17
5
-34
-85
-107
-119
-132
-130
-106
-124
-158
-178
-190
-196
-172
-148
-132
-119
-117
-107
-97
-85
-59
-37
-40
-67
-109
-131
-133
-121
-126
-125
-166
-211
-230
-219
-194
-179
-153
-172
-226
-272
-299
-300
-296
-291
-268
-266
-285
-281
-261
-248
-245
-238
-249
-257
-272
-267
-249
-240
-229
-236
-236
-231
-241
-252
-273
-281
-296
-317
-316
-297
-283
-286
-289
-307
-294
-283
-274
-277
-277
-281
-310
-360
-396
-399
-398
-384
-351
-310
-295
-300
-312
-319
-336
-328
-355
-364
-372
-400
-404
-406
-385
-358
-329
-307
-297
-297
-313
-306
-303
-279
-271
-294
-330
-360
-367
-373
-369
-376
-378
-383
-401
-411
-421
-423
-425
-428
-429
-426
-424
-426
-414
-401
-402
-421
-436
-452
-451
-461
-460
-443
-432
-420
-409
-395
-390
-388
-390
-398
-392
-399
-389
-385
-385
-378
-404
-418
-433
-453
-459
-454
-452
-458
-465
-485
-515
-560
-584
-574
-558
-546
-528
-517
-528
-543
-543
-527
-489
-489
-518
-536
-549
-547
-527
-490
-473
-490
-498
-503
-494
-497
-496
-492
-483
-480
-480
-464
-457
-489
-509
-504
-520
-500
-492
-484
-487
-505
-520
-510
-502
-498
-497
-507
-501
-532
-543
-539
-558
-584
-580
-575
-557
-551
-555
-537
-537
-538
-532
-514
-495
-514
-508
-514
-524
-510
-498
-466
-444
-430
-431
-432
-441
-432
-392
-366
-346
-353
-354
-335
-330
-331
-304
-282
-273
-272
-278
-285
-293
-281
-258
-247
-254
-266
-286
-319
-342
-366
-388
-414
-408
-389
-375
-362
-371
-364
-362
-365
-361
-335
-297
-292
-275
-267
-284
-304
-317
-304
-281
-265
-269
-285
-299
-326
-331
-305
-303
-286
-288
-310
-328
-353
-381
-377
-325
-305
-286
-272
-280
-272
-276
-257
-254
-259
-270
-290
-294
-274
-240
-246
-260
-278
-296
-313
-325
-330
-330
-325
-323
-313
-338
-358
-369
-368
-347
-327
-297
-288
-287
-284
-286
-292
-268
-246
-230
-215
-210
-214
-226
-211
-181
-143
-135
-147
-177
-205
-221
-241
-243
-238
-250
-256
-266
-268
-269
-260
-247
-245
-238
-221
-223
-219
-196
-184
-188
-177
-155
-149
-140
-137
-148
-183
-200
-199
-171
-132
-122
-140
-193
-232
-254
-255
-237
-202
-174
-163
-172
-180
-185
-191
-186
-165
-145
-133
-116
-107
-85
-88
-83
-75
-65
-73
-91
-106
-106
-113
-119
-114
-112
-108
-120
-120
-114
-121
-122
-103
-79
-65
-70
-79
-95
-133
-152
-164
-166
-157
-147
-107
-69
-52
-53
-74
-94
-103
-105
-105
-102
-111
-113
-120
-131
-129
-128
-124
-99
-83
-83
-94
-88
-78
-62
-38
-25
-24
-21
4
25
42
62
80
95
116
134
126
100
81
71
56
22
-18
-40
-38
-52
-63
-74
-93
-102
-97
-80
-69
-55
-32
-5
0
-9
-8
3
3
6
9
2
15
25
39
58
68
84
84
65
42
5
-49
-80
-78
-89
-81
-49
-29
-10
-6
-12
-16
-41
-44
-6
14
15
-8
-22
-14
-27
-45
-26
-1
-1
-11
-25
-28
-67
-69
-77
-82
-87
-107
-111
-114
-96
-88
-70
-57
-66
-63
-46
-46
-51
-57
-40
-17
15
52
42
36
16
4
-1
13
39
42
57
52
14
-26
-32
-43
-59
-79
-82
-74
-72
-66
-60
-55
-38
-31
-41
-26
-11
21
44
38
19
20
34
53
46
34
42
38
35
38
31
36
50
41
27
26
7
-13
-44
-67
-98
-131
-142
-122
-98
-81
-46
-25
8
19
22
31
24
35
25
43
45
21
20
8
12
15
1
-19
-44
-62
-54
-53
-52
-37
-22
-21
-21
-25
-26
-30
-38
-39
-32
-17
-17
-10
-13
-9
8
16
19
9
-15
-26
-34
-45
-29
-18
-19
-30
-41
-42
-57
-60
-67
-73
-86
-93
-72
-65
-69
-75
-65
-50
-39
-6
6
-1
-15
-29
-40
-65
-70
-80
-91
-89
-86
-95
-99
-96
-88
-95
-93
-95
-90
-97
-113
-110
-110
-103
-98
-93
-99
-112
-117
-117
-119
-88
-47
-18
-3
4
18
30
38
23
3
-15
-32
-38
-34
-36
-42
-57
-73
-85
-96
-99
-99
-95
-88
-83
-71
-51
-32
-15
7
37
63
76
76
57
50
68
66
44
22
2
-28
-63
-95
-120
-130
-126
-123
-112
-107
-106
-103
-114
-104
-76
-60
-45
-41
-30
-12
-22
-31
-16
-29
-51
-48
-34
-16
7
13
-3
-16
-36
-61
-90
-113
-123
-143
-158
-179
-192
-199
-201
-197
-206
-207
-201
-188
-184
-150
-120
-93
-82
-90
-100
-98
-90
-116
-106
-107
-111
-137
-159
-170
-163
-159
-155
-139
-147
-149
-192
-217
-231
-241
-236
-223
-198
-197
-203
-201
-183
-179
-184
-181
-166
-178
-171
-173
-186
-180
-194
-201
-212
-201
-210
-217
-230
-250
-280
-302
-308
-309
-320
-305
-288
-300
-300
-287
-262
-237
-210
-167
-137
-134
-127
-148
-169
-170
-151
-136
-150
-201
-258
-299
-331
-353
-350
-337
-323
-335
-367
-394
-433
-427
-413
-401
-399
-386
-363
-351
-363
-381
-377
-373
-378
-368
-337
-320
-317
-317
-312
-310
-331
-336
-345
-355
-345
-357
-376
-382
-388
-366
-347
-334
-313
-315
-281
-258
-259
-252
-259
-242
-249
-237
-218
-238
-236
-247
-258
-245
-253
-256
-265
-301
-324
-342
-352
-347
-349
-334
-331
-333
-324
-327
-327
-334
-331
-301
-305
-292
-269
-262
-252
-226
-200
-193
-190
-195
-181
-181
-187
-197
-209
-238
-267
-271
-275
-267
-283
-296
-311
-307
-314
-333
-327
-315
-305
-291
-266
-244
-231
-227
-228
-228
-221
-221
-230
-219
-194
-172
-166
-158
-151
-149
-147
-150
-154
-169
-190
-185
-162
-148
-139
-127
-131
-143
-143
-137
-118
-90
-77
-79
-72
-60
-69
-85
-93
-87
-106
-134
-168
-195
-199
-202
-203
-218
-239
-236
-256
-282
-272
-255
-249
-253
-260
-259
-254
-237
-222
-207
-198
-185
-172
-155
-144
-132
-106
-97
-87
-75
-57
-48
-59
-59
-76
-85
-82
-84
-80
-74
-90
-107
-128
-152
-155
-174
-159
-141
-133
-136
-121
-103
-94
-89
-86
-104
-105
-100
-105
-84
-87
-99
-100
-115
-133
-151
-177
-191
-180
-168
-164
-163
-143
-121
-90
-62
-60
-50
-43
-44
-72
-70
-68
-41
-20
-28
-33
-47
-50
-40
-18
-8
-12
-23
-47
-76
-101
-113
-116
-124
-148
-175
-181
-210
-231
-214
-203
-199
-193
-198
-208
-210
-173
-133
-100
-61
-52
-49
-59
-78
-74
-61
-70
-81
-80
-81
-74
-74
-80
-87
-83
-104
-137
-176
-202
-196
-194
-167
-146
-124
-121
-111
-105
-115
-117
-129
-133
-139
-137
-138
-138
-150
-142
-110
-74
-53
-62
-76
-80
-96
-125
-132
-115
-96
-94
-100
-92
-97
-119
-130
-140
-136
-108
-84
-62
-38
-28
-2
14
42
39
17
-5
-11
-1
9
18
38
37
31
22
4
-2
-1
5
-13
-25
-34
-35
-52
-70
-80
-76
-56
-41
-38
-34
-38
-51
-46
-38
-20
-17
-10
-12
-34
-35
-54
-77
-84
-70
-60
-68
-89
-115
-114
-96
-63
-56
-22
1
1
-10
-36
-36
-26
-1
-1
-1
33
67
94
115
126
137
152
133
88
70
63
48
33
41
50
53
44
42
67
80
78
61
42
24
36
58
71
78
87
88
89
86
84
85
55
37
13
21
40
56
80
88
70
53
31
16
3
-20
0
31
61
105
152
191
222
209
187
164
163
156
153
173
171
171
158
177
196
209
213
198
182
156
117
76
43
4
2
14
28
29
14
3
5
5
-12
-18
-10
-5
-5
-22
-40
-62
-64
-56
-45
-49
-57
-55
-40
1
48
62
54
54
42
38
23
26
31
22
7
-15
-37
-45
-47
-57
-55
-53
-51
-50
-31
-11
-6
-7
-1
-25
-24
-24
-27
-28
-39
-37
-48
-42
-51
-69
-82
-74
-83
-72
-55
-55
-79
-93
-86
-105
-114
-122
-112
-105
-104
-124
-145
-143
-144
-143
-133
-132
-168
-205
-232
-250
-250
-266
-260
-242
-251
-242
-222
-221
-217
-225
-231
-240
-269
-285
-293
-286
-263
-245
-226
-220
-224
-237
-249
-257
-262
-262
-257
-252
-230
-220
-212
-219
-230
-222
-222
-227
-247
-253
-231
-199
-200
-249
-281
-305
-315
-309
-292
-280
-274
-277
-296
-324
-326
-326
-312
-279
-274
-271
-278
-277
-288
-294
-274
-249
-229
-234
-243
-259
-274
-274
-260
-255
-262
-284
-274
-276
-283
-279
-272
-235
-230
-244
-248
-241
-246
-241
-231
-216
-242
-274
-293
-328
-318
-295
-260
-231
-211
-217
-226
-246
-267
-264
-274
-280
-276
-269
-257
-242
-233
-225
-232
-240
-235
-235
-207
-208
-213
-207
-210
-215
-232
-221
-222
-228
-225
-221
-239
-256
-270
-284
-297
-300
-301
-309
-293
-270
-272
-287
-264
-263
-272
-282
-285
-296
-297
-288
-252
-199
-195
-206
-227
-236
-214
-230
-243
-260
-281
-281
-286
-291
-309
-309
-313
-303
-305
-306
-303
-331
-328
-329
-321
-320
-320
-318
-309
-305
-307
-322
-328
-331
-349
-360
-365
-346
-342
-346
-336
-317
-320
-341
-351
-345
-361
-405
-442
-461
-467
-463
-453
-439
-431
-420
-397
-380
-347
-323
-302
-300
-288
-291
-293
-285
-262
-241
-210
-191
-196
-211
-226
-234
-255
-259
-260
-260
-266
-276
-291
-296
-300
-270
-233
-214
-209
-208
-221
-211
-221
-224
-226
-208
-175
-163
-146
-169
-193
-201
-200
-197
-209
-217
-217
-213
-214
-217
-211
-200
-175
-156
-142
-130
-129
-139
-145
-142
-151
-146
-141
-133
-123
-123
-105
-100
-106
-108
-130
-145
-159
-175
-192
-203
-199
-179
-187
-196
-206
-209
-196
-173
-152
-157
-164
-157
-130
-102
-85
-76
-57
-54
-56
-53
-68
-77
-70
-78
-96
-124
-144
-159
-183
-208
-233
-245
-225
-222
-218
-197
-167
-164
-178
-186
-195
-212
-226
-196
-184
-170
-155
-127
-116
-146
-159
-147
-160
-163
-185
-193
-175
-169
-170
-179
-189
-213
-244
-259
-248
-242
-215
-189
-171
-145
-133
-141
-150
-158
-149
-151
-153
-154
-162
-176
-180
-188
-169
-166
-163
-160
-190
-213
-216
-220
-249
-257
-284
-292
-300
-298
-283
-264
-218
-212
-228
-239
-243
-236
-230
-214
-193
-190
-175
-150
-157
-168
-172
-172
-188
-202
-217
-232
-229
-211
-197
-212
-246
-256
-261
-262
-256
-264
-255
-230
-206
-179
-156
-153
-158
-177
-190
-206
-214
-208
-191
-185
-196
-224
-261
-291
-297
-266
-242
-227
-214
-205
-211
-218
-215
-209
-222
-226
-208
-159
-110
-81
-78
-78
-61
-66
-97
-123
-143
-149
-153
-135
-138
-156
-172
-196
-197
-224
-248
-270
-306
-322
-338
-356
-386
-395
-402
-412
-410
-399
-376
-356
-356
-355
-349
-340
-336
-331
-328
-309
-287
-265
-237
-230
-219
-225
-212
-214
-223
-222
-237
-252
-240
-213
-185
-176
-178
-174
-184
-183
-191
-177
-151
-160
-180
-210
-235
-268
-287
-284
-269
-275
-292
-302
-326
-331
-341
-335
-322
-328
-331
-331
-326
-319
-306
-293
-301
-305
-309
-288
-251
-219
-209
-226
-230
-237
-233
-245
-236
-213
-213
-201
-199
-181
-182
-182
-170
-168
-166
-165
-170
-168
-171
-162
-164
-163
-151
-154
-144
-130
-119
-95
-70
-52
-36
-26
-46
-70
-94
-106
-104
-108
-124
-157
-193
-204
-208
-210
-203
-195
-158
-116
-78
-44
-38
-13
-2
1
-9
-27
-36
-50
-37
-19
9
13
18
11
19
7
-12
-14
-34
-30
-38
-27
-24
-26
-18
-27
-33
-40
-49
-35
-29
-16
4
14
6
-15
-29
-32
-4
-2
-6
-4
13
14
6
-3
-25
-33
-30
-18
-7
-6
-19
-42
-70
-88
-87
-92
-91
-98
-91
-90
-88
-73
-62
-45
-16
-13
-3
23
37
42
32
24
32
32
7
-10
-28
-49
-61
-76
-95
-103
-95
-102
-121
-127
-135
-141
-154
-168
-165
-148
-136
-131
-118
-91
-78
-65
-61
-79
-95
-90
-78
-92
-110
-122
-136
-141
-127
-126
-132
-140
-132
-117
-107
-81
-76
-79
-83
-108
-135
-158
-165
-172
-175
-157
-154
-145
-127
-118
-128
-122
-89
-87
-98
-89
-84
-93
-105
-88
-96
-113
-109
-122
-132
-149
-149
-148
-147
-123
-121
-125
-140
-138
-144
-144
-119
-98
-77
-47
-30
-31
-42
-49
-69
-113
-134
-162
-162
-133
-124
-134
-148
-161
-187
-207
-207
-205
-206
-218
-235
-235
-226
-210
-198
-171
-141
-131
-127
-122
-113
-117
-144
-154
-153
-163
-150
-135
-147
-171
-165
-148
-167
-197
-208
-199
-175
-163
-161
-148
-146
-165
-175
-183
-202
-198
-180
-166
-164
-159
-131
-110
-100
-85
-71
-83
-97
-104
-109
-104
-102
-93
-86
-87
-90
-79
-69
-67
-67
-75
-71
-80
-90
-96
-93
-95
-119
-126
-123
-119
-123
-118
-114
-128
-142
-133
-129
-132
-126
-139
-140
-136
-129
-118
-120
-128
-139
-153
-164
-169
-195
-197
-190
-202
-196
-192
-191
-175
-166
-167
-161
-155
-147
-140
-125
-118
-127
-144
-153
-148
-146
-144
-140
-132
-145
-155
-148
-154
-148
-145
-176
-198
-206
-192
-169
-153
-154
-143
-148
-169
-158
-158
-158
-143
-133
-114
-100
-84
-70
-74
-87
-114
-108
-116
-112
-106
-106
-90
-95
-100
-126
-164
-188
-198
-186
-174
-163
-138
-127
-133
-146
-148
-140
-136
-115
-103
-85
-90
-96
-96
-101
-94
-84
-70
-64
-61
-70
-75
-83
-84
-100
-103
-106
-109
-99
-114
-126
-119
-110
-110
-109
-112
-110
-91
-83
-59
-23
-10
-4
-18
-46
-59
-55
-36
-21
-27
-40
-53
-67
-76
-73
-76
-77
-81
-77
-62
-45
-36
-28
-39
-51
-71
-99
-113
-113
-111
-103
-101
-108
-101
-90
-94
-102
-87
-87
-94
-105
-127
-138
-148
-153
-147
-136
-137
-126
-109
-73
-45
-54
-80
-108
-117
-125
-121
-95
-72
-66
-69
-70
-83
-105
-127
-118
-114
-125
-126
-140
-152
-146
-133
-117
-98
-82
-68
-48
-42
-54
-57
-87
-88
-85
-86
-87
-103
-100
-103
-116
-124
-127
-134
-156
-178
-171
-160
-162
-174
-179
-180
-186
-200
-185
-182
-187
-193
-201
-182
-152
-111
-90
-68
-63
-76
-85
-85
-95
-92
-79
-71
-64
-73
-80
-89
-86
-87
-91
-84
-98
-111
-114
-104
-91
-73
-57
-55
-63
-90
-106
-120
-118
-109
-99
-77
-53
-48
-68
-78
-80
-72
-43
-13
-7
-12
9
24
10
0
-6
-12
-35
-54
-51
-38
-8
16
40
34
26
24
21
7
-14
-16
-12
0
4
10
25
44
64
69
93
109
112
91
65
48
44
55
91
114
110
120
105
82
40
23
13
5
23
39
59
81
96
97
105
109
97
90
93
104
103
99
106
103
113
126
106
87
85
85
71
73
62
40
44
34
31
27
33
43
52
70
81
55
45
55
58
72
72
89
111
99
93
98
98
89
88
78
55
34
26
24
22
26
20
-7
-31
-43
-47
-54
-47
-34
-29
-1
15
25
23
23
26
33
41
39
30
-6
-59
-87
-107
-110
-129
-120
-107
-96
-104
-118
-111
-113
-85
-90
-97
-116
-117
-131
-140
-124
-87
-40
-28
-38
-60
-86
-74
-67
-60
-49
-66
-78
-72
-78
-68
-74
-66
-62
-79
-87
-111
-138
-153
-141
-107
-93
-93
-76
-90
-82
-75
-67
-38
-32
-51
-71
-69
-84
-88
-90
-104
-96
-76
-73
-92
-95
-96
-103
-117
-117
-116
-122
-119
-121
-127
-136
-139
-136
-162
-155
-153
-150
-134
-107
-94
-98
-98
-119
-121
-109
-97
-80
-66
-68
-90
-134
-155
-137
-117
-105
-95
-95
-112
-119
-129
-122
-92
-64
-48
-43
-42
-51
-54
-62
-67
-84
-86
-90
-82
-106
-129
-136
-130
-104
-96
-106
-92
-74
-58
-41
-32
-36
-26
-33
-59
-65
-50
-32
-27
-24
-23
-41
-56
-56
-38
-21
-12
-8
-20
-46
-69
-60
-48
-24
-3
10
-1
-26
-43
-61
-55
-42
-36
-42
-48
-57
-62
-71
-50
-15
12
1
1
-4
-15
-14
-27
-21
-29
-41
-61
-66
-64
-80
-78
-84
-91
-98
-99
-109
-104
-88
-72
-64
-64
-50
-28
1
18
38
57
83
104
83
66
50
36
39
26
8
-26
-22
-28
-24
4
7
17
12
13
17
17
34
38
57
51
38
40
38
49
50
83
82
67
54
38
61
66
71
61
61
53
26
24
4
-6
-11
-17
-31
-30
-39
-35
-34
-34
-26
-8
-15
-5
-2
-35
-43
-41
-24
-30
-20
-2
4
10
10
10
0
-11
-17
-38
-48
-58
-56
-48
-45
-55
-105
-140
-177
-218
-214
-220
-209
-193
-194
-224
-247
-252
-250
-211
-188
-159
-138
-126
-155
-178
-178
-175
-166
-144
-135
-151
-158
-185
-215
-221
-221
-205
-194
-199
-195
-198
-196
-208
-189
-197
-219
-242
-263
-261
-266
-276
-290
-270
-257
-260
-276
-300
-312
-307
-299
-279
-281
-277
-292
-303
-304
-304
-309
-306
-292
-301
-292
-282
-270
-267
-273
-272
-260
-265
-267
-255
-234
-216
-202
-212
-198
-199
-195
-182
-172
-153
-151
-150
-176
-199
-191
-171
-155
-146
-149
-140
-128
-131
-149
-154
-171
-170
-152
-133
-111
-107
-109
-128
-136
-140
-134
-125
-137
-145
-159
-180
-189
-200
-213
-217
-212
-197
-181
-160
-125
-70
-24
-8
10
13
11
12
-1
-12
-35
-54
-57
-47
-45
-37
-39
-38
-34
-29
-22
-14
-18
-12
-11
-33
-30
-49
-54
-68
-78
-86
-91
-89
-71
-59
-79
-86
-92
-101
-104
-71
-45
-29
-3
12
15
9
-4
-15
-24
-15
-13
-33
-43
-43
-46
-40
-17
-9
10
28
42
67
69
79
78
78
81
89
87
106
137
142
143
122
87
79
68
60
63
56
57
60
53
41
36
51
67
64
52
44
48
41
50
70
95
108
125
143
140
155
185
201
221
214
190
168
174
170
163
165
179
186
183
183
167
168
159
167
160
140
131
122
122
137
150
149
140
127
118
113
135
150
164
177
175
175
163
161
161
162
144
121
118
106
124
155
179
189
168
146
137
133
135
129
128
132
161
189
192
204
222
236
247
258
261
270
250
233
209
176
152
131
121
105
85
78
85
103
105
126
127
112
102
98
93
87
116
121
133
136
141
148
136
144
128
115
105
94
117
130
119
99
56
72
97
103
125
134
133
119
87
65
62
61
78
82
80
61
63
81
100
129
140
134
116
103
102
117
122
117
103
87
77
63
52
38
45
43
45
41
33
46
84
116
123
131
111
84
85
93
83
65
34
12
-2
-27
-32
-28
1
13
12
12
23
26
35
31
15
14
24
8
-12
5
17
29
44
63
65
60
56
43
50
75
79
96
96
79
78
74
61
38
19
39
43
12
-13
-28
-12
2
13
18
40
37
46
65
63
54
48
53
52
49
53
61
57
58
32
38
56
64
92
125
154
177
180
181
181
173
163
153
154
157
160
160
167
159
140
129
116
116
122
125
123
113
99
84
71
72
68
72
99
104
102
90
77
69
48
34
10
13
26
28
30
35
45
56
74
88
97
94
76
78
94
90
95
96
99
89
96
106
113
132
134
123
109
86
77
70
74
98
108
110
107
85
87
90
91
103
104
90
71
73
58
41
40
45
35
15
-11
-30
-42
-41
-29
-27
-26
-30
-58
-60
-52
-52
-29
-15
-5
-12
-26
-35
-16
11
28
46
38
15
-11
-32
-34
-24
7
14
-11
-27
-47
-53
-55
-75
-76
-75
-76
-87
-131
-144
-141
-126
-101
-102
-133
-147
-151
-156
-137
-101
-91
-117
-115
-140
-162
-162
-163
-159
-166
-175
-181
-174
-155
-125
-91
4
279
655
800
690
457
299
254
210
109
36
179
435
427
154
-245
-319
-285
-218
-313
-652
-698
-669
-536
-564
-908
-979
-946
-882
-794
-1062
-1124
-1090
-821
-584
-520
-476
-441
-279
-242
-326
-411
-406
-209
-4
79
147
173
231
294
324
228
173
207
315
298
258
195
205
174
95
-77
-337
-412
-396
-423
-364
-420
-485
-492
-568
-613
-714
-711
-660
-694
-645
-571
-618
-662
-618
-586
-512
-460
-407
-309
-281
-175
-116
-141
-197
-131
-151
-77
-17
60
24
7
44
17
-66
-122
-112
-89
-150
-122
-218
-317
-332
-425
-476
-614
-615
-522
-466
-465
-453
-522
-508
-540
-563
-563
-530
-438
-329
-313
-282
-312
-267
-242
-229
-236
-201
-109
31
93
133
76
49
20
-8
22
36
128
167
155
109
18
-66
-130
-171
-172
-194
-162
-118
-91
-138
-206
-262
-345
-349
-347
-350
-273
-200
-159
-129
-112
-124
-128
-114
-93
-93
-105
-65
-83
-142
-133
-146
-223
-267
-279
-284
-321
-318
-361
-430
-471
-531
-544
-602
-648
-625
-628
-590
-632
-706
-740
-757
-724
-689
-672
-583
-503
-386
-334
-266
-203
-150
-96
-86
-42
27
115
185
235
239
230
247
231
184
139
124
147
157
155
147
144
88
-8
-133
-226
-282
-340
-358
-340
-276
-221
-185
-166
-171
-164
-209
-271
-308
-267
-203
-138
-84
-4
62
82
26
-38
-67
-87
-125
-229
-287
-306
-307
-346
-421
-575
-658
-759
-839
-974
-1048
-1079
-1135
-1189
-1240
-1222
-1185
-1101
-1062
-1031
-1008
-926
-853
-731
-634
-477
-353
-212
-110
22
199
380
524
570
599
633
668
698
740
789
829
829
779
694
591
488
360
239
98
-29
-132
-276
-400
-504
-592
-674
-698
-713
-708
-721
-744
-776
-773
-711
-631
-540
-433
-295
-193
-90
-18
48
116
210
281
332
386
427
431
404
346
264
175
90
12
-84
-146
-200
-305
-447
-625
-780
-956
-1082
-1234
-1276
-1283
-1242
-1179
-1144
-1062
-961
-861
-768
-613
-432
-237
-80
109
283
459
630
795
986
1180
1352
1476
1596
1670
1642
1541
1412
1311
1235
1150
1015
845
673
517
320
92
-124
-292
-457
-637
-783
-889
-935
-945
-945
-956
-919
-845
-758
-674
-568
-433
-278
-144
22
227
418
578
694
841
920
979
937
908
858
854
763
656
515
410
286
84
-90
-370
-515
-773
-938
-1217
-1343
-1466
-1509
-1519
-1546
-1484
-1431
-1246
-1118
-918
-715
-509
-328
-162
95
316
549
772
1044
1344
1570
1746
1896
1992
2020
1957
1877
1782
1692
1582
1410
1223
988
789
563
314
49
-182
-388
-624
-835
-987
-1055
-1143
-1200
-1230
-1178
-1103
-964
-819
-655
-485
-303
-123
51
234
399
614
787
984
1073
1185
1175
1177
1106
1076
988
853
721
549
425
238
99
-97
-278
-531
-812
-1075
-1371
-1596
-1760
-1803
-1794
-1748
-1633
-1455
-1203
-957
-739
-543
-337
-66
191
368
534
750
1085
1384
1674
1897
2091
2268
2340
2336
2266
2181
2068
1897
1673
1411
1150
896
642
414
182
-13
-260
-479
-717
-941
-1162
-1344
-1422
-1487
-1463
-1428
-1276
-1135
-918
-742
-511
-329
-130
91
278
488
625
827
975
1124
1139
1148
1144
1125
1072
955
796
632
474
244
40
-180
-358
-590
-821
-1073
-1301
-1519
-1734
-1843
-1935
-1893
-1865
-1705
-1530
-1257
-990
-725
-456
-237
38
241
429
627
904
1185
1391
1605
1839
2094
2243
2257
2209
2115
2031
1807
1530
1195
910
642
326
46
-205
-337
-512
-699
-917
-1097
-1234
-1417
-1525
-1615
-1593
-1542
-1434
-1288
-1059
-771
-514
-235
-10
317
557
779
910
1068
1218
1315
1371
1383
1400
1367
1258
1111
975
842
693
445
173
-99
-342
-598
-877
-1167
-1421
-1623
-1839
-2013
-2097
-2067
-1987
-1920
-1778
-1549
-1275
-952
-656
-375
-78
229
491
697
968
1288
1624
1864
2068
2307
2571
2735
2727
2671
2573
2463
2242
1921
1591
1276
988
640
302
34
-141
-312
-555
-751
-909
-1022
-1148
-1268
-1326
-1317
-1254
-1170
-1021
-818
-602
-327
-58
240
551
847
1065
1205
1391
1564
1667
1677
1679
1677
1622
1493
1315
1148
1001
785
531
237
-27
-299
-605
-880
-1191
-1442
-1690
-1918
-2109
-2216
-2202
-2125
-2018
-1837
-1568
-1260
-924
-635
-301
2
348
657
831
1071
1319
1607
1801
1988
2232
2456
2641
2663
2641
2578
2469
2250
1910
1565
1228
896
513
116
-190
-417
-619
-858
-1055
-1169
-1235
-1336
-1448
-1454
-1436
-1394
-1340
-1200
-1040
-833
-562
-302
5
360
681
968
1161
1376
1516
1579
1556
1481
1474
1354
1247
1032
871
723
515
338
54
-151
-429
-663
-931
-1236
-1508
-1776
-1989
-2199
-2324
-2325
-2246
-2096
-1895
-1626
-1283
-884
-492
-196
108
419
725
929
1114
1319
1564
1781
1923
2102
2275
2478
2547
2529
2469
2318
2140
1832
1454
1063
723
375
-48
-402
-620
-782
-992
-1192
-1293
-1303
-1300
-1336
-1355
-1331
-1276
-1193
-1121
-997
-811
-539
-274
-2
282
662
1023
1275
1462
1621
1745
1744
1677
1593
1487
1319
1103
889
703
517
308
93
-150
-382
-652
-931
-1236
-1515
-1781
-2001
-2248
-2477
-2580
-2563
-2454
-2284
-1998
-1640
-1224
-815
-471
-152
134
439
697
867
1073
1299
1556
1723
1851
2027
2189
2324
2368
2343
2287
2231
2053
1718
1311
936
546
82
-380
-751
-1008
-1233
-1422
-1563
-1613
-1617
-1643
-1619
-1566
-1476
-1382
-1323
-1256
-1114
-894
-650
-449
-163
187
581
868
1089
1297
1465
1560
1503
1413
1273
1157
946
704
424
180
-23
-260
-488
-745
-908
-1127
-1325
-1619
-1837
-2097
-2322
-2517
-2675
-2710
-2684
-2517
-2319
-2000
-1631
-1184
-708
-345
46
422
815
1055
1224
1405
1542
1663
1710
1814
1907
2035
2128
2149
2145
2122
2072
1831
1532
1188
834
393
-126
-587
-971
-1295
-1602
-1792
-1912
-1914
-1893
-1812
-1706
-1580
-1430
-1283
-1193
-1111
-959
-787
-605
-432
-165
110
432
694
975
1217
1406
1528
1554
1552
1434
1293
1058
796
483
171
-107
-411
-713
-1023
-1247
-1445
-1617
-1826
-2051
-2237
-2421
-2529
-2660
-2706
-2668
-2551
-2397
-2163
-1783
-1353
-901
-520
-103
352
764
1071
1283
1480
1662
1812
1883
1917
1950
1959
1920
1850
1823
1794
1695
1471
1187
902
573
165
-294
-749
-1129
-1474
-1789
-2043
-2192
-2228
-2204
-2134
-2020
-1846
-1635
-1430
-1257
-1114
-920
-681
-489
-294
-108
131
354
580
795
982
1129
1253
1330
1324
1221
1074
872
638
339
-9
-355
-723
-1078
-1399
-1681
-1957
-2207
-2425
-2615
-2780
-2851
-2900
-2913
-2909
-2845
-2677
-2499
-2222
-1913
-1505
-1143
-774
-365
59
473
793
1057
1291
1519
1693
1834
1913
1969
2010
1976
1872
1769
1678
1523
1309
1029
708
353
-13
-406
-788
-1161
-1507
-1791
-1985
-2137
-2219
-2230
-2174
-2078
-1957
-1788
-1588
-1364
-1127
-871
-623
-388
-146
68
304
528
730
912
1023
1109
1173
1228
1173
1106
999
832
599
327
37
-263
-597
-908
-1246
-1543
-1833
-2058
-2306
-2552
-2723
-2824
-2874
-2888
-2843
-2686
-2449
-2209
-1894
-1501
-1069
-719
-353
27
407
749
1034
1291
1531
1735
1908
2017
2048
2086
2129
2144
2081
1980
1844
1637
1356
1041
683
283
-145
-582
-1012
-1438
-1768
-2008
-2171
-2287
-2329
-2281
-2178
-2045
-1871
-1643
-1435
-1233
-1032
-810
-591
-392
-173
65
317
561
790
978
1131
1275
1373
1395
1330
1206
1054
809
533
236
-54
-409
-792
-1145
-1477
-1753
-1989
-2218
-2447
-2666
-2794
-2837
-2864
-2863
-2785
-2604
-2378
-2086
-1764
-1350
-967
-569
-202
210
600
929
1214
1431
1634
1802
1945
2031
2056
2039
2022
1980
1890
1763
1589
1323
1023
737
371
-32
-438
-833
-1186
-1536
-1808
-2020
-2149
-2234
-2229
-2140
-2010
-1836
-1627
-1406
-1186
-968
-723
-479
-246
-3
248
485
711
927
1111
1236
1326
1422
1500
1480
1398
1274
1094
824
525
269
-56
-387
-746
-1062
-1395
-1686
-1942
-2194
-2439
-2601
-2684
-2726
-2702
-2620
-2427
-2201
-1901
-1549
-1137
-759
-418
-82
290
649
960
1233
1474
1667
1834
1981
2084
2134
2181
2175
2105
2019
1922
1795
1529
1207
887
538
158
-232
-600
-978
-1347
-1641
-1869
-2045
-2174
-2188
-2142
-2033
-1862
-1621
-1391
-1189
-990
-764
-519
-303
-80
128
327
519
735
936
1100
1203
1280
1326
1318
1247
1170
1002
758
468
191
-120
-444
-780
-1119
-1454
-1763
-2028
-2307
-2546
-2724
-2838
-2890
-2878
-2790
-2613
-2382
-2104
-1794
-1389
-983
-597
-223
163
549
894
1190
1425
1599
1751
1892
1978
2010
2022
2020
1977
1899
1790
1666
1449
1159
827
482
107
-278
-644
-1025
-1385
-1698
-1932
-2128
-2243
-2257
-2198
-2091
-1932
-1718
-1493
-1259
-1003
-749
-498
-248
-30
159
349
523
722
917
1046
1123
1204
1304
1319
1270
1189
1066
853
560
293
-20
-321
-674
-993
-1337
-1669
-1930
-2197
-2443
-2636
-2707
-2720
-2728
-2643
-2452
-2200
-1933
-1620
-1212
-809
-401
-40
332
686
989
1283
1508
1703
1849
1964
2058
2110
2138
2168
2185
2131
2039
1915
1693
1402
1102
783
412
-10
-403
-800
-1180
-1493
-1730
-1891
-2012
-2044
-2008
-1902
-1729
-1475
-1204
-930
-673
-430
-201
3
212
422
643
810
964
1131
1286
1416
1480
1516
1525
1459
1389
1256
1060
811
560
263
-81
-423
-791
-1153
-1467
-1757
-1989
-2240
-2408
-2473
-2523
-2494
-2443
-2274
-2029
-1754
-1403
-1047
-658
-257
122
501
838
1146
1414
1645
1832
1966
2110
2170
2207
2237
2227
2204
2111
2027
1898
1675
1402
1104
810
440
40
-332
-714
-1053
-1368
-1607
-1775
-1883
-1895
-1860
-1757
-1593
-1380
-1107
-874
-646
-401
-161
61
262
471
673
855
1011
1150
1278
1393
1479
1550
1535
1465
1391
1283
1098
851
577
277
-52
-404
-757
-1095
-1421
-1708
-1970
-2212
-2396
-2513
-2537
-2538
-2466
-2295
-2073
-1775
-1474
-1105
-724
-354
7
373
749
1080
1351
1599
1811
1993
2130
2208
2267
2291
2306
2269
2193
2071
1958
1810
1554
1265
962
630
239
-167
-566
-937
-1253
-1523
-1743
-1892
-1961
-1916
-1803
-1644
-1438
-1190
-933
-689
-439
-184
61
293
516
694
850
990
1142
1260
1344
1419
1476
1502
1466
1387
1295
1160
957
714
427
112
-229
-570
-899
-1227
-1548
-1827
-2095
-2336
-2484
-2571
-2595
-2535
-2366
-2149
-1853
-1493
-1089
-679
-298
48
394
732
1013
1267
1491
1701
1855
1956
2037
2094
2141
2166
2165
2126
2052
1958
1821
1594
1327
1041
732
351
-61
-469
-876
-1233
-1513
-1737
-1895
-1937
-1904
-1824
-1678
-1448
-1178
-901
-666
-417
-144
121
344
524
707
860
1004
1110
1210
1286
1350
1416
1429
1369
1297
1200
1068
883
657
427
129
-183
-535
-855
-1186
-1501
-1808
-2097
-2333
-2500
-2555
-2578
-2514
-2343
-2106
-1825
-1516
-1158
-774
-382
8
379
734
1051
1325
1544
1718
1851
1941
2009
2045
2046
2070
2080
2038
1985
1898
1760
1546
1301
1008
668
275
-134
-547
-956
-1313
-1600
-1839
-2004
-2068
-2035
-1915
-1741
-1515
-1256
-966
-692
-421
-156
71
288
489
691
851
984
1078
1146
1215
1265
1334
1362
1347
1297
1224
1112
949
740
487
190
-146
-510
-891
-1252
-1588
-1902
-2198
-2455
-2623
-2705
-2723
-2669
-2539
-2310
-2034
-1719
-1329
-918
-518
-135
253
620
919
1187
1403
1574
1712
1832
1925
1951
1978
1989
1987
1952
1924
1865
1724
1510
1254
977
669
300
-91
-469
-854
-1214
-1554
-1836
-2048
-2139
-2136
-2091
-1961
-1763
-1511
-1242
-985
-720
-432
-182
41
220
400
571
711
831
913
978
1044
1080
1090
1072
1023
945
851
688
504
287
38
-241
-557
-900
-1242
-1556
-1872
-2164
-2422
-2614
-2746
-2801
-2765
-2642
-2426
-2139
-1792
-1414
-1017
-623
-216
156
502
771
1011
1202
1379
1542
1638
1711
1746
1758
1762
1772
1736
1669
1565
1453
1301
1058
798
512
157
-217
-601
-1005
-1367
-1689
-1958
-2188
-2326
-2357
-2319
-2205
-2003
-1730
-1420
-1101
-800
-498
-225
40
244
418
579
716
856
907
959
999
1025
1049
1033
981
904
808
629
384
146
-115
-379
-677
-1010
-1310
-1611
-1866
-2124
-2389
-2607
-2748
-2827
-2854
-2786
-2598
-2334
-2001
-1600
-1180
-757
-346
67
424
732
1007
1215
1389
1516
1629
1711
1731
1735
1727
1699
1669
1616
1535
1434
1292
1094
863
588
214
-192
-586
-979
-1363
-1690
-1952
-2188
-2351
-2399
-2386
-2283
-2108
-1849
-1536
-1232
-924
-615
-312
-59
181
369
538
651
718
774
821
888
923
947
931
885
838
748
600
428
248
25
-258
-605
-945
-1281
-1638
-1959
-2267
-2549
-2787
-2964
-3066
-3104
-3022
-2849
-2576
-2269
-1911
-1487
-1086
-683
-288
132
508
765
951
1118
1269
1392
1460
1486
1484
1493
1514
1473
1411
1341
1267
1123
919
690
449
142
-233
-633
-1028
-1395
-1718
-2000
-2244
-2408
-2484
-2472
-2415
-2296
-2096
-1800
-1485
-1199
-884
-594
-295
-72
131
302
430
558
645
686
700
745
790
779
721
668
581
462
298
103
-125
-401
-687
-1002
-1329
-1683
-1994
-2280
-2538
-2774
-2968
-3073
-3121
-3072
-2961
-2756
-2485
-2169
-1791
-1384
-976
-591
-208
146
460
743
973
1147
1274
1363
1390
1401
1375
1355
1340
1323
1290
1233
1130
947
735
494
249
-68
-452
-835
-1221
-1580
-1906
-2190
-2416
-2598
-2639
-2586
-2478
-2303
-2080
-1794
-1520
-1215
-910
-619
-339
-89
134
324
456
554
650
725
775
814
840
801
755
697
615
486
318
122
-113
-377
-690
-986
-1335
-1678
-2008
-2315
-2615
-2869
-3036
-3149
-3204
-3194
-3074
-2879
-2609
-2294
-1905
-1484
-1069
-640
-231
117
417
673
863
1031
1187
1309
1375
1417
1426
1418
1389
1346
1278
1215
1134
991
800
562
265
-86
-461
-844
-1214
-1574
-1887
-2157
-2388
-2532
-2565
-2536
-2439
-2276
-2062
-1804
-1525
-1205
-906
-623
-369
-115
97
255
371
466
558
606
659
691
685
661
620
562
485
355
216
29
-213
-480
-748
-1043
-1356
-1668
-1963
-2250
-2561
-2816
-2980
-3083
-3122
-3082
-2940
-2735
-2473
-2121
-1739
-1351
-956
-553
-163
202
536
803
1029
1227
1413
1510
1542
1565
1586
1581
1556
1513
1453
1356
1218
1019
799
574
298
-53
-440
-823
-1216
-1567
-1887
-2168
-2412
-2556
-2597
-2594
-2512
-2359
-2114
-1830
-1512
-1204
-878
-581
-314
-77
117
300
452
579
666
748
809
844
830
790
762
734
652
518
353
158
-102
-404
-718
-1032
-1376
-1733
-2054
-2373
-2682
-2909
-3070
-3191
-3279
-3248
-3125
-2928
-2628
-2280
-1908
-1496
-1080
-672
-306
40
387
671
892
1057
1225
1364
1413
1445
1442
1450
1414
1391
1335
1256
1158
989
772
503
218
-117
-499
-903
-1288
-1659
-1999
-2299
-2535
-2695
-2755
-2739
-2658
-2523
-2322
-2041
-1762
-1461
-1146
-837
-542
-272
-57
157
328
450
547
637
716
763
795
775
728
680
598
476
344
165
-57
-299
-594
-910
-1264
-1637
-2004
-2344
-2652
-2904
-3105
-3261
-3330
-3344
-3283
-3147
-2947
-2675
-2345
-1966
-1532
-1109
-719
-352
12
398
680
911
1116
1319
1448
1489
1504
1519
1554
1547
1502
1439
1337
1237
1089
867
590
288
-34
-414
-818
-1235
-1579
-1889
-2187
-2442
-2603
-2656
-2628
-2545
-2396
-2154
-1847
-1512
-1202
-892
-579
-283
-12
208
397
562
698
796
881
943
1000
1027
1019
980
910
845
718
547
328
92
-211
-537
-881
-1241
-1597
-1916
-2234
-2512
-2758
-2946
-3087
-3185
-3181
-3108
-2946
-2724
-2424
-2072
-1693
-1270
-839
-422
-28
365
710
979
1206
1394
1548
1649
1696
1717
1739
1749
1718
1655
1544
1413
1299
1132
893
637
348
3
-405
-846
-1270
-1627
-1954
-2246
-2475
-2619
-2683
-2656
-2547
-2378
-2120
-1820
-1498
-1204
-913
-625
-317
-60
180
398
608
786
916
1009
1072
1123
1136
1131
1089
1029
947
828
641
416
145
-151
-480
-825
-1208
-1599
-1957
-2291
-2605
-2876
-3073
-3196
-3271
-3284
-3186
-3033
-2818
-2525
-2198
-1816
-1389
-955
-538
-156
228
608
921
1146
1327
1502
1656
1734
1771
1793
1788
1762
1694
1592
1450
1302
1139
903
595
289
-25
-402
-835
-1263
-1624
-1930
-2228
-2473
-2627
-2703
-2665
-2551
-2376
-2147
-1854
-1522
-1196
-894
-592
-263
33
285
517
725
898
1021
1111
1162
1199
1225
1240
1214
1131
1028
885
714
470
200
-115
-442
-787
-1157
-1510
-1874
-2180
-2487
-2783
-3034
-3190
-3257
-3277
-3239
-3111
-2887
-2622
-2330
-1967
-1571
-1148
-701
-297
78
438
816
1122
1336
1510
1669
1811
1896
1911
1898
1889
1873
1813
1687
1520
1316
1086
770
416
68
-285
-685
-1127
-1553
-1925
-2234
-2478
-2673
-2764
-2778
-2688
-2541
-2333
-2060
-1740
-1372
-1037
-717
-388
-47
248
494
706
892
1054
1192
1312
1380
1426
1452
1437
1369
1279
1162
1011
801
540
262
-77
-445
-814
-1191
-1588
-1957
-2276
-2562
-2822
-3012
-3130
-3191
-3210
-3144
-2989
-2794
-2537
-2190
-1792
-1390
-985
-552
-121
281
644
998
1309
1544
1731
1919
2102
2189
2213
2211
2191
2115
2013
1868
1663
1409
1156
841
465
111
-235
-604
-1017
-1390
-1714
-1993
-2250
-2432
-2525
-2558
-2507
-2373
-2194
-1967
-1676
-1333
-946
-611
-279
68
370
612
813
1017
1183
1317
1446
1537
1578
1596
1571
1509
1372
1223
1051
827
567
259
-43
-414
-776
-1156
-1510
-1872
-2182
-2460
-2713
-2883
-3013
-3047
-3053
-2959
-2826
-2604
-2381
-2074
-1753
-1425
-1052
-669
-248
101
480
814
1184
1477
1709
1899
2053
2161
2169
2164
2096
2014
1875
1715
1492
1249
1001
717
394
31
-294
-633
-993
-1386
-1719
-2007
-2232
-2395
-2494
-2504
-2453
-2292
-2090
-1849
-1575
-1256
-916
-585
-294
25
339
607
824
1008
1171
1317
1457
1520
1554
1539
1529
1463
1338
1178
992
774
498
212
-113
-443
-805
-1153
-1507
-1839
-2096
-2324
-2488
-2636
-2728
-2744
-2716
-2657
-2567
-2432
-2269
-2061
-1827
-1551
-1227
-837
-435
-15
377
727
1091
1434
1753
1983
2160
2290
2370
2354
2280
2193
2085
1941
1715
1475
1212
963
680
325
-31
-345
-623
-897
-1193
-1451
-1630
-1777
-1904
-2020
-2066
-2030
-1914
-1751
-1537
-1289
-988
-672
-361
-79
197
480
709
926
1104
1251
1409
1494
1555
1565
1569
1544
1493
1359
1173
1003
805
575
289
-22
-356
-679
-1019
-1319
-1591
-1809
-1964
-2093
-2184
-2274
-2298
-2304
-2288
-2233
-2149
-2008
-1853
-1643
-1439
-1204
-950
-632
-276
62
388
723
1059
1381
1701
1913
2071
2141
2185
2180
2101
1962
1805
1643
1422
1175
914
664
401
142
-114
-337
-553
-766
-1011
-1249
-1435
-1584
-1666
-1740
-1763
-1734
-1625
-1499
-1335
-1134
-907
-644
-394
-124
129
402
657
880
1067
1208
1306
1361
1375
1370
1352
1310
1231
1090
952
812
628
407
131
-139
-394
-646
-906
-1121
-1286
-1428
-1531
-1635
-1703
-1781
-1786
-1785
-1785
-1785
-1736
-1662
-1575
-1455
-1328
-1174
-1016
-775
-522
-221
80
417
738
1036
1315
1565
1744
1819
1859
1846
1843
1747
1627
1477
1309
1131
954
808
647
501
333
151
-41
-182
-306
-465
-652
-815
-907
-990
-1067
-1131
-1146
-1116
-1058
-964
-840
-690
-520
-304
-93
104
298
489
670
821
926
1007
1040
1042
1012
994
965
912
853
749
606
459
321
158
11
-146
-306
-494
-683
-846
-967
-1074
-1188
-1280
-1353
-1410
-1445
-1465
-1483
-1485
-1463
-1416
-1334
-1234
-1127
-1013
-869
-707
-511
-257
-4
242
442
658
859
1047
1200
1286
1320
1345
1368
1328
1271
1159
1055
942
843
754
638
527
414
313
193
79
-64
-215
-395
-585
-742
-874
-986
-1089
-1184
-1235
-1244
-1179
-1072
-973
-830
-680
-506
-340
-178
-23
134
261
355
419
476
531
560
586
567
567
557
531
464
380
305
234
133
-6
-146
-288
-414
-574
-715
-864
-991
-1098
-1208
-1310
-1381
-1428
-1497
-1539
-1602
-1628
-1635
-1597
-1539
-1479
-1389
-1304
-1175
-1033
-842
-644
-416
-200
7
225
429
618
739
845
926
1000
1062
1086
1078
1031
969
905
842
760
642
514
380
245
90
-65
-224
-390
-588
-810
-1009
-1172
-1302
-1395
-1474
-1517
-1489
-1431
-1337
-1229
-1093
-935
-774
-631
-505
-350
-182
-23
100
215
318
396
480
534
591
649
725
763
744
699
642
566
453
335
173
-7
-202
-383
-558
-727
-878
-999
-1136
-1246
-1345
-1405
-1438
-1489
-1515
-1537
-1541
-1560
-1567
-1580
-1532
-1427
-1290
-1150
-981
-778
-522
-240
31
307
573
856
1086
1271
1407
1508
1610
1684
1701
1662
1572
1453
1310
1132
943
769
589
383
178
-1
-170
-356
-576
-783
-985
-1160
-1305
-1439
-1536
-1622
-1639
-1621
-1580
-1513
-1413
-1289
-1139
-957
-758
-537
-310
-63
167
378
571
759
923
1047
1153
1241
1277
1261
1180
1083
969
821
667
478
287
62
-138
-343
-513
-671
-813
-967
-1120
-1240
-1334
-1402
-1508
-1611
-1707
-1775
-1830
-1853
-1866
-1837
-1778
-1688
-1591
-1457
-1247
-966
-657
-345
-35
284
571
817
1069
1306
1496
1592
1609
1586
1537
1457
1359
1207
1030
880
721
564
392
220
51
-102
-257
-428
-585
-764
-936
-1138
-1340
-1535
-1691
-1810
-1901
-1962
-1976
-1905
-1801
-1635
-1424
-1185
-918
-610
-303
-23
235
494
723
909
1066
1181
1264
1283
1259
1221
1189
1139
1040
933
827
689
529
359
176
-8
-199
-386
-579
-773
-971
-1166
-1343
-1482
-1610
-1712
-1799
-1855
-1860
-1841
-1778
-1718
-1603
-1518
-1418
-1262
-1077
-884
-717
-548
-347
-153
22
197
368
577
748
909
1049
1167
1240
1273
1280
1251
1228
1178
1080
927
778
640
526
366
193
4
-174
-348
-522
-675
-835
-958
-1097
-1212
-1308
-1350
-1378
-1365
-1330
-1299
-1214
-1091
-942
-769
-590
-413
-202
-16
177
361
526
676
812
953
1045
1112
1152
1155
1151
1111
1046
980
878
758
610
439
278
92
-86
-269
-424
-582
-723
-867
-1006
-1126
-1218
-1276
-1321
-1327
-1302
-1251
-1222
-1189
-1131
-1068
-1022
-980
-946
-917
-849
-743
-627
-515
-394
-259
-122
22
128
280
447
588
699
798
867
880
876
817
765
689
595
496
375
248
140
52
-47
-130
-211
-277
-340
-393
-439
-481
-514
-569
-636
-708
-778
-839
-903
-937
-936
-914
-866
-782
-658
-496
-324
-136
45
214
359
493
609
731
812
862
870
848
831
783
744
713
656
558
449
350
277
195
101
14
-76
-144
-220
-300
-395
-466
-542
-596
-651
-710
-755
-805
-815
-839
-834
-846
-845
-841
-812
-799
-779
-741
-712
-675
-634
-540
-446
-357
-287
-210
-129
-24
87
182
289
377
482
550
606
630
662
689
683
681
676
671
624
561
495
457
433
371
302
204
100
15
-68
-161
-268
-368
-480
-579
-653
-708
-730
-723
-694
-633
-546
-443
-352
-256
-141
-18
115
234
334
428
520
606
679
730
761
802
835
860
852
848
842
814
764
727
663
583
491
395
303
167
61
-83
-215
-347
-438
-507
-593
-665
-739
-791
-841
-869
-905
-905
-910
-903
-919
-909
-895
-883
-861
-837
-767
-704
-614
-547
-439
-319
-153
2
141
282
410
547
655
783
871
945
1014
1062
1059
1043
1024
990
953
870
795
726
674
588
509
404
320
236
140
44
-75
-164
-268
-376
-490
-570
-665
-724
-717
-680
-626
-554
-449
-326
-196
-62
92
247
414
549
710
839
945
1020
1083
1124
1151
1178
1165
1173
1129
1077
1016
940
840
744
630
525
413
269
121
-25
-135
-250
-346
-428
-489
-550
-603
-660
-725
-764
-801
-808
-803
-787
-782
-741
-692
-655
-632
-608
-551
-512
-433
-367
-277
-168
-46
48
151
267
378
514
609
722
798
889
960
1006
1028
1021
1015
966
936
888
825
730
633
533
452
360
262
167
72
-6
-100
-173
-257
-318
-397
-469
-527
-578
-616
-642
-647
-636
-609
-550
-459
-354
-219
-78
93
266
428
556
661
774
838
907
967
1023
1058
1054
1037
1010
965
904
834
772
713
636
552
426
295
172
68
-65
-202
-327
-475
-597
-706
-794
-854
-882
-910
-919
-947
-936
-906
-872
-824
-782
-736
-671
-589
-524
-442
-365
-295
-229
-167
-120
-48
26
122
206
276
341
396
471
550
604
630
642
644
681
674
667
668
655
613
543
462
367
288
209
126
62
21
-14
-50
-78
-115
-146
-157
-178
-175
-206
-241
-284
-313
-318
-338
-336
-323
-284
-236
-169
-69
49
166
285
401
492
577
659
721
759
782
799
794
779
739
723
708
695
682
652
616
582
547
500
451
382
306
220
138
41
-50
-133
-226
-308
-351
-377
-387
-395
-421
-418
-428
-408
-380
-335
-317
-309
-282
-261
-219
-238
-247
-280
-285
-288
-275
-264
-254
-226
-215
-168
-142
-97
-57
0
42
80
117
180
246
298
370
425
474
479
502
523
577
635
684
699
669
622
570
518
446
391
321
272
197
113
23
-40
-101
-158
-223
-310
-372
-411
-431
-439
-421
-402
-335
-248
-150
-31
94
234
407
580
722
866
976
1061
1127
1186
1217
1231
1223
1214
1206
1161
1114
1058
998
891
795
684
577
449
314
174
4
-149
-278
-406
-542
-638
-725
-762
-794
-803
-813
-784
-739
-678
-611
-586
-530
-479
-408
-322
-221
-155
-62
8
55
77
96
125
149
182
186
223
289
321
302
280
232
229
226
227
227
218
227
238
259
253
250
246
249
249
251
224
182
148
115
84
49
33
5
-6
-9
-12
-6
-1
28
45
69
113
159
182
178
174
199
232
273
308
346
394
424
458
474
482
485
483
485
495
493
502
508
497
468
423
383
339
292
238
171
83
12
-37
-93
-150
-201
-262
-310
-357
-406
-439
-477
-495
-491
-471
-473
-468
-442
-414
-389
-358
-319
-260
-196
-154
-116
-102
-102
-102
-106
-134
-146
-163
-203
-239
-270
-271
-269
-257
-266
-269
-264
-253
-206
-156
-107
-75
-41
-22
15
43
83
141
196
242
289
326
373
427
473
531
556
582
598
584
536
522
501
451
404
349
326
298
267
234
210
193
176
173
171
189
220
237
252
272
279
334
362
394
428
459
511
527
541
552
578
611
626
605
565
530
497
463
423
375
323
275
208
150
118
104
82
33
-21
-52
-61
-65
-61
-81
-85
-53
-30
-3
18
51
101
137
178
226
266
314
353
372
404
419
416
413
404
379
325
280
224
178
118
62
-3
-80
-149
-226
-287
-336
-354
-362
-389
-414
-403
-376
-351
-280
-244
-200
-130
-59
1
80
181
285
379
460
566
655
745
785
808
832
845
848
839
813
756
681
615
543
452
392
312
262
183
95
21
-56
-118
-177
-224
-269
-287
-312
-319
-325
-321
-281
-224
-173
-129
-47
38
112
177
243
316
366
407
434
453
459
423
420
398
379
376
362
367
396
417
418
397
365
321
280
246
209
214
223
237
225
201
163
104
69
16
-15
-32
-42
-71
-97
-115
-157
-204
-261
-303
-340
-343
-346
-370
-386
-402
-423
-431
-432
-414
-385
-346
-334
-299
-257
-211
-139
-76
-32
-2
37
85
135
175
205
257
329
386
439
493
531
552
579
585
590
585
580
539
500
448
412
386
327
277
201
150
109
43
-7
-56
-105
-131
-153
-173
-200
-227
-249
-241
-224
-233
-227
-215
-204
-172
-129
-74
-28
45
115
190
245
307
388
441
482
509
539
541
544
540
520
521
496
446
404
359
274
224
170
133
107
77
39
-19
-55
-107
-153
-231
-297
-360
-399
-434
-489
-539
-589
-599
-594
-576
-561
-555
-563
-557
-542
-517
-461
-420
-375
-306
-251
-200
-151
-114
-66
-26
8
51
68
75
84
110
139
182
220
241
281
320
332
334
318
297
287
255
232
199
191
170
149
139
132
166
204
214
201
226
211
195
181
179
185
191
198
212
219
221
245
267
285
316
362
393
406
401
405
432
439
406
376
367
347
338
295
261
247
246
239
201
200
212
210
208
220
212
204
206
214
209
222
244
252
249
233
234
245
251
269
280
271
265
269
280
269
253
255
231
199
184
173
151
125
102
69
41
-1
-29
-58
-89
-99
-132
-158
-159
-146
-128
-107
-81
-45
-5
5
32
66
112
162
231
296
364
416
467
526
562
568
601
624
622
630
646
664
670
673
669
664
648
618
599
571
534
500
468
436
399
378
361
352
317
286
262
251
249
247
256
261
290
330
387
424
447
471
486
498
499
508
514
522
537
558
605
654
705
738
746
749
756
754
726
692
650
617
584
546
497
454
415
370
332
288
246
227
209
212
234
263
302
313
320
334
321
311
310
309
318
335
341
352
357
349
339
336
342
365
382
390
420
449
497
534
549
544
534
516
487
450
417
384
365
338
302
284
279
297
316
339
339
340
340
360
406
444
442
472
499
507
521
553
575
559
571
589
615
629
628
632
633
630
620
617
637
632
615
597
559
531
495
462
425
388
373
342
324
300
286
293
288
301
315
315
306
319
337
356
355
343
324
303
299
298
305
298
307
320
318
319
315
327
326
311
299
285
263
232
190
140
112
97
82
49
32
-7
-34
-53
-46
-63
-101
-115
-112
-78
-60
-46
-63
-70
-69
-50
-35
-27
-19
-2
-9
2
-12
-16
6
35
86
150
202
207
219
238
290
302
314
326
335
339
344
358
371
370
352
353
355
352
341
325
304
308
304
282
255
244
243
244
245
233
234
241
235
214
217
220
226
202
201
211
214
226
249
286
315
345
372
376
383
389
406
397
380
359
338
337
313
299
293
293
283
277
269
266
267
271
256
218
190
168
142
103
66
33
1
-8
-31
-48
-33
-11
11
39
54
50
46
48
39
16
17
21
28
59
82
84
83
84
111
139
164
182
196
213
227
229
219
215
244
300
342
348
350
363
386
395
415
444
464
463
458
436
431
409
398
390
368
350
327
327
319
285
248
222
213
198
207
211
226
238
226
228
232
239
253
284
292
299
309
339
365
380
368
369
361
350
353
350
349
341
314
317
317
332
349
338
338
328
335
340
355
351
311
264
225
188
157
143
136
110
82
50
26
18
25
41
47
70
81
85
92
111
105
119
139
148
181
199
240
261
277
284
315
348
377
417
442
462
475
489
507
519
535
539
532
531
508
494
474
464
466
443
421
391
374
343
304
274
255
235
214
221
191
188
173
166
168
164
176
183
167
149
154
177
184
195
227
222
221
221
228
236
250
277
265
245
198
180
164
151
144
147
165
157
149
132
100
88
95
112
118
108
96
84
81
85
93
89
72
57
31
5
-9
-15
2
19
12
24
45
101
165
205
237
243
251
231
225
210
177
151
120
113
114
112
118
150
182
190
166
152
140
133
151
155
143
130
111
81
66
67
85
106
102
111
104
108
127
131
125
112
97
96
74
29
1
7
34
45
46
55
58
71
79
74
73
81
96
115
128
126
127
119
105
79
55
47
31
34
25
29
53
50
36
-10
-27
-27
-14
6
-2
-10
-10
-16
-35
-23
-3
19
13
13
23
58
79
78
40
11
21
43
72
105
129
144
155
155
147
138
155
162
180
183
172
161
166
157
153
171
181
189
182
174
172
169
164
133
108
78
66
64
43
37
37
73
71
54
38
42
30
33
52
45
58
79
108
132
154
169
166
141
135
176
223
248
256
256
244
258
260
236
240
240
261
267
273
271
252
248
244
244
223
208
200
181
193
187
167
159
148
110
80
55
44
23
18
41
51
93
107
123
126
155
214
245
258
274
317
354
368
387
417
451
465
448
434
427
429
446
469
466
444
441
438
405
355
305
274
245
228
195
170
141
110
101
89
94
94
113
125
126
126
123
122
124
143
149
159
163
170
187
210
237
273
306
303
317
312
317
321
339
344
340
329
320
322
312
311
295
274
239
216
209
184
150
133
120
113
107
80
54
44
32
8
-14
-31
-64
-84
-66
-58
-50
-39
-12
-1
-11
-21
-4
27
43
51
60
61
68
75
69
88
99
118
118
106
102
114
116
115
112
116
141
151
138
120
124
132
136
105
69
49
45
46
57
60
59
55
32
8
-7
2
2
28
47
44
34
19
17
29
25
34
54
53
74
96
106
91
64
55
70
77
86
92
83
85
83
59
24
-6
-37
-48
-40
-31
-18
-38
-55
-69
-102
-97
-103
-136
-156
-179
-158
-154
-146
-155
-170
-157
-137
-133
-123
-108
-98
-85
-92
-111
-154
-150
-146
-163
-176
-169
-152
-132
-142
-134
-108
-96
-77
-74
-55
-59
-66
-54
-66
-86
-94
-98
-73
-51
-60
-91
-121
-115
-85
-41
-13
-2
-10
-17
-3
4
15
30
40
51
46
53
61
79
94
92
85
73
66
57
61
65
50
19
-12
-21
-8
-22
-15
2
-3
-16
-48
-73
-75
-56
-54
-50
-51
-48
-40
-26
-30
-42
-59
-78
-78
-96
-97
-102
-97
-93
-89
-112
-117
-106
-111
-117
-110
-113
-120
-121
-127
-124
-86
-56
-61
-63
-65
-53
-66
-77
-99
-115
-117
-118
-120
-122
-136
-124
-96
-93
-114
-149
-119
-107
-105
-107
-100
-103
-118
-111
-108
-92
-104
-105
-109
-108
-84
-82
-64
-52
-55
-80
-94
-105
-114
-119
-120
-109
-105
-103
-92
-89
-92
-94
-82
-75
-71
-46
-43
-50
-61
-68
-75
-86
-105
-107
-99
-84
-80
-85
-93
-120
-153
-190
-196
-209
-215
-218
-247
-240
-228
-213
-214
-184
-173
-169
-155
-157
-168
-193
-205
-207
-204
-208
-210
-220
-222
-223
-218
-216
-226
-228
-240
-228
-223
-242
-242
-244
-229
-244
-227
-226
-218
-226
-209
-194
-198
-220
-244
-235
-234
-223
-223
-217
-199
-198
-207
-198
-226
-235
-255
-272
-278
-281
-294
-297
-314
-330
-311
-309
-313
-311
-297
-283
-281
-274
-281
-290
-283
-291
-297
-318
-363
-372
-367
-358
-328
-311
-285
-266
-241
-241
-249
-257
-265
-258
-261
-271
-291
-318
-338
-346
-336
-327
-333
-345
-344
-343
-338
-340
-334
-357
-381
-383
-398
-399
-381
-356
-345
-357
-373
-375
-374
-370
-356
-321
-305
-313
-321
-334
-332
-337
-344
-364
-398
-409
-434
-442
-442
-419
-404
-398
-396
-405
-410
-411
-407
-414
-414
-434
-454
-451
-444
-443
-472
-497
-509
-505
-490
-500
-493
-496
-507
-523
-570
-560
-552
-547
-542
-529
-510
-508
-493
-486
-479
-473
-458
-460
-475
-474
-477
-501
-516
-528
-516
-508
-499
-502
-507
-476
-454
-439
-431
-457
-511
-547
-555
-543
-570
-573
-576
-580
-568
-575
-558
-533
-516
-495
-478
-455
-423
-432
-457
-475
-475
-469
-452
-453
-460
-431
-408
-387
-398
-439
-465
-462
-438
-440
-458
-475
-469
-470
-471
-478
-477
-453
-425
-401
-393
-396
-430
-455
-467
-466
-463
-481
-481
-482
-470
-462
-462
-457
-442
-424
-403
-385
-381
-393
-424
-442
-461
-464
-458
-458
-460
-461
-472
-476
-478
-487
-493
-490
-484
-486
-499
-505
-507
-499
-492
-487
-482
-484
-494
-482
-475
-473
-453
-454
-437
-436
-403
-353
-332
-320
-346
-371
-369
-358
-359
-367
-351
-327
-305
-308
-317
-331
-342
-347
-351
-365
-389
-413
-434
-457
-462
-462
-466
-484
-483
-461
-447
-421
-411
-436
-465
-471
-474
-467
-478
-494
-503
-503
-506
-509
-501
-469
-451
-426
-412
-403
-392
-405
-404
-414
-429
-437
-427
-422
-403
-363
-345
-341
-352
-380
-398
-408
-398
-377
-370
-377
-396
-432
-464
-485
-485
-466
-487
-513
-522
-516
-503
-495
-501
-487
-478
-469
-486
-521
-545
-528
-505
-515
-523
-503
-500
-516
-493
-485
-473
-491
-532
-562
-578
-559
-540
-506
-470
-452
-431
-408
-380
-359
-346
-338
-328
-335
-356
-370
-362
-335
-323
-322
-312
-308
-302
-303
-314
-324
-334
-357
-360
-362
-362
-347
-359
-372
-390
-394
-420
-425
-431
-462
-465
-478
-455
-440
-426
-417
-395
-382
-366
-354
-358
-339
-324
-319
-347
-364
-356
-340
-342
-361
-383
-369
-314
-306
-321
-323
-308
-295
-303
-311
-326
-349
-368
-385
-388
-368
-350
-335
-343
-343
-339
-320
-328
-339
-323
-325
-334
-367
-394
-407
-410
-392
-390
-400
-402
-391
-372
-362
-358
-336
-313
-290
-302
-312
-296
-280
-267
-278
-265
-238
-228
-225
-240
-257
-261
-242
-209
-205
-217
-215
-202
-205
-206
-199
-178
-158
-137
-135
-152
-177
-189
-224
-254
-250
-225
-194
-177
-178
-185
-168
-164
-173
-189
-205
-204
-198
-181
-169
-159
-167
-167
-170
-187
-187
-184
-151
-144
-133
-132
-140
-151
-173
-197
-197
-167
-148
-147
-170
-187
-210
-220
-214
-202
-176
-136
-124
-142
-147
-168
-167
-165
-170
-182
-199
-207
-210
-214
-202
-182
-184
-175
-205
-256
-276
-287
-283
-290
-282
-259
-243
-198
-172
-146
-152
-144
-121
-118
-123
-136
-149
-178
-186
-187
-154
-109
-69
-62
-70
-84
-93
-103
-119
-116
-120
-97
-67
-49
-39
-50
-54
-53
-50
-57
-51
-1
17
21
15
4
1
2
1
-23
-10
3
23
48
62
76
76
51
37
34
39
28
20
4
-34
-30
-15
10
3
19
51
64
84
68
37
36
61
63
31
16
8
11
-21
-45
-33
-46
-40
-41
-41
-35
-25
-34
-60
-72
-44
-12
-17
-18
-43
-56
-63
-71
-85
-102
-90
-67
-66
-72
-78
-64
-51
-70
-100
-98
-82
-54
-54
-87
-92
-94
-98
-90
-61
-61
-72
-85
-87
-85
-87
-77
-68
-65
-66
-70
-88
-109
-130
-137
-144
-111
-70
-47
-46
-53
-77
-119
-135
-140
-139
-137
-120
-108
-84
-67
-48
-36
-14
16
32
31
24
48
44
19
18
28
33
15
-7
-21
-33
-43
-38
-49
-65
-75
-69
-80
-81
-79
-85
-77
-76
-76
-94
-77
-60
-70
-82
-81
-72
-68
-61
-66
-62
-73
-63
-40
-36
-6
10
9
-8
-14
-19
-44
-49
-54
-25
4
23
21
2
-1
12
35
40
48
62
31
-12
-44
-80
-82
-77
-72
-57
-58
-59
-48
-39
-41
-41
-22
0
33
43
22
-7
-28
-23
6
53
69
73
77
86
117
130
136
138
134
134
132
131
157
184
187
177
158
180
192
194
189
191
218
243
260
249
230
214
200
189
172
170
180
167
131
111
105
118
156
157
164
182
213
195
173
140
122
138
135
145
168
202
236
276
284
268
278
297
301
280
261
263
264
259
254
254
262
253
240
228
228
222
228
232
229
223
209
191
174
149
147
179
189
196
202
214
205
201
194
145
132
144
159
157
160
158
181
191
186
190
163
173
196
182
161
186
217
234
250
262
270
284
314
297
276
269
281
306
327
332
319
308
307
318
309
301
305
317
331
325
312
291
256
226
227
243
237
240
233
233
234
250
259
229
235
237
216
197
192
213
242
259
279
273
263
255
277
293
284
280
272
264
255
228
210
219
233
245
255
268
293
310
294
286
274
269
279
273
256
224
198
163
156
152
168
181
178
177
157
151
156
161
133
100
96
100
104
90
79
76
88
97
84
76
65
67
50
43
38
59
83
110
124
124
122
100
83
62
60
83
111
126
121
120
93
62
7
-14
5
9
29
10
-3
-28
-42
-33
-34
-51
-74
-67
-49
-34
-33
2
18
5
8
12
11
17
37
49
57
70
79
69
67
67
55
46
44
54
72
68
67
55
37
34
34
5
-28
-63
-70
-54
-65
-68
-86
-93
-85
-46
-13
8
27
23
18
-7
-16
4
32
46
33
30
59
91
81
67
45
29
35
37
27
4
10
25
44
52
83
100
105
124
131
133
114
92
68
46
9
2
-4
-8
-17
-17
-2
6
23
30
27
32
15
-6
-13
5
24
30
15
-6
6
16
21
39
56
62
73
79
72
72
69
67
74
66
55
42
48
39
30
33
13
-21
-38
-53
-58
-28
-4
7
15
10
14
6
8
8
18
36
46
35
21
31
34
50
66
84
103
124
150
166
166
141
132
127
111
113
96
105
100
94
103
113
138
155
154
155
165
155
139
124
122
139
148
155
149
148
142
162
180
194
184
170
167
164
152
124
117
109
116
132
152
196
221
223
209
217
212
211
226
223
260
279
282
288
301
314
308
308
323
347
354
359
345
338
339
339
339
320
324
316
317
316
312
328
309
312
323
320
304
281
273
250
236
225
234
221
227
242
264
291
297
296
276
279
296
310
340
360
347
342
319
305
310
319
343
340
343
321
326
335
335
344
352
357
344
345
357
356
367
378
369
364
374
387
382
378
376
334
305
297
285
256
239
253
261
260
239
234
229
230
250
271
302
323
313
292
276
253
223
214
205
211
206
196
191
159
139
124
134
120
118
132
125
132
130
112
97
103
89
105
143
182
184
177
168
152
136
127
127
147
156
146
146
155
154
152
142
129
126
117
132
143
150
134
105
76
63
57
56
63
69
81
93
113
141
154
165
176
166
196
244
234
209
182
182
203
211
219
233
230
218
225
245
249
226
210
179
169
155
141
131
110
111
137
154
165
164
186
212
209
195
172
144
130
126
124
143
154
171
171
166
142
105
97
121
144
142
156
143
129
135
133
154
178
211
235
239
218
182
137
133
136
133
142
145
140
141
151
152
145
151
155
156
171
159
130
116
122
114
125
124
130
158
158
132
120
125
127
138
150
168
189
200
204
203
197
187
184
177
188
213
233
252
266
270
248
234
243
268
269
274
277
262
238
208
198
175
188
207
204
192
191
208
232
239
221
210
185
174
186
179
162
156
160
192
204
209
227
248
275
286
299
300
305
307
298
304
269
245
241
232
243
258
266
280
298
305
284
249
244
254
259
292
303
302
280
258
228
218
212
221
248
253
269
292
302
306
290
290
296
288
284
258
257
275
267
260
242
260
268
255
280
290
300
302
286
259
230
203
164
163
196
220
246
253
264
262
236
241
229
234
236
208
211
209
215
226
268
280
273
256
249
253
263
279
279
287
278
273
256
225
212
219
228
229
220
227
248
268
296
311
302
297
307
307
320
323
331
325
313
327
346
363
380
399
394
394
405
404
406
377
350
331
312
295
265
262
264
269
286
305
315
302
284
281
275
262
236
230
229
235
243
260
286
305
313
326
324
336
333
312
316
316
319
327
300
284
311
342
374
377
390
386
378
374
367
364
358
350
318
297
277
274
291
303
287
290
304
286
271
252
264
260
228
185
155
153
160
153
154
170
185
180
194
199
189
178
187
195
217
226
226
251
285
311
320
331
347
344
326
303
318
323
313
318
288
282
267
267
289
320
362
334
307
274
269
271
276
304
303
295
283
271
247
256
275
291
292
286
293
303
300
304
297
283
271
253
249
259
284
298
310
324
332
353
353
343
358
365
364
346
308
312
314
305
338
384
406
417
430
429
441
453
459
441
415
419
392
357
351
351
354
367
392
405
417
420
415
392
366
361
366
365
364
361
354
353
344
368
398
420
433
443
458
434
422
391
370
358
350
350
346
375
394
396
379
370
381
411
419
428
410
380
376
354
345
356
353
349
360
363
385
406
414
413
416
427
410
384
374
377
376
384
381
359
350
378
401
391
368
364
373
378
412
437
457
471
454
425
370
350
344
374
380
371
363
345
333
340
360
369
364
354
362
354
326
313
325
350
361
359
356
343
340
343
376
399
429
421
413
415
404
403
413
435
432
425
431
432
434
447
464
468
451
423
417
416
427
420
417
415
410
398
364
331
307
316
328
333
353
356
358
366
375
376
381
379
366
349
332
335
356
371
374
357
337
337
326
316
312
315
341
361
366
372
372
362
336
335
341
338
352
354
368
406
427
426
428
409
402
390
383
383
370
371
375
369
347
321
308
308
312
306
318
322
320
317
317
318
320
316
309
309
323
336
340
322
296
311
320
303
296
306
304
324
336
328
333
313
321
333
325
322
310
285
277
307
322
339
355
347
350
358
363
364
359
366
380
395
385
362
354
356
367
371
377
381
385
400
413
420
428
410
401
405
405
383
357
362
347
365
376
392
379
344
343
351
330
302
311
315
331
339
361
368
373
382
402
412
406
390
353
321
306
316
310
328
343
359
363
346
320
310
321
319
323
313
329
336
322
304
291
286
286
302
309
322
336
331
343
334
300
281
266
275
252
243
256
259
269
253
273
316
357
357
339
333
342
365
353
353
356
365
362
356
346
345
365
367
363
375
371
363
360
371
369
357
341
317
289
267
270
299
316
320
353
339
315
304
296
308
342
361
334
307
304
311
322
334
352
353
356
356
355
371
401
410
419
418
427
435
441
451
451
463
472
478
504
526
526
519
523
521
500
496
477
481
500
491
470
460
448
435
415
417
439
455
481
464
442
432
411
399
392
393
402
429
460
498
507
515
527
525
523
508
494
495
512
540
530
535
525
515
533
554
571
572
572
559
544
540
549
528
491
486
486
474
470
491
515
536
556
567
559
543
551
544
545
538
511
495
475
464
460
465
492
497
508
517
526
557
566
589
540
511
519
500
519
559
572
579
574
579
588
560
549
554
555
559
566
568
564
555
548
533
537
546
563
567
577
591
589
579
551
522
494
499
534
587
625
635
638
640
632
605
591
610
632
646
622
587
561
554
564
558
544
541
548
562
590
599
582
548
521
492
457
420
400
417
432
426
400
398
409
402
403
391
405
443
460
458
476
475
460
475
488
492
493
485
462
449
448
440
448
474
471
459
435
406
397
416
420
418
407
405
414
393
387
385
395
373
344
333
316
307
306
317
326
329
325
323
313
303
302
341
371
356
327
286
254
235
224
217
246
246
228
234
217
205
193
185
193
182
176
184
203
209
204
181
175
183
171
172
198
227
239
254
239
213
198
190
171
170
170
170
167
138
127
104
97
106
121
135
143
153
154
145
137
148
169
175
169
165
158
164
162
152
134
128
135
122
115
86
73
80
64
61
70
63
37
13
4
5
18
29
31
36
35
40
30
36
40
40
28
44
77
80
86
100
139
156
143
111
98
104
83
66
80
71
57
75
76
67
61
65
78
58
68
78
99
113
89
56
39
30
16
7
8
4
21
16
0
8
1
-27
-51
-56
-38
-14
-20
-18
8
-26
-75
-115
-127
-115
-95
-70
-63
-53
-67
-84
-94
-112
-115
-89
-51
-35
-34
-41
-64
-72
-72
-84
-76
-93
-126
-154
-166
-170
-166
-121
-107
-85
-59
-61
-46
-23
-31
-33
-30
-44
-58
-79
-89
-93
-85
-67
-83
-92
-108
-141
-152
-171
-156
-134
-121
-90
-82
-87
-81
-106
-120
-131
-150
-141
-126
-92
-67
-41
2
-5
-25
-41
-50
-67
-86
-98
-102
-121
-128
-102
-109
-115
-115
-101
-101
-86
-76
-58
-36
-68
-80
-99
-105
-112
-91
-76
-69
-53
-66
-79
-101
-103
-102
-91
-90
-60
-40
-41
-58
-65
-54
-71
-97
-109
-101
-84
-93
-95
-91
-76
-65
-74
-68
-40
-58
-85
-85
-83
-79
-72
-88
-102
-113
-153
-177
-159
-151
-153
-123
-118
-114
-131
-147
-143
-135
-122
-95
-73
-76
-59
-68
-97
-99
-97
-114
-134
-141
-147
-166
-182
-202
-215
-211
-225
-260
-255
-232
-198
-152
-137
-137
-144
-148
-152
-159
-172
-184
-172
-192
-200
-196
-193
-186
-172
-169
-188
-204
-193
-168
-159
-147
-132
-128
-157
-160
-157
-163
-166
-148
-149
-175
-170
-154
-143
-141
-139
-147
-142
-138
-130
-129
-116
-120
-113
-104
-127
-128
-110
-92
-113
-141
-146
-146
-154
-134
-98
-96
-120
-133
-157
-175
-192
-185
-166
-140
-121
-120
-104
-89
-98
-111
-128
-115
-103
-85
-71
-62
-69
-88
-68
-65
-83
-96
-65
-61
-79
-59
-34
-18
-22
-14
-18
-20
-8
-8
-18
-50
-85
-106
-111
-106
-94
-48
-28
-31
-50
-53
-56
-80
-103
-120
-106
-92
-57
-46
-36
-16
-11
10
36
55
59
67
36
12
21
24
4
-26
-22
-6
-4
-3
8
20
9
-10
-10
-13
-12
-3
11
20
9
16
30
27
32
45
23
3
-7
-4
-17
-16
-8
-7
10
12
0
-2
14
17
7
6
19
-1
-5
-11
-42
-52
-59
-63
-35
3
8
-7
-21
-48
-51
-32
-18
8
30
46
39
-11
-24
-22
-32
-37
-53
-46
-51
-50
-33
-46
-66
-70
-73
-74
-72
-63
-60
-67
-84
-72
-42
-44
-38
-10
19
26
23
31
32
29
16
-18
-21
-10
-12
-13
9
30
-8
-64
-87
-87
-100
-114
-93
-77
-53
-48
-63
-63
-59
-79
-96
-74
-52
-27
-30
-27
-26
-22
-32
-54
-34
-9
-3
-7
-37
-65
-112
-124
-112
-104
-101
-80
-56
-56
-51
-40
-40
-65
-103
-115
-113
-109
-81
-83
-87
-87
-61
-67
-73
-62
-58
-59
-50
-43
-31
-28
-41
-60
-68
-56
-78
-74
-65
-60
-62
-62
-49
-58
-102
-103
-86
-93
-79
-53
-21
-5
7
12
31
15
-2
-13
-16
-40
-67
-50
-24
-4
-6
-6
-37
-32
-13
30
67
72
63
48
40
18
22
54
56
37
50
62
86
72
50
43
37
26
42
73
92
142
162
144
133
117
94
111
127
142
161
170
172
158
131
115
125
158
178
155
158
178
175
176
165
153
123
105
105
119
140
132
117
110
129
156
184
217
220
220
206
177
150
131
149
164
171
175
193
214
204
217
255
278
280
274
257
245
257
246
242
238
231
243
230
213
238
286
298
296
306
287
265
272
277
298
305
284
260
246
266
251
240
247
265
260
234
207
188
187
190
207
214
224
212
217
256
272
295
299
296
283
271
249
247
257
250
239
241
261
264
273
292
301
305
309
305
284
268
265
270
284
297
296
282
269
258
248
231
222
219
240
222
208
205
207
206
211
216
189
184
195
232
224
205
181
186
182
171
176
197
215
230
232
234
218
187
169
152
148
142
161
177
183
174
157
151
158
151
128
122
124
114
125
141
140
148
154
168
164
157
156
151
136
123
121
124
114
122
146
146
153
156
137
135
119
99
106
102
77
62
49
59
65
68
83
92
84
72
70
64
76
73
72
63
86
123
133
133
130
115
88
86
68
60
44
32
36
41
22
-2
-16
-24
-11
20
36
50
68
59
47
43
28
-2
15
34
27
32
60
85
75
48
41
35
18
50
85
80
77
101
119
126
136
146
177
205
186
169
153
128
147
148
141
136
134
139
145
152
156
164
166
163
153
174
206
229
242
255
248
225
210
217
226
229
229
225
223
218
236
261
265
262
251
223
224
209
175
174
168
184
206
220
217
226
250
271
287
299
314
324
301
283
269
245
213
200
224
235
254
271
294
291
276
278
275
281
282
281
261
251
237
222
219
245
252
237
231
229
209
200
209
213
219
212
206
185
170
173
177
166
168
185
196
207
201
211
209
207
192
184
189
201
202
171
164
168
157
156
151
156
180
184
171
179
200
188
181
170
150
152
154
154
166
173
190
193
191
200
193
182
164
171
179
156
130
117
114
113
95
59
64
89
73
63
53
47
49
26
33
39
48
76
90
112
140
150
148
161
163
184
174
169
188
206
212
218
225
213
229
199
213
233
230
236
229
231
229
217
216
215
215
224
225
208
183
208
251
273
299
280
265
268
257
264
303
318
316
323
298
271
257
282
309
318
316
306
296
270
221
228
242
240
269
280
280
277
275
277
259
259
259
261
256
258
267
264
268
258
266
296
318
313
293
258
223
217
212
212
226
219
202
177
190
189
192
205
224
256
246
241
239
221
182
154
147
167
176
160
155
166
187
217
226
210
204
204
222
247
252
249
233
210
203
177
149
138
133
134
125
125
110
100
98
111
129
105
88
94
95
68
56
79
77
67
77
84
100
117
112
102
84
69
54
44
42
51
54
39
37
58
83
87
84
86
92
90
77
84
106
96
82
73
58
42
44
56
55
61
67
67
72
71
59
63
77
64
57
41
6
6
32
46
55
61
51
33
28
33
40
17
-4
-38
-56
-56
-56
-60
-41
-17
-9
14
23
30
42
25
4
-4
-15
-13
-15
-13
-6
1
-5
3
6
10
45
49
56
57
68
55
43
21
18
46
55
67
66
63
36
26
9
13
26
16
20
17
23
47
47
39
37
26
20
21
14
1
-5
-40
-37
-31
-18
-15
-21
-22
-12
-4
-8
18
23
16
-4
-5
-12
8
29
54
89
104
114
118
115
112
105
87
82
84
65
44
32
27
21
31
45
52
50
51
61
69
85
92
64
23
-12
-28
-61
-81
-74
-67
-26
-16
7
30
31
45
44
59
63
73
75
94
85
84
86
90
98
95
104
99
111
112
97
88
100
96
102
91
64
53
70
89
110
124
141
148
135
125
102
79
60
54
61
82
96
98
102
108
135
132
116
117
94
81
107
126
150
167
176
200
221
233
238
249
272
265
237
214
199
200
211
220
224
256
261
249
252
266
280
294
307
325
333
347
368
375
391
382
384
392
385
362
342
347
347
346
333
341
342
343
334
307
291
287
292
296
306
300
291
317
355
384
398
403
430
414
391
373
370
382
397
424
436
447
433
420
417
425
443
443
440
447
416
382
372
370
385
399
408
410
421
419
424
432
417
417
425
429
414
433
457
476
475
470
463
468
473
477
492
470
462
468
454
459
465
466
463
464
480
490
504
509
475
447
444
431
435
426
421
434
439
448
453
441
436
422
422
424
423
412
417
420
393
388
377
370
347
332
338
362
380
381
406
406
404
405
402
386
360
356
353
359
355
345
372
378
372
360
362
365
362
360
367
365
370
397
383
381
392
397
385
344
333
344
331
302
298
288
265
283
290
297
310
316
309
296
305
327
326
325
317
306
310
320
326
334
331
310
297
295
261
247
232
230
251
284
316
341
341
337
325
303
288
280
294
279
270
291
299
287
266
257
258
230
222
218
209
213
229
269
289
303
313
313
320
321
308
294
310
332
343
349
337
323
301
279
279
282
297
299
308
298
282
271
283
292
304
348
346
346
336
335
328
328
338
332
365
366
382
406
414
390
369
362
363
367
368
387
407
441
461
469
467
470
459
440
421
415
407
413
445
475
482
488
482
475
472
454
456
484
495
483
483
486
483
480
494
505
505
500
507
506
516
533
535
514
493
456
437
432
435
469
442
423
407
399
405
411
416
420
412
403
389
412
456
488
516
546
565
523
490
484
474
471
450
428
407
367
341
355
366
376
373
349
344
326
314
330
348
352
344
339
320
320
328
346
375
382
395
433
432
411
383
368
343
323
310
291
251
233
248
251
271
260
292
310
325
336
331
314
297
292
281
301
285
262
265
291
308
327
328
322
327
323
307
301
301
307
325
317
304
296
290
287
285
276
269
257
254
243
246
248
251
243
223
219
227
230
232
239
245
262
274
272
254
251
243
231
225
217
214
218
240
246
249
251
237
229
202
165
146
107
85
63
36
22
-1
6
25
41
63
72
65
71
75
77
84
54
35
41
30
6
12
17
23
33
28
8
-5
-9
-9
-22
-40
-45
-77
-83
-76
-79
-78
-65
-49
-46
-62
-79
-74
-92
-111
-109
-109
-110
-108
-103
-103
-96
-129
-159
-153
-147
-159
-179
-191
-204
-222
-214
-196
-197
-196
-194
-174
-184
-189
-175
-179
-173
-179
-176
-187
-186
-175
-186
-200
-198
-196
-206
-232
-238
-241
-243
-243
-263
-265
-272
-273
-255
-256
-248
-235
-246
-251
-244
-230
-252
-265
-272
-274
-273
-266
-240
-224
-215
-219
-222
-219
-226
-220
-227
-231
-228
-215
-171
-133
-117
-133
-159
-176
-195
-196
-183
-171
-161
-164
-177
-178
-176
-182
-172
-131
-101
-114
-118
-132
-153
-188
-244
-252
-229
-193
-167
-179
-185
-163
-141
-159
-174
-174
-187
-171
-140
-128
-119
-123
-137
-144
-143
-134
-128
-124
-138
-162
-167
-193
-209
-199
-185
-169
-144
-128
-141
-139
-133
-139
-148
-138
-140
-138
-143
-144
-147
-138
-142
-145
-140
-122
-113
-116
-111
-121
-105
-91
-81
-85
-93
-118
-162
-161
-137
-136
-163
-165
-160
-171
-191
-202
-201
-218
-222
-218
-239
-258
-272
-286
-292
-292
-280
-277
-265
-238
-237
-232
-211
-182
-155
-165
-179
-176
-169
-177
-195
-209
-214
-206
-211
-200
-195
-195
-210
-222
-222
-221
-209
-219
-217
-226
-239
-236
-235
-229
-222
-222
-241
-238
-246
-254
-283
-298
-290
-311
-309
-322
-337
-340
-332
-324
-324
-310
-319
-336
-358
-376
-372
-374
-349
-323
-295
-296
-273
-251
-218
-199
-202
-208
-219
-247
-285
-291
-302
-279
-277
-285
-275
-283
-250
-235
-230
-225
-232
-241
-262
-283
-302
-297
-298
-297
-308
-334
-354
-344
-357
-345
-325
-322
-339
-358
-354
-350
-336
-331
-339
-338
-332
-363
-387
-393
-372
-341
-332
-303
-288
-290
-297
-277
-260
-278
-273
-299
-287
-280
-271
-238
-247
-237
-230
-238
-254
-258
-274
-293
-301
-293
-270
-274
-274
-273
-283
-285
-273
-261
-268
-275
-260
-242
-241
-236
-234
-211
-197
-222
-238
-239
-237
-212
-187
-172
-156
-174
-186
-174
-154
-124
-102
-80
-101
-131
-166
-202
-228
-210
-178
-166
-140
-158
-160
-154
-146
-137
-149
-153
-157
-170
-152
-124
-125
-122
-111
-109
-102
-106
-90
-77
-75
-74
-85
-101
-122
-134
-111
-89
-83
-92
-100
-111
-135
-131
-89
-55
-33
-30
-47
-63
-54
-28
-11
3
-12
-22
-32
-44
-37
-33
-18
-6
6
-14
-24
-32
-36
-29
-15
17
28
24
37
58
64
62
56
58
42
5
-29
-22
-5
28
52
64
66
64
69
80
109
117
102
85
73
49
50
66
75
77
55
46
34
21
9
-22
-16
-10
13
23
10
14
9
-1
10
15
13
8
19
34
28
9
-27
-56
-55
-33
-4
-7
-18
-40
-47
-32
-33
-35
-22
4
11
18
2
-18
-30
-18
-5
-2
0
8
14
-7
-24
-27
-2
-9
-6
-15
-30
-52
-81
-87
-71
-57
-66
-82
-95
-82
-77
-75
-70
-46
-42
-54
-66
-93
-112
-119
-139
-143
-125
-132
-144
-146
-166
-190
-180
-160
-155
-132
-126
-119
-95
-91
-88
-107
-102
-85
-71
-63
-69
-84
-94
-91
-88
-95
-102
-107
-126
-131
-132
-118
-119
-110
-114
-146
-168
-177
-184
-168
-164
-176
-172
-170
-188
-197
-196
-173
-156
-138
-151
-177
-189
-220
-243
-243
-222
-198
-161
-172
-169
-161
-144
-124
-96
-85
-100
-90
-104
-107
-110
-128
-139
-149
-150
-156
-174
-187
-175
-160
-149
-160
-176
-176
-169
-186
-180
-200
-232
-252
-250
-250
-226
-218
-229
-226
-209
-191
-171
-160
-175
-182
-177
-173
-183
-172
-180
-184
-190
-165
-167
-179
-184
-175
-166
-160
-158
-153
-156
-167
-165
-173
-170
-173
-183
-210
-237
-251
-250
-246
-214
-198
-189
-180
-199
-195
-171
-148
-147
-149
-168
-207
-238
-232
-227
-231
-222
-205
-204
-198
-210
-203
-192
-175
-157
-159
-143
-146
-151
-138
-126
-124
-116
-112
-121
-122
-103
-88
-93
-95
-90
-102
-104
-103
-120
-126
-129
-134
-142
-150
-170
-167
-150
-149
-120
-105
-104
-103
-110
-124
-127
-116
-117
-117
-104
-86
-77
-75
-82
-100
-104
-119
-136
-136
-141
-138
-121
-93
-78
-90
-86
-71
-73
-97
-107
-112
-96
-84
-100
-116
-121
-103
-97
-83
-102
-134
-151
-165
-159
-158
-156
-151
-163
-175
-198
-202
-215
-228
-199
-193
-190
-199
-200
-177
-175
-174
-172
-177
-158
-153
-157
-153
-149
-147
-135
-133
-126
-118
-92
-83
-95
-92
-80
-65
-100
-99
-108
-115
-106
-120
-127
-113
-108
-117
-106
-104
-98
-97
-91
