272
269
295
289
286
273
293
318
327
343
332
345
352
367
362
348
367
374
377
388
402
398
406
407
391
395
379
398
396
408
404
386
382
360
337
336
349
330
318
329
331
358
360
352
357
375
389
359
347
346
359
376
399
392
386
376
365
367
368
381
391
360
386
359
337
315
302
315
308
336
326
337
338
327
318
301
291
287
285
291
290
283
266
270
245
215
213
200
185
177
170
195
218
209
216
221
222
214
235
240
229
264
266
297
337
363
398
435
441
447
479
503
500
480
471
467
461
463
465
438
436
429
424
406
409
418
431
426
437
438
434
425
404
410
407
410
403
413
430
409
411
418
443
456
443
443
419
423
416
401
386
354
346
346
344
319
315
341
336
347
341
319
313
310
309
301
304
306
276
268
256
243
249
238
238
220
222
206
186
190
195
200
214
218
222
226
237
232
228
219
218
230
231
229
207
208
206
202
199
205
198
172
180
169
150
147
133
106
75
65
61
55
42
57
58
43
45
36
26
27
22
13
14
3
-10
-22
-39
-53
-61
-62
-70
-74
-82
-82
-72
-79
-76
-73
-65
-60
-48
-56
-46
-48
-56
-56
-58
-54
-54
-59
-56
-46
-47
-20
-11
-28
-49
-63
-66
-59
-72
-71
-77
-80
-83
-83
-63
-76
-58
-71
-56
-32
-31
-21
-19
-15
-20
0
22
38
59
56
58
62
66
77
99
103
103
99
108
109
111
130
136
152
159
163
153
148
155
161
161
180
179
168
140
141
145
143
150
147
154
155
172
177
175
207
205
218
230
232
231
238
263
271
272
282
289
290
287
265
260
265
284
279
277
267
265
241
246
235
221
220
212
210
210
217
223
233
239
236
246
259
266
267
261
272
268
266
250
240
251
237
225
234
228
222
207
189
173
183
177
152
157
159
123
80
62
43
32
9
-7
-5
-8
18
31
49
69
71
68
39
30
37
38
27
36
61
53
49
38
32
19
6
-9
-39
-34
-51
-73
-90
-97
-88
-106
-104
-106
-97
-64
-63
-44
-56
-80
-85
-107
-123
-139
-139
-142
-136
-126
-119
-105
-119
-112
-149
-144
-132
-133
-119
-140
-132
-142
-143
-148
-132
-135
-131
-117
-99
-86
-67
-44
-38
-22
-26
-15
-15
-11
-18
-30
-36
-49
-53
-35
-49
-56
-60
-81
-102
-105
-88
-81
-79
-88
-101
-109
-112
-116
-117
-109
-124
-139
-159
-160
-168
-174
-174
-150
-155
-152
-142
-157
-157
-170
-177
-173
-168
-174
-191
-197
-185
-173
-182
-166
-159
-146
-145
-147
-154
-170
-171
-187
-182
-201
-199
-198
-178
-186
-186
-177
-172
-173
-169
-183
-191
-177
-186
-163
-159
-129
-133
-130
-132
-137
-135
-136
-140
-136
-136
-132
-113
-115
-119
-106
-92
-85
-69
-68
-58
-55
-54
-45
-41
-55
-72
-83
-88
-84
-85
-77
-76
-69
-56
-69
-63
-65
-65
-66
-77
-66
-65
-70
-66
-69
-78
-96
-106
-118
-120
-124
-128
-130
-158
-160
-156
-151
-169
-177
-184
-204
-215
-232
-224
-217
-210
-219
-223
-209
-229
-225
-221
-227
-212
-216
-202
-209
-216
-226
-230
-237
-223
-207
-212
-210
-216
-221
-228
-235
-216
-211
-215
-197
-200
-186
-163
-144
-137
-131
-133
-150
-156
-148
-136
-126
-104
-102
-99
-110
-108
-106
-114
-127
-139
-160
-178
-192
-200
-188
-188
-172
-167
-150
-152
-152
-155
-163
-168
-176
-175
-177
-164
-167
-162
-166
-139
-145
-151
-140
-140
-131
-117
-99
-123
-120
-108
-91
-76
-85
-83
-84
-79
-67
-70
-60
-48
-43
-51
-45
-37
-33
-11
-6
18
23
40
49
47
73
93
113
116
122
116
112
124
137
159
161
155
162
156
162
148
154
155
148
139
118
97
89
88
94
98
97
87
68
69
55
45
57
45
36
18
35
45
49
40
40
31
13
11
-22
-24
-25
-20
-20
-31
-12
-32
-30
-16
-12
6
15
5
1
6
-29
-47
-78
-100
-93
-110
-101
-94
-99
-101
-92
-132
-134
-95
-81
-80
-71
-70
-67
-64
-77
-91
-100
-113
-116
-102
-108
-71
-83
-105
-83
-69
-62
-55
-36
-9
-16
-19
-30
-28
-25
-3
18
15
17
23
38
45
52
72
87
99
98
89
67
61
69
59
79
72
73
101
75
78
87
95
117
109
106
106
91
90
84
61
77
47
23
9
12
31
24
12
-2
-3
13
15
3
-1
-14
-8
-10
-7
-12
-4
0
24
37
27
20
25
15
17
32
46
39
46
52
56
71
64
69
35
19
17
13
-3
-2
-5
-9
-15
-20
-39
-46
-45
-44
-37
-29
-33
-27
-12
3
19
16
16
26
21
19
20
33
43
50
66
74
71
60
55
50
59
41
57
47
58
34
19
26
20
15
4
4
8
-9
-27
-39
-68
-61
-53
-57
-73
-64
-80
-86
-96
-115
-115
-117
-99
-106
-91
-96
-115
-118
-141
-153
-176
-197
-195
-197
-211
-215
-193
-177
-154
-167
-168
-157
-157
-157
-177
-209
-211
-222
-228
-255
-266
-273
-271
-258
-284
-273
-281
-292
-286
-283
-280
-295
-301
-299
-316
-321
-323
-298
-308
-300
-285
-265
-280
-271
-267
-269
-245
-229
-210
-215
-234
-231
-238
-233
-205
-235
-228
-230
-210
-192
-163
-155
-154
-137
-123
-108
-122
-106
-77
-40
-33
-22
-12
-7
27
14
18
33
38
37
47
39
30
34
39
61
42
54
48
39
28
6
-4
-10
5
6
21
24
61
71
96
95
89
109
102
110
137
134
147
157
164
165
147
162
166
166
153
161
164
171
170
145
160
172
168
160
163
168
186
183
183
181
176
180
180
185
188
191
200
210
229
242
256
268
270
255
252
268
252
249
243
246
270
253
243
253
251
242
258
244
244
243
222
216
212
190
173
160
162
189
178
196
184
174
174
174
175
190
187
205
228
236
249
227
236
224
215
196
203
198
207
240
254
273
264
272
281
303
311
300
317
317
346
338
321
345
343
355
381
387
401
413
403
403
401
388
395
394
376
383
369
369
363
348
352
364
364
365
363
368
361
354
346
321
320
312
312
303
292
292
302
305
310
302
277
258
249
237
219
214
218
208
209
214
212
206
204
205
226
208
201
218
228
237
237
247
259
280
272
283
274
275
253
263
260
264
244
227
243
257
282
281
289
287
283
276
272
262
242
248
254
258
272
266
277
269
261
259
259
268
273
281
293
303
312
290
261
287
284
303
316
302
325
326
305
299
308
331
323
321
317
318
319
307
291
291
294
287
263
259
261
231
226
208
191
191
174
171
167
161
175
179
185
179
186
175
179
168
152
175
179
173
140
149
143
124
123
124
124
125
120
103
89
67
76
60
45
35
9
17
23
20
29
20
8
13
18
26
21
18
21
17
33
24
9
16
2
1
12
-5
0
-4
-13
-5
-22
-24
-25
-46
-50
-62
-65
-72
-67
-62
-71
-73
-78
-86
-85
-83
-105
-112
-107
-99
-100
-115
-104
-85
-78
-78
-74
-68
-77
-91
-91
-104
-114
-121
-140
-145
-149
-163
-169
-150
-145
-128
-125
-129
-149
-170
-187
-205
-204
-201
-193
-201
-184
-183
-203
-201
-203
-220
-213
-206
-182
-177
-167
-146
-152
-136
-130
-141
-164
-176
-184
-196
-170
-175
-189
-194
-191
-188
-190
-180
-171
-163
-176
-176
-177
-192
-189
-190
-190
-179
-170
-163
-141
-130
-123
-135
-131
-119
-114
-121
-127
-124
-122
-102
-118
-112
-116
-115
-116
-111
-101
-103
-110
-132
-143
-159
-166
-163
-181
-201
-179
-158
-149
-153
-159
-155
-162
-161
-167
-149
-157
-143
-136
-122
-117
-152
-164
-179
-190
-210
-220
-229
-225
-241
-245
-242
-254
-260
-268
-259
-256
-239
-250
-248
-246
-238
-234
-224
-206
-207
-191
-181
-168
-167
-154
-168
-190
-197
-202
-206
-213
-215
-213
-216
-232
-231
-236
-247
-236
-241
-254
-246
-240
-233
-223
-236
-242
-238
-225
-222
-222
-223
-232
-225
-228
-233
-233
-237
-226
-231
-241
-240
-237
-245
-249
-259
-259
-250
-229
-199
-185
-190
-206
-213
-196
-189
-185
-165
-159
-134
-119
-115
-109
-114
-110
-105
-96
-92
-87
-93
-95
-84
-89
-71
-41
-20
-12
-16
-18
-19
-5
8
14
31
29
36
33
26
31
32
27
24
14
23
55
55
62
78
86
88
86
89
82
69
77
78
76
75
90
86
97
104
93
97
99
116
115
102
85
81
77
78
86
102
94
84
70
52
41
37
48
51
47
50
40
30
32
29
27
19
20
23
26
34
23
23
6
18
24
23
36
33
36
36
38
21
10
8
3
12
15
-5
3
-13
-31
-30
-16
4
11
25
32
31
37
39
41
47
48
56
51
56
78
80
95
118
138
159
162
157
163
159
160
153
158
165
178
203
207
224
238
258
241
245
244
248
274
281
299
307
318
324
341
338
324
315
297
318
325
335
358
378
418
398
375
378
397
426
456
460
443
421
407
407
421
452
467
476
491
489
512
541
544
557
537
526
531
523
501
494
529
526
496
483
484
495
487
485
486
484
465
450
456
450
448
457
458
464
473
465
446
458
465
488
496
493
489
486
487
487
477
459
442
434
441
441
440
447
448
445
459
454
457
431
419
435
448
448
438
436
429
415
421
404
384
351
343
339
336
348
354
353
350
364
371
376
368
366
352
371
387
386
398
403
407
414
414
402
380
382
392
412
426
410
410
411
427
429
422
429
448
464
463
485
493
486
499
513
520
536
552
557
546
530
523
506
494
472
452
430
431
419
395
388
366
355
330
314
305
305
299
306
300
277
269
276
259
238
241
246
244
220
207
188
185
177
164
159
156
168
176
178
188
166
151
149
139
148
142
144
158
167
176
178
190
177
180
182
181
197
204
215
220
230
230
229
233
233
220
222
225
232
243
236
237
244
255
257
253
257
266
284
300
315
323
323
324
315
338
347
361
363
349
348
345
355
364
338
336
338
343
348
335
340
332
349
356
340
337
334
319
332
348
355
367
352
347
355
351
338
342
327
322
309
304
298
288
276
260
265
256
274
284
279
278
282
309
322
298
288
291
311
328
345
348
370
389
394
394
399
412
404
400
381
367
357
327
310
295
293
290
307
308
308
326
333
324
326
338
353
363
360
346
326
338
335
349
347
364
381
388
397
393
404
409
394
393
374
364
374
382
384
377
384
411
417
405
406
423
448
452
439
408
414
434
444
448
455
456
463
472
471
465
452
434
437
451
457
465
462
450
447
448
447
448
437
434
412
386
355
354
359
359
372
391
394
383
381
371
387
371
366
376
384
384
369
365
369
349
322
315
307
306
315
320
312
307
296
296
287
288
298
289
289
304
308
297
260
222
213
201
201
178
168
167
163
172
153
147
143
128
123
126
125
133
136
148
146
155
171
187
216
238
251
252
256
233
219
221
215
210
222
223
218
212
216
236
247
231
243
244
238
250
257
259
258
291
296
297
286
284
273
249
250
243
241
243
241
239
229
238
217
226
212
207
205
203
214
204
187
180
168
149
163
149
139
141
142
133
135
121
108
102
83
57
69
57
41
20
-1
-10
-4
3
8
11
-6
1
15
1
-8
-1
8
6
-5
-3
-3
-23
-28
-26
-46
-35
-33
-35
-35
-34
-23
-26
-27
-42
-46
-29
-21
-13
-21
-16
-6
-8
5
10
15
19
18
4
4
9
4
-8
-15
-17
-31
-55
-75
-86
-90
-90
-74
-66
-52
-42
-43
-43
-48
-54
-49
-45
-47
-19
-21
-12
-19
-24
-23
-26
-28
-39
-34
-51
-38
-44
-29
-29
-31
-35
-30
-11
-30
-36
-32
-27
-30
-22
-25
-27
-16
-6
-12
-7
8
8
9
17
21
20
40
41
37
30
14
16
25
6
-12
-39
-51
-50
-59
-70
-69
-62
-63
-58
-78
-105
-109
-128
-144
-131
-144
-131
-120
-118
-116
-130
-140
-128
-120
-120
-126
-131
-125
-126
-149
-171
-158
-156
-136
-121
-119
-128
-157
-167
-175
-187
-204
-202
-209
-217
-231
-231
-228
-229
-227
-240
-246
-240
-242
-237
-230
-228
-230
-218
-201
-201
-198
-207
-207
-186
-188
-183
-176
-188
-190
-199
-195
-174
-169
-179
-175
-175
-172
-168
-172
-156
-144
-145
-140
-133
-139
-155
-153
-161
-149
-131
-147
-144
-151
-140
-143
-145
-125
-114
-124
-137
-156
-184
-191
-205
-206
-210
-208
-194
-193
-180
-185
-201
-206
-208
-215
-205
-187
-179
-174
-166
-164
-171
-183
-173
-172
-187
-179
-167
-170
-158
-152
-168
-195
-207
-204
-199
-186
-180
-196
-212
-217
-219
-242
-247
-238
-242
-228
-227
-228
-228
-228
-213
-201
-203
-190
-181
-172
-163
-156
-159
-178
-174
-174
-193
-225
-249
-234
-241
-231
-239
-247
-230
-223
-237
-238
-240
-247
-251
-248
-233
-226
-213
-223
-232
-228
-239
-250
-266
-265
-264
-254
-239
-241
-242
-244
-236
-253
-248
-248
-245
-252
-258
-255
-264
-275
-272
-256
-258
-250
-253
-252
-246
-238
-235
-225
-200
-187
-165
-147
-143
-144
-140
-148
-158
-172
-171
-163
-161
-165
-172
-164
-157
-169
-177
-185
-202
-206
-217
-225
-215
-198
-187
-188
-182
-188
-177
-165
-173
-185
-205
-222
-234
-231
-240
-253
-263
-271
-276
-259
-251
-230
-236
-236
-238
-225
-240
-248
-228
-222
-208
-199
-189
-199
-201
-204
-196
-175
-167
-170
-157
-152
-149
-128
-123
-113
-114
-129
-131
-110
-91
-79
-64
-51
-38
-28
-31
-30
-39
-42
-37
-35
-19
-3
-12
-14
-23
-23
-19
-18
-7
-30
-33
-18
-12
-20
-23
-24
-26
-27
-42
-45
-45
-40
-60
-65
-72
-82
-103
-107
-103
-84
-97
-105
-117
-142
-155
-187
-193
-190
-190
-188
-164
-163
-176
-172
-175
-172
-159
-152
-148
-156
-158
-144
-129
-126
-127
-140
-129
-120
-116
-107
-103
-93
-72
-42
-47
-51
-56
-77
-79
-71
-54
-50
-46
-40
-48
-47
-34
-16
-4
-1
14
28
30
35
42
53
53
68
76
74
88
91
81
92
90
89
93
91
114
108
105
117
118
121
95
80
67
61
65
57
58
49
41
47
52
48
50
47
31
7
2
-14
-28
-10
-19
-44
-39
-43
-48
-58
-69
-49
-45
-54
-47
-35
-42
-45
-64
-80
-88
-96
-101
-104
-106
-130
-145
-144
-142
-141
-146
-137
-136
-142
-145
-154
-154
-158
-166
-166
-161
-135
-111
-94
-94
-79
-71
-67
-44
-35
-22
-11
5
13
-3
-14
-21
-26
-40
-43
-48
-34
-28
-35
-37
-48
-57
-61
-55
-37
-18
-14
-6
6
20
30
35
31
18
15
19
7
16
36
76
97
110
114
122
141
147
136
137
138
146
160
158
154
151
161
162
168
167
196
205
202
203
190
194
178
176
193
203
218
209
204
217
202
190
190
174
166
158
152
165
192
205
218
203
198
196
197
215
227
219
218
237
261
288
305
311
306
287
287
284
273
248
255
243
231
237
221
214
193
195
181
177
169
165
161
157
162
152
150
153
176
170
164
160
180
188
176
192
188
182
185
188
194
184
179
183
197
219
229
245
267
270
269
258
273
280
301
326
317
332
330
339
354
361
380
378
400
398
390
394
410
428
448
440
414
420
404
421
422
414
422
431
439
442
445
442
445
451
463
465
467
481
471
471
450
429
440
424
427
413
398
381
377
378
376
365
363
373
369
373
369
359
354
358
347
347
343
338
342
316
311
319
313
309
290
294
272
263
272
282
288
299
302
294
283
264
256
235
225
246
256
256
253
251
253
254
260
261
264
263
272
277
276
277
281
279
267
264
267
274
264
244
228
222
225
229
227
234
256
256
266
262
268
273
274
288
303
316
321
310
298
287
285
297
298
317
333
335
345
335
318
312
314
315
330
323
340
352
356
339
339
330
336
352
358
382
394
401
387
366
349
339
337
350
357
359
373
359
334
294
267
257
242
252
248
237
228
219
227
219
224
224
209
234
249
253
244
220
196
179
184
184
216
235
255
259
266
278
278
283
282
300
306
325
352
354
368
369
369
383
391
392
398
413
420
413
420
405
410
409
409
434
425
431
440
429
399
400
404
403
393
390
395
400
405
402
402
407
417
406
403
408
403
399
389
408
413
407
401
389
377
362
360
352
349
339
333
324
316
314
308
310
301
302
291
287
294
294
309
303
282
290
288
311
332
340
322
324
338
325
331
324
308
308
312
322
328
323
312
310
313
326
323
318
324
329
341
358
376
378
370
367
380
376
375
387
395
394
399
392
381
373
385
394
377
381
394
396
379
373
363
366
367
351
351
359
365
347
337
329
332
336
323
315
306
318
334
322
303
279
251
238
224
206
202
219
218
212
217
222
216
223
226
236
248
253
247
237
235
238
237
238
242
225
210
197
186
175
155
138
140
138
133
134
136
124
129
139
149
151
141
150
152
154
156
154
170
177
174
167
145
137
126
115
122
117
107
126
143
141
121
126
131
150
157
163
170
165
166
170
189
203
219
216
206
181
176
189
209
215
220
201
190
201
200
179
167
175
188
202
192
181
180
170
176
173
161
167
171
173
173
193
192
181
190
193
188
188
186
185
148
124
119
127
145
145
136
144
159
166
157
146
139
139
142
134
134
119
136
162
172
181
184
184
211
215
214
221
228
222
220
214
210
223
218
208
227
245
270
276
270
264
243
242
229
238
240
251
273
290
294
295
299
291
299
290
287
276
291
310
303
307
299
293
303
306
303
310
329
334
332
317
319
325
322
307
303
289
282
292
284
274
268
256
230
210
199
178
184
189
181
166
165
156
140
127
93
96
101
112
122
126
118
133
126
117
109
78
77
82
76
65
56
60
56
41
30
5
9
4
10
14
4
12
22
23
11
-5
-18
-13
2
16
38
42
46
41
34
43
42
47
50
67
58
62
45
24
24
32
31
27
31
33
19
20
12
9
-1
-4
4
9
19
14
24
18
17
8
-2
-11
-12
-27
-21
2
16
22
12
-11
-23
-19
-36
-61
-65
-68
-84
-83
-101
-107
-97
-96
-103
-123
-113
-99
-77
-69
-73
-61
-64
-26
-14
-7
9
20
44
33
41
25
20
17
-4
-10
-13
12
23
14
1
-6
-9
-17
-10
-14
-17
5
24
15
-21
-46
-39
-39
-56
-54
-57
-62
-39
-40
-52
-71
-76
-75
-86
-93
-110
-121
-123
-112
-127
-113
-89
-75
-86
-87
-71
-58
-54
-65
-67
-65
-61
-33
-41
-39
-34
-12
3
14
8
-5
-7
-11
-4
-14
-3
15
14
15
4
1
12
19
6
-29
-18
6
28
39
42
49
62
72
77
60
60
71
82
77
92
96
106
121
118
104
88
97
101
111
126
137
139
147
142
142
134
130
130
142
150
140
148
139
145
155
161
166
165
170
150
140
116
124
122
144
160
151
147
150
163
175
178
183
195
213
219
212
212
209
214
232
238
252
262
269
250
229
253
267
261
229
216
200
207
215
227
242
246
265
268
281
291
298
299
291
284
267
279
300
297
298
298
295
307
318
322
326
330
331
340
312
288
288
304
312
319
324
329
338
322
330
338
352
381
385
362
368
362
389
398
405
409
423
467
489
516
522
528
521
507
503
495
503
507
508
523
538
529
520
523
524
536
539
545
537
530
532
538
529
535
533
524
544
555
579
573
569
582
596
602
619
640
660
661
653
629
612
606
595
581
563
574
592
582
561
528
516
510
499
483
482
482
481
486
482
479
465
455
458
456
478
474
476
488
496
508
502
492
472
459
452
473
486
476
458
456
462
471
478
500
510
499
499
503
498
504
512
514
515
527
530
542
553
533
516
527
540
543
530
515
498
495
492
470
452
429
412
388
382
365
362
351
340
317
313
309
301
303
283
279
288
282
271
267
281
299
334
344
344
336
340
369
361
352
337
327
326
351
350
357
334
321
310
309
329
326
344
361
377
383
409
429
423
418
417
413
433
450
462
466
458
456
479
499
519
524
527
528
514
514
513
520
516
504
492
488
479
466
447
417
397
375
355
335
314
281
263
249
222
177
129
107
84
70
53
33
3
-1
-39
-59
-79
-96
-104
-101
-91
-83
-83
-86
-91
-123
-142
-171
-189
-206
-195
-186
-187
-178
-163
-122
-86
-47
-10
5
32
64
88
82
78
84
88
109
145
169
203
205
208
214
208
244
272
285
265
264
270
256
259
244
219
226
239
275
301
325
320
308
305
319
346
363
362
365
378
378
390
396
384
371
365
371
360
353
333
303
280
273
234
191
150
111
103
83
73
22
-12
-47
-74
-73
-93
-125
-144
-173
-182
-178
-164
-167
-172
-201
-245
-275
-292
-306
-350
-390
-453
-479
-533
-556
-611
-621
-643
-658
-660
-702
-731
-747
-758
-766
-743
-748
-736
-723
-695
-663
-605
-571
-525
-469
-444
-394
-329
-286
-222
-186
-131
-75
-12
15
48
82
95
126
135
176
177
207
205
233
244
240
242
215
219
206
217
233
256
262
287
305
299
309
308
334
364
405
441
469
485
504
523
518
535
522
545
536
530
533
523
522
502
481
443
411
360
327
315
270
238
216
191
173
145
127
114
112
133
148
107
96
72
77
86
112
114
109
85
50
39
9
3
-30
-73
-149
-188
-208
-217
-248
-299
-322
-343
-382
-406
-446
-484
-491
-497
-490
-469
-482
-489
-490
-483
-457
-413
-385
-344
-321
-286
-257
-207
-161
-120
-102
-72
-12
54
127
170
211
243
275
316
345
359
365
352
377
405
427
432
427
436
451
444
443
433
430
416
404
366
349
341
331
339
305
312
318
354
368
383
394
410
417
416
431
432
460
478
474
454
451
447
435
391
351
323
308
296
249
213
187
149
123
76
41
6
-13
-22
-34
-47
-54
-59
-89
-91
-84
-47
3
50
61
63
81
77
65
49
-10
-54
-101
-146
-189
-220
-260
-307
-343
-360
-372
-370
-392
-413
-411
-449
-467
-487
-514
-542
-561
-556
-544
-516
-494
-472
-455
-449
-440
-419
-368
-329
-313
-297
-252
-213
-183
-154
-158
-126
-80
-10
55
93
127
158
192
223
232
240
256
259
252
231
210
217
219
209
213
218
214
205
187
175
155
154
136
103
74
50
42
26
22
16
-1
-2
22
27
26
24
17
49
85
103
95
82
71
69
76
106
114
121
121
106
104
107
119
94
55
21
18
9
8
10
-9
-39
-61
-77
-89
-104
-119
-111
-92
-72
-31
-13
-28
-34
-59
-74
-86
-122
-163
-203
-231
-268
-302
-319
-347
-370
-392
-393
-411
-419
-429
-455
-459
-461
-464
-474
-483
-501
-502
-485
-486
-491
-481
-476
-448
-446
-434
-417
-418
-424
-418
-405
-403
-390
-382
-382
-389
-365
-363
-330
-317
-304
-287
-254
-217
-200
-190
-165
-139
-123
-102
-103
-88
-76
-68
-63
-58
-65
-58
-61
-45
-32
-14
-10
-19
-39
-47
-74
-89
-92
-131
-161
-163
-162
-176
-191
-201
-188
-193
-186
-165
-152
-139
-120
-103
-84
-57
-43
-53
-64
-63
-54
-44
-31
-45
-59
-65
-80
-70
-72
-79
-71
-43
-21
-11
-10
3
-15
-19
-23
-32
-29
-22
-7
6
38
42
65
50
28
28
20
-8
-27
-47
-74
-107
-131
-143
-169
-192
-213
-208
-220
-234
-245
-246
-272
-293
-311
-341
-346
-367
-370
-383
-380
-373
-358
-359
-382
-394
-405
-404
-413
-404
-407
-415
-444
-446
-456
-460
-464
-444
-440
-423
-397
-390
-383
-372
-354
-338
-306
-281
-241
-218
-179
-134
-104
-82
-53
-24
9
39
85
101
103
133
149
153
164
179
192
195
228
232
245
239
252
261
250
256
253
253
244
244
250
263
296
293
298
307
316
332
346
386
419
447
437
464
483
487
515
511
506
509
490
490
497
482
483
482
475
467
444
400
360
328
312
309
275
250
236
214
204
186
181
186
182
161
155
152
141
117
92
62
50
30
2
-7
-41
-67
-74
-79
-94
-113
-122
-107
-101
-86
-103
-125
-132
-154
-163
-188
-196
-202
-226
-234
-230
-229
-227
-233
-238
-225
-216
-199
-198
-206
-191
-197
-200
-217
-216
-219
-234
-239
-248
-265
-286
-285
-291
-280
-275
-266
-239
-229
-208
-222
-226
-213
-203
-184
-171
-165
-148
-124
-116
-104
-99
-87
-73
-63
-59
-48
-32
-25
-19
-34
-34
-36
-44
-52
-65
-69
-81
-72
-85
-111
-144
-134
-130
-109
-76
-58
-28
-4
23
56
88
121
153
167
166
140
125
103
88
86
79
87
88
84
88
85
85
85
91
87
93
91
96
103
115
141
136
146
137
138
146
161
166
164
195
202
202
188
183
181
189
194
156
121
97
93
75
65
72
80
83
84
94
100
64
44
12
-4
-30
-56
-65
-69
-69
-69
-44
-44
-60
-51
-49
-41
-37
-33
-29
-30
-44
-56
-61
-73
-90
-119
-134
-125
-121
-127
-123
-128
-103
-107
-102
-105
-101
-80
-89
-78
-84
-84
-64
-45
-48
-42
-25
-11
9
6
19
5
17
27
17
23
26
29
18
22
6
-4
-31
-49
-54
-61
-86
-119
-125
-130
-144
-127
-117
-80
-54
-36
1
51
103
140
155
159
148
140
141
143
161
184
203
217
247
236
244
257
289
320
343
352
367
396
418
423
426
454
471
487
525
557
584
614
628
651
674
702
719
748
762
767
765
748
745
729
722
707
688
679
656
641
599
574
556
537
509
479
468
453
430
398
376
348
333
307
306
302
281
277
259
228
205
194
184
173
140
118
89
62
32
21
16
6
-4
-8
1
13
26
28
40
52
60
85
101
100
115
135
173
194
206
230
233
239
244
244
244
234
246
253
267
272
264
275
286
287
285
277
261
255
249
229
228
226
240
269
277
283
297
322
341
361
372
392
422
438
450
453
438
425
421
413
416
400
416
431
441
444
458
471
465
488
494
513
516
517
511
495
483
477
452
453
449
448
441
440
432
412
404
380
369
333
318
292
269
252
226
200
153
127
113
99
95
79
60
51
45
17
10
-16
-58
-69
-88
-117
-141
-173
-207
-238
-245
-253
-271
-275
-285
-305
-321
-330
-353
-365
-400
-417
-414
-417
-416
-438
-466
-476
-462
-445
-429
-408
-380
-339
-306
-280
-262
-248
-211
-188
-164
-146
-128
-121
-86
-45
-12
19
51
73
76
73
75
99
122
125
141
150
147
151
146
157
159
167
146
141
144
146
159
181
199
211
259
297
330
345
376
391
439
465
470
471
432
431
420
392
383
384
367
380
382
384
387
371
379
374
389
385
386
401
388
378
376
360
347
312
266
252
228
208
187
163
120
94
65
26
-10
-42
-55
-111
-149
-189
-220
-258
-270
-272
-278
-289
-312
-313
-327
-341
-363
-371
-383
-395
-402
-423
-437
-465
-480
-468
-484
-506
-509
-514
-522
-532
-533
-534
-544
-555
-564
-558
-555
-566
-568
-578
-558
-536
-517
-499
-478
-462
-452
-434
-433
-422
-410
-381
-352
-316
-292
-266
-248
-257
-254
-256
-236
-223
-215
-231
-226
-223
-217
-233
-245
-237
-246
-236
-246
-238
-242
-255
-256
-254
-248
-243
-223
-201
-180
-165
-147
-124
-104
-56
-19
23
42
41
42
18
19
8
-8
-15
-34
-26
-19
-23
-22
-16
-8
13
-2
-12
-5
17
18
13
2
-21
-30
-31
-39
-44
-33
-36
-21
-18
-5
-9
-7
-19
-36
-36
-43
-45
-47
-53
-53
-64
-58
-90
-119
-109
-120
-125
-129
-115
-109
-111
-125
-135
-141
-154
-183
-170
-168
-155
-158
-188
-185
-167
-153
-139
-138
-151
-147
-142
-143
-144
-145
-138
-135
-127
-141
-128
-105
-98
-75
-50
-11
29
64
95
116
143
157
183
218
244
261
260
280
291
297
309
334
325
313
306
318
304
264
244
214
197
156
118
92
76
74
60
76
92
102
122
138
172
221
280
314
362
386
403
393
375
372
345
318
311
298
280
286
290
296
298
296
277
273
254
215
201
191
197
202
205
192
163
165
165
162
169
160
150
133
95
54
34
5
-31
-66
-86
-82
-72
-73
-87
-99
-105
-104
-97
-103
-99
-83
-84
-105
-122
-130
-123
-125
-134
-132
-121
-120
-131
-140
-134
-106
-101
-98
-102
-104
-109
-102
-92
-85
-70
-69
-50
-14
-3
49
93
154
181
218
249
282
299
317
353
366
391
424
447
440
452
447
444
453
452
461
446
435
417
362
324
269
211
170
137
102
87
93
128
170
184
221
261
294
335
373
422
449
474
485
496
499
493
474
453
443
433
406
358
310
265
208
183
147
97
73
19
-44
-89
-124
-132
-144
-147
-133
-130
-121
-116
-112
-117
-105
-106
-124
-161
-207
-263
-328
-376
-415
-435
-465
-502
-538
-575
-617
-655
-681
-694
-692
-681
-679
-694
-725
-759
-790
-803
-808
-804
-791
-771
-753
-728
-716
-689
-661
-634
-585
-555
-508
-491
-451
-371
-314
-265
-211
-119
-52
21
92
137
199
256
302
317
329
346
359
370
361
335
339
360
351
329
304
272
227
154
94
40
-15
-64
-136
-191
-219
-225
-224
-213
-177
-91
-2
80
157
233
307
359
407
443
467
466
423
376
343
310
263
193
117
66
-6
-101
-181
-290
-380
-463
-548
-622
-687
-722
-754
-779
-788
-776
-750
-732
-709
-668
-644
-612
-564
-532
-521
-517
-508
-512
-528
-556
-573
-574
-598
-625
-662
-693
-704
-737
-770
-799
-829
-837
-846
-856
-847
-830
-796
-773
-736
-695
-626
-540
-471
-390
-295
-163
-54
17
112
198
327
452
544
632
718
826
911
961
990
1001
1014
1001
965
947
922
883
821
765
711
668
589
474
338
235
172
100
18
-74
-108
-135
-122
-107
-71
3
92
192
293
401
504
585
637
665
687
715
721
700
623
554
501
425
319
210
105
11
-101
-248
-396
-540
-663
-776
-872
-954
-1000
-1043
-1072
-1080
-1050
-995
-939
-926
-892
-820
-757
-712
-691
-704
-716
-692
-702
-725
-757
-788
-803
-824
-862
-911
-984
-1043
-1096
-1158
-1226
-1299
-1379
-1429
-1436
-1419
-1384
-1348
-1274
-1153
-995
-812
-637
-461
-251
-14
217
414
616
818
989
1127
1224
1302
1356
1368
1341
1312
1277
1233
1176
1099
992
902
831
732
627
505
411
306
230
179
118
107
139
195
264
380
527
685
847
988
1099
1196
1301
1370
1407
1394
1370
1335
1252
1155
1018
856
714
547
373
208
30
-129
-264
-397
-505
-599
-676
-721
-745
-722
-674
-617
-562
-511
-447
-328
-229
-163
-113
-92
-110
-127
-166
-232
-329
-479
-615
-734
-861
-987
-1113
-1234
-1317
-1370
-1402
-1421
-1448
-1454
-1463
-1455
-1406
-1339
-1263
-1166
-1051
-884
-644
-412
-186
17
252
517
775
969
1138
1254
1286
1259
1198
1119
1040
919
755
597
467
398
311
206
105
58
66
43
12
0
24
82
160
227
312
428
610
790
948
1116
1303
1471
1573
1605
1581
1559
1476
1356
1195
980
787
603
400
209
42
-87
-162
-213
-233
-235
-222
-249
-254
-217
-164
-72
-7
22
71
141
232
296
299
293
285
257
204
110
-23
-154
-306
-505
-711
-926
-1172
-1365
-1541
-1670
-1755
-1815
-1819
-1777
-1695
-1615
-1488
-1370
-1240
-1135
-1059
-980
-928
-846
-736
-614
-462
-282
-56
167
346
526
702
857
999
1062
1021
903
793
680
530
341
182
69
-8
-30
-50
-38
-10
46
115
188
217
270
350
345
343
384
460
518
586
683
764
846
939
1019
1013
960
880
804
678
549
390
208
75
-48
-140
-225
-284
-309
-259
-168
-97
4
99
188
268
302
318
356
366
376
350
288
256
212
125
-30
-172
-284
-374
-481
-618
-756
-824
-900
-991
-1091
-1226
-1314
-1375
-1455
-1522
-1577
-1554
-1481
-1465
-1418
-1334
-1252
-1182
-1133
-1103
-1069
-1047
-1020
-946
-828
-628
-373
-139
117
427
769
1014
1159
1179
1136
1062
927
758
517
290
150
69
-20
-71
-71
-70
-61
-16
78
124
169
205
235
280
303
403
482
546
627
718
788
776
772
726
613
467
339
196
23
-168
-346
-517
-669
-761
-864
-966
-1020
-994
-910
-829
-728
-565
-424
-271
-90
80
226
318
369
370
270
159
49
-95
-271
-480
-597
-681
-773
-881
-982
-1087
-1141
-1156
-1207
-1327
-1439
-1494
-1536
-1555
-1554
-1486
-1372
-1319
-1275
-1206
-1173
-1145
-1197
-1323
-1401
-1446
-1424
-1331
-1207
-925
-474
18
537
988
1330
1555
1644
1617
1420
1147
873
633
402
203
69
15
-15
4
62
105
157
234
338
443
557
720
915
1126
1323
1501
1648
1716
1748
1721
1608
1441
1235
987
729
494
299
145
-2
-82
-126
-153
-182
-228
-288
-309
-297
-254
-180
-82
70
253
376
463
545
567
581
580
561
463
321
161
21
-111
-213
-342
-475
-562
-580
-545
-577
-711
-773
-812
-878
-937
-1018
-1089
-1065
-1068
-1112
-1184
-1251
-1241
-1240
-1368
-1459
-1474
-1517
-1617
-1670
-1641
-1414
-1052
-608
-42
599
1228
1696
1841
1813
1800
1678
1329
824
386
115
1
-101
-255
-330
-255
-87
36
28
49
197
334
434
629
896
1190
1425
1614
1805
1931
1990
1927
1715
1412
1202
1000
710
430
210
75
-33
-157
-241
-248
-270
-254
-224
-226
-157
4
99
154
245
431
619
675
616
586
554
462
307
78
-167
-334
-407
-507
-618
-582
-459
-312
-252
-291
-333
-385
-462
-628
-852
-1075
-1255
-1330
-1365
-1393
-1425
-1427
-1385
-1349
-1372
-1465
-1614
-1839
-2026
-2192
-2334
-2372
-2217
-1805
-1198
-449
440
1295
1831
1964
1976
1893
1614
1093
485
-26
-337
-438
-435
-463
-491
-336
-101
-18
-105
-104
8
50
57
235
604
1022
1367
1639
1783
1877
1965
1846
1433
947
630
429
152
-109
-144
-104
-47
-16
-9
-31
-117
-187
-312
-518
-584
-462
-293
-171
46
394
704
789
760
614
305
-116
-483
-770
-995
-1121
-1104
-1086
-1030
-843
-594
-457
-460
-401
-322
-342
-463
-629
-767
-927
-988
-968
-1042
-1193
-1282
-1361
-1488
-1697
-1826
-1931
-2123
-2259
-2265
-2262
-2236
-2152
-1842
-1309
-669
201
1154
1867
2200
2297
2274
2051
1562
919
279
-170
-385
-429
-462
-520
-462
-164
102
194
152
181
367
505
646
972
1470
1904
2157
2261
2230
2157
1962
1540
972
436
138
-4
-159
-160
28
249
402
417
371
267
111
-40
-200
-298
-233
3
229
380
612
900
1013
893
634
310
-66
-517
-922
-1187
-1313
-1300
-1184
-1027
-767
-439
-238
-256
-369
-430
-484
-656
-882
-1058
-1129
-1109
-1050
-1052
-1183
-1302
-1387
-1582
-1884
-2101
-2290
-2521
-2798
-2964
-2912
-2775
-2526
-2020
-1239
-86
1257
2275
2540
2413
2328
2232
1687
777
-9
-398
-472
-437
-475
-596
-513
-164
26
-136
-283
-73
151
217
429
1049
1939
2689
3163
3371
3380
3292
2996
2206
1197
465
157
-20
-119
67
558
1021
1265
1301
1178
928
659
382
113
0
131
477
895
1284
1746
2087
2070
1797
1338
782
153
-489
-1002
-1250
-1168
-845
-520
-161
256
592
683
542
246
-8
-210
-385
-560
-690
-742
-662
-656
-779
-924
-1094
-1409
-1869
-2327
-2631
-2829
-3002
-3170
-3258
-3192
-2923
-2489
-1650
-89
1751
2816
2691
2323
2430
2450
1635
369
-563
-834
-500
-118
-396
-924
-718
-17
1
-693
-960
-533
-339
-584
-365
613
1844
2878
3385
3380
3410
3583
3182
1834
434
-72
-65
-298
-380
153
978
1575
1763
1567
1199
873
576
33
-467
-396
179
667
1095
1763
2563
2966
2726
2045
1143
311
-411
-1239
-2003
-2117
-1521
-819
-355
101
711
1005
751
346
23
-274
-533
-718
-829
-749
-416
-86
-176
-582
-964
-1275
-1899
-2763
-3400
-3628
-3675
-3682
-3625
-3342
-2807
-2089
-1345
-444
718
1841
2186
1696
1074
835
634
111
-626
-1092
-1044
-591
-298
-517
-887
-844
-663
-902
-1375
-1463
-1150
-844
-580
38
1035
2132
2921
3090
2756
2415
2112
1413
350
-449
-616
-362
5
456
1012
1519
1743
1494
882
186
-329
-735
-1067
-976
-357
515
1307
2021
2643
2948
2785
2195
1297
314
-465
-972
-1407
-1651
-1375
-771
-269
88
380
486
301
-17
-308
-505
-624
-615
-536
-501
-399
-243
-263
-668
-1262
-1839
-2371
-2993
-3611
-4063
-4236
-4094
-3727
-3231
-2554
-1472
239
1911
2668
2301
1608
1103
565
-331
-1326
-1920
-1972
-1605
-1166
-1015
-1043
-836
-480
-626
-1217
-1484
-1221
-1087
-1227
-1014
-10
1218
2118
2567
2638
2387
1874
1066
5
-893
-1250
-1112
-759
-151
807
1816
2312
2115
1530
789
35
-726
-1295
-1426
-1016
-219
706
1648
2533
3115
3173
2737
1918
936
98
-534
-1035
-1326
-1174
-650
-151
178
393
491
284
-85
-349
-553
-657
-531
-105
339
622
687
545
148
-498
-1275
-1982
-2632
-3131
-3397
-3412
-3270
-2889
-2356
-1721
-1107
-313
902
2159
2574
2067
1404
1053
727
112
-630
-1152
-1311
-1076
-723
-693
-913
-756
-355
-323
-648
-585
-121
120
107
397
1159
1993
2463
2463
2046
1468
944
362
-351
-788
-621
-56
561
1151
1780
2320
2526
2176
1457
717
164
-303
-605
-552
-79
616
1368
2056
2622
2762
2511
1953
1208
547
216
144
208
393
719
1043
1130
924
622
275
-74
-367
-446
-293
19
354
652
942
1114
1039
758
207
-622
-1476
-2224
-2729
-3003
-3071
-2947
-2510
-1444
779
3433
4759
4154
2825
2036
1475
296
-1268
-2339
-2364
-1548
-406
198
117
267
621
361
-468
-701
-77
215
-176
-211
800
2302
3264
3284
2634
1854
1138
95
-1328
-2445
-2691
-2238
-1351
-45
1583
3065
3744
3309
2304
1334
511
-447
-1548
-1968
-1493
-640
230
1133
1956
2420
2357
1826
1013
98
-627
-1017
-1174
-990
-280
628
1193
1423
1439
1246
600
-368
-1176
-1602
-1691
-1376
-691
122
725
895
627
76
-555
-1243
-1997
-2678
-3148
-3192
-2856
-2350
-1820
-1200
-359
720
1956
3022
3208
2236
795
-174
-699
-1313
-1834
-1967
-1679
-1061
-399
-97
-301
-511
-558
-710
-895
-553
281
857
974
1303
2090
2806
2920
2327
1279
250
-565
-1335
-2066
-2383
-1993
-1085
-19
1072
2094
2674
2611
1937
974
238
-285
-711
-911
-712
-134
513
1046
1470
1560
1218
662
133
-316
-678
-799
-670
-328
153
694
1088
1168
986
677
308
-165
-689
-902
-913
-802
-601
-287
-69
-124
-452
-907
-1451
-2027
-2443
-2557
-2580
-2599
-2409
-2114
-1595
-705
924
2989
4209
3834
2565
1572
860
-232
-1588
-2574
-2804
-2166
-1110
-432
-507
-606
-291
-296
-773
-878
-223
329
219
334
1252
2441
3088
2942
2318
1605
935
71
-1022
-1884
-2085
-1622
-834
-9
975
1895
2246
1752
872
193
-297
-793
-1162
-984
-194
635
1236
1700
1898
1678
1073
257
-590
-1278
-1575
-1397
-1028
-579
68
775
1137
1082
872
561
60
-484
-638
-457
-289
-202
-43
33
-161
-662
-1230
-1947
-2730
-3113
-3028
-2718
-2457
-2197
-1796
-1359
-513
1256
3267
4165
3279
1800
1000
561
-229
-1310
-1918
-1710
-748
496
834
145
-525
-726
-1016
-1556
-1501
-537
320
571
989
2097
3166
3434
2820
1785
984
452
-111
-873
-1504
-1419
-555
495
1323
1868
2190
1981
1247
327
-440
-967
-1324
-1193
-299
911
1839
2266
2247
1909
1316
599
-117
-898
-1531
-1622
-1093
-348
307
671
629
249
-209
-429
-461
-607
-753
-476
10
545
881
900
452
-291
-989
-1550
-2238
-2910
-3444
-3633
-3320
-2819
-2297
-1802
-978
859
3228
4640
3934
1994
690
151
-469
-1444
-2003
-1550
-366
1147
1951
1487
653
-67
-837
-1720
-1876
-943
-125
79
477
1725
3212
3797
3301
2247
1355
860
263
-480
-978
-823
-8
854
1620
2258
2642
2389
1328
-9
-1028
-1597
-1838
-1522
-270
1383
2618
3170
3151
2850
2170
1191
13
-1041
-1677
-1637
-1087
-471
-131
207
316
182
-177
-529
-662
-769
-750
-500
209
698
928
696
284
-344
-1017
-1880
-2814
-3497
-3738
-3463
-3098
-2632
-1946
-857
639
2638
4105
4050
2446
732
-342
-1082
-1725
-2179
-2042
-1079
482
1871
1877
1057
294
-281
-920
-1418
-1140
-476
16
471
1368
2524
3308
3292
2586
1639
1082
598
-90
-704
-678
211
1389
2252
2556
2527
2279
1541
555
-599
-1348
-1601
-1421
-431
962
2179
2862
2978
2773
2284
1504
537
-699
-1473
-1633
-1143
-522
-67
457
773
761
455
88
-342
-754
-1060
-869
-415
80
395
712
529
130
-612
-1438
-2285
-3346
-3683
-3714
-3403
-3009
-2538
-1440
350
2550
4475
4153
2380
336
-846
-1533
-2587
-2922
-2437
-988
901
2152
2336
1497
522
-453
-1836
-2633
-2444
-1593
-700
249
1735
3091
3653
3448
2371
1142
256
-430
-1095
-1622
-1085
313
1702
2644
3032
3127
2756
1956
856
-505
-1480
-1665
-1166
-126
1052
2060
2547
2553
2340
1752
1019
58
-628
-1044
-818
-122
525
671
644
441
29
-469
-908
-908
-933
-734
-84
510
1025
773
519
41
-582
-1204
-2265
-3182
-3685
-3529
-2749
-2164
-1726
-918
28
1621
2826
3262
2207
412
-1040
-1777
-2058
-2169
-1839
-891
580
1834
2228
1381
7
-885
-1610
-1954
-1892
-1245
-353
401
1227
1921
2403
2381
1904
1135
505
207
-27
-488
-713
-103
947
1786
2033
1931
1690
1319
764
45
-739
-989
-465
571
1636
2264
2621
2330
1875
1317
829
461
107
35
259
575
1026
1066
819
366
-160
-378
-608
-620
-612
-315
44
459
608
561
596
393
196
-380
-1023
-1611
-2166
-2349
-2375
-2127
-1530
-790
61
1048
2242
3226
3032
1813
286
-529
-935
-1176
-1040
-864
-204
513
1068
1030
270
-278
-386
-552
-725
-638
-273
172
398
812
1251
1388
1397
1118
770
309
-53
-245
-446
-331
262
995
1304
1145
841
591
372
-40
-443
-605
-379
188
787
1158
1421
1388
1226
850
484
350
179
65
-153
-190
4
354
251
138
-188
-187
-255
-414
-451
-431
-201
271
647
555
442
35
32
-382
-1072
-1597
-2073
-2300
-2058
-1772
-1138
-374
487
1965
2926
3143
2524
1310
485
-5
-307
-256
-289
112
791
1101
993
126
-523
-616
-532
-123
325
850
1358
1499
1642
1783
1567
1243
789
448
285
309
366
260
302
617
1150
1360
1069
720
347
7
-217
-418
-436
-255
198
860
1227
1350
1245
1007
634
230
76
115
49
-1
85
28
-37
-496
-897
-1389
-1577
-1414
-828
-492
-47
192
468
702
343
218
-418
-691
-818
-1025
-1128
-1339
-1697
-1715
-2001
-1778
-1391
-1024
-37
885
1952
2019
1356
910
632
743
927
1009
1236
1305
1228
1064
161
-648
-951
-867
-369
71
906
1500
1772
1942
1909
1974
1709
1530
1340
978
891
909
932
874
815
1131
1263
1213
1072
584
183
-264
-325
-210
-51
402
1016
1353
1489
1434
1304
901
354
161
85
73
-81
-172
-246
-111
-251
-255
-660
-947
-1081
-1176
-974
-804
-492
-137
24
195
-51
-68
-344
-626
-857
-1258
-978
-1162
-1129
-1161
-1323
-1111
-931
-457
369
819
1297
972
551
310
252
629
859
1390
1850
2158
2074
1469
620
-29
-431
-408
-31
383
971
1200
1338
1343
1309
1525
1556
1772
1750
1803
1908
1565
1296
933
1014
1231
1170
1203
1027
894
526
74
-346
-625
-380
143
633
852
1019
1132
1101
808
590
697
872
950
688
307
-173
-641
-1010
-1491
-1662
-1650
-1293
-878
-726
-448
-443
-467
-556
-786
-788
-821
-594
-526
-675
-736
-952
-1102
-1377
-1509
-1417
-1222
-975
-716
-389
-197
-153
-288
-484
-492
-249
113
478
697
921
1198
1139
786
419
327
471
677
942
1003
879
662
408
293
230
465
860
1168
1352
1367
1271
1041
881
909
1009
1056
1085
1202
1159
885
599
430
322
328
503
583
561
548
640
726
710
657
693
865
962
1041
998
705
351
-55
-389
-683
-936
-953
-908
-864
-735
-664
-640
-646
-651
-612
-660
-737
-843
-994
-1205
-1385
-1558
-1717
-1894
-2007
-2080
-2077
-1933
-1708
-1396
-1242
-1309
-1411
-1443
-1303
-1033
-869
-738
-657
-452
-208
8
106
51
181
457
796
1063
1173
1158
1141
1099
1017
939
956
1161
1511
1746
1804
1772
1610
1424
1226
994
896
930
1120
1324
1367
1342
1302
1231
1073
985
887
786
701
582
533
545
613
660
737
801
766
668
420
140
-200
-566
-773
-890
-945
-1040
-1057
-1061
-1072
-1065
-1126
-1171
-1272
-1268
-1098
-997
-1079
-1236
-1365
-1490
-1718
-2009
-2225
-2374
-2414
-2161
-1719
-1472
-1504
-1570
-1402
-1134
-851
-576
-424
-373
-332
-105
-4
-276
-474
-318
127
522
849
1065
1135
1070
863
605
315
326
680
1066
1393
1623
1739
1637
1392
1121
853
660
688
948
1054
990
1002
1012
915
867
951
917
803
802
877
821
609
580
777
896
868
899
916
698
391
110
-192
-384
-442
-370
-400
-541
-533
-509
-658
-999
-1225
-1325
-1345
-1304
-1208
-1103
-1037
-964
-942
-1125
-1415
-1659
-1794
-1922
-2026
-1999
-1888
-1593
-1291
-1244
-1511
-1643
-1465
-1188
-1004
-859
-701
-496
-225
23
19
-193
-154
272
733
916
981
1048
1075
897
626
375
306
594
1064
1465
1579
1571
1593
1561
1383
1135
1028
1156
1439
1584
1428
1266
1155
1027
882
757
711
809
937
970
944
845
830
963
1021
1003
963
1016
952
701
428
137
-19
-140
-198
-205
-220
-222
-192
-196
-416
-699
-867
-928
-826
-728
-705
-694
-708
-737
-805
-1005
-1263
-1435
-1453
-1404
-1400
-1439
-1405
-1200
-995
-994
-1251
-1491
-1405
-1111
-819
-639
-486
-298
-9
349
470
362
289
480
771
909
975
1031
1041
953
798
689
724
925
1235
1409
1401
1355
1361
1331
1235
1179
1123
1139
1281
1445
1422
1166
909
814
720
596
540
560
591
635
697
689
606
613
734
811
716
678
741
620
401
176
-23
-169
-227
-216
-257
-380
-377
-317
-362
-577
-717
-693
-633
-604
-634
-644
-707
-825
-867
-950
-1082
-1161
-1137
-1190
-1320
-1409
-1413
-1351
-1281
-1111
-1005
-1141
-1322
-1204
-919
-654
-325
-21
197
373
612
745
464
100
81
375
667
918
1160
1218
1112
1019
986
833
797
1063
1385
1591
1763
1995
2075
1890
1691
1561
1417
1374
1510
1500
1238
1089
1054
977
838
821
996
1089
1181
1316
1324
1030
746
752
745
705
683
708
606
359
159
-35
-315
-590
-567
-391
-320
-160
-45
-105
-375
-586
-573
-605
-664
-733
-741
-806
-822
-773
-905
-1092
-1234
-1259
-1269
-1337
-1379
-1430
-1481
-1532
-1482
-1341
-1119
-889
-795
-718
-567
-347
-150
16
139
148
204
280
301
198
78
191
474
830
1070
1204
1243
1205
1120
962
881
1006
1273
1552
1731
1763
1708
1613
1538
1431
1223
1037
1101
1267
1229
1088
999
978
937
949
1041
1110
1179
1225
1203
1029
786
671
630
507
380
343
372
311
202
62
-97
-232
-295
-294
-297
-289
-206
-172
-255
-409
-600
-753
-805
-762
-742
-801
-870
-864
-905
-1040
-1225
-1388
-1390
-1260
-1158
-1129
-1163
-1211
-1152
-1033
-960
-785
-590
-547
-666
-805
-731
-576
-452
-331
-222
-151
-11
286
364
244
250
469
816
1069
1242
1299
1294
1217
1079
924
836
978
1293
1544
1561
1432
1306
1238
1140
1008
905
951
1202
1464
1487
1354
1227
1117
1024
952
903
875
867
826
724
567
381
299
259
208
166
145
186
202
116
-1
-136
-212
-168
-97
-157
-275
-354
-426
-513
-687
-861
-939
-908
-832
-815
-872
-901
-911
-935
-981
-1048
-1049
-941
-790
-637
-640
-735
-783
-783
-835
-944
-967
-884
-718
-686
-806
-883
-822
-645
-398
-84
117
243
443
659
675
420
259
382
690
969
1150
1241
1188
1103
1012
874
696
696
928
1149
1245
1244
1276
1263
1198
1113
1015
975
1107
1303
1292
1120
1008
953
869
785
713
663
639
640
606
461
271
268
360
333
244
235
247
198
122
20
-160
-311
-289
-193
-223
-352
-401
-389
-481
-615
-680
-708
-758
-752
-694
-683
-685
-642
-601
-614
-721
-801
-851
-939
-1001
-1059
-1174
-1332
-1394
-1428
-1421
-1389
-1321
-1151
-958
-802
-756
-831
-950
-881
-684
-539
-407
-310
-192
-55
42
8
-103
-102
44
267
443
480
523
575
574
548
534
624
767
872
901
854
757
679
639
646
629
629
726
860
901
826
690
539
470
486
530
555
571
579
546
366
199
126
135
174
156
166
158
139
125
51
-115
-298
-333
-283
-243
-234
-300
-342
-382
-400
-364
-340
-327
-317
-303
-336
-417
-562
-739
-904
-965
-998
-1007
-1017
-983
-917
-903
-977
-1031
-1110
-1202
-1216
-1197
-1197
-1194
-1105
-989
-989
-1136
-1303
-1391
-1387
-1256
-1088
-953
-891
-768
-575
-537
-598
-648
-503
-253
-38
139
231
264
296
304
266
214
262
419
539
505
428
441
429
406
425
438
555
774
964
957
776
606
557
553
492
463
511
605
731
803
748
651
642
677
712
676
644
652
627
553
473
400
336
333
352
356
295
258
235
110
-97
-224
-229
-184
-125
-74
-55
-63
-139
-242
-396
-576
-687
-671
-644
-701
-808
-885
-902
-993
-1124
-1297
-1442
-1477
-1470
-1401
-1450
-1474
-1422
-1422
-1526
-1712
-1679
-1544
-1337
-1169
-1078
-946
-843
-661
-600
-620
-623
-494
-203
-17
120
133
108
124
106
132
179
346
576
767
776
702
705
699
683
689
751
844
953
1045
1062
1000
962
995
1052
1030
1057
1157
1257
1290
1227
1160
1087
1083
1086
1068
1015
937
893
786
653
503
369
343
321
318
347
365
358
325
271
154
44
-74
-144
-163
-269
-358
-487
-572
-595
-688
-835
-976
-993
-1066
-1087
-1154
-1257
-1329
-1470
-1601
-1798
-1938
-2005
-2032
-2108
-2165
-2102
-2063
-1973
-1923
-1938
-1969
-1985
-1849
-1686
-1520
-1418
-1284
-1178
-1170
-1073
-959
-851
-777
-570
-303
-122
23
133
236
213
219
348
512
658
793
930
977
975
1036
1062
992
965
1092
1310
1406
1480
1513
1548
1561
1565
1582
1511
1482
1469
1451
1331
1209
1198
1135
1077
1046
1086
1090
1063
1015
899
769
614
554
454
285
126
48
-14
-127
-220
-344
-471
-576
-591
-627
-767
-882
-956
-1003
-1111
-1281
-1459
-1543
-1622
-1704
-1764
-1876
-1974
-2012
-2022
-2106
-2223
-2337
-2341
-2361
-2445
-2446
-2456
-2434
-2379
-2360
-2392
-2346
-2235
-2152
-2078
-2006
-1793
-1571
-1365
-1210
-1100
-983
-826
-566
-383
-278
-156
63
326
448
481
490
549
676
878
1066
1174
1284
1416
1541
1557
1493
1449
1449
1518
1592
1647
1658
1653
1659
1656
1620
1580
1557
1598
1578
1481
1375
1246
1166
1068
986
902
865
839
780
662
468
307
149
26
-56
-137
-201
-255
-309
-485
-699
-891
-988
-1071
-1157
-1237
-1290
-1319
-1380
-1422
-1455
-1528
-1629
-1620
-1633
-1717
-1803
-1813
-1830
-1870
-1974
-2070
-2116
-2146
-2191
-2275
-2373
-2399
-2403
-2325
-2314
-2284
-2206
-2032
-1868
-1742
-1625
-1587
-1496
-1396
-1220
-1075
-943
-781
-616
-447
-251
-3
166
311
512
721
905
1048
1175
1261
1351
1405
1522
1671
1792
1892
1984
2000
1966
1947
1920
1843
1782
1820
1875
1899
1892
1868
1821
1716
1636
1545
1418
1303
1263
1237
1130
1006
904
836
718
590
444
278
117
-18
-118
-298
-467
-568
-600
-642
-695
-742
-823
-904
-986
-1048
-1119
-1196
-1225
-1219
-1205
-1233
-1256
-1308
-1378
-1418
-1445
-1516
-1556
-1514
-1462
-1439
-1447
-1412
-1436
-1514
-1562
-1569
-1619
-1613
-1563
-1551
-1567
-1604
-1604
-1564
-1531
-1457
-1336
-1193
-1096
-952
-847
-839
-780
-662
-465
-260
-34
188
369
544
669
801
876
990
1192
1389
1554
1675
1784
1826
1828
1823
1837
1803
1781
1829
1877
1889
1859
1845
1805
1734
1698
1661
1570
1519
1472
1368
1235
1080
963
849
729
596
501
395
291
222
131
26
-99
-157
-222
-331
-422
-471
-529
-620
-711
-810
-880
-958
-1026
-1077
-1106
-1116
-1128
-1109
-1108
-1152
-1168
-1175
-1183
-1184
-1178
-1155
-1137
-1121
-1094
-1083
-1126
-1153
-1143
-1105
-1048
-1039
-1018
-1029
-1077
-1135
-1126
-1143
-1148
-1118
-1126
-1089
-1092
-1084
-1092
-1100
-1081
-1005
-863
-754
-621
-512
-423
-343
-310
-260
-196
-63
53
176
320
458
613
727
843
934
1030
1132
1207
1233
1236
1280
1289
1298
1311
1278
1244
1220
1212
1171
1130
1076
1002
930
884
812
755
732
745
724
666
590
490
408
292
204
129
84
25
6
0
-58
-108
-176
-221
-282
-326
-345
-375
-416
-478
-499
-535
-558
-559
-540
-508
-499
-464
-450
-415
-418
-475
-491
-482
-455
-438
-443
-460
-425
-478
-526
-561
-599
-591
-573
-578
-607
-623
-633
-630
-682
-741
-778
-803
-846
-945
-997
-1073
-1118
-1143
-1132
-1054
-1006
-952
-894
-812
-789
-755
-713
-656
-534
-448
-326
-255
-199
-94
42
168
240
358
516
669
777
834
895
962
1039
1130
1205
1237
1257
1275
1236
1181
1150
1132
1140
1136
1146
1140
1119
1068
981
912
846
808
776
727
684
646
608
545
511
511
470
470
500
506
461
407
345
326
306
261
254
232
241
252
254
220
175
129
108
100
60
61
85
99
89
56
25
-18
-63
-96
-150
-217
-258
-289
-293
-286
-324
-364
-363
-348
-360
-439
-559
-614
-629
-647
-652
-691
-729
-773
-840
-886
-918
-917
-934
-990
-961
-874
-772
-685
-607
-585
-556
-412
-226
-118
-68
-4
123
292
449
548
631
723
828
979
1066
1131
1235
1356
1449
1519
1555
1551
1559
1584
1614
1600
1556
1556
1573
1534
1459
1366
1308
1251
1188
1121
1052
995
986
987
923
832
727
671
611
544
491
450
426
420
418
366
257
174
104
33
-43
-86
-117
-170
-195
-236
-281
-333
-376
-376
-411
-454
-479
-486
-495
-570
-601
-643
-664
-697
-692
-684
-717
-722
-756
-778
-834
-863
-824
-772
-711
-703
-707
-695
-683
-699
-750
-809
-853
-818
-754
-716
-739
-800
-854
-880
-865
-795
-732
-652
-554
-432
-316
-263
-217
-147
-35
111
277
445
571
710
810
881
972
1106
1257
1388
1525
1620
1716
1759
1770
1772
1779
1817
1853
1900
1876
1814
1766
1702
1599
1479
1401
1372
1341
1312
1262
1184
1075
974
900
844
793
775
777
717
635
574
504
425
367
344
333
273
245
220
170
108
65
19
-22
-28
-24
-39
-72
-107
-145
-175
-215
-218
-191
-191
-207
-195
-194
-221
-242
-243
-233
-255
-240
-179
-152
-157
-171
-130
-98
-58
-3
29
41
-9
-28
-40
-71
-82
-56
-54
-74
-71
-95
-177
-232
-264
-226
-223
-211
-193
-185
-198
-201
-162
-166
-122
-56
35
138
239
329
367
432
495
560
610
654
775
877
946
980
1022
1027
1009
1028
1023
989
953
966
1005
996
937
874
834
753
675
633
602
589
588
584
539
467
425
418
404
389
396
409
378
333
301
273
202
157
147
120
100
99
105
89
67
44
35
44
79
105
102
110
118
106
98
90
93
113
132
178
191
157
147
161
177
165
146
163
226
244
284
294
238
229
241
244
232
189
213
235
238
219
168
119
67
53
27
-16
-57
-75
-101
-133
-218
-283
-311
-361
-366
-364
-356
-355
-298
-264
-284
-315
-313
-299
-267
-246
-187
-156
-77
22
97
119
132
189
263
333
396
457
505
563
574
585
564
580
601
620
630
617
634
646
622
570
532
537
548
558
577
533
516
529
530
499
450
457
479
486
480
462
446
416
404
400
399
411
442
476
464
420
382
352
341
343
363
366
380
395
404
401
381
393
415
426
429
466
502
520
534
526
523
490
508
538
554
543
539
577
576
544
510
473
452
428
405
358
316
291
268
235
193
148
110
68
6
-33
-58
-116
-157
-214
-270
-324
-388
-427
-466
-498
-528
-530
-557
-591
-611
-619
-613
-599
-594
-560
-529
-508
-482
-443
-419
-361
-301
-263
-212
-169
-108
-44
33
96
132
151
189
233
250
269
313
325
338
359
375
399
408
434
449
469
487
541
580
565
529
513
520
520
526
553
574
586
614
653
658
644
642
663
664
665
685
674
668
655
648
640
623
617
614
597
573
527
510
494
454
426
390
360
345
323
313
252
215
184
143
106
97
71
37
9
-19
-33
-61
-99
-125
-159
-203
-246
-273
-355
-444
-518
-567
-594
-669
-723
-797
-877
-947
-1002
-1079
-1165
-1233
-1319
-1363
-1428
-1473
-1528
-1615
-1668
-1708
-1714
-1713
-1703
-1695
-1672
-1634
-1600
-1541
-1517
-1475
-1383
-1286
-1211
-1166
-1135
-1071
-992
-909
-836
-755
-673
-561
-451
-378
-338
-279
-192
-93
3
58
115
192
269
316
355
395
454
522
576
619
660
703
737
769
775
769
769
793
810
802
769
725
700
668
631
571
507
468
451
429
382
319
270
226
200
156
101
77
30
-18
-72
-141
-215
-245
-270
-274
-269
-312
-331
-356
-403
-445
-495
-534
-564
-568
-581
-604
-665
-714
-740
-789
-833
-857
-893
-940
-985
-1045
-1102
-1167
-1230
-1281
-1315
-1346
-1377
-1424
-1494
-1533
-1599
-1648
-1664
-1631
-1594
-1570
-1527
-1551
-1613
-1646
-1619
-1585
-1525
-1431
-1347
-1243
-1177
-1114
-1064
-1034
-977
-858
-665
-528
-403
-290
-179
-66
20
110
200
336
469
595
693
759
854
935
1008
1055
1120
1194
1272
1346
1377
1374
1377
1368
1345
1329
1317
1296
1288
1266
1233
1191
1142
1094
1045
985
911
843
782
695
615
544
467
387
292
219
157
91
19
-49
-107
-195
-297
-378
-423
-478
-527
-557
-575
-609
-673
-728
-813
-873
-917
-940
-934
-939
-904
-870
-876
-910
-959
-971
-1003
-998
-987
-988
-967
-960
-954
-979
-1014
-1015
-992
-974
-952
-932
-888
-826
-790
-804
-847
-870
-857
-800
-773
-763
-745
-724
-679
-649
-652
-678
-659
-596
-510
-431
-384
-368
-350
-316
-274
-230
-174
-79
40
161
238
292
346
402
471
565
640
719
834
928
999
1025
1056
1084
1131
1201
1256
1292
1310
1325
1323
1286
1220
1173
1144
1119
1096
1044
1020
1004
946
918
846
783
716
683
654
610
590
535
494
443
369
275
203
154
87
21
-52
-114
-162
-215
-272
-327
-371
-405
-407
-427
-452
-460
-465
-450
-450
-452
-453
-454
-420
-410
-398
-386
-377
-353
-329
-309
-294
-276
-242
-206
-184
-173
-171
-170
-173
-143
-141
-127
-117
-160
-170
-189
-201
-212
-236
-246
-260
-266
-287
-304
-339
-370
-363
-361
-373
-415
-441
-434
-406
-397
-402
-401
-398
-352
-342
-345
-353
-363
-328
-267
-226
-222
-195
-124
-61
-26
-11
36
120
199
274
332
362
418
482
536
557
574
597
636
660
644
623
606
604
601
587
562
555
557
542
517
467
422
410
408
381
352
329
308
288
232
165
117
111
115
125
104
59
18
-14
-28
-53
-104
-146
-144
-146
-160
-175
-218
-242
-233
-222
-206
-207
-181
-152
-129
-158
-178
-173
-163
-148
-149
-136
-125
-107
-103
-100
-113
-113
-96
-61
-48
-54
-66
-61
-46
-64
-109
-143
-146
-138
-145
-170
-197
-230
-247
-249
-274
-300
-315
-308
-284
-303
-300
-293
-306
-297
-289
-295
-304
-292
-285
-255
-272
-289
-261
-260
-255
-249
-240
-209
-166
-161
-162
-128
-73
-20
29
18
-1
5
43
75
114
122
145
198
233
261
261
240
236
253
243
244
237
267
291
302
292
282
267
245
246
210
176
158
158
143
110
60
18
-1
-41
-79
-116
-125
-140
-127
-95
-95
-84
-108
-113
-123
-134
-120
-96
-84
-78
-79
-96
-124
-154
-152
-139
-126
-98
-98
-80
-89
-97
-76
-43
-29
3
31
31
25
12
7
-22
-56
-66
-55
-62
-57
-63
-92
-139
-188
-212
-245
-256
-246
-258
-258
-264
-308
-380
-445
-492
-493
-456
-449
-446
-479
-507
-549
-602
-625
-645
-593
-553
-514
-526
-552
-588
-625
-636
-644
-590
-525
-446
-400
-425
-480
-519
-496
-464
-416
-339
-254
-173
-91
-60
-80
-90
-82
-5
78
124
192
265
315
337
317
299
291
306
335
369
384
403
420
411
405
367
344
343
364
378
381
372
360
355
322
274
249
251
265
268
275
287
275
274
264
234
198
186
214
215
204
189
178
169
140
104
73
57
77
98
67
21
-15
-39
-68
-104
-131
-137
-128
-120
-120
-148
-188
-216
-232
-236
-260
-275
-281
-285
-303
-319
-369
-414
-442
-442
-439
-440
-429
-426
-433
-465
-505
-515
-502
-485
-451
-431
-444
-455
-442
-437
-453
-440
-415
-372
-313
-269
-217
-201
-217
-194
-155
-125
-84
-17
19
68
92
87
86
100
141
166
213
270
320
355
394
431
438
455
483
508
523
541
552
591
611
609
611
603
587
592
595
584
573
579
587
580
561
519
502
495
483
480
481
462
462
476
449
395
347
319
296
283
260
250
257
229
215
170
132
108
93
87
65
54
42
32
14
-6
-9
3
18
13
21
6
-1
-10
-26
-18
-6
10
8
43
73
61
39
11
-7
-17
-13
10
30
53
83
74
68
38
21
19
29
76
108
142
159
159
140
97
55
36
52
82
119
135
142
146
126
94
43
30
43
92
127
111
77
56
39
32
32
38
56
123
170
151
108
73
70
55
51
48
58
90
100
86
52
32
39
58
56
47
37
58
83
89
40
-1
6
31
57
56
45
50
62
57
39
-7
-1
34
60
54
29
45
63
86
92
75
55
55
72
94
97
72
81
105
111
85
71
79
81
94
95
116
136
160
174
155
124
138
152
157
159
163
177
186
198
198
192
174
180
203
202
190
216
205
193
175
161
157
146
160
167
158
163
167
140
109
63
14
-8
-14
-18
-40
-36
-45
-69
-101
-139
-186
-195
-161
-134
-128
-139
-140
-131
-169
-222
-254
-251
-207
-177
-184
-215
-226
-222
-236
-290
-329
-325
-272
-223
-216
-260
-289
-301
-288
-291
-332
-342
-287
-224
-203
-236
-275
-273
-242
-192
-170
-158
-121
-66
-38
-70
-113
-118
-66
-21
-6
-6
-38
-15
1
-17
-58
-51
-14
-1
-7
-52
-52
-41
-19
-2
4
13
51
111
129
103
77
71
85
83
78
84
90
115
128
107
79
82
118
124
116
87
84
103
112
100
66
62
66
76
59
-3
-43
-41
-55
-63
-83
-82
-83
-99
-128
-160
-181
-206
-216
-236
-271
-319
-348
-374
-393
-434
-458
-440
-430
-435
-465
-519
-553
-565
-552
-536
-526
-498
-484
-490
-517
-558
-588
-590
-562
-514
-477
-445
-409
-397
-439
-477
-485
-466
-416
-359
-298
-251
-231
-223
-239
-266
-251
-199
-118
-65
-36
-15
-7
-3
7
29
37
87
164
197
210
205
203
200
210
217
219
253
280
293
271
258
241
241
231
234
242
253
287
286
294
283
255
253
272
291
280
273
279
284
269
241
226
220
222
229
222
220
219
202
161
135
111
84
72
60
40
2
-24
-49
-86
-126
-150
-163
-184
-215
-246
-277
-302
-326
-364
-382
-399
-418
-435
-466
-518
-541
-540
-546
-539
-549
-572
-578
-580
-595
-599
-607
-598
-595
-592
-597
-624
-610
-571
-544
-518
-479
-455
-426
-399
-401
-413
-400
-376
-338
-300
-259
-251
-241
-219
-185
-172
-165
-122
-73
-29
-31
-12
6
34
61
68
78
89
132
142
161
154
117
120
133
142
137
149
145
127
119
93
103
107
119
129
131
112
79
90
70
58
40
38
60
64
66
36
17
6
-3
-7
-31
-40
-44
-40
-35
-45
-78
-103
-109
-128
-152
-181
-203
-218
-228
-242
-264
-299
-324
-365
-408
-444
-464
-498
-529
-518
-528
-529
-526
-538
-562
-597
-613
-616
-616
-615
-622
-608
-591
-567
-544
-531
-530
-538
-558
-550
-537
-523
-497
-489
-484
-464
-452
-432
-427
-415
-397
-386
-356
-340
-313
-298
-270
-273
-289
-272
-268
-254
-221
-211
-201
-202
-195
-194
-200
-181
-167
-141
-121
-95
-97
-102
-116
-144
-160
-174
-172
-169
-163
-182
-214
-237
-257
-260
-246
-240
-243
-210
-183
-197
-221
-259
-277
-290
-283
-275
-266
-270
-270
-266
-286
-317
-328
-331
-322
-314
-324
-338
-346
-347
-364
-372
-389
-399
-397
-374
-367
-349
-323
-331
-334
-336
-343
-344
-339
-345
-323
-314
-313
-297
-298
-324
-340
-350
-356
-371
-367
-357
-367
-375
-391
-380
-380
-380
-386
-391
-399
-404
-389
-384
-389
-399
-390
-403
-415
-433
-440
-446
-434
-395
-382
-398
-437
-451
-456
-445
-438
-424
-402
-413
-419
-430
-453
-460
-440
-407
-372
-354
-337
-336
-356
-372
-383
-393
-379
-348
-309
-294
-289
-291
-312
-339
-362
-340
-319
-297
-264
-249
-246
-243
-248
-267
-277
-257
-226
-196
-189
-178
-165
-174
-191
-191
-172
-151
-124
-102
-104
-121
-150
-155
-150
-142
-133
-124
-88
-91
-111
-135
-169
-175
-168
-161
-156
-142
-146
-154
-174
-211
-226
-238
-225
-201
-208
-216
-222
-251
-272
-313
-342
-346
-343
-345
-346
-368
-397
-399
-415
-443
-461
-473
-464
-464
-489
-489
-494
-505
-521
-556
-564
-564
-547
-535
-542
-553
-544
-528
-527
-537
-548
-545
-552
-528
-506
-498
-488
-481
-458
-460
-469
-461
-434
-400
-368
-342
-323
-313
-314
-292
-280
-256
-242
-215
-179
-159
-159
-138
-125
-108
-93
-85
-72
-52
-20
-9
-6
-11
2
-4
-1
12
25
33
45
64
59
64
63
77
80
78
71
70
81
83
75
62
62
92
106
96
102
111
112
106
112
97
77
55
44
55
53
50
48
39
18
-17
-33
-46
-42
-40
-42
-54
-63
-56
-69
-104
-148
-158
-157
-160
-164
-153
-151
-163
-172
-188
-186
-202
-202
-208
-228
-249
-265
-281
-309
-347
-380
-392
-410
-407
-398
-387
-400
-408
-419
-451
-484
-490
-490
-493
-494
-494
-490
-484
-483
-480
-479
-481
-467
-456
-437
-429
-422
-410
-417
-392
-389
-392
-380
-371
-334
-338
-333
-321
-333
-320
-297
-286
-277
-243
-214
-196
-184
-165
-160
-161
-160
-133
-99
-94
-95
-88
-74
-53
-19
-11
-30
-32
-4
17
14
-4
2
15
38
41
51
45
38
77
98
107
95
109
117
110
130
143
146
140
143
163
157
148
152
155
134
110
122
120
99
74
56
10
-29
-29
-47
-78
-94
-88
-85
-110
-117
-138
-153
-167
-180
-194
-213
-203
-192
-206
-244
-271
-285
-274
-295
-333
-344
-358
-356
-353
-342
-350
-374
-364
-358
-374
-412
-418
-397
-402
-392
-364
-352
-342
-315
-307
-339
-359
-356
-346
-334
-317
-299
-293
-287
-295
-316
-346
-334
-316
-278
-253
-232
-188
-192
-202
-215
-238
-243
-220
-180
-127
-119
-124
-126
-129
-144
-135
-123
-124
-109
-72
-44
-44
-55
-41
-29
-30
-16
-1
1
4
31
26
19
14
13
6
-3
15
24
31
21
28
31
5
-22
-52
-65
-85
-108
-114
-118
-112
-126
-166
-196
-192
-183
-199
-209
-194
-196
-197
-200
-211
-243
-279
-274
-264
-257
-243
-243
-246
-245
-267
-278
-291
-288
-274
-265
-248
-277
-301
-315
-332
-348
-351
-343
-316
-285
-271
-275
-297
-309
-304
-289
-289
-250
-212
-199
-192
-206
-208
-220
-217
-186
-164
-130
-115
-102
-128
-134
-118
-119
-96
-71
-49
-36
-30
-27
-34
-35
-35
-5
11
23
43
35
43
39
41
19
24
63
85
96
99
91
68
68
46
37
52
71
67
42
44
38
9
-2
-15
-27
-23
-14
5
-25
-43
-63
-99
-130
-146
-145
-156
-140
-112
-117
-133
-137
-129
-124
-136
-151
-134
-112
-109
-98
-101
-100
-101
-88
-88
-94
-96
-86
-83
-109
-105
-101
-115
-124
-134
-156
-159
-160
-137
-136
-158
-162
-173
-178
-202
-216
-216
-207
-202
-200
-209
-239
-226
-201
-196
-224
-230
-232
-235
-228
-232
-247
-257
-273
-276
-285
-313
-304
-298
-301
-333
-365
-352
-349
-366
-365
-360
-354
-343
-313
-309
-320
-306
-280
-277
-299
-309
-304
-304
-297
-314
-343
-343
-329
-303
-306
-315
-322
-319
-320
-299
-290
-298
-285
-270
-244
-223
-222
-208
-187
-188
-186
-186
-170
-143
-134
-113
-98
-95
-90
-70
-68
-85
-100
-103
-114
-119
-129
-145
-139
-143
-165
-174
-178
-190
-186
-191
-191
-204
-204
-207
-195
-199
-208
-193
-205
-216
-233
-240
-253
-238
-232
-232
-217
-237
-237
-242
-248
-254
-250
-245
-231
-226
-229
-243
-260
-267
-262
-260
-244
-233
-239
-240
-261
-266
-274
-273
-281
-279
-280
-287
-282
-268
-274
-273
-274
-302
-320
-313
-309
-317
-317
-302
-289
-283
-274
-290
-318
-321
-301
-295
-285
-267
-254
-252
-258
-262
-275
-291
-283
-282
-267
-252
-230
-208
-222
-228
-243
-237
-239
-233
-207
-209
-199
-201
-193
-206
-216
-207
-199
-171
-145
-128
-133
-134
-125
-150
-163
-165
-157
-142
-134
-127
-118
-121
-122
-129
-139
-133
-126
-111
-99
-93
-94
-88
-104
-124
-130
-123
-121
-79
-64
-75
-63
-61
-67
-75
-73
-52
-46
-45
-36
-61
-80
-104
-102
-92
-93
-85
-62
-56
-55
-56
-76
-96
-102
-82
-71
-77
-81
-74
-94
-133
-143
-143
-155
-148
-141
-143
-133
-142
-159
-174
-188
-183
-182
-186
-182
-184
-193
-209
-206
-207
-226
-214
-202
-179
-151
-144
-122
-132
-134
-145
-158
-143
-143
-111
-101
-101
-106
-109
-101
-98
-57
-53
-55
-40
-34
-53
-55
-61
-79
-98
-88
-70
-91
-94
-97
-122
-147
-150
-142
-133
-127
-106
-110
-126
-128
-137
-138
-143
-129
-106
-91
-79
-67
-62
-73
-80
-65
-63
-45
-33
-46
-39
-59
-70
-90
-121
-111
-119
-130
-136
-147
-161
-164
-184
-198
-201
-208
-192
-186
-196
-213
-230
-243
-275
-277
-255
-254
-268
-269
-271
-287
-293
-299
-301
-297
-307
-297
-301
-318
-317
-344
-366
-376
-369
-362
-347
-324
-315
-323
-345
-353
-357
-331
-293
-271
-247
-241
-243
-265
-268
-269
-263
-241
-230
-209
-186
-166
-184
-203
-228
-237
-235
-233
-214
-194
-192
-197
-205
-211
-231
-242
-233
-209
-186
-166
-153
-139
-121
-110
-104
-86
-70
-41
-18
-3
3
1
-8
-3
8
19
37
53
87
104
102
104
100
101
117
126
147
166
190
201
195
210
206
212
238
255
281
305
313
326
345
350
357
368
372
384
377
367
370
370
365
377
389
412
435
434
428
413
422
419
420
406
393
392
387
394
363
352
344
354
368
361
367
364
349
352
364
353
345
355
363
353
332
311
299
290
292
312
323
335
352
359
351
343
350
348
339
334
326
308
302
297
288
272
250
244
253
261
264
266
275
273
293
297
292
314
344
336
322
318
324
333
321
324
325
310
302
296
268
258
254
251
235
223
213
193
197
195
179
164
155
170
190
203
199
173
167
157
144
140
142
163
173
171
172
161
162
148
148
154
153
165
175
185
183
171
169
177
174
168
168
174
197
186
171
163
145
161
184
191
192
169
169
167
162
164
167
182
182
187
172
166
160
155
146
137
133
126
121
125
123
115
116
114
90
65
61
63
54
57
65
59
53
51
39
41
47
44
57
46
45
54
58
51
41
41
18
7
-2
-20
-41
-60
-62
-60
-77
-85
-110
-134
-150
-165
-180
-188
-186
-178
-171
-153
-127
-140
-140
-134
-139
-131
-122
-101
-80
-64
-46
-36
-28
-24
-33
-38
-37
-45
-37
-34
-35
-22
-31
-53
-67
-66
-61
-66
-61
-64
-60
-82
-101
-115
-129
-131
-132
-133
-139
-134
-129
-114
-122
-140
-149
-159
-150
-152
-139
-131
-128
-129
-130
-127
-135
-136
-148
-140
-146
-155
-173
-204
-236
-242
-244
-268
-272
-276
-279
-277
-287
-296
-290
-306
-315
-327
-311
-305
-296
-307
-325
-320
-325
-324
-329
-334
-356
-358
-362
-352
-343
-348
-330
-334
-333
-335
-338
-315
-302
-304
-290
-290
-269
-251
-242
-236
-242
-230
-235
-227
-227
-220
-220
-231
-234
-240
-261
-280
-286
-291
-282
-272
-256
-248
-242
-240
-239
-230
-218
-205
-203
-216
-216
-221
-226
-232
-234
-224
-228
-227
-240
-254
-264
-276
-285
-292
-291
-294
-286
-270
-269
-275
-274
-281
-271
-260
-242
-235
-227
-217
-223
-227
-251
-250
-248
-235
-221
-222
-212
-211
-229
-233
-240
-241
-264
-280
-268
-251
-255
-248
-244
-251
-242
-245
-252
-275
-272
-285
-289
-278
-274
-263
-276
-287
-284
-299
-317
-311
-312
-323
-329
-342
-349
-363
-372
-390
-410
-422
-423
-423
-431
-441
-441
-447
-458
-462
-463
-473
-472
-485
-478
-477
-480
-486
-490
-506
-513
-515
-528
-538
-537
-530
-534
-525
-526
-530
-537
-548
-552
-540
-530
-523
-512
-520
-528
-532
-537
-529
-503
-493
-489
-477
-470
-467
-466
-469
-472
-455
-445
-443
-446
-444
-423
-438
-452
-436
-445
-441
-418
-387
-379
-373
-363
-365
-347
-324
-309
-314
-309
-305
-295
-280
-276
-267
-257
-235
-222
-207
-198
-198
-190
-180
-169
-158
-151
-157
-153
-144
-129
-126
-122
-118
-124
-122
-106
-90
-74
-61
-56
-45
-38
-32
-34
-6
14
15
28
27
34
35
30
48
51
60
62
60
77
68
69
64
61
66
81
77
75
79
73
61
69
77
72
96
106
139
160
176
188
187
193
188
185
184
199
205
212
217
223
225
222
205
190
193
204
214
212
195
174
170
147
127
109
93
103
93
87
83
74
71
61
50
42
38
44
54
76
71
69
59
49
39
30
20
7
6
9
1
-3
-8
-31
-41
-35
-24
-21
-30
-29
-23
-31
-43
-54
-50
-61
-51
-35
-31
-31
-37
-47
-70
-79
-87
-82
-78
-75
-68
-62
-64
-59
-54
-74
-82
-84
-80
-81
-78
-77
-83
-78
-74
-62
-58
-45
-24
-8
1
3
11
7
9
12
41
52
66
69
69
76
79
83
103
123
142
147
141
148
143
140
141
135
137
160
181
194
203
218
228
224
216
228
242
249
265
276
269
262
261
254
255
250
248
261
264
262
261
254
237
222
226
238
252
256
246
269
284
288
293
284
287
291
294
304
293
293
293
287
282
267
262
256
272
277
262
262
266
260
259
259
268
281
280
286
283
281
288
278
283
286
297
311
329
332
318
296
292
285
289
285
292
321
319
327
316
299
299
293
287
295
289
298
300
303
300
294
289
281
289
289
294
306
293
283
288
285
276
258
240
229
228
222
219
197
174
153
139
138
145
164
184
190
189
183
186
196
208
215
217
216
219
215
206
197
191
184
192
220
227
235
248
237
217
210
195
194
209
221
241
242
246
258
249
228
206
206
228
251
250
248
235
217
215
216
226
221
233
252
243
232
210
192
178
168
182
190
183
172
164
165
162
163
150
145
158
169
174
170
177
176
174
167
178
191
198
211
204
202
192
201
223
243
266
266
262
269
272
261
259
256
254
266
275
275
266
265
269
245
223
200
186
183
197
192
183
193
191
184
179
168
170
175
198
201
190
193
187
194
194
195
198
180
175
174
168
161
156
137
110
111
108
87
74
77
57
45
43
26
17
14
-2
-27
-42
-44
-43
-28
-3
10
19
3
-2
-8
-22
-16
-10
-5
2
3
-5
-23
-28
-27
-30
-46
-52
-67
-77
-107
-133
-146
-156
-142
-134
-121
-105
-104
-102
-107
-125
-129
-138
-133
-138
-140
-132
-109
-116
-125
-142
-160
-167
-167
-168
-178
-169
-168
-174
-193
-204
-211
-222
-213
-216
-198
-185
-169
-158
-177
-177
-172
-169
-166
-149
-131
-113
-115
-102
-94
-106
-111
-105
-107
-102
-111
-112
-116
-128
-143
-147
-129
-139
-141
-149
-147
-136
-122
-127
-133
-132
-124
-100
-86
-77
-70
-63
-76
-75
-67
-52
-57
-62
-57
-53
-49
-41
-24
-27
-27
-39
-45
-40
-31
-29
-22
-13
-1
4
6
9
9
2
23
19
22
22
22
7
-8
-1
-11
0
2
11
2
5
8
19
11
-4
-9
-20
-13
-13
-15
-25
-24
-32
-31
-27
-35
-46
-31
-47
-66
-77
-99
-109
-115
-114
-128
-125
-127
-146
-162
-171
-159
-144
-148
-152
-157
-157
-163
-173
-162
-177
-181
-202
-218
-229
-223
-217
-234
-233
-233
-226
-223
-222
-242
-250
-267
-274
-276
-288
-279
-289
-291
-282
-284
-293
-289
-281
-268
-257
-233
-236
-238
-236
-244
-239
-247
-245
-243
-234
-218
-213
-219
-206
-200
-196
-182
-185
-174
-192
-201
-198
-190
-175
-174
-171
-169
-158
-152
-151
-153
-155
-175
-193
-191
-175
-177
-191
-176
-172
-187
-191
-180
-170
-162
-151
-157
-147
-144
-149
-144
-149
-135
-139
-138
-123
-120
-132
-134
-139
-141
-143
-135
-126
-123
-122
-134
-126
-109
-90
-85
-84
-87
-94
-78
-49
-46
-51
-51
-50
-48
-35
-40
-58
-59
-57
-31
-36
-42
-46
-71
-76
-93
-107
-105
-101
-81
-84
-90
-70
-76
-79
-85
-76
-56
-50
-49
-38
-21
0
29
21
14
12
0
-2
8
22
14
21
29
44
38
41
49
30
59
77
66
49
64
60
61
78
68
58
62
70
75
78
67
75
65
69
68
64
85
83
91
93
112
103
59
57
70
83
48
47
35
-26
11
-16
-14
-10
-3
-2
-15
-5
-2
-29
-53
-38
-69
-63
-68
-74
-96
-77
-90
-111
-113
-110
-128
-138
-147
-163
-172
-175
-154
-124
-129
-132
-130
-122
-105
-118
-100
-64
-57
-31
-10
-3
2
12
33
33
42
62
80
109
130
135
127
107
90
82
92
102
104
98
113
99
112
115
108
129
131
146
150
160
152
146
145
143
153
147
140
145
142
127
100
94
93
81
79
72
76
79
73
78
59
50
69
67
73
69
68
62
55
56
54
49
40
30
41
34
40
49
42
59
47
53
56
39
34
25
16
6
3
-5
15
28
24
11
8
-4
2
10
8
38
37
36
24
11
7
-2
-10
-4
2
3
8
5
-14
-24
-28
-29
-18
-17
-30
-16
-8
-8
10
4
20
42
49
43
55
69
60
48
51
55
48
67
64
72
76
71
76
61
56
49
57
65
88
80
73
92
99
121
105
110
90
91
65
66
85
94
121
109
122
114
117
122
133
130
128
119
119
122
112
108
121
114
104
108
110
132
147
130
125
118
109
108
125
117
111
93
76
72
63
62
57
78
83
97
103
99
85
80
92
101
88
92
102
90
87
69
56
29
40
50
27
32
29
35
53
39
38
31
36
28
28
46
64
49
26
41
38
61
54
61
55
68
75
61
46
37
35
38
48
54
63
69
67
48
36
17
29
33
51
66
64
75
70
63
59
65
66
68
96
119
138
158
161
156
170
165
162
169
183
191
190
199
192
177
143
126
130
131
142
129
116
136
132
113
109
90
87
77
103
106
140
165
162
165
167
171
183
211
191
186
195
209
204
200
206
183
182
162
155
169
141
120
87
69
86
90
70
57
59
60
66
80
87
78
87
85
85
71
67
80
83
77
53
50
57
35
24
5
-10
-23
-15
-11
-2
12
-5
-12
-23
-1
-1
-10
-1
-12
8
24
20
13
10
16
31
31
36
44
50
58
43
35
23
9
15
11
10
-13
-15
-24
-29
-21
-44
-47
-51
-56
-51
-37
-52
-48
-44
-57
-56
-63
-79
-94
-98
-104
-103
-109
-112
-112
-129
-130
-129
-129
-113
-115
-125
-124
-119
-123
-136
-129
-120
-113
-112
-122
-119
-123
-126
-138
-131
-127
-141
-150
-151
-132
-130
-129
-135
-142
-145
-139
-137
-152
-157
-151
-139
-144
-153
-145
-152
-143
-150
-150
-152
-154
-146
-152
-134
-130
-129
-145
-145
-133
-121
-130
-151
-151
-153
-159
-168
-189
-196
-189
-184
-176
-184
-182
-175
-188
-198
-204
-209
-200
-205
-205
-203
-205
-209
-221
-214
-222
-212
-194
-171
-157
-152
-137
-136
-133
-144
-133
-131
-130
-124
-114
-102
-88
-70
-76
-71
-71
-76
-77
-70
-72
-62
-54
-41
-21
-8
-21
-30
-51
-58
-62
-63
-63
-69
-55
-62
-61
-56
-60
-57
-47
-31
-17
-9
11
4
23
28
13
18
22
19
15
-7
-16
3
13
33
26
27
43
39
30
26
35
21
20
11
-11
-17
-4
12
18
17
14
23
13
25
34
30
27
40
41
38
38
43
55
41
50
53
53
59
65
69
70
76
85
97
82
69
55
48
46
49
72
62
62
63
52
46
34
22
13
19
18
24
28
14
18
2
-14
-15
-9
-10
-6
-3
-11
-12
-8
-9
-26
-32
-43
-50
-62
-72
-69
-69
-82
-85
-95
-85
-74
-74
-78
-98
-95
-109
-126
-136
-117
-110
-119
-126
-120
-113
-95
-89
-90
-88
-92
-97
-94
-106
-107
-111
-104
-117
-131
-161
-177
-185
-207
-211
-225
-227
-244
-246
-257
-267
-269
-269
-259
-247
-239
-241
-241
-244
-250
-256
-273
-289
-292
-279
-272
-264
-270
-277
-274
-297
-292
-301
-306
-301
-298
-294
-276
-264
-270
-263
-255
-260
-249
-231
-228
-215
-214
-207
-165
-155
-141
-114
-122
-112
-80
-85
-88
-53
-39
-21
-7
-26
-36
-18
-20
-26
-12
-25
-11
9
-5
2
-4
-26
-20
-11
-17
10
24
17
30
57
78
88
101
119
122
106
110
128
135
141
123
108
116
129
129
146
135
127
127
139
164
170
180
164
179
175
173
176
159
164
187
199
201
206
199
187
200
213
219
215
195
190
182
173
163
159
139
108
105
105
102
112
96
97
114
88
99
95
88
99
106
103
104
98
94
111
118
118
123
118
105
131
129
120
133
124
119
131
105
94
78
72
81
92
84
75
72
78
75
76
70
76
78
68
74
68
58
44
33
24
34
16
0
14
12
11
2
0
10
14
5
10
13
1
12
9
0
2
10
1
-1
-23
-38
-34
-53
-44
-39
-47
-50
-64
-56
-53
-59
-61
-71
-65
-57
-49
-44
-55
-64
-69
-64
-69
-68
-55
-67
-58
-45
-39
-42
-26
-17
-13
-13
-36
-22
-6
-19
-17
-16
-33
-31
-26
-24
-10
-14
-8
-2
3
10
11
18
41
61
61
79
89
104
127
150
148
160
168
175
186
204
208
209
207
215
224
223
209
190
187
202
221
206
201
201
183
191
199
189
168
166
206
227
241
245
230
229
248
263
272
301
309
316
326
345
348
347
351
353
362
367
365
339
342
333
317
297
287
265
260
278
293
294
283
275
250
253
244
254
243
237
257
271
275
270
257
255
274
274
262
263
250
230
242
254
245
224
209
201
218
224
231
220
200
192
193
180
180
156
151
167
168
175
182
189
204
232
215
204
196
200
194
205
204
188
179
159
152
159
135
106
87
85
92
86
64
56
65
63
77
65
48
40
45
58
74
56
39
47
35
38
51
52
49
75
88
84
86
64
39
33
36
23
14
-12
-23
-12
-15
-16
-31
-43
-53
-26
-3
-8
-23
-45
-43
-49
-53
-48
-66
-55
-45
-44
-37
-37
-60
-67
-64
-64
-62
-47
-52
-54
-62
-75
-70
-68
-73
-83
-62
-58
-51
-41
-52
-64
-78
-89
-85
-79
-77
-69
-53
-54
-60
-47
-38
-36
-30
-28
-26
-13
-18
2
5
-4
5
10
6
10
17
11
26
29
39
54
49
52
66
69
79
93
89
97
119
133
150
173
157
165
182
189
204
216
200
215
228
219
229
215
212
209
232
242
249
243
231
240
241
249
240
229
233
239
247
245
244
221
218
237
237
243
234
217
232
244
249
246
231
218
205
226
221
216
221
222
244
258
259
245
240
238
246
239
229
217
205
206
204
189
194
203
215
238
249
258
252
252
251
266
290
302
298
295
287
298
294
294
298
298
306
321
350
343
348
354
364
372
378
369
353
341
339
345
340
334
315
312
342
362
353
340
334
314
311
317
308
308
329
342
343
351
340
334
348
356
367
353
358
374
394
405
383
352
342
348
372
382
369
340
297
281
273
260
242
263
279
303
311
304
304
303
316
318
324
346
356
353
366
382
386
408
405
401
413
418
425
422
428
394
386
373
345
356
361
366
360
355
343
331
311
304
292
296
298
282
280
289
302
297
309
312
302
316
335
330
307
294
300
293
281
263
235
209
202
186
158
145
111
100
117
126
123
107
111
115
135
138
130
127
121
131
143
150
140
129
133
157
155
147
155
144
155
150
133
105
79
78
84
90
85
80
64
70
78
77
75
80
93
100
130
133
133
138
132
128
132
143
149
147
166
182
179
168
151
130
111
112
110
104
99
90
89
95
82
73
59
50
45
47
52
39
25
20
28
35
37
17
2
-5
-2
-2
-18
-33
-55
-62
-56
-54
-52
-56
-54
-60
-71
-82
-97
-91
-87
-70
-47
-54
-63
-78
-82
-66
-49
-45
-66
-65
-45
-34
-21
-27
-56
-53
-36
-45
-48
-65
-84
-90
-83
-69
-55
-62
-87
-74
-41
-32
-49
-63
-52
-45
-35
-33
-50
-63
-68
-50
-44
-29
-27
-41
-32
-37
-33
-44
-60
-80
-73
-61
-61
-74
-78
-59
-60
-66
-73
-62
-76
-64
-53
-43
-50
-82
-94
-97
-96
-93
-107
-131
-145
-140
-126
-156
-180
-182
-189
-190
-205
-228
-241
-237
-240
-244
-253
-257
-265
-279
-283
-281
-281
-293
-293
-284
-287
-287
-294
-308
-315
-315
-299
-305
-319
-320
-342
-350
-344
-350
-358
-347
-347
-337
-347
-373
-372
-371
-363
-374
-378
-387
-382
-382
-381
-388
-399
-406
-415
-407
-398
-407
-426
-425
-430
-418
-416
-430
-450
-461
-461
-444
-436
-442
-446
-452
-435
-431
-432
-443
-445
-417
-403
-366
-361
-367
-333
-318
-303
-302
-321
-328
-332
-316
-321
-331
-347
-361
-365
-373
-369
-389
-380
-376
-373
-374
-380
-387
-415
-438
-432
-427
-441
-445
-436
-410
-389
-375
-372
-368
-351
-337
-316
-308
-305
-292
-290
-278
-290
-299
-297
-303
-300
-299
-292
-300
-299
-287
-284
-312
-325
-333
-339
-342
-347
-368
-382
-367
-374
-384
-405
-414
-431
-426
-414
-394
-382
-387
-379
-371
-365
-367
-374
-372
-360
-353
-360
-362
-356
-363
-364
-352
-359
-358
-344
-347
-341
-353
-376
-384
-355
-334
-330
-326
-329
-323
-311
-306
-325
-334
-342
-334
-316
-310
-301
-299
-303
-283
-274
-264
-269
-302
-309
-288
-285
-303
-316
-316
-294
-279
-274
-275
-284
-287
-256
-237
-232
-211
-228
-226
-195
-182
-171
-187
-198
-199
-167
-130
-118
-139
-158
-158
-153
-142
-149
-156
-174
-175
-172
-191
-198
-195
-189
-184
-172
-167
-156
-164
-168
-143
-151
-154
-147
-142
-125
-93
-107
-123
-122
-127
-116
-95
-119
-137
-128
-123
-89
-80
-93
-99
-89
-77
-55
-46
-59
-65
-74
-61
-55
-60
-77
-82
-74
-62
-59
-63
-86
-108
-114
-109
-92
-109
-140
-149
-126
-115
-119
-136
-160
-171
-145
-150
-180
-201
-221
-211
-176
-159
-170
-185
-192
-181
-166
-177
-186
-204
-209
-186
-174
-181
-213
-234
-231
-206
-203
-217
-231
-232
-212
-189
-194
-209
-218
-210
-189
-173
-181
-199
-196
-199
-177
-174
-198
-217
-231
-209
-197
-199
-203
-210
-220
-218
-217
-244
-256
-265
-254
-221
-208
-222
-235
-221
-206
-199
-199
-193
-196
-185
-173
-167
-153
-167
-176
-163
-166
-182
-205
-231
-245
-247
-246
-244
-235
-241
-250
-246
-226
-224
-223
-220
-243
-224
-218
-205
-205
-222
-214
-209
-225
-242
-243
-241
-212
-189
-173
-195
-202
-192
-189
-191
-212
-222
-229
-212
-209
-226
-235
-236
-225
-218
-212
-216
-209
-198
-185
-181
-173
-177
-201
-209
-176
-162
-161
-162
-173
-154
-136
-124
-132
-128
-119
-117
-103
-110
-120
-138
-138
-127
-123
-140
-148
-142
-126
-113
-139
-161
-169
-171
-160
-138
-129
-128
-117
-97
-94
-95
-96
-90
-85
-75
-52
-52
-41
-22
-16
9
9
16
14
12
22
32
30
17
12
8
21
17
15
8
25
36
47
37
23
25
31
50
65
82
90
91
93
116
120
107
106
98
101
113
105
104
125
134
156
163
138
133
123
119
141
153
127
123
108
121
132
121
99
90
119
127
160
155
134
133
120
119
115
91
71
67
75
99
114
102
85
80
78
75
88
64
52
63
81
103
88
68
56
75
102
114
128
130
127
142
144
143
145
148
165
181
213
201
195
194
182
187
177
185
195
195
180
187
184
186
185
186
178
185
195
189
221
220
209
201
191
192
204
200
197
202
215
231
243
249
225
210
199
207
222
233
242
233
241
237
247
256
256
276
287
301
317
329
328
333
314
325
341
356
351
329
326
323
325
323
312
293
293
293
304
299
280
270
283
286
302
292
261
242
233
261
275
271
245
222
223
230
225
208
196
196
218
242
246
252
232
221
226
220
191
179
175
166
178
154
150
157
161
165
171
172
156
140
131
150
149
108
87
77
69
69
35
10
7
15
9
3
4
-9
-10
-4
4
10
0
12
9
7
3
-14
-14
-2
14
43
58
65
69
80
84
82
91
74
69
49
44
52
48
36
45
43
38
52
47
43
59
79
86
96
64
40
43
52
58
43
50
46
53
74
62
58
43
39
58
78
66
67
60
64
55
36
30
11
-8
-6
9
9
17
8
3
-10
1
-5
-14
-10
-8
15
29
23
31
31
15
26
39
47
40
43
49
51
64
70
55
70
70
70
69
56
78
87
81
90
53
29
41
51
62
70
77
70
75
99
106
94
83
82
86
101
121
114
108
119
129
133
142
141
121
118
109
113
122
106
89
75
63
57
66
40
33
18
1
-1
-26
-46
-48
-54
-66
-45
-35
-53
-63
-79
-68
-55
-71
-82
-98
-109
-110
-106
-108
-116
-117
-122
-122
-123
-123
-137
-150
-140
-152
-155
-168
-182
-178
-171
-172
-165
-179
-165
-159
-150
-140
-146
-154
-171
-169
-171
-154
-157
-152
-156
-147
-141
-150
-160
-167
-165
-165
-168
-172
-152
-143
-148
-152
-150
-144
-141
-151
-143
-132
-126
-128
-137
-137
-138
-119
-118
-105
-104
-99
-90
-96
-97
-116
-119
-121
-123
-136
-166
-181
-195
-207
-205
-217
-239
