720
722
728
729
746
750
756
749
754
755
755
765
752
747
742
738
749
749
753
741
744
763
759
764
765
764
748
756
779
779
767
764
745
738
741
748
739
730
725
702
678
679
683
676
667
666
652
637
631
617
599
590
606
628
632
620
594
567
570
568
561
578
587
577
583
599
597
566
553
566
574
558
522
503
517
559
579
554
506
446
424
461
517
570
577
555
541
533
546
579
600
601
605
604
583
569
567
564
563
546
518
503
496
508
509
495
491
476
461
464
470
486
491
474
473
472
480
486
490
503
508
531
546
551
554
536
516
503
511
523
542
540
521
510
494
495
496
479
476
487
483
481
489
483
492
499
500
487
473
473
491
505
505
500
479
455
456
460
454
450
412
390
374
383
404
396
384
368
359
353
354
362
389
396
408
413
409
409
405
412
413
404
396
398
412
424
417
402
369
358
354
342
334
335
337
359
372
378
385
388
370
350
331
319
312
327
350
362
373
378
362
343
330
316
318
328
349
379
377
370
368
370
385
394
410
424
423
414
392
361
362
358
352
342
332
338
347
343
331
325
311
290
280
284
296
302
291
273
253
252
253
238
239
240
219
224
220
215
227
225
218
208
206
213
229
233
227
221
203
194
191
192
206
216
219
237
247
242
248
257
262
264
257
266
276
279
275
260
246
238
233
224
224
225
214
207
206
202
223
209
215
203
187
171
152
163
177
185
177
178
157
149
145
157
166
170
175
167
155
165
198
193
184
185
178
173
178
173
168
169
176
173
153
142
124
136
138
145
150
141
154
147
131
123
115
111
118
111
103
102
93
77
78
74
68
49
42
47
60
80
94
92
105
115
123
152
160
177
177
188
191
185
186
193
199
198
201
185
173
173
173
177
170
151
146
146
156
159
161
153
145
120
98
93
96
88
88
102
97
109
109
108
104
97
93
91
73
60
74
64
51
48
45
25
18
25
20
11
-11
-12
0
-9
-24
-46
-55
-62
-60
-59
-67
-82
-88
-82
-84
-83
-84
-77
-81
-77
-69
-53
-24
-12
-13
-22
-25
-29
-18
-17
-24
-26
-31
-35
-38
-51
-66
-73
-80
-74
-73
-78
-65
-55
-59
-47
-55
-55
-62
-62
-57
-56
-55
-40
-16
-4
17
-11
-23
-40
-45
-47
-33
-23
-20
-21
-24
-10
-2
0
-4
2
-10
-16
-10
-8
-15
-21
-23
-18
-20
-9
-2
22
40
35
34
-5
-39
-45
-39
-12
-19
-26
-27
-38
-31
-35
-34
-41
-46
-67
-70
-64
-52
-32
-11
8
7
5
-10
-12
2
13
10
14
32
38
36
35
21
7
1
9
12
34
51
59
57
45
30
10
-2
-1
14
20
27
29
17
-8
-12
-20
-35
-22
-23
-22
-10
-11
-6
4
-16
-31
-36
-34
-15
-8
-10
-22
-36
-40
-56
-74
-91
-83
-76
-58
-54
-63
-78
-88
-95
-112
-111
-119
-121
-126
-117
-124
-140
-144
-150
-153
-167
-170
-179
-184
-184
-186
-177
-178
-195
-209
-218
-215
-202
-189
-175
-165
-151
-136
-127
-134
-125
-127
-116
-122
-124
-119
-111
-110
-130
-133
-139
-144
-126
-124
-107
-96
-100
-98
-116
-122
-118
-120
-120
-118
-126
-125
-122
-130
-145
-149
-154
-156
-156
-148
-152
-155
-150
-163
-154
-147
-148
-147
-149
-156
-161
-160
-163
-160
-136
-137
-135
-104
-104
-109
-121
-141
-134
-149
-153
-151
-162
-166
-180
-180
-181
-188
-179
-180
-177
-180
-181
-176
-187
-180
-161
-154
-150
-149
-157
-167
-171
-162
-161
-159
-159
-162
-156
-149
-141
-141
-142
-147
-153
-147
-132
-117
-115
-119
-114
-117
-120
-133
-143
-144
-122
-103
-96
-98
-126
-149
-163
-170
-170
-169
-178
-207
-233
-240
-241
-255
-258
-272
-281
-284
-284
-280
-296
-303
-292
-270
-244
-265
-301
-327
-347
-330
-329
-331
-320
-331
-322
-286
-281
-311
-328
-313
-297
-282
-298
-332
-337
-297
-255
-255
-298
-359
-394
-379
-348
-312
-295
-319
-342
-377
-362
-319
-274
-255
-257
-263
-286
-278
-254
-242
-239
-251
-279
-299
-298
-290
-273
-278
-299
-318
-335
-331
-326
-305
-293
-289
-283
-282
-261
-241
-236
-235
-232
-231
-211
-193
-188
-191
-211
-229
-235
-235
-252
-256
-253
-260
-254
-251
-252
-260
-261
-261
-252
-267
-269
-278
-274
-235
-230
-225
-227
-246
-247
-225
-212
-199
-202
-217
-212
-205
-209
-220
-253
-294
-298
-285
-263
-243
-243
-248
-270
-283
-271
-249
-223
-203
-188
-176
-161
-157
-155
-151
-144
-146
-156
-159
-154
-133
-124
-131
-153
-168
-162
-172
-175
-168
-172
-161
-156
-153
-140
-129
-131
-149
-147
-142
-146
-147
-123
-97
-80
-83
-103
-118
-122
-113
-119
-127
-127
-122
-126
-125
-125
-114
-114
-118
-125
-122
-99
-91
-86
-97
-113
-104
-102
-96
-89
-88
-91
-88
-87
-80
-81
-101
-113
-118
-103
-90
-81
-96
-125
-144
-128
-116
-93
-97
-90
-79
-65
-55
-57
-57
-64
-66
-76
-71
-67
-47
-54
-46
-35
-43
-52
-51
-45
-31
-23
-10
-7
-22
-25
-35
-35
-21
-25
-12
1
15
32
25
22
12
5
-11
-7
-16
-30
-29
-36
-21
-14
-26
-38
-37
-49
-62
-68
-62
-51
-42
-50
-60
-64
-61
-45
-39
-44
-49
-29
-19
-17
-7
-12
-14
-16
-16
-7
-22
-15
4
-5
0
-11
-29
-35
-31
-12
-20
-17
-5
-2
-7
-18
-15
-17
-17
-16
-22
-27
-18
-17
-32
-35
-43
-55
-53
-59
-67
-76
-79
-78
-77
-71
-71
-79
-78
-80
-85
-66
-60
-52
-43
-65
-68
-81
-83
-70
-55
-53
-53
-52
-36
-40
-49
-57
-72
-88
-93
-82
-93
-91
-92
-105
-110
-125
-132
-123
-118
-98
-95
-90
-96
-108
-117
-107
-109
-105
-93
-99
-100
-109
-109
-120
-118
-97
-89
-75
-50
-58
-80
-102
-111
-108
-98
-102
-115
-127
-142
-126
-118
-128
-152
-176
-181
-185
-173
-159
-154
-156
-172
-173
-171
-140
-120
-118
-131
-152
-168
-181
-178
-168
-162
-166
-183
-199
-214
-217
-212
-218
-211
-222
-222
-229
-236
-238
-249
-249
-237
-225
-218
-216
-201
-188
-174
-151
-129
-114
-112
-118
-134
-141
-134
-136
-135
-134
-139
-133
-132
-130
-137
-151
-150
-156
-153
-139
-134
-134
-136
-133
-133
-119
-108
-102
-80
-67
-60
-68
-84
-96
-103
-107
-112
-138
-172
-195
-202
-190
-195
-190
-199
-207
-204
-211
-209
-205
-189
-164
-152
-154
-157
-158
-153
-141
-126
-135
-129
-118
-113
-107
-112
-112
-112
-114
-124
-132
-146
-154
-144
-142
-147
-161
-180
-184
-182
-169
-148
-127
-121
-100
-99
-102
-96
-107
-104
-87
-77
-65
-55
-50
-38
-51
-54
-49
-31
-9
-18
-11
-26
-16
-12
-15
-25
-40
-35
-33
-36
-49
-44
-57
-50
-46
-54
-68
-69
-52
-52
-53
-57
-68
-82
-100
-108
-98
-94
-88
-74
-80
-70
-63
-69
-68
-75
-72
-74
-72
-65
-66
-68
-67
-70
-71
-63
-82
-85
-82
-86
-86
-83
-86
-83
-78
-78
-73
-60
-44
-39
-35
-32
-18
-26
-23
-17
-13
-2
2
-6
-23
-29
-40
-40
-34
-36
-48
-49
-62
-66
-73
-75
-79
-74
-72
-80
-78
-96
-107
-104
-105
-109
-97
-97
-104
-88
-87
-86
-84
-88
-100
-123
-121
-120
-115
-121
-141
-154
-165
-170
-169
-173
-185
-196
-205
-201
-193
-209
-197
-193
-187
-175
-191
-195
-195
-189
-202
-194
-176
-172
-176
-177
-168
-178
-183
-187
-168
-156
-145
-137
-138
-136
-147
-145
-143
-129
-118
-108
-100
-96
-101
-118
-116
-107
-81
-86
-89
-86
-101
-109
-126
-135
-159
-162
-164
-178
-188
-187
-199
-209
-195
-183
-177
-171
-159
-143
-141
-126
-116
-133
-139
-145
-156
-150
-143
-136
-137
-132
-121
-135
-157
-159
-153
-181
-179
-169
-198
-201
-184
-190
-218
-232
-244
-281
-290
-265
-246
-235
-232
-227
-245
-264
-243
-217
-204
-183
-162
-204
-220
-189
-190
-177
-187
-197
-216
-231
-235
-220
-217
-243
-227
-218
-198
-215
-218
-197
-188
-177
-172
-183
-207
-198
-164
-154
-149
-132
-141
-142
-152
-152
-157
-188
-175
-158
-182
-196
-183
-187
-169
-163
-150
-144
-173
-198
-190
-167
-177
-175
-147
-147
-170
-151
-139
-134
-116
-95
-82
-109
-136
-144
-110
-113
-144
-143
-166
-193
-189
-160
-174
-169
-159
-166
-170
-155
-117
-111
-86
-69
-64
-68
-74
-43
-41
-59
-66
-55
-65
-57
-9
-7
-41
-36
-32
-65
-75
-62
-68
-40
-37
-73
-103
-96
-90
-81
-67
-80
-82
-111
-96
-77
-71
-69
-96
-79
-90
-96
-61
-57
-80
-82
-71
-67
-46
-54
-16
-25
-40
-54
-46
-22
-18
-26
-32
-26
-50
-33
-11
-36
-41
-47
-45
-43
-56
-43
-39
-57
-60
-39
-40
-30
-22
-53
-70
-59
-85
-107
-104
-65
-108
-114
-83
-86
-136
-118
-81
-115
-92
-92
-110
-114
-95
-107
-100
-73
-61
-75
-24
19
-15
2
1
-5
-13
27
28
28
47
26
19
1
17
-4
-12
-22
-11
-70
-83
-51
-101
-89
-102
-130
-107
-118
-117
-85
-107
-154
-160
-146
-170
-165
-107
-131
-145
-89
-149
-126
-85
-103
-89
-68
-71
-71
-70
-76
-67
-80
-104
-134
-116
-95
-132
-135
-124
-161
-150
-151
-179
-168
-167
-152
-134
-142
-142
-151
-118
-116
-160
-113
-118
-139
-125
-148
-138
-130
-148
-141
-140
-110
-103
-134
-61
-66
-103
-65
-121
-104
-81
-127
-111
-77
-70
-69
-61
-18
-23
-27
-10
11
45
-6
5
58
-15
7
26
11
50
-17
6
37
6
16
25
20
-7
-52
-17
-15
-47
41
55
-6
0
20
36
25
53
27
10
74
40
57
104
47
73
138
91
119
166
154
130
179
153
118
146
167
184
168
152
160
172
68
136
173
195
190
147
191
187
199
190
256
235
190
235
191
179
182
188
163
150
143
182
141
142
207
136
130
187
165
145
148
210
189
149
171
184
185
141
189
207
242
254
277
244
238
274
211
233
217
311
283
249
280
245
252
251
293
239
283
240
299
278
234
328
315
304
282
350
296
332
321
337
376
365
369
327
398
369
399
370
382
372
341
417
365
400
405
373
400
430
303
416
494
352
458
457
491
440
407
513
451
416
503
508
438
521
466
428
405
419
471
364
453
444
372
414
445
371
350
388
408
420
358
441
440
417
462
407
434
462
389
359
407
358
374
410
377
430
351
379
372
329
348
352
382
307
339
324
322
291
312
277
324
343
292
314
291
310
289
294
246
282
306
274
289
276
298
280
180
261
230
171
224
172
225
228
123
226
201
114
198
147
144
144
157
191
112
155
175
115
126
163
160
204
86
138
187
72
167
91
94
113
115
85
96
165
86
116
156
111
100
177
79
116
231
136
132
194
140
80
184
112
95
185
113
103
164
54
60
156
80
55
104
133
54
61
87
89
6
10
125
56
15
61
124
-17
75
80
5
106
-16
20
94
12
-29
104
-12
1
121
10
-71
26
54
-152
-15
-31
-106
-1
-114
-114
36
-80
-94
51
-38
-150
20
11
-144
2
25
-86
14
-39
-62
90
-43
-70
57
6
-38
-29
3
-44
-62
69
-41
-64
74
-82
-118
17
-96
-68
7
-144
-65
-105
-147
-72
-112
-154
-139
-54
-147
-74
-64
-74
-109
-34
-42
-131
30
-14
-143
-42
-6
-144
-9
28
-139
8
-37
-151
-87
-61
-124
-70
-29
-150
-71
-78
-58
-53
-119
-182
-172
-165
-161
-133
-112
-73
-192
-182
-89
-166
-106
-36
-65
-123
-31
-96
-114
-52
-67
-22
-122
-160
-84
-80
-203
-46
-33
-164
-73
-66
-94
-14
-80
-106
18
-27
-50
-10
-8
-26
-65
-46
-20
-34
-38
-77
-13
-78
-145
-93
-115
-166
-140
-58
-155
-134
-33
-152
-118
-56
-119
-65
-75
-108
-86
44
-95
-1
9
-71
-46
2
-13
-15
92
-89
24
-2
-57
-16
26
-80
-132
-44
-121
-49
-114
-100
-139
-146
-139
-131
-122
-88
-67
-145
-51
-39
-123
11
9
-68
38
-80
17
72
-79
12
-9
-63
-50
-98
-82
-21
-80
-96
1
-17
-79
-59
-14
-121
-81
-112
-118
-56
-136
16
-56
-174
-53
-64
-148
-21
-117
-92
20
-49
-52
60
-70
-53
98
-84
-40
60
11
-84
129
-89
-60
44
-133
0
-2
-55
-33
-14
-56
-23
-24
-67
-63
-112
-5
-85
-84
4
-159
-57
-127
-137
-83
-111
-164
-33
-158
-167
-34
-169
-124
-80
-169
-149
-30
-233
-85
-21
-131
-148
-78
-45
-97
-90
-17
28
-167
41
-106
-115
1
-91
-121
-75
45
-150
-62
-23
-81
-142
3
-177
-90
-28
-252
1
-145
-124
-155
-9
-186
-105
-117
-202
-95
-177
-94
-176
-72
-222
-81
-159
-159
-107
-157
-61
-182
30
-294
-14
-104
-163
-90
-44
-221
-166
11
-357
-33
-172
-171
-222
-106
-228
-250
-56
-292
-185
-173
-176
-287
-93
-231
-210
-157
-230
-124
-202
-122
-172
-170
-142
-260
-138
-124
-236
-162
-101
-270
-98
-176
-222
-26
-261
-196
-28
-262
-163
-55
-302
-146
-151
-274
-94
-193
-224
-82
-217
-123
-166
-140
-123
-139
-184
-123
-203
-184
-196
-138
-263
-222
-181
-283
-234
-319
-258
-304
-278
-265
-268
-247
-182
-385
-147
-285
-253
-210
-226
-406
-124
-298
-374
-95
-317
-283
-157
-282
-353
-127
-367
-279
-137
-448
-147
-267
-496
-115
-318
-422
-169
-350
-431
-178
-574
-189
-267
-559
-272
-274
-500
-343
-167
-443
-241
-235
-349
-333
-226
-372
-238
-314
-299
-380
-255
-256
-521
-172
-286
-401
-369
-141
-439
-217
-245
-424
-156
-391
-285
-288
-339
-235
-310
-253
-201
-284
-269
-147
-434
-241
-242
-329
-273
-228
-233
-383
-216
-299
-309
-308
-279
-388
-326
-293
-427
-262
-336
-361
-301
-283
-452
-248
-309
-458
-172
-395
-349
-281
-464
-297
-223
-585
-288
-374
-571
-274
-438
-531
-258
-432
-561
-296
-448
-403
-338
-501
-233
-226
-529
-297
-99
-533
-298
-223
-331
-347
-298
-285
-365
-293
-414
-291
-394
-367
-387
-310
-388
-449
-287
-419
-450
-458
-258
-589
-401
-238
-594
-241
-302
-495
-282
-293
-579
-173
-389
-538
-162
-419
-415
-311
-343
-457
-341
-392
-347
-317
-432
-203
-439
-360
-267
-430
-378
-271
-495
-284
-233
-599
-132
-293
-600
-129
-322
-483
-168
-352
-434
-156
-398
-488
-166
-456
-444
-302
-378
-420
-332
-361
-353
-378
-336
-289
-467
-208
-381
-355
-232
-389
-310
-217
-440
-314
-199
-473
-240
-172
-396
-223
-181
-458
-149
-313
-391
-160
-361
-263
-178
-290
-351
-119
-438
-247
-232
-434
-224
-258
-504
-210
-271
-512
-215
-297
-469
-225
-309
-450
-73
-413
-423
-60
-439
-388
-86
-441
-278
-182
-431
-179
-322
-308
-207
-380
-92
-449
-149
-258
-380
-151
-277
-371
-216
-232
-482
-60
-458
-220
-368
-240
-278
-396
-78
-419
-176
-235
-257
-349
-34
-399
-214
-175
-263
-233
-271
-172
-311
-172
-273
-210
-139
-395
-118
-215
-324
-233
-62
-438
-8
-193
-261
-57
-246
-155
-300
-29
-457
101
-374
-131
-137
-200
-184
-272
-40
-352
-123
-230
-129
-351
-240
-238
-402
-154
-464
-144
-327
-398
-201
-392
-230
-428
-156
-406
-143
-423
-68
-326
-338
-84
-400
-171
-294
-168
-283
-138
-319
-135
-269
-310
-205
-208
-359
-89
-368
-250
-248
-294
-347
-312
-335
-376
-379
-290
-304
-440
-181
-458
-400
-104
-525
-262
-173
-389
-348
-119
-404
-182
-203
-378
-162
-396
-153
-415
-140
-336
-307
-304
-299
-239
-340
-239
-364
-143
-514
-76
-420
-275
-211
-343
-332
-214
-282
-364
-112
-307
-352
-301
-248
-469
-300
-165
-546
-140
-333
-456
-277
-298
-499
-296
-261
-553
-213
-444
-311
-474
-84
-615
-108
-383
-374
-232
-426
-215
-405
-372
-335
-303
-490
-248
-448
-409
-472
-406
-432
-334
-475
-425
-431
-393
-492
-493
-211
-617
-372
-338
-421
-469
-294
-523
-379
-299
-619
-214
-464
-449
-223
-486
-439
-309
-563
-476
-328
-467
-601
-125
-681
-317
-401
-451
-514
-296
-563
-584
-228
-658
-384
-387
-440
-534
-246
-632
-377
-369
-535
-480
-398
-513
-480
-339
-489
-424
-466
-479
-335
-522
-412
-297
-503
-400
-328
-535
-314
-455
-470
-344
-479
-396
-452
-406
-461
-461
-498
-327
-549
-437
-357
-484
-515
-299
-615
-392
-307
-623
-301
-354
-564
-375
-305
-544
-293
-479
-390
-409
-466
-440
-454
-393
-459
-433
-425
-525
-328
-568
-356
-279
-600
-205
-478
-410
-394
-392
-595
-217
-541
-401
-317
-456
-327
-488
-217
-605
-310
-451
-367
-425
-359
-418
-390
-426
-341
-486
-405
-281
-569
-343
-223
-561
-296
-290
-470
-386
-349
-386
-493
-228
-536
-261
-343
-351
-353
-276
-405
-320
-290
-366
-311
-339
-310
-277
-341
-389
-219
-419
-387
-178
-512
-244
-287
-526
-157
-426
-388
-330
-335
-428
-415
-342
-328
-592
-323
-343
-602
-312
-438
-509
-361
-415
-428
-278
-445
-306
-350
-266
-467
-195
-434
-287
-177
-472
-191
-300
-470
-267
-194
-569
-159
-292
-478
-256
-195
-489
-274
-177
-587
-222
-171
-662
-111
-418
-450
-334
-434
-388
-340
-550
-233
-497
-446
-271
-515
-332
-274
-518
-336
-344
-395
-352
-390
-307
-450
-328
-339
-430
-352
-357
-361
-403
-436
-292
-572
-340
-333
-498
-380
-370
-552
-377
-404
-529
-303
-635
-321
-587
-365
-581
-421
-546
-428
-551
-469
-256
-668
-246
-517
-514
-441
-469
-415
-517
-278
-607
-447
-457
-623
-492
-428
-538
-545
-286
-805
-154
-733
-530
-210
-856
-253
-564
-498
-436
-468
-571
-351
-515
-469
-357
-616
-276
-664
-452
-352
-599
-378
-382
-544
-452
-260
-652
-395
-373
-659
-385
-469
-471
-411
-529
-378
-495
-469
-332
-505
-373
-337
-367
-412
-308
-483
-341
-424
-407
-403
-406
-448
-488
-328
-583
-400
-316
-766
-149
-672
-367
-445
-441
-446
-288
-446
-405
-300
-444
-326
-381
-305
-292
-303
-336
-290
-335
-317
-313
-264
-424
-175
-399
-293
-234
-293
-380
-136
-446
-255
-235
-389
-175
-270
-148
-344
-124
-309
-125
-329
-194
-280
-188
-189
-264
-148
-259
-169
-281
-116
-268
-77
-261
-43
-243
-73
-170
-245
0
-233
-164
-132
-100
-267
-45
-186
-219
-12
-314
-98
-127
-204
-76
-50
-303
80
-275
-189
15
-382
27
-312
28
-172
-260
70
-172
-254
135
-259
-309
335
-529
-32
38
-387
7
-109
-256
-147
-35
-321
-61
-91
-306
-139
-43
-397
-75
-6
-495
174
-207
-287
130
-168
-218
104
-266
-70
83
-123
-124
129
-199
-138
108
-159
-88
52
-186
-107
-59
-146
-134
-13
-176
-17
-123
-87
-96
-98
107
-299
109
-163
-22
-101
29
-113
15
-116
-64
54
-186
162
-269
239
-141
-67
-17
8
-167
62
-3
-376
258
-249
-75
175
-211
-79
133
-167
-20
136
-62
-43
150
-113
103
81
-21
89
94
-180
235
1
-123
285
-189
-86
288
-196
-107
457
-330
113
200
-14
-140
435
-243
69
288
-67
104
190
92
-134
292
-158
284
-137
294
-72
-6
15
147
-184
68
188
-430
416
-235
-46
103
36
-165
152
220
-284
414
-250
150
-113
219
-155
133
130
-193
199
-170
265
-263
228
-108
16
0
-60
-65
-165
325
-427
179
17
-406
44
-93
-241
-35
47
-468
35
-107
-309
109
-196
-88
-18
-172
-242
135
-254
-126
143
-409
-15
-130
-331
139
-243
-252
101
-355
-213
80
-291
-183
175
-460
116
-94
-207
-80
-16
-131
-130
145
-279
145
-213
-58
-91
-135
3
-208
53
-253
25
-514
177
-267
-181
-17
-84
-193
-270
167
-540
159
-171
-139
-19
38
-79
-242
193
-123
-127
156
-46
-228
199
-77
-389
332
-424
-123
213
-216
-172
127
-209
-236
195
-357
-12
79
-170
-162
258
-315
1
99
-257
101
-119
-79
22
12
-236
257
-230
21
20
-173
51
-191
1
-263
169
-229
49
-22
-78
-66
-101
0
-276
184
-245
-45
-25
-151
29
-227
18
-109
-155
-114
-129
-248
-69
-43
-292
167
-247
-241
113
-289
4
-181
-63
-159
-196
112
-420
23
-119
-215
-218
73
-436
-102
107
-551
62
-218
-296
-62
-263
-192
-187
-249
-198
-265
-293
-175
-212
-329
-15
-435
-99
-261
-205
-209
-334
-32
-380
-161
-220
-218
-443
28
-499
-192
-57
-494
-67
-310
-83
-491
-127
-240
-397
-119
-249
-325
-289
-36
-490
-167
-21
-420
-161
-144
-377
-348
88
-585
-196
-90
-458
-206
-266
-236
-334
-178
-400
-197
-419
-30
-570
-363
-20
-596
-278
-219
-295
-394
-80
-490
-387
-33
-589
-107
-305
-420
-195
-442
-207
-591
-97
-347
-397
-413
-72
-643
-248
-53
-652
-221
-327
-366
-332
-262
-401
-167
-462
-440
-242
-432
-225
-510
-289
-172
-656
-272
-151
-722
-80
-307
-897
233
-763
-497
119
-793
-208
-224
-831
79
-443
-770
226
-679
-359
-63
-754
-210
-139
-743
-106
-190
-851
61
-529
-597
-53
-676
-346
-60
-859
-187
-277
-849
-51
-656
-650
-34
-821
-379
-294
-618
-435
-241
-547
-357
-405
-378
-491
-246
-484
-516
-215
-559
-405
-345
-469
-406
-200
-618
-243
-433
-514
-231
-366
-588
-119
-479
-665
23
-792
-392
-12
-800
-318
-391
-591
-221
-521
-314
-390
-593
-241
-460
-436
-28
-897
-74
-291
-672
30
-514
-330
-451
-315
-472
-306
-392
-395
-255
-455
-272
-621
-101
-572
-156
-273
-331
-274
-614
114
-653
-162
-248
-371
-220
-312
-352
-384
-136
-645
-286
-207
-269
-469
-268
-237
-487
-26
-541
-258
-237
-432
-261
-384
-54
-634
-184
-273
-199
-263
-312
-434
-65
-354
-458
12
-381
-169
-475
-215
-36
-516
-428
-139
-256
-273
-392
-235
-311
-439
-322
-341
-77
-427
-571
-6
-367
-427
-92
-218
-87
-171
-390
84
-97
-418
-20
-394
-148
-398
-587
-295
-257
-745
-428
-304
-644
-416
-381
-544
-279
-544
-696
-166
-431
-518
-271
-413
-257
-426
-303
-176
-310
-220
-198
-285
-164
-191
-368
-64
-283
-493
-293
-184
-643
-274
-403
-638
-85
-610
-623
-81
-529
-620
-40
-546
-436
-155
-521
-295
-327
-415
-462
-221
-430
-358
-286
-405
-160
-501
-319
-325
-463
-345
-342
-467
-114
-400
-618
-169
-616
-404
-323
-514
-318
-445
-640
-372
-456
-524
-341
-501
-362
-322
-558
-304
-360
-510
-252
-350
-487
-334
-409
-535
-273
-350
-464
-414
-414
-433
-460
-417
-462
-453
-360
-382
-395
-437
-520
-423
-589
-353
-403
-526
-376
-471
-493
-372
-463
-496
-278
-465
-395
-400
-458
-376
-488
-405
-293
-461
-349
-468
-481
-346
-523
-457
-382
-478
-488
-296
-594
-369
-477
-587
-313
-449
-545
-503
-559
-492
-395
-570
-461
-440
-490
-485
-380
-339
-478
-397
-478
-488
-411
-401
-476
-312
-400
-595
-358
-471
-515
-359
-396
-387
-356
-386
-479
-325
-365
-364
-358
-396
-345
-372
-443
-398
-354
-407
-356
-363
-381
-356
-472
-459
-362
-416
-460
-435
-470
-475
-469
-495
-506
-437
-586
-517
-439
-532
-515
-471
-421
-455
-412
-522
-558
-494
-461
-531
-512
-491
-645
-618
-589
-601
-644
-592
-638
-562
-624
-721
-729
-616
-594
-577
-439
-493
-542
-677
-581
-588
-583
-348
-425
-461
-337
-540
-546
-350
-423
-482
-264
-382
-430
-355
-454
-472
-446
-518
-536
-455
-550
-503
-539
-611
-552
-593
-652
-571
-550
-500
-439
-511
-367
-407
-348
-305
-377
-272
-379
-328
-290
-275
-254
-332
-423
-439
-412
-540
-541
-517
-654
-734
-730
-739
-811
-806
-876
-854
-781
-952
-846
-783
-793
-767
-710
-697
-765
-595
-662
-472
-450
-521
-489
-493
-439
-412
-434
-356
-294
-444
-349
-474
-462
-480
-540
-490
-452
-558
-576
-533
-643
-637
-640
-670
-609
-619
-603
-540
-652
-677
-685
-652
-557
-480
-502
-453
-437
-506
-481
-514
-482
-431
-462
-368
-331
-390
-419
-429
-460
-480
-397
-509
-476
-505
-655
-619
-684
-684
-739
-822
-816
-858
-1039
-1010
-992
-1011
-899
-945
-911
-969
-1003
-926
-920
-897
-861
-889
-935
-819
-831
-861
-860
-765
-798
-813
-652
-720
-719
-728
-752
-685
-506
-553
-625
-589
-688
-707
-493
-295
-295
-370
-528
-756
-804
-863
-912
-756
-741
-954
-1086
-1170
-1401
-1482
-1393
-1253
-1006
-952
-912
-923
-951
-979
-923
-616
-310
-88
-20
58
-80
-198
-187
-132
38
218
240
90
32
-227
-434
-487
-393
-373
-334
-392
-671
-818
-1023
-1065
-959
-853
-745
-748
-794
-825
-859
-883
-824
-670
-537
-489
-601
-677
-922
-1039
-1126
-1126
-1158
-1178
-1220
-1265
-1278
-1481
-1498
-1457
-1232
-985
-707
-473
-491
-496
-386
-276
-162
-33
161
234
209
216
210
27
-208
-294
-322
-336
-389
-636
-864
-1094
-1534
-1735
-1807
-1830
-1764
-1691
-1617
-1562
-1601
-1594
-1335
-1020
-649
-484
-232
86
228
354
351
421
545
581
659
657
557
286
104
-10
-196
-283
-363
-420
-498
-584
-832
-957
-860
-942
-823
-658
-586
-560
-453
-496
-354
-268
-217
-82
47
125
-4
-42
-129
-259
-478
-561
-718
-904
-1122
-1401
-1701
-1905
-2085
-2157
-2002
-1913
-1894
-1702
-1580
-1333
-997
-706
-516
-233
123
247
376
465
658
668
600
548
567
483
139
-149
-187
-300
-642
-973
-1213
-1408
-1767
-2046
-2181
-2203
-2179
-2209
-2118
-1821
-1714
-1673
-1358
-861
-366
-161
98
491
709
784
729
784
902
843
824
785
635
240
-129
-295
-391
-508
-780
-855
-842
-1047
-1086
-1191
-1220
-1164
-1045
-810
-586
-433
-533
-439
-331
-152
-103
23
123
45
26
-120
-271
-408
-521
-683
-783
-1055
-1382
-1595
-1890
-2046
-1989
-1945
-2115
-2318
-2367
-2171
-1785
-1440
-824
-240
-159
-293
-122
252
532
504
698
990
928
601
285
158
-200
-578
-724
-504
-512
-980
-1540
-1955
-2199
-2455
-2678
-2516
-2177
-2026
-2011
-1920
-1820
-1719
-1550
-1040
-205
448
630
661
800
840
816
810
852
919
775
462
215
-104
-495
-842
-942
-952
-1020
-1163
-1350
-1396
-1403
-1407
-1391
-1120
-832
-684
-542
-504
-422
-305
-148
-13
204
230
95
54
-164
-233
-482
-667
-761
-887
-1107
-1401
-1686
-1936
-2081
-2281
-2255
-2216
-2112
-2019
-1826
-1664
-1442
-1222
-747
20
419
504
400
568
777
677
695
929
934
425
-205
-431
-463
-726
-1161
-1347
-1219
-1464
-1929
-2232
-2376
-2411
-2584
-2565
-2361
-1964
-1811
-1775
-1514
-1200
-935
-680
-110
522
965
876
767
841
859
728
514
482
397
79
-236
-591
-867
-1130
-1386
-1398
-1273
-1326
-1436
-1448
-1273
-1010
-879
-811
-635
-315
-112
-11
79
158
170
203
220
298
185
-8
-204
-507
-636
-831
-1084
-1270
-1442
-1633
-1876
-1998
-2065
-2109
-2220
-2259
-2140
-1885
-1632
-1482
-1221
-1016
-641
-99
511
867
723
518
562
663
597
637
661
388
-110
-649
-851
-1074
-1518
-1752
-1648
-1473
-1547
-1902
-2288
-2429
-2448
-2424
-2253
-1934
-1609
-1372
-1249
-1082
-920
-777
-521
-24
625
918
890
754
671
482
204
49
-47
-96
-298
-549
-867
-1234
-1455
-1593
-1449
-1299
-1222
-1141
-1066
-904
-754
-664
-521
-255
58
260
221
108
-24
-48
-19
33
-50
-135
-417
-808
-978
-1247
-1388
-1482
-1467
-1460
-1589
-1830
-2048
-2131
-2179
-2078
-2126
-1832
-1689
-1469
-1315
-1182
-1000
-667
53
602
920
605
372
365
411
345
396
504
214
-435
-961
-1124
-1323
-1621
-1894
-1703
-1346
-1366
-1716
-2181
-2373
-2344
-2181
-1958
-1629
-1246
-1099
-1056
-938
-743
-595
-398
156
750
1110
967
616
442
295
155
42
-44
-176
-388
-636
-925
-1187
-1368
-1389
-1238
-1028
-814
-777
-701
-631
-506
-396
-234
-4
267
434
340
167
27
-95
-89
-37
-149
-301
-584
-762
-967
-1239
-1464
-1538
-1481
-1398
-1398
-1526
-1601
-1694
-1804
-1857
-1708
-1562
-1375
-1167
-984
-794
-757
-624
-104
560
750
495
279
313
338
226
235
425
215
-442
-904
-946
-937
-1350
-1752
-1610
-1222
-1139
-1475
-1821
-1998
-1907
-1877
-1810
-1507
-1191
-974
-860
-702
-559
-511
-421
32
680
1013
867
587
422
276
82
-128
-198
-222
-351
-555
-864
-1163
-1314
-1255
-1091
-902
-729
-638
-498
-397
-262
-236
-214
-101
196
425
373
120
-133
-260
-271
-266
-338
-468
-662
-829
-1047
-1209
-1454
-1608
-1574
-1425
-1311
-1320
-1497
-1598
-1707
-1743
-1728
-1533
-1260
-1028
-868
-824
-717
-473
150
722
830
456
169
277
364
329
378
410
74
-659
-1063
-1009
-1059
-1487
-1751
-1438
-954
-950
-1403
-1891
-1984
-1795
-1590
-1372
-1192
-978
-891
-838
-683
-531
-443
-246
220
821
1107
857
440
209
189
187
97
-17
-167
-292
-585
-809
-1047
-1106
-948
-828
-589
-484
-391
-430
-333
-207
-59
33
175
317
351
277
-2
-126
-217
-231
-289
-321
-562
-718
-919
-1130
-1269
-1461
-1507
-1513
-1405
-1327
-1369
-1416
-1456
-1483
-1447
-1496
-1473
-1245
-1022
-853
-781
-522
13
807
1192
776
305
206
427
519
629
886
734
-126
-1096
-1316
-1084
-1265
-1734
-1678
-1131
-762
-1129
-1813
-2244
-2194
-1840
-1325
-829
-676
-846
-1020
-861
-505
-233
-122
266
901
1256
1096
715
440
262
227
238
328
129
-276
-778
-1081
-1204
-1205
-1100
-967
-762
-735
-731
-747
-706
-479
-110
115
369
410
374
149
45
-51
3
49
-34
-106
-340
-481
-789
-968
-1122
-1226
-1257
-1273
-1221
-1219
-1348
-1566
-1580
-1423
-1281
-1305
-1312
-1339
-1186
-1005
-853
-631
-343
374
1062
1156
626
181
257
405
455
681
917
525
-480
-1215
-1202
-1079
-1416
-1716
-1432
-853
-767
-1321
-1935
-2115
-1849
-1461
-1062
-732
-630
-783
-839
-592
-248
-26
136
494
1046
1316
1066
622
420
348
347
331
206
-120
-579
-973
-1116
-1154
-1145
-1103
-960
-801
-684
-662
-653
-476
-214
36
159
324
410
425
207
60
-6
-54
-112
-265
-376
-461
-617
-810
-953
-1108
-1337
-1435
-1521
-1366
-1304
-1318
-1421
-1419
-1372
-1468
-1544
-1590
-1414
-1171
-869
-650
-167
495
927
712
202
39
321
546
616
806
880
254
-883
-1473
-1332
-1234
-1492
-1671
-1363
-998
-1216
-1826
-2244
-2207
-1845
-1406
-1049
-761
-744
-979
-1115
-876
-437
-52
218
547
927
1008
771
463
220
189
215
255
140
-250
-761
-1222
-1377
-1298
-1146
-1059
-1059
-1015
-975
-835
-685
-475
-180
58
282
377
412
228
83
-49
-30
31
-33
-346
-642
-858
-922
-988
-1071
-1256
-1355
-1468
-1568
-1590
-1540
-1526
-1565
-1407
-1405
-1317
-1547
-1517
-1464
-1195
-851
-614
-121
540
1095
836
246
16
256
439
511
886
1087
421
-943
-1604
-1417
-1165
-1493
-1797
-1515
-1143
-1223
-1888
-2275
-2206
-1794
-1308
-914
-629
-589
-798
-978
-756
-223
192
496
753
920
926
734
559
474
399
361
295
172
-133
-614
-1051
-1251
-1116
-904
-757
-823
-936
-913
-783
-474
-136
185
397
512
637
568
491
314
195
184
275
200
-107
-500
-786
-870
-937
-959
-1059
-1134
-1383
-1606
-1666
-1498
-1344
-1355
-1293
-1231
-1194
-1341
-1435
-1364
-1123
-860
-554
-22
682
1232
965
285
-78
210
558
629
838
1009
542
-690
-1577
-1633
-1388
-1517
-1764
-1552
-1205
-1276
-1907
-2402
-2305
-1769
-1282
-973
-759
-597
-643
-837
-785
-334
133
459
713
902
991
750
453
276
253
270
232
-49
-389
-728
-1014
-1176
-1257
-1102
-995
-965
-1020
-945
-799
-570
-272
8
282
431
478
505
404
214
50
10
56
-33
-236
-629
-888
-1110
-1135
-1191
-1139
-1337
-1583
-1813
-1823
-1662
-1710
-1619
-1470
-1233
-1387
-1623
-1702
-1474
-1154
-986
-603
126
999
1232
617
-91
-130
273
486
658
1001
1091
211
-1149
-1789
-1568
-1397
-1688
-1811
-1477
-1162
-1566
-2376
-2776
-2502
-1866
-1354
-961
-722
-664
-839
-961
-690
-203
213
556
833
1010
924
647
441
305
235
123
81
-106
-378
-832
-1269
-1525
-1449
-1236
-1068
-998
-1039
-1005
-1003
-752
-393
-5
235
355
483
534
459
165
-29
-6
107
-14
-358
-792
-1090
-1292
-1441
-1488
-1459
-1494
-1752
-1987
-1929
-1714
-1719
-1807
-1702
-1356
-1289
-1481
-1580
-1383
-1024
-858
-516
163
1057
1219
568
-62
-50
286
354
545
928
978
2
-1299
-1817
-1620
-1500
-1854
-1910
-1611
-1416
-1896
-2605
-2832
-2474
-1745
-1261
-948
-815
-770
-852
-834
-444
59
488
703
886
975
932
753
498
334
198
135
-40
-308
-611
-874
-1207
-1400
-1379
-1167
-1022
-1096
-1035
-956
-738
-627
-315
75
428
565
514
512
397
295
92
17
41
-86
-472
-907
-1123
-1246
-1363
-1494
-1521
-1645
-1929
-2137
-2074
-1741
-1667
-1763
-1793
-1563
-1386
-1423
-1381
-1173
-680
-191
446
1060
1249
771
164
206
549
755
830
1063
998
140
-1049
-1706
-1687
-1546
-1600
-1690
-1642
-1736
-2235
-2866
-3033
-2526
-1884
-1529
-1335
-1060
-810
-834
-847
-577
-15
417
657
900
1059
1035
837
681
500
303
149
-2
-156
-414
-707
-1055
-1359
-1466
-1339
-1158
-1078
-1091
-1113
-979
-717
-386
-30
319
555
514
379
252
246
178
105
26
-35
-328
-797
-1201
-1452
-1598
-1783
-1849
-1874
-1953
-2226
-2388
-2160
-1806
-1686
-1940
-2054
-1922
-1591
-1339
-1105
-757
-310
303
832
992
648
260
214
456
691
971
1244
961
17
-1044
-1474
-1500
-1501
-1608
-1580
-1468
-1727
-2390
-3175
-3368
-2924
-2270
-1883
-1727
-1541
-1308
-1146
-1096
-861
-441
84
577
944
1127
1090
925
746
570
396
166
-21
-125
-289
-554
-953
-1285
-1472
-1486
-1430
-1266
-1151
-1142
-1127
-951
-655
-344
19
298
414
296
154
141
143
112
-25
-104
-281
-577
-913
-1219
-1450
-1733
-1893
-1941
-1892
-1978
-2182
-2291
-2224
-2024
-2031
-2014
-1935
-1633
-1325
-1088
-839
-501
101
734
1153
1022
640
449
465
594
891
1324
1333
575
-499
-1112
-1177
-1183
-1293
-1455
-1472
-1606
-2066
-2672
-3036
-2865
-2465
-2117
-1959
-1736
-1412
-1199
-1042
-854
-536
-176
227
669
1128
1483
1527
1261
891
605
464
442
457
418
151
-336
-757
-947
-1039
-1193
-1289
-1152
-913
-766
-786
-713
-501
-116
174
383
386
294
257
266
301
179
32
-175
-325
-424
-601
-863
-1213
-1485
-1650
-1673
-1648
-1737
-1833
-1878
-1780
-1709
-1721
-1777
-1721
-1417
-1128
-806
-439
130
718
1030
923
600
502
509
561
779
1277
1600
1225
315
-526
-790
-780
-763
-844
-910
-990
-1365
-1941
-2456
-2585
-2495
-2453
-2360
-2110
-1640
-1282
-1116
-1104
-1003
-692
-307
151
628
1152
1595
1727
1458
984
682
628
763
867
757
435
32
-248
-499
-776
-1063
-1168
-1034
-819
-699
-726
-679
-550
-354
-197
-146
-177
-175
-38
97
169
66
-101
-248
-302
-362
-509
-690
-874
-1047
-1285
-1445
-1522
-1540
-1560
-1534
-1528
-1565
-1686
-1798
-1798
-1658
-1355
-1014
-625
-235
160
340
271
101
52
143
239
553
1026
1317
1071
467
-32
-275
-325
-394
-495
-599
-753
-1061
-1525
-1886
-2132
-2295
-2438
-2457
-2241
-1951
-1664
-1477
-1352
-1290
-1131
-837
-437
50
534
979
1193
1073
776
598
670
817
853
718
560
427
273
17
-288
-505
-631
-689
-729
-738
-647
-475
-361
-357
-439
-531
-642
-693
-556
-352
-205
-220
-351
-471
-550
-634
-767
-849
-861
-867
-954
-1035
-1084
-1147
-1201
-1269
-1318
-1347
-1428
-1532
-1565
-1497
-1358
-1156
-925
-601
-292
-177
-233
-357
-412
-412
-206
246
745
914
661
311
69
-13
-53
-111
-131
-185
-364
-709
-1061
-1321
-1484
-1703
-1939
-2034
-1935
-1724
-1562
-1463
-1410
-1320
-1192
-1016
-727
-326
155
545
681
565
417
453
611
727
760
825
828
734
536
332
194
79
-38
-187
-242
-206
-134
-126
-150
-174
-244
-399
-579
-670
-577
-408
-335
-386
-471
-503
-540
-573
-605
-598
-621
-710
-773
-802
-740
-721
-756
-808
-852
-956
-1118
-1250
-1301
-1240
-1119
-991
-872
-680
-409
-191
-136
-237
-399
-466
-308
57
514
787
761
525
223
54
-20
-26
-35
-129
-281
-467
-686
-936
-1119
-1268
-1399
-1514
-1555
-1462
-1329
-1187
-1052
-954
-882
-832
-684
-406
-53
206
295
311
314
387
445
485
528
573
546
450
384
358
348
249
105
-23
-95
-145
-168
-129
-50
-58
-196
-378
-488
-488
-447
-404
-420
-445
-490
-540
-584
-578
-584
-676
-819
-929
-937
-885
-897
-953
-971
-966
-982
-1117
-1286
-1399
-1422
-1399
-1339
-1224
-1099
-1012
-950
-773
-538
-433
-536
-660
-567
-341
-119
73
213
259
136
-64
-230
-321
-395
-460
-467
-489
-545
-711
-941
-1112
-1199
-1255
-1333
-1431
-1483
-1417
-1289
-1143
-1061
-1039
-925
-731
-541
-469
-425
-299
-128
-40
-45
-4
99
162
141
103
86
69
21
-49
-35
42
50
-42
-155
-216
-243
-291
-380
-406
-382
-374
-374
-417
-443
-497
-567
-648
-699
-698
-701
-751
-850
-898
-943
-999
-1080
-1093
-1032
-944
-860
-904
-1035
-1231
-1339
-1375
-1353
-1264
-1208
-1177
-1127
-995
-843
-681
-558
-447
-353
-274
-198
-149
-60
83
216
218
48
-164
-322
-401
-401
-362
-348
-411
-547
-734
-877
-952
-1016
-1135
-1278
-1351
-1289
-1121
-965
-845
-751
-702
-702
-656
-573
-464
-329
-202
-78
42
91
104
132
128
107
7
-20
71
242
364
350
268
163
43
-72
-153
-112
-32
-5
-59
-144
-182
-241
-348
-477
-535
-534
-544
-587
-659
-678
-670
-730
-856
-909
-861
-802
-740
-733
-748
-814
-901
-975
-1004
-1026
-1034
-1099
-1117
-995
-835
-672
-587
-469
-277
-125
-66
-86
-65
-35
87
221
294
217
19
-173
-346
-395
-390
-353
-349
-417
-528
-653
-741
-824
-880
-968
-1064
-1130
-1096
-934
-753
-616
-584
-640
-675
-636
-565
-483
-313
-134
-19
14
35
96
148
163
136
146
192
301
431
542
591
471
260
47
-31
6
70
95
54
6
-53
-176
-335
-432
-439
-406
-472
-590
-667
-638
-595
-657
-734
-761
-743
-728
-732
-706
-677
-679
-773
-890
-953
-970
-1010
-1104
-1145
-1131
-1043
-990
-851
-568
-186
81
89
-42
-132
-120
-23
146
367
476
369
86
-213
-354
-362
-308
-302
-376
-479
-610
-729
-829
-896
-982
-1110
-1221
-1277
-1162
-927
-708
-636
-700
-773
-813
-756
-615
-383
-142
22
53
6
-21
-11
42
128
210
270
312
359
423
458
391
212
-19
-161
-167
-124
-74
-81
-117
-195
-364
-540
-634
-586
-507
-519
-603
-655
-648
-659
-700
-745
-735
-715
-743
-814
-833
-817
-809
-889
-981
-1007
-1035
-1131
-1251
-1282
-1217
-1126
-1030
-815
-454
-49
183
161
71
34
64
173
389
699
820
629
254
-53
-195
-236
-191
-181
-211
-357
-547
-730
-854
-909
-1032
-1159
-1239
-1222
-1086
-902
-698
-605
-626
-702
-677
-541
-294
-1
257
428
456
427
378
415
507
625
710
721
707
719
748
718
599
396
187
44
0
0
40
50
16
-107
-274
-421
-475
-447
-400
-369
-370
-356
-337
-353
-393
-427
-472
-492
-519
-563
-575
-578
-613
-694
-771
-859
-972
-1097
-1141
-1084
-1008
-925
-801
-483
-68
261
318
219
162
143
218
454
833
1087
972
603
206
-27
-121
-138
-129
-126
-188
-387
-667
-909
-1021
-1128
-1288
-1432
-1416
-1227
-1004
-771
-673
-717
-822
-845
-689
-383
42
417
653
682
572
472
477
591
708
800
823
806
795
771
677
462
196
-74
-233
-275
-245
-129
-102
-186
-374
-584
-686
-690
-593
-514
-440
-431
-431
-440
-403
-392
-430
-506
-565
-558
-584
-607
-650
-724
-833
-1004
-1124
-1214
-1291
-1349
-1318
-1229
-1099
-887
-541
-178
2
-13
-104
-100
60
359
791
1105
1139
837
416
116
-9
-1
11
-51
-241
-480
-739
-1030
-1277
-1474
-1650
-1797
-1847
-1742
-1487
-1189
-1002
-1004
-1088
-1089
-943
-646
-238
194
547
708
685
589
534
596
618
613
613
677
784
791
653
357
-17
-381
-578
-570
-417
-313
-309
-415
-580
-764
-958
-1013
-928
-768
-626
-523
-462
-467
-468
-519
-589
-682
-681
-595
-519
-490
-580
-764
-1033
-1285
-1467
-1517
-1495
-1438
-1413
-1405
-1286
-1031
-630
-322
-181
-209
-267
-223
-26
438
970
1329
1222
818
396
131
72
101
215
200
7
-422
-904
-1238
-1471
-1657
-1944
-2140
-2147
-1932
-1619
-1385
-1289
-1361
-1434
-1376
-1037
-541
-35
434
726
864
803
714
701
816
970
1025
1019
983
999
939
741
367
-82
-430
-621
-581
-424
-295
-353
-574
-841
-1038
-1098
-1035
-893
-692
-556
-486
-500
-444
-409
-428
-480
-558
-569
-534
-463
-446
-535
-703
-949
-1196
-1418
-1523
-1515
-1484
-1425
-1374
-1236
-912
-400
-1
34
-156
-319
-279
-2
575
1244
1605
1421
833
327
79
92
203
295
226
-66
-469
-984
-1419
-1729
-1946
-2182
-2432
-2489
-2343
-1978
-1651
-1548
-1706
-1897
-1761
-1277
-528
134
613
847
889
872
809
907
1047
1214
1238
1132
1012
918
817
556
164
-343
-727
-859
-789
-585
-476
-555
-832
-1130
-1309
-1296
-1085
-843
-686
-641
-593
-585
-569
-518
-498
-478
-528
-561
-631
-666
-773
-967
-1235
-1488
-1636
-1730
-1761
-1829
-1861
-1915
-1962
-1804
-1285
-494
-3
36
-222
-413
-397
-69
650
1432
1770
1375
660
110
-36
105
265
277
-34
-490
-999
-1396
-1684
-1941
-2227
-2635
-2942
-3014
-2718
-2243
-1860
-1817
-2094
-2238
-2004
-1278
-457
249
718
882
854
709
739
949
1232
1320
1164
899
715
669
557
304
-174
-715
-1039
-1100
-864
-637
-555
-761
-1090
-1363
-1383
-1144
-814
-536
-520
-615
-756
-715
-533
-341
-269
-413
-586
-748
-784
-855
-957
-1176
-1475
-1763
-1975
-2001
-2005
-1979
-2048
-2120
-2125
-1847
-1147
-299
242
189
-116
-356
-258
269
1121
1926
2030
1414
544
59
29
265
516
463
71
-558
-1145
-1576
-1864
-2054
-2274
-2557
-2761
-2728
-2473
-2104
-1864
-1913
-2144
-2136
-1614
-768
56
584
832
890
805
751
864
1175
1496
1556
1296
969
782
694
535
210
-228
-605
-772
-724
-528
-413
-473
-686
-897
-929
-764
-421
-167
-52
-169
-307
-335
-239
-94
-13
-57
-240
-455
-619
-732
-821
-1048
-1311
-1632
-1797
-1899
-1920
-1980
-2079
-2137
-2140
-2010
-1723
-1050
-164
523
626
294
6
2
377
1095
1960
2380
1967
1073
291
-18
22
227
317
123
-358
-975
-1506
-1907
-2132
-2334
-2555
-2712
-2689
-2418
-2094
-1834
-1818
-1983
-2027
-1677
-864
-1
594
864
961
972
891
844
922
1126
1260
1174
929
657
459
213
-141
-539
-841
-886
-735
-511
-421
-520
-734
-869
-773
-510
-181
21
66
-37
-137
-221
-178
-97
-59
-128
-347
-564
-765
-924
-1142
-1401
-1646
-1874
-1972
-2029
-2031
-2160
-2316
-2436
-2371
-2096
-1669
-863
92
766
672
182
-125
-34
502
1329
2224
2467
1816
730
-46
-237
-77
213
298
79
-477
-1143
-1689
-2074
-2230
-2362
-2458
-2520
-2410
-2141
-1859
-1655
-1743
-1932
-1906
-1327
-367
469
873
904
872
814
799
839
995
1195
1169
959
591
343
121
-73
-315
-631
-871
-956
-833
-620
-459
-481
-583
-540
-354
-58
235
403
371
214
63
21
146
260
255
54
-303
-710
-1029
-1190
-1279
-1404
-1651
-1923
-2145
-2262
-2310
-2388
-2454
-2425
-2213
-1898
-1462
-716
227
898
859
372
53
158
679
1520
2383
2571
1744
428
-431
-536
-204
165
231
-103
-758
-1456
-1977
-2230
-2247
-2218
-2225
-2250
-2105
-1872
-1660
-1578
-1645
-1750
-1639
-997
-17
773
1007
828
624
578
679
858
1063
1176
1019
650
223
-27
-96
-120
-263
-526
-781
-953
-857
-594
-337
-190
-192
-129
65
353
575
662
626
504
431
403
456
417
312
41
-317
-681
-963
-1091
-1202
-1339
-1605
-1926
-2126
-2199
-2105
-2077
-2100
-2125
-1980
-1725
-1401
-904
-96
843
1364
1171
637
385
605
1145
1844
2397
2326
1400
163
-634
-722
-387
-70
-86
-531
-1158
-1670
-2010
-2133
-2176
-2180
-2204
-2081
-1780
-1372
-1052
-1008
-1167
-1373
-1223
-538
453
1186
1278
953
608
477
488
582
749
827
690
316
-99
-363
-432
-457
-586
-785
-933
-861
-603
-282
-155
-223
-261
-90
295
657
811
724
508
328
234
238
326
353
187
-227
-729
-1132
-1322
-1401
-1526
-1707
-1916
-2039
-2097
-2045
-2063
-2158
-2261
-2136
-1819
-1403
-1001
-416
435
1175
1258
782
350
385
760
1322
1934
2241
1722
484
-707
-1187
-985
-524
-244
-399
-920
-1557
-2026
-2273
-2301
-2205
-2090
-1933
-1683
-1373
-1118
-963
-1034
-1254
-1353
-907
42
925
1235
924
481
222
201
257
366
514
490
267
-141
-511
-731
-749
-712
-749
-859
-911
-762
-457
-217
-150
-168
-23
310
659
839
797
684
523
381
241
214
230
177
-112
-574
-1091
-1384
-1493
-1428
-1491
-1667
-1939
-2113
-2204
-2148
-2112
-1982
-1833
-1516
-1262
-1043
-803
-232
628
1310
1371
927
577
605
897
1311
1742
1811
1141
-26
-919
-1066
-734
-396
-385
-763
-1327
-1801
-1955
-1898
-1782
-1661
-1585
-1510
-1412
-1172
-903
-667
-593
-638
-575
-173
495
999
1006
681
399
396
462
518
461
372
154
-130
-437
-614
-581
-462
-409
-502
-700
-739
-526
-154
144
270
348
495
742
889
909
799
692
568
467
308
212
69
-165
-527
-877
-1148
-1268
-1302
-1376
-1578
-1808
-1948
-1894
-1779
-1738
-1733
-1753
-1588
-1358
-1074
-797
-502
-45
586
1220
1412
1051
667
557
752
980
1310
1471
1037
26
-942
-1236
-994
-650
-593
-878
-1322
-1701
-1844
-1804
-1716
-1634
-1524
-1351
-1116
-823
-562
-433
-481
-571
-538
-117
571
1060
1011
549
192
155
330
443
406
215
6
-213
-394
-546
-603
-547
-464
-454
-446
-363
-131
73
171
184
309
646
998
1120
947
692
547
515
487
398
255
53
-229
-525
-879
-1143
-1324
-1383
-1361
-1450
-1565
-1690
-1666
-1625
-1569
-1449
-1331
-1178
-1084
-909
-750
-592
-363
200
1068
1675
1588
910
359
185
377
805
1369
1565
867
-344
-1279
-1337
-910
-509
-494
-836
-1238
-1562
-1622
-1591
-1443
-1240
-1062
-907
-835
-678
-512
-297
-177
-152
-83
150
558
780
693
460
398
538
574
396
111
-4
-21
-75
-214
-344
-371
-299
-177
-153
-183
-198
-119
33
230
478
722
946
988
839
659
554
530
466
327
142
-56
-216
-411
-684
-1014
-1228
-1304
-1255
-1260
-1310
-1391
-1452
-1384
-1263
-1092
-991
-930
-978
-978
-862
-592
-302
-97
217
804
1433
1495
946
358
158
323
623
1157
1501
1057
-104
-1109
-1262
-884
-488
-441
-703
-1084
-1348
-1404
-1323
-1187
-1131
-1082
-951
-646
-232
37
82
-130
-374
-436
-67
654
1205
1193
746
378
308
352
307
247
243
268
206
59
-104
-184
-139
-7
124
215
301
311
340
420
588
863
1073
1156
989
744
485
346
313
281
202
-6
-216
-457
-691
-848
-1016
-1041
-1080
-1044
-1061
-1007
-936
-885
-880
-845
-787
-709
-693
-691
-626
-529
-405
-292
-74
502
1196
1605
1279
553
51
22
453
1034
1566
1470
538
-685
-1302
-1063
-572
-319
-487
-852
-1153
-1310
-1264
-1156
-959
-778
-654
-527
-427
-283
-202
-200
-229
-193
-51
250
612
809
692
435
252
218
229
228
194
209
198
177
72
-9
23
138
282
320
245
110
143
408
742
960
959
724
493
343
294
246
204
143
-9
-242
-502
-740
-860
-934
-932
-990
-1048
-1175
-1208
-1167
-1010
-922
-833
-789
-798
-852
-978
-969
-846
-687
-628
-618
-544
-251
397
1125
1314
741
-40
-242
171
798
1310
1468
893
-237
-1174
-1263
-763
-406
-473
-835
-1144
-1271
-1172
-1073
-1078
-1143
-1092
-850
-562
-352
-323
-448
-558
-562
-380
-32
403
680
614
258
5
74
276
321
159
147
329
470
325
35
-130
-37
208
385
358
317
306
477
627
753
699
585
505
466
473
391
310
174
24
-156
-309
-411
-546
-716
-857
-911
-850
-731
-760
-797
-841
-752
-647
-510
-351
-351
-505
-639
-653
-555
-548
-543
-576
-503
-194
409
1112
1304
799
34
-183
304
1012
1466
1501
941
-13
-832
-929
-569
-329
-511
-932
-1164
-1157
-939
-725
-733
-919
-1147
-1041
-688
-278
-57
-88
-229
-383
-352
-119
268
553
528
341
265
372
467
399
215
215
422
638
633
452
231
64
173
404
619
675
649
670
613
599
491
501
547
596
531
354
186
33
-45
-176
-315
-404
-465
-411
-464
-448
-636
-693
-686
-498
-238
-178
-109
-169
-130
-331
-498
-565
-484
-469
-600
-681
-690
-551
-330
1
560
1079
1263
800
381
418
866
1221
1393
1388
949
213
-519
-704
-592
-565
-770
-942
-889
-850
-845
-925
-965
-888
-743
-495
-358
-218
-146
-88
56
149
186
109
274
552
828
875
721
587
516
508
490
541
526
477
436
401
373
421
489
492
444
435
424
485
555
556
493
435
460
488
510
363
181
21
-74
-160
-224
-206
-218
-140
-179
-263
-455
-485
-382
-201
18
47
29
-153
-346
-542
-699
-676
-752
-771
-838
-811
-680
-576
-402
-138
472
1150
1557
1384
997
818
955
1122
1247
1357
1100
405
-420
-822
-796
-813
-929
-1081
-1021
-910
-812
-724
-679
-451
-352
-208
-188
-34
252
492
712
722
685
528
547
783
1025
1035
766
635
671
676
472
301
289
402
577
592
533
443
460
441
509
577
585
608
631
684
704
765
711
586
431
371
343
343
317
154
51
-47
-14
-10
69
40
-17
-72
-125
-135
-10
80
64
-77
-208
-362
-489
-556
-615
-709
-769
-752
-556
-307
-84
180
593
1210
1621
1619
1187
826
817
1006
1142
1150
943
322
-540
-1161
-1248
-1139
-1139
-1207
-1064
-777
-609
-588
-554
-462
-375
-159
198
564
849
888
772
575
442
405
496
738
894
896
703
500
353
263
147
106
241
480
589
529
416
315
257
271
396
533
617
618
601
571
510
465
391
422
463
467
305
144
46
48
19
-11
-62
-54
-74
-115
-220
-322
-358
-323
-270
-189
-75
-111
-264
-556
-807
-964
-865
-664
-623
-675
-664
-501
-277
-99
82
287
621
1104
1404
1218
554
-16
-149
27
154
115
-130
-676
-1355
-1707
-1595
-1302
-1155
-1123
-933
-527
-8
262
267
172
133
205
343
501
696
745
584
203
-119
-266
-214
-68
54
117
61
-13
-29
-107
-245
-206
52
376
567
540
306
158
201
309
444
488
463
351
344
340
283
225
126
47
30
53
15
-40
-114
-215
-307
-301
-340
-342
-306
-278
-242
-276
-295
-347
-319
-271
-335
-438
-539
-625
-647
-645
-571
-569
-570
-642
-620
-564
-491
-457
-259
-41
235
458
445
121
-382
-615
-566
-321
-155
-176
-407
-885
-1275
-1269
-905
-528
-369
-236
-12
227
284
177
44
-72
-65
53
191
196
86
-128
-370
-601
-697
-608
-368
-73
114
90
-37
-147
-105
30
182
322
487
621
613
505
371
296
270
303
283
231
186
200
137
-69
-222
-261
-102
112
215
123
-96
-227
-221
-118
-24
2
97
198
218
66
-111
-227
-204
-210
-181
-151
-62
-82
-267
-435
-624
-662
-735
-604
-657
-721
-938
-1043
-1099
-976
-820
-649
-451
-228
-51
-47
-271
-522
-495
-222
62
220
354
296
20
-243
-239
-144
-148
-254
-286
-152
36
61
-119
-330
-548
-763
-918
-816
-522
-315
-352
-492
-588
-570
-518
-332
-2
340
421
322
287
340
358
304
282
280
355
396
328
223
68
-131
-295
-281
-217
-118
-39
-43
-74
-119
-145
-167
-42
76
101
104
185
269
281
274
205
193
231
267
157
24
-93
-153
-216
-215
-169
-108
-205
-473
-794
-993
-1091
-1063
-1021
-1030
-1097
-1227
-1316
-1340
-1225
-1036
-742
-402
-39
298
480
459
344
389
626
839
933
935
748
380
-21
-241
-369
-492
-613
-638
-531
-418
-499
-722
-860
-835
-755
-668
-492
-223
-25
33
-44
-37
43
104
140
320
576
678
632
538
381
162
66
116
241
345
352
196
46
-102
-226
-230
-43
133
205
195
119
86
113
154
212
352
517
557
528
489
399
319
224
225
277
319
248
107
-115
-333
-498
-455
-403
-363
-479
-630
-776
-817
-902
-978
-1003
-974
-992
-1051
-1020
-958
-891
-854
-743
-489
-80
275
524
666
678
554
425
420
524
641
625
452
140
-185
-527
-779
-925
-919
-865
-659
-442
-270
-232
-325
-531
-632
-483
-162
156
345
381
252
48
-161
-213
-106
94
230
368
427
370
202
12
-129
-147
37
297
508
603
537
363
230
154
176
257
440
586
695
639
497
397
416
491
583
641
661
612
535
470
355
256
167
153
75
-4
-150
-285
-407
-404
-407
-357
-365
-380
-408
-421
-458
-510
-514
-501
-405
-366
-345
-404
-423
-509
-541
-477
-278
-105
99
234
334
370
385
317
190
149
210
337
353
314
168
-18
-237
-348
-333
-250
-225
-219
-136
-91
-157
-323
-329
-241
-180
-265
-316
-252
-169
-175
-230
-249
-240
-234
-213
-14
259
366
320
361
464
491
439
426
561
761
836
707
550
454
376
349
375
408
384
352
334
344
310
220
110
143
272
331
275
221
158
70
8
-41
-71
-83
-64
-81
-127
-181
-173
-121
-23
26
39
5
-31
-90
-117
-149
-246
-293
-299
-255
-318
-475
-658
-729
-713
-634
-524
-352
-219
-124
-82
-59
7
81
166
237
374
501
543
463
330
180
42
-102
-162
-143
-146
-210
-336
-390
-439
-495
-569
-578
-534
-496
-462
-379
-265
-162
-95
-73
-15
50
138
311
499
609
601
599
567
538
557
573
621
715
770
722
626
509
386
339
408
454
434
428
402
374
306
184
118
137
231
276
249
181
120
107
142
214
284
335
395
471
539
551
516
472
439
430
421
375
294
218
119
-6
-150
-284
-394
-438
-425
-451
-514
-597
-643
-611
-549
-553
-560
-514
-411
-363
-353
-361
-355
-344
-325
-269
-228
-223
-256
-271
-283
-267
-264
-252
-204
-123
-37
30
110
130
140
195
309
384
397
379
350
335
336
312
219
118
-6
-63
-50
7
23
52
58
12
21
104
201
268
366
416
466
510
575
624
668
677
632
566
469
381
358
388
376
340
252
187
178
259
294
286
307
360
441
517
567
584
564
563
594
615
598
487
454
479
480
399
284
205
151
128
84
50
9
-97
-225
-346
-402
-462
-538
-599
-664
-705
-754
-781
-750
-695
-688
-739
-753
-677
-567
-429
-330
-293
-253
-179
-59
62
159
256
347
440
522
590
645
643
591
514
425
353
298
251
205
115
41
3
-42
-111
-144
-108
-56
-16
59
129
207
274
314
335
388
479
602
725
794
804
790
732
665
663
720
768
759
755
745
721
707
675
687
742
812
867
909
900
858
814
766
757
770
765
749
728
739
712
613
534
464
451
456
495
454
381
276
135
44
-2
-47
-121
-134
-146
-200
-331
-469
-615
-685
-680
-681
-712
-725
-674
-639
-625
-593
-519
-428
-266
-103
12
103
173
206
247
334
374
401
405
512
605
637
592
499
415
366
398
437
494
455
406
329
287
276
259
196
124
138
198
296
352
397
368
364
407
477
577
651
717
742
794
817
836
880
917
912
944
989
1019
1039
1056
1051
1015
965
904
883
885
896
850
783
674
582
527
491
477
495
494
456
426
417
400
403
408
413
446
429
375
330
316
279
204
104
-17
-135
-193
-257
-346
-464
-593
-733
-814
-814
-811
-782
-756
-728
-713
-671
-625
-512
-409
-339
-258
-153
-42
0
71
122
216
307
396
473
556
623
642
684
695
688
678
695
645
570
511
468
392
352
305
242
219
228
249
274
315
325
381
482
575
651
739
815
877
944
1005
1069
1149
1226
1270
1282
1251
1208
1183
1172
1139
1121
1107
1042
1013
1017
1034
1018
981
943
896
874
867
848
842
826
826
843
854
838
784
734
685
674
659
635
579
504
429
341
273
206
157
92
51
21
-14
-76
-127
-162
-180
-207
-258
-311
-373
-401
-426
-451
-493
-482
-441
-378
-322
-293
-261
-198
-132
-72
7
115
210
286
334
365
481
578
627
650
668
710
766
831
858
842
824
791
771
769
748
708
706
742
734
728
740
732
732
728
725
745
799
839
854
888
921
967
992
1002
1033
1106
1172
1215
1295
1335
1343
1355
1349
1340
1319
1299
1284
1280
1260
1208
1127
1036
947
860
804
740
696
643
585
550
521
474
411
373
369
380
387
390
423
453
448
420
401
393
362
325
297
241
178
118
44
-23
-125
-235
-298
-326
-354
-387
-389
-400
-415
-449
-484
-495
-481
-440
-405
-327
-250
-208
-164
-109
-26
43
103
161
241
347
414
468
549
620
676
724
765
808
824
831
877
912
902
858
847
856
826
773
719
683
672
679
663
670
720
777
814
867
932
957
994
1056
1118
1174
1197
1133
1084
1077
1053
1038
1007
969
906
850
809
757
725
680
654
646
656
664
657
645
615
593
580
577
607
616
584
549
536
503
423
363
335
336
357
350
304
237
200
149
128
106
66
52
40
25
-37
-114
-197
-282
-302
-331
-349
-415
-491
-549
-558
-570
-605
-605
-635
-621
-557
-465
-407
-368
-328
-309
-195
-69
55
148
236
324
412
567
675
762
823
888
907
949
974
965
978
960
938
896
899
886
920
921
857
798
755
755
759
798
777
739
708
693
709
737
763
744
766
804
840
865
912
959
974
1018
1031
1029
1048
1060
1045
1021
1018
1006
980
942
900
852
808
764
707
659
625
603
606
596
570
526
523
577
604
569
520
482
450
417
381
351
301
262
217
164
114
68
30
-12
-28
-56
-81
-109
-116
-118
-138
-162
-173
-170
-185
-170
-189
-194
-183
-161
-139
-124
-79
-61
-9
30
62
54
61
98
166
251
315
385
426
488
545
631
701
756
823
908
982
1026
1039
1043
1068
1086
1095
1111
1101
1085
1059
1021
970
907
888
888
892
899
918
919
920
922
919
908
910
939
957
963
962
946
960
973
973
988
988
983
975
962
942
910
888
861
824
799
751
722
690
611
543
476
415
354
294
250
207
183
158
136
107
106
91
87
101
128
123
122
145
156
190
190
210
203
203
186
188
192
194
219
200
153
100
67
32
20
1
-23
-63
-127
-153
-184
-206
-214
-237
-233
-204
-154
-119
-77
-27
5
66
148
216
253
322
389
442
494
561
610
664
750
792
807
836
898
930
977
1018
1007
972
943
936
909
897
875
841
803
775
779
752
704
683
660
664
648
619
587
561
567
541
538
543
527
499
474
450
420
402
388
420
436
422
396
372
370
394
381
350
323
291
264
258
268
247
215
170
151
138
133
157
173
175
159
160
168
182
189
182
189
165
166
164
171
179
157
114
69
58
37
74
101
73
25
-41
-85
-129
-126
-148
-148
-141
-141
-148
-207
-197
-226
-230
-225
-182
-153
-139
-95
-93
-64
-51
14
59
130
212
273
345
404
424
422
482
571
662
718
749
746
728
758
782
802
833
833
792
753
712
645
586
543
501
470
436
398
383
339
310
280
259
264
283
309
351
375
380
390
387
412
425
446
449
480
508
523
519
490
467
424
401
391
381
339
293
268
256
256
238
196
156
123
112
108
73
39
5
-2
5
17
8
5
29
52
97
111
125
128
145
171
183
204
209
230
250
271
254
220
197
161
151
135
110
76
39
13
-26
-42
-83
-94
-104
-114
-150
-181
-186
-172
-145
-153
-154
-185
-160
-167
-193
-178
-147
-120
-115
-81
-51
-8
11
34
48
59
82
87
138
175
227
247
263
298
333
333
327
357
370
369
383
381
370
373
379
379
378
378
348
314
292
284
237
208
167
114
93
73
61
50
26
-13
-33
-80
-104
-110
-121
-104
-72
-34
-6
8
16
27
25
48
61
88
105
130
143
147
148
144
140
133
149
175
215
241
267
270
255
256
273
287
287
296
294
279
248
222
193
163
119
73
43
3
-17
-78
-117
-167
-207
-247
-289
-307
-355
-375
-407
-422
-441
-438
-431
-451
-492
-531
-534
-526
-505
-489
-468
-469
-470
-458
-428
-384
-366
-326
-287
-268
-240
-187
-120
-89
-55
-42
-49
-39
-25
8
44
63
53
27
-2
-24
-24
-18
-14
2
3
-23
-36
-30
-57
-77
-97
-109
-105
-92
-64
-75
-71
-83
-89
-86
-78
-65
-50
-25
-8
14
13
21
37
51
34
10
22
53
81
78
67
43
30
16
21
45
67
73
51
33
18
30
41
51
37
16
4
3
11
5
-12
-49
-54
-46
-54
-45
-61
-69
-76
-94
-152
-197
-239
-287
-287
-312
-337
-381
-413
-452
-487
-476
-495
-507
-506
-531
-574
-614
-628
-654
-684
-715
-748
-776
-786
-771
-779
-771
-797
-833
-833
-804
-751
-678
-600
-610
-597
-575
-534
-505
-440
-383
-349
-297
-263
-222
-227
-222
-222
-192
-151
-139
-119
-94
-87
-74
-40
-34
-16
3
18
6
28
45
34
42
45
34
-5
-27
-40
-29
-9
-3
-19
-13
-19
-19
-8
4
10
21
27
2
9
5
13
-4
-23
-40
-58
-41
-42
-41
-33
-38
-38
-25
-12
-15
-29
-27
-36
-48
-38
-44
-58
-58
-50
-52
-54
-64
-80
-113
-137
-165
-192
-219
-235
-268
-297
-357
-397
-413
-428
-456
-502
-517
-549
-548
-574
-567
-571
-592
-595
-618
-628
-661
-681
-697
-708
-722
-712
-670
-676
-682
-668
-648
-630
-618
-610
-588
-553
-528
-492
-453
-397
-389
-380
-338
-298
-269
-260
-221
-205
-178
-165
-141
-94
-51
-5
25
79
123
146
190
226
270
302
308
324
336
335
324
304
293
287
243
220
215
214
193
163
139
134
150
128
152
158
171
180
164
166
180
197
194
212
236
240
231
203
177
154
120
103
59
18
-12
-42
-69
-98
-110
-128
-162
-181
-203
-222
-222
-233
-226
-228
-237
-232
-237
-244
-249
-245
-248
-249
-254
-256
-250
-258
-270
-292
-301
-310
-317
-335
-366
-415
-437
-452
-458
-448
-445
-454
-479
-510
-544
-548
-551
-542
-533
-490
-464
-465
-460
-461
-462
-451
-419
-400
-368
-349
-336
-318
-318
-306
-301
-259
-235
-228
-218
-200
-189
-162
-112
-76
-59
-47
-4
17
26
40
80
113
128
177
246
269
298
335
341
332
321
314
317
333
334
313
264
237
212
164
116
102
47
-5
-25
-40
-30
-66
-95
-114
-118
-98
-78
-64
-48
-52
-72
-98
-114
-111
-109
-133
-143
-173
-191
-184
-181
-176
-200
-178
-185
-188
-170
-177
-182
-170
-167
-162
-158
-160
-162
-181
-188
-215
-211
-197
-176
-185
-203
-239
-277
-298
-308
-296
-303
-311
-322
-337
-339
-339
-347
-337
-340
-359
-348
-342
-325
-295
-288
-290
-293
-283
-278
-261
-236
-220
-209
-209
-204
-167
-155
-145
-126
-108
-91
-106
-88
-86
-70
-51
-20
-1
14
29
23
44
49
53
67
103
102
107
124
110
106
112
148
156
186
200
203
215
192
180
164
174
203
239
251
247
254
244
232
225
188
152
133
167
190
216
183
132
113
105
121
111
109
89
85
78
63
51
10
-6
-12
10
31
42
31
36
38
39
44
31
44
59
110
141
167
159
144
144
141
155
158
156
138
121
126
121
91
65
35
23
17
10
13
24
24
23
26
33
25
22
25
44
77
111
134
133
148
151
158
165
166
189
215
221
201
186
170
147
138
124
127
122
126
121
96
78
65
47
21
15
-8
1
9
5
8
-8
18
39
68
94
115
116
118
143
145
169
182
200
192
213
235
242
254
253
245
244
266
265
290
325
353
338
319
318
316
348
363
369
379
372
360
379
394
372
349
360
365
375
400
390
377
372
364
351
362
373
359
352
331
320
305
314
314
307
315
320
315
317
308
291
289
301
294
279
293
285
286
276
285
287
290
300
299
295
285
290
278
275
276
282
275
263
256
254
249
225
198
154
122
96
77
88
102
91
73
69
47
29
23
-6
-22
-54
-55
-82
-88
-83
-80
-62
-65
-51
-56
-44
-38
-20
-9
-10
-3
7
20
49
63
46
30
38
67
88
130
142
142
164
201
240
286
317
346
383
419
447
472
495
509
516
523
540
552
575
566
549
535
525
507
513
490
455
450
457
451
431
430
406
395
396
388
370
368
390
404
416
420
398
400
397
397
396
366
338
325
332
338
334
321
302
285
291
277
238
204
175
147
145
141
131
107
76
58
57
70
68
37
25
20
1
-3
-10
-5
-5
-27
-30
-71
-112
-130
-144
-143
-149
-170
-180
-188
-197
-200
-193
-194
-174
-158
-149
-132
-113
-99
-63
-34
-9
28
35
46
50
68
88
112
129
132
134
121
104
113
135
142
157
152
148
165
160
162
198
238
279
307
318
330
331
328
327
337
344
344
358
391
404
387
392
411
428
464
492
495
500
506
492
484
495
497
498
508
525
527
533
511
489
471
451
430
405
401
395
394
381
369
347
314
274
236
209
194
170
167
169
166
187
188
169
141
115
101
86
87
82
75
83
87
82
69
67
65
73
90
93
78
73
82
87
109
152
168
171
180
188
191
180
183
192
193
176
155
160
167
174
163
154
163
148
146
149
168
185
190
188
182
203
229
245
260
270
275
274
289
316
339
361
381
397
409
427
438
445
454
464
454
456
453
464
483
485
492
497
510
512
528
514
509
525
531
545
546
531
540
527
517
514
515
522
516
527
527
523
513
507
492
476
449
432
416
383
374
369
390
398
407
397
375
364
357
350
350
358
348
345
343
354
350
334
312
283
264
240
218
230
242
219
181
137
108
105
133
137
157
171
188
204
217
209
165
153
171
192
202
219
201
211
225
223
222
200
213
236
258
274
276
259
238
232
230
212
190
155
152
159
165
142
95
68
51
50
79
114
119
111
114
118
127
145
171
212
222
238
263
263
249
229
208
198
188
181
181
181
207
221
231
234
228
234
256
267
266
275
266
245
254
275
266
253
236
232
233
233
211
188
208
204
212
227
216
183
176
183
196
206
191
164
154
177
182
190
203
203
187
189
197
183
182
169
187
186
182
158
127
119
114
116
102
102
101
97
96
120
126
124
109
109
138
160
186
196
206
210
206
192
191
204
220
250
271
267
248
242
241
229
222
197
180
169
186
184
165
152
134
115
101
103
94
77
42
32
49
66
84
81
73
67
64
62
71
79
89
94
101
93
91
67
45
70
93
123
128
122
115
98
82
85
87
71
63
55
66
53
57
69
70
82
90
92
85
115
128
149
160
146
120
119
135
144
159
162
171
172
171
172
166
184
185
190
184
179
171
169
173
171
188
194
193
200
233
247
234
238
226
221
224
232
248
248
248
253
266
272
268
252
229
222
232
241
246
263
264
256
232
207
210
204
202
192
184
186
181
176
166
157
144
129
122
133
146
159
158
173
166
159
167
169
173
175
188
171
167
164
162
156
140
125
112
104
98
90
93
73
63
64
69
96
97
83
69
81
98
104
127
147
148
148
151
142
145
170
191
196
223
248
257
270
265
257
251
262
300
338
370
392
408
417
423
437
455
473
480
490
505
520
540
552
545
525
496
469
449
472
481
471
448
405
365
352
348
332
305
290
288
293
292
274
248
220
234
254
267
269
264
261
245
227
227
223
223
241
260
249
240
250
227
208
196
178
158
147
152
167
172
150
117
82
68
37
21
23
5
4
-5
-17
-12
17
20
21
16
1
-13
-16
-17
-18
-15
-30
-45
-30
-18
17
31
39
78
91
91
98
106
130
159
179
204
232
261
283
280
286
308
323
333
341
342
342
324
316
318
335
342
344
350
358
348
340
337
325
328
330
368
417
446
442
419
413
413
424
426
415
440
441
430
423
415
389
362
341
333
305
306
307
295
294
271
283
249
231
233
225
216
219
231
232
225
222
217
204
191
192
202
203
200
180
169
175
164
156
144
125
93
85
89
92
88
76
73
58
52
69
72
75
87
85
79
60
67
61
53
62
69
88
101
106
118
134
134
129
116
115
131
142
150
163
172
173
169
175
194
218
242
253
274
281
277
281
276
287
310
318
329
333
365
385
370
371
374
368
360
379
395
403
415
418
435
445
451
443
442
425
410
404
393
394
407
415
407
402
372
357
340
335
340
346
342
312
292
288
271
259
247
270
282
281
292
304
340
356
370
365
355
358
357
363
371
365
349
347
336
317
304
299
295
293
283
274
277
279
291
290
297
288
280
277
265
284
293
313
334
351
352
334
345
332
337
346
370
384
373
378
373
389
399
400
402
423
432
447
483
512
513
516
513
505
517
534
545
536
535
538
540
564
577
574
566
553
544
549
566
569
569
560
560
561
558
545
540
528
546
544
532
534
537
561
534
513
506
501
501
509
538
553
550
527
506
500
502
487
498
523
527
504
487
504
494
487
483
491
498
494
471
451
442
426
413
409
441
457
465
464
443
426
395
380
412
450
465
470
470
448
445
442
427
401
373
374
393
427
435
420
382
355
347
370
431
461
461
462
454
449
464
465
461
467
463
459
477
502
499
497
483
472
488
514
528
524
521
518
509
489
472
461
457
469
489
520
512
505
502
482
445
413
409
399
421
434
448
450
449
440
424
424
427
451
484
512
520
526
516
508
520
528
544
550
552
601
627
641
629
593
553
563
598
593
587
565
523
500
515
514
518
495
479
479
479
492
527
537
522
518
504
492
487
506
527
544
532
529
531
546
557
559
555
518
488
465
463
474
487
490
491
501
510
500
503
513
490
456
443
439
448
477
493
486
478
455
439
463
462
441
443
462
467
468
478
497
512
513
524
523
520
510
522
549
544
537
530
530
545
552
564
558
572
576
578
595
602
610
607
601
606
622
610
590
579
590
580
571
586
593
583
592
606
609
629
618
617
618
617
590
575
583
582
580
583
599
597
616
665
683
675
664
655
651
660
670
664
666
701
733
740
742
749
749
735
706
682
687
685
685
698
695
687
689
686
671
672
667
653
644
659
691
709
723
728
724
706
702
699
713
730
722
724
716
722
717
715
706
695
690
702
718
735
752
753
743
705
678
649
636
640
634
647
655
664
666
637
628
619
605
617
629
621
612
627
620
619
615
601
594
598
627
624
619
620
622
627
619
626
630
639
652
676
681
691
706
716
717
729
743
745
751
740
726
712
724
734
730
725
719
688
665
672
663
646
633
615
600
592
607
617
604
605
607
618
616
610
641
657
680
704
692
675
670
676
664
658
674
687
703
739
747
724
691
682
688
708
731
719
700
685
689
686
677
663
620
584
571
586
613
637
645
632
609
600
607
622
630
619
601
603
632
637
628
596
581
569
562
554
563
556
563
586
590
571
538
526
520
546
564
566
574
590
589
591
583
564
567
576
581
578
567
567
561
554
548
550
541
527
530
533
538
505
479
469
463
469
479
491
489
491
499
513
528
523
523
524
541
552
558
548
529
516
503
494
463
422
407
407
440
461
456
451
436
437
453
462
466
467
475
477
484
496
479
474
475
482
480
473
465
458
458
448
446
438
433
410
396
395
399
411
409
403
388
390
395
400
427
440
457
457
439
444
444
436
430
431
426
429
425
402
407
418
402
396
401
415
431
447
450
438
412
391
397
417
435
459
462
459
453
431
427
434
440
448
448
443
439
443
444
436
420
417
408
409
437
456
459
446
436
434
444
439
456
478
489
492
497
507
499
484
481
469
441
438
430
422
428
423
431
437
429
415
407
395
401
426
459
474
475
486
497
482
465
479
467
455
439
424
416
408
417
438
454
459
444
426
412
419
433
445
462
463
472
462
469
464
433
408
408
417
417
420
426
424
397
386
366
354
348
320
324
344
349
354
352
342
328
320
316
312
330
348
357
374
378
391
387
402
417
415
427
427
412
419
425
418
415
409
401
394
389
383
372
359
351
343
347
348
362
369
368
369
356
347
338
348
359
381
390
403
412
408
395
366
372
374
366
356
348
349
326
312
310
302
300
316
318
312
305
307
317
323
338
325
325
336
347
365
369
362
359
362
352
338
340
348
360
369
387
394
381
372
371
364
370
386
367
352
360
364
386
366
352
352
355
367
374
404
405
416
434
421
418
425
436
425
421
427
426
431
423
397
392
374
357
350
338
333
337
342
347
345
324
314
324
356
351
339
344
354
357
351
348
350
351
355
363
374
356
317
309
314
326
339
326
324
337
350
367
387
382
374
376
375
392
420
410
394
404
418
435
446
441
445
442
446
454
459
451
428
413
423
397
366
345
334
353
366
368
374
395
416
421
426
424
422
425
418
439
451
452
453
443
451
438
441
446
451
454
454
455
447
433
425
412
422
419
421
423
413
421
417
404
390
389
400
422
424
424
438
427
401
387
422
419
408
389
370
373
364
350
345
351
360
373
368
382
384
375
388
373
383
384
384
390
401
392
369
348
323
323
313
294
282
293
322
334
344
338
306
287
278
298
311
327
336
333
340
347
332
326
331
334
331
352
398
385
361
352
344
361
367
371
383
387
375
347
358
351
335
326
328
341
339
338
320
314
298
297
312
331
350
355
359
353
345
354
345
332
332
338
332
317
288
275
267
268
272
261
262
261
274
300
322
338
338
330
343
377
384
378
380
391
394
385
383
354
332
327
327
337
341
331
322
319
302
271
258
243
252
223
212
220
230
231
224
228
219
238
221
229
233
233
229
223
220
237
251
256
265
256
264
252
230
218
219
223
237
253
271
275
255
248
255
275
273
265
272
294
299
293
297
304
289
264
256
245
235
232
222
211
196
181
175
166
155
131
118
130
134
137
148
154
167
183
196
198
196
193
193
200
217
238
260
271
274
275
271
259
251
260
259
251
255
249
239
217
205
198
183
170
151
142
150
164
160
174
187
178
175
181
201
210
179
165
151
142
141
126
101
82
68
72
82
102
105
100
102
84
78
71
80
77
82
87
88
69
76
87
92
94
110
124
129
129
112
87
61
56
45
49
36
29
16
13
3
-37
-72
-112
-102
-94
-82
-46
-24
-39
-63
-72
-87
-56
-26
14
53
100
137
145
142
115
92
102
124
144
128
85
71
57
35
26
15
2
19
5
-6
-31
-72
-81
-52
-48
-47
-35
-66
-95
-106
-108
-101
-77
-65
-71
-60
-45
-48
-60
-87
-116
-114
-94
-63
-59
-90
-109
-124
-116
-112
-125
-137
-155
-154
-147
-124
-115
-124
-135
-153
-177
-213
-233
-223
-211
-197
-186
-198
-228
-274
-292
-298
-290
-272
-270
-284
-285
-269
-258
