1
-7
-19
-36
-47
-59
-68
-62
-77
-96
-99
-87
-73
-69
-70
-111
-146
-137
-122
-107
-90
-71
-96
-114
-99
-55
-19
-14
-44
-69
-80
-78
-65
-61
-27
-23
-53
-89
-130
-135
-140
-135
-135
-151
-181
-194
-177
-171
-164
-192
-229
-245
-236
-205
-178
-155
-140
-142
-130
-132
-128
-119
-121
-130
-157
-164
-186
-188
-179
-174
-161
-160
-173
-183
-189
-181
-172
-155
-146
-150
-156
-155
-132
-110
-98
-108
-113
-103
-105
-94
-91
-75
-59
-59
-53
-53
-60
-90
-121
-144
-133
-145
-145
-132
-124
-120
-119
-122
-123
-102
-80
-56
-54
-54
-63
-49
-31
-29
-39
-57
-58
-52
-38
-32
-33
-28
-29
-38
-55
-87
-92
-93
-99
-91
-81
-81
-96
-94
-106
-123
-143
-154
-137
-142
-126
-109
-85
-71
-82
-94
-107
-99
-109
-118
-112
-98
-70
-42
-28
-22
-13
-4
3
3
15
5
3
18
31
58
78
85
84
82
81
111
128
115
115
125
132
149
149
142
140
124
120
113
108
115
124
119
110
120
120
127
122
111
114
100
90
107
123
139
136
120
107
99
101
114
115
113
124
144
165
163
149
140
145
144
147
150
154
171
169
155
141
124
127
125
145
140
119
96
78
74
52
36
35
23
25
30
42
45
33
35
33
35
40
49
51
73
69
75
67
58
77
89
103
96
87
80
84
78
66
51
46
39
45
43
36
47
49
43
49
54
46
70
78
63
59
50
43
53
48
40
42
31
14
6
9
7
-4
-12
6
-2
1
11
-7
-5
-11
-7
13
35
46
50
56
56
48
49
58
63
80
80
83
93
91
83
80
95
106
104
100
86
74
79
81
75
70
71
69
69
49
53
78
90
90
82
90
102
117
129
130
143
154
155
167
175
181
174
161
161
148
162
167
158
146
133
149
162
178
179
158
127
100
84
108
122
121
122
109
112
133
157
176
186
177
161
155
174
187
196
208
200
200
193
176
161
168
167
147
133
132
125
136
156
159
146
126
124
139
163
189
207
223
247
234
216
214
196
216
239
241
221
195
193
197
198
194
201
195
189
201
208
229
239
236
230
217
208
215
217
220
233
214
205
216
230
246
243
223
224
221
220
237
219
189
146
129
122
127
127
122
125
112
115
115
121
131
133
144
147
157
173
198
215
215
209
212
208
201
197
187
187
194
193
175
132
101
91
120
141
139
151
155
168
185
186
166
161
154
166
180
212
207
200
203
187
172
156
170
160
166
166
174
178
170
172
169
179
185
184
193
184
186
201
201
197
178
168
156
146
136
136
134
117
113
112
117
127
132
116
98
89
77
67
62
68
70
77
74
80
90
98
112
118
104
98
98
97
108
100
87
80
81
80
83
80
77
85
77
83
76
79
95
98
97
89
90
78
85
91
100
95
82
67
43
34
25
30
31
11
4
2
0
-2
-6
-9
-16
-22
-27
-19
-16
-13
-21
-16
3
17
21
14
7
2
0
-6
4
-8
-13
-27
-37
-39
-42
-34
-44
-73
-91
-107
-113
-112
-110
-110
-109
-121
-131
-137
-148
-142
-134
-125
-138
-147
-169
-167
-160
-172
-162
-174
-170
-175
-183
-177
-181
-177
-169
-177
-174
-176
-169
-166
-166
-165
-164
-151
-163
-163
-157
-150
-152
-155
-158
-162
-165
-159
-160
-164
-157
-160
-165
-193
-197
-202
-210
-213
-238
-248
-251
-249
-244
-260
-260
-253
-244
-243
-230
-210
-220
-210
-215
-203
-177
-180
-172
-172
-169
-176
-167
-164
-139
-126
-124
-116
-124
-114
-108
-108
-126
-128
-135
-134
-119
-109
-89
-87
-110
-140
-161
-143
-121
-85
-71
-103
-132
-115
-71
-38
-11
-12
-12
-38
-54
-40
-29
-16
-17
-27
-44
-43
-41
-37
-46
-61
-89
-118
-108
-90
-67
-55
-46
-62
-86
-77
-64
-26
11
33
49
32
13
11
2
1
5
-8
-29
-49
-63
-54
-41
-54
-83
-106
-129
-127
-97
-82
-70
-79
-94
-98
-95
-72
-47
-49
-55
-61
-63
-38
-8
-4
0
-18
-38
-39
-35
-12
-13
-36
-64
-97
-104
-104
-96
-105
-116
-127
-123
-100
-77
-65
-62
-55
-65
-67
-59
-49
-37
-25
-47
-50
-42
-35
-18
-9
-15
-27
-26
-38
-59
-64
-71
-80
-65
-53
-56
-62
-58
-57
-71
-79
-89
-84
-78
-69
-66
-64
-67
-76
-89
-80
-61
-56
-63
-72
-68
-61
-58
-49
-36
-27
-8
-9
-7
-8
-14
-13
-13
6
29
44
48
54
55
52
64
58
49
45
44
59
56
64
63
52
45
35
28
20
4
10
24
37
29
39
54
46
41
35
27
8
10
14
25
39
37
38
19
31
45
51
65
61
76
86
87
100
119
116
105
105
101
113
122
118
118
104
81
75
81
91
98
83
80
73
68
74
67
46
37
39
56
57
55
59
53
52
52
58
80
89
103
104
100
97
91
96
99
122
111
101
100
100
98
106
112
107
115
113
123
120
115
133
140
136
123
133
138
141
139
142
131
134
120
123
136
122
111
103
114
109
125
128
132
129
119
128
121
110
116
127
167
180
182
189
192
187
182
184
185
191
193
204
199
207
196
208
211
224
226
207
206
177
168
172
163
168
166
171
163
157
155
160
159
158
194
193
198
205
207
221
225
247
244
261
291
291
290
294
284
271
275
274
272
267
259
262
259
285
287
265
253
239
250
268
305
318
309
276
260
272
306
330
340
332
313
304
317
350
365
360
338
321
318
330
333
315
307
288
288
293
309
307
307
312
315
297
281
284
295
318
320
317
322
337
345
361
363
349
338
333
351
363
363
340
320
320
326
344
338
320
302
284
272
293
307
317
310
277
281
299
309
304
287
274
274
279
280
276
265
263
264
241
232
221
209
197
192
158
132
117
109
133
145
121
106
103
99
117
133
136
142
158
180
206
217
209
188
177
150
154
182
174
164
150
134
115
106
100
108
115
123
131
114
118
128
116
120
107
91
83
83
91
107
117
110
91
83
70
69
72
59
74
87
111
139
157
170
176
179
189
195
199
198
193
202
198
191
198
198
205
213
212
193
170
166
171
173
153
136
127
106
101
107
123
119
110
111
112
118
121
132
137
140
147
146
143
139
109
105
97
100
92
100
101
116
122
102
87
80
83
90
93
89
77
61
53
38
58
66
53
45
32
12
8
13
5
-10
-7
-2
3
3
-7
-19
-1
10
8
-1
23
20
35
41
30
37
53
40
42
51
48
84
84
82
79
79
73
66
68
68
60
57
47
32
22
13
-8
-8
-5
3
-4
-23
-13
-38
-52
-62
-72
-56
-44
-50
-59
-49
-48
-52
-30
-42
-31
-32
-44
-57
-55
-50
-57
-45
-34
-23
-15
-4
-4
2
-2
9
21
30
34
26
15
15
19
7
0
-11
0
5
19
13
-3
9
5
-6
-6
-5
-13
-22
-33
-38
-71
-53
-41
-55
-47
-36
-45
-53
-35
-14
-32
-37
-16
-22
4
36
9
-8
1
6
-10
-11
-2
-12
12
7
-5
-32
-37
-43
-45
-53
-85
-104
-102
-73
-53
-56
-92
-133
-163
-158
-119
-105
-92
-108
-145
-154
-137
-100
-91
-84
-88
-87
-99
-94
-83
-96
-97
-82
-100
-105
-101
-120
-97
-104
-126
-152
-179
-168
-152
-128
-131
-162
-189
-154
-127
-112
-89
-77
-67
-66
-72
-69
-57
-44
-31
-34
-52
-69
-88
-93
-74
-77
-80
-144
-157
-170
-150
-123
-116
-125
-153
-139
-156
-118
-110
-110
-121
-126
-125
-128
-108
-97
-95
-114
-123
-120
-106
-91
-92
-125
-152
-185
-206
-207
-212
-214
-230
-256
-235
-210
-209
-190
-186
-188
-187
-169
-159
-153
-148
-171
-176
-185
-179
-188
-185
-153
-165
-169
-167
-184
-205
-226
-241
-239
-210
-197
-200
-193
-199
-208
-221
-237
-244
-241
-229
-204
-183
-177
-168
-175
-199
-195
-200
-198
-202
-205
-205
-205
-201
-203
-183
-177
-170
-153
-137
-134
-150
-165
-154
-148
-128
-124
-148
-135
-141
-132
-129
-134
-131
-149
-124
-132
-137
-115
-132
-150
-159
-146
-145
-170
-180
-183
-166
-162
-175
-179
-183
-173
-161
-163
-178
-183
-177
-164
-159
-156
-141
-148
-141
-140
-134
-114
-122
-94
-84
-82
-82
-83
-66
-73
-70
-88
-87
-65
-55
-35
-44
-48
-48
-51
-68
-74
-82
-84
-60
-44
-47
-69
-79
-74
-58
-60
-61
-63
-74
-81
-92
-100
-121
-115
-111
-86
-80
-78
-84
-75
-49
-37
-26
-34
-44
-44
-66
-69
-51
-65
-64
-87
-104
-112
-115
-119
-110
-104
-99
-101
-115
-111
-122
-114
-113
-107
-109
-103
-94
-111
-130
-143
-140
-148
-145
-154
-166
-163
-168
-164
-167
-173
-165
-169
-174
-169
-164
-151
-129
-125
-110
-86
-90
-76
-84
-90
-90
-80
-61
-60
-75
-95
-88
-77
-63
-63
-69
-74
-90
-83
-91
-89
-89
-85
-93
-118
-122
-120
-120
-130
-121
-122
-121
-119
-104
-101
-96
-96
-87
-77
-67
-59
-40
-31
-45
-65
-68
-63
-71
-56
-66
-77
-57
-42
-38
-18
-23
-42
-52
-73
-62
-37
-27
-38
-68
-92
-93
-73
-45
-26
-27
-46
-79
-64
-42
-19
-22
-47
-36
-32
-33
-41
-50
-42
-55
-69
-66
-65
-62
-47
-38
-41
-62
-86
-91
-66
-43
-18
-4
6
24
21
24
17
-2
-14
-23
-16
-30
-45
-39
-47
-49
-54
-52
-65
-83
-72
-54
-42
-25
-14
-23
-17
-14
-7
4
14
16
17
28
45
53
69
79
82
87
78
56
62
62
46
34
6
5
-11
-2
16
7
7
8
9
18
27
52
70
77
86
112
110
127
136
118
123
113
113
113
110
119
128
110
98
80
59
69
87
83
86
88
87
88
93
106
100
93
71
63
58
86
96
92
79
62
70
60
64
56
50
61
77
104
117
126
126
123
135
133
122
125
121
121
125
119
118
108
118
118
127
149
142
129
117
106
123
133
118
109
101
108
97
85
92
97
93
100
98
107
111
120
122
112
104
93
95
108
116
127
143
142
154
157
149
142
136
125
137
134
149
159
151
144
130
133
114
99
109
125
111
115
107
97
104
105
101
96
95
71
58
63
70
72
61
56
47
42
36
42
40
34
34
26
28
25
46
70
77
77
64
50
71
74
60
60
43
50
41
36
33
31
49
42
40
28
12
16
17
37
30
23
3
-3
-3
-21
-12
-19
-10
-9
-24
-38
-56
-61
-84
-102
-96
-90
-87
-88
-101
-114
-116
-120
-106
-98
-103
-95
-75
-78
-97
-90
-67
-68
-78
-89
-100
-108
-113
-111
-122
-132
-149
-155
-151
-146
-146
-150
-161
-179
-193
-203
-200
-209
-211
-205
-200
-189
-200
-196
-183
-189
-178
-178
-165
-160
-153
-145
-145
-143
-137
-109
-114
-117
-112
-116
-113
-107
-111
-111
-116
-119
-112
-121
-124
-143
-143
-139
-155
-175
-193
-209
-205
-173
-136
-116
-137
-167
-183
-168
-142
-101
-85
-88
-101
-121
-130
-135
-123
-130
-132
-134
-136
-136
-135
-138
-141
-158
-168
-185
-189
-173
-150
-149
-165
-186
-203
-169
-142
-117
-116
-95
-77
-80
-92
-108
-120
-118
-92
-70
-74
-104
-107
-105
-105
-107
-113
-140
-142
-140
-140
-123
-123
-129
-145
-154
-137
-119
-106
-105
-128
-148
-154
-128
-112
-95
-93
-105
-117
-127
-139
-149
-144
-161
-181
-216
-246
-245
-228
-205
-213
-236
-237
-239
-215
-190
-176
-185
-188
-191
-176
-144
-141
-152
-162
-172
-171
-159
-175
-167
-165
-155
-152
-159
-180
-211
-208
-207
-200
-186
-190
-208
-204
-206
-212
-235
-256
-271
-269
-268
-269
-260
-261
-268
-281
-300
-313
-317
-312
-300
-296
-291
-289
-276
-281
-284
-278
-253
-218
-209
-225
-253
-250
-245
-251
-268
-264
-250
-246
-244
-253
-256
-261
-290
-293
-290
-308
-312
-316
-316
-324
-329
-331
-342
-339
-324
-311
-320
-323
-323
-320
-304
-308
-311
-320
-326
-327
-320
-322
-320
-325
-330
-315
-311
-284
-293
-295
-286
-274
-254
-260
-260
-249
-270
-283
-282
-278
-259
-252
-258
-255
-264
-291
-300
-307
-321
-317
-323
-335
-347
-356
-354
-358
-347
-340
-338
-343
-340
-334
-323
-316
-330
-334
-335
-325
-298
-291
-297
-306
-306
-287
-287
-266
-258
-252
-242
-251
-248
-248
-233
-241
-250
-268
-274
-270
-289
-293
-292
-281
-286
-281
-283
-288
-289
-290
-289
-296
-314
-324
-334
-341
-345
-347
-343
-353
-364
-374
-374
-377
-370
-356
-342
-347
-347
-353
-354
-332
-327
-316
-313
-298
-280
-289
-289
-297
-327
-327
-321
-299
-283
-282
-293
-310
-322
-319
-313
-302
-307
-291
-288
-292
-294
-311
-303
-307
-307
-309
-295
-287
-296
-302
-296
-298
-278
-282
-285
-278
-263
-259
-259
-243
-244
-228
-217
-221
-230
-244
-261
-254
-253
-247
-252
-258
-262
-252
-246
-234
-240
-281
-315
-326
-303
-268
-245
-255
-295
-319
-296
-274
-252
-234
-251
-271
-284
-280
-271
-270
-275
-280
-303
-307
-294
-293
-292
-296
-322
-342
-346
-353
-336
-316
-311
-327
-346
-351
-353
-319
-282
-255
-232
-199
-183
-189
-183
-196
-211
-217
-202
-203
-213
-225
-221
-202
-194
-181
-186
-193
-185
-182
-156
-144
-138
-162
-173
-165
-149
-139
-126
-119
-124
-110
-113
-111
-97
-80
-92
-90
-98
-111
-113
-114
-111
-127
-149
-162
-166
-171
-168
-157
-166
-173
-163
-166
-180
-173
-168
-158
-144
-130
-141
-139
-137
-150
-158
-153
-157
-160
-136
-118
-119
-130
-165
-185
-198
-208
-188
-176
-159
-151
-171
-191
-198
-184
-188
-205
-205
-218
-207
-190
-189
-190
-212
-227
-245
-266
-265
-280
-292
-295
-287
-272
-262
-256
-246
-236
-217
-230
-224
-219
-245
-251
-251
-249
-240
-252
-268
-264
-257
-253
-258
-254
-259
-258
-261
-251
-238
-236
-245
-257
-273
-283
-291
-276
-273
-276
-285
-292
-289
-289
-280
-288
-283
-292
-303
-310
-298
-308
-322
-326
-333
-339
-334
-329
-328
-327
-314
-320
-324
-306
-303
-293
-284
-282
-271
-281
-284
-261
-255
-244
-249
-259
-275
-269
-255
-256
-255
-264
-268
-274
-276
-276
-287
-289
-298
-313
-320
-321
-328
-324
-308
-296
-287
-284
-256
-234
-227
-224
-241
-240
-230
-211
-221
-218
-224
-216
-221
-230
-242
-257
-243
-240
-248
-252
-252
-262
-272
-266
-255
-255
-252
-245
-237
-232
-226
-236
-248
-248
-258
-267
-263
-268
-264
-271
-260
-261
-269
-254
-250
-248
-226
-208
-205
-200
-199
-192
-170
-174
-170
-168
-163
-166
-158
-154
-160
-150
-141
-120
-121
-123
-131
-123
-138
-134
-135
-152
-160
-164
-170
-185
-169
-176
-176
-178
-180
-179
-171
-159
-148
-167
-188
-192
-176
-151
-140
-143
-147
-150
-148
-155
-149
-144
-124
-110
-114
-114
-126
-136
-143
-141
-138
-141
-152
-146
-141
-120
-105
-146
-181
-205
-195
-145
-128
-122
-147
-174
-176
-155
-120
-90
-101
-124
-132
-128
-121
-111
-113
-132
-132
-133
-143
-126
-137
-144
-141
-170
-180
-192
-199
-182
-183
-178
-199
-215
-209
-189
-157
-129
-108
-84
-69
-53
-71
-95
-105
-130
-123
-129
-141
-144
-172
-173
-165
-161
-147
-168
-186
-188
-181
-161
-151
-158
-171
-183
-165
-152
-146
-139
-149
-162
-171
-161
-133
-120
-129
-122
-126
-127
-135
-126
-126
-138
-157
-191
-214
-226
-228
-197
-198
-223
-237
-243
-228
-212
-218
-227
-227
-212
-203
-203
-198
-199
-196
-186
-191
-194
-201
-189
-174
-179
-199
-223
-245
-254
-266
-263
-245
-244
-244
-253
-260
-246
-249
-260
-298
-330
-337
-321
-312
-299
-300
-318
-314
-317
-319
-339
-339
-344
-338
-329
-319
-322
-316
-316
-326
-313
-311
-300
-304
-303
-297
-295
-284
-265
-265
-273
-256
-254
-256
-253
-268
-280
-283
-289
-277
-267
-281
-301
-317
-330
-326
-333
-322
-326
-326
-318
-316
-313
-300
-279
-275
-267
-269
-274
-278
-271
-263
-252
-270
-281
-276
-280
-288
-280
-277
-272
-259
-250
-243
-234
-222
-219
-205
-213
-220
-222
-210
-189
-195
-202
-210
-214
-200
-201
-186
-174
-168
-177
-178
-183
-185
-174
-175
-178
-196
-189
-163
-149
-159
-155
-152
-150
-143
-134
-133
-128
-134
-138
-141
-138
-125
-125
-128
-120
-113
-107
-108
-114
-117
-114
-118
-120
-106
-111
-122
-130
-145
-155
-163
-158
-161
-161
-166
-174
-175
-190
-183
-182
-193
-202
-227
-236
-240
-247
-255
-274
-279
-267
-250
-241
-248
-251
-246
-250
-251
-236
-233
-218
-199
-203
-189
-196
-200
-199
-214
-205
-191
-188
-194
-209
-221
-223
-216
-207
-206
-214
-214
-224
-233
-224
-217
-224
-225
-227
-240
-234
-230
-225
-225
-234
-221
-217
-205
-200
-206
-209
-196
-197
-200
-195
-188
-176
-160
-160
-181
-211
-220
-223
-231
-230
-249
-256
-244
-229
-223
-224
-253
-287
-310
-300
-266
-242
-250
-269
-303
-321
-318
-288
-265
-263
-281
-303
-303
-300
-285
-281
-278
-284
-292
-292
-292
-293
-284
-308
-333
-348
-376
-360
-327
-316
-319
-352
-381
-369
-342
-311
-286
-275
-253
-231
-225
-239
-249
-264
-259
-234
-227
-237
-260
-264
-262
-252
-252
-281
-295
-317
-312
-300
-281
-273
-295
-305
-305
-296
-279
-262
-283
-310
-316
-325
-312
-290
-282
-284
-286
-278
-278
-265
-264
-276
-285
-302
-312
-318
-320
-308
-298
-311
-317
-332
-314
-294
-272
-262
-265
-251
-238
-227
-215
-215
-235
-244
-245
-246
-242
-241
-233
-204
-189
-200
-209
-223
-240
-226
-224
-202
-194
-201
-200
-193
-186
-209
-223
-241
-258
-252
-224
-202
-198
-191
-203
-220
-225
-232
-238
-242
-239
-236
-214
-205
-207
-195
-194
-194
-189
-193
-199
-207
-209
-196
-197
-191
-183
-181
-187
-196
-186
-184
-189
-185
-179
-172
-171
-175
-172
-160
-176
-179
-172
-161
-154
-159
-153
-150
-145
-148
-132
-120
-109
-109
-119
-121
-134
-135
-121
-112
-108
-97
-90
-84
-65
-49
-44
-31
-24
-18
-5
-1
13
23
15
4
-1
10
41
58
68
62
62
57
50
55
58
60
69
75
75
73
86
99
101
100
92
106
123
139
150
162
177
198
219
244
275
287
302
311
300
295
310
329
319
310
307
306
303
304
297
279
273
285
282
272
259
250
253
256
244
238
250
253
254
236
226
224
216
209
199
186
180
180
174
162
154
150
148
154
146
146
149
153
159
160
170
182
178
158
145
144
145
141
125
107
101
90
89
101
79
81
63
42
52
48
45
41
44
41
40
39
36
28
16
16
13
5
19
34
41
43
39
51
64
72
65
59
55
60
67
74
102
117
121
132
129
99
82
75
70
72
75
75
88
96
107
105
102
68
50
49
53
82
86
61
37
40
52
72
92
100
59
39
48
71
87
101
101
97
86
69
81
88
86
87
65
67
46
43
61
79
86
70
48
41
79
123
164
172
176
189
200
188
161
143
133
136
129
122
122
121
129
147
152
138
118
103
102
122
148
146
133
117
101
107
123
146
173
146
121
120
118
132
128
125
130
129
126
120
105
77
45
9
-10
-33
-36
-25
-13
10
-1
-13
-13
-11
-10
8
21
25
40
53
51
54
52
56
52
65
85
81
74
78
71
57
56
24
18
22
27
53
59
55
39
31
25
20
29
21
16
27
47
59
61
48
47
45
25
42
58
53
47
53
50
41
46
46
37
50
64
67
73
72
58
63
50
33
34
32
40
43
53
65
45
28
11
10
29
41
64
53
50
58
60
43
28
14
9
16
17
33
34
36
36
22
17
22
12
13
18
13
-2
-15
-10
-14
-22
-41
-53
-58
-44
-20
9
27
39
49
57
48
56
57
44
40
37
28
7
-6
8
7
-15
-11
-20
-21
-36
-52
-43
-53
-65
-59
-74
-63
-54
-60
-57
-69
-89
-83
-96
-83
-64
-66
-66
-73
-64
-41
-39
-48
-47
-55
-40
-35
-43
-45
-55
-60
-42
-32
-20
-10
-16
-33
-53
-43
-32
-32
-32
-32
-24
-23
-32
-50
-60
-78
-80
-70
-59
-64
-56
-55
-46
-44
-51
-44
-48
-53
-40
-36
-34
3
16
56
56
66
68
71
91
83
91
81
65
60
60
60
53
44
24
16
32
49
53
60
38
21
10
45
78
88
90
54
50
26
22
10
-19
-8
11
2
31
33
51
44
47
62
39
19
26
23
37
56
43
20
-16
-21
-10
12
2
20
0
7
45
38
30
-5
-37
-53
-43
-6
13
0
-26
-64
-63
-56
-27
-2
-17
-22
-24
-25
-24
-19
-18
-37
-60
-43
-28
-39
-48
-59
-74
-81
-117
-119
-133
-124
-85
-83
-101
-145
-150
-138
-123
-104
-89
-78
-80
-80
-93
-112
-126
-130
-106
-117
-137
-133
-122
-95
-92
-100
-88
-97
-84
-87
-93
-86
-97
-88
-90
-98
-97
-102
-98
-91
-66
-69
-84
-84
-83
-83
-82
-70
-57
-88
-104
-97
-72
-59
-66
-81
-101
-105
-104
-132
-147
-160
-175
-151
-137
-109
-100
-120
-119
-104
-103
-105
-105
-108
-117
-125
-149
-163
-180
-171
-146
-115
-131
-160
-172
-201
-220
-229
-208
-199
-203
-237
-255
-278
-282
-287
-310
-314
-303
-254
-223
-249
-285
-304
-319
-318
-331
-324
-345
-358
-373
-367
-343
-318
-301
-296
-277
-277
-280
-281
-307
-320
-318
-339
-328
-339
-331
-320
-342
-344
-371
-372
-393
-395
-365
-376
-382
-406
-421
-401
-419
-401
-383
-390
-380
-383
-378
-398
-391
-391
-391
-373
-361
-358
-394
-424
-426
-415
-371
-347
-344
-356
-385
-405
-403
-373
-384
-400
-396
-387
-368
-352
-324
-324
-330
-285
-267
-252
-230
-228
-276
-302
-325
-350
-345
-347
-303
-319
-326
-300
-276
-248
-235
-229
-217
-246
-251
-242
-243
-215
-172
-187
-228
-241
-227
-189
-188
-162
-154
-178
-170
-156
-150
-167
-178
-165
-169
-165
-129
-120
-144
-191
-202
-224
-208
-183
-182
-196
-252
-291
-269
-256
-232
-219
-229
-210
-259
-273
-277
-288
-281
-281
-304
-304
-270
-278
-326
-350
-361
-375
-346
-328
-300
-320
-365
-366
-354
-335
-315
-287
-271
-296
-333
-363
-378
-379
-373
-358
-366
-351
-330
-329
-352
-376
-373
-359
-350
-375
-373
-366
-379
-358
-354
-359
-356
-355
-316
-297
-316
-332
-348
-357
-384
-359
-321
-324
-320
-288
-300
-298
-263
-239
-239
-224
-216
-239
-275
-282
-274
-297
-297
-272
-289
-269
-267
-264
-247
-286
-275
-313
-303
-298
-306
-330
-372
-377
-356
-333
-295
-280
-287
-307
-313
-295
-262
-237
-286
-289
-327
-345
-325
-305
-320
-363
-364
-346
-377
-373
-375
-343
-332
-365
-389
-421
-399
-384
-344
-328
-327
-300
-271
-266
-258
-280
-315
-315
-295
-303
-308
-323
-353
-351
-310
-288
-288
-274
-275
-276
-295
-267
-246
-292
-282
-289
-251
-253
-234
-146
-192
-212
-187
-159
-166
-182
-168
-168
-203
-223
-255
-313
-317
-309
-291
-286
-301
-315
-312
-322
-323
-292
-306
-307
-308
-305
-314
-347
-344
-327
-268
-236
-255
-234
-240
-249
-236
-256
-298
-305
-318
-286
-307
-329
-341
-393
-373
-360
-348
-334
-345
-364
-369
-373
-303
-305
-320
-288
-287
-281
-300
-321
-305
-309
-316
-276
-288
-315
-333
-352
-323
-281
-279
-224
-240
-271
-275
-290
-236
-222
-232
-248
-307
-311
-319
-319
-278
-281
-246
-245
-259
-214
-209
-203
-211
-212
-242
-264
-276
-292
-323
-319
-283
-287
-231
-187
-185
-174
-180
-190
-197
-267
-272
-278
-280
-282
-279
-268
-288
-249
-233
-210
-223
-217
-225
-223
-241
-250
-224
-229
-191
-106
-73
-55
-100
-128
-127
-115
-77
-58
-71
-100
-142
-185
-169
-158
-146
-117
-96
-118
-98
-94
-98
-160
-182
-207
-145
-148
-129
-109
-130
-135
-163
-129
-65
-24
4
12
-65
-89
-108
-79
-35
8
-14
-30
-77
-67
-63
-59
-62
-78
-75
-87
-58
-76
-87
-105
-135
-168
-145
-100
-47
-15
-31
-78
-117
-132
-80
-58
-40
-39
-45
-59
-94
-97
-93
-95
-118
-85
-47
27
55
26
8
-12
-33
9
7
53
59
17
55
34
13
-3
26
81
56
37
17
-21
3
14
28
26
53
65
40
32
6
-12
-54
-22
38
32
33
20
-3
19
19
44
49
66
80
30
15
11
10
18
45
68
65
69
93
70
70
67
61
63
52
46
88
98
68
16
-10
1
31
76
98
82
39
35
61
65
33
53
68
70
103
155
131
115
138
141
152
195
241
219
182
164
131
125
104
88
105
74
97
143
132
111
114
70
28
63
29
40
99
133
146
120
155
140
115
117
133
130
78
66
41
16
10
8
9
38
21
27
41
59
30
35
20
3
-37
10
14
-5
-25
-25
54
94
126
117
99
57
15
52
90
93
59
-13
-48
-66
-30
-3
-26
-49
-54
-36
-44
-10
35
50
83
39
32
61
32
139
104
111
83
43
87
67
88
70
26
39
-8
-2
26
0
58
40
75
90
99
96
88
83
94
96
44
7
-37
-6
36
92
130
144
122
130
72
51
36
5
-1
-6
-19
-12
-26
-18
14
6
66
41
36
17
24
55
27
55
63
3
-5
27
80
114
86
46
2
0
22
79
124
130
110
82
42
9
45
63
57
16
9
16
-17
-1
71
92
40
37
32
44
-9
21
73
66
41
13
71
69
58
40
53
18
13
72
129
123
165
191
134
93
59
98
22
-18
4
-6
-9
7
47
49
15
14
36
32
47
68
89
89
97
86
73
71
65
66
44
79
115
173
214
197
136
142
95
144
199
243
233
168
142
68
128
183
226
190
172
99
74
66
111
161
130
120
111
151
135
162
168
153
108
91
71
48
63
88
32
26
30
49
102
125
166
166
137
132
155
173
184
206
154
110
109
144
130
79
39
9
27
79
124
128
123
101
29
9
31
31
31
1
-13
-8
-69
-53
-16
-5
-6
9
-9
-34
3
-13
-7
-11
-19
-26
-61
-54
-63
-80
-113
-99
-63
-61
-77
-72
-28
52
78
84
69
53
23
-15
-15
-6
-4
-56
-96
-83
-96
-87
-56
-61
-69
-86
-91
-69
-89
-86
-127
-146
-119
-104
-56
-35
-70
-82
-94
-40
-29
-43
-43
-117
-157
-150
-41
14
31
-25
-75
-119
-173
-151
-74
-22
-2
-26
-71
-137
-143
-78
-5
28
31
47
37
39
45
8
-44
-81
-76
-79
-100
-103
-82
-75
-67
-49
-23
-16
-37
-35
-40
12
20
26
36
-4
-10
-7
46
68
35
26
-9
12
55
38
-8
-7
-30
-35
-8
10
6
3
-37
-36
-74
-115
-142
-130
-127
-138
-110
-91
-97
-82
-25
-19
-25
19
6
-53
-61
-76
-72
-58
-40
-23
-44
-106
-119
-105
-154
-178
-187
-216
-228
-187
-92
-115
-133
-157
-179
-171
-150
-131
-119
-155
-151
-120
-146
-167
-184
-171
-187
-197
-209
-234
-262
-233
-181
-145
-99
-74
-72
-66
-127
-144
-142
-173
-137
-109
-96
-118
-148
-137
-169
-140
-83
-47
-55
-132
-168
-190
-196
-194
-189
-175
-172
-159
-106
-128
-94
-73
-125
-172
-173
-101
-92
-65
-54
-135
-174
-198
-203
-188
-176
-157
-180
-212
-221
-209
-226
-234
-208
-191
-145
-106
-82
-77
-97
-106
-142
-172
-134
-137
-128
-90
-110
-160
-169
-172
-183
-143
-122
-132
-178
-173
-153
-164
-184
-192
-205
-189
-179
-154
-170
-240
-189
-145
-115
-75
-57
-62
-129
-145
-139
-137
-84
-31
9
-19
-23
-8
-25
-41
-51
-9
-19
-8
-43
-72
-72
-126
-124
-107
-110
-42
-17
-34
-67
-110
-96
-61
-48
-53
-60
-83
-78
-93
-108
-182
-221
-183
-174
-166
-103
-87
-72
-80
-107
-111
-112
-147
-153
-177
-182
-180
-170
-134
-150
-150
-136
-130
-147
-150
-134
-134
-151
-161
-196
-209
-198
-133
-128
-177
-220
-251
-277
-290
-231
-228
-227
-228
-225
-257
-283
-253
-238
-223
-231
-243
-284
-284
-275
-271
-286
-296
-279
-291
-266
-210
-204
-180
-184
-192
-228
-265
-278
-287
-234
-259
-268
-306
-312
-294
-303
-283
-266
-297
-273
-311
-301
-295
-322
-346
-397
-393
-390
-336
-356
-317
-262
-243
-200
-223
-279
-324
-373
-395
-378
-349
-330
-364
-352
-349
-340
-344
-321
-296
-300
-299
-308
-317
-343
-339
-315
-277
-250
-193
-153
-123
-102
-113
-159
-196
-210
-190
-203
-243
-238
-243
-211
-198
-196
-209
-219
-195
-125
-102
-107
-151
-209
-231
-242
-218
-222
-200
-206
-241
-232
-220
-232
-191
-188
-186
-222
-223
-254
-384
-425
-467
-479
-503
-448
-398
-408
-405
-404
-388
-395
-411
-410
-402
-401
-433
-438
-421
-380
-370
-355
-319
-295
-266
-287
-299
-302
-317
-288
-304
-314
-370
-415
-428
-400
-345
-345
-359
-383
-345
-370
-358
-350
-375
-357
-354
-335
-338
-341
-367
-392
-430
-397
-389
-358
-351
-376
-378
-373
-347
-340
-356
-355
-322
-322
-279
-302
-373
-401
-396
-334
-305
-304
-312
-358
-349
-400
-440
-422
-423
-404
-361
-367
-405
-397
-394
-395
-363
-339
-330
-412
-442
-468
-494
-496
-487
-466
-458
-469
-434
-409
-375
-365
-366
-359
-366
-369
-403
-363
-380
-387
-395
-392
-373
-345
-329
-294
-303
-330
-325
-303
-251
-226
-208
-219
-250
-244
-255
-248
-204
-190
-161
-180
-193
-197
-199
-212
-224
-275
-278
-250
-281
-254
-238
-217
-201
-167
-143
-145
-188
-170
-172
-182
-156
-158
-185
-244
-227
-171
-121
-62
-42
-72
-112
-117
-131
-174
-209
-280
-300
-363
-356
-343
-340
-325
-326
-315
-307
-302
-273
-303
-284
-268
-319
-325
-328
-338
-312
-261
-239
-232
-228
-202
-144
-122
-117
-104
-133
-115
-109
-95
-101
-107
-85
-83
-89
-55
-9
45
77
102
91
70
62
44
16
-56
-77
-99
-107
-135
-98
-59
-50
-8
19
29
38
32
42
68
19
-4
-22
-30
-21
9
27
18
26
24
20
38
64
87
48
1
-35
-85
-106
-140
-133
-171
-176
-152
-175
-220
-272
-272
-273
-296
-299
-322
-372
-400
-419
-445
-498
-527
-525
-508
-490
-440
-404
-394
-387
-388
-374
-349
-286
-221
-203
-195
-181
-152
-115
-14
67
141
183
238
256
277
308
267
201
54
-55
-149
-225
-291
-350
-395
-406
-348
-261
-151
-64
-1
39
36
-4
-23
-29
-47
-86
-131
-171
-182
-132
-19
133
253
353
394
420
387
351
341
205
116
-16
-120
-201
-272
-282
-278
-303
-277
-189
-122
-56
-83
-155
-260
-353
-441
-498
-556
-623
-696
-741
-734
-695
-591
-512
-420
-335
-249
-147
-96
-34
-7
37
101
168
231
266
321
391
444
503
533
558
526
468
410
314
204
52
-128
-293
-395
-473
-514
-561
-591
-554
-494
-410
-336
-282
-247
-169
-120
-55
-4
64
148
185
254
311
415
520
576
627
682
704
718
711
626
511
352
269
186
101
45
-18
-52
-130
-146
-115
-126
-176
-222
-313
-391
-443
-496
-574
-651
-724
-808
-877
-924
-939
-973
-955
-949
-939
-886
-785
-670
-533
-373
-201
-65
83
213
340
445
500
543
576
575
580
611
591
563
503
469
424
378
309
203
51
-127
-275
-439
-562
-702
-810
-906
-928
-828
-694
-554
-397
-217
2
215
408
554
658
720
752
785
801
805
794
801
817
858
882
913
906
893
863
788
651
479
349
223
121
22
-52
-93
-67
-52
-11
11
42
42
46
-4
-16
-93
-210
-344
-504
-624
-771
-890
-1009
-1037
-992
-917
-812
-665
-398
-97
141
350
507
661
757
849
869
801
708
635
601
581
598
629
630
634
669
695
694
591
401
150
-135
-342
-570
-844
-1099
-1261
-1265
-1189
-1056
-872
-616
-313
-17
256
469
652
774
818
810
764
741
713
681
680
727
803
864
895
922
914
900
829
700
538
349
184
8
-146
-237
-288
-306
-266
-233
-169
-144
-117
-129
-169
-249
-361
-485
-663
-838
-992
-1086
-1088
-1016
-886
-709
-461
-156
141
406
649
853
936
983
996
934
814
669
535
428
377
408
511
605
743
848
913
887
784
619
348
42
-303
-641
-989
-1266
-1383
-1419
-1362
-1197
-937
-609
-248
104
398
619
750
833
844
784
691
627
532
442
432
474
594
695
823
886
928
914
852
756
560
335
111
-92
-279
-404
-456
-459
-391
-324
-229
-194
-180
-154
-182
-245
-413
-576
-833
-1009
-1148
-1208
-1206
-1167
-1022
-850
-548
-207
117
317
481
668
788
841
846
778
593
395
342
310
301
316
399
524
649
815
916
908
766
631
401
102
-242
-583
-932
-1227
-1319
-1345
-1294
-1186
-908
-562
-226
112
426
685
806
871
897
858
702
542
418
331
331
394
501
582
711
856
978
996
964
869
722
531
320
133
-45
-198
-321
-398
-430
-410
-373
-308
-315
-299
-315
-367
-506
-681
-875
-1058
-1205
-1231
-1193
-1152
-974
-662
-274
23
332
655
916
1070
1185
1198
1025
774
557
377
167
12
11
37
96
261
513
661
651
624
523
313
18
-276
-683
-1169
-1497
-1660
-1727
-1733
-1572
-1222
-848
-458
-5
385
638
787
862
846
706
523
335
95
-142
-228
-183
-124
-26
105
275
423
521
547
484
343
145
-70
-315
-542
-744
-899
-995
-1005
-931
-837
-766
-695
-639
-613
-691
-814
-1015
-1226
-1386
-1471
-1488
-1517
-1339
-1030
-638
-285
100
509
845
1052
1156
1211
1046
768
515
255
-86
-391
-466
-488
-488
-376
-86
163
223
288
275
196
-29
-286
-692
-1191
-1540
-1687
-1764
-1854
-1690
-1340
-918
-520
-29
473
809
1016
1152
1159
1039
830
602
305
-20
-195
-226
-222
-237
-140
40
213
269
331
342
263
116
-42
-221
-458
-638
-777
-920
-1009
-929
-837
-777
-739
-662
-612
-650
-778
-969
-1162
-1326
-1446
-1490
-1471
-1326
-1003
-611
-294
1
402
824
1048
1146
1206
1052
741
465
274
-32
-321
-472
-555
-603
-501
-150
59
61
23
61
-26
-272
-504
-855
-1305
-1670
-1790
-1853
-1907
-1745
-1325
-889
-519
-39
485
899
1124
1282
1316
1136
906
655
361
29
-193
-263
-326
-391
-302
-92
54
126
148
161
102
-3
-119
-306
-506
-705
-822
-894
-935
-901
-841
-783
-755
-703
-665
-696
-845
-1015
-1150
-1294
-1368
-1449
-1404
-1215
-859
-513
-246
128
511
897
1080
1191
1167
935
674
424
206
-130
-372
-496
-580
-617
-494
-191
-64
-54
-68
-75
-216
-439
-676
-1073
-1497
-1775
-1839
-1945
-1973
-1723
-1255
-796
-412
116
636
995
1204
1303
1263
1054
812
545
179
-218
-426
-474
-513
-536
-432
-211
-61
12
91
110
1
-131
-316
-519
-724
-880
-956
-1053
-1071
-1003
-836
-762
-715
-686
-677
-742
-893
-1032
-1201
-1361
-1472
-1397
-1160
-842
-505
-242
86
500
954
1227
1295
1210
972
706
453
233
-159
-538
-748
-807
-765
-637
-311
-106
-66
-37
37
36
-175
-495
-913
-1346
-1665
-1815
-1923
-1972
-1757
-1303
-810
-360
207
808
1240
1467
1579
1555
1343
1027
656
266
-174
-464
-605
-698
-715
-614
-361
-146
-23
64
96
80
-53
-219
-421
-674
-842
-965
-1011
-1030
-963
-818
-699
-622
-569
-527
-605
-768
-904
-1066
-1204
-1368
-1334
-1159
-821
-462
-224
115
539
1097
1379
1500
1428
1192
920
613
383
-54
-447
-719
-860
-849
-680
-293
-73
-7
30
158
200
22
-249
-672
-1094
-1427
-1583
-1751
-1855
-1651
-1197
-724
-308
287
905
1397
1656
1808
1833
1630
1312
919
485
34
-275
-457
-622
-736
-653
-413
-209
-109
-22
46
29
-50
-185
-377
-611
-809
-939
-978
-994
-946
-852
-744
-669
-597
-516
-545
-653
-850
-976
-1109
-1166
-1040
-794
-485
-359
-110
279
774
1167
1393
1467
1264
1060
847
647
233
-251
-583
-823
-929
-910
-671
-499
-469
-407
-264
-152
-200
-307
-592
-961
-1252
-1411
-1568
-1789
-1730
-1354
-874
-482
-40
554
1107
1508
1755
1892
1778
1519
1213
835
398
22
-225
-477
-682
-778
-618
-429
-314
-263
-194
-126
-142
-207
-370
-538
-741
-834
-918
-1009
-1033
-982
-873
-832
-756
-701
-631
-702
-844
-966
-1066
-1086
-963
-734
-516
-405
-137
297
782
1121
1335
1455
1294
1069
866
728
382
-77
-388
-617
-781
-795
-578
-432
-453
-397
-250
-183
-275
-418
-649
-972
-1263
-1398
-1499
-1690
-1670
-1362
-906
-527
-90
462
978
1407
1683
1863
1808
1613
1348
1000
553
115
-158
-401
-612
-750
-700
-577
-503
-465
-412
-355
-359
-406
-508
-677
-856
-957
-1007
-1089
-1124
-1068
-943
-901
-895
-830
-789
-817
-908
-989
-1116
-1095
-877
-546
-460
-500
-205
264
705
856
1051
1033
818
632
510
302
-213
-545
-757
-958
-1087
-946
-687
-724
-748
-653
-494
-501
-587
-731
-1114
-1455
-1594
-1657
-1886
-1992
-1748
-1326
-983
-602
17
614
991
1289
1553
1660
1533
1352
1117
697
255
-54
-248
-506
-693
-676
-563
-533
-564
-502
-463
-518
-617
-681
-811
-1024
-1140
-1183
-1167
-1219
-1132
-1043
-961
-900
-770
-641
-683
-756
-832
-898
-895
-702
-337
-166
-192
-4
395
839
1066
1274
1199
891
641
593
455
-86
-550
-828
-1035
-1144
-960
-739
-816
-910
-721
-461
-432
-522
-605
-910
-1263
-1376
-1345
-1517
-1723
-1543
-1127
-738
-379
194
762
1117
1414
1707
1825
1643
1403
1172
827
388
80
-151
-452
-672
-654
-470
-446
-510
-499
-456
-464
-566
-693
-871
-1121
-1269
-1300
-1321
-1360
-1301
-1095
-957
-797
-665
-437
-393
-447
-506
-510
-346
-148
108
50
21
267
709
1065
1085
1215
1151
941
725
580
326
-206
-569
-926
-1185
-1276
-1023
-815
-1010
-1104
-914
-564
-522
-598
-726
-953
-1084
-1119
-1132
-1334
-1341
-1021
-631
-354
16
621
1169
1506
1685
1859
1932
1767
1468
1099
690
323
33
-259
-582
-700
-559
-407
-436
-478
-372
-250
-286
-421
-547
-705
-908
-1062
-1177
-1219
-1243
-1142
-1004
-851
-646
-439
-222
-214
-190
-171
-29
168
354
398
310
501
847
1191
1244
1271
1234
1048
910
857
703
175
-333
-635
-890
-1075
-1080
-920
-1008
-1117
-1023
-814
-664
-677
-667
-872
-1081
-1087
-988
-1047
-1140
-905
-514
-204
122
692
1281
1696
1992
2219
2240
2022
1805
1539
1099
537
143
-187
-538
-801
-786
-636
-629
-652
-585
-470
-432
-419
-443
-642
-900
-1055
-1083
-1141
-1239
-1192
-1077
-874
-658
-386
-87
41
178
292
582
855
1062
1008
869
927
1144
1356
1347
1250
1008
792
708
638
334
-133
-401
-597
-862
-975
-888
-854
-1094
-1200
-1089
-952
-947
-997
-1044
-1187
-1170
-999
-876
-994
-908
-423
40
284
554
1143
1676
1961
2148
2290
2266
2050
1813
1461
1010
591
308
-15
-491
-739
-678
-581
-722
-865
-816
-736
-760
-862
-890
-1019
-1232
-1327
-1337
-1347
-1387
-1236
-1067
-939
-805
-522
-215
-134
-88
204
675
1099
1179
1157
1205
1434
1688
1738
1680
1366
1076
845
727
493
48
-305
-663
-936
-1143
-1072
-916
-1077
-1269
-1297
-1151
-1152
-1195
-1302
-1511
-1613
-1550
-1376
-1398
-1326
-922
-351
86
458
1011
1626
2080
2357
2581
2641
2478
2234
1928
1468
954
576
266
-113
-496
-634
-644
-679
-819
-893
-872
-890
-960
-1100
-1204
-1384
-1473
-1572
-1603
-1614
-1520
-1295
-1100
-865
-613
-298
-38
146
489
949
1388
1466
1469
1623
1871
2095
2060
1987
1640
1326
1079
896
554
2
-368
-706
-985
-1203
-1182
-1108
-1343
-1561
-1600
-1444
-1405
-1518
-1695
-1938
-1994
-1886
-1685
-1711
-1652
-1201
-610
-108
335
975
1580
2009
2345
2633
2724
2560
2347
2047
1592
1069
697
374
-80
-462
-559
-520
-700
-938
-1006
-1006
-1108
-1271
-1400
-1622
-1884
-1987
-1963
-1983
-1988
-1850
-1617
-1419
-1140
-734
-332
-152
-26
339
899
1364
1484
1454
1564
1756
2003
2082
2025
1696
1268
978
790
538
56
-402
-822
-1179
-1325
-1238
-1197
-1475
-1705
-1725
-1632
-1620
-1691
-1862
-2153
-2244
-2106
-1943
-1964
-1871
-1351
-728
-276
154
840
1508
1967
2329
2660
2812
2685
2468
2180
1758
1325
1046
741
271
-164
-287
-237
-378
-632
-802
-920
-1111
-1288
-1452
-1724
-2054
-2281
-2329
-2356
-2347
-2191
-1905
-1648
-1371
-994
-551
-201
75
526
1076
1536
1689
1826
2020
2296
2466
2494
2419
2126
1785
1480
1217
762
173
-284
-717
-1124
-1411
-1405
-1438
-1691
-1838
-1809
-1674
-1721
-1767
-1894
-2122
-2238
-2147
-2037
-2131
-2015
-1548
-1011
-595
-115
672
1391
1903
2322
2707
2885
2791
2660
2396
1931
1371
1033
723
243
-166
-305
-302
-481
-671
-750
-804
-992
-1186
-1371
-1664
-2035
-2291
-2406
-2530
-2613
-2500
-2234
-1980
-1645
-1212
-724
-382
20
608
1237
1587
1687
1873
2133
2397
2515
2532
2353
1966
1673
1471
1205
694
252
-130
-633
-1033
-1188
-1178
-1483
-1829
-1884
-1800
-1767
-1819
-1822
-2025
-2211
-2154
-1966
-1976
-2096
-1852
-1392
-987
-669
-99
544
1048
1470
1944
2326
2428
2424
2376
2166
1764
1400
1137
741
303
72
-18
-169
-433
-546
-602
-746
-934
-1113
-1334
-1706
-1972
-2189
-2365
-2589
-2653
-2595
-2495
-2255
-1948
-1480
-1191
-807
-240
460
1056
1284
1536
1780
2118
2357
2424
2410
2072
1872
1656
1503
1104
629
332
-96
-485
-843
-898
-1073
-1503
-1808
-1931
-1878
-1975
-2022
-2111
-2318
-2339
-2166
-1949
-2005
-1949
-1526
-1041
-728
-472
104
666
1056
1396
1738
2010
2066
2118
2067
1838
1558
1376
1176
764
455
359
281
37
-190
-247
-357
-544
-725
-936
-1209
-1541
-1684
-1840
-2061
-2212
-2219
-2129
-2171
-1988
-1677
-1304
-1076
-776
-161
461
986
1191
1453
1803
2180
2477
2515
2418
2122
1962
1836
1615
1219
793
589
187
-220
-463
-481
-654
-1037
-1276
-1383
-1454
-1594
-1678
-1827
-2035
-2057
-1922
-1839
-1886
-1686
-1166
-673
-420
-79
520
1125
1489
1727
1963
2096
2074
2004
1877
1569
1287
1127
957
630
422
479
536
395
221
205
147
-49
-257
-465
-762
-1134
-1322
-1480
-1712
-1890
-1915
-1795
-1762
-1569
-1261
-970
-830
-581
14
633
1075
1157
1281
1546
1974
2379
2558
2448
2109
1960
1930
1802
1468
1086
790
351
-7
-177
-187
-392
-785
-985
-1048
-1090
-1238
-1383
-1601
-1822
-1813
-1726
-1768
-1901
-1727
-1204
-756
-465
-99
479
1068
1509
1870
2147
2263
2249
2189
2009
1661
1327
1075
779
434
258
324
334
212
101
154
193
93
-66
-300
-591
-918
-1110
-1305
-1524
-1731
-1809
-1754
-1689
-1505
-1238
-965
-856
-688
-234
374
912
1038
1093
1243
1638
2026
2178
2115
1797
1633
1551
1521
1283
885
590
197
-126
-339
-345
-449
-825
-1082
-1205
-1159
-1243
-1374
-1606
-1874
-1878
-1787
-1761
-1932
-1899
-1534
-1118
-804
-486
59
585
1020
1390
1725
1943
1998
2001
1844
1524
1213
1041
794
323
-38
-117
-78
-181
-319
-331
-316
-306
-353
-482
-734
-993
-1193
-1346
-1531
-1669
-1754
-1819
-1810
-1745
-1538
-1308
-1100
-933
-616
-69
494
804
882
1030
1353
1708
1915
1918
1692
1397
1248
1199
973
552
175
-63
-318
-531
-597
-631
-870
-1143
-1263
-1250
-1304
-1425
-1627
-1890
-2057
-2020
-1956
-2114
-2197
-1947
-1455
-1124
-846
-357
214
692
1032
1421
1658
1745
1739
1650
1390
981
771
597
265
-146
-283
-192
-271
-396
-466
-375
-418
-488
-611
-807
-1083
-1301
-1402
-1605
-1851
-1940
-1917
-1879
-1904
-1736
-1461
-1296
-1191
-1108
-670
-215
312
440
446
621
996
1476
1588
1592
1331
1141
1106
1027
870
357
67
-245
-549
-797
-892
-877
-1184
-1363
-1415
-1243
-1271
-1379
-1541
-1758
-1781
-1704
-1677
-1957
-2051
-1720
-1256
-977
-806
-365
183
688
1096
1505
1767
1832
1874
1761
1500
1153
1000
775
287
-112
-166
-29
-178
-371
-367
-232
-202
-299
-343
-548
-759
-924
-1075
-1321
-1653
-1679
-1695
-1752
-1835
-1662
-1297
-1200
-1062
-936
-462
-10
454
700
661
872
1230
1731
1775
1656
1525
1340
1257
1082
952
536
170
-107
-438
-623
-711
-599
-820
-1147
-1190
-1019
-877
-1113
-1312
-1553
-1674
-1660
-1654
-1743
-1904
-1660
-1219
-836
-602
-189
448
932
1282
1589
1962
2134
2068
1920
1616
1322
1090
889
524
145
75
172
136
-87
-139
-34
-9
-112
-272
-450
-700
-865
-1063
-1288
-1568
-1698
-1761
-1822
-1808
-1682
-1386
-1231
-1132
-1041
-791
-315
196
602
586
637
973
1493
1815
1799
1738
1502
1357
1284
1207
877
357
24
-305
-528
-684
-648
-773
-1177
-1276
-1181
-956
-1047
-1179
-1391
-1636
-1596
-1481
-1451
-1767
-1759
-1312
-891
-690
-493
88
619
1033
1439
1841
2077
2028
2016
1849
1565
1257
1020
708
186
-73
-11
25
-266
-525
-420
-275
-235
-303
-372
-564
-771
-798
-873
-1133
-1491
-1636
-1647
-1735
-1734
-1583
-1396
-1353
-1337
-1113
-868
-462
-32
376
457
560
993
1439
1630
1542
1531
1395
1146
947
781
533
80
-191
-409
-682
-821
-760
-669
-923
-1123
-1070
-935
-999
-1262
-1415
-1616
-1679
-1717
-1749
-1859
-1872
-1487
-1080
-805
-524
28
669
1079
1428
1733
1997
2000
1947
1837
1557
1257
997
771
395
138
76
40
-171
-354
-269
-191
-245
-373
-443
-538
-709
-776
-913
-1133
-1385
-1448
-1430
-1482
-1501
-1435
-1306
-1237
-1158
-1009
-893
-681
-305
187
446
526
763
1109
1492
1590
1693
1547
1232
999
907
823
377
-60
-337
-539
-637
-645
-516
-757
-1026
-1133
-931
-813
-949
-1156
-1464
-1587
-1581
-1443
-1510
-1651
-1541
-1172
-768
-469
-51
484
944
1264
1577
1912
2049
2034
1919
1722
1440
1219
1028
642
186
-78
-56
-130
-359
-552
-557
-490
-458
-486
-641
-792
-886
-832
-956
-1168
-1355
-1344
-1334
-1400
-1439
-1338
-1218
-1168
-1181
-1104
-964
-592
-201
71
170
250
609
947
1218
1191
1174
1038
873
768
645
451
58
-240
-435
-593
-635
-676
-701
-997
-1167
-1110
-989
-1015
-1251
-1372
-1576
-1640
-1613
-1515
-1550
-1653
-1378
-970
-602
-363
19
522
843
1181
1492
1759
1748
1694
1696
1510
1219
905
722
377
-4
-165
-215
-382
-671
-697
-607
-606
-693
-753
-768
-896
-945
-893
-907
-1089
-1246
-1169
-1123
-1125
-1140
-1101
-1080
-1133
-1003
-863
-727
-622
-352
15
224
331
511
830
1103
1203
1246
1116
910
702
629
559
224
-162
-403
-540
-654
-673
-581
-694
-931
-1033
-832
-671
-821
-1063
-1293
-1368
-1328
-1196
-1170
-1242
-1046
-591
-158
47
362
881
1339
1615
1832
2101
2185
2117
1954
1755
1453
1142
956
638
229
-25
26
5
-272
-450
-370
-204
-208
-285
-345
-395
-389
-333
-332
-465
-493
-378
-280
-378
-423
-284
-150
-206
-355
-322
-307
-322
-292
-26
268
408
490
660
901
1224
1507
1624
1443
1233
1202
1202
991
558
243
101
-49
-226
-285
-199
-208
-262
-231
-154
-149
-170
-192
-340
-482
-480
-349
-371
-524
-423
-50
358
585
813
1191
1612
1998
2248
2426
2395
2307
2164
1946
1588
1235
985
699
355
105
105
142
73
-31
33
177
308
376
368
286
244
270
346
278
182
149
186
191
185
234
246
240
106
21
-73
-66
-75
-6
127
319
418
524
722
1030
1347
1513
1521
1391
1294
1241
1170
936
613
377
215
63
-5
78
164
113
73
163
339
491
519
419
194
99
189
234
116
8
210
525
718
879
1192
1579
1892
2076
2188
2232
2230
2141
1937
1571
1204
970
740
423
87
11
48
69
36
108
326
550
703
712
674
659
767
857
804
658
529
494
434
374
300
234
134
-5
-161
-231
-281
-365
-536
-527
-287
89
275
291
424
715
1106
1302
1397
1247
1041
981
1016
921
572
333
255
203
184
268
492
490
389
423
577
731
672
595
324
146
124
210
168
-58
-39
175
450
615
781
1048
1226
1396
1535
1641
1611
1441
1285
1002
761
585
489
293
32
21
139
305
336
425
525
669
847
957
972
901
892
914
881
800
667
559
397
234
118
-37
-188
-387
-510
-667
-767
-832
-862
-845
-689
-384
-80
93
275
558
910
1125
1225
1271
1202
1109
1024
970
788
578
508
507
545
645
873
991
960
988
1124
1199
1098
913
663
332
104
5
-147
-394
-481
-292
-72
15
157
475
782
936
1069
1234
1270
1193
1120
1038
833
620
505
454
379
391
536
686
759
858
1023
1157
1192
1201
1204
1107
1025
951
879
720
553
394
216
84
-93
-245
-503
-621
-720
-768
-926
-1050
-1110
-1116
-1071
-973
-659
-303
12
140
326
603
981
1260
1381
1275
1110
1061
1111
1095
943
754
681
718
874
1073
1200
1241
1161
1109
1049
976
766
369
-54
-442
-636
-802
-1001
-1202
-1220
-990
-712
-443
-232
72
389
688
909
1015
1002
926
821
646
521
464
419
295
235
362
586
776
867
918
962
1015
1103
1086
936
666
415
232
14
-169
-354
-531
-715
-815
-843
-839
-903
-1030
-1176
-1267
-1336
-1343
-1451
-1546
-1571
-1406
-1079
-751
-435
-344
-100
219
660
929
994
998
885
853
856
930
889
721
668
692
803
898
987
960
729
527
348
154
-190
-616
-1013
-1441
-1727
-1836
-1860
-1908
-1843
-1520
-1137
-819
-474
-35
289
472
645
763
738
621
566
501
330
229
291
418
441
543
778
968
1009
1042
1124
1034
811
577
370
62
-269
-431
-578
-716
-811
-795
-790
-832
-852
-832
-858
-965
-1105
-1201
-1328
-1458
-1554
-1619
-1621
-1526
-1292
-940
-567
-185
66
407
762
1177
1417
1498
1500
1370
1269
1216
1181
1008
753
647
618
606
591
613
535
275
47
-87
-257
-628
-1043
-1370
-1646
-1776
-1762
-1714
-1695
-1505
-1113
-735
-462
-177
207
475
598
710
799
780
655
584
534
467
501
604
676
671
806
1032
1119
1041
986
934
787
568
377
137
-162
-384
-458
-499
-570
-579
-559
-555
-625
-638
-691
-831
-1021
-1142
-1290
-1470
-1585
-1596
-1574
-1552
-1343
-1033
-640
-171
322
620
749
1034
1387
1597
1566
1465
1293
1099
967
916
794
557
454
499
500
451
460
462
248
-26
-180
-363
-715
-1055
-1270
-1440
-1593
-1526
-1395
-1369
-1291
-928
-406
-117
69
340
626
722
775
889
854
711
649
726
684
610
711
905
928
913
1081
1218
1147
991
930
797
542
275
137
-55
-233
-275
-215
-242
-297
-261
-216
-278
-335
-389
-481
-664
-838
-917
-1009
-990
-955
-896
-854
-773
-517
-317
-53
221
549
777
746
841
928
1115
1104
1062
963
801
783
834
915
795
677
687
673
641
602
591
368
61
-149
-263
-434
-652
-826
-952
-1099
-1123
-978
-862
-814
-681
-393
-173
-39
165
426
545
614
792
992
991
970
1019
1069
1043
1073
1188
1174
1089
1086
1210
1162
1036
945
898
692
506
416
326
136
-7
-40
-77
-112
-72
20
-11
-46
-48
12
-70
-191
-244
-314
-365
-457
-466
-531
-633
-640
-604
-522
-499
-366
-184
33
231
320
479
610
806
898
1026
1067
1029
982
973
1038
1005
995
977
928
883
843
840
689
469
233
58
-153
-382
-567
-756
-928
-1029
-956
-884
-847
-729
-490
-240
-46
242
538
702
788
949
1131
1160
1128
1177
1206
1166
1205
1324
1324
1230
1246
1294
1223
1110
1047
943
735
575
547
486
323
220
246
308
362
438
500
473
440
472
430
278
66
-91
-268
-396
-493
-543
-614
-750
-807
-815
-781
-721
-684
-596
-473
-198
69
225
381
600
916
1169
1378
1503
1529
1531
1563
1625
1592
1516
1445
1312
1166
1061
1018
849
573
305
88
-100
-337
-568
-856
-1066
-1124
-1043
-1004
-979
-780
-463
-176
35
340
665
858
1029
1204
1342
1358
1394
1441
1378
1274
1313
1472
1519
1471
1468
1516
1439
1343
1300
1252
1085
915
827
712
619
578
602
512
427
459
502
454
293
226
155
-5
-161
-338
-478
-679
-741
-771
-840
-901
-893
-807
-874
-891
-844
-700
-641
-507
-257
114
377
626
966
1314
1673
1965
2192
2218
2134
2052
1950
1801
1513
1317
1081
804
514
353
291
106
-77
-268
-395
-618
-790
-889
-1017
-1089
-1130
-1021
-996
-856
-575
-234
36
219
586
889
1133
1316
1543
1666
1641
1682
1753
1762
1687
1758
1833
1770
1681
1696
1645
1425
1257
1230
1113
824
640
570
451
246
169
182
113
70
79
98
8
-98
-96
-186
-257
-388
-408
-526
-608
-614
-584
-531
-560
-487
-462
-449
-416
-365
-245
-235
-161
-35
224
582
907
1153
1283
1511
1729
1874
1858
1775
1590
1352
1082
898
772
664
569
428
265
199
260
232
2
-318
-502
-640
-809
-1090
-1280
-1397
-1398
-1206
-1008
-716
-439
18
380
611
917
1247
1555
1549
1589
1657
1780
1780
1735
1742
1622
1607
1603
1619
1450
1312
1259
1078
786
534
513
373
73
-169
-201
-183
-232
-220
-110
-111
-82
11
113
138
120
198
168
126
88
171
110
5
-3
53
64
-36
-69
-92
-189
-318
-372
-403
-423
-439
-357
-272
-76
289
626
800
853
1082
1327
1406
1349
1251
1147
977
894
817
717
612
575
526
362
273
245
207
-7
-288
-391
-520
-653
-868
-895
-825
-722
-517
-340
-82
136
535
831
973
1103
1346
1641
1661
1651
1665
1681
1559
1431
1344
1170
1010
914
882
751
652
679
722
626
536
594
623
550
424
422
390
308
267
270
299
244
242
243
213
229
263
324
211
146
107
88
14
-72
-96
-154
-220
-269
-309
-350
-482
-590
-684
-775
-812
-856
-860
-877
-707
-340
-1
312
453
674
872
1106
1239
1163
1072
876
772
621
519
448
339
312
191
183
150
112
50
-131
-295
-562
-697
-835
-853
-839
-821
-691
-608
-421
-267
37
304
447
568
645
866
984
1071
1121
1185
1265
1317
1406
1437
1476
1483
1475
1456
1327
1245
1200
1072
926
763
600
415
312
276
149
66
-13
-40
-15
37
96
100
131
141
268
318
297
298
298
301
239
233
98
23
-75
-138
-224
-371
-544
-698
-725
-785
-831
-856
-870
-880
-825
-647
-498
-352
-110
153
431
558
636
677
762
832
802
750
625
557
461
440
509
474
436
344
308
156
47
4
-149
-395
-639
-652
-719
-758
-705
-542
-354
-303
-166
-22
176
383
592
760
765
895
1104
1304
1341
1312
1437
1429
1359
1208
1190
1128
971
877
726
597
408
394
377
227
137
73
70
-78
-66
15
52
21
-46
55
126
221
255
318
333
308
351
341
304
223
179
103
-44
-140
-210
-244
-379
-475
-643
-773
-977
-1099
-1202
-1251
-1275
-1343
-1269
-1173
-927
-685
-348
30
328
509
572
728
919
1045
1078
1023
1002
936
938
952
941
900
815
750
568
355
169
41
-155
-478
-714
-904
-968
-977
-914
-833
-731
-542
-388
-255
-120
113
356
444
521
637
888
1081
1164
1250
1314
1422
1436
1423
1307
1241
1210
1132
949
693
563
477
366
185
50
-47
-111
-164
-245
-298
-304
-266
-260
-278
-259
-141
14
65
137
199
307
378
368
368
331
331
314
254
139
23
-26
-83
-202
-320
-420
-529
-703
-875
-1012
-1111
-1175
-1268
-1276
-1303
-1189
-1044
-845
-664
-429
-117
97
311
409
598
762
893
947
944
1001
995
1072
1060
1032
968
881
850
710
591
396
213
-12
-236
-442
-645
-818
-928
-916
-863
-765
-656
-517
-338
-106
153
382
557
711
859
961
1054
1151
1228
1219
1222
1264
1263
1192
1067
1004
923
819
668
542
393
272
229
192
167
115
164
244
232
193
210
294
302
263
215
285
355
403
456
519
619
653
698
612
530
401
272
89
-198
-417
-635
-829
-1077
-1319
-1396
-1478
-1501
-1585
-1605
-1566
-1497
-1394
-1312
-1154
-964
-708
-388
-146
134
383
649
852
929
1034
1077
1094
1014
908
845
750
684
585
519
450
361
289
146
41
-91
-181
-270
-399
-537
-710
-818
-864
-857
-755
-670
-535
-412
-246
-11
199
403
591
764
967
1111
1214
1276
1295
1297
1272
1308
1317
1304
1254
1145
1032
892
776
626
500
389
275
199
77
7
-17
7
26
51
116
205
270
286
293
322
379
424
477
536
549
504
415
348
264
213
161
80
-14
-153
-272
-377
-479
-586
-700
-782
-881
-951
-934
-933
-944
-979
-944
-854
-726
-561
-444
-320
-222
-78
69
132
206
273
344
368
339
342
360
359
348
318
296
275
236
198
158
155
169
166
130
86
91
90
89
74
61
74
83
137
163
190
216
267
333
367
422
492
550
572
561
575
593
594
607
595
578
587
638
668
667
669
684
680
649
620
592
552
511
477
434
379
341
319
283
213
176
136
90
66
89
111
110
115
125
173
207
230
215
199
197
223
223
190
159
150
157
116
73
26
-4
-49
-127
-189
-252
-320
-375
-420
-444
-463
-475
-483
-469
-473
-483
-478
-470
-469
-473
-466
-464
-455
-440
-389
-336
-284
-240
-180
-86
-7
71
103
124
160
210
262
304
329
371
392
403
440
475
489
516
538
557
594
606
599
589
598
599
568
507
457
415
380
330
277
232
179
142
141
157
148
148
175
209
218
231
284
340
374
421
478
544
626
688
758
799
839
869
876
842
810
766
688
588
494
398
280
172
67
23
-40
-105
-165
-225
-261
-284
-312
-371
-411
-427
-453
-483
-504
-476
-427
-384
-363
-333
-286
-239
-170
-132
-107
-90
-56
-46
-75
-101
-105
-119
-175
-220
-222
-205
-246
-282
-323
-378
-428
-448
-457
-496
-527
-523
-514
-509
-481
-432
-338
-247
-165
-44
101
184
252
328
387
427
474
511
507
496
545
579
594
599
651
693
785
907
1031
1117
1055
1099
1025
1017
901
776
692
600
549
430
384
298
315
327
302
220
131
83
61
24
-40
-122
-142
-106
-49
19
59
87
148
218
282
366
415
437
400
361
305
240
230
206
220
175
82
83
29
91
143
167
189
79
-26
-138
-184
-190
-288
-463
-685
-707
-643
-567
-513
-513
-501
-463
-424
-438
-443
-389
-351
-360
-399
-406
-322
-235
-211
-271
-351
-367
-383
-406
-389
-344
-292
-285
-267
-247
-165
-42
81
156
184
233
324
409
488
550
604
673
753
824
894
933
940
919
891
856
836
820
788
736
631
504
399
339
285
213
133
83
47
7
-27
-46
-51
-10
53
98
111
115
109
116
99
103
137
162
163
142
158
182
188
173
163
138
127
150
128
74
12
1
15
0
-19
-50
-53
-65
-72
-104
-135
-162
-169
-156
-153
-166
-187
-229
-284
-321
-344
-363
-386
-409
-449
-519
-582
-666
-735
-808
-858
-875
-904
-899
-877
-846
-777
-735
-640
-577
-483
-420
-355
-317
-328
-340
-359
-318
-292
-257
-218
-195
-160
-166
-142
-123
-95
-39
-15
47
81
147
151
134
144
170
200
183
152
128
71
50
-11
-20
-53
-44
-56
-97
-119
-197
-266
-345
-385
-395
-409
-426
-465
-477
-455
-389
-307
-221
-125
-68
-10
16
-10
-28
-29
-9
45
113
138
182
187
191
128
88
69
7
-45
-141
-207
-301
-376
-429
-452
-431
-439
-438
-452
-449
-430
-428
-412
-414
-371
-324
-239
-191
-150
-127
-81
-44
-9
14
38
44
52
51
40
10
-5
-32
-88
-156
-254
-329
-444
-505
-560
-571
-591
-618
-595
-609
-588
-594
-580
-533
-511
-483
-468
-436
-404
-360
-299
-256
-179
-93
-23
59
96
121
104
54
30
18
32
23
25
47
77
137
150
155
124
101
95
88
90
68
91
115
130
153
153
165
163
157
137
80
33
-11
-33
-12
26
43
43
27
4
-11
-43
-82
-131
-167
-182
-167
-155
-127
-111
-107
-72
-13
61
124
153
150
141
163
183
249
317
385
427
435
430
414
413
397
377
333
283
258
259
273
255
223
203
178
182
171
145
92
41
-14
-50
-67
-70
-71
-97
-124
-164
-202
-232
-261
-289
-318
-333
-352
-354
-355
-361
-353
-325
-321
-325
-342
-332
-277
-235
-223
-170
-116
-7
86
184
253
302
359
392
438
432
450
446
478
501
534
584
608
604
568
500
448
377
330
263
200
156
117
106
82
92
104
127
129
105
82
73
63
50
58
81
135
219
310
362
411
469
510
534
546
545
586
624
650
644
615
625
661
699
672
623
589
557
509
447
404
372
352
331
287
267
253
243
213
174
130
90
63
69
92
122
175
234
270
290
312
321
329
311
301
253
216
203
185
163
129
84
18
-24
-46
-76
-109
-200
-281
-322
-335
-324
-307
-255
-199
-149
-130
-122
-112
-119
-109
-107
-78
-43
-8
18
19
30
61
73
87
113
136
156
164
182
177
209
237
275
307
347
415
471
532
553
582
628
651
675
689
702
715
741
773
783
807
840
844
827
785
756
723
685
659
652
652
649
670
670
667
670
669
681
666
659
666
670
667
671
700
726
755
767
788
815
821
831
847
841
815
804
800
789
784
778
787
797
754
698
643
611
585
577
556
532
526
513
491
448
401
351
322
301
274
273
249
215
189
142
116
109
116
116
107
89
68
56
54
76
90
92
119
133
138
162
182
214
230
258
282
303
337
365
376
368
369
370
381
410
431
437
445
455
465
474
484
500
503
501
483
461
457
462
478
464
463
476
482
504
505
503
506
505
510
508
515
516
526
551
584
610
630
640
655
672
671
657
641
644
659
651
623
590
557
537
526
534
566
590
583
554
511
499
511
541
540
501
474
476
473
468
436
420
433
425
395
367
385
411
428
378
350
363
371
375
362
333
300
252
226
236
259
278
274
270
262
296
318
304
289
282
293
299
269
221
194
191
215
244
264
232
195
169
174
195
210
225
212
205
224
259
275
231
188
158
146
185
224
246
239
220
204
203
232
244
243
212
192
192
201
226
292
369
407
441
460
491
540
577
599
607
629
689
733
737
723
703
702
694
688
704
688
661
633
614
590
559
547
527
519
513
539
540
509
480
461
453
442
444
467
503
537
571
574
568
541
521
522
521
540
556
565
580
608
638
654
653
651
650
637
629
630
625
628
626
604
589
584
598
591
573
548
505
476
464
451
459
457
416
391
346
308
279
254
248
226
210
191
192
214
229
263
301
329
343
363
417
473
527
548
568
553
553
583
588
613
620
619
624
625
652
678
684
673
674
654
645
647
658
654
649
655
666
652
655
619
585
551
520
523
507
513
500
508
551
572
607
605
599
605
630
672
665
675
670
667
688
701
747
776
770
770
744
715
675
658
652
643
647
642
631
589
563
532
503
499
477
465
457
452
440
430
413
406
408
408
433
446
443
436
435
443
460
499
527
539
539
511
482
460
445
437
440
448
454
455
433
417
414
433
450
470
485
497
493
483
489
475
469
469
466
464
456
464
470
459
457
444
436
428
414
406
389
378
366
355
344
344
364
390
412
407
408
398
396
404
388
384
385
410
466
503
525
539
549
557
542
513
491
483
470
442
427
445
465
484
500
514
512
514
470
399
357
370
416
453
473
478
477
476
492
498
533
538
541
555
559
584
595
604
605
604
626
622
616
605
578
548
501
484
510
538
569
588
571
530
482
474
497
525
557
588
613
627
629
621
611
598
560
561
581
563
517
456
430
428
433
432
429
425
409
386
350
337
340
343
356
356
386
417
429
433
438
442
472
502
523
535
541
543
532
526
512
510
475
460
439
406
388
352
335
307
270
226
198
185
168
155
118
71
44
43
81
103
99
77
77
80
83
87
110
162
208
272
281
284
282
297
307
341
389
429
455
445
438
433
423
414
418
426
450
458
482
457
425
397
386
391
386
395
389
386
372
365
363
378
391
397
406
410
408
401
390
390
405
410
414
409
398
407
421
437
439
425
423
415
427
434
439
415
402
376
347
327
315
313
316
322
294
288
295
299
302
284
266
243
222
207
178
158
123
104
95
112
127
124
118
101
78
40
34
33
48
67
75
70
63
47
39
40
53
81
94
108
113
107
99
101
87
91
113
131
166
172
152
130
119
110
121
149
166
173
183
176
164
144
155
176
178
179
194
186
183
201
209
219
226
240
243
223
219
219
222
242
238
229
222
219
210
207
209
213
221
238
251
239
236
246
252
261
258
277
277
277
283
268
267
265
286
297
296
289
284
264
237
225
219
199
179
172
152
121
93
78
80
75
62
38
-3
-28
-45
-22
-4
-12
-16
-8
-6
-3
-2
-16
-9
5
33
89
113
132
147
124
104
111
140
167
171
178
151
107
97
86
97
109
132
136
119
104
80
77
90
95
109
99
111
121
109
95
85
104
132
189
233
237
219
203
206
240
296
341
351
324
289
270
281
317
345
351
346
359
358
366
361
344
357
365
369
377
367
364
366
351
327
322
350
367
379
382
364
341
324
354
403
426
435
420
404
392
379
342
303
316
330
327
313
286
262
266
266
267
256
221
219
210
230
249
264
256
241
241
248
269
272
262
251
233
222
222
228
236
218
214
209
194
177
170
180
165
135
115
107
115
135
162
147
118
115
123
146
179
208
239
269
261
253
260
268
283
295
294
289
285
289
294
293
294
294
280
238
209
205
203
218
229
259
264
285
287
275
260
232
208
204
242
282
307
318
316
300
294
294
291
284
290
305
308
325
338
344
344
349
367
358
364
350
337
324
331
349
370
413
437
433
421
397
367
356
369
375
372
368
361
359
340
321
300
281
265
247
241
254
259
238
235
244
242
252
244
212
199
185
182
189
196
202
230
233
232
251
248
259
269
267
270
274
287
295
300
307
302
305
328
347
346
334
335
311
287
281
287
293
273
273
278
263
229
217
219
212
209
210
207
219
239
242
263
276
292
304
313
324
316
307
288
285
303
323
328
332
333
311
297
288
280
261
244
261
276
264
270
275
265
244
229
223
227
230
252
260
246
250
253
246
245
234
227
225
227
227
225
207
196
199
202
202
200
212
221
232
227
237
227
229
234
254
283
294
311
303
300
327
348
346
350
334
326
330
322
321
323
317
314
311
325
321
319
314
283
261
248
244
246
245
231
230
232
241
242
240
239
235
227
244
260
269
292
289
283
278
259
241
241
248
240
228
212
197
191
227
237
220
203
174
145
146
167
197
177
134
101
86
105
131
171
173
148
139
130
101
97
111
106
88
78
73
81
104
110
122
95
55
45
40
51
70
68
52
23
44
70
97
130
147
157
164
211
231
219
185
179
191
197
205
199
181
171
190
203
196
182
175
146
151
155
169
168
163
164
143
125
125
133
108
90
88
80
67
82
95
83
62
57
71
67
70
71
57
45
22
25
20
25
54
67
58
42
49
59
57
50
48
45
57
81
96
87
77
72
47
19
20
17
-5
-12
-17
-34
-66
-70
-61
-61
-64
-53
-49
-68
-83
-99
-89
-87
-110
-139
-151
-151
-135
-130
-142
-167
-178
-185
-188
-194
-194
-188
-202
-171
-138
-121
-126
-109
-96
-100
-96
-103
-97
-82
-68
-68
-69
-72
-66
-57
-55
-44
-25
-33
-52
-62
-74
-80
-85
-86
-89
-90
-84
-71
-67
-88
-97
-78
-84
-85
-75
-54
-41
-47
-51
-61
-65
-63
-49
-59
-70
-69
-44
-40
-38
-28
-32
-29
-35
-42
-38
-30
-28
-25
-22
-26
-46
-70
-73
-70
-65
-62
-52
-62
-63
-74
-85
-88
-104
-106
-109
-125
-136
-128
-137
-144
-155
-170
-180
-207
-221
-224
-214
-206
-209
-196
-185
-163
-135
-121
-110
-118
-113
-104
-104
-105
-114
-113
-117
-103
-103
-137
-144
-153
-165
-169
-187
-212
-211
-218
-215
-208
-222
-206
-189
-188
-196
-196
-186
-186
-164
-139
-139
-117
-100
-98
-89
-74
-44
-31
-46
-54
-41
-18
0
30
41
50
54
43
23
33
33
21
31
28
26
17
23
18
23
25
19
11
-8
-27
-21
-16
-16
-1
23
43
30
20
26
26
15
5
-4
-1
4
27
42
37
13
7
16
38
68
68
70
80
94
99
110
110
94
95
123
111
78
53
46
57
52
33
12
11
13
41
44
-1
-43
-73
-42
-20
-14
-7
-20
-47
-74
-59
-6
27
31
16
17
2
-1
16
26
46
60
47
49
67
79
81
78
71
48
49
70
103
125
115
85
58
49
81
98
131
164
170
195
187
175
189
180
168
190
181
175
157
151
160
163
177
166
158
144
147
164
181
180
176
175
171
202
218
218
194
174
161
183
217
222
225
230
224
207
223
246
246
246
236
201
196
205
217
205
214
202
211
232
228
240
246
256
258
275
276
286
303
287
282
268
254
249
229
219
218
219
213
201
187
165
146
166
184
206
191
170
169
169
169
162
145
141
151
169
191
220
201
199
200
195
207
199
194
181
195
204
216
223
234
239
239
228
237
252
251
246
244
243
237
242
228
227
220
226
214
218
226
215
196
195
211
202
204
183
178
156
138
142
135
122
114
128
132
131
134
169
163
149
139
125
140
144
148
151
127
114
119
116
126
149
137
129
126
102
96
106
120
102
104
88
95
90
104
104
120
112
91
94
102
106
102
92
98
100
100
130
126
108
106
97
80
91
112
115
114
114
104
94
82
107
114
105
90
96
76
84
101
117
117
103
102
86
100
123
126
111
105
108
116
107
102
131
147
162
159
174
182
191
195
187
201
200
198
185
191
194
184
185
170
184
176
172
175
166
149
142
155
145
142
140
148
138
150
164
157
178
179
192
190
205
199
203
207
203
198
205
214
209
232
249
248
238
224
224
216
225
233
236
235
226
226
221
227
220
228
227
228
226
228
234
225
208
220
244
249
266
265
282
276
266
259
246
242
245
241
220
212
216
221
227
224
208
164
133
142
168
203
210
191
155
123
126
136
160
163
138
117
98
127
132
161
162
151
154
131
145
139
128
98
90
71
63
71
69
91
100
103
93
89
110
129
155
152
156
185
212
205
198
174
154
159
173
201
190
174
174
176
186
192
174
160
157
155
154
153
173
187
183
163
153
153
184
202
193
196
177
193
190
209
203
213
234
196
216
206
210
176
170
156
121
106
104
125
112
106
90
82
99
111
134
144
137
143
140
134
122
120
119
121
123
116
127
134
148
160
163
160
132
122
100
86
78
80
87
86
88
76
67
41
10
-10
0
-10
10
32
25
9
-5
-8
-7
-13
-20
-16
-17
-10
4
11
1
13
23
10
24
8
20
17
23
46
25
19
6
22
38
51
50
21
-4
-27
-12
-7
-14
-6
-15
-24
-31
-17
-16
-35
-49
-49
-60
-61
-53
-52
-55
-61
-86
-86
-87
-85
-99
-104
-121
-124
-118
-116
-102
-93
-95
-108
-112
-112
-103
-109
-96
-100
-88
-108
-115
-110
-113
-96
-90
-79
-84
-89
-93
-111
-111
-121
-146
-150
-179
-185
-193
-199
-204
-216
-224
-228
-231
-228
-206
-211
-212
-212
-222
-208
-180
-162
-170
-185
-185
-170
-172
-170
-155
-160
-157
-150
-129
-122
-132
-163
-169
-185
-193
-194
-211
-213
-221
-227
-224
-219
-196
-196
-188
-182
-179
-169
-163
-161
-160
-156
-162
-162
-158
-157
-164
-167
-181
-188
-185
-167
-154
-134
-128
-131
-125
-129
-133
-128
-128
-117
-94
-88
-88
-70
-78
-89
-105
-117
-119
-127
-124
-115
-106
-115
-126
-123
-120
-96
-105
-99
-86
-93
-97
-116
-98
-89
-72
-82
-90
-93
-87
-96
-93
-94
-90
-70
-66
-68
-98
-101
-89
-85
-103
-108
-105
-95
-75
-97
-120
-121
-127
-107
-95
-110
-131
-143
-129
-116
-114
-134
-162
-197
-208
-185
-172
-142
-156
-190
-201
-174
-150
-136
-120
-129
-162
-195
-181
-171
-172
-164
-153
-181
-205
-206
-194
-165
-156
-178
-200
-206
-186
-159
-148
-148
-185
-208
-200
-170
-128
-100
-103
-92
-93
-96
-100
-126
-123
-106
-105
-113
-130
-162
-187
-170
-151
-148
-166
-204
-200
-191
-203
-188
-197
-215
-225
-215
-207
-178
-173
-210
-227
-223
-205
-165
-133
-143
-165
-199
-212
-198
-193
-209
-225
-239
-250
-265
-261
-244
-222
-228
-235
-239
-244
-239
-212
-196
-192
-185
-176
-157
-134
-132
-145
-134
-132
-132
-125
-131
-121
-114
-105
-93
-118
-147
-146
-133
-118
-107
-101
-92
-104
-97
-73
-71
-84
-83
-91
-103
-82
-65
-50
-47
-52
-41
-47
-42
-31
-45
-26
8
18
28
46
39
34
34
59
83
94
101
101
101
90
105
109
106
114
121
110
123
119
110
96
90
104
106
102
80
95
68
72
76
51
40
37
66
95
84
78
87
97
115
139
148
152
165
177
195
192
181
175
181
187
204
216
227
229
240
250
244
255
255
263
251
248
261
251
244
229
213
212
211
203
207
204
196
189
187
185
169
171
161
133
129
126
140
128
105
113
117
138
156
169
175
185
194
202
192
190
192
200
207
197
200
196
183
180
180
182
182
175
174
185
173
147
150
145
148
152
133
134
127
137
143
130
142
141
149
154
140
126
114
131
131
120
134
140
154
156
144
160
146
144
142
138
143
153
166
181
185
184
190
183
178
170
188
191
201
195
184
191
181
187
191
176
170
175
148
124
119
123
123
128
121
115
120
131
125
136
126
136
153
163
165
155
165
152
164
188
206
220
228
224
217
194
173
178
165
167
160
155
169
170
160
173
163
145
116
107
124
148
166
168
136
108
131
129
149
169
161
140
123
119
129
142
157
161
151
161
149
152
150
140
127
109
109
111
113
111
113
100
79
75
73
84
120
127
135
159
181
180
177
155
144
158
146
155
140
123
87
70
61
56
49
35
22
-9
-3
-19
-28
-7
10
3
11
25
42
65
80
73
64
57
59
45
52
60
60
51
40
35
23
10
0
0
-31
-33
-30
-9
-5
-15
-47
-41
-53
-51
-28
-15
-8
-16
-8
-26
-19
-25
-18
-27
-34
-16
-10
0
3
7
9
-20
-40
-51
-49
-14
-2
17
26
12
13
24
28
20
-9
-24
-26
-31
-21
-20
-13
-25
-19
-13
-23
-32
-41
-40
-55
-52
-52
-31
-31
-23
-17
-35
-41
-38
-25
-37
-19
-30
-44
-56
-64
-68
-60
-45
-44
-31
-55
-64
-66
-64
-46
-39
-48
-70
-74
-82
-96
-94
-98
-97
-92
-100
-100
-97
-93
-98
-106
-99
-103
-92
-87
-90
-91
-96
-111
-109
-93
-96
-108
-113
-130
-132
-133
-129
-118
-119
-107
-111
-111
-113
-106
-94
-90
-64
-68
-76
-73
-59
-49
-46
-46
-38
-42
-36
-28
-32
-44
-50
-47
-38
-33
-39
-40
-38
-15
-21
-16
-11
-20
3
34
21
10
8
26
50
53
64
45
36
40
52
53
41
45
40
30
19
26
29
34
42
35
32
30
52
64
65
67
74
83
81
69
61
57
45
36
29
21
29
17
19
14
6
16
33
49
67
72
75
77
78
83
81
85
95
107
97
88
87
74
75
96
98
84
87
98
89
74
88
96
85
88
95
92
83
84
72
74
84
72
64
74
95
94
90
115
108
110
125
153
143
123
148
149
158
165
176
182
180
188
182
150
135
138
141
139
127
126
146
168
161
136
89
56
60
80
115
126
116
94
76
84
113
137
165
170
169
151
150
165
171
181
183
176
157
157
143
164
175
155
103
58
68
111
146
145
109
72
63
83
117
145
153
169
184
180
186
163
157
160
158
157
140
126
108
112
123
135
100
78
61
64
86
106
113
104
97
106
145
162
182
162
137
112
113
150
179
191
172
134
98
80
88
102
102
92
73
51
36
23
21
16
-14
-33
-30
-16
15
20
7
-8
-22
-4
3
20
26
21
20
13
11
2
-5
-11
-11
-7
2
-38
-78
-97
-98
-82
-67
-47
-70
-69
-62
-65
-85
-102
-118
-132
-124
-121
-115
-117
-126
-139
-126
-121
-137
-141
-147
-155
-124
-106
-89
-71
-90
-102
-101
-96
-89
-99
-81
-81
-85
-88
-98
-95
-90
-74
-73
-77
-100
-103
-111
-112
-100
-83
-82
-97
-108
-111
-116
-122
-120
-126
-146
-152
-142
-118
-119
-125
-122
-108
-110
-104
-102
-87
-71
-75
-68
-72
-78
-78
-90
-96
-91
-94
-100
-106
-84
-77
-76
-62
-64
-63
-56
-65
-64
-71
-50
-38
-46
-48
-56
-64
-54
-37
-36
-43
-51
-53
-56
-67
-74
-71
-64
-58
-46
-35
-2
26
30
45
52
49
63
87
101
93
87
70
75
87
100
109
108
107
111
126
125
108
104
101
78
78
79
87
96
98
103
91
80
82
85
93
95
101
93
91
92
94
88
66
62
61
77
85
88
91
82
89
109
112
112
120
115
123
145
147
153
166
169
160
169
163
161
158
168
173
150
144
124
123
126
140
136
128
134
122
109
112
119
105
95
80
75
83
88
81
80
73
61
61
70
66
52
53
71
81
100
105
97
87
67
63
66
77
90
86
82
80
76
84
95
112
101
83
63
45
43
48
63
69
58
35
31
33
54
58
56
43
27
30
38
56
64
63
48
36
22
32
56
39
36
33
31
33
31
28
19
6
21
22
20
39
45
54
69
84
99
119
144
165
145
129
111
82
98
114
96
87
83
82
100
112
108
92
68
59
64
85
104
106
118
108
82
97
119
139
143
147
150
147
140
155
162
152
169
174
163
166
164
164
152
136
112
102
122
146
158
148
135
116
119
154
176
184
202
209
209
220
241
259
261
260
257
259
255
277
304
310
298
271
260
264
266
283
297
301
315
307
306
308
301
290
269
254
256
269
277
284
284
276
264
264
261
253
240
234
225
230
230
239
237
234
238
231
217
213
216
215
208
204
223
227
219
219
215
228
221
214
206
189
159
141
145
151
151
156
158
158
154
137
130
137
145
151
168
184
174
172
179
164
157
148
139
130
130
140
157
175
167
163
159
161
171
187
188
197
199
182
182
170
150
127
122
117
120
138
155
171
181
171
165
166
172
166
162
163
157
148
134
129
135
138
143
163
179
181
185
184
180
178
183
189
187
191
190
189
194
179
164
146
148
141
146
146
141
145
136
140
141
132
118
107
95
89
97
96
81
88
73
75
74
52
59
65
65
67
65
53
51
54
36
30
9
2
10
-3
-8
-2
-17
-32
-36
-45
-42
-33
-24
-19
-15
-27
-14
5
0
5
-11
-27
-50
-71
-61
-69
-79
-90
-100
-122
-118
-94
-105
-112
-108
-116
-130
-124
-111
-116
-124
-117
-118
-129
-113
-103
-117
-127
-117
-110
-106
-102
-110
-107
-102
-110
-123
-109
-86
-87
-80
-62
-82
-95
-87
-76
-87
-109
-128
-137
-127
-137
-146
-158
-183
-218
-209
-193
-187
-179
-211
-233
-261
-249
-208
-179
-191
-206
-209
-224
-214
-201
-203
-183
-176
-176
-194
-198
-198
-195
-182
-212
-229
-244
-234
-212
-195
-204
-232
-266
-261
-245
-227
-221
-219
-198
-208
-208
-225
-236
-225
-215
-194
-200
-212
-232
-266
-259
-232
-226
-234
-254
-266
-264
-254
-233
-245
-269
-287
-273
-232
-195
-177
-175
-199
-204
-204
-196
-158
-139
-145
-157
-180
-187
-190
-181
-187
-214
-238
-263
-259
-257
-262
-270
-290
-295
-297
-282
-276
-264
-255
-248
-225
-219
-211
-201
-215
-221
-222
-218
-218
-208
-204
-210
-224
-240
-258
-269
-264
-261
-267
-271
-271
-294
-302
-302
-301
-305
-316
-322
-328
-332
-338
-334
-318
-305
-323
-338
-346
-348
-367
-368
-368
-380
-383
-386
-382
-390
-391
-379
-385
-383
-380
-374
-359
-343
-345
-351
-349
-349
-362
-364
-371
-388
-396
-410
-417
-428
-425
-411
-402
-411
-409
-406
-415
-413
-408
-410
-400
-404
-413
-398
-404
-405
-400
-391
-399
-404
-415
-414
-396
-397
-406
-414
-414
-425
-423
-414
-416
-412
-403
-398
-404
-404
-401
-385
-384
-381
-359
-366
-342
-342
-342
-345
-346
-331
-335
-334
-342
-342
-343
-351
-363
-349
-342
-322
-332
-336
-343
-354
-358
-367
-368
-365
-358
-348
-344
-332
-305
-286
-281
-286
-285
-272
-250
-235
-211
-215
-219
-224
-226
-217
-219
-223
-221
-218
-242
-261
-273
-297
-305
-306
-315
-315
-311
-316
-309
-285
-286
-284
-291
-301
-296
-283
-291
-312
-327
-329
-328
-334
-322
-329
-326
-322
-308
-304
-324
-313
-313
-318
-325
-326
-333
-327
-321
-314
-299
-301
-307
-304
-281
-286
-265
-248
-252
-269
-268
-254
-252
-261
-272
-274
-285
-289
-288
-301
-317
-316
-323
-332
-341
-353
-367
-375
-368
-357
-334
-320
-319
-317
-309
-298
-297
-279
-266
-263
-264
-269
-276
-286
-290
-261
-256
-270
-285
-277
-260
-235
-224
-246
-296
-330
-329
-323
-296
-281
-308
-347
-370
-365
-344
-332
-315
-312
-321
-354
-358
-340
-334
-326
-319
-349
-362
-353
-356
-355
-350
-376
-409
-404
-411
-415
-417
-400
-396
-431
-425
-423
-397
-375
-381
-368
-354
-333
-320
-329
-355
-390
-393
-392
-385
-381
-404
-424
-438
-428
-430
-414
-402
-393
-405
-411
-412
-400
-383
-384
-397
-417
-420
-435
-413
-408
-424
-428
-423
-441
-462
-462
-470
-463
-466
-460
-467
-482
-493
-496
-494
-505
-524
-526
-528
-513
-507
-517
-526
-510
-506
-493
-480
-476
-460
-458
-438
-441
-426
-424
-422
-420
-430
-450
-454
-430
-412
-415
-416
-424
-438
-438
-437
-404
-388
-390
-387
-391
-383
-369
-373
-400
-418
-412
-406
-385
-371
-379
-368
-373
-387
-395
-398
-396
-400
-390
-395
-399
-380
-370
-357
-335
-330
-336
-331
-327
-322
-319
-325
-333
-348
-373
-379
-366
-358
-350
-351
-374
-381
-370
-356
-344
-335
-350
-350
-357
-355
-323
-319
-334
-341
-349
-377
-377
-364
-355
-364
-368
-377
-376
-376
-377
-385
-404
-415
-395
-376
-369
-354
-357
-361
-375
-381
-377
-371
-361
-344
-336
-336
-349
-355
-363
-365
-355
-350
-363
-355
-351
-355
-361
-376
-380
-380
-389
-382
-379
-387
-368
-362
-382
-386
-375
-382
-377
-374
-364
-383
-381
-370
-362
-359
-358
-350
-362
-365
-370
-369
-378
-390
-407
-407
-401
-408
-412
-422
-435
-436
-435
-440
-450
-461
-454
-453
-451
-455
-441
-451
-439
-441
-447
-439
-428
-429
-448
-430
-444
-441
-434
-446
-443
-460
-467
-482
-474
-469
-485
-472
-484
-484
-496
-503
-504
-510
-504
-499
-484
-486
-482
-473
-474
-472
-474
-484
-480
-473
-461
-456
-463
-477
-466
-472
-479
-478
-475
-465
-477
-486
-510
-501
-496
-511
-523
-524
-524
-529
-519
-516
-509
-502
-480
-463
-466
-442
-449
-461
-444
-456
-463
-469
-455
-450
-460
-461
-462
-469
-482
-473
-460
-454
-472
-488
-502
-495
-484
-479
-502
-526
-544
-543
-506
-491
-476
-477
-495
-515
-480
-440
-417
-391
-370
-369
-395
-396
-381
-369
-339
-332
-350
-369
-382
-373
-356
-356
-359
-393
-417
-389
-370
-338
-354
-381
-401
-393
-347
-326
-313
-297
-297
-319
-315
-322
-322
-304
-288
-288
-303
-307
-323
-340
-329
-299
-297
-310
-339
-362
-352
-334
-322
-324
-340
-340
-317
-289
-269
-280
-304
-319
-303
-281
-243
-225
-241
-265
-287
-309
-305
-280
-285
-314
-353
-388
-391
-385
-379
-378
-381
-390
-408
-386
-345
-323
-304
-285
-280
-268
-254
-235
-229
-239
-225
-228
-221
-211
-219
-205
-195
-178
-202
-238
-254
-245
-231
-212
-192
-199
-199
-192
-171
-163
-168
-155
-159
-172
-173
-165
-159
-155
-167
-166
-154
-151
-155
-160
-153
-147
-134
-124
-110
-106
-109
-100
-88
-72
-51
-45
-49
-75
-88
-77
-75
-80
-80
-96
-105
-90
-88
-92
-96
-110
-109
-108
-94
-92
-100
-98
-100
-104
-111
-112
-113
-106
-108
-116
-123
-128
-123
-101
-97
-101
-99
-95
-93
-86
-75
-71
-81
-80
-77
-79
-65
-64
-57
-55
-57
-62
-61
-55
-34
-37
-56
-60
-67
-56
-54
-40
-45
-69
-81
-72
-68
-70
-66
-77
-86
-100
-95
-100
-113
-136
-144
-155
-154
-149
-154
-162
-164
-155
-149
-146
-133
-132
-126
-121
-112
-91
-81
-67
-57
-60
-71
-80
-83
-81
-78
-88
-98
-116
-114
-117
-129
-146
-154
-165
-174
-176
-189
-189
-187
-188
-174
-177
-189
-197
-207
-196
-202
-200
-192
-199
-204
-200
-202
-193
-196
-191
-194
-193
-188
-187
-180
-182
-185
-174
-142
-132
-117
-113
-109
-122
-131
-122
-129
-131
-124
-124
-160
-183
-174
-162
-157
-150
-155
-170
-183
-197
-180
-198
-223
-220
-229
-226
-223
-231
-238
-233
-234
-234
-233
-230
-221
-222
-220
-214
-203
-185
-159
-127
-102
-96
-110
-114
-125
-119
-121
-122
-110
-117
-121
-121
-105
-107
-135
-156
-183
-186
-176
-133
-137
-172
-190
-217
-217
-183
-145
-126
-113
-125
-133
-129
-130
-116
-118
-123
-112
-132
-131
-124
-137
-149
-160
-178
-175
-163
-153
-136
-129
-129
-150
-153
-146
-132
-124
-124
-117
-104
-108
-105
-120
-137
-155
-168
-157
-147
-150
-176
-201
-196
-180
-170
-185
-197
-209
-226
-223
-219
-184
-169
-176
-171
-165
-141
-141
-135
-137
-154
-148
-137
-136
-136
-121
-107
-104
-100
-113
-117
-121
-128
-153
-186
-202
-192
-177
-166
-165
-173
-192
-205
-213
-205
-182
-177
-177
-182
-164
-139
-144
-158
-161
-159
-165
-165
-172
-189
-193
-181
-175
-178
-189
-203
-208
-200
-184
-157
-128
-124
-129
-129
-124
-134
-151
-168
-170
-147
-126
-114
-114
-126
-124
-118
-122
-123
-125
-134
-114
-104
-99
-105
-105
-93
-108
-113
-111
-84
-67
-53
-55
-59
-58
-55
-49
-37
-26
-25
-7
-2
-14
-33
-46
-41
-32
-22
-16
-21
-22
-4
5
0
0
4
5
18
35
40
51
60
62
50
43
36
33
37
30
42
48
47
48
49
56
59
60
65
79
82
93
121
119
113
103
128
131
150
178
179
154
158
170
182
191
185
202
205
215
206
195
208
237
232
232
226
222
224
224
228
232
230
227
236
256
270
288
277
270
276
289
299
295
294
276
254
253
260
263
273
272
259
256
257
257
274
274
284
283
296
299
304
318
327
347
339
324
315
333
336
331
329
318
303
288
289
300
309
321
345
333
347
356
368
396
414
420
427
445
462
473
463
462
461
455
444
460
479
486
497
494
516
502
512
511
507
512
518
525
529
535
524
516
501
510
504
507
509
502
506
521
537
529
517
514
526
543
561
566
571
580
606
619
617
635
656
669
646
623
611
599
603
609
606
568
557
545
560
573
560
544
520
505
515
528
530
533
518
504
504
534
552
571
561
555
539
528
537
531
536
525
508
494
484
475
480
478
458
435
399
407
399
402
415
391
369
371
391
397
420
433
445
438
434
416
400
398
402
420
416
395
365
360
357
364
