198
190
186
192
193
187
204
210
189
178
162
176
192
205
209
204
220
212
205
195
197
196
190
206
201
196
188
196
205
206
200
202
213
199
201
201
184
172
172
183
194
211
207
203
195
181
170
159
157
158
155
147
131
128
131
116
120
133
134
127
114
125
122
112
104
116
131
147
152
150
149
150
143
152
163
174
184
203
203
189
183
174
179
152
134
134
126
130
122
116
103
109
108
89
76
57
49
43
40
36
34
41
48
43
48
50
38
26
5
-17
-20
-35
-60
-96
-103
-108
-112
-108
-108
-105
-96
-97
-114
-131
-133
-132
-124
-98
-87
-92
-95
-106
-130
-130
-140
-135
-136
-160
-173
-188
-194
-213
-214
-209
-209
-184
-173
-160
-175
-195
-212
-209
-236
-268
-255
-247
-233
-257
-280
-304
-307
-304
-307
-318
-324
-338
-343
-341
-355
-346
-344
-351
-349
-357
-383
-400
-427
-444
-455
-455
-473
-500
-507
-518
-491
-445
-418
-392
-395
-407
-416
-424
-419
-421
-421
-418
-416
-430
-432
-418
-421
-409
-411
-411
-428
-458
-482
-459
-455
-485
-507
-515
-491
-485
-490
-507
-493
-484
-483
-492
-496
-491
-483
-469
-475
-487
-495
-511
-502
-524
-544
-545
-575
-582
-582
-585
-582
-582
-579
-589
-588
-598
-601
-598
-612
-660
-680
-698
-711
-706
-700
-689
-679
-668
-667
-650
-663
-663
-659
-656
-643
-646
-642
-622
-618
-638
-653
-654
-682
-703
-692
-687
-702
-710
-724
-751
-731
-731
-740
-751
-765
-777
-786
-791
-770
-753
-759
-748
-731
-705
-684
-668
-654
-647
-630
-604
-606
-616
-616
-623
-618
-610
-603
-608
-622
-620
-611
-584
-581
-567
-540
-515
-506
-496
-494
-499
-506
-502
-498
-513
-520
-532
-515
-500
-472
-468
-470
-470
-455
-439
-414
-399
-398
-392
-402
-404
-412
-428
-449
-469
-460
-473
-475
-485
-496
-516
-547
-547
-519
-475
-457
-446
-453
-442
-442
-437
-426
-432
-432
-426
-435
-430
-418
-419
-403
-387
-388
-393
-408
-423
-443
-470
-473
-487
-490
-484
-482
-469
-465
-478
-483
-494
-499
-488
-473
-464
-473
-471
-486
-509
-516
-530
-549
-561
-556
-538
-543
-547
-557
-579
-590
-603
-616
-622
-625
-630
-630
-635
-641
-651
-658
-637
-641
-652
-638
-620
-610
-600
-588
-586
-555
-532
-517
-531
-547
-562
-560
-546
-543
-542
-557
-557
-575
-578
-575
-581
-579
-575
-583
-583
-571
-577
-590
-590
-574
-566
-560
-543
-533
-514
-512
-510
-505
-497
-470
-455
-454
-443
-433
-438
-439
-448
-455
-455
-471
-503
-532
-529
-532
-539
-527
-505
-485
-458
-435
-423
-412
-417
-429
-429
-431
-422
-396
-374
-341
-312
-305
-300
-291
-273
-261
-245
-232
-229
-234
-240
-236
-217
-171
-151
-149
-163
-181
-191
-201
-198
-192
-199
-202
-208
-200
-212
-226
-230
-225
-229
-215
-207
-183
-155
-136
-108
-96
-90
-84
-69
-61
-51
-57
-69
-75
-88
-98
-89
-82
-91
-115
-134
-152
-164
-169
-162
-156
-169
-166
-155
-144
-120
-113
-99
-84
-95
-122
-146
-143
-146
-155
-152
-160
-168
-217
-256
-261
-256
-231
-217
-197
-198
-212
-229
-258
-252
-245
-252
-260
-254
-266
-268
-271
-296
-286
-270
-277
-282
-273
-278
-282
-270
-276
-250
-210
-215
-218
-227
-239
-238
-256
-273
-295
-322
-359
-391
-411
-428
-444
-463
-462
-479
-503
-535
-537
-502
-472
-460
-442
-433
-446
-473
-492
-497
-484
-462
-446
-454
-455
-440
-472
-498
-492
-476
-460
-467
-500
-504
-504
-518
-533
-537
-526
-524
-551
-594
-594
-600
-612
-600
-597
-578
-567
-570
-567
-565
-567
-561
-546
-516
-485
-489
-518
-528
-538
-533
-537
-548
-544
-562
-577
-600
-615
-614
-624
-629
-620
-633
-662
-684
-690
-699
-705
-685
-669
-659
-659
-659
-654
-633
-617
-610
-606
-617
-637
-645
-638
-631
-617
-610
-602
-607
-603
-624
-652
-666
-664
-689
-709
-700
-699
-698
-696
-702
-710
-698
-711
-716
-708
-690
-680
-676
-708
-706
-693
-690
-683
-707
-717
-710
-710
-703
-695
-709
-728
-758
-783
-806
-840
-869
-889
-902
-900
-886
-880
-894
-903
-912
-889
-874
-870
-860
-851
-840
-839
-854
-839
-821
-818
-811
-814
-819
-825
-837
-845
-843
-854
-859
-863
-878
-892
-919
-928
-934
-947
-964
-975
-973
-974
-982
-993
-1001
-982
-967
-960
-954
-947
-945
-929
-903
-874
-865
-875
-887
-885
-894
-906
-894
-885
-871
-876
-904
-922
-926
-916
-913
-929
-938
-934
-936
-927
-922
-921
-924
-923
-918
-902
-888
-888
-875
-862
-848
-872
-864
-857
-861
-869
-871
-873
-869
-867
-874
-874
-881
-899
-908
-937
-975
-1005
-1044
-1048
-1041
-1044
-1047
-1058
-1050
-1035
-1019
-1008
-1000
-984
-966
-971
-972
-972
-967
-943
-960
-959
-971
-984
-986
-981
-976
-997
-1028
-1060
-1081
-1083
-1085
-1074
-1077
-1104
-1133
-1149
-1153
-1159
-1159
-1141
-1137
-1134
-1145
-1148
-1157
-1162
-1168
-1159
-1132
-1120
-1089
-1063
-1059
-1060
-1066
-1052
-1034
-1026
-1014
-997
-984
-969
-960
-973
-997
-1016
-1020
-1015
-1015
-1021
-1020
-1029
-1054
-1071
-1081
-1084
-1074
-1077
-1071
-1067
-1052
-1022
-1003
-999
-989
-966
-963
-978
-976
-980
-979
-966
-957
-949
-954
-965
-976
-971
-975
-968
-955
-966
-969
-974
-969
-978
-987
-994
-998
-991
-998
-996
-983
-969
-950
-924
-902
-886
-867
-866
-871
-880
-886
-874
-867
-834
-806
-814
-827
-847
-856
-883
-904
-890
-881
-868
-866
-881
-894
-907
-903
-899
-894
-884
-871
-868
-873
-866
-870
-844
-815
-813
-799
-772
-758
-752
-737
-720
-716
-736
-754
-776
-791
-801
-808
-806
-801
-814
-833
-836
-847
-854
-865
-848
-829
-807
-822
-842
-867
-864
-850
-838
-819
-810
-793
-790
-776
-770
-763
-750
-735
-735
-731
-733
-728
-750
-778
-788
-786
-795
-811
-818
-822
-824
-839
-850
-848
-837
-819
-815
-816
-804
-794
-810
-804
-791
-778
-771
-785
-778
-747
-717
-699
-700
-709
-730
-770
-783
-802
-810
-819
-821
-814
-814
-818
-822
-825
-813
-803
-798
-750
-730
-749
-777
-780
-769
-746
-725
-714
-710
-708
-710
-707
-688
-675
-654
-643
-631
-633
-630
-631
-647
-658
-668
-648
-631
-634
-642
-646
-658
-673
-673
-661
-647
-639
-660
-668
-670
-668
-670
-674
-665
-651
-647
-649
-647
-641
-623
-606
-608
-611
-607
-626
-643
-643
-658
-669
-677
-694
-686
-671
-669
-668
-664
-670
-659
-642
-632
-621
-627
-638
-620
-596
-582
-574
-590
-595
-594
-612
-622
-628
-614
-591
-559
-541
-535
-516
-505
-503
-497
-510
-537
-557
-570
-585
-596
-607
-611
-604
-596
-603
-610
-605
-614
-616
-600
-582
-597
-593
-591
-603
-607
-614
-614
-632
-646
-667
-686
-708
-738
-738
-732
-725
-711
-720
-724
-719
-697
-692
-685
-670
-674
-661
-650
-658
-634
-623
-631
-624
-611
-583
-567
-559
-548
-519
-500
-474
-458
-426
-407
-372
-360
-367
-366
-369
-345
-335
-328
-312
-298
-306
-288
-288
-274
-248
-246
-244
-243
-240
-253
-258
-250
-233
-217
-196
-174
-158
-150
-154
-154
-135
-121
-132
-150
-164
-164
-148
-136
-139
-170
-197
-202
-203
-197
-189
-172
-170
-170
-179
-200
-213
-197
-177
-167
-176
-187
-182
-178
-174
-170
-187
-184
-173
-160
-162
-150
-153
-132
-106
-97
-105
-128
-133
-130
-118
-107
-91
-89
-94
-93
-91
-103
-104
-116
-130
-159
-184
-205
-208
-199
-212
-211
-202
-192
-202
-226
-238
-249
-254
-270
-263
-240
-223
-242
-281
-304
-308
-318
-331
-343
-359
-370
-386
-384
-384
-402
-405
-402
-397
-396
-389
-382
-364
-343
-352
-375
-394
-397
-381
-399
-401
-415
-421
-422
-423
-404
-405
-416
-424
-424
-433
-428
-427
-419
-424
-434
-469
-457
-455
-469
-482
-506
-501
-509
-495
-482
-497
-517
-539
-553
-546
-542
-548
-580
-601
-643
-658
-659
-642
-627
-621
-605
-614
-618
-625
-615
-615
-615
-616
-638
-643
-642
-633
-617
-608
-612
-616
-622
-641
-646
-647
-676
-676
-681
-702
-700
-704
-710
-731
-716
-699
-698
-713
-731
-751
-747
-756
-785
-788
-780
-784
-784
-792
-784
-766
-750
-731
-749
-735
-734
-727
-731
-734
-734
-722
-707
-687
-677
-686
-695
-718
-722
-718
-699
-695
-682
-687
-694
-698
-686
-676
-676
-688
-703
-716
-724
-726
-744
-750
-741
-738
-760
-768
-771
-758
-764
-765
-764
-763
-746
-752
-735
-713
-700
-697
-694
-688
-674
-676
-662
-639
-626
-603
-601
-598
-606
-630
-654
-665
-652
-640
-630
-631
-631
-628
-640
-636
-641
-657
-665
-668
-658
-652
-647
-655
-677
-690
-717
-709
-683
-662
-649
-669
-690
-697
-699
-706
-707
-709
-724
-737
-741
-764
-767
-772
-762
-739
-742
-763
-771
-769
-752
-737
-747
-751
-734
-724
-724
-720
-714
-678
-651
-630
-628
-623
-615
-604
-577
-563
-554
-541
-525
-528
-527
-519
-493
-475
-463
-465
-469
-462
-469
-461
-460
-481
-472
-463
-449
-436
-420
-427
-450
-461
-483
-493
-473
-449
-432
-405
-397
-394
-401
-392
-390
-384
-356
-337
-314
-300
-276
-268
-269
-263
-260
-266
-269
-269
-272
-289
-305
-298
-304
-329
-354
-368
-381
-386
-382
-386
-408
-431
-428
-419
-382
-344
-342
-334
-346
-343
-366
-365
-362
-376
-373
-377
-380
-375
-351
-343
-333
-341
-347
-347
-342
-330
-317
-317
-331
-336
-327
-316
-328
-322
-332
-350
-353
-351
-344
-344
-318
-302
-312
-327
-340
-346
-353
-373
-382
-373
-355
-335
-352
-372
-367
-339
-348
-355
-364
-401
-418
-406
-378
-346
-338
-351
-355
-360
-359
-350
-322
-299
-300
-312
-334
-362
-395
-414
-406
-401
-404
-401
-412
-424
-437
-442
-447
-468
-473
-489
-508
-518
-523
-498
-476
-496
-503
-503
-496
-495
-501
-504
-513
-511
-506
-482
-470
-466
-451
-448
-458
-465
-464
-474
-472
-486
-479
-471
-477
-488
-505
-499
-511
-512
-515
-515
-517
-521
-506
-489
-495
-501
-511
-511
-502
-497
-473
-449
-460
-484
-478
-487
-489
-489
-473
-442
-444
-471
-497
-497
-465
-467
-463
-477
-493
-507
-514
-510
-512
-497
-485
-473
-479
-479
-499
-503
-509
-523
-525
-551
-555
-557
-541
-511
-515
-520
-517
-529
-516
-519
-515
-504
-503
-489
-490
-487
-498
-513
-536
-540
-550
-543
-512
-512
-519
-532
-537
-531
-537
-552
-574
-584
-570
-563
-559
-539
-512
-481
-484
-486
-474
-478
-471
-485
-513
-516
-503
-501
-520
-528
-547
-538
-519
-501
-498
-512
-529
-539
-520
-498
-479
-472
-465
-456
-465
-473
-470
-472
-465
-456
-424
-416
-431
-448
-474
-477
-472
-474
-476
-489
-506
-516
-508
-507
-515
-514
-536
-536
-529
-518
-513
-500
-461
-458
-462
-480
-486
-484
-465
-439
-423
-412
-416
-421
-419
-421
-416
-393
-385
-397
-408
-396
-388
-394
-415
-429
-440
-461
-477
-470
-460
-460
-446
-441
-438
-432
-400
-355
-323
-317
-317
-310
-291
-272
-261
-254
-246
-248
-250
-261
-283
-274
-279
-303
-319
-340
-349
-352
-337
-320
-318
-307
-296
-289
-301
-299
-285
-288
-282
-270
-265
-248
-251
-257
-260
-267
-262
-242
-212
-194
-216
-212
-200
-205
-185
-197
-215
-213
-199
-185
-190
-178
-173
-180
-173
-159
-138
-141
-137
-130
-125
-119
-125
-116
-121
-130
-123
-118
-125
-129
-126
-100
-107
-109
-114
-108
-96
-71
-41
-31
-37
-58
-77
-116
-142
-157
-135
-131
-147
-158
-175
-171
-176
-173
-160
-136
-127
-120
-96
-106
-106
-95
-109
-107
-96
-116
-114
-89
-70
-64
-71
-65
-94
-114
-127
-143
-158
-169
-159
-164
-160
-164
-157
-164
-183
-181
-171
-149
-116
-111
-112
-111
-103
-97
-90
-59
-30
-32
-37
-41
-38
-30
-24
-16
-17
-17
-25
-34
-56
-67
-94
-112
-105
-120
-139
-152
-160
-174
-176
-147
-118
-104
-88
-73
-61
-55
-46
-38
-36
-39
-63
-88
-109
-131
-134
-144
-138
-132
-132
-122
-118
-110
-117
-112
-125
-128
-124
-145
-156
-161
-179
-175
-182
-187
-181
-206
-219
-251
-251
-223
-198
-174
-155
-149
-139
-138
-151
-156
-156
-146
-137
-135
-142
-164
-186
-202
-223
-217
-195
-194
-190
-191
-189
-196
-184
-166
-173
-192
-199
-201
-198
-175
-160
-175
-192
-205
-216
-211
-197
-171
-138
-127
-104
-91
-101
-117
-118
-113
-104
-93
-112
-122
-136
-138
-127
-113
-115
-115
-97
-78
-67
-62
-59
-65
-79
-63
-61
-46
-32
-33
-25
-25
-12
-7
3
5
15
44
46
41
45
57
88
112
127
145
161
160
151
162
167
153
141
141
139
140
134
175
183
173
181
172
159
125
99
95
112
128
120
74
42
17
-4
3
-12
-15
-17
-38
-50
-64
-71
-73
-68
-68
-82
-83
-70
-48
-44
-73
-111
-125
-154
-152
-161
-172
-164
-167
-178
-193
-194
-198
-220
-252
-255
-264
-275
-282
-282
-285
-272
-267
-267
-267
-274
-295
-317
-330
-347
-367
-380
-380
-373
-375
-372
-370
-371
-377
-395
-416
-432
-432
-432
-428
-443
-437
-418
-413
-406
-384
-392
-386
-397
-419
-443
-471
-477
-480
-475
-462
-455
-431
-422
-424
-427
-422
-413
-400
-406
-418
-431
-454
-466
-459
-446
-441
-442
-458
-453
-453
-468
-468
-478
-488
-514
-525
-526
-526
-527
-530
-532
-523
-490
-442
-412
-413
-428
-448
-468
-498
-494
-495
-526
-538
-553
-559
-553
-558
-563
-552
-551
-559
-576
-586
-582
-591
-593
-592
-595
-614
-619
-650
-666
-674
-676
-677
-695
-690
-706
-714
-707
-689
-667
-644
-637
-636
-641
-669
-671
-679
-669
-657
-649
-640
-621
-611
-636
-643
-648
-652
-655
-652
-664
-673
-674
-685
-688
-694
-675
-653
-647
-657
-663
-664
-664
-662
-659
-672
-676
-660
-638
-604
-582
-554
-510
-495
-505
-512
-508
-490
-471
-465
-461
-467
-480
-497
-516
-551
-554
-540
-536
-539
-528
-488
-463
-475
-474
-460
-426
-402
-402
-392
-388
-372
-385
-408
-398
-387
-359
-355
-369
-378
-366
-342
-326
-316
-309
-318
-325
-336
-355
-366
-369
-368
-377
-377
-379
-372
-348
-329
-302
-284
-293
-302
-311
-315
-322
-329
-329
-337
-355
-364
-377
-379
-359
-349
-330
-334
-338
-349
-360
-384
-383
-366
-378
-377
-399
-414
-402
-391
-383
-363
-372
-370
-363
-378
-396
-395
-404
-412
-422
-427
-432
-467
-484
-488
-498
-498
-489
-459
-438
-444
-448
-452
-444
-461
-501
-524
-533
-534
-537
-525
-510
-497
-506
-510
-498
-490
-471
-458
-454
-434
-416
-402
-395
-408
-427
-432
-423
-424
-406
-393
-394
-400
-401
-404
-416
-416
-442
-467
-473
-483
-481
-483
-486
-474
-468
-448
-404
-370
-341
-325
-334
-345
-358
-365
-366
-365
-358
-378
-404
-422
-435
-421
-391
-370
-364
-387
-404
-423
-420
-396
-377
-371
-379
-391
-402
-402
-407
-404
-394
-385
-381
-406
-438
-462
-474
-449
-454
-478
-492
-524
-537
-532
-539
-533
-518
-505
-508
-524
-546
-566
-577
-594
-623
-628
-624
-629
-617
-606
-579
-556
-530
-508
-473
-473
-487
-482
-439
-407
-395
-400
-429
-450
-467
-466
-460
-457
-480
-483
-497
-500
-503
-501
-482
-470
-447
-436
-430
-426
-424
-437
-452
-474
-478
-477
-466
-471
-471
-443
-423
-400
-375
-384
-413
-422
-405
-390
-375
-357
-362
-367
-358
-352
-370
-387
-390
-383
-362
-345
-336
-325
-342
-378
-390
-390
-383
-367
-362
-339
-330
-325
-304
-298
-302
-308
-316
-313
-304
-285
-266
-258
-245
-253
-273
-247
-241
-258
-258
-238
-216
-210
-208
-210
-200
-206
-204
-211
-214
-204
-198
-183
-167
-177
-199
-205
-207
-193
-169
-159
-156
-136
-125
-142
-143
-158
-156
-167
-174
-157
-160
-144
-131
-118
-113
-143
-168
-176
-195
-192
-188
-176
-160
-159
-164
-155
-157
-150
-138
-109
-87
-80
-72
-73
-74
-76
-56
-34
-8
13
37
65
66
62
50
39
31
29
25
23
31
29
48
48
45
39
29
13
-8
-3
0
31
45
50
47
46
65
77
79
71
56
57
57
46
28
28
27
22
27
22
18
24
32
43
73
100
106
93
73
48
52
53
60
65
68
76
75
87
90
100
103
106
117
106
111
119
122
134
128
123
120
111
131
127
139
142
139
136
137
135
142
152
134
115
90
68
57
59
61
45
49
50
54
60
40
44
33
21
21
36
48
25
13
-1
-14
1
-2
-10
-29
-27
-13
-30
-41
-53
-73
-96
-100
-101
-84
-81
-73
-73
-70
-87
-107
-125
-146
-135
-129
-128
-125
-120
-117
-107
-109
-107
-115
-144
-159
-162
-179
-181
-185
-190
-188
-176
-174
-183
-194
-215
-223
-216
-218
-202
-179
-168
-167
-154
-126
-124
-129
-132
-118
-110
-87
-74
-78
-83
-97
-113
-131
-124
-120
-130
-126
-115
-111
-103
-90
-85
-70
-76
-85
-90
-99
-76
-60
-53
-29
-12
10
34
25
-17
-29
-42
-36
-31
-22
-8
-13
-25
-36
-28
-16
14
35
43
57
50
55
39
17
22
20
18
8
14
11
2
-1
16
20
32
73
99
120
132
139
141
135
141
147
138
142
144
139
149
163
176
178
181
189
209
229
246
250
253
234
237
227
219
217
215
221
212
205
202
188
182
201
214
231
219
189
159
126
123
142
179
196
211
232
253
246
228
198
191
203
184
190
191
187
182
166
152
164
168
158
186
207
204
194
184
168
173
167
159
132
101
101
103
120
117
123
135
132
134
146
142
164
189
196
207
211
210
195
192
180
162
156
141
140
160
170
163
148
132
109
91
65
45
46
51
65
79
74
69
62
34
-5
-42
-65
-76
-82
-94
-102
-124
-131
-123
-111
-89
-94
-102
-83
-69
-56
-51
-31
-25
-34
-48
-62
-74
-91
-117
-152
-165
-173
-184
-189
-171
-164
-164
-158
-153
-156
-172
-181
-171
-153
-156
-150
-148
-145
-155
-172
-186
-165
-145
-128
-99
-83
-82
-86
-86
-84
-56
-29
-5
7
21
37
59
70
94
85
52
43
37
37
45
62
91
103
114
136
143
134
123
142
159
178
185
185
172
172
168
166
172
171
172
167
169
179
200
211
205
202
203
211
210
212
221
237
252
256
245
248
247
245
238
226
241
261
269
289
289
310
320
293
303
311
304
306
322
338
354
357
384
406
386
367
362
366
379
386
396
414
425
421
405
405
407
400
390
371
368
384
378
378
368
360
334
306
303
282
284
271
267
262
249
248
237
237
234
248
254
244
224
212
182
169
154
148
146
126
132
143
162
180
176
171
172
165
166
164
164
168
138
132
135
135
141
153
152
141
126
128
142
143
145
137
137
124
119
108
103
106
95
93
123
149
151
154
152
144
129
115
108
104
110
117
131
118
120
107
97
95
83
85
100
118
113
79
70
83
92
91
112
108
87
92
115
140
139
124
92
81
70
83
106
118
115
115
134
142
149
136
143
146
128
126
133
133
129
129
115
90
67
45
21
12
7
0
3
12
17
33
55
56
59
66
58
52
54
57
73
84
79
61
41
34
24
19
15
-4
-2
-9
-38
-56
-83
-102
-112
-121
-105
-109
-112
-101
-116
-119
-129
-150
-143
-144
-156
-163
-160
-148
-152
-148
-152
-152
-141
-133
-129
-148
-165
-171
-177
-186
-170
-172
-193
-189
-164
-148
-134
-119
-121
-112
-97
-90
-80
-104
-108
-74
-75
-77
-71
-49
-25
-18
-28
-54
-74
-67
-64
-54
-36
-28
-38
-58
-70
-79
-93
-98
-107
-120
-112
-122
-141
-155
-146
-123
-112
-98
-121
-136
-146
-158
-183
-204
-196
-198
-188
-182
-193
-205
-222
-248
-250
-246
-251
-260
-269
-272
-251
-230
-225
-227
-236
-246
-242
-245
-252
-247
-258
-260
-251
-247
-244
-242
-253
-268
-287
-294
-307
-313
-310
-327
-340
-338
-329
-320
-301
-292
-279
-265
-260
-258
-254
-268
-270
-271
-263
-253
-236
-223
-227
-226
-227
-225
-226
-222
-214
-203
-203
-208
-220
-218
-194
-177
-170
-150
-138
-136
-126
-127
-124
-130
-133
-145
-136
-96
-53
-31
-22
-20
-36
-50
-54
-58
-53
-38
-49
-49
-50
-66
-68
-62
-60
-73
-63
-35
-5
9
20
2
-26
-37
-54
-43
-35
-32
-42
-39
-33
-47
-53
-77
-80
-87
-77
-64
-91
-119
-125
-106
-106
-97
-73
-53
-59
-62
-58
-56
-53
-39
-10
-5
-13
-18
-33
-38
-55
-80
-85
-104
-121
-133
-134
-135
-121
-124
-136
-148
-147
-128
-110
-99
-107
-102
-121
-146
-170
-191
-197
-203
-195
-206
-214
-218
-207
-202
-200
-206
-210
-201
-195
-190
-204
-206
-205
-220
-235
-245
-253
-262
-264
-256
-232
-233
-214
-197
-201
-217
-249
-257
-279
-280
-296
-307
-297
-287
-270
-255
-260
-250
-242
-242
-232
-235
-235
-245
-261
-269
-260
-251
-239
-221
-217
-216
-225
-242
-240
-245
-252
-247
-252
-251
-239
-237
-253
-277
-280
-287
-269
-241
-196
-173
-166
-156
-168
-152
-151
-151
-145
-125
-115
-128
-130
-122
-106
-84
-69
-78
-82
-90
-95
-82
-79
-68
-65
-73
-86
-89
-102
-105
-87
-76
-74
-71
-76
-100
-109
-95
-72
-59
-49
-33
-29
-34
-25
-15
-17
-32
-35
-36
-25
-28
-32
-29
-25
-20
-2
26
26
37
37
13
-1
-8
-3
9
9
7
17
14
13
33
43
54
49
56
69
76
79
87
89
80
78
87
88
77
77
55
34
37
21
28
37
25
29
27
32
42
36
56
60
44
32
32
36
43
50
52
63
84
87
65
58
48
28
51
79
84
89
88
87
70
55
51
52
74
76
74
78
81
86
80
75
53
31
27
42
35
39
51
38
33
37
50
64
64
80
79
92
117
121
119
95
86
77
59
69
69
77
94
107
130
127
134
125
118
105
98
102
110
122
118
116
110
107
87
84
69
69
75
64
62
48
40
25
18
8
7
11
13
-6
-28
-41
-40
-32
-26
-11
-4
-2
-25
-40
-40
-23
-8
12
25
35
47
42
54
64
48
30
8
-6
-20
-20
-20
-8
-1
7
25
34
41
31
22
7
-3
12
27
34
27
24
3
-2
-13
-14
-4
2
22
29
26
37
37
43
50
65
78
65
64
49
33
19
24
8
21
32
23
24
35
62
90
109
106
109
110
104
85
60
36
64
96
99
102
104
115
124
135
130
125
132
151
164
145
133
133
138
133
139
140
145
156
148
156
153
149
145
170
183
189
181
172
173
161
162
183
201
195
177
166
163
153
146
147
163
169
159
169
169
171
172
186
180
173
184
193
188
193
207
216
227
238
250
260
265
253
252
261
259
266
247
229
224
207
196
186
191
178
183
199
205
210
226
250
258
271
276
279
294
307
322
319
328
342
329
316
290
266
252
269
291
313
330
316
289
265
251
253
254
251
259
266
268
263
231
206
201
186
204
214
214
216
227
254
248
241
245
248
245
229
220
232
235
228
244
235
210
194
187
188
193
210
215
204
202
190
184
174
173
169
179
213
223
226
215
207
203
208
212
208
208
210
205
217
234
227
221
215
216
204
197
177
165
170
179
186
182
175
156
130
123
111
94
94
88
91
103
130
141
144
133
124
124
110
106
86
57
22
20
11
15
17
6
13
12
4
-2
5
-18
-20
-23
-28
-40
-57
-61
-76
-75
-61
-52
-39
-33
-43
-49
-60
-76
-72
-52
-57
-64
-75
-82
-109
-122
-112
-114
-114
-111
-97
-100
-107
-104
-120
-116
-111
-108
-101
-110
-104
-104
-101
-91
-84
-83
-98
-106
-101
-87
-75
-88
-96
-81
-66
-61
-83
-104
-78
-52
-32
-8
-6
2
2
10
26
42
60
72
83
72
68
86
135
159
167
167
148
162
171
177
184
170
149
145
151
168
183
164
147
140
141
145
149
141
141
118
118
137
146
152
148
135
130
132
128
130
103
84
79
85
87
86
83
93
98
112
113
139
152
141
125
124
120
116
133
131
121
110
89
82
79
77
81
88
102
92
80
86
76
74
62
42
62
70
70
51
35
36
31
29
37
32
25
40
37
47
57
49
59
47
45
52
41
59
68
75
65
52
44
44
41
31
30
21
40
37
54
51
45
35
17
33
38
41
25
13
18
17
25
29
0
-1
-1
22
43
63
69
57
31
-6
-8
-19
-9
-3
2
-18
-28
-36
-27
-15
-16
-5
5
1
-1
11
18
32
36
30
19
19
33
55
75
79
77
73
47
19
-3
-3
2
5
21
22
18
-3
-29
-37
-59
-58
-50
-73
-79
-73
-62
-69
-83
-82
-92
-124
-148
-141
-127
-107
-106
-111
-113
-107
-114
-117
-126
-138
-127
-122
-100
-100
-118
-121
-136
-128
-104
-89
-68
-59
-58
-67
-61
-67
-60
-53
-73
-71
-69
-85
-89
-93
-89
-74
-68
-62
-56
-77
-87
-83
-78
-76
-71
-80
-100
-112
-108
-89
-65
-52
-58
-50
-57
-63
-54
-56
-67
-66
-61
-49
-43
-50
-44
-40
-17
-29
-42
-38
-67
-75
-64
-53
-45
-26
-40
-24
-15
-16
-21
-36
-30
-32
-9
-1
-1
0
6
8
24
19
11
7
-1
-19
-17
-27
-22
-20
-25
-27
-34
-25
-15
0
14
-7
-13
-4
-14
-16
-8
1
-6
-7
-23
-44
-45
-68
-71
-69
-64
-64
-75
-78
-107
-112
-105
-94
-74
-87
-101
-101
-111
-120
-125
-125
-121
-88
-95
-103
-114
-124
-120
-116
-111
-107
-86
-95
-94
-94
-75
-86
-100
-100
-104
-117
-119
-105
-111
-124
-130
-127
-137
-128
-138
-153
-167
-180
-159
-138
-141
-162
-166
-168
-164
-161
-160
-157
-146
-164
-177
-196
-194
-171
-177
-176
-181
-184
-182
-184
-184
-178
-185
-193
-198
-171
-149
-151
-152
-162
-168
-173
-173
-177
-180
-185
-178
-158
-150
-142
-161
-177
-181
-192
-197
-191
-189
-200
-199
-190
-210
-212
-213
-214
-213
-220
-232
-237
-235
-244
-245
-256
-239
-226
-232
-230
-228
-224
-222
-224
-222
-217
-238
-234
-231
-228
-226
-221
-228
-208
-193
-188
-158
-140
-124
-119
-115
-135
-148
-163
-159
-157
-174
-169
-168
-168
-170
-162
-170
-158
-167
-164
-165
-166
-158
-158
-143
-144
-147
-151
-163
-159
-168
-182
-189
-166
-159
-136
-122
-133
-128
-137
-132
-111
-70
-54
-38
-33
-22
-14
-16
-31
-32
-30
-34
-12
-3
8
9
24
26
20
4
12
49
55
71
80
99
98
106
91
89
96
79
96
102
117
106
115
127
131
157
176
181
181
170
148
149
152
151
131
96
83
80
82
69
67
65
55
48
58
62
94
110
120
152
167
175
180
173
159
149
139
143
153
176
178
190
204
224
241
224
211
203
205
207
236
249
249
238
224
218
228
245
245
252
241
224
209
211
218
234
225
216
231
243
264
286
323
346
344
326
333
347
351
367
374
393
393
369
354
351
368
388
409
419
409
393
380
399
419
413
401
415
419
385
346
340
319
295
289
301
309
323
342
339
352
364
379
399
412
413
423
439
468
483
477
466
465
455
428
409
399
400
440
441
449
471
459
472
476
489
506
521
525
506
511
515
515
534
550
565
567
581
589
584
569
559
534
525
534
528
519
501
482
462
461
456
448
442
432
423
422
414
402
389
372
372
365
360
350
353
331
332
344
349
358
341
338
336
332
328
341
341
337
332
329
330
329
341
346
338
318
313
316
323
333
327
330
323
299
252
229
231
235
250
252
246
247
265
282
280
295
286
285
321
338
348
325
306
298
305
312
313
313
292
274
254
235
225
202
185
169
161
173
172
191
212
204
190
180
199
204
177
161
165
170
164
180
208
198
172
134
94
56
44
56
58
46
48
39
30
29
33
40
44
44
18
33
38
48
43
41
46
61
76
76
83
69
51
35
19
9
-20
-38
-68
-89
-79
-77
-69
-79
-79
-66
-62
-64
-55
-59
-56
-41
-28
-43
-63
-81
-89
-109
-117
-113
-111
-129
-157
-176
-186
-178
-188
-193
-163
-141
-135
-149
-151
-149
-164
-167
-175
-156
-138
-122
-120
-121
-127
-134
-145
-168
-173
-189
-196
-175
-177
-181
-171
-171
-186
-212
-235
-245
-243
-215
-194
-187
-176
-153
-138
-145
-157
-164
-161
-135
-127
-141
-165
-168
-162
-164
-164
-172
-170
-182
-186
-191
-177
-155
-154
-139
-140
-158
-160
-171
-179
-178
-168
-169
-148
-154
-162
-151
-150
-126
-113
-111
-116
-112
-109
-96
-75
-73
-70
-88
-86
-92
-88
-99
-105
-103
-98
-84
-78
-64
-55
-63
-98
-126
-148
-151
-161
-170
-155
-143
-142
-153
-141
-119
-118
-126
-122
-117
-96
-92
-105
-104
-95
-100
-109
-117
-123
-117
-113
-94
-87
-72
-63
-79
-91
-108
-113
-110
-104
-75
-69
-66
-69
-76
-68
-89
-100
-98
-71
-23
15
44
66
78
75
83
75
63
59
71
85
94
108
131
147
131
108
91
92
106
110
118
121
106
94
79
76
74
73
81
113
134
161
170
169
147
124
120
117
124
140
160
189
206
223
237
233
245
244
244
255
275
292
301
301
288
290
294
305
307
296
295
300
304
282
281
278
272
251
208
169
144
152
151
160
168
165
158
187
198
219
241
226
222
205
192
175
177
184
190
212
224
202
207
205
212
248
260
266
266
266
268
262
266
240
233
235
228
230
226
223
212
213
194
177
165
163
166
177
177
165
165
164
172
180
179
175
181
164
164
162
166
164
181
175
144
147
158
156
142
141
135
153
164
170
171
166
168
188
197
181
184
192
219
198
158
149
144
138
147
170
191
212
235
270
273
281
276
273
257
249
256
264
296
304
310
314
309
286
261
250
254
253
260
259
248
234
208
181
158
146
131
125
116
132
155
179
190
191
197
184
186
179
166
129
99
93
89
89
95
96
107
122
144
152
148
156
159
165
151
139
140
154
169
188
188
172
153
157
149
148
140
121
96
79
107
124
137
128
119
112
114
126
161
186
164
150
144
144
156
175
165
152
135
120
93
66
46
59
84
93
114
115
111
124
140
153
160
175
182
176
170
158
150
157
161
164
149
152
124
110
100
97
113
105
97
76
82
92
93
91
100
111
117
127
116
97
87
81
77
89
97
107
106
110
105
123
116
113
126
128
138
126
131
116
101
99
99
78
60
56
48
25
-7
-17
-43
-42
-9
13
12
-3
7
17
28
41
55
44
39
47
47
40
24
-7
-29
-46
-67
-81
-88
-94
-100
-98
-102
-110
-118
-122
-143
-134
-124
-139
-129
-124
-127
-133
-137
-135
-137
-133
-118
-81
-69
-84
-98
-101
-82
-89
-105
-111
-105
-109
-112
-109
-98
-70
-60
-87
-115
-154
-173
-189
-191
-162
-147
-139
-134
-126
-125
-112
-116
-105
-85
-84
-78
-87
-82
-87
-90
-73
-47
-46
-50
-64
-100
-99
-92
-101
-119
-137
-141
-147
-181
-184
-182
-186
-196
-196
-199
-214
-236
-241
-230
-232
-238
-258
-249
-231
-219
-210
-190
-196
-224
-249
-266
-269
-259
-239
-223
-224
-237
-258
-283
-303
-320
-348
-380
-395
-396
-395
-380
-372
-378
-388
-387
-413
-421
-409
-393
-397
-414
-433
-477
-481
-482
-465
-449
-447
-448
-464
-472
-490
-503
-520
-540
-536
-535
-520
-521
-523
-533
-563
-595
-623
-625
-626
-607
-581
-554
-546
-545
-539
-544
-552
-557
-537
-528
-529
-520
-520
-501
-480
-458
-442
-433
-419
-434
-448
-455
-473
-479
-484
-471
-465
-453
-438
-409
-382
-388
-404
-406
-394
-383
-364
-339
-326
-333
-353
-353
-336
-320
-319
-328
-347
-362
-360
-347
-331
-343
-337
-318
-286
-248
-232
-227
-221
-227
-237
-230
-224
-203
-188
-194
-204
-234
-256
-281
-288
-286
-294
-299
-300
-306
-309
-306
-313
-309
-300
-297
-297
-321
-355
-354
-349
-349
-325
-306
-303
-297
-300
-289
-289
-273
-271
-287
-292
-303
-299
-285
-276
-283
-302
-322
-321
-331
-339
-322
-307
-323
-335
-353
-373
-379
-400
-405
-402
-380
-357
-334
-305
-315
-335
-343
-348
-337
-331
-325
-323
-323
-327
-353
-372
-382
-373
-366
-341
-309
-276
-268
-269
-265
-267
-272
-272
-277
-261
-252
-254
-256
-282
-301
-310
-315
-308
-294
-277
-264
-244
-231
-228
-213
-206
-207
-193
-200
-208
-200
-198
-200
-208
-194
-178
-179
-194
-181
-186
-202
-208
-224
-245
-246
-233
-226
-202
-181
-189
-184
-197
-226
-231
-217
-196
-201
-191
-175
-180
-205
-224
-219
-209
-187
-161
-137
-138
-147
-163
-204
-226
-228
-250
-242
-256
-233
-180
-169
-177
-264
-331
-385
-393
-383
-365
-299
-249
-200
-188
-173
-193
-223
-266
-306
-340
-396
-372
-358
-339
-335
-353
-390
-381
-347
-313
-298
-301
-321
-316
-289
-300
-316
-339
-316
-330
-343
-385
-420
-429
-401
-340
-284
-249
-201
-169
-182
-27
79
115
-26
-182
-303
-261
-327
-280
-178
104
338
300
111
-166
-241
-262
-196
-248
-114
31
234
186
-54
-232
-391
-295
-196
-144
-119
-4
65
14
-121
-337
-378
-289
-233
-232
-355
-475
-583
-557
-512
-474
-412
-359
-270
-343
-339
-415
-376
-352
-264
-130
-55
37
70
126
135
117
119
169
248
326
385
437
474
479
483
476
407
378
337
351
396
353
383
389
444
383
369
310
336
295
142
86
125
188
195
173
132
182
132
99
104
139
188
205
166
117
57
71
123
162
118
55
74
44
23
-22
-7
44
43
-3
10
23
-27
-21
0
61
112
72
49
87
112
158
219
306
329
352
376
402
420
438
441
464
479
484
561
581
595
586
617
638
607
605
624
621
535
454
472
511
513
511
537
589
589
580
572
578
556
535
519
504
551
529
569
531
558
496
481
493
414
360
328
357
332
289
240
205
203
127
73
94
56
39
-17
-52
-54
-95
-80
-88
-113
-147
-120
-24
49
82
45
84
92
158
215
297
397
472
545
569
608
619
623
677
721
722
696
654
617
614
621
621
644
613
616
598
615
619
546
489
393
382
345
377
376
378
370
273
261
205
229
219
254
230
228
252
194
137
69
27
-30
-83
-111
-143
-190
-230
-251
-292
-359
-388
-445
-412
-422
-427
-466
-468
-477
-507
-536
-582
-576
-599
-541
-526
-476
-416
-358
-290
-261
-181
-116
-57
-80
-43
19
114
188
244
352
403
462
481
562
667
736
790
786
818
801
806
745
677
603
547
498
416
343
270
269
232
161
78
34
42
-15
-65
-110
-179
-264
-349
-399
-421
-415
-430
-391
-374
-330
-292
-228
-169
-140
-127
-177
-187
-276
-292
-402
-453
-495
-528
-565
-620
-690
-688
-705
-726
-712
-755
-718
-729
-630
-657
-574
-518
-443
-366
-344
-197
-92
27
133
271
442
591
748
871
1042
1161
1277
1327
1402
1454
1479
1480
1453
1432
1322
1223
1120
999
891
774
705
632
531
398
319
210
107
-22
-110
-177
-223
-222
-255
-202
-204
-109
-43
45
93
135
223
299
395
423
455
441
406
312
259
230
214
128
102
30
-25
-153
-255
-325
-489
-524
-701
-746
-869
-890
-918
-961
-894
-869
-699
-568
-347
-119
83
248
350
527
683
851
936
1093
1322
1485
1625
1731
1944
2118
2177
2187
2187
2186
2033
1810
1614
1465
1288
1087
948
810
656
442
259
94
-55
-221
-422
-544
-654
-740
-813
-812
-837
-813
-753
-655
-506
-330
-106
46
154
217
280
337
355
331
333
382
363
273
231
204
211
114
8
-127
-268
-408
-600
-744
-930
-1085
-1214
-1325
-1310
-1267
-1095
-936
-757
-565
-377
-161
-10
154
319
502
638
768
952
1191
1444
1654
1898
2153
2392
2595
2722
2732
2658
2481
2217
1904
1565
1263
987
684
464
303
209
142
33
-83
-197
-284
-423
-600
-758
-909
-1027
-1141
-1137
-1044
-876
-654
-442
-211
30
229
413
579
687
700
659
619
529
433
299
226
164
109
83
-6
-81
-240
-393
-628
-923
-1180
-1489
-1685
-1907
-1981
-1961
-1782
-1571
-1399
-1139
-916
-560
-287
0
190
316
443
514
684
808
1065
1265
1493
1775
2050
2369
2570
2722
2784
2717
2534
2252
1953
1583
1188
759
380
129
-65
-170
-296
-331
-345
-388
-479
-636
-784
-933
-1091
-1248
-1363
-1394
-1427
-1383
-1248
-1011
-698
-423
-128
111
377
518
581
566
478
406
209
107
-67
-96
-232
-260
-357
-400
-474
-579
-650
-871
-1040
-1357
-1601
-1860
-2054
-2178
-2190
-2067
-1886
-1638
-1352
-989
-607
-266
59
326
573
723
835
989
1163
1286
1370
1547
1805
2102
2358
2555
2790
2898
2866
2714
2458
2118
1661
1179
706
327
2
-255
-468
-628
-623
-613
-573
-562
-575
-592
-659
-801
-971
-1097
-1235
-1334
-1401
-1326
-1124
-895
-610
-318
7
294
508
649
759
759
641
475
255
15
-204
-392
-567
-640
-772
-758
-878
-953
-1135
-1269
-1454
-1730
-1956
-2227
-2312
-2436
-2351
-2259
-2104
-1872
-1537
-1048
-634
-209
135
493
708
797
996
1139
1260
1253
1360
1574
1771
2013
2223
2508
2652
2705
2730
2586
2396
1961
1520
1025
552
114
-350
-700
-1036
-1126
-1148
-1077
-1030
-1003
-852
-780
-740
-800
-823
-914
-1054
-1169
-1218
-1160
-1116
-988
-805
-499
-154
143
412
575
707
700
657
476
204
-84
-372
-615
-888
-1068
-1229
-1334
-1460
-1489
-1515
-1555
-1667
-1798
-1944
-2100
-2239
-2272
-2229
-2155
-2101
-1906
-1589
-1163
-794
-425
-12
406
758
1049
1355
1555
1654
1671
1748
1837
1859
1913
1990
2122
2169
2189
2184
2070
1843
1520
1215
826
428
21
-370
-739
-1097
-1279
-1411
-1446
-1465
-1421
-1298
-1166
-1051
-981
-881
-867
-913
-983
-1007
-989
-971
-884
-741
-529
-318
-88
136
290
443
504
559
479
310
112
-154
-364
-672
-918
-1190
-1417
-1534
-1631
-1603
-1697
-1654
-1726
-1680
-1671
-1582
-1447
-1354
-1231
-1165
-922
-683
-340
-69
255
605
909
1237
1520
1829
2007
2151
2309
2488
2682
2732
2801
2831
2838
2811
2712
2644
2439
2229
1917
1629
1309
961
640
294
39
-239
-371
-506
-592
-673
-729
-671
-620
-523
-469
-391
-381
-338
-272
-289
-281
-291
-174
-53
104
236
352
488
542
634
668
701
632
543
431
271
99
-134
-354
-646
-848
-1096
-1220
-1331
-1415
-1489
-1573
-1528
-1461
-1243
-1083
-848
-713
-539
-320
-87
175
373
675
903
1165
1390
1683
1957
2134
2289
2462
2685
2805
2872
2925
2962
2936
2841
2737
2575
2353
2075
1753
1478
1159
873
545
255
-16
-242
-419
-574
-679
-783
-797
-785
-731
-714
-711
-720
-751
-737
-732
-670
-621
-546
-496
-433
-339
-259
-131
-33
59
134
223
230
188
73
4
-170
-347
-625
-866
-1118
-1363
-1588
-1768
-1876
-2049
-2153
-2211
-2178
-2027
-1853
-1636
-1456
-1304
-1078
-798
-507
-318
-105
96
356
554
799
1071
1298
1461
1589
1820
2042
2191
2284
2341
2426
2405
2338
2205
1995
1734
1399
1099
759
470
161
-151
-448
-687
-830
-957
-1054
-1191
-1229
-1244
-1202
-1156
-1103
-1052
-1042
-998
-998
-932
-889
-870
-871
-853
-751
-657
-550
-473
-378
-286
-186
-163
-183
-224
-272
-333
-484
-682
-879
-1159
-1401
-1671
-1861
-2028
-2232
-2349
-2467
-2403
-2348
-2108
-1929
-1678
-1517
-1275
-983
-689
-458
-278
-31
153
385
566
836
1067
1216
1359
1550
1797
1991
2178
2249
2375
2375
2340
2230
2020
1766
1486
1189
864
541
226
-75
-390
-662
-869
-982
-1090
-1182
-1248
-1276
-1268
-1271
-1263
-1262
-1261
-1270
-1220
-1167
-1090
-1045
-1037
-961
-926
-843
-780
-668
-559
-459
-343
-288
-228
-254
-255
-310
-413
-563
-757
-953
-1220
-1416
-1645
-1811
-2038
-2215
-2367
-2426
-2407
-2336
-2092
-1904
-1629
-1449
-1119
-827
-483
-247
-29
169
330
483
627
823
960
1095
1259
1496
1758
1927
2128
2261
2424
2443
2473
2391
2229
2011
1730
1392
962
615
244
-99
-447
-677
-845
-1001
-1128
-1214
-1191
-1154
-1077
-1025
-961
-897
-883
-883
-904
-883
-883
-873
-916
-904
-876
-821
-736
-661
-556
-455
-330
-255
-191
-186
-178
-235
-323
-482
-648
-890
-1163
-1432
-1639
-1817
-2011
-2182
-2325
-2351
-2314
-2105
-1900
-1627
-1419
-1109
-798
-465
-193
50
319
507
651
783
1016
1167
1284
1374
1540
1749
1906
2096
2275
2458
2541
2580
2604
2497
2301
2044
1741
1376
985
628
239
-167
-548
-796
-989
-1139
-1279
-1326
-1299
-1252
-1191
-1104
-996
-904
-827
-798
-783
-802
-832
-878
-929
-951
-932
-909
-894
-843
-725
-552
-380
-237
-137
-76
-77
-152
-286
-475
-697
-989
-1299
-1627
-1897
-2161
-2347
-2504
-2546
-2510
-2407
-2177
-1937
-1618
-1351
-1009
-746
-435
-244
-13
189
366
487
660
841
974
1071
1200
1453
1701
1941
2147
2324
2446
2448
2471
2424
2349
2159
1913
1586
1209
853
452
84
-312
-580
-803
-1002
-1184
-1305
-1324
-1305
-1206
-1106
-964
-822
-736
-650
-584
-533
-493
-508
-572
-586
-606
-599
-622
-639
-577
-469
-291
-146
15
134
238
284
234
137
-76
-318
-621
-894
-1194
-1442
-1706
-1937
-2104
-2141
-2087
-1890
-1623
-1323
-1031
-718
-358
-4
281
517
764
971
1130
1254
1428
1550
1650
1738
1917
2085
2261
2433
2599
2755
2887
2984
3027
2954
2823
2621
2366
2038
1689
1329
982
582
186
-133
-388
-624
-797
-886
-908
-886
-837
-732
-552
-375
-204
-99
-59
-52
-112
-196
-309
-393
-503
-550
-577
-548
-467
-313
-142
-22
140
255
399
441
402
269
93
-178
-485
-834
-1176
-1533
-1830
-2047
-2149
-2113
-1927
-1677
-1447
-1204
-895
-525
-109
211
497
725
946
1070
1203
1331
1426
1487
1506
1624
1770
1947
2074
2250
2382
2480
2593
2642
2609
2493
2342
2108
1814
1464
1116
722
292
-129
-477
-765
-1057
-1273
-1438
-1495
-1495
-1422
-1255
-1059
-847
-611
-400
-246
-178
-164
-234
-351
-464
-552
-638
-733
-832
-858
-827
-712
-566
-382
-180
-13
118
144
100
-35
-248
-578
-943
-1358
-1705
-2084
-2375
-2570
-2642
-2511
-2309
-2040
-1775
-1362
-942
-465
-97
277
549
756
915
1040
1161
1225
1251
1262
1350
1465
1615
1790
1916
2060
2167
2303
2348
2331
2184
2035
1808
1550
1242
909
547
114
-285
-628
-916
-1191
-1425
-1609
-1719
-1720
-1671
-1556
-1373
-1144
-906
-704
-567
-463
-418
-467
-524
-601
-702
-819
-964
-1083
-1113
-1089
-975
-826
-656
-490
-295
-162
-112
-155
-304
-543
-857
-1200
-1558
-1904
-2245
-2510
-2720
-2781
-2673
-2508
-2237
-1960
-1568
-1122
-663
-305
48
328
584
779
978
1095
1213
1245
1289
1372
1484
1631
1777
1924
2057
2185
2279
2295
2229
2118
1945
1738
1480
1207
898
557
188
-163
-484
-810
-1133
-1447
-1688
-1840
-1845
-1794
-1647
-1456
-1226
-968
-779
-595
-446
-328
-276
-236
-260
-332
-450
-610
-744
-859
-885
-847
-800
-687
-539
-392
-289
-275
-325
-453
-594
-827
-1099
-1426
-1757
-2087
-2343
-2557
-2566
-2532
-2398
-2216
-1908
-1494
-1035
-581
-169
194
503
769
1005
1216
1350
1425
1477
1588
1673
1777
1856
1937
2012
2117
2225
2268
2227
2107
1972
1789
1580
1351
1073
763
423
97
-194
-495
-778
-1070
-1314
-1528
-1654
-1685
-1672
-1595
-1442
-1236
-1042
-833
-628
-473
-375
-354
-323
-299
-332
-378
-463
-534
-596
-626
-621
-568
-483
-396
-310
-266
-280
-338
-440
-636
-888
-1201
-1505
-1787
-2043
-2244
-2337
-2333
-2292
-2154
-1983
-1685
-1328
-925
-569
-181
157
496
783
1077
1291
1462
1523
1633
1722
1826
1929
2035
2109
2177
2254
2325
2351
2319
2204
2067
1855
1626
1371
1132
804
466
147
-157
-462
-750
-999
-1233
-1437
-1541
-1546
-1481
-1385
-1229
-1040
-855
-704
-566
-408
-345
-317
-366
-423
-477
-551
-600
-642
-658
-672
-682
-680
-611
-546
-475
-501
-508
-577
-733
-982
-1287
-1606
-1923
-2168
-2404
-2592
-2618
-2553
-2416
-2258
-2002
-1686
-1296
-949
-582
-257
65
315
562
786
961
1096
1188
1329
1467
1601
1730
1842
1938
2005
2062
2081
2045
1945
1808
1638
1444
1218
954
652
323
-8
-330
-621
-909
-1143
-1363
-1535
-1654
-1676
-1676
-1594
-1456
-1285
-1077
-919
-788
-712
-652
-626
-603
-585
-592
-625
-647
-717
-723
-768
-741
-731
-629
-532
-444
-431
-463
-576
-753
-1008
-1278
-1581
-1901
-2153
-2387
-2514
-2617
-2529
-2409
-2188
-1993
-1714
-1375
-969
-636
-273
-4
256
467
723
905
1055
1162
1312
1444
1583
1740
1921
2061
2167
2235
2311
2312
2290
2160
2007
1760
1528
1259
1004
656
324
-7
-280
-576
-861
-1125
-1344
-1523
-1615
-1595
-1542
-1389
-1179
-978
-820
-717
-599
-533
-519
-524
-539
-519
-546
-605
-663
-688
-682
-614
-544
-422
-346
-231
-204
-203
-291
-449
-694
-991
-1299
-1631
-1910
-2204
-2399
-2564
-2555
-2472
-2308
-2116
-1822
-1493
-1125
-764
-416
-118
118
323
530
753
919
1051
1181
1352
1523
1670
1835
1969
2073
2135
2217
2251
2248
2193
2054
1870
1632
1381
1109
819
453
129
-176
-457
-785
-1038
-1273
-1469
-1598
-1662
-1655
-1586
-1408
-1183
-953
-778
-665
-595
-593
-593
-632
-634
-669
-696
-725
-782
-813
-847
-791
-713
-582
-481
-361
-332
-316
-423
-564
-812
-1129
-1489
-1848
-2164
-2426
-2602
-2725
-2683
-2588
-2413
-2225
-1885
-1518
-1081
-691
-315
16
288
524
733
910
1048
1161
1272
1404
1519
1633
1771
1878
1979
2060
2135
2169
2143
2076
1971
1796
1548
1271
974
633
277
-74
-387
-682
-978
-1272
-1503
-1690
-1802
-1840
-1795
-1682
-1540
-1309
-1103
-944
-821
-698
-618
-591
-595
-618
-643
-708
-788
-850
-911
-921
-930
-846
-746
-601
-512
-444
-472
-560
-733
-988
-1297
-1639
-1994
-2261
-2508
-2673
-2750
-2685
-2564
-2400
-2168
-1848
-1475
-1116
-793
-435
-128
141
399
691
898
1052
1158
1267
1398
1504
1648
1792
1892
1963
2010
2060
2013
1981
1864
1744
1536
1333
1090
841
506
182
-138
-416
-708
-1025
-1298
-1519
-1679
-1772
-1780
-1771
-1708
-1568
-1370
-1146
-945
-770
-672
-618
-583
-573
-600
-632
-692
-782
-858
-931
-957
-914
-795
-658
-558
-495
-481
-509
-632
-793
-1034
-1326
-1678
-1989
-2278
-2501
-2704
-2738
-2666
-2517
-2345
-2113
-1797
-1455
-1059
-691
-323
-8
293
565
853
1023
1163
1231
1332
1444
1564
1701
1826
1914
1960
2024
2064
2051
2004
1906
1774
1597
1423
1213
957
634
309
14
-296
-630
-928
-1219
-1447
-1628
-1714
-1707
-1629
-1484
-1279
-1055
-877
-712
-578
-480
-384
-347
-325
-361
-440
-555
-676
-766
-819
-834
-762
-676
-562
-447
-390
-383
-447
-569
-740
-957
-1209
-1516
-1807
-2097
-2331
-2535
-2565
-2544
-2415
-2259
-1986
-1673
-1279
-905
-512
-151
173
456
734
1010
1170
1303
1401
1503
1586
1669
1793
1878
1915
1935
1987
2017
2010
1977
1903
1761
1585
1409
1179
907
574
276
-14
-283
-606
-922
-1215
-1475
-1698
-1817
-1850
-1790
-1621
-1412
-1210
-1036
-878
-698
-604
-530
-480
-427
-444
-506
-611
-738
-820
-875
-881
-846
-748
-643
-518
-443
-430
-444
-555
-710
-948
-1205
-1518
-1850
-2164
-2408
-2593
-2647
-2609
-2470
-2303
-2092
-1785
-1426
-1039
-677
-302
28
345
664
989
1208
1361
1486
1614
1738
1882
2000
2106
2177
2225
2269
2315
2282
2198
2080
1945
1767
1573
1354
1101
799
487
200
-100
-428
-758
-1068
-1338
-1572
-1720
-1786
-1734
-1643
-1477
-1222
-989
-780
-559
-364
-254
-186
-185
-266
-369
-529
-652
-767
-864
-910
-878
-803
-657
-516
-361
-256
-250
-338
-517
-766
-1079
-1464
-1836
-2167
-2470
-2680
-2777
-2714
-2607
-2401
-2173
-1814
-1413
-967
-587
-208
95
366
602
864
1025
1152
1257
1379
1536
1685
1838
1976
2034
2068
2076
2106
2044
1942
1797
1669
1472
1294
1087
863
558
258
-13
-255
-540
-839
-1155
-1436
-1658
-1798
-1854
-1834
-1765
-1598
-1395
-1192
-1041
-875
-719
-587
-517
-418
-404
-435
-496
-584
-692
-770
-851
-888
-864
-814
-738
-682
-635
-658
-704
-802
-919
-1121
-1336
-1600
-1847
-2108
-2282
-2454
-2411
-2339
-2175
-2017
-1682
-1328
-919
-535
-98
250
596
889
1217
1469
1659
1771
1876
2002
2106
2186
2283
2309
2313
2342
2410
2427
2362
2259
2139
1981
1816
1603
1403
1125
819
510
219
-63
-349
-654
-915
-1131
-1334
-1399
-1386
-1322
-1217
-997
-740
-504
-304
-169
-120
-102
-82
-133
-194
-314
-427
-522
-580
-605
-625
-571
-498
-393
-301
-206
-188
-222
-370
-566
-800
-1056
-1391
-1685
-1940
-2131
-2276
-2264
-2155
-2006
-1830
-1602
-1294
-973
-623
-291
27
291
543
786
1059
1275
1429
1528
1662
1776
1905
2011
2111
2141
2177
2207
2210
2119
1993
1864
1728
1556
1338
1136
929
640
348
92
-179
-487
-783
-1048
-1281
-1487
-1622
-1669
-1649
-1604
-1453
-1255
-1040
-861
-698
-571
-479
-430
-384
-386
-439
-579
-690
-760
-787
-812
-823
-793
-720
-641
-589
-516
-489
-511
-619
-758
-989
-1253
-1593
-1908
-2201
-2385
-2538
-2519
-2449
-2325
-2161
-1903
-1559
-1177
-821
-460
-149
120
369
649
907
1068
1207
1333
1496
1628
1746
1820
1903
1945
1974
2005
1992
1935
1830
1720
1565
1366
1137
923
668
367
56
-232
-520
-844
-1122
-1398
-1641
-1838
-1945
-1950
-1914
-1829
-1641
-1401
-1183
-1028
-891
-779
-700
-645
-610
-588
-627
-768
-891
-1013
-1047
-1063
-1032
-906
-751
-610
-539
-494
-519
-641
-808
-1016
-1265
-1550
-1844
-2113
-2357
-2507
-2599
-2567
-2498
-2301
-2063
-1705
-1340
-921
-562
-211
71
382
619
909
1095
1218
1306
1418
1534
1666
1765
1880
1962
1957
1941
1970
1956
1897
1763
1636
1418
1207
956
749
476
211
-76
-342
-619
-927
-1216
-1456
-1633
-1753
-1800
-1763
-1681
-1569
-1384
-1165
-977
-792
-601
-447
-356
-289
-264
-291
-353
-500
-628
-715
-845
-925
-955
-921
-824
-733
-658
-602
-621
-666
-798
-919
-1177
-1411
-1703
-1942
-2181
-2344
-2499
-2487
-2426
-2227
-2010
-1700
-1346
-927
-506
-100
269
595
856
1094
1325
1472
1585
1677
1775
1857
1943
1999
2043
2017
2000
1997
1984
1909
1836
1726
1566
1386
1185
955
705
399
111
-160
-412
-709
-981
-1212
-1416
-1599
-1677
-1679
-1607
-1463
-1219
-958
-740
-578
-414
-285
-200
-112
-95
-125
-193
-329
-445
-563
-643
-730
-748
-652
-548
-425
-359
-308
-307
-394
-500
-663
-870
-1137
-1425
-1677
-1911
-2095
-2200
-2204
-2100
-1930
-1714
-1436
-1091
-721
-330
16
354
621
866
1093
1284
1433
1587
1710
1834
1903
1969
2031
2102
2113
2132
2135
2145
2064
1978
1845
1715
1522
1335
1118
912
638
386
121
-126
-429
-682
-906
-1095
-1311
-1461
-1554
-1545
-1471
-1336
-1154
-957
-778
-615
-493
-344
-263
-184
-165
-192
-296
-434
-574
-691
-781
-834
-835
-795
-707
-622
-542
-471
-451
-451
-500
-610
-800
-1032
-1292
-1548
-1821
-2035
-2203
-2226
-2150
-1997
-1792
-1561
-1212
-812
-394
10
372
649
913
1155
1394
1552
1654
1712
1791
1813
1838
1872
1919
1905
1902
1888
1917
1871
1811
1704
1573
1405
1234
1036
830
577
312
44
-201
-481
-744
-1002
-1221
-1425
-1532
-1563
-1555
-1453
-1286
-1095
-885
-661
-434
-236
-90
-14
26
10
-33
-158
-302
-458
-605
-712
-786
-760
-701
-598
-515
-423
-366
-316
-310
-371
-534
-749
-1017
-1277
-1527
-1782
-1963
-2095
-2136
-2085
-1936
-1735
-1475
-1174
-782
-388
-8
324
651
947
1182
1434
1646
1781
1845
1883
1947
1978
2002
2010
2042
1991
1941
1867
1803
1706
1598
1453
1312
1155
943
717
499
232
-41
-272
-518
-772
-1038
-1266
-1481
-1634
-1698
-1684
-1575
-1439
-1228
-967
-744
-563
-385
-239
-115
-66
-26
-31
-155
-311
-453
-570
-695
-781
-787
-743
-636
-481
-402
-279
-265
-274
-319
-427
-594
-828
-1054
-1260
-1502
-1681
-1804
-1842
-1827
-1691
-1488
-1259
-1008
-683
-314
50
390
684
984
1228
1446
1664
1861
1960
1974
1979
1993
2015
2061
2076
2033
1948
1884
1853
1790
1690
1566
1444
1340
1209
1051
878
649
395
145
-63
-305
-603
-876
-1117
-1314
-1470
-1546
-1494
-1379
-1193
-905
-620
-401
-245
-91
18
112
142
154
96
-37
-208
-370
-500
-564
-629
-617
-526
-401
-265
-146
-6
74
76
10
-125
-323
-551
-791
-1000
-1232
-1417
-1555
-1622
-1642
-1537
-1354
-1133
-902
-646
-324
35
372
669
941
1157
1350
1545
1703
1807
1838
1848
1887
1896
1873
1855
1803
1755
1726
1719
1719
1669
1596
1540
1506
1426
1311
1179
1013
775
547
310
68
-221
-510
-800
-1025
-1219
-1298
-1296
-1203
-1027
-770
-511
-246
-32
96
154
206
213
181
49
-105
-315
-532
-655
-738
-734
-685
-545
-330
-135
98
255
375
395
338
215
29
-255
-521
-820
-1031
-1271
-1445
-1561
-1605
-1558
-1389
-1152
-909
-664
-388
-69
247
548
814
1047
1208
1335
1475
1592
1628
1627
1610
1642
1621
1627
1612
1626
1616
1612
1645
1683
1702
1693
1684
1635
1534
1409
1226
988
708
423
154
-127
-404
-678
-915
-1103
-1230
-1282
-1226
-1049
-819
-564
-250
39
273
445
538
554
479
353
224
101
-71
-208
-293
-318
-308
-200
2
284
613
913
1164
1319
1384
1340
1200
966
620
273
-40
-335
-590
-799
-878
-869
-796
-632
-344
-30
297
576
861
1121
1364
1556
1720
1813
1869
1914
1997
2063
2082
2075
2081
2136
2159
2199
2227
2260
2285
2330
2396
2423
2420
2402
2360
2281
2169
2030
1856
1619
1353
1071
801
506
203
-37
-183
-280
-336
-300
-181
24
285
531
787
963
1051
1095
1075
1023
893
718
560
401
256
144
97
152
230
415
681
960
1244
1460
1606
1663
1636
1496
1280
992
653
308
4
-273
-470
-583
-655
-588
-477
-302
-84
161
433
659
838
979
1108
1215
1290
1318
1332
1352
1385
1441
1545
1592
1666
1705
1810
1883
1973
2053
2136
2154
2194
2256
2307
2290
2233
2135
1993
1827
1631
1411
1170
873
585
324
107
-110
-272
-382
-465
-481
-442
-334
-216
-81
103
272
371
425
423
358
283
192
140
87
14
-24
-11
74
199
399
670
985
1290
1523
1667
1767
1759
1691
1527
1303
1015
687
372
144
-51
-173
-255
-238
-208
-103
35
178
339
475
574
673
691
694
718
761
804
844
935
1065
1196
1363
1530
1678
1827
1965
2105
2209
2312
2398
2448
2486
2477
2457
2459
2403
2306
2191
2072
1901
1712
1505
1282
1030
801
606
425
252
87
-62
-178
-275
-331
-324
-279
-199
-76
54
143
201
274
346
375
393
396
442
481
553
604
665
784
894
1046
1192
1364
1490
1577
1641
1663
1588
1467
1269
1057
806
568
338
136
-46
-168
-237
-273
-278
-272
-266
-257
-242
-186
-125
-50
-15
41
145
266
413
562
734
879
1038
1230
1421
1556
1655
1739
1825
1874
1919
1960
1964
1956
1965
1979
1980
1908
1827
1739
1600
1444
1278
1101
882
621
380
145
-107
-347
-533
-689
-791
-868
-858
-777
-681
-552
-396
-257
-122
-30
38
109
142
136
115
110
123
161
191
263
364
496
654
857
1058
1221
1328
1391
1378
1295
1154
935
674
362
81
-166
-347
-540
-663
-758
-811
-831
-767
-715
-637
-610
-531
-458
-391
-385
-348
-301
-213
-118
22
168
292
419
595
828
1045
1190
1307
1420
1497
1526
1581
1628
1649
1602
1578
1528
1478
1400
1320
1237
1121
961
785
599
381
142
-53
-217
-404
-609
-761
-844
-918
-965
-947
-881
-784
-660
-530
-407
-299
-220
-163
-141
-132
-129
-122
-96
-44
32
99
210
311
438
562
705
821
877
905
908
861
732
561
375
145
-112
-321
-496
-650
-763
-813
-859
-899
-929
-892
-852
-842
-834
-850
-853
-843
-836
-806
-782
-722
-642
-508
-344
-150
33
248
443
676
844
977
1066
1167
1201
1210
1217
1222
1214
1166
1153
1164
1136
1099
1045
967
859
737
601
461
277
77
-99
-271
-442
-605
-737
-821
-902
-942
-945
-923
-881
-821
-715
-621
-539
-449
-355
-277
-192
-121
-52
10
85
142
205
278
312
368
413
487
586
643
703
749
759
730
685
602
487
348
211
51
-87
-247
-395
-544
-689
-810
-900
-954
-984
-1015
-1004
-972
-920
-833
-748
-640
-554
-467
-335
-201
-67
84
251
423
588
757
881
977
1072
1170
1280
1370
1463
1536
1592
1623
1675
1695
1679
1609
1505
1388
1261
1103
905
686
464
253
56
-138
-327
-500
-629
-742
-810
-850
-883
-867
-816
-731
-614
-475
-352
-240
-155
-93
-43
-1
22
45
101
167
232
305
403
528
658
800
914
1037
1127
1161
1139
1061
946
764
545
300
86
-131
-338
-514
-671
-797
-907
-973
-1015
-1055
-1079
-1086
-1070
-1059
-1056
-1029
-984
-935
-879
-836
-748
-614
-467
-297
-139
29
189
350
537
700
846
957
1095
1199
1274
1307
1329
1337
1342
1305
1247
1152
1032
907
777
626
455
288
116
-81
-276
-466
-622
-777
-911
-1013
-1087
-1158
-1215
-1219
-1205
-1166
-1088
-1002
-882
-757
-632
-494
-365
-269
-173
-106
-13
65
127
190
253
309
362
441
503
553
588
624
645
616
569
487
366
149
-69
-280
-472
-666
-853
-985
-1070
-1148
-1213
-1253
-1270
-1265
-1243
-1204
-1189
-1159
-1143
-1096
-1043
-985
-947
-870
-762
-596
-421
-213
-8
200
364
547
730
851
922
969
1036
1027
1027
1054
1081
1069
1020
997
950
895
817
742
657
502
352
192
-1
-185
-377
-521
-667
-809
-932
-999
-1051
-1050
-1015
-960
-901
-828
-737
-637
-522
-439
-384
-341
-291
-228
-179
-115
-35
24
73
154
253
332
414
517
599
662
716
750
740
686
602
512
399
244
100
-57
-190
-344
-483
-605
-718
-783
-809
-822
-826
-851
-864
-851
-825
-881
-924
-935
-953
-934
-890
-815
-734
-594
-458
-283
-128
53
237
438
604
780
921
1027
1103
1160
1228
1263
1288
1310
1292
1259
1225
1183
1120
1045
971
871
744
606
454
318
153
-2
-173
-324
-471
-626
-748
-830
-910
-981
-1018
-1032
-1029
-995
-921
-825
-729
-646
-537
-413
-273
-158
-62
66
188
297
402
467
514
544
587
615
643
634
605
576
543
499
426
370
302
226
126
12
-114
-296
-471
-652
-823
-966
-1091
-1173
-1257
-1319
-1382
-1421
-1421
-1405
-1358
-1265
-1176
-1040
-925
-806
-708
-563
-408
-255
-109
36
173
305
410
513
617
708
803
888
967
1025
1040
1077
1099
1094
1077
1057
996
909
793
656
497
346
156
-40
-225
-411
-575
-726
-842
-964
-1061
-1123
-1146
-1168
-1168
-1133
-1068
-989
-895
-796
-689
-580
-487
-420
-360
-304
-224
-120
-19
74
152
258
359
442
512
582
649
691
719
731
709
643
520
360
181
4
-179
-346
-508
-677
-815
-923
-975
-1036
-1072
-1094
-1117
-1158
-1197
-1212
-1213
-1242
-1280
-1300
-1302
-1298
-1247
-1155
-1035
-893
-733
-558
-358
-175
1
166
308
444
585
729
848
922
992
1052
1120
1148
1152
1147
1131
1089
1031
970
891
798
692
567
432
293
129
-46
-210
-380
-543
-696
-843
-949
-1013
-1052
-1069
-1107
-1126
-1094
-1030
-953
-832
-689
-542
-415
-256
-129
-5
107
202
294
403
479
529
576
638
704
744
802
854
885
906
907
873
812
725
632
492
365
193
26
-123
-260
-383
-485
-562
-645
-711
-760
-779
-795
-792
-792
-810
-836
-849
-830
-814
-807
-766
-716
-637
-533
-393
-247
-93
73
271
451
622
776
907
1029
1138
1244
1306
1344
1373
1373
1390
1401
1369
1340
1294
1252
1173
1089
951
803
625
445
258
66
-132
-318
-499
-663
-794
-890
-985
-1062
-1088
-1105
-1101
-1066
-1017
-937
-835
-724
-634
-526
-408
-279
-154
-37
91
225
349
460
578
678
776
857
932
980
1028
1061
1085
1079
1024
954
882
796
689
547
392
252
101
-34
-181
-342
-478
-602
-693
-796
-908
-999
-1053
-1080
-1096
-1084
-1073
-1028
-968
-901
-818
-736
-642
-566
-447
-294
-127
29
152
285
396
515
659
798
937
1060
1176
1256
1320
1390
1434
1460
1473
1461
1400
1320
1195
1083
983
848
705
556
401
222
61
-80
-199
-305
-412
-516
-633
-720
-786
-838
-860
-864
-841
-796
-726
-630
-511
-360
-219
-92
49
179
304
440
548
656
764
869
961
1045
1111
1174
1230
1257
1287
1302
1297
1258
1201
1109
993
900
787
667
535
410
274
131
0
-118
-242
-352
-479
-562
-653
-682
-723
-742
-749
-712
-691
-673
-655
-600
-557
-509
-450
-394
-318
-243
-166
-55
63
212
358
509
641
764
898
1015
1117
1193
1264
1333
1372
1396
1398
1369
1312
1270
1221
1156
1081
968
861
717
555
396
244
82
-75
-217
-349
-466
-587
-697
-793
-876
-928
-968
-999
-1004
-971
-887
-777
-641
-486
-319
-147
15
204
380
551
709
842
965
1049
1147
1244
1332
1380
1407
1413
1395
1399
1395
1359
1299
1210
1113
991
863
712
537
326
112
-75
-239
-377
-523
-647
-749
-844
-901
-973
-1009
-1042
-1042
-1047
-1045
-1034
-1020
-981
-953
-866
-751
-636
-501
-359
-214
-63
86
241
389
524
655
772
892
996
1076
1141
1211
1254
1289
1301
1299
1260
1199
1127
1034
959
856
758
625
481
332
183
31
-126
-265
-415
-557
-683
-789
-889
-976
-1040
-1076
-1095
-1110
-1101
-1071
-993
-890
-749
-590
-434
-245
-50
115
281
422
552
663
749
843
914
963
1003
1041
1078
1091
1089
1066
1021
961
902
809
687
553
386
221
28
-177
-408
-610
-802
-980
-1134
-1245
-1330
-1377
-1410
-1428
-1429
-1418
-1397
-1362
-1335
-1302
-1245
-1182
-1101
-1043
-945
-851
-749
-635
-504
-369
-257
-175
-90
-8
97
200
299
378
454
526
560
602
612
618
610
587
541
482
393
285
171
50
-53
-167
-272
-391
-518
-629
-721
-824
-914
-1003
-1085
-1167
-1247
-1292
-1334
-1354
-1346
-1336
-1310
-1261
-1202
-1111
-1001
-858
-719
-568
-419
-283
-112
37
160
269
382
471
517
547
557
566
557
527
490
456
392
352
287
235
171
55
-94
-241
-385
-539
-681
-813
-938
-1066
-1178
-1261
-1346
-1417
-1449
-1447
-1427
-1378
-1324
-1277
-1219
-1147
-1058
-946
-844
-749
-647
-552
-463
-361
-263
-166
-84
-2
66
133
199
260
323
368
404
410
418
435
428
444
447
440
408
370
328
275
226
164
77
-7
-112
-210
-276
-332
-383
-427
-450
-483
-502
-512
-518
-526
-497
-472
-471
-461
-432
-405
-357
-298
-255
-187
-112
-17
73
160
267
390
535
703
783
823
862
930
986
1012
1026
1003
958
876
800
723
642
564
469
392
294
201
115
25
-73
-151
-218
-304
-373
-429
-474
-537
-589
-641
-659
-685
-694
-679
-647
-589
-557
-454
-367
-295
-199
-104
4
114
197
284
337
393
405
406
405
381
352
302
250
200
149
70
-1
-60
-121
-186
-252
-309
-349
-385
-427
-445
-474
-486
-505
-533
-544
-551
-568
-576
-570
-564
-558
-545
-525
-486
-447
-396
-310
-225
-150
-86
-31
25
72
118
144
156
169
157
144
148
129
112
102
99
96
98
90
81
64
48
34
21
-6
-52
-116
-182
-260
-312
-373
-437
-500
-557
-596
-629
-652
-675
-716
-741
-726
-721
-719
-701
-679
-657
-618
-607
-566
-535
-474
-434
-382
-324
-280
-235
-213
-185
-148
-129
-118
-110
-96
-88
-95
-105
-145
-189
-252
-325
-404
-479
-574
-663
-760
-832
-916
-1005
-1094
-1168
-1245
-1302
-1328
-1357
-1384
-1359
-1323
-1282
-1226
-1154
-1084
-1011
-932
-833
-712
-588
-463
-376
-300
-198
-87
-4
51
106
144
201
245
288
314
323
319
297
271
247
229
209
185
134
88
46
-11
-64
-115
-174
-241
-290
-322
-366
-402
-446
-505
-537
-556
-570
-581
-576
-557
-545
-539
-523
-495
-458
-413
-371
-335
-283
-208
-156
-120
-68
14
82
151
214
251
291
328
341
331
323
322
312
301
292
272
223
172
85
-3
-87
-168
-255
-341
-413
-491
-565
-638
-710
-773
-826
-884
-926
-936
-949
-947
-935
-920
-914
-891
-867
-825
-778
-694
-611
-513
-416
-333
-239
-165
-95
-10
104
199
297
375
420
454
482
510
523
553
569
562
537
482
433
377
335
271
219
170
130
118
91
73
47
26
-1
-36
-83
-141
-186
-213
-233
-230
-214
-202
-192
-188
-169
-151
-100
-32
43
109
183
258
318
355
388
424
446
463
484
501
516
539
571
573
564
553
537
530
511
504
481
454
434
392
343
307
298
281
257
229
195
162
106
63
33
11
7
-16
-36
-50
-53
-38
-19
23
43
54
90
107
113
110
146
155
162
170
147
132
123
107
89
73
87
108
134
175
196
227
228
266
298
357
408
445
464
504
526
565
602
634
664
686
713
749
766
786
788
782
777
761
768
771
774
769
772
761
740
730
725
710
703
715
691
650
644
657
649
636
616
610
601
613
603
589
602
612
652
665
706
749
790
830
859
885
934
955
956
956
975
981
980
988
1026
1044
1039
1032
1015
1037
1040
1032
1026
995
970
950
935
911
913
907
897
878
855
836
823
804
795
787
782
788
790
805
798
810
816
818
798
783
757
759
764
764
755
770
795
833
878
894
918
927
922
903
909
917
944
974
1007
1044
1058
1059
1052
1028
1024
1013
1017
991
995
998
992
998
1014
1043
1054
1070
1073
1077
1112
1129
1175
1192
1191
1188
1191
1186
1187
1212
1250
1284
1315
1338
1342
1346
1348
1339
1366
1365
1365
1352
1317
1292
1293
1298
1287
1272
1262
1242
1223
1222
1202
1219
1206
1197
1188
1194
1207
1204
1221
1228
1235
1237
1245
1240
1224
1254
1290
1334
1366
1368
1367
1364
1340
1311
1269
1254
1243
1223
1211
1189
1182
1154
1135
1117
1096
1069
1070
1037
1016
998
968
930
880
860
844
843
834
822
806
813
828
859
868
893
913
941
982
1004
1021
1048
1062
1072
1088
1087
1093
1107
1120
1155
1184
1214
1239
1246
1255
1290
1302
1313
1305
1313
1294
1298
1307
1298
1303
1289
1286
1267
1255
1237
1205
1185
1163
1140
1111
1084
1046
1019
988
957
923
887
877
856
847
841
843
860
879
910
903
903
884
861
830
830
838
839
873
895
896
908
945
968
974
979
985
987
972
945
923
917
910
889
837
800
753
708
686
664
649
638
628
603
567
528
506
492
469
444
443
446
475
502
512
540
543
556
571
599
641
683
738
765
794
831
856
898
921
990
1030
1062
1085
1091
1090
1079
1072
1085
1095
1094
1076
1077
1081
1059
1040
1012
998
974
941
929
909
907
901
886
893
872
868
854
836
831
844
865
900
943
961
987
1050
1087
1128
1185
1220
1257
1298
1354
1392
1412
1446
1493
1520
1544
1570
1596
1603
1612
1612
1596
1578
1538
1524
1491
1478
1454
1424
1423
1408
1391
1356
1318
1257
1216
1197
1189
1172
1170
1166
1175
1194
1186
1191
1198
1241
1266
1289
1328
1364
1401
1429
1459
1470
1469
1503
1543
1602
1625
1644
1648
1624
1620
1620
1642
1632
1635
1642
1641
1643
1614
1587
1559
1567
1555
1518
1498
1451
1419
1405
1395
1402
1401
1396
1393
1374
1359
1348
1327
1319
1313
1325
1328
1302
1317
1325
1323
1330
1322
1304
1313
1326
1324
1331
1342
1335
1367
1406
1418
1432
1430
1451
1473
1494
1512
1516
1518
1511
1493
1485
1476
1461
1474
1523
1530
1501
1487
1452
1451
1447
1427
1410
1375
1360
1334
1329
1327
1295
1288
1286
1295
1281
1275
1265
1227
1220
1185
1158
1145
1144
1165
1168
1161
1165
1148
1140
1138
1161
1171
1185
1232
1253
1283
1275
1268
1264
1248
1262
1282
1279
1277
1257
1252
1266
1257
1259
1240
1234
1217
1210
1201
1176
1173
1158
1178
1180
1155
1127
1097
1081
1080
1063
1067
1058
1044
1031
1028
1037
1060
1077
1079
1082
1061
1064
1079
1073
1076
1047
1041
1037
1032
1015
1003
1017
1009
1007
1012
1014
1009
1034
1052
1085
1082
1069
1061
1055
1055
1038
1043
1049
1060
1064
1063
1045
1042
1058
1094
1107
1126
1139
1108
1085
1069
1062
1069
1062
1047
1049
1014
994
987
993
1007
999
987
978
972
956
930
931
935
935
942
938
949
934
945
964
964
982
980
986
970
965
983
984
999
1019
1031
1054
1044
1042
1066
1081
1086
1080
1082
1074
1072
1081
1060
1065
1072
1091
1112
1125
1138
1131
1127
1130
1137
1144
1159
1158
1127
1099
1090
1085
1077
1037
1004
995
1016
1039
1077
1093
1089
1108
1096
1070
1045
1049
1059
1074
1101
1103
1089
1055
1059
1093
1118
1116
1116
1119
1137
1151
1142
1136
1128
1112
1092
1073
1035
1009
1019
1043
1066
1061
1053
1063
1058
1073
1085
1075
1072
1057
1032
1031
1025
1000
996
987
970
923
898
887
873
888
884
884
872
865
857
858
839
792
766
737
722
715
694
671
667
655
620
591
597
609
607
605
602
624
634
635
639
652
658
678
696
709
723
699
687
661
639
649
665
676
667
650
645
634
615
578
549
544
543
538
549
562
553
560
543
528
517
490
493
494
509
529
522
531
524
510
489
489
495
508
529
510
492
495
464
435
431
440
464
501
507
507
518
513
536
554
564
572
569
571
576
581
597
625
620
600
582
559
520
488
458
456
443
429
409
377
358
340
316
297
316
309
307
301
296
307
345
377
379
375
359
335
316
303
294
268
261
283
287
292
272
282
302
318
333
349
365
363
370
377
356
350
347
349
338
310
305
296
309
324
317
329
321
343
375
355
343
308
300
301
303
316
307
311
334
363
395
397
398
424
445
468
462
447
448
453
437
465
459
460
467
454
464
463
464
454
464
480
456
438
428
409
418
402
394
383
386
402
409
411
400
419
410
409
403
384
359
342
320
302
299
278
273
260
266
273
277
269
266
299
304
293
302
317
343
352
333
316
307
307
295
295
312
317
335
358
372
381
412
428
443
465
480
502
508
523
545
549
542
514
476
447
417
405
416
423
434
436
428
397
392
400
406
396
368
365
390
386
380
396
407
402
414
426
436
460
455
458
441
441
438
406
399
374
373
385
349
322
282
245
235
207
216
211
225
260
271
268
258
270
279
292
283
267
259
223
182
176
163
151
121
92
73
62
58
17
9
14
29
23
21
13
-18
-33
-51
-56
-65
-91
-99
-127
-160
-197
-229
-226
-252
-222
-208
-206
-212
-223
-180
-155
-133
-153
-149
-124
-116
-104
-133
-158
-179
-198
-212
-245
-227
-207
-203
-190
-168
-176
-211
-227
-229
-232
-222
-236
-242
-260
-275
-296
-328
-334
-354
-362
-356
-345
-340
-334
-321
-300
-266
-245
-249
-240
-209
-187
-144
-125
-107
-81
-76
-90
-93
-84
-78
-47
-28
1
19
37
54
88
105
102
85
59
58
38
38
28
54
42
17
20
20
59
65
76
80
83
83
66
73
59
67
54
34
12
2
23
9
-5
-5
8
13
-7
2
14
20
23
9
14
26
16
-3
-22
-27
-32
-5
4
-6
-3
24
51
34
37
30
45
84
105
113
128
157
131
95
88
104
115
108
108
114
122
119
103
104
101
99
79
72
73
68
65
28
21
43
75
87
74
89
99
120
118
109
116
136
153
142
122
131
131
112
91
62
67
55
50
49
51
54
34
37
57
54
58
42
48
65
57
30
-25
-26
-31
-28
-29
-38
-46
-37
-20
-39
-52
-82
-75
-71
-86
-94
-134
-146
-146
-155
-164
-186
-188
-206
-224
-227
-218
-178
-177
-181
-186
-178
-170
-170
-146
-151
-191
-224
-244
-227
-203
-210
-221
-240
-232
-234
-261
-292
-327
-355
-359
-367
-356
-354
-360
-347
-351
-331
-315
-293
-274
-278
-281
-278
-266
-268
-274
-283
-285
-289
-292
-280
-258
-250
-235
-197
-185
-177
-199
-201
-199
-207
-208
-212
-195
-196
-202
-183
-163
-140
-138
-129
-107
-98
-58
-46
-5
17
33
38
21
42
49
44
33
25
29
29
40
41
51
76
96
140
140
149
132
132
116
73
61
39
50
38
31
25
27
62
74
52
43
60
78
74
60
96
115
126
136
111
115
109
94
95
72
68
53
47
41
22
53
70
99
103
122
166
178
188
174
153
150
131
143
136
142
166
169
179
170
180
179
194
201
205
235
252
258
257
280
277
252
236
220
229
240
248
257
255
287
315
320
322
325
347
346
353
329
302
297
282
265
259
261
250
258
260
250
262
269
297
326
350
380
365
366
351
331
351
356
373
373
368
365
365
382
390
401
382
377
385
390
372
350
352
329
319
309
296
291
257
228
179
150
158
151
164
148
134
120
102
85
66
56
46
30
8
-35
-47
-42
-48
-32
-12
21
45
69
61
52
32
24
0
-7
-8
-31
-38
-45
-59
-64
-52
-51
-54
-61
-47
-40
-46
-46
-74
-109
-128
-167
-191
-209
-213
-209
-217
-225
-230
-214
-192
-190
-207
-218
-197
-179
-149
-175
-193
-177
-168
-148
-159
-153
-126
-124
-114
-120
-114
-80
-69
-62
-101
-130
-154
-176
-179
-201
-214
-239
-250
-236
-239
-266
-299
-331
-344
-339
-311
-308
-304
-338
-364
-370
-379
-365
-378
-361
-358
-353
-337
-354
-351
-342
-326
-313
-328
-338
-339
-327
-318
-322
-337
-324
-316
-297
-291
-306
-312
-306
-305
-317
-342
-358
-385
-385
-385
-402
-407
-418
-412
-436
-457
-466
-484
-503
-511
-505
-501
-492
-486
-474
-460
-449
-448
-444
-438
-442
-435
-445
-460
-455
-414
-377
-358
-358
-354
-374
-395
-397
-395
-373
-379
-379
-388
-406
-421
-421
-414
-413
-409
-404
-387
-392
-399
-401
-427
-439
-453
-448
-427
-429
-427
-416
-412
-406
-426
-410
-400
-404
-415
-419
-408
-406
-373
-374
-391
-416
-418
-395
-378
-378
-370
-353
-317
-308
-327
-334
-336
-331
-358
-383
-413
-441
-446
-441
-459
-474
-466
-461
-432
-441
-458
-466
-476
-492
-531
-560
-588
-606
-629
-643
-640
-626
-597
-579
-587
-596
-605
-592
-578
-566
-552
-554
-539
-515
-505
-502
-523
-542
-550
-543
-543
-548
-532
-510
-507
-505
-504
-494
-479
-459
-457
-461
-462
-450
-460
-479
-482
-462
-430
-419
-422
-427
-442
-442
-452
-480
-506
-518
-513
-508
-506
-507
-496
-487
-474
-445
-433
-434
-425
-416
-403
-404
-417
-444
-438
-419
-432
-431
-414
-405
-373
-358
-348
-360
-373
-389
-417
-428
-453
-463
-477
-485
-484
-495
-504
-518
-531
-530
-541
-553
-549
-529
-515
-510
-500
-510
-525
-554
-583
-611
-618
-603
-583
-564
-532
-520
-530
-527
-502
-479
-455
-439
-438
-438
-470
-525
-575
-594
-598
-598
-593
-574
-552
-539
-534
-522
-503
-470
-468
-466
-464
-482
-483
-515
-541
-558
-565
-570
-588
-594
-593
-582
-548
-522
-516
-511
-506
-490
-484
-456
-415
-406
-402
-394
-370
-333
-304
-279
-271
-254
-254
-257
-270
-286
-289
-320
-360
-369
-371
-372
-374
-388
-381
-354
-341
-345
-325
-311
-302
-295
-315
-326
-343
-359
-394
-415
-414
-432
-439
-443
-413
-399
-401
-375
-374
-380
-374
-357
-353
-366
-380
-395
-405
-430
-444
-457
-448
-447
-455
-443
-433
-423
-434
-427
-434
-454
-464
-484
-528
-545
-561
-551
-539
-554
-548
-547
-539
-534
-511
-499
-482
-471
-480
-495
-529
-530
-528
-522
-496
-485
-485
-489
-491
-488
-473
-485
-494
-492
-495
-515
-526
-531
-547
-540
-533
-522
-529
-538
-534
-525
-518
-526
-533
-521
-527
-540
-545
-541
-556
-562
-567
-557
-544
-553
-557
-566
-529
-502
-487
-470
-442
-426
-416
-393
-392
-409
-429
-432
-453
-453
-439
-434
-435
-446
-478
-484
-487
-493
-491
-495
-495
-498
-490
-498
-515
-515
-514
-516
-494
-460
-424
-406
-405
-413
-425
-434
-432
-429
-437
-451
-455
-473
-486
-480
-462
-444
-428
-404
-411
-403
-417
-411
-410
-428
-454
-468
-466
-475
-482
-491
-478
-469
-468
-492
-499
-507
-527
-560
-580
-595
-607
-606
-616
-603
-603
-585
-574
-586
-586
-593
-601
-582
-580
-591
-589
-593
-590
-595
-580
-592
-596
-603
-615
-610
-620
-602
-584
-591
-597
-600
-633
-653
-654
-644
-651
-661
-665
-677
-681
-696
-702
-713
-723
-722
-715
-704
-701
-709
-716
-714
-699
-682
-649
-630
-622
-619
-624
-620
-640
-662
-671
-686
-690
-692
-693
-665
-637
-635
-619
-608
-612
-602
-608
-608
-613
-618
-631
-638
-642
-649
-666
-680
-670
-652
-629
-611
-585
-570
-589
-611
-623
-627
-622
-617
-611
-618
-629
-639
-646
-648
-646
-670
-702
-698
-682
-668
-661
-645
-640
-645
-654
-660
-662
-675
-693
-700
-709
-693
-679
-672
-681
-676
-673
-684
-691
-696
-713
-733
-741
-758
-776
-780
-774
-768
-747
-741
-740
-745
-736
-739
-770
-788
-815
-813
-801
-782
-756
-743
-732
-722
-728
-719
-699
-671
-650
-644
-641
-633
-611
-615
-625
-636
-668
-675
-683
-677
-665
-656
-654
-657
-663
-641
-626
-607
-598
-593
-566
-576
-611
-640
-652
-663
-670
-678
-677
-681
-688
-698
-712
-718
-716
-721
-724
-696
-678
-650
-633
-621
-610
-615
-638
-665
-687
-699
-700
-707
-715
-731
-703
-690
-686
-697
-696
-699
-705
-711
-686
-657
-661
-689
-723
-738
-764
-776
-788
-777
-769
-763
-767
-765
-771
-767
-758
-752
-753
-758
-773
-813
-841
-852
-859
-858
-859
-861
-861
-853
-836
-815
-786
-771
-761
-774
-817
-834
-857
-863
-856
-854
-838
-833
-823
-828
-826
-827
-808
-809
-822
-809
-821
-832
-833
-830
-815
-824
-833
-843
-860
-845
-837
-826
-821
-818
-803
-808
-818
-804
-782
-771
-751
-745
-749
-743
-739
-736
-745
-762
-748
-741
-735
-727
-719
-715
-716
-732
-732
-737
-739
-728
-740
-752
-761
-753
-734
-734
-745
-735
-734
-746
-743
-729
-707
-701
-677
-662
-659
-670
-669
-673
-691
-695
-704
-699
-701
-692
-676
-658
-661
-657
-646
-659
-676
-694
-703
-708
-706
-706
-715
-715
-725
-720
-704
-689
-694
-698
-693
-705
-708
-709
-699
-706
-735
-763
-775
-779
-770
-766
-751
-759
-776
-785
-782
-776
-768
-740
-727
-732
-738
-741
-743
-742
-740
-743
-738
-726
-726
-718
-709
-704
-719
-742
-748
-742
-730
-727
-713
-709
-706
-700
-710
-698
-690
-707
-749
-767
-752
-756
-758
-749
-744
-758
-757
-739
-727
-714
-705
-691
-691
-688
-675
-662
-677
-697
-708
-716
-728
-710
-683
-647
-624
-627
-627
-617
-627
-644
-654
-682
-682
-672
-668
-660
-652
-661
-675
-680
-676
-665
-648
-638
-612
-595
-591
-585
-593
-595
-614
-637
-653
-660
-654
-654
-639
-632
-620
-634
-617
-603
-582
-575
-571
-570
-594
-619
-669
-676
-672
-674
-668
-670
-658
-655
-651
-651
-649
-644
-658
-684
-677
-670
-680
-673
-654
-647
-665
-667
-679
-682
-678
-682
-663
-627
-613
-590
-578
-579
-576
-567
-563
-596
-601
-599
-615
-613
-609
-605
-574
-551
-549
-533
-538
-540
-546
-548
-535
-513
-503
-526
-544
-558
-531
-485
-449
-425
-407
-399
-406
-418
-452
-455
-454
-442
-433
-414
-376
-350
-363
-379
-371
-384
-389
-378
-380
-366
-370
-382
-396
-408
-407
-413
-414
-407
-404
-412
-409
-416
-438
-441
-431
-431
-446
-454
-447
-456
-451
-442
-453
-446
-458
-471
-469
-451
-444
-456
-449
-442
-440
-441
-463
-459
-464
-461
-454
-456
-453
-464
-461
-480
-493
-486
-500
-503
-486
-472
-482
-475
-500
-541
-554
-549
-523
-521
-513
-496
-486
-510
-531
-541
-553
-535
-518
-502
-487
-474
-488
-495
-510
-510
-518
-512
-508
-491
-464
-459
-455
-444
-428
-423
-423
-423
-419
-419
-392
-373
-351
-359
-375
-395
-391
-400
-412
-413
-437
-428
-416
-401
-402
-411
-420
-424
-428
-423
-402
-398
-363
-347
-344
-335
-348
-340
-325
-329
-348
-338
-307
-292
-291
-297
-301
-285
-274
-262
-251
-236
-228
-236
-260
-282
-287
-278
-268
-276
-271
-254
-241
-254
-262
-257
-260
-258
-249
-222
-223
-236
-253
-258
-265
-284
-292
-295
-275
-262
-273
-275
-271
-277
-281
-290
-271
-255
-257
-254
-265
-263
-273
-264
-248
-242
-258
-275
-297
-310
-323
-325
-327
-331
-332
-342
-346
-330
-316
-326
-346
-354
-362
-370
-370
-384
-398
-397
-398
-389
-386
-389
-401
-410
-419
-432
-420
-413
-400
-411
-416
-411
-402
-402
-399
-393
-398
-397
-408
-416
-431
-419
-421
-418
-415
-414
-408
-416
-411
-408
-416
-446
-448
-436
-424
-378
-363
-357
-362
-361
-350
-352
-355
-386
-403
-397
-376
-379
-384
-406
-424
-428
-419
-425
-416
-406
-408
-406
-417
-407
-409
-404
-406
-415
-446
-473
-481
-496
-506
-520
-534
-528
-505
-488
-493
-496
-494
-492
-483
-466
-459
-481
-506
-522
-505
-488
-484
-471
-453
-459
-462
-469
-501
-529
-532
-535
-545
-531
-538
-534
-510
-479
-455
-465
-467
-462
-441
-426
-419
-398
-399
-401
-395
-407
-388
-374
-383
-388
-390
-408
-417
-413
-403
-401
-404
-411
-405
-417
-436
-445
-455
-429
-429
-442
-458
-485
-489
-489
-479
-475
-470
-472
-479
-470
-461
-427
-405
-407
-406
-415
-402
-409
-414
-415
-426
-432
-440
-431
-441
-441
-443
-442
-432
-430
-434
-423
-411
-389
-377
-383
-397
-407
-422
-442
-463
-488
-507
-506
-512
-522
-525
-528
-525
-517
-500
-505
-499
-488
-489
-488
-501
-507
-502
-500
-500
-516
-539
-549
-563
-579
-592
-581
-554
-530
-516
-498
-481
-472
-466
-481
-500
-520
-534
-548
-566
-562
-547
-533
-530
-528
-532
-534
-548
-553
-537
-543
-541
-523
-513
-521
-541
-557
-557
-547
-549
-548
-522
-506
-519
-530
-551
-569
-595
-606
-605
-595
-603
-610
-625
-646
-665
-668
-655
-639
-615
-602
-588
-572
-546
-553
-563
-545
-569
-593
-593
-593
-570
-553
-548
-560
-568
-583
-581
-566
-547
-530
-537
-543
-574
-585
-599
-615
-609
-614
-616
-616
-623
-624
-619
-608
-610
-610
-608
-594
-577
-584
-595
-613
-606
-595
-600
-601
-589
-578
-578
-591
-608
-606
-586
-601
-608
-605
-619
-613
-616
-615
-632
-636
-623
-621
-620
-632
-638
-632
-624
-606
-592
-584
-585
-585
-581
-585
-563
-554
-541
-532
-540
-536
-562
-598
-616
-621
-601
-589
-585
-596
-583
-573
-575
-566
-583
-569
-576
-582
-590
-605
-607
-620
-625
-633
-646
-657
-661
-660
-659
-666
-676
-672
-682
-673
-672
-674
-666
-667
-647
-629
-632
-646
-637
-630
-632
-618
-616
-601
-584
-580
-597
-625
-627
-663
-690
-718
-729
-726
-697
-664
-657
-654
-664
-665
-669
-679
-692
-698
-699
-689
-683
-687
-690
-696
-706
-707
-699
-696
-687
-672
-656
-649
-636
-629
-621
-612
-592
-575
-550
-538
-534
-533
-533
-533
-532
-518
-514
-502
-493
-479
-478
-467
-446
-454
-438
-433
-455
-465
-466
-459
-462
-460
-451
-463
-471
-471
-477
-475
-457
-437
-427
-436
-458
-463
-452
-445
-426
-411
-397
-382
-368
-360
-346
-355
-368
-363
-377
-395
-406
-409
-425
-431
-441
-446
-447
-440
-440
-434
-421
-395
-380
-394
-407
-427
-439
-450
-447
-459
-476
-452
-432
-436
-424
-421
-412
-407
-407
-422
-432
-429
-426
-420
-421
-418
-416
-412
-411
-409
-399
-393
-380
-390
-414
-436
-440
-443
-424
-400
-398
-406
-432
-429
-428
-420
-416
-432
-416
-406
-400
-378
-362
-363
-370
-381
-397
-380
-359
-347
-333
-343
-337
-306
-295
-283
-271
-259
-233
-203
-191
-207
-199
-176
-159
-141
-121
-108
-110
-124
-126
-116
-110
-104
-100
-112
-122
-132
-138
-131
-110
-104
-88
-76
-55
-55
-65
-93
-119
-113
-107
-100
-97
-67
-57
-68
-67
-64
-69
-54
-60
-55
-48
-36
-37
-39
-48
-56
-48
-53
-77
-83
-60
-51
-51
-56
-41
-73
-93
-123
-138
-104
-68
-58
-64
-73
-78
-80
-93
-91
-83
-77
-79
-71
-70
-58
-68
-77
-77
-61
-56
-58
-43
-21
-27
-21
-12
-27
-40
-43
-29
-14
3
18
22
15
7
6
5
10
18
12
30
39
48
49
72
81
94
84
82
88
80
113
114
106
83
84
116
117
116
115
105
96
74
46
49
58
64
76
85
79
69
63
54
55
69
82
86
81
67
53
32
32
29
13
12
-4
-6
-9
-4
8
14
18
2
12
8
3
16
22
23
37
62
68
60
57
75
77
77
90
91
93
95
81
61
50
45
37
49
52
52
60
60
67
62
46
41
59
67
59
40
25
25
27
17
25
61
68
54
39
40
26
33
51
66
90
119
120
102
85
74
73
73
85
111
146
170
170
161
151
141
146
153
151
160
183
193
196
181
166
155
148
142
131
144
152
153
138
124
112
106
98
111
128
132
159
181
188
163
149
129
119
129
153
175
197
225
232
226
201
203
234
246
242
252
271
272
260
235
222
226
236
242
253
265
279
298
308
320
325
311
296
284
273
260
257
280
313
326
326
328
333
334
304
271
246
238
233
238
233
228
219
223
226
219
227
227
234
237
236
237
246
274
286
300
289
271
254
243
251
249
233
237
246
251
260
253
238
214
199
198
203
222
215
202
218
243
251
255
249
236
245
243
257
263
283
284
262
240
226
229
208
188
169
158
151
154
184
201
223
244
259
271
247
204
187
194
189
194
177
150
136
112
97
97
84
96
116
120
119
119
128
153
180
179
175
179
189
201
203
208
203
206
202
214
205
196
205
211
212
215
221
217
214
197
179
165
150
149
149
135
146
152
159
159
153
162
168
169
153
162
173
180
180
194
195
182
180
188
176
161
153
119
99
86
91
93
116
118
101
89
87
105
111
98
96
98
96
92
113
128
137
132
107
89
65
65
57
72
99
101
102
76
52
44
50
53
46
45
57
55
41
52
54
41
33
31
38
42
45
66
85
102
111
105
109
111
102
109
118
124
136
139
141
131
113
104
98
94
61
54
71
95
120
127
121
101
99
92
89
94
105
112
122
127
126
130
152
167
169
187
185
182
185
172
177
172
185
197
185
160
143
156
163
162
160
153
136
103
80
74
71
91
124
123
115
111
88
72
81
92
96
114
113
105
97
63
43
45
46
52
65
68
86
98
92
90
87
102
88
94
107
118
107
87
70
49
31
-1
-28
-47
-59
-76
-60
-48
-28
-23
-38
-51
-49
-46
-57
-66
-58
-44
-66
-102
-95
-95
-96
-84
-87
-87
-78
-66
-55
-56
-50
-45
-56
-47
-41
-43
-41
-27
-12
6
20
16
-1
-23
-21
-30
-26
-13
-2
4
8
14
18
9
2
-4
-32
-30
-19
-15
-2
2
18
37
57
74
68
80
87
94
97
94
114
122
152
181
180
167
154
148
138
134
126
148
167
167
163
146
166
178
182
185
207
219
213
203
182
183
182
190
195
199
204
216
206
207
214
215
217
222
217
215
203
182
168
154
148
140
145
144
162
168
184
190
176
170
155
139
121
107
98
106
123
128
134
156
140
135
133
132
146
161
180
187
197
201
211
203
188
179
193
199
215
234
247
245
257
256
229
232
231
244
251
257
248
242
240
228
232
228
247
262
258
260
263
281
294
285
291
283
276
250
231
229
249
275
277
278
264
257
255
246
242
238
246
245
240
231
215
209
202
209
214
223
245
258
273
280
279
272
256
243
246
248
240
255
267
268
283
282
258
242
231
232
244
248
246
230
208
200
180
161
170
149
141
131
139
142
117
113
99
119
124
136
127
103
89
78
85
69
78
82
79
74
58
49
44
38
49
65
53
39
48
44
49
65
60
83
100
96
104
103
97
99
96
79
70
54
63
79
76
71
55
53
78
93
101
87
63
43
24
14
1
0
19
37
42
39
27
37
53
67
77
93
100
91
79
88
71
56
67
62
45
41
40
39
42
32
18
1
-11
-22
-14
-10
-4
-11
-29
-53
-59
-53
-55
-67
-67
-71
-81
-72
-65
-45
-43
-54
-71
-77
-80
-90
-92
-93
-86
-90
-80
-90
-91
-93
-90
-83
-98
-83
-52
-50
-67
-86
-103
-89
-73
-73
-72
-68
-57
-51
-57
-67
-78
-68
-75
-87
-84
-92
-117
-124
-135
-138
-145
-145
-137
-135
-134
-151
-163
-172
-167
-156
-142
-121
-103
-84
-99
-100
-91
-80
-73
-83
-99
-103
-114
-124
-114
-119
-117
-130
-144
-139
-115
-101
-81
-74
-69
-76
-77
-48
-40
-43
-51
-54
-59
-32
-16
5
31
51
74
94
102
98
101
83
91
86
120
137
143
155
166
177
161
165
173
169
192
210
225
248
247
260
262
259
258
265
281
289
316
332
334
354
377
400
417
431
438
453
461
480
494
511
530
547
594
593
601
613
654
670
676
682
670
674
682
707
701
706
723
743
765
790
814
835
848
837
840
841
843
854
865
860
863
868
894
918
927
945
951
955
969
985
996
1000
1009
1004
1001
1004
1007
1002
1009
1034
1031
1029
1021
1028
1030
1022
1024
1013
1019
1028
1031
1035
1035
1029
1011
1011
998
974
968
961
957
951
951
952
927
916
908
897
889
880
857
831
818
802
798
783
762
734
712
700
685
684
671
674
657
640
649
673
682
679
673
658
651
623
614
629
642
659
666
668
652
624
585
575
572
576
567
562
564
558
572
560
550
535
532
522
520
520
515
513
519
534
563
605
636
653
660
658
660
693
719
733
755
759
774
778
784
809
841
863
876
892
917
940
936
946
942
949
969
982
995
1020
1032
1051
1067
1089
1109
1121
1127
1133
1140
1143
1149
1164
1171
1166
1158
1148
1150
1157
1177
1209
1234
1250
1261
1258
1254
1242
1234
1218
1224
1220
1216
1201
1188
1163
1158
1149
1125
1125
1122
1117
1125
1142
1168
1158
1146
1144
1149
1147
1150
1153
1127
1123
1127
1127
1105
1108
1090
1076
1050
1036
1034
1046
1044
1022
1000
963
949
925
902
883
869
846
837
835
842
846
839
834
823
807
802
794
797
816
826
813
799
801
797
790
795
790
775
767
761
754
720
694
671
675
696
704
687
673
665
642
638
611
589
597
604
606
600
587
592
582
568
558
544
537
538
537
524
522
522
533
538
526
517
499
501
508
504
496
486
453
457
455
435
441
430
434
421
407
408
406
391
398
402
424
440
430
432
428
436
417
411
409
401
408
399
415
423
445
449
465
477
467
459
444
439
432
429
421
418
426
447
454
477
494
496
498
498
489
468
463
454
438
439
448
468
480
492
505
509
505
499
504
514
517
500
506
509
511
531
559
587
594
603
600
601
610
603
618
624
621
637
648
650
635
638
620
592
586
568
577
582
590
591
587
576
573
582
578
559
549
539
559
567
558
555
539
577
611
628
616
619
634
628
657
685
704
712
697
701
704
723
741
737
727
729
725
713
697
693
703
714
715
700
687
688
704
718
732
722
721
713
698
686
670
658
651
642
640
616
615
624
623
631
636
654
648
653
655
661
666
676
662
670
679
682
697
703
697
679
669
649
637
613
627
638
627
617
578
552
555
548
540
527
521
524
508
516
507
509
506
497
502
504
521
518
507
499
498
516
521
530
528
535
545
542
535
523
522
534
541
549
539
511
517
510
518
526
548
562
560
567
561
580
586
602
616
603
603
604
596
590
610
616
615
612
596
594
593
596
616
628
654
662
665
675
654
632
617
622
620
643
650
640
648
643
643
642
650
647
644
652
650
658
661
659
661
661
664
664
676
685
685
693
673
654
641
620
600
607
612
599
585
574
573
580
581
580
586
574
569
576
575
566
572
571
582
595
595
597
571
559
567
573
570
558
548
537
522
501
505
515
536
521
516
516
536
538
521
482
448
450
438
447
460
476
465
453
437
453
449
435
415
419
428
431
443
451
456
471
478
462
441
425
412
384
362
340
336
338
328
316
312
308
318
326
332
325
296
272
247
213
187
191
214
225
233
223
231
240
225
213
223
224
223
229
222
208
189
170
153
152
138
127
119
135
129
126
118
97
112
117
127
114
122
123
111
89
87
106
103
105
116
121
125
129
130
122
111
89
61
52
29
-6
-17
3
-9
-20
-2
1
6
13
9
7
6
-2
0
-14
-35
-27
-28
-19
-14
-3
12
-1
-1
-7
-17
-37
-48
-39
-29
-35
-30
-28
-20
-25
-49
-63
-73
-70
-83
-95
-70
-59
-55
-73
-87
-100
-96
-81
-97
-93
-80
-65
-63
-71
-56
-40
-47
-42
-24
-25
-23
-40
-29
-15
-5
-20
-46
-40
-56
-38
-51
-57
-73
-75
-59
-39
-1
-1
7
12
19
38
51
83
106
106
122
109
93
112
124
128
141
156
164
184
199
203
223
244
241
235
226
213
200
184
176
179
180
170
187
195
204
215
214
214
194
185
188
180
169
158
160
169
194
218
226
251
270
249
237
223
232
232
220
202
195
188
184
189
172
183
208
226
208
234
255
264
257
251
276
275
271
251
247
233
244
257
271
281
265
258
239
242
239
226
221
201
183
153
132
125
110
90
84
96
103
121
131
134
136
136
128
118
111
99
88
89
91
103
110
82
69
51
26
14
5
21
28
18
25
33
48
57
65
65
74
87
78
70
60
77
70
64
66
76
74
69
80
80
66
68
43
38
23
5
0
-17
-7
4
18
0
7
-6
-16
-19
-21
-23
-32
-15
-20
-34
-54
-61
-63
-41
-18
-9
1
-13
-11
-15
-7
-13
-20
-6
13
6
-2
27
44
54
74
91
113
122
102
81
61
65
65
80
94
121
127
127
149
164
188
216
227
218
199
203
191
187
193
207
225
219
213
219
228
263
286
291
324
359
398
419
417
403
393
396
419
435
448
462
441
453
441
435
450
456
456
458
462
481
511
533
553
529
551
563
560
567
551
532
530
533
525
527
507
507
503
504
517
538
535
521
512
500
500
496
496
499
499
500
503
522
529
513
510
508
501
499
484
457
465
456
450
483
492
491
512
512
494
476
475
493
513
519
528
541
548
555
551
539
549
551
524
499
504
532
540
541
522
502
471
444
434
421
421
428
432
418
403
403
420
435
431
453
486
486
498
523
520
503
508
519
536
531
536
557
572
584
609
647
649
649
661
660
661
652
671
674
657
665
649
631
625
657
662
646
632
623
641
655
655
643
642
612
606
612
611
609
609
601
609
606
601
619
623
655
664
651
651
648
665
681
695
693
676
671
669
660
650
642
623
627
641
639
638
639
632
627
620
594
580
561
551
561
558
553
542
543
534
537
518
485
483
475
466
472
482
472
465
472
464
458
456
439
397
382
387
377
369
341
325
319
308
302
292
283
288
306
300
296
286
276
287
298
303
287
282
276
276
284
268
259
256
252
254
244
230
224
228
231
247
251
256
228
214
210
208
215
218
219
216
220
220
241
257
260
261
255
244
248
255
272
288
297
300
284
257
222
202
213
227
242
259
277
294
283
277
283
296
315
322
303
271
246
228
225
243
268
269
267
289
292
281
285
286
287
272
260
251
238
234
232
236
248
265
270
273
295
281
274
277
269
268
269
265
262
265
269
245
264
280
280
273
260
267
280
285
282
286
266
251
238
224
198
193
193
189
169
163
167
152
156
152
