226
225
233
230
225
227
220
215
211
220
241
249
238
238
217
199
192
189
195
187
172
151
149
142
156
168
160
145
145
139
142
149
147
149
170
190
195
194
188
165
155
171
180
179
170
169
171
176
186
174
185
173
182
197
195
204
205
219
227
217
203
180
139
122
128
142
153
160
153
141
133
132
121
115
113
112
113
123
116
105
96
75
78
85
80
83
92
110
104
104
102
98
103
94
104
97
101
83
51
36
39
58
57
55
57
52
67
74
67
50
51
57
66
72
61
47
34
38
37
31
11
-1
0
8
11
18
15
10
9
3
4
-7
-26
-12
17
29
54
40
32
32
14
13
6
18
31
25
21
9
-7
-10
-25
-28
-31
-36
-39
-41
-35
-38
-40
-48
-54
-63
-61
-59
-52
-52
-49
-51
-67
-65
-60
-56
-61
-65
-86
-88
-72
-55
-51
-63
-83
-92
-82
-96
-96
-77
-67
-56
-54
-67
-73
-83
-89
-89
-86
-90
-96
-95
-98
-103
-110
-134
-147
-151
-145
-128
-120
-126
-133
-136
-153
-155
-168
-167
-159
-144
-137
-142
-137
-127
-129
-130
-117
-109
-111
-121
-129
-122
-127
-127
-116
-119
-125
-137
-120
-122
-135
-132
-126
-141
-153
-148
-160
-173
-173
-177
-193
-199
-200
-204
-207
-199
-212
-217
-205
-200
-208
-200
-184
-184
-184
-183
-191
-196
-181
-174
-165
-152
-132
-124
-129
-112
-119
-142
-144
-143
-138
-127
-128
-133
-132
-131
-132
-145
-172
-178
-190
-191
-173
-159
-151
-163
-188
-202
-192
-187
-170
-164
-161
-158
-165
-149
-148
-155
-168
-187
-207
-221
-225
-235
-236
-248
-247
-253
-240
-223
-225
-221
-214
-233
-229
-224
-209
-194
-184
-176
-166
-149
-153
-167
-179
-162
-148
-129
-111
-128
-149
-140
-124
-92
-77
-100
-114
-114
-104
-85
-70
-55
-57
-66
-57
-53
-39
-34
-44
-62
-68
-49
-4
7
6
-6
-29
-27
-43
-43
-57
-70
-73
-61
-57
-58
-56
-68
-62
-72
-76
-68
-50
-40
-35
-45
-52
-47
-47
-53
-59
-69
-87
-79
-62
-62
-55
-45
-53
-46
-52
-67
-84
-95
-88
-98
-98
-89
-77
-75
-77
-73
-87
-88
-101
-120
-128
-122
-112
-98
-88
-84
-75
-81
-85
-90
-102
-99
-100
-85
-72
-59
-40
-30
-32
-17
-1
3
9
12
13
17
34
45
55
56
64
66
63
54
57
62
63
81
78
71
77
94
112
118
107
95
81
72
79
74
83
90
95
96
100
99
87
73
92
102
110
111
107
116
114
115
110
113
119
119
127
135
152
173
184
197
196
188
191
195
202
208
193
177
165
147
137
133
144
138
128
123
119
123
110
99
88
78
80
87
85
92
101
105
102
102
112
116
111
109
120
132
147
158
164
159
153
157
165
170
185
168
158
153
151
153
142
140
132
117
104
96
112
115
118
112
108
114
107
102
90
91
88
87
92
87
77
72
64
55
31
20
8
4
-8
-14
-25
-14
6
4
8
10
4
5
6
3
-5
-14
-18
-13
-10
-16
-21
-23
-26
-31
-23
-15
-29
-59
-89
-113
-112
-113
-118
-122
-133
-144
-156
-162
-186
-206
-201
-194
-195
-191
-188
-192
-192
-187
-180
-179
-163
-160
-161
-164
-179
-182
-192
-197
-192
-192
-188
-195
-207
-194
-188
-174
-174
-199
-209
-224
-227
-215
-207
-207
-223
-233
-239
-216
-191
-177
-179
-179
-185
-192
-173
-166
-157
-168
-180
-193
-205
-218
-240
-250
-266
-284
-297
-314
-331
-322
-321
-313
-316
-322
-325
-318
-307
-290
-281
-269
-272
-290
-296
-297
-310
-306
-290
-280
-285
-299
-316
-309
-298
-285
-290
-308
-320
-340
-327
-318
-299
-289
-299
-302
-308
-289
-265
-263
-256
-262
-268
-269
-268
-263
-279
-279
-277
-279
-262
-266
-270
-279
-295
-301
-303
-313
-325
-334
-342
-341
-322
-330
-318
-317
-316
-305
-320
-316
-295
-278
-291
-308
-313
-305
-297
-283
-266
-267
-260
-252
-243
-250
-260
-272
-290
-291
-280
-289
-301
-300
-299
-309
-304
-324
-348
-368
-389
-376
-355
-324
-305
-311
-328
-340
-354
-354
-361
-353
-353
-340
-316
-298
-304
-307
-305
-320
-311
-301
-273
-259
-264
-252
-257
-253
-252
-253
-239
-234
-227
-230
-226
-228
-244
-253
-267
-279
-270
-264
-254
-243
-241
-252
-257
-267
-282
-280
-277
-261
-259
-272
-276
-305
-312
-320
-306
-300
-303
-292
-271
-261
-250
-244
-250
-250
-264
-264
-257
-214
-182
-167
-166
-173
-168
-173
-166
-159
-156
-139
-154
-160
-148
-136
-131
-136
-149
-164
-176
-183
-169
-162
-166
-166
-158
-165
-168
-178
-180
-171
-157
-156
-151
-151
-153
-143
-125
-121
-133
-146
-146
-138
-120
-95
-107
-113
-116
-125
-125
-122
-124
-130
-114
-124
-131
-140
-154
-155
-148
-137
-128
-125
-123
-118
-118
-102
-98
-106
-117
-133
-138
-132
-142
-148
-159
-157
-139
-149
-153
-153
-147
-140
-133
-125
-115
-113
-111
-99
-100
-105
-110
-110
-82
-61
-55
-55
-56
-54
-41
-29
-16
-8
2
9
-2
10
-3
-10
-9
-14
-36
-39
-32
-34
-36
-35
-38
-30
-35
-37
-34
-50
-42
-45
-55
-46
-43
-44
-36
-17
5
13
15
39
41
42
45
43
49
52
72
70
71
62
57
68
68
75
66
52
44
52
67
74
80
61
42
20
5
35
57
68
61
66
55
64
94
104
116
110
114
113
110
112
108
103
115
120
112
116
114
108
120
123
118
114
117
133
143
153
153
149
140
139
126
123
129
144
152
138
122
109
96
107
122
116
103
90
71
67
80
84
95
82
80
94
111
121
110
86
72
66
88
110
113
117
101
92
90
93
76
56
48
32
30
22
5
-6
-27
-44
-43
-50
-66
-42
-28
-28
-22
-18
0
24
41
42
30
17
20
37
48
44
23
19
14
16
0
-10
-22
-36
-27
-22
-29
-33
-29
-27
-22
-28
-35
-38
-46
-52
-62
-75
-58
-42
-48
-41
-47
-48
-62
-92
-93
-78
-63
-47
-39
-55
-58
-56
-50
-57
-64
-68
-83
-90
-90
-87
-79
-76
-80
-74
-87
-89
-98
-97
-89
-85
-73
-60
-67
-89
-82
-77
-70
-64
-79
-87
-94
-92
-102
-98
-100
-105
-98
-108
-131
-137
-136
-145
-131
-144
-145
-131
-142
-132
-130
-121
-113
-88
-79
-82
-56
-45
-35
-34
-35
-47
-54
-42
-54
-47
-57
-64
-79
-104
-114
-112
-114
-118
-128
-140
-137
-158
-177
-188
-192
-194
-191
-196
-200
-203
-202
-205
-202
-203
-203
-202
-203
-203
-202
-204
-194
-177
-181
-179
-188
-187
-187
-200
-195
-193
-192
-195
-199
-203
-197
-194
-187
-192
-190
-202
-209
-202
-196
-202
-204
-195
-194
-200
-211
-212
-206
-215
-223
-218
-191
-195
-201
-212
-224
-221
-222
-204
-189
-184
-173
-169
-166
-164
-160
-148
-146
-151
-142
-131
-140
-154
-157
-155
-157
-169
-163
-163
-169
-182
-192
-201
-210
-229
-251
-252
-261
-256
-248
-255
-263
-269
-265
-259
-256
-257
-255
-255
-242
-244
-250
-253
-261
-256
-227
-213
-204
-196
-194
-192
-208
-220
-235
-237
-227
-216
-226
-241
-251
-246
-213
-193
-193
-195
-209
-212
-196
-170
-154
-164
-163
-173
-171
-160
-149
-142
-151
-175
-179
-179
-167
-131
-135
-135
-140
-145
-141
-137
-135
-151
-149
-148
-165
-181
-198
-209
-207
-209
-200
-198
-215
-228
-218
-185
-152
-129
-119
-125
-129
-145
-152
-152
-151
-140
-127
-132
-155
-169
-169
-159
-160
-181
-189
-198
-204
-204
-195
-176
-168
-160
-161
-155
-146
-138
-138
-142
-154
-145
-140
-137
-136
-144
-134
-135
-148
-154
-158
-159
-162
-169
-171
-188
-200
-202
-199
-198
-195
-206
-203
-195
-205
-215
-217
-213
-198
-173
-164
-166
-175
-186
-195
-200
-198
-214
-211
-209
-211
-228
-241
-249
-273
-278
-279
-268
-262
-267
-256
-256
-266
-268
-287
-317
-335
-343
-329
-308
-292
-286
-299
-290
-293
-295
-306
-316
-314
-311
-293
-294
-289
-290
-290
-283
-281
-272
-275
-273
-273
-274
-282
-285
-300
-305
-305
-300
-298
-289
-287
-291
-300
-310
-301
-291
-273
-264
-266
-270
-266
-266
-268
-270
-265
-257
-261
-255
-258
-275
-276
-290
-285
-293
-306
-317
-329
-336
-339
-335
-342
-353
-363
-355
-357
-363
-357
-348
-335
-326
-321
-319
-321
-335
-351
-354
-359
-359
-361
-366
-372
-371
-375
-377
-378
-394
-408
-416
-433
-442
-440
-447
-454
-456
-474
-476
-463
-460
-446
-433
-443
-435
-439
-435
-418
-410
-416
-424
-441
-447
-447
-452
-469
-478
-470
-464
-457
-452
-458
-454
-446
-444
-446
-450
-451
-466
-471
-468
-463
-453
-452
-455
-454
-455
-460
-468
-479
-478
-463
-461
-464
-460
-454
-474
-482
-483
-486
-484
-476
-474
-459
-455
-459
-451
-445
-444
-442
-443
-435
-429
-409
-407
-414
-408
-408
-408
-417
-420
-411
-415
-424
-418
-432
-441
-429
-428
-431
-435
-432
-425
-437
-429
-437
-454
-471
-480
-467
-459
-462
-470
-473
-458
-429
-429
-426
-422
-415
-391
-374
-366
-361
-346
-342
-351
-350
-361
-363
-364
-373
-356
-348
-349
-360
-367
-366
-362
-356
-364
-370
-397
-388
-374
-365
-355
-370
-387
-413
-414
-384
-388
-388
-384
-409
-420
-421
-422
-420
-417
-406
-397
-401
-405
-410
-404
-395
-404
-404
-408
-406
-406
-390
-383
-397
-408
-412
-395
-383
-362
-352
-343
-342
-333
-339
-347
-351
-346
-332
-327
-341
-355
-360
-361
-355
-343
-349
-363
-366
-369
-356
-340
-333
-334
-349
-357
-342
-325
-332
-347
-355
-360
-339
-322
-295
-285
-296
-307
-321
-318
-323
-320
-321
-337
-355
-360
-360
-371
-362
-370
-381
-393
-385
-380
-362
-346
-338
-328
-322
-307
-296
-281
-285
-276
-268
-276
-267
-254
-241
-243
-248
-237
-246
-266
-276
-276
-270
-255
-234
-238
-239
-253
-251
-248
-249
-253
-272
-273
-280
-269
-233
-213
-214
-207
-194
-177
-175
-180
-187
-195
-189
-181
-177
-168
-159
-155
-135
-125
-120
-126
-132
-133
-142
-131
-117
-107
-104
-94
-88
-87
-78
-97
-112
-119
-121
-123
-124
-117
-114
-91
-79
-90
-107
-110
-106
-107
-101
-113
-109
-97
-114
-107
-113
-116
-120
-136
-128
-119
-104
-85
-62
-50
-61
-67
-68
-64
-49
-15
1
9
5
26
46
55
62
57
70
73
80
84
94
89
94
91
101
104
114
124
133
131
136
147
142
145
150
155
169
166
175
207
215
230
242
252
253
258
273
288
292
284
292
289
304
325
319
314
312
331
333
342
335
321
337
328
327
325
330
337
328
321
297
290
296
295
303
307
313
305
296
292
299
305
315
313
306
295
272
263
266
269
278
314
329
327
341
339
333
325
318
329
338
361
374
383
391
386
385
392
418
409
412
403
391
406
410
412
396
380
356
350
351
349
331
310
310
302
308
312
307
281
269
275
287
300
304
299
289
297
304
312
332
350
363
367
381
382
366
367
367
384
384
385
390
406
437
453
459
438
414
410
425
446
456
454
429
399
390
396
421
432
429
418
417
404
399
412
420
416
408
396
388
387
375
377
374
359
347
344
327
323
319
328
322
303
300
299
320
326
345
349
352
353
355
337
338
349
347
354
326
313
302
298
305
310
306
299
285
273
285
306
310
322
336
315
310
325
327
329
312
303
309
327
331
332
330
317
310
305
308
297
287
276
274
267
255
245
236
235
237
240
229
233
227
238
250
237
247
244
249
260
264
262
248
241
249
255
247
239
239
260
257
240
216
207
199
208
216
211
189
170
161
156
135
113
95
73
66
67
91
112
108
106
104
100
78
70
54
46
56
56
56
57
42
41
25
7
1
3
2
0
-5
-21
-24
-27
-33
-28
-19
-23
-23
-40
-52
-54
-53
-52
-58
-60
-59
-38
-23
-16
-26
-15
-18
-37
-35
-47
-35
-24
-20
-30
-40
-66
-86
-89
-102
-99
-90
-93
-77
-60
-63
-66
-84
-80
-82
-79
-77
-72
-51
-50
-43
-52
-55
-57
-61
-60
-46
-33
-38
-31
-30
-30
-30
-36
-38
-33
-24
-22
-21
-10
-7
9
19
15
10
15
21
22
29
39
46
72
74
82
87
90
93
87
101
112
119
124
132
122
117
116
103
104
111
117
122
133
132
131
125
125
132
148
157
153
159
158
168
162
159
140
144
157
148
150
149
146
136
134
129
125
119
125
132
140
141
140
132
138
143
149
149
156
165
159
171
170
167
165
170
181
175
168
171
161
162
161
153
154
153
140
122
123
121
125
122
104
104
112
117
127
130
129
135
159
175
189
186
199
209
221
245
251
267
292
302
309
327
337
333
339
347
345
350
352
337
328
336
358
369
362
335
319
333
341
366
369
352
325
312
318
320
355
380
376
370
369
375
389
388
385
380
369
376
380
386
374
366
369
369
356
345
346
359
361
361
351
335
335
337
368
380
392
408
392
386
393
389
402
415
424
424
411
411
417
414
409
421
412
388
362
342
335
352
373
379
359
356
377
394
401
372
348
345
371
387
386
385
368
362
368
362
351
343
343
348
340
333
325
317
317
310
312
318
321
329
334
337
341
327
316
329
340
338
320
312
305
299
296
297
293
281
280
294
292
284
277
256
253
260
270
263
258
260
272
275
264
256
248
242
242
260
263
265
275
267
267
259
254
240
212
200
220
242
257
259
255
246
236
244
258
267
274
278
278
291
289
292
300
299
312
316
325
329
326
329
336
327
335
341
349
348
350
357
357
352
342
335
331
333
331
332
338
342
337
339
333
321
327
336
350
363
364
374
381
384
387
397
390
386
404
408
428
449
449
439
425
411
410
424
448
452
440
429
426
426
422
433
417
409
409
416
404
390
389
400
413
409
411
411
431
442
442
439
445
462
479
494
482
470
471
461
453
470
482
479
468
457
460
458
458
454
456
454
449
437
430
426
425
439
440
439
435
418
417
419
432
427
430
440
432
432
434
428
416
409
413
415
407
401
393
398
399
416
426
430
450
452
455
457
454
457
453
460
460
453
435
416
416
423
429
425
423
424
423
423
421
413
400
390
373
369
378
375
371
374
355
352
357
347
355
344
347
357
378
387
384
387
385
403
426
433
434
450
458
464
463
448
415
424
448
466
479
470
474
483
496
498
484
450
415
395
396
409
423
430
411
395
376
368
386
401
415
420
401
388
379
379
379
366
351
334
328
337
327
334
331
322
329
314
294
289
301
303
302
286
274
291
299
315
322
322
326
335
328
317
303
300
317
319
306
271
260
259
268
283
276
244
209
191
192
208
224
226
228
213
220
218
215
213
211
226
237
237
229
211
179
160
147
144
149
133
116
116
110
126
118
103
79
86
77
81
89
84
89
89
101
103
107
119
142
160
180
172
157
139
138
152
159
157
163
172
171
156
155
145
146
147
149
147
128
128
110
106
102
89
71
65
70
92
121
140
149
159
167
161
159
157
170
164
175
197
211
225
229
211
213
214
216
227
240
253
242
234
230
226
230
243
241
242
226
209
187
172
179
160
153
148
142
141
145
145
122
112
93
87
96
108
120
113
113
112
115
109
95
80
76
59
52
46
48
51
48
40
38
38
34
31
34
48
61
86
94
82
74
65
71
73
79
81
84
81
64
50
44
48
57
44
38
40
44
39
8
0
-13
-11
-14
-19
-23
-17
-7
7
12
17
30
35
49
55
41
38
39
28
26
18
39
45
63
78
65
62
45
40
52
60
54
73
70
76
91
93
98
83
72
73
67
54
58
59
57
60
55
35
46
60
53
48
36
41
39
39
41
46
56
68
64
61
71
82
96
86
90
120
138
143
146
128
129
134
142
148
134
118
121
125
129
135
129
123
111
112
103
100
91
77
79
80
77
81
65
41
26
34
51
62
68
53
46
49
60
73
79
78
95
104
105
104
102
100
102
106
98
106
108
108
113
114
128
112
82
57
64
80
98
104
84
57
36
45
63
86
83
65
67
58
72
73
81
76
71
79
80
79
72
68
57
53
51
46
31
31
59
64
74
58
29
35
52
73
85
86
100
102
87
75
57
42
26
31
24
11
-13
-25
-29
-13
-4
-18
-28
-44
-37
-14
3
7
11
1
14
31
37
36
35
28
40
61
78
99
92
80
93
100
101
107
102
101
86
77
81
66
63
50
52
37
42
49
50
77
84
77
78
89
114
133
150
151
142
142
135
142
151
151
146
140
140
123
110
92
78
76
92
118
138
144
134
135
140
144
141
121
109
103
120
128
111
111
105
110
103
101
97
85
79
70
68
72
72
81
75
71
70
72
68
63
69
67
66
59
63
64
71
93
81
89
88
75
72
67
79
89
102
107
127
151
160
152
136
134
159
173
176
170
169
177
186
171
151
138
132
130
139
148
143
155
154
162
166
162
163
162
166
182
213
231
231
232
224
212
196
200
227
238
233
215
213
214
219
227
222
224
216
215
211
195
186
167
149
141
148
154
168
189
215
224
229
227
231
225
212
207
212
199
202
225
211
224
228
238
236
223
206
197
205
186
174
178
173
176
172
177
193
191
197
188
196
210
204
192
191
193
186
191
190
172
160
165
188
197
191
172
186
209
215
230
236
236
236
247
247
256
263
248
241
258
267
264
272
263
255
258
265
248
231
225
215
178
154
144
133
137
116
112
111
91
94
82
70
69
63
61
71
71
75
58
45
49
51
77
62
40
36
51
71
87
88
112
118
129
142
130
151
161
171
166
167
169
187
216
234
228
206
194
176
172
187
208
219
209
179
176
193
226
245
249
259
252
252
255
262
270
274
272
248
242
231
213
232
244
248
245
215
192
186
201
224
227
225
218
217
248
267
286
312
318
311
312
310
287
262
290
307
293
273
271
278
288
297
294
295
275
275
297
322
333
324
302
307
331
357
375
369
355
365
364
392
436
426
425
423
398
400
409
401
395
397
384
367
360
361
355
367
357
324
345
330
341
359
338
337
350
350
348
352
329
331
330
322
314
306
299
297
292
280
272
267
249
224
210
200
191
197
191
169
155
141
138
129
113
92
61
48
65
68
60
49
51
70
55
34
40
33
37
79
93
79
63
50
58
58
60
69
69
74
77
76
79
80
61
63
71
63
44
29
23
5
4
-5
-9
-21
-33
-39
-42
-40
-27
-29
-43
-56
-71
-81
-77
-72
-83
-103
-112
-109
-140
-178
-196
-203
-201
-198
-180
-174
-186
-189
-171
-180
-194
-177
-162
-135
-115
-113
-129
-158
-180
-188
-195
-166
-150
-157
-168
-195
-221
-218
-209
-212
-208
-211
-227
-234
-244
-278
-275
-272
-291
-290
-296
-288
-278
-280
-268
-272
-264
-264
-259
-247
-251
-256
-275
-295
-310
-312
-306
-289
-288
-292
-296
-282
-279
-291
-292
-290
-277
-285
-282
-268
-281
-307
-308
-294
-312
-319
-326
-324
-313
-327
-346
-350
-344
-346
-366
-367
-361
-361
-372
-401
-423
-438
-429
-408
-401
-395
-400
-406
-406
-415
-411
-388
-372
-376
-361
-349
-356
-354
-346
-352
-344
-329
-326
-322
-336
-354
-347
-349
-341
-352
-350
-361
-359
-372
-389
-385
-403
-398
-424
-439
-424
-421
-431
-456
-461
-443
-427
-416
-415
-427
-432
-436
-434
-423
-423
-407
-389
-382
-409
-422
-420
-409
-400
-387
-386
-400
-414
-419
-398
-376
-392
-428
-449
-446
-424
-386
-357
-348
-354
-381
-391
-383
-353
-327
-335
-345
-344
-334
-317
-304
-305
-315
-331
-333
-311
-295
-294
-301
-313
-339
-333
-363
-378
-363
-344
-318
-320
-324
-344
-329
-321
-320
-296
-273
-257
-260
-273
-280
-307
-308
-293
-285
-288
-308
-322
-311
-300
-301
-313
-331
-357
-356
-328
-312
-305
-296
-301
-305
-302
-295
-298
-284
-282
-295
-301
-286
-242
-242
-253
-255
-245
-238
-239
-257
-280
-274
-279
-277
-272
-271
-291
-283
-284
-280
-278
-286
-268
-243
-223
-225
-227
-242
-220
-209
-209
-224
-236
-227
-198
-195
-201
-195
-208
-198
-200
-189
-194
-194
-199
-202
-198
-182
-178
-171
-171
-181
-166
-186
-204
-209
-218
-209
-180
-167
-155
-152
-147
-148
-151
-169
-184
-188
-180
-142
-116
-134
-149
-167
-177
-180
-181
-183
-172
-152
-158
-159
-158
-142
-130
-125
-135
-132
-126
-123
-131
-137
-153
-158
-145
-138
-136
-135
-120
-107
-97
-118
-140
-136
-134
-141
-125
-110
-105
-103
-128
-132
-130
-127
-112
-108
-106
-89
-83
-76
-48
-19
-15
4
-2
-13
-13
-1
19
20
33
52
29
6
33
34
45
62
77
78
67
62
76
62
69
75
51
55
52
67
74
64
68
92
105
104
114
117
118
139
138
148
156
169
178
184
182
161
163
171
178
168
171
175
184
185
190
191
173
159
162
175
165
167
161
164
182
185
174
173
188
194
197
188
182
198
201
198
208
210
219
213
190
191
201
194
183
188
208
229
250
265
276
281
291
294
314
331
341
352
358
355
358
368
366
347
342
346
350
357
366
366
377
391
390
365
355
341
333
343
344
352
342
321
329
352
351
329
311
318
324
324
318
319
330
332
339
367
382
382
395
403
388
389
381
361
326
339
363
377
377
366
382
399
422
428
427
408
400
407
415
432
425
369
356
329
324
358
382
399
397
389
376
392
403
397
390
381
377
353
366
364
370
360
363
342
313
295
281
321
307
302
297
295
311
347
362
381
397
382
374
377
370
375
375
374
383
370
375
383
380
396
403
404
386
357
347
343
350
373
394
403
412
431
430
425
404
384
398
427
457
468
468
467
465
451
442
443
439
466
484
479
475
465
452
449
451
448
441
445
457
473
493
484
461
478
504
501
507
520
528
526
536
527
530
534
532
539
538
531
511
506
483
482
516
515
533
531
525
547
546
529
512
506
509
520
526
524
539
550
544
532
527
538
528
526
526
531
543
564
554
549
527
526
541
556
548
551
553
552
566
558
542
543
555
545
550
538
548
547
521
531
529
514
515
515
516
541
550
547
541
522
510
510
529
537
548
534
532
535
525
523
523
526
536
570
581
561
561
579
579
575
562
554
555
562
578
590
595
590
584
585
596
601
622
632
622
607
595
593
576
572
576
583
561
555
569
569
568
556
550
545
559
566
556
563
580
590
600
603
627
631
644
638
634
631
623
627
625
649
646
634
637
657
652
644
644
633
635
648
654
643
624
588
583
580
583
590
605
622
611
595
591
600
580
597
605
603
612
632
632
629
631
627
632
627
635
646
655
670
673
675
686
702
712
712
719
723
713
707
700
696
691
695
716
706
697
702
702
705
704
699
695
683
681
655
648
651
621
616
598
581
573
563
567
568
558
560
564
577
582
561
547
546
556
577
605
613
624
648
670
678
675
658
644
655
649
662
657
651
676
683
714
685
653
637
624
653
681
671
667
664
650
650
687
724
704
705
696
665
683
709
720
731
716
694
691
692
678
665
660
668
688
683
672
658
654
685
689
695
684
670
665
664
677
697
722
720
716
696
704
719
716
732
760
753
739
719
729
744
746
745
733
733
706
720
744
760
767
766
758
755
757
762
764
763
784
797
805
812
795
806
779
779
764
757
746
716
732
720
698
684
679
667
673
667
663
658
665
661
658
664
653
653
670
677
678
665
643
655
667
684
677
668
656
636
641
634
628
610
611
606
590
603
607
609
605
594
614
616
604
590
589
581
594
631
648
653
650
646
650
643
629
633
596
599
629
635
640
652
659
663
663
662
683
673
675
665
666
648
630
623
608
636
642
644
632
643
641
628
644
653
679
682
695
718
730
739
743
729
728
722
737
747
746
776
785
772
758
750
767
775
774
781
778
794
802
804
809
817
806
808
801
807
823
850
864
851
849
831
822
823
839
844
836
833
835
813
801
792
793
782
785
778
784
793
776
772
751
759
762
761
777
777
772
769
789
811
817
811
814
821
808
798
792
803
804
793
785
778
781
783
780
778
768
756
750
747
745
725
702
693
692
677
675
685
677
677
674
682
679
684
681
668
671
676
695
689
683
677
668
645
639
639
655
667
686
690
674
660
646
640
636
648
656
654
647
648
641
637
640
633
626
626
605
611
632
634
637
621
618
613
603
611
597
596
601
601
592
578
573
568
573
586
593
589
603
612
637
639
613
612
576
575
602
604
600
605
596
599
601
594
570
566
576
589
593
576
571
557
550
555
522
503
499
491
506
520
531
522
491
482
486
489
514
531
538
515
503
503
497
498
504
502
507
507
511
503
498
504
506
519
508
498
494
513
517
522
528
519
519
529
551
560
569
560
570
571
551
564
566
589
601
589
555
539
542
557
552
539
513
482
478
464
480
501
513
505
477
483
505
519
515
502
475
466
493
523
530
519
503
482
486
504
477
451
451
429
419
428
422
414
406
395
375
375
382
402
426
403
400
398
400
425
445
445
450
447
442
434
427
437
414
413
411
425
411
411
409
414
419
411
420
427
422
418
441
435
432
434
437
438
471
495
507
511
490
489
490
496
495
482
473
471
484
505
497
494
506
505
535
541
531
537
510
510
508
497
483
492
501
503
499
482
474
452
462
458
445
449
450
457
466
452
455
450
433
412
403
401
409
418
431
427
427
433
435
424
413
424
444
451
465
478
490
503
515
507
510
526
538
551
553
567
584
582
566
553
551
544
563
562
568
545
525
518
512
516
487
477
465
462
456
451
436
423
407
408
389
377
366
363
360
353
349
360
360
389
402
398
432
436
417
407
427
427
425
427
425
428
422
414
395
387
375
380
393
395
406
408
420
411
429
426
422
445
466
487
480
463
462
454
459
458
466
488
505
522
521
528
519
529
534
541
562
587
608
618
621
628
646
672
700
704
712
725
714
704
699
693
691
694
689
678
657
666
676
695
698
673
664
647
608
588
589
584
574
560
549
533
541
560
565
577
577
573
597
605
608
620
642
659
685
696
707
703
707
714
696
697
703
695
697
690
671
666
669
702
717
707
678
666
674
693
730
763
770
744
728
722
713
709
743
761
768
765
772
774
798
795
800
795
801
804
800
800
779
780
775
768
744
719
718
718
734
748
730
741
750
787
819
820
831
842
837
840
833
810
796
789
793
769
765
758
729
727
721
732
727
712
690
692
717
734
747
744
731
723
733
740
744
746
737
741
751
770
780
784
777
788
791
784
780
766
770
788
788
771
755
720
729
737
734
728
728
724
729
751
726
736
737
743
754
767
767
757
754
746
760
764
752
749
745
758
750
746
731
700
695
695
701
713
723
719
702
702
684
660
630
616
615
622
654
660
650
629
630
617
610
606
595
592
614
630
625
640
651
656
651
648
661
656
645
649
657
664
668
663
667
675
674
705
717
717
711
710
691
700
712
722
721
717
724
729
713
710
713
700
711
708
730
743
757
757
739
725
714
689
690
678
675
686
679
684
674
672
684
681
691
701
709
722
725
755
757
755
754
744
752
763
780
769
753
750
743
741
745
739
728
708
711
699
698
698
705
704
689
690
674
679
664
650
659
680
688
703
712
721
722
722
731
731
736
742
747
742
743
735
743
746
746
736
716
717
739
736
710
685
699
692
686
695
665
671
684
688
682
669
654
648
653
662
655
646
652
642
643
654
658
655
647
657
653
652
658
664
641
627
616
621
623
637
642
640
642
640
656
648
646
650
678
700
691
679
672
670
674
669
666
655
646
639
650
658
662
661
678
675
662
666
670
673
663
664
659
669
693
705
718
704
720
748
751
777
796
791
803
802
793
784
781
783
802
808
787
781
793
816
824
807
790
758
746
766
801
822
828
817
795
788
805
829
848
857
871
854
838
859
855
873
872
862
853
840
827
824
818
795
791
774
761
760
755
752
744
745
736
753
777
791
814
828
821
813
804
786
775
758
776
783
791
788
773
764
755
759
760
750
726
715
717
721
729
710
710
713
700
729
737
743
723
695
694
731
783
802
809
780
772
779
792
816
809
795
798
782
788
790
786
781
775
774
777
786
796
808
803
791
795
789
806
822
821
837
841
840
839
852
855
855
856
857
869
869
861
839
835
834
826
835
830
831
835
833
823
809
797
802
793
796
801
801
794
806
808
817
820
797
773
759
777
787
803
810
812
805
810
807
819
819
811
818
810
823
837
816
822
829
818
835
845
842
831
836
814
811
801
787
785
778
788
793
781
773
754
750
759
769
778
788
812
820
816
811
797
791
806
811
817
816
808
809
806
800
809
795
790
796
794
798
808
821
840
830
820
808
818
834
824
824
824
808
802
793
781
789
791
783
786
797
792
777
771
778
790
796
792
784
784
793
785
784
776
786
815
827
827
834
821
821
802
795
815
823
811
782
779
777
796
795
778
775
774
796
808
786
780
775
766
770
761
749
753
754
748
744
743
729
717
719
713
705
700
711
709
684
683
670
678
678
676
691
713
712
723
733
735
756
743
760
777
772
774
773
764
759
755
765
758
747
762
750
751
760
756
750
751
731
709
682
669
669
654
634
601
588
592
591
576
550
533
542
562
582
570
560
553
565
583
589
593
599
609
603
606
590
577
563
555
559
563
546
538
543
561
588
590
563
545
549
578
615
618
594
569
545
541
551
575
598
582
568
570
577
593
602
601
602
604
597
596
590
585
574
564
537
524
508
489
494
502
510
508
510
486
476
494
502
510
517
526
523
518
508
479
486
495
513
500
462
444
442
466
491
489
470
454
439
435
436
451
466
470
464
451
440
448
462
474
458
471
500
510
514
495
490
499
508
512
495
497
509
520
524
504
481
461
471
482
491
502
502
500
514
519
533
542
560
577
589
604
594
589
586
597
605
600
602
608
613
627
624
615
597
580
582
598
606
613
622
627
630
624
612
601
591
576
583
616
636
614
596
591
580
557
551
558
539
532
531
546
552
546
549
543
533
543
540
542
542
559
565
551
550
536
534
530
536
547
533
514
498
493
486
491
496
482
489
498
522
522
527
524
512
498
501
493
494
516
524
529
519
498
476
472
453
448
470
482
488
482
469
462
462
469
485
494
516
540
556
574
578
576
586
597
606
612
586
587
577
576
573
556
547
559
555
538
532
537
546
546
557
566
565
556
555
563
573
566
572
573
580
583
601
614
610
607
618
637
649
646
628
628
625
631
634
635
634
649
653
648
654
652
642
622
627
625
612
598
610
620
612
621
608
601
610
625
635
626
621
636
636
642
626
623
633
633
639
649
659
660
660
653
643
645
638
638
638
637
645
658
655
623
612
604
594
578
588
607
612
613
606
591
582
581
586
576
570
554
543
537
534
532
524
535
523
524
543
543
533
531
533
543
566
570
565
556
553
554
568
580
591
583
581
586
576
571
567
575
586
592
586
582
580
586
616
637
630
602
569
574
599
622
642
632
624
598
603
639
670
692
699
709
699
720
738
755
771
770
769
753
748
728
738
743
731
724
703
715
724
753
770
754
738
719
726
730
746
756
765
776
776
789
779
780
811
823
816
797
786
786
803
814
803
782
754
738
734
754
780
791
773
782
810
824
847
849
835
824
834
870
899
902
879
865
853
853
857
869
863
844
841
831
849
857
859
849
826
803
795
802
822
849
856
855
851
858
874
896
910
894
881
861
859
868
865
873
867
857
846
838
836
830
838
843
855
856
858
862
858
847
841
834
815
804
782
773
774
786
774
762
759
750
747
740
747
738
742
748
755
752
734
718
706
706
716
719
701
684
669
668
660
642
638
647
654
648
649
637
625
621
615
610
605
606
597
593
604
595
586
573
554
556
552
546
545
567
568
540
536
517
519
509
490
481
463
459
461
461
460
441
424
411
406
412
399
398
425
444
446
445
427
428
421
423
427
419
408
404
391
378
369
361
356
348
347
349
355
345
342
333
322
326
336
331
339
354
361
365
359
364
373
397
393
383
374
380
382
388
412
414
412
403
410
399
398
399
397
376
378
367
364
361
354
354
353
374
384
382
375
367
367
367
362
355
344
343
343
344
343
350
345
332
343
344
361
386
389
396
410
424
417
408
394
385
380
373
376
375
385
379
371
364
368
395
425
430
426
422
409
394
397
382
376
359
347
340
330
322
315
306
300
309
305
309
310
304
294
309
309
344
357
354
352
346
373
382
417
435
434
428
425
422
397
387
376
380
389
392
374
372
380
384
398
391
368
357
369
403
430
433
414
395
381
385
428
442
442
443
427
421
432
445
450
472
465
441
421
413
399
404
397
389
391
381
374
368
383
378
378
378
369
378
397
417
426
431
441
439
449
435
425
436
452
475
476
450
430
420
445
455
438
416
395
373
369
392
407
422
424
430
439
447
462
472
454
445
458
465
478
476
459
447
441
438
437
429
406
388
375
374
365
350
341
331
337
327
314
311
306
312
311
308
308
304
317
322
321
313
300
300
295
305
309
300
284
292
304
314
311
304
293
304
318
330
333
331
324
311
327
323
306
282
266
279
299
316
314
306
293
266
274
279
281
272
274
295
308
325
321
327
326
321
333
339
343
339
321
321
339
340
345
343
338
333
347
361
370
372
358
343
338
340
324
309
312
315
314
301
293
296
301
307
324
326
339
348
348
351
347
331
336
343
348
349
337
325
312
305
305
311
321
325
330
343
352
351
339
314
303
301
306
312
326
345
346
337
328
329
323
322
325
313
316
310
305
303
298
300
304
298
291
287
280
289
289
295
306
293
274
284
286
283
278
260
266
266
270
267
250
233
228
225
214
205
196
191
182
179
171
167
156
149
144
144
141
140
134
147
154
158
161
151
148
144
149
139
138
134
137
147
147
144
132
141
156
178
180
173
178
184
171
161
163
156
162
157
158
161
160
172
165
148
132
147
156
145
136
126
123
123
131
134
124
130
136
119
117
109
91
94
90
85
85
100
113
111
95
91
95
105
106
84
92
103
112
110
103
109
108
107
114
101
75
68
69
94
85
60
43
36
35
32
24
1
-24
-33
-19
0
12
4
-23
-45
-61
-55
-37
-19
-14
-28
-55
-64
-58
-48
-43
-61
-77
-85
-96
-107
-112
-111
-114
-142
-165
-178
-196
-204
-206
-204
-210
-223
-219
-216
-201
-196
-193
-200
-206
-206
-222
-221
-206
-190
-193
-219
-238
-268
-285
-272
-265
-269
-287
-324
-354
-365
-351
-343
-335
-334
-344
-323
-316
-315
-319
-339
-335
-326
-302
-276
-258
-255
-273
-293
-279
-271
-282
-290
-322
-321
-325
-335
-337
-341
-345
-362
-375
-363
-353
-329
-310
-315
-333
-345
-338
-318
-301
-294
-288
-299
-301
-297
-302
-301
-299
-284
-273
-278
-284
-300
-312
-311
-310
-301
-296
-301
-295
-292
-293
-296
-307
-321
-346
-360
-342
-334
-323
-317
-319
-334
-344
-355
-384
-401
-406
-398
-379
-366
-367
-367
-375
-381
-382
-380
-362
-373
-374
-363
-365
-369
-372
-352
-346
-329
-327
-324
-322
-327
-325
-329
-319
-315
-297
-276
-274
-270
-265
-263
-277
-284
-290
-280
-273
-272
-267
-279
-278
-295
-310
-316
-317
-312
-314
-323
-294
-291
-281
-271
-266
-263
-257
-237
-223
-210
-205
-184
-173
-155
-160
-161
-172
-172
-146
-131
-118
-127
-141
-147
-160
-146
-131
-130
-126
-127
-127
-115
-129
-129
-123
-119
-124
-121
-108
-94
-89
-106
-101
-109
-99
-68
-32
-28
-46
-72
-79
-75
-53
-69
-68
-70
-72
-66
-77
-103
-118
-106
-107
-77
-59
-62
-55
-73
-41
-41
-15
15
57
41
-19
-47
-67
-4
14
49
-9
-54
-118
-117
-67
-26
-36
-85
-134
-134
-142
-143
-129
-115
-66
-96
-88
-138
-135
-154
-136
-87
-81
-66
-115
-104
-105
-89
-74
-73
-63
-74
-98
-100
-116
-125
-126
-120
-78
-81
-93
-160
-229
-233
-178
-119
-132
-204
-271
-339
-343
-307
-209
-171
-194
-278
-352
-322
-281
-193
-175
-158
-173
-204
-249
-272
-224
-185
-169
-191
-212
-245
-264
-293
-255
-221
-172
-217
-275
-334
-357
-307
-271
-208
-228
-255
-330
-353
-308
-245
-224
-231
-231
-236
-250
-259
-260
-244
-221
-237
-239
-248
-275
-296
-328
-331
-323
-315
-347
-357
-349
-374
-384
-423
-412
-374
-331
-299
-310
-336
-316
-285
-247
-220
-218
-269
-284
-258
-195
-160
-192
-232
-244
-212
-169
-177
-206
-247
-260
-226
-212
-192
-194
-216
-243
-231
-236
-196
-178
-149
-158
-169
-184
-195
-135
-106
-76
-112
-140
-151
-143
-79
-43
-36
-62
-124
-150
-165
-139
-144
-150
-155
-176
-194
-227
-217
-227
-214
-211
-194
-191
-191
-196
-204
-196
-161
-155
-151
-161
-133
-142
-161
-126
-119
-54
-82
-69
-115
-114
-67
-41
33
-10
10
-74
-114
-133
-151
-100
-98
-75
-120
-147
-160
-170
-155
-136
-139
-139
-159
-160
-163
-161
-126
-120
-32
-32
-43
-69
-55
2
41
104
95
77
45
42
59
110
114
97
41
14
-17
1
-8
-21
-26
-87
-93
-140
-159
-189
-214
-223
-264
-270
-299
-329
-324
-298
-237
-234
-245
-282
-284
-245
-247
-225
-235
-213
-193
-187
-226
-288
-297
-298
-239
-237
-268
-346
-406
-401
-379
-357
-387
-411
-421
-411
-374
-368
-394
-411
-392
-312
-220
-155
-154
-189
-192
-144
-72
-41
-48
-116
-137
-147
-141
-156
-220
-285
-337
-342
-357
-374
-461
-526
-582
-599
-584
-578
-577
-599
-574
-501
-442
-395
-372
-304
-212
-117
-31
11
78
108
167
207
233
227
180
195
205
188
124
1
-97
-144
-149
-177
-267
-368
-481
-545
-547
-545
-544
-597
-622
-642
-618
-597
-567
-525
-487
-456
-423
-414
-398
-407
-398
-374
-356
-346
-389
-403
-425
-434
-438
-442
-469
-510
-566
-606
-609
-572
-550
-547
-586
-590
-584
-545
-456
-335
-247
-219
-235
-247
-217
-149
-76
-46
-60
-162
-260
-290
-287
-252
-264
-313
-404
-494
-554
-615
-650
-656
-621
-632
-661
-717
-770
-739
-637
-489
-374
-320
-300
-253
-177
-67
49
157
230
264
271
269
271
254
243
251
287
261
190
83
-9
-76
-134
-182
-240
-309
-406
-514
-574
-588
-556
-577
-618
-631
-626
-599
-576
-504
-443
-410
-402
-379
-330
-251
-237
-260
-288
-294
-243
-210
-167
-187
-237
-325
-333
-276
-219
-200
-236
-269
-321
-329
-305
-227
-118
-43
-20
-62
-96
-97
-23
83
140
134
8
-168
-233
-200
-125
-91
-150
-260
-427
-528
-583
-554
-514
-528
-584
-654
-667
-649
-620
-566
-463
-340
-274
-263
-221
-130
-26
58
172
257
294
270
221
225
282
301
274
162
60
1
-53
-67
-160
-263
-403
-485
-525
-582
-660
-741
-762
-764
-759
-771
-804
-810
-781
-724
-697
-713
-700
-694
-651
-613
-576
-574
-659
-719
-718
-637
-542
-544
-615
-715
-729
-726
-651
-572
-515
-524
-606
-661
-664
-601
-520
-397
-307
-329
-413
-506
-531
-406
-256
-155
-231
-422
-596
-645
-571
-496
-516
-661
-792
-873
-924
-938
-958
-931
-953
-951
-909
-910
-891
-891
-807
-706
-604
-540
-509
-413
-320
-219
-169
-137
-98
-56
25
65
87
63
-3
-39
-80
-88
-125
-200
-328
-479
-540
-610
-658
-718
-756
-785
-880
-944
-1046
-1030
-992
-942
-884
-901
-904
-932
-899
-868
-785
-734
-735
-764
-811
-827
-847
-853
-842
-847
-841
-853
-886
-924
-1010
-1041
-1018
-927
-871
-842
-844
-927
-985
-981
-879
-709
-557
-509
-606
-724
-753
-673
-541
-432
-385
-442
-600
-764
-832
-767
-708
-718
-830
-969
-1055
-1163
-1182
-1169
-1104
-1065
-1133
-1173
-1157
-1067
-1026
-972
-866
-699
-564
-545
-513
-461
-340
-190
-96
-41
-38
-42
-57
-52
-20
-21
-64
-129
-173
-244
-338
-448
-546
-573
-602
-653
-763
-877
-933
-977
-980
-992
-982
-1007
-1042
-1025
-993
-928
-916
-914
-883
-848
-780
-803
-805
-832
-851
-839
-854
-834
-905
-960
-1015
-978
-932
-981
-1074
-1195
-1180
-1077
-964
-897
-923
-964
-1023
-994
-855
-680
-513
-495
-532
-593
-547
-455
-388
-279
-239
-245
-365
-474
-539
-589
-566
-543
-525
-643
-818
-1032
-1166
-1122
-985
-861
-940
-1123
-1263
-1278
-1120
-900
-721
-650
-647
-632
-605
-493
-346
-160
-38
25
34
16
25
55
125
134
123
32
-87
-196
-264
-291
-321
-416
-542
-675
-785
-858
-921
-967
-1001
-979
-986
-1007
-1038
-1008
-941
-867
-861
-859
-831
-783
-715
-668
-659
-696
-766
-803
-796
-783
-848
-973
-1102
-1178
-1146
-1112
-1127
-1255
-1345
-1436
-1411
-1371
-1235
-1095
-1065
-1131
-1219
-1198
-1037
-802
-548
-408
-433
-546
-643
-545
-362
-107
-43
-123
-343
-514
-528
-531
-519
-580
-654
-774
-922
-1071
-1221
-1290
-1260
-1170
-1133
-1231
-1326
-1401
-1320
-1096
-813
-653
-630
-644
-620
-492
-275
-97
60
120
133
130
117
186
223
283
218
136
1
-134
-187
-227
-256
-357
-491
-590
-697
-724
-751
-757
-797
-858
-847
-883
-821
-794
-695
-673
-632
-598
-567
-494
-435
-385
-425
-432
-458
-477
-519
-559
-582
-623
-712
-842
-1008
-1092
-1128
-1069
-1070
-1082
-1163
-1255
-1255
-1134
-882
-751
-732
-798
-791
-616
-359
-67
85
96
42
26
158
329
454
457
376
257
148
65
-14
-112
-214
-317
-430
-599
-788
-936
-1018
-1012
-956
-953
-973
-997
-946
-856
-705
-502
-309
-159
-54
45
133
280
471
685
829
886
861
804
803
887
1002
981
828
623
484
425
357
297
194
54
-61
-204
-279
-341
-369
-384
-383
-365
-385
-418
-413
-331
-155
-39
16
-46
-71
-23
47
145
156
141
52
-42
-104
-110
-97
-156
-285
-468
-651
-738
-759
-724
-740
-767
-845
-963
-1015
-918
-653
-427
-389
-446
-508
-403
-190
122
365
443
390
313
402
534
675
679
610
527
394
294
169
81
-52
-198
-355
-488
-576
-698
-808
-901
-992
-1004
-991
-922
-835
-760
-668
-551
-369
-221
-74
55
215
408
572
705
787
851
954
1047
1093
1089
1040
970
903
846
767
629
433
293
183
76
-67
-237
-340
-382
-369
-424
-524
-613
-652
-590
-515
-405
-345
-330
-304
-253
-139
-20
31
23
-4
9
17
-9
-62
-187
-245
-374
-418
-551
-626
-773
-930
-1017
-1104
-1147
-1227
-1236
-1263
-1264
-1257
-1195
-1022
-819
-715
-675
-655
-464
-300
-56
112
243
266
255
372
506
649
614
524
378
249
193
81
-71
-257
-426
-563
-689
-786
-948
-1167
-1323
-1319
-1215
-1149
-1135
-1175
-1166
-1057
-772
-507
-323
-210
-96
78
238
440
613
764
893
968
978
899
890
848
806
727
615
452
234
77
-66
-200
-363
-512
-669
-779
-843
-863
-934
-968
-968
-927
-883
-803
-686
-609
-559
-481
-368
-197
-100
-26
-56
-109
-133
-150
-174
-254
-347
-490
-625
-709
-830
-954
-1147
-1332
-1448
-1559
-1529
-1555
-1539
-1612
-1620
-1577
-1467
-1256
-1077
-922
-819
-704
-564
-367
-129
77
214
247
276
367
467
551
534
482
381
248
69
-126
-250
-368
-514
-697
-859
-1050
-1273
-1445
-1481
-1424
-1395
-1437
-1453
-1421
-1296
-1113
-869
-596
-422
-307
-184
19
250
436
579
720
839
900
904
906
873
893
842
755
609
444
287
152
36
-81
-241
-421
-607
-680
-711
-739
-782
-861
-883
-931
-867
-821
-674
-537
-443
-419
-418
-397
-276
-184
-42
-46
-78
-242
-377
-388
-401
-339
-491
-628
-843
-1009
-1133
-1253
-1254
-1275
-1294
-1298
-1332
-1259
-1285
-1232
-1077
-826
-586
-572
-523
-475
-226
29
240
403
365
342
336
471
606
594
543
345
223
62
-38
-170
-379
-536
-685
-812
-985
-1141
-1241
-1295
-1255
-1204
-1147
-1117
-1084
-975
-874
-655
-414
-161
-2
113
249
388
583
795
949
1033
1041
1052
1032
989
963
917
883
775
663
443
240
90
-12
-102
-213
-357
-548
-697
-774
-746
-725
-729
-803
-806
-788
-677
-605
-545
-491
-438
-425
-403
-416
-395
-467
-516
-508
-509
-495
-666
-807
-1015
-1080
-1160
-1252
-1334
-1407
-1402
-1457
-1495
-1435
-1287
-1057
-956
-962
-1019
-975
-700
-421
-94
-53
-101
-215
-165
88
343
518
413
234
69
-27
-82
-178
-144
-112
-212
-517
-927
-1130
-1197
-1091
-1075
-1134
-1284
-1441
-1443
-1332
-1125
-941
-818
-676
-491
-237
-52
71
232
411
641
773
897
966
1069
1159
1202
1203
1112
1064
1009
957
874
757
606
403
244
132
7
-88
-218
-269
-411
-511
-586
-573
-509
-521
-517
-542
-477
-386
-360
-292
-267
-193
-152
-147
-93
-137
-139
-236
-254
-269
-306
-392
-555
-663
-729
-831
-922
-1034
-1014
-1067
-1100
-1117
-996
-709
-421
-346
-607
-852
-610
26
536
680
565
370
145
292
793
1256
1253
956
693
599
577
545
451
436
509
435
29
-526
-723
-595
-387
-356
-514
-785
-1037
-952
-639
-333
-241
-265
-227
-30
303
588
682
715
867
1076
1176
1279
1411
1520
1539
1525
1505
1444
1382
1342
1348
1306
1181
965
754
593
509
398
336
256
207
13
-166
-262
-175
-56
-65
-98
-159
-90
-8
93
174
237
287
271
276
282
256
225
194
250
262
133
-71
-313
-345
-383
-416
-553
-709
-731
-767
-687
-669
-585
-451
-291
-151
-222
-221
-37
311
631
729
796
676
633
781
1123
1463
1416
1271
1083
1063
1107
1067
970
822
842
819
628
329
80
26
10
16
-66
-174
-222
-188
-62
14
118
192
314
566
868
1082
1095
1094
1236
1501
1761
1896
1966
1966
1935
1932
1945
1981
1943
1908
1805
1730
1607
1438
1302
1201
1150
1028
882
795
708
602
468
445
514
547
524
385
385
459
610
664
643
623
621
658
677
675
674
559
476
397
370
308
114
-20
-148
-213
-350
-497
-534
-587
-553
-620
-544
-320
-58
53
-171
-291
-151
286
686
892
955
787
650
781
1212
1670
1747
1594
1305
1193
1210
1178
1132
1001
1006
947
801
513
174
11
-101
-72
-101
-126
-158
-255
-279
-261
-90
75
215
458
705
932
952
977
1110
1372
1635
1793
1917
1997
2027
1995
1960
2002
1993
1963
1867
1810
1721
1518
1281
1081
1042
1015
911
748
566
425
289
220
241
292
337
240
147
83
140
246
327
386
360
331
295
289
351
341
289
154
67
17
-76
-211
-354
-451
-491
-619
-730
-864
-812
-723
-523
-169
81
-120
-631
-666
48
829
1080
876
643
443
428
896
1574
1952
1687
1289
1010
1007
1103
1161
1135
1050
1020
852
499
165
34
50
3
-31
-148
-336
-420
-434
-302
-258
-39
137
282
456
673
889
919
1020
1228
1501
1719
1859
2035
2096
2078
2065
2060
2162
2165
2118
1970
1927
1904
1772
1554
1310
1173
1081
1004
897
737
546
352
286
311
382
414
322
221
148
248
329
452
522
526
490
427
453
444
456
430
412
369
262
73
-69
-212
-187
-280
-285
-413
-598
-715
-583
-108
200
132
-277
-546
-361
211
786
1012
808
514
275
509
923
1451
1574
1401
1129
899
842
830
922
1007
957
771
499
315
124
-38
-112
-162
-196
-369
-391
-413
-422
-460
-382
-133
98
292
438
579
684
761
908
1095
1348
1589
1732
1827
1772
1761
1750
1868
1927
1863
1725
1561
1541
1503
1393
1196
965
802
660
607
550
431
280
80
31
1
62
67
-3
-7
-48
-10
-32
7
102
144
170
77
49
25
-2
-5
-111
-128
-215
-354
-498
-635
-558
-649
-719
-930
-1042
-940
-669
-280
-236
-516
-863
-893
-373
169
573
537
266
-24
-19
503
1000
1260
1106
922
780
587
501
537
706
786
579
278
-54
-100
-192
-304
-447
-551
-597
-693
-597
-545
-550
-648
-626
-362
-21
247
357
361
463
586
770
895
1149
1407
1585
1632
1551
1518
1509
1631
1685
1640
1514
1409
1304
1191
1025
889
771
670
535
366
176
67
-23
-43
-73
-137
-225
-330
-299
-270
-169
-184
-211
-195
-154
-79
-146
-206
-227
-188
-121
-280
-395
-553
-556
-601
-769
-834
-966
-910
-1107
-1276
-1359
-1173
-735
-489
-577
-1088
-1390
-1051
-385
215
261
23
-377
-584
-164
448
979
850
574
324
183
148
106
237
309
255
-5
-377
-503
-564
-612
-752
-916
-1007
-1117
-1019
-907
-859
-1002
-1065
-883
-528
-166
61
86
71
178
393
596
770
1010
1217
1341
1313
1257
1220
1299
1404
1400
1273
1140
1001
830
726
678
595
421
183
32
-45
-102
-162
-290
-356
-441
-446
-507
-516
-496
-478
-437
-458
-386
-344
-312
-383
-424
-408
-400
-457
-540
-609
-684
-801
-887
-991
-1024
-1062
-1072
-1245
-1454
-1545
-1361
-927
-643
-747
-1234
-1448
-1082
-461
-24
-10
-198
-539
-693
-326
222
605
495
334
168
20
-96
-158
-18
130
130
-84
-459
-659
-818
-843
-860
-830
-855
-1036
-1038
-1009
-929
-975
-916
-718
-488
-218
7
140
224
287
445
590
786
986
1161
1263
1230
1193
1157
1245
1299
1221
1109
1002
939
776
633
536
477
385
210
12
-204
-253
-242
-225
-316
-425
-473
-534
-534
-503
-471
-430
-472
-390
-404
-362
-446
-499
-487
-532
-507
-677
-695
-796
-864
-998
-1068
-1092
-1208
-1310
-1363
-1356
-1151
-857
-645
-963
-1383
-1455
-968
-323
-29
-27
-395
-719
-757
-264
339
539
367
37
-98
-139
-140
-111
-146
-71
-139
-257
-494
-749
-967
-1155
-1118
-1036
-996
-1077
-1136
-1180
-1303
-1313
-1119
-783
-487
-361
-308
-289
-84
119
283
422
605
801
854
913
950
945
923
970
1082
1070
951
788
727
695
614
453
242
153
121
29
-197
-445
-520
-505
-472
-497
-533
-575
-712
-812
-807
-660
-536
-532
-606
-713
-693
-666
-718
-761
-845
-913
-1063
-1146
-1207
-1213
-1293
-1420
-1544
-1549
-1509
-1395
-1217
-962
-997
-1373
-1754
-1487
-755
-280
-279
-554
-828
-1065
-874
-266
288
314
-52
-373
-496
-491
-320
-196
-139
-306
-491
-695
-813
-844
-996
-1150
-1310
-1266
-1241
-1214
-1142
-1155
-1234
-1294
-1139
-820
-581
-397
-351
-322
-242
-45
200
393
570
662
717
759
775
788
841
897
890
806
766
745
659
513
394
300
194
104
43
-94
-305
-493
-560
-529
-500
-526
-607
-702
-741
-778
-762
-726
-670
-649
-732
-773
-786
-699
-690
-760
-889
-1064
-1141
-1258
-1290
-1318
-1367
-1483
-1644
-1656
-1544
-1341
-1111
-1080
-1328
-1705
-1688
-1171
-624
-357
-482
-711
-1012
-1018
-570
3
240
43
-247
-459
-594
-594
-491
-319
-259
-456
-813
-1077
-1067
-1032
-1197
-1423
-1545
-1532
-1502
-1432
-1383
-1497
-1652
-1642
-1333
-964
-718
-603
-590
-552
-417
-200
69
339
549
589
544
567
626
688
765
836
815
640
505
408
375
332
276
141
-68
-228
-337
-436
-619
-747
-772
-771
-833
-883
-923
-943
-998
-1015
-986
-889
-849
-897
-1024
-1050
-1042
-1017
-1056
-1114
-1218
-1339
-1444
-1473
-1485
-1594
-1858
-2025
-2002
-1744
-1402
-1135
-1135
-1657
-2176
-2107
-1272
-490
-337
-648
-1059
-1325
-1268
-717
34
267
39
-340
-525
-682
-691
-518
-315
-221
-402
-866
-1264
-1276
-953
-898
-1255
-1617
-1822
-1779
-1628
-1279
-1211
-1518
-1819
-1751
-1311
-869
-546
-429
-504
-483
-423
-242
83
509
824
798
636
503
580
757
917
1021
940
753
520
354
332
351
395
279
119
-125
-358
-550
-636
-557
-522
-548
-692
-838
-900
-845
-728
-678
-659
-669
-738
-784
-846
-759
-742
-699
-793
-955
-1116
-1266
-1287
-1233
-1202
-1385
-1712
-1862
-1840
-1625
-1270
-924
-989
-1683
-2126
-1772
-870
-323
-352
-669
-1040
-1254
-1002
-328
234
236
-68
-392
-583
-646
-544
-362
-315
-366
-618
-1067
-1321
-1131
-840
-1032
-1535
-1857
-1938
-1802
-1533
-1266
-1375
-1765
-1911
-1674
-1225
-849
-544
-432
-516
-562
-515
-263
135
588
800
652
487
447
586
785
979
1041
861
605
372
333
379
417
320
161
6
-210
-454
-605
-584
-506
-512
-642
-808
-871
-832
-700
-667
-675
-735
-767
-733
-757
-689
-646
-662
-756
-906
-979
-1113
-1141
-1114
-1092
-1166
-1498
-1659
-1738
-1507
-1169
-901
-1028
-1540
-1823
-1604
-1004
-484
-355
-529
-1007
-1215
-979
-365
142
173
-26
-376
-589
-663
-546
-299
-218
-331
-684
-1090
-1198
-1032
-819
-1045
-1480
-1837
-1928
-1720
-1430
-1234
-1392
-1747
-1885
-1693
-1277
-900
-655
-587
-649
-660
-572
-298
79
457
587
423
281
324
531
728
832
816
619
413
280
276
312
275
170
-27
-204
-343
-473
-604
-668
-664
-665
-774
-904
-990
-952
-866
-789
-811
-905
-935
-916
-835
-805
-785
-885
-987
-1077
-1138
-1222
-1311
-1320
-1299
-1454
-1675
-1838
-1758
-1548
-1319
-1207
-1399
-1776
-2030
-1722
-1149
-677
-656
-957
-1334
-1533
-1271
-623
-113
-105
-475
-738
-895
-922
-769
-524
-400
-620
-994
-1387
-1502
-1230
-910
-1014
-1552
-2009
-2134
-1984
-1591
-1280
-1305
-1741
-2081
-2008
-1600
-1064
-684
-512
-611
-790
-833
-606
-108
389
627
447
133
95
300
614
823
861
694
377
183
156
311
410
335
141
-149
-375
-524
-553
-470
-470
-541
-751
-901
-926
-835
-695
-643
-609
-706
-814
-845
-788
-653
-628
-649
-785
-910
-983
-1062
-1109
-1110
-1051
-1131
-1447
-1752
-1815
-1549
-1158
-830
-930
-1576
-2146
-1967
-1126
-423
-265
-569
-1117
-1539
-1397
-665
53
198
-136
-566
-869
-942
-713
-385
-221
-349
-696
-1151
-1467
-1268
-784
-623
-1054
-1709
-2118
-2091
-1672
-1176
-1032
-1423
-1916
-2019
-1742
-1261
-806
-519
-548
-777
-875
-716
-310
140
463
450
143
-39
70
383
685
791
691
409
183
98
191
309
339
246
9
-290
-576
-669
-577
-464
-481
-707
-961
-1123
-1133
-964
-793
-746
-875
-1035
-1115
-1093
-964
-892
-863
-929
-1025
-1147
-1281
-1348
-1296
-1236
-1282
-1529
-1778
-1884
-1800
-1579
-1313
-1072
-1241
-1775
-2179
-1900
-1086
-493
-459
-854
-1356
-1608
-1361
-653
-100
-59
-438
-901
-1126
-1097
-789
-541
-575
-835
-1206
-1496
-1649
-1419
-1043
-1043
-1535
-2142
-2391
-2237
-1787
-1377
-1392
-1834
-2286
-2262
-1866
-1335
-916
-775
-926
-1154
-1083
-755
-299
58
214
124
-160
-217
11
351
558
543
352
31
-154
-110
66
190
87
-115
-368
-590
-706
-729
-670
-705
-812
-991
-1156
-1238
-1194
-1040
-958
-1004
-1157
-1252
-1206
-1092
-1000
-960
-1001
-1057
-1120
-1150
-1195
-1213
-1233
-1296
-1463
-1656
-1747
-1733
-1669
-1557
-1338
-1142
-1284
-1856
-2185
-1796
-951
-468
-564
-960
-1390
-1645
-1352
-573
39
-45
-493
-866
-1079
-1067
-751
-403
-444
-761
-1152
-1488
-1717
-1532
-1079
-929
-1332
-1969
-2410
-2424
-1978
-1413
-1255
-1645
-2161
-2337
-2083
-1525
-905
-588
-685
-996
-1049
-768
-329
105
389
392
142
-35
61
349
640
784
669
319
-34
-87
112
318
320
107
-166
-461
-642
-655
-544
-428
-499
-727
-977
-1090
-981
-816
-670
-740
-853
-910
-897
-811
-756
-644
-687
-763
-864
-924
-907
-955
-1006
-1136
-1303
-1352
-1365
-1382
-1526
-1631
-1564
-1326
-976
-1008
-1466
-1935
-1727
-963
-417
-349
-609
-992
-1311
-1228
-524
129
240
-130
-550
-824
-961
-715
-365
-168
-338
-778
-1330
-1735
-1635
-1150
-776
-903
-1555
-2272
-2629
-2336
-1626
-1157
-1249
-1768
-2176
-2223
-1824
-1130
-557
-373
-589
-851
-868
-595
-63
445
648
444
92
-22
143
471
744
773
468
74
-110
-32
96
163
129
-83
-478
-846
-912
-716
-531
-550
-747
-1022
-1217
-1264
-1099
-868
-698
-797
-1031
-1188
-1139
-967
-809
-766
-824
-947
-1050
-1162
-1282
-1368
-1372
-1341
-1345
-1418
-1642
-1900
-2051
-1982
-1729
-1407
-1150
-1184
-1692
-2177
-2059
-1233
-502
-359
-636
-1054
-1409
-1453
-830
70
402
9
-616
-1008
-1088
-834
-389
-197
-420
-980
-1578
-1978
-1894
-1326
-928
-1139
-1880
-2597
-2862
-2589
-1861
-1297
-1294
-1830
-2407
-2468
-1978
-1100
-412
-239
-543
-946
-994
-621
40
580
698
425
56
-71
49
285
534
669
578
168
-252
-382
-150
121
109
-183
-546
-807
-953
-923
-708
-501
-583
-953
-1323
-1339
-1057
-723
-639
-777
-945
-1028
-1033
-1006
-823
-639
-596
-838
-1109
-1249
-1258
-1223
-1193
-1261
-1410
-1648
-1903
-2102
-2063
-1848
-1686
-1661
-1715
-1598
-1531
-1684
-1883
-1658
-951
-451
-471
-749
-996
-1086
-980
-444
143
289
-53
-527
-818
-899
-626
-274
-289
-692
-1179
-1533
-1784
-1742
-1396
-1158
-1289
-1743
-2215
-2521
-2357
-1776
-1279
-1226
-1503
-1710
-1764
-1569
-1040
-385
-8
-62
-311
-439
-280
169
635
777
583
314
182
206
435
730
855
638
236
-42
-42
116
271
286
92
-257
-542
-620
-543
-371
-269
-354
-684
-956
-961
-752
-523
-423
-467
-672
-890
-941
-792
-568
-451
-490
-704
-984
-1135
-1161
-1090
-1037
-1048
-1161
-1452
-1687
-1757
-1603
-1463
-1468
-1609
-1778
-1746
-1449
-967
-783
-1144
-1536
-1375
-678
-184
-159
-316
-523
-693
-609
-88
334
290
30
-196
-447
-721
-666
-401
-377
-649
-1019
-1402
-1732
-1715
-1335
-1096
-1178
-1486
-1861
-2160
-2063
-1530
-1091
-1011
-1107
-1143
-1188
-1184
-834
-275
125
159
10
-96
-66
163
458
613
608
516
423
274
218
384
603
596
354
120
2
-20
7
50
62
-59
-302
-538
-638
-564
-440
-397
-526
-691
-822
-858
-788
-672
-638
-703
-807
-910
-958
-960
-905
-821
-847
-1038
-1248
-1331
-1226
-1177
-1214
-1362
-1486
-1571
-1611
-1632
-1651
-1634
-1602
-1588
-1575
-1471
-1175
-843
-846
-1239
-1537
-1178
-455
-16
-83
-288
-544
-839
-799
-209
418
440
-33
-548
-874
-936
-665
-319
-318
-657
-1079
-1485
-1685
-1466
-1000
-800
-970
-1247
-1549
-1763
-1668
-1154
-628
-419
-529
-776
-1029
-1049
-570
152
565
538
251
11
-52
171
590
876
890
669
447
261
208
434
782
920
705
293
-15
-95
108
363
442
224
-142
-415
-550
-454
-249
-115
-256
-617
-885
-903
-722
-596
-570
-608
-728
-919
-1082
-1007
-751
-551
-561
-838
-1105
-1215
-1139
-1090
-1111
-1147
-1200
-1328
-1519
-1602
-1482
-1273
-1235
-1455
-1692
-1679
-1439
-1034
-634
-536
-952
-1526
-1514
-813
-57
221
-6
-493
-1015
-1073
-481
282
541
238
-270
-767
-983
-754
-241
-4
-246
-773
-1282
-1536
-1382
-944
-610
-628
-931
-1359
-1701
-1651
-1142
-537
-285
-464
-828
-1135
-1146
-695
-24
395
322
-15
-290
-222
137
560
764
642
393
198
153
256
558
881
909
560
129
-51
74
380
602
517
129
-312
-550
-547
-363
-152
-137
-446
-875
-1150
-1143
-880
-552
-468
-713
-1096
-1301
-1265
-1068
-821
-689
-785
-1011
-1203
-1293
-1286
-1082
-848
-842
-1091
-1392
-1491
-1538
-1477
-1366
-1238
-1284
-1514
-1672
-1718
-1573
-1225
-734
-530
-998
-1619
-1655
-1003
-251
97
143
-203
-762
-1057
-575
315
728
549
104
-309
-596
-568
-179
131
89
-273
-799
-1241
-1329
-923
-541
-479
-665
-970
-1308
-1499
-1238
-696
-336
-299
-471
-709
-908
-788
-275
256
477
392
235
120
165
423
708
845
805
726
613
486
462
600
771
748
528
245
29
-39
59
222
171
-137
-480
-668
-696
-639
-562
-582
-744
-953
-1080
-1077
-976
-817
-710
-750
-893
-1001
-1045
-998
-818
-600
-566
-744
-1015
-1154
-1156
-1014
-843
-812
-956
-1283
-1546
-1637
-1493
-1293
-1246
-1455
-1741
-1878
-1782
-1539
-1240
-994
-775
-766
-1049
-1366
-1193
-454
240
425
148
-211
-471
-448
17
660
934
673
176
-193
-347
-229
39
198
56
-362
-801
-1071
-1029
-770
-484
-450
-649
-986
-1264
-1286
-991
-536
-233
-214
-416
-637
-729
-540
-109
343
531
410
167
45
140
370
618
735
661
485
292
163
183
346
478
393
140
-104
-209
-196
-99
-43
-131
-354
-594
-771
-824
-710
-560
-551
-768
-1021
-1122
-1032
-890
-816
-819
-858
-967
-1137
-1229
-1128
-941
-865
-978
-1155
-1252
-1343
-1375
-1290
-1190
-1205
-1418
-1622
-1763
-1730
-1617
-1469
-1447
-1579
-1762
-1875
-1759
-1446
-1117
-992
-1089
-1142
-994
-775
-716
-758
-578
-259
-58
-114
-198
-199
-216
-174
72
390
372
56
-192
-285
-316
-327
-247
-231
-431
-681
-873
-945
-933
-788
-590
-548
-710
-982
-1107
-1030
-768
-490
-406
-491
-656
-751
-735
-529
-207
23
22
-126
-193
-119
3
125
214
253
192
59
6
50
124
161
111
21
-112
-186
-196
-252
-320
-368
-383
-489
-628
-729
-746
-721
-760
-854
-974
-1037
-973
-880
-843
-903
-991
-1057
-1085
-1044
-945
-829
-829
-916
-1030
-1056
-975
-843
-757
-806
-953
-1094
-1102
-1079
-1039
-995
-978
-1070
-1229
-1286
-1185
-1062
-1010
-986
-991
-1027
-1048
-978
-829
-611
-331
-141
-237
-570
-681
-321
232
546
519
323
71
-76
93
543
928
882
516
170
57
138
272
415
449
231
-191
-528
-555
-367
-183
-83
-166
-479
-848
-967
-658
-263
-82
-167
-411
-576
-534
-234
138
365
398
290
180
185
367
613
756
725
607
494
449
481
535
552
548
482
344
188
51
26
90
146
57
-126
-253
-284
-269
-243
-209
-219
-326
-431
-451
-407
-313
-210
-152
-204
-325
-410
-420
-344
-185
-68
-106
-255
-364
-358
-309
-225
-155
-199
-343
-457
-437
-338
-299
-339
-419
-506
-522
-498
-384
-309
-318
-411
-486
-431
-301
-118
-20
-14
-33
33
172
249
237
228
351
520
616
608
518
417
391
488
701
865
834
626
426
364
383
416
405
348
221
60
-40
-57
8
76
-11
-237
-400
-369
-204
-70
-49
-172
-337
-356
-167
86
173
95
-12
-25
71
197
251
223
171
136
93
92
170
235
188
78
18
38
104
167
170
126
61
22
29
83
140
128
39
-63
-86
-47
7
55
67
23
-78
-143
-83
-12
0
-25
-67
-80
-102
-118
-81
-21
-9
-105
-215
-248
-189
-133
-107
-147
-246
-332
-325
-211
-107
-76
-104
-153
-189
-157
-28
81
76
9
-78
-120
-151
-144
-87
-36
-68
-159
-224
-252
-246
-184
-102
-46
-1
16
43
32
19
80
191
273
276
252
228
220
229
234
251
247
214
161
149
181
205
169
93
25
-50
-153
-213
-181
-154
-183
-295
-406
-436
-356
-234
-162
-186
-278
-318
-258
-156
-84
-87
-151
-239
-229
-93
73
137
49
-62
-107
-30
69
141
187
190
150
76
88
200
292
297
228
197
237
299
348
336
331
316
295
313
333
315
246
198
173
177
183
201
169
86
49
83
97
27
-24
-23
8
23
-21
-85
-126
-125
-120
-118
-97
-79
-99
-167
-211
-159
-93
-58
-41
-25
-33
-46
-12
64
122
139
145
122
73
64
126
158
140
106
74
15
-81
-124
-90
-28
-7
-75
-189
-321
-380
-316
-227
-208
-245
-292
-327
-352
-322
-254
-197
-181
-203
-244
-281
-255
-160
-47
-5
-32
-87
-120
-92
-14
55
95
105
119
119
89
73
114
199
250
251
188
119
74
84
136
202
237
198
114
44
10
32
77
114
105
86
46
-15
-58
-35
74
159
136
39
-36
-43
-10
21
81
115
80
3
-63
-70
-27
28
47
14
-41
-92
-140
-151
-133
-107
-128
-198
-269
-321
-329
-307
-267
-271
-334
-425
-453
-432
-378
-325
-339
-365
-401
-394
-382
-366
-322
-263
-222
-236
-286
-314
-308
-267
-220
-227
-275
-336
-361
-335
-336
-333
-326
-345
-363
-375
-406
-428
-413
-366
-348
-390
-414
-403
-365
-353
-342
-302
-264
-236
-197
-141
-69
-17
21
29
29
74
157
229
246
226
204
222
267
337
359
309
247
214
209
205
194
201
193
169
114
45
0
3
42
41
16
-6
-36
-63
-86
-74
-21
7
-16
-49
-73
-96
-116
-89
-26
-11
-74
-174
-242
-253
-224
-199
-189
-211
-281
-350
-378
-330
-302
-341
-401
-417
-382
-381
-419
-431
-384
-338
-374
-436
-423
-366
-316
-331
-389
-429
-419
-401
-418
-426
-417
-385
-407
-451
-447
-416
-409
-447
-494
-476
-416
-401
-446
-465
-432
-385
-406
-439
-415
-372
-313
-278
-235
-204
-218
-253
-219
-133
-46
-33
-80
-129
-141
-102
-67
-29
-4
-22
-80
-115
-83
-21
30
8
-57
-87
-70
-48
-30
-15
10
7
-47
-123
-150
-111
-70
-66
-122
-157
-165
-163
-151
-170
-197
-195
-182
-189
-231
-284
-302
-272
-237
-241
-283
-329
-361
-376
-377
-371
-347
-350
-397
-414
-413
-414
-384
-350
-339
-350
-380
-390
-378
-375
-369
-367
-361
-366
-381
-387
-376
-335
-314
-327
-344
-366
-386
-365
-307
-299
-356
-415
-422
-405
-393
-385
-361
-333
-318
-333
-353
-364
-329
-282
-265
-253
-242
-226
-207
-179
-159
-150
-163
-177
-193
-210
-190
-149
-103
-92
-104
-147
-189
-206
-215
-212
-184
-165
-158
-158
-153
-140
-126
-111
-88
-62
-79
-97
-97
-94
-74
-67
-72
-86
-119
-135
-130
-95
-66
-73
-118
-168
-187
-188
-161
-155
-191
-204
-215
-222
-250
-274
-265
-241
-251
-275
-285
-290
-295
-317
-327
-344
-351
-367
-394
-413
-412
-395
-373
-375
-399
-404
-400
-418
-444
-427
-365
-317
-326
-353
-373
-370
-362
-353
-336
-321
-310
-337
-360
-368
-370
-357
-338
-312
-314
-328
-331
-318
-298
-257
-248
-264
-247
-215
-181
-169
-139
-109
-85
-71
-61
-25
-15
-31
-30
-8
18
33
28
6
-4
0
3
2
2
4
7
-10
-45
-83
-119
-125
-130
-163
-214
-270
-313
-318
-315
-324
-329
-319
-313
-323
-338
-335
-325
-316
-308
-296
-258
-248
-279
-296
-292
-272
-235
-215
-230
-242
-231
-211
-196
-181
-167
-172
-202
-236
-249
-244
-241
-253
-265
-299
-319
-358
-404
-414
-417
-417
-447
-497
-544
-555
-528
-515
-488
-479
-493
-510
-533
-526
-469
-388
-367
-386
-422
-437
-408
-358
-326
-314
-307
-339
-375
-387
-376
-340
-304
-270
-276
-304
-347
-352
-315
-278
-239
-215
-214
-231
-224
-181
-117
-69
-61
-115
-143
-122
-85
-35
-12
-10
-23
-40
-66
-95
-97
-72
-43
-58
-94
-126
-164
-197
-234
-252
-259
-260
-293
-360
-419
-434
-422
-418
-435
-466
-474
-454
-431
-412
-394
-347
-297
-266
-248
-231
-179
-124
-99
-96
-108
-101
-100
-114
-113
-85
-61
-69
-98
-147
-147
-141
-144
-121
-110
-113
-115
-126
-129
-111
-89
-78
-85
-93
-111
-134
-149
-147
-111
-70
-43
-28
-21
-31
-25
-26
-6
24
46
42
17
4
17
53
73
49
8
-1
12
35
41
55
60
66
63
73
87
99
100
86
82
81
82
72
70
74
49
32
12
-13
-25
-44
-56
-83
-96
-103
-108
-114
-131
-152
-179
-228
-255
-271
-266
-264
-274
-284
-289
-276
-299
-336
-356
-352
-346
-357
-344
-323
-290
-292
-324
-332
-305
-264
-262
-280
-279
-263
-229
-223
-245
-242
-242
-250
-236
-208
-185
-170
-190
-219
-216
-211
-192
-180
-167
-174
-178
-187
-188
-182
-175
-167
-202
-231
-247
-231
-219
-219
-214
-219
-232
-257
-253
-209
-157
-136
-144
-153
-131
-86
-57
-33
1
35
55
66
84
134
162
183
174
149
143
167
182
179
162
122
91
65
66
83
79
34
-12
-48
-65
-65
-74
-90
-118
-142
-176
-225
-237
-232
-243
-247
-274
-284
-280
-288
-293
-283
-267
-280
-289
-284
-281
-277
-282
-282
-267
-242
-233
-263
-281
-277
-265
-264
-259
-275
-263
-251
-255
-263
-246
-208
-192
-227
-277
-265
-238
-229
-229
-222
-215
-199
-204
-223
-211
-195
-179
-174
-187
-180
-167
-165
-170
-158
-139
-132
-140
-147
-143
-118
-107
-100
-96
-105
-104
-93
-77
-66
-51
-37
-28
-34
-35
-9
25
45
61
74
72
72
85
105
104
99
106
105
100
100
91
79
47
36
53
60
33
-9
-38
-50
-38
-26
-55
-76
-76
-92
-133
-161
-179
-182
-182
-203
-199
-193
-196
-193
-176
-150
-135
-132
-127
-119
-95
-59
-37
-36
-35
-40
-45
-42
-2
21
17
17
12
28
53
79
85
57
40
18
-5
0
12
1
-14
-1
1
-2
-19
-4
20
47
69
27
-1
-1
22
54
62
69
73
87
101
102
102
117
149
146
122
107
103
126
143
149
150
138
126
101
100
139
200
228
225
219
228
233
236
249
254
249
242
229
235
261
267
260
250
213
195
178
149
128
106
79
41
37
30
16
0
-30
-45
-46
-36
-41
-43
-61
-51
-46
-58
-54
-71
-65
-76
-104
-112
-114
-98
-75
-55
-45
-28
-36
-53
-60
-72
-67
-48
-19
-6
-12
-25
-33
-22
-19
-32
-52
-66
-60
-42
-39
-38
-36
-34
-49
-49
-50
-38
-23
-10
23
62
87
95
85
78
87
97
103
96
77
64
78
84
97
96
102
96
90
98
94
103
105
83
54
44
51
47
47
64
91
101
92
92
107
134
157
167
172
180
192
207
193
160
143
144
149
153
141
133
128
119
105
75
55
37
21
0
5
8
6
29
28
7
-26
-48
-39
-22
-11
0
-30
-76
-87
-68
-47
-46
-55
-69
-70
-81
-89
-89
-82
-64
-58
-65
-83
-90
-75
-33
-18
-11
-15
-30
-21
-8
23
48
37
35
24
23
43
63
73
87
84
71
50
50
68
75
89
91
88
83
80
92
111
120
90
68
59
71
86
89
94
73
52
35
28
41
46
60
61
25
2
-18
-2
32
61
85
80
61
38
43
69
79
84
81
62
53
37
36
60
73
52
17
-12
-4
5
1
-2
-23
-64
-107
-141
-141
-117
-106
-99
-139
-165
-176
-176
-162
-143
-127
-139
-161
-171
-153
-113
-88
-72
-69
-67
-62
-30
-8
32
54
71
73
49
24
25
60
69
62
32
18
19
56
74
68
27
10
-1
7
22
42
43
18
-12
-34
-33
-47
-34
-32
-25
-18
-22
-23
-24
-37
-38
-49
-53
-37
-51
-60
-76
-73
-70
-81
-99
-127
-116
-102
-91
-92
-107
-118
-138
-119
-101
-77
-71
-65
-72
-98
-137
-166
-174
-164
-137
-153
-190
-231
-243
-246
-240
-254
-273
-291
-314
-326
-321
-306
-285
-287
-305
-325
-322
-326
-321
-316
-319
-302
-299
-303
-296
-294
-274
-276
-272
-271
-268
-258
-265
-257
-234
-225
-221
-242
-269
-246
-213
-197
-176
-161
-132
-128
-132
-118
-105
-88
-77
-62
-62
-59
-58
-48
-44
-16
-13
-11
-11
-16
-23
-17
-12
-22
-6
-3
12
-1
0
32
57
49
38
17
-7
-27
-10
28
49
66
65
66
54
64
86
81
69
72
101
134
155
155
155
159
165
167
156
146
150
139
122
104
79
85
84
91
106
123
101
100
65
42
44
50
49
36
39
36
37
28
15
-22
-52
-56
-50
-33
-17
-14
-9
-15
-20
-19
-51
-68
-61
-44
-16
-12
-10
9
27
32
39
43
63
102
112
121
115
108
111
113
118
126
132
133
115
107
121
123
104
81
90
98
101
96
89
91
73
52
64
63
67
70
68
85
90
119
132
133
142
145
161
175
187
175
172
171
167
191
188
192
202
198
221
220
204
209
216
207
187
176
168
170
183
167
151
124
131
118
85
71
45
40
48
49
14
0
-17
-20
-30
-25
-24
-33
-53
-65
-76
-87
-100
-103
-102
-107
-92
-90
-79
-74
-82
-82
-78
-65
-53
-28
-28
-49
-34
-17
9
-4
-4
13
13
18
35
43
27
34
28
19
37
44
32
13
-2
-20
3
24
38
25
-3
18
22
40
32
39
35
34
51
38
56
87
108
122
133
115
84
86
99
130
140
124
106
111
125
131
126
89
74
62
72
84
83
96
86
53
34
40
61
70
77
84
89
79
75
61
55
49
34
22
11
20
12
31
26
13
-9
-27
-23
-25
-13
6
21
5
-7
-15
1
6
13
50
49
30
-21
-44
-52
-36
-11
-5
5
-35
-54
-68
-59
-40
-22
-13
-17
-19
-12
1
9
23
27
57
75
87
111
135
149
183
195
209
223
212
198
194
207
219
243
247
242
210
191
194
186
209
215
218
210
216
228
218
243
245
240
241
249
283
310
308
296
304
313
337
377
373
363
365
367
390
401
403
408
412
414
426
452
454
440
425
420
411
394
388
368
360
372
384
379
372
344
322
312
304
302
295
289
274
280
285
285
288
275
275
266
274
265
250
246
256
255
259
244
235
219
221
244
255
266
245
262
275
273
259
252
256
249
243
248
258
283
272
240
238
246
250
254
246
246
256
250
240
211
207
209
199
195
196
169
151
159
160
166
168
177
170
160
171
190
194
183
153
122
122
133
158
180
192
185
147
137
138
138
148
148
170
162
167
184
180
198
227
236
241
228
222
213
215
227
233
261
276
252
236
242
244
242
214
200
191
186
187
204
207
195
190
172
165
147
149
175
190
198
192
156
129
116
109
106
103
99
110
125
131
136
141
139
166
168
169
158
148
145
132
151
134
128
130
120
130
131
133
131
149
164
157
141
121
126
159
175
180
180
170
142
141
154
134
114
121
138
122
127
138
107
67
37
60
93
70
50
14
0
16
26
25
-1
-25
-39
-41
-17
-3
-12
-7
-18
-10
7
16
23
18
-1
0
-22
-53
-74
-49
-15
-13
-25
-29
-34
-36
-39
-50
-70
-78
-64
-41
-22
-11
-10
-37
-45
-24
-10
2
-10
-26
-33
-29
-33
-37
-58
-64
-93
-121
-133
-123
-104
-116
-111
-136
-148
-151
-153
-160
-160
-145
-141
-147
-153
-178
-200
-201
-172
-130
-119
-107
-107
-119
-129
-115
-107
-100
-97
-116
-125
-149
-175
-198
-193
-199
-218
-269
-268
-267
-242
-223
-224
-237
-259
-263
-258
-263
-259
-239
-238
-256
-254
-237
-233
-227
-245
-240
-216
-189
-211
-233
-238
-237
-251
-273
-301
-303
-281
-276
-275
-308
-312
-321
-313
-308
-309
-327
-342
-348
-323
-307
-311
-302
-311
-321
-338
-341
-341
-357
-353
-338
-365
-392
-387
-377
-386
-379
-391
-421
-401
-387
-378
-367
-358
-368
-395
-417
-419
-394
-366
-345
-343
-365
-394
-417
-415
-404
-395
-375
-360
-332
-304
-306
-336
-329
-337
-309
-294
-310
-307
-303
-301
-317
-301
-303
-306
-311
-323
-311
-331
-350
-353
-345
-344
-353
-358
-370
-379
-392
-379
-355
-348
-368
-389
-409
-396
-389
-380
-374
-382
-379
-349
-360
-364
-389
-402
-376
-390
-397
-400
-388
-379
-356
-340
-320
-336
-340
-308
-291
-277
-285
-286
-291
-289
-282
-275
-274
-283
-269
-290
-316
-315
-318
-314
-308
-318
-323
-304
-317
-313
-321
-311
-297
-291
-300
-326
-341
-346
-348
-350
-330
-301
-296
-286
-265
-262
-237
-235
-248
-250
-240
-241
-265
-266
-260
-247
-247
-262
-286
-281
-235
-212
-204
-205
-239
-239
-240
-231
-229
-236
-229
-240
-241
-252
-260
-250
-248
-239
-248
-266
-259
-255
-245
-248
-261
-247
-253
-268
-273
-263
-261
-246
-257
-261
-259
-261
-250
-248
-238
-232
-228
-245
-274
-298
-275
-245
-268
-293
-284
-278
-294
-304
-323
-345
-340
-328
-307
-307
-331
-334
-326
-309
-318
-330
-325
-328
-342
-342
-321
-325
-333
-324
-348
-351
-337
-345
-327
-335
-317
-310
-331
-322
-312
-294
-282
-268
-265
-279
-287
-271
-246
-246
-251
-247
-227
-193
-181
-187
-222
-231
-213
-204
-197
-197
-192
-213
-228
-249
-242
-227
-215
-208
-212
-232
-237
-206
-201
-211
-226
-250
-260
-256
-263
-264
-274
-258
-277
-323
-341
-342
-327
-296
-320
-343
-341
-350
-329
-331
-316
-290
-277
-252
-259
-288
-295
-264
-242
-234
-244
-274
-290
-286
-277
-274
-286
-302
-307
-302
-288
-255
-233
-247
-270
-284
-255
-237
-218
-196
-205
-214
-212
-176
-158
-140
-139
-153
-163
-154
-125
-139
-148
-169
-177
-160
-140
-136
-147
-175
-183
-191
-160
-139
-138
-123
-125
-114
-117
-100
-67
-75
-98
-107
-107
-108
-109
-101
-106
-116
-123
-157
-179
-196
-186
-179
-170
-166
-171
-167
-174
-155
-142
-150
-165
-176
-205
-209
-199
-200
-193
-190
-193
-189
-200
-208
-206
-220
-227
-236
-237
-233
-224
-214
-208
-228
-218
-200
-191
-195
-207
-201
-209
-171
-151
-155
-164
-159
-151
-151
-163
-173
-168
-156
-151
-147
-168
-177
-168
-163
-145
-126
-118
-141
-168
-184
-193
-194
-180
-160
-174
-209
-214
-219
-248
-274
-283
-305
-296
-277
-276
-281
-282
-268
-277
-272
-263
-267
-253
-235
-216
-200
-214
-232
-280
-298
-286
-305
-302
-288
-299
-312
-330
-329
-306
-300
-288
-295
-315
-318
-316
-331
-351
-340
-340
-343
-342
-335
-357
-357
-365
-366
-355
-356
-358
-342
-333
-333
-339
-341
-338
-357
-354
-351
-357
-373
-388
-404
-384
-370
-379
-374
-389
-422
-433
-432
-426
-440
-439
-424
-419
-402
-399
-408
-411
-410
-397
-394
-385
-393
-386
-375
-388
-381
-368
-357
-349
-354
-362
-353
-335
-332
-313
-318
-337
-343
-335
-312
-299
-283
-283
-293
-290
-279
-275
-270
-252
-277
-274
-262
-261
-235
-227
-241
-281
-292
-294
-289
-303
-309
-304
-311
-313
-312
-304
-311
-304
-308
-323
-318
-326
-326
-321
-339
-349
-334
-331
-326
-325
-321
-294
-284
-288
-282
-305
-322
-334
-314
-302
-317
-324
-326
-320
-331
-337
-348
-379
-415
-397
-390
-371
-341
-360
-372
-384
-388
-373
-366
-357
-350
-363
-357
-365
-355
-327
-346
-364
-354
-343
-350
-339
-363
-381
-378
-388
-390
-392
-398
-390
-380
-369
-383
-407
-414
-399
-387
-363
-329
-328
-299
-293
-311
-319
-326
-341
-346
-353
-354
-345
-367
-367
-362
-360
-364
-377
-393
-430
-453
-439
-411
-390
-371
-384
-407
-393
-390
-407
-411
-419
-411
-410
-411
-373
-365
-373
-363
-365
-384
-412
-422
-425
-418
-430
-444
-465
-469
-463
-451
-453
-453
-457
-461
-457
-453
-462
-470
-449
-432
-427
-430
-443
-454
-458
-453
-476
-479
-485
-480
-447
-453
-476
-496
-485
-490
-471
-465
-467
-459
-448
-433
-448
-450
-456
-486
-510
-534
-543
-520
-494
-464
-464
-475
-506
-523
-498
-487
-481
-493
-495
-517
-497
-487
-474
-461
-477
-463
-449
-451
-448
-457
-457
-455
-470
-467
-493
-502
-506
-513
-495
-476
-479
-502
-514
-523
-518
-514
-522
-529
-531
-549
-544
-536
-534
-545
-571
-556
-546
-549
-555
-548
-538
-563
-589
-594
-599
-604
-606
-610
-600
-602
-601
-599
-601
-601
-586
-570
-565
-550
-516
-516
-520
-524
-541
-563
-570
-578
-579
-569
-564
-562
-582
-597
-609
-614
-612
-616
-609
-623
-628
-607
-606
-622
-633
-622
-613
-605
-587
-575
-573
-551
-539
-538
-537
-538
-537
-530
-544
-537
-518
-528
-532
-527
-519
-515
-490
-467
-459
-455
-462
-485
-490
-502
-501
-507
-509
-500
-477
-461
-460
-467
-472
-448
-466
-473
-481
-487
-498
-493
-472
-479
-488
-483
-495
-511
-500
-498
-516
-525
-522
-523
-511
-500
-489
-485
-496
-492
-482
-468
-455
-468
-467
-463
-460
-468
-471
-465
-488
-479
-462
-477
-489
-519
-514
-507
-518
-535
-529
-540
-564
-554
-565
-585
-602
-604
-600
-588
-591
-583
-592
-603
-591
-577
-550
-531
-544
-534
-508
-503
-505
-501
-515
-511
-506
-495
-489
-505
-506
-508
-499
-480
-482
-472
-469
-476
-455
-456
-453
-466
-495
-505
-495
-487
-484
-499
-519
-528
-526
-494
-483
-479
-479
-484
-508
-505
-479
-465
-453
-465
-487
-482
-465
-469
-449
-448
-470
-494
-495
-493
-499
-500
-504
-514
-529
-545
-536
-512
-497
-488
-497
-491
-500
-518
-545
-565
-562
-552
-535
-548
-565
-577
-576
-562
-560
-586
-621
-622
-625
-605
-580
-554
-556
-576
-563
-560
-546
-552
-584
-611
-609
-584
-550
-533
-533
-527
-529
-535
-534
-545
-559
-568
-574
-587
-586
-589
-567
-559
-583
-605
-602
-584
-563
-533
-520
-503
-508
-511
-507
-490
-482
-469
-452
-456
-441
-441
-469
-485
-469
-452
-452
-461
-464
-458
-462
-457
-456
-452
-438
-443
-426
-400
-411
-400
-418
-426
-421
-417
-410
-394
-385
-381
-356
-362
-350
-363
-372
-363
-348
-349
-346
-308
-300
-290
-281
-276
-254
-252
-259
-278
-289
-275
-260
-251
-246
-255
-254
-246
-236
-249
-246
-270
-258
-225
-228
-216
-235
-220
-206
-190
-181
-172
-172
-178
-182
-166
-155
-138
-134
-166
-158
-161
-159
-155
-161
-160
-159
-165
-179
-144
-28
-23
-129
-204
-128
7
-7
5
92
118
31
-74
-59
-40
-70
-76
3
18
-139
-273
-219
-105
-70
-125
-119
-75
-80
-118
-127
-113
-104
-75
-29
16
17
-8
-46
-58
33
98
60
79
168
147
4
-75
1
23
-97
-72
42
-20
-160
-174
-79
-158
-227
-91
30
-49
-211
-171
-100
-225
-269
-98
2
-103
-201
-98
-101
-225
-243
-57
69
21
15
-52
-149
-156
-76
-50
-80
-108
-102
-207
-305
-274
-227
-258
-268
-151
-163
-342
-359
-247
-200
-251
-283
-199
-138
-163
-163
-99
-111
-187
-131
19
71
-51
-111
-90
-119
-173
-132
-74
-114
-179
-202
-214
-296
-344
-322
-268
-228
-234
-277
-346
-396
-368
-326
-275
-273
-303
-306
-312
-284
-233
-199
-234
-285
-205
-122
-159
-237
-257
-241
-283
-269
-183
-174
-251
-280
-221
-211
-284
-338
-289
-236
-243
-262
-243
-273
-363
-350
-262
-211
-239
-264
-264
-303
-277
-188
-191
-254
-232
-202
-253
-276
-200
-146
-225
-292
-260
-234
-255
-295
-283
-280
-317
-310
-231
-214
-321
-392
-331
-205
-166
-181
-159
-209
-271
-244
-161
-151
-241
-226
-193
-180
-151
-131
-157
-242
-232
-117
-40
-75
-140
-186
-150
-123
-93
-27
-16
-90
-119
-74
-38
-35
-50
-42
-35
-5
14
-15
-91
-125
-98
-43
-15
0
27
-36
-115
-92
-16
-4
-39
-1
104
101
25
7
-5
-41
-39
62
151
128
39
-17
5
9
21
51
86
97
83
63
15
-29
-28
22
104
135
124
83
8
-7
61
94
65
46
68
68
58
57
29
6
19
76
120
97
32
-22
-21
23
72
87
65
41
47
95
118
79
76
107
121
101
76
70
60
54
100
156
147
71
33
46
72
85
116
147
129
72
35
22
33
55
117
183
190
130
56
20
22
74
149
189
187
157
94
29
-39
-14
57
103
118
136
90
1
-67
-64
-14
44
85
100
89
29
-36
-53
-47
-23
37
79
91
63
-2
-84
-91
-52
36
92
67
15
-46
-87
-105
-90
-45
-1
23
24
-20
-79
-121
-113
-66
-9
32
53
33
-23
-77
-85
-52
-7
20
2
-8
-44
-78
-80
-67
-43
-10
3
-11
-41
-72
-83
-70
-40
-35
-55
-48
-57
-91
-116
-125
-110
-83
-63
-86
-110
-138
-163
-155
-151
-143
-130
-125
-145
-168
-193
-215
-210
-189
-170
-181
-191
-181
-191
-195
-199
-202
-170
-124
-99
-92
-115
-151
-173
-171
-138
-106
-95
-111
-153
-217
-245
-233
-218
-188
-175
-183
-210
-248
-246
-247
-243
-211
-209
-205
-198
-200
-231
-254
-241
-218
-207
-202
-195
-208
-225
-233
-197
-177
-165
-148
-146
-147
-148
-163
-166
-163
-145
-120
-126
-136
-175
-210
-202
-180
-138
-150
-192
-226
-238
-256
-255
-237
-200
-185
-213
-195
-181
-205
-191
-155
-152
-172
-149
-126
-121
-126
-131
-139
-159
-141
-112
-101
-130
-139
-156
-161
-151
-141
-131
-146
-142
-124
-93
-90
-82
-57
-23
-13
-21
-15
-24
-30
-30
-10
-8
-24
-36
-45
-22
-7
-9
-32
-54
-71
-92
-88
-69
-68
-74
-100
-109
-92
-71
-71
-83
-91
-109
-116
-80
-28
-9
-38
-62
-57
-64
-52
-21
-31
-70
-89
-98
-105
-94
-97
-120
-135
-168
-193
-216
-206
-190
-183
-201
-206
-184
-185
-169
-153
-172
-194
-206
-200
-191
-191
-185
-171
-166
-176
-185
-200
-224
-243
-235
-216
-219
-223
-216
-228
-259
-270
-271
-284
-296
-279
-257
-273
-288
-285
-284
-295
-293
-282
-308
-332
-337
-337
-321
-305
-301
-306
-310
-308
-312
-313
-316
-329
-329
-322
-296
-291
-320
-334
-324
-295
-288
-296
-314
-326
-326
-324
-310
-297
-283
-277
-273
-259
-264
-300
-327
-329
-312
-315
-334
-348
-330
-315
-307
-311
-295
-296
-306
-318
-335
-338
-358
-338
-331
-318
-297
-299
-327
-353
-358
-332
-289
-271
-262
-268
-283
-311
-336
-320
-302
-290
-275
-242
-250
-292
-269
-263
-267
-270
-271
-262
-260
-263
-273
-279
-304
-298
-287
-300
-299
-276
-272
-289
-292
-272
-264
-270
-266
-260
-296
-323
-316
-273
-259
-276
-275
-269
-259
-271
-289
-299
-285
-254
-253
-283
-302
-317
-316
-319
-308
-281
-272
-265
-262
-269
-261
-248
-236
-244
-265
-283
-292
-279
-292
-300
-314
-290
-276
-282
-282
-289
-309
-360
-368
-364
-334
-322
-346
-354
-343
-332
-304
-270
-263
-263
-256
-241
-242
-255
-262
-235
-216
-231
-249
-289
-294
-305
-294
-266
-256
-267
-274
-282
-305
-325
-343
-345
-344
-328
-308
-307
-326
-346
-353
-325
-318
-326
-311
-310
-315
-310
-309
-303
-288
-281
-269
-284
-317
-338
-344
-335
-321
-304
-318
-338
-329
-320
-323
-330
-345
-355
-355
-329
-314
-332
-347
-355
-362
-380
-373
-344
-333
-333
-355
-369
-366
-336
-301
-302
-318
-344
-352
-344
-346
-357
-369
-369
-395
-421
-448
-462
-474
-494
-460
-447
-451
-470
-484
-491
-478
-457
-436
-425
-438
-444
-468
-478
-485
-477
-458
-437
-437
-467
-483
-477
-469
-483
-487
-503
-523
-523
-507
-497
-504
-529
-535
-531
-528
-504
-501
-526
-532
-520
-496
-486
-461
-455
-477
-473
-462
-449
-452
-454
-473
-468
-464
-476
-478
-501
-501
-509
-514
-497
-493
-476
-461
-473
-471
-469
-467
-466
-468
-466
-479
-499
-517
-509
-505
-512
-511
-501
-498
-512
-523
-536
-553
-571
-576
-568
-558
-555
-534
-539
-553
-572
-576
-578
-584
-592
-593
-588
-590
-577
-572
-591
-601
-607
-599
-589
-611
-604
-587
-575
-555
-526
-509
-513
-517
-530
-544
-550
-546
-525
-522
-522
-520
-523
-525
-527
-523
-497
-479
-461
-465
-476
-483
-505
-517
-502
-488
-483
-455
-458
-469
-486
-504
-512
-497
-479
-450
-439
-449
-462
-492
-515
-518
-507
-513
-490
-468
-465
-460
-453
-447
-448
-457
-460
-433
-383
-376
-378
-370
-361
-343
-365
-375
-377
-364
-347
-333
-337
-350
-373
-384
-406
-419
-392
-381
-381
-379
-355
-343
-341
-355
-364
-377
-389
-393
-392
-407
-398
-387
-396
-388
-358
-343
-336
-320
-319
-327
-310
-310
-319
-332
-350
-346
-337
-335
-343
-344
-348
-368
-375
-367
-361
-339
-332
-332
-348
-350
-345
-331
-331
-322
-327
-335
-335
-325
-333
-351
-351
-330
-324
-333
-358
-370
-378
-381
-384
-374
-373
-374
-380
-391
-391
-380
-372
-372
-360
-350
-341
-341
-349
-350
-335
-334
-337
-330
-336
-339
-343
-354
-354
-369
-367
-355
-350
-366
-393
-394
-393
-409
-406
-411
-403
-400
-412
-401
-411
-423
-423
-421
-409
-392
-387
-374
-358
-349
-343
-331
-315
-309
-303
-286
-278
-269
-269
-284
-293
-292
-299
-304
-288
-288
-289
-282
-251
-237
-286
-320
-314
-305
-305
-318
-316
-328
-337
-341
-337
-318
-306
-282
-286
-295
-297
-294
-278
-281
-278
-288
-314
-341
-343
-339
-323
-310
-303
-296
-311
-321
-321
-330
-340
-342
-352
-342
-344
-331
-323
-323
-315
-319
-294
-290
-296
-280
-279
-289
-295
-306
-328
-317
-304
-271
-267
-289
-317
-336
-346
-344
-316
-295
-276
-276
-263
-246
-247
-250
-254
-244
-233
-213
-203
-187
-174
-188
-199
-217
-230
-216
-197
-214
-260
-296
-300
-278
-272
-276
-277
-288
-291
-276
-256
-234
-239
-243
-225
-236
-239
-245
-232
-220
-217
-216
-202
-172
-167
-187
-199
-209
-216
-210
-211
-206
-204
-211
-204
-198
-192
-181
-192
-199
-194
-201
-214
-228
-233
-229
-227
-226
-216
-213
-214
-199
-174
-172
-189
-194
-193
-164
-138
-140
-138
-143
-149
-147
-146
-134
-138
-152
-157
-166
-129
-104
-114
-120
-115
-114
-114
-112
-120
-136
-153
-146
-150
-142
-156
-157
-161
-163
-165
-175
-169
-177
-172
-169
-179
-171
-169
-185
-208
-231
-233
-218
-223
-227
-215
-203
-204
-215
-227
-239
-236
-240
-239
-243
-240
-233
-216
-210
-227
-234
-248
-246
-239
-224
-203
-208
-215
-218
-224
-220
-221
-227
-223
-236
-237
-226
-240
-259
-276
-275
-283
-290
-291
-308
-328
-330
-319
-308
-297
-313
-325
-319
-298
-275
-271
-281
-295
-301
-307
-303
-297
-309
-309
-310
-331
-334
-347
-366
-361
-361
-369
-382
-382
-376
-375
-369
-370
-362
-350
-338
-343
-364
-373
-386
-388
-387
-383
-395
-413
-411
-401
-391
-408
-428
-418
-433
-434
-417
-414
-420
-434
-435
-419
-403
-405
-423
-433
-434
-429
-415
-411
-406
-404
-407
-398
-390
-402
-413
-413
-415
-405
-383
-384
-392
-413
-427
-433
-445
-458
-472
-470
-483
-490
-503
-499
-490
-482
-476
-473
-468
-467
-475
-478
-483
-485
-454
-441
-418
-402
-421
-444
-446
-445
-451
-463
-443
-425
-448
-461
-477
-464
-446
-445
-467
-495
-504
-496
-462
-442
-444
-460
-479
-486
-474
-474
-460
-460
-464
-483
-483
-460
-454
-450
-450
-460
-455
-451
-456
-458
-440
-426
-456
-481
-485
-500
-483
-478
-483
-485
-500
-504
-501
-486
-464
-452
-431
-414
-422
-450
-472
-493
-507
-512
-502
-492
-502
-518
-535
-527
-527
-533
-554
-578
-596
-586
-553
-537
-534
-534
-551
-563
-551
-561
-560
-561
-567
-574
-567
-533
-520
-531
-540
-557
-560
-549
-556
-572
-570
-566
-567
-582
-597
-608
-603
-600
-607
-613
-611
-618
-611
-602
-602
-571
-574
-589
-577
-567
-559
-555
-565
-559
-561
-562
-566
-556
-554
-555
-569
-587
-604
-622
-612
-605
-592
-580
-574
-572
-572
-576
-594
-614
-624
-620
-611
-601
-589
-578
-570
-582
-602
-608
-609
-596
-601
-611
-590
-579
-568
-562
-552
-550
-563
-562
-569
-563
-560
-562
-550
-547
-551
-544
-540
-537
-544
-526
-515
-507
-496
-507
-539
-558
-548
-530
-523
-525
-521
-527
-516
-517
-522
-521
-507
-509
-512
-488
-486
-488
-505
-533
-549
-539
-520
-511
-497
-511
-514
-521
-523
-525
-536
-534
-524
-508
-516
-518
-520
-527
-533
-530
-539
-538
-527
-514
-495
-489
-496
-499
-507
-519
-520
-511
-516
-527
-545
-571
-558
-539
-528
-522
-538
-552
-568
-544
-533
-543
-549
-554
-530
-525
-525
-524
-527
-537
-546
-553
-543
-534
-542
-540
-557
-565
-561
-563
-567
-559
-542
-531
-528
-540
-561
-550
-540
-536
-535
-533
-527
-530
-518
-524
-521
-523
-522
-521
-516
-516
-527
-520
-501
-500
-494
-497
-532
-531
-532
-530
-528
-523
-521
-519
-505
-507
-507
-490
-484
-474
-469
-462
-461
-467
-479
-491
-489
-498
-501
-507
-507
-512
-518
-506
-484
-464
-453
-456
-467
-476
-473
-474
-481
-480
-488
-483
-477
-481
-483
-476
-462
-455
-453
-452
-449
-453
-451
-447
-438
-430
-410
-395
-392
-394
-404
-409
-403
-393
-379
-377
-364
-387
-397
-394
-399
-383
-383
-384
-390
-391
-385
-357
-339
-342
-370
-388
-373
-358
-341
-316
-317
-318
-322
-327
-307
-284
-267
-274
-285
-300
-321
-324
-325
-317
-320
-350
-352
-365
-381
-370
-377
-360
-344
-343
-340
-365
-342
-336
-323
-290
-282
-293
-310
-326
-343
-323
-310
-291
-284
-290
-292
-295
-288
-290
-288
-297
-314
-327
-311
-281
-258
-238
-243
-258
-249
-239
-229
-213
-226
-223
-209
-192
-173
-163
-149
-136
-136
-138
-142
-140
-130
-136
-160
-176
-173
-179
-191
-201
-218
-217
-212
-194
-169
-165
-170
-174
-173
-169
-158
-139
-147
-162
-149
-133
-112
-114
-129
-139
-146
-147
-146
-137
-141
-163
-182
-183
-182
-173
-164
-180
-194
-206
-205
-224
-246
-273
-274
-264
-237
-217
-225
-248
-266
-261
-267
-262
-266
-278
-283
-261
-234
-248
-256
-258
-248
-240
-231
-216
-209
-209
-218
-225
-208
-204
-213
-210
-195
-171
-159
-174
-190
-195
-211
-212
-224
-226
-212
-214
-204
-201
-205
-209
-201
-207
-227
-237
-246
-239
-226
-227
-236
-253
-290
-305
-303
-290
-271
-275
-277
-287
-289
-283
-275
-260
-271
-273
-261
-249
-231
-233
-235
-237
-230
-209
-194
-178
-171
-181
-207
-217
-224
-238
-227
-224
-226
-249
-264
-273
-283
-274
-282
-278
-281
-285
-275
-274
-280
-276
-279
-283
-272
-281
-265
-275
-292
-297
-310
-293
-282
-274
-266
-275
-278
-288
-291
-280
-277
-279
-293
-295
-294
-306
-317
-330
-330
-318
-312
-309
-306
-310
-311
-317
-301
-296
-292
-272
-286
-303
-311
-301
-308
-327
-343
-357
-378
-396
-407
-415
-405
-390
-384
-383
-375
-366
-351
-358
-354
-356
-351
-323
-307
-295
-304
-305
-320
-316
-302
-294
-297
-305
-303
-317
-310
-304
-313
-324
-341
-354
-361
-364
-362
-360
-354
-341
-336
-333
-335
-334
-358
-373
-370
-370
-354
-341
-350
-349
-333
-335
-350
-344
-330
-330
-321
-302
-304
-341
-348
-352
-353
-347
-337
-327
-333
-329
-322
-320
-326
-354
-377
-366
-345
-325
-321
-334
-370
-388
-373
-355
-321
-309
-316
-325
-337
-335
-313
-298
-290
-297
-313
-302
-305
-306
-312
-313
-304
-319
-326
-318
-315
-302
-299
-304
-295
-293
-295
-273
-259
-248
-241
-241
-236
-233
-246
-251
-246
-243
-230
-232
-250
-250
-242
-231
-245
-252
-274
-283
-265
-247
-220
-206
-205
-208
-196
-183
-179
-177
-183
-202
-210
-191
-168
-160
-182
-192
-211
-216
-200
-186
-174
-191
-202
-202
-204
-212
-222
-246
-237
-240
-244
-241
-247
-231
-224
-225
-208
-206
-208
-191
-181
-178
-190
-191
-187
-175
-162
-156
-154
-161
-164
-191
-199
-212
-196
-196
-197
-187
-189
-173
-176
-186
-195
-208
-224
-233
-236
-236
-239
-245
-255
-256
-255
-261
-270
-271
-273
-287
-280
-275
-253
-245
-239
-227
-236
-228
-225
-236
-242
-251
-247
-231
-212
-212
-223
-230
-233
-225
-215
-219
-238
-248
-253
-254
-252
-257
-266
-275
-275
-244
-241
-236
-256
-271
-268
-271
-259
-272
-273
-279
-290
-302
-305
-316
-318
-319
-333
-320
-318
-320
-308
-301
-312
-319
-317
-297
-280
-258
-249
-239
-228
-234
-251
-255
-250
-244
-240
-229
-232
-231
-244
-268
-274
-282
-278
-290
-310
-309
-303
-289
-287
-307
-309
-314
-314
-332
-337
-325
-321
-299
-303
-298
-295
-304
-309
-320
-326
-336
-341
-327
-315
-310
-331
-336
-331
-339
-344
-358
-354
-353
-352
-345
-352
-351
-354
-364
-379
-396
-396
-404
-388
-389
-390
-374
-367
-374
-390
-391
-392
-390
-385
-381
-375
-385
-397
-414
-433
-444
-450
-439
-442
-444
-432
-438
-436
-437
-441
-426
-435
-439
-440
-437
-422
-422
-430
-419
-422
-421
-429
-441
-452
-457
-445
-447
-466
-489
-512
-506
-483
-473
-482
-495
-518
-541
-529
-533
-533
-535
-534
-528
-533
-535
-547
-546
-545
-546
-534
-514
-490
-478
-475
-459
-467
-485
-491
-507
-507
-507
-514
-513
-517
-501
-485
-497
-502
-502
-513
-500
-482
-468
-472
-488
-506
-521
-520
-525
-513
-492
-484
-487
-483
-465
-441
-423
-427
-426
-432
-440
-426
-434
-428
-433
-451
-475
-489
-488
-502
-489
-483
-491
-500
-510
-505
-506
-497
-467
-444
-425
-416
-427
-443
-472
-476
-475
-469
-454
-476
-498
-515
-518
-519
-508
-516
-544
-555
-562
-536
-508
-488
-479
-487
-489
-490
-488
-472
-462
-469
-471
-465
-468
-452
-437
-426
-446
-432
-428
-444
-442
-458
-457
-467
-478
-500
-518
-541
-538
-524
-518
-533
-548
-536
-542
-538
-541
-539
-536
-523
-519
-511
-509
-511
-515
-514
-501
-501
-506
-505
-493
-485
-482
-497
-515
-527
-528
-527
-519
-509
-518
-508
-523
-535
-550
-564
-576
-575
-568
-551
-545
-545
-546
-556
-561
-559
-567
-594
-608
-612
-609
-593
-564
-546
-547
-544
-557
-551
-546
-549
-540
-542
-538
-552
-547
-545
-551
-546
-537
-536
-529
-544
-548
-538
-529
-527
-541
-552
-553
-544
-518
-506
-522
-545
-554
-560
-565
-563
-550
-541
-543
-538
-542
-565
-582
-599
-595
-597
-602
-597
-590
-579
-571
-561
-572
-577
-580
-574
-561
-551
-544
-546
-546
-550
-553
-568
-564
-559
-537
-538
-532
-529
-539
-547
-549
-545
-547
-543
-553
-548
-554
-555
-549
-551
-564
-573
-568
-572
-571
-563
-569
-572
-557
-549
-533
-518
-515
-521
-535
-543
-542
-539
-540
-548
-550
-554
-555
-558
-561
-554
-556
-556
-541
-547
-559
-559
-567
-568
-559
-550
-561
-560
-544
-545
-553
-561
-552
-553
-555
-551
-545
-532
-537
-537
-550
-559
-563
-570
-580
-568
-567
-566
-563
-573
-573
-577
-576
-588
-596
-589
-588
-585
-586
-587
-584
-582
-595
-596
-579
-568
-567
-571
-570
-586
-583
-576
-573
-567
-561
-573
-568
-576
-582
-574
-584
-583
-588
-591
-573
-573
-575
-581
-572
-567
-557
-539
-541
-539
-538
-545
-558
-552
-547
-566
-568
-561
-544
-543
-557
-560
-563
-530
-535
-559
-563
-555
-523
-491
-503
-528
-565
-588
-582
-563
-552
-559
-549
-562
-564
-549
-529
-504
-490
-490
-503
-484
-457
-453
-446
-452
-464
-470
-482
-502
-498
-498
-501
-516
-546
-552
-558
-544
-544
-536
-533
-537
-528
-517
-499
-481
-486
-487
-481
-474
-478
-478
-458
-462
-466
-482
-482
-466
-456
-442
-444
-456
-466
-478
-472
-446
-439
-443
-434
-426
-426
-413
-408
-404
-417
-430
-429
-414
-384
-359
-352
-356
-381
-398
-388
-380
-376
-394
-415
-432
-430
-417
-414
-410
-420
-424
-431
-440
-426
-408
-398
-400
-410
-412
-410
-394
-398
-409
-410
-415
-406
-421
-432
-433
-435
-430
-412
-420
-443
-454
-464
-461
-442
-417
-391
-374
-393
-405
-399
-406
-404
-407
-416
-429
-432
-420
-404
-405
-411
-412
-408
-413
-420
-417
-407
-402
-391
-385
-376
-364
-356
-347
-346
-322
-336
-350
-373
-370
-355
-361
-350
-343
-340
-323
-294
-292
-291
-305
-320
-319
-321
-317
-308
-308
-306
-310
-316
-327
-329
-322
-313
-305
-302
-296
-274
-275
-280
-283
-280
-278
-284
-285
-298
-283
-284
-289
-287
-278
-276
-271
-264
-265
-259
-244
-238
-239
-237
-252
-252
-254
-253
-237
-210
-194
-192
-196
-196
-183
-175
-171
-172
-180
-191
-191
-197
-190
-193
-199
-207
-222
-217
-213
-212
-193
-195
-202
-197
-194
-168
-146
-136
-143
-142
-145
-135
-121
-119
-108
-109
-100
-103
-100
-85
-85
-86
-84
-70
-72
-69
-80
-80
-84
-79
-70
-82
-82
-89
-95
-98
-93
-94
-108
-108
-95
-97
-97
-112
-118
-131
-134
-133
-141
-145
-148
-143
-138
-132
-143
-124
-114
-100
-91
-85
-74
-76
-76
-72
-66
-68
-72
-59
-44
-41
-42
-52
-48
-46
-37
-25
-22
-33
-41
-42
-39
-30
-15
-13
-7
-26
-47
-44
-35
-41
-50
-51
-26
-16
-18
-17
-22
-20
-4
30
49
76
91
95
96
84
80
86
79
79
85
70
52
63
76
93
99
94
76
52
44
68
100
100
93
80
61
59
81
106
116
117
108
96
102
105
104
102
97
93
86
73
80
73
63
57
48
32
6
0
12
32
42
31
19
4
-20
-18
4
35
51
30
23
25
8
-10
4
6
17
9
-6
-3
-17
-3
2
-6
-19
-26
-30
-31
-16
10
23
8
2
10
8
7
-15
-29
-21
-2
-2
3
-5
-22
-25
-32
-40
-48
-57
-69
-77
-89
-112
-137
-160
-165
-158
-154
-163
-170
-171
-171
-155
-145
-133
-125
-124
-117
-116
-115
-110
-115
-116
-111
-106
-108
-107
-100
-82
-82
-110
-115
-124
-136
-143
-139
-128
-107
-98
-108
-126
-144
-162
-181
-199
-199
-194
-187
-177
-166
-160
-154
-164
-171
-172
-170
-160
-161
-151
-144
-130
-120
-119
-125
-143
-149
-147
-127
-107
-88
-78
-87
-82
-91
-101
-97
-104
-102
-104
-111
-123
-126
-135
-140
-141
-146
-125
-118
-111
-112
-116
-140
-138
-127
-131
-128
-122
-124
-133
-146
-153
-171
-189
-199
-210
-188
-169
-164
-157
-162
-160
-162
-171
-166
-160
-157
-143
-123
-116
-114
-114
-122
-138
-151
-140
-135
-138
-143
-153
-151
-141
-131
-125
-114
-132
-136
-143
-154
-168
-169
-182
-191
-202
-216
-209
-193
-175
-178
-173
-189
-206
-188
-162
-150
-158
-173
-178
-168
-164
-165
-178
-190
-190
-190
-179
-179
-188
-203
-208
-206
-207
-223
-218
-216
-203
-199
-205
-207
-210
-213
-219
-218
-221
-211
-208
-217
-240
-252
-242
-229
-246
-253
-261
-285
-283
-270
-278
-280
-277
-268
-266
-265
-264
-272
-265
-264
-269
-279
-277
-257
-247
-254
-266
-265
-272
-268
-258
-267
-272
-284
-288
-283
-276
-268
-262
-264
-266
-276
-290
-304
-310
-303
-309
-326
-330
-336
-331
-329
-338
-320
-317
-310
-301
-302
-316
-316
-311
-312
-300
-288
-285
-282
-270
-274
-289
-308
-306
-309
-296
-299
-317
-326
-328
-316
-309
-321
-350
-378
-389
-369
-351
-339
-354
-367
-370
-387
-378
-365
-343
-313
-312
-326
-344
-341
-329
-323
-329
-342
-352
-348
-353
-363
-372
-386
-391
-407
-408
-414
-412
-401
-398
-410
-406
-390
-382
-386
-373
-362
-372
-371
-388
-398
-402
-399
-393
-397
-399
-409
-415
-411
-407
-396
-403
-423
-446
-466
-458
-445
-433
-437
-448
-451
-434
-426
-423
-417
-454
-461
-436
-418
-404
-397
-407
-412
-425
-433
-417
-425
-434
-464
-471
-468
-478
-488
-494
-499
-504
-500
-492
-489
-479
-457
-435
-428
-426
-410
-412
-403
-401
-405
-403
-417
-405
-409
-427
-421
-399
-390
-383
-386
-389
-397
-419
-410
-410
-395
-390
-406
-408
-419
-431
-437
-446
-456
-457
-442
-425
-426
-429
-430
-436
-432
-426
-419
-425
-440
-445
-436
-414
-422
-424
-435
-435
-424
-417
-402
-396
-396
-404
-406
-403
-405
-402
-395
-380
-372
-383
-389
-393
-395
-400
-398
-398
-396
-393
-388
-385
-373
-364
-379
-390
-400
-392
-395
-379
-369
-384
-389
-398
-403
-407
-411
-415
-402
-411
-412
-419
-431
-423
-422
-425
-438
-448
-449
-445
-427
-416
-422
-426
-441
-443
-434
-422
-420
-412
-398
-393
-409
-420
-412
-406
-391
-394
-382
-373
-368
-372
-372
-373
-385
-383
-386
-384
-377
-367
-364
-359
-367
-350
-341
-343
-334
-322
-312
-303
-300
-296
-280
-271
-271
-279
-271
-253
-243
-258
-271
-274
-273
-273
-276
-280
-284
-288
-272
-270
-271
-266
-256
-246
-256
-251
-272
-280
-271
-272
-273
-270
-281
-299
-306
-301
-297
-298
-305
-315
-301
-288
-287
-283
-285
-282
-293
-290
-289
-292
-292
-294
-297
-301
-301
-313
-308
-312
-319
-327
-332
-336
-350
-348
-345
-332
-334
-343
-366
-374
-376
-374
-378
-376
-361
-364
-364
-366
-370
-378
-384
-396
-379
-381
-386
-381
-394
-399
-392
-387
-372
-360
-345
-339
-327
-318
-317
-320
-327
-319
-313
-299
-304
-318
-326
-320
-296
-289
-301
-322
-330
-310
-293
-284
-292
-300
-308
-302
-299
-281
-263
-271
-269
-293
-289
-289
-289
-275
-277
-280
-286
-291
-296
-293
-294
-279
-284
-299
-338
-366
-360
-339
-323
-328
-358
-368
-354
-338
-310
-306
-284
