-269
-272
-277
-292
-299
-300
-293
-300
-301
-288
-296
-292
-296
-280
-268
-264
-257
-249
-231
-220
-214
-203
-202
-216
-221
-220
-220
-215
-203
-202
-204
-212
-209
-217
-231
-243
-250
-254
-259
-265
-275
-288
-288
-287
-292
-295
-306
-302
-304
-299
-281
-274
-277
-274
-259
-236
-215
-198
-188
-197
-199
-196
-174
-153
-158
-164
-167
-161
-158
-148
-153
-150
-143
-149
-147
-142
-150
-147
-136
-124
-121
-127
-114
-110
-120
-121
-121
-126
-123
-126
-132
-138
-135
-124
-117
-123
-141
-145
-149
-138
-128
-119
-110
-117
-124
-126
-141
-144
-145
-135
-123
-114
-107
-99
-85
-74
-81
-94
-88
-81
-85
-68
-65
-75
-84
-92
-99
-106
-104
-105
-118
-122
-123
-113
-102
-107
-110
-111
-95
-83
-63
-66
-67
-76
-74
-64
-66
-69
-81
-72
-60
-65
-63
-67
-64
-39
-19
-12
-7
-3
1
17
4
-20
-17
-8
11
20
16
2
-11
-29
-23
-5
10
16
11
-4
-2
4
7
22
43
46
20
-6
-23
-35
-27
-31
-44
-56
-76
-68
-59
-58
-76
-83
-87
-87
-95
-88
-75
-81
-80
-95
-109
-110
-119
-107
-101
-110
-104
-100
-93
-96
-91
-89
-81
-96
-105
-105
-91
-78
-56
-36
-41
-47
-43
-52
-47
-33
-28
-8
12
33
38
33
38
44
17
5
17
29
57
74
65
37
30
11
6
2
-6
-11
-13
-5
-3
8
15
12
11
14
11
23
37
63
75
84
100
112
104
99
99
98
97
114
130
130
128
116
106
108
107
103
102
106
129
142
161
150
126
123
115
107
117
140
150
156
154
155
158
138
135
144
151
166
170
168
179
178
178
170
162
160
169
188
192
200
192
180
171
170
182
176
186
195
199
213
216
215
202
192
183
185
203
227
242
243
231
227
203
206
214
204
216
221
226
228
243
245
227
221
217
205
213
213
219
235
247
235
235
239
239
249
259
277
287
290
289
270
258
253
257
267
273
289
300
308
316
314
302
291
284
283
282
283
280
269
269
271
275
279
281
268
256
265
270
274
281
283
286
280
282
297
292
283
266
278
291
288
291
280
291
311
316
325
332
323
316
315
319
323
328
332
312
315
323
308
307
312
319
314
318
312
323
323
320
329
328
321
311
304
292
293
294
289
287
280
279
278
289
293
296
295
288
303
308
319
321
316
330
349
360
371
362
361
379
406
410
423
414
387
391
401
415
423
422
407
387
376
390
394
382
381
394
389
364
379
382
369
372
402
441
443
432
416
407
426
430
428
463
468
452
468
490
481
462
460
471
499
499
476
465
482
520
552
539
497
447
435
466
503
543
542
517
496
488
511
555
582
583
576
553
549
576
601
624
631
615
585
569
584
598
608
602
593
592
585
589
621
652
653
646
651
682
694
703
703
690
702
726
750
756
772
756
743
745
754
755
746
743
734
738
732
735
709
703
696
693
705
706
708
724
754
768
767
769
778
785
795
806
802
791
761
737
753
771
767
739
712
695
693
708
741
742
704
678
685
690
676
675
708
718
710
698
703
718
704
708
709
717
716
711
727
749
744
730
728
721
717
700
721
739
736
750
766
778
764
736
703
697
671
665
690
708
700
680
687
699
688
680
685
672
657
664
681
696
689
693
702
689
661
671
703
713
725
737
743
731
733
746
747
744
748
762
757
751
750
740
739
725
722
732
726
732
742
744
719
698
713
726
708
697
716
721
704
701
714
714
701
694
710
706
693
708
717
714
701
704
721
707
711
731
741
741
733
739
736
717
718
730
722
721
734
747
744
723
712
710
670
647
645
631
614
616
602
573
588
607
597
582
596
605
578
557
575
598
580
580
603
599
567
561
586
569
539
567
573
569
581
614
605
572
585
595
569
564
605
599
565
567
600
565
528
542
558
548
570
590
580
543
522
531
505
500
517
511
496
482
502
493
453
465
490
476
447
484
502
477
482
517
501
475
498
501
485
477
528
534
488
523
544
507
521
562
551
522
542
571
556
548
553
544
507
514
527
501
483
495
511
465
463
498
491
470
506
521
496
502
505
474
472
502
487
467
474
483
471
473
473
470
462
455
494
494
490
478
466
484
479
469
462
462
455
459
483
484
440
433
465
435
435
483
483
461
500
495
471
520
554
517
506
547
495
465
533
512
454
514
500
441
504
505
429
467
475
387
413
460
403
390
450
416
375
440
412
331
386
430
336
405
480
356
378
459
339
313
426
345
330
456
400
329
419
388
295
386
419
342
410
476
371
429
498
363
384
471
331
371
497
380
378
492
390
327
425
331
265
382
329
234
377
351
230
389
381
222
352
383
219
362
413
231
351
439
250
325
430
236
319
442
256
316
467
283
306
470
292
279
480
336
272
496
367
284
471
338
240
417
324
235
405
326
248
421
375
240
391
316
194
334
359
261
386
418
281
412
396
274
407
386
288
435
386
316
412
363
275
371
371
262
362
357
271
397
333
275
381
334
284
384
370
307
413
376
289
334
272
211
343
246
196
349
236
193
337
228
164
309
211
192
312
220
205
330
179
211
325
134
203
301
114
224
287
126
217
242
98
214
194
48
213
178
21
231
181
-13
217
118
-3
203
51
4
217
-22
30
173
-45
39
165
-72
36
156
-79
100
98
-111
145
62
-117
192
44
-82
174
48
-26
157
28
22
145
0
76
133
-61
90
122
-49
93
120
-30
104
99
-27
146
10
2
156
-34
32
109
-75
-11
93
-131
34
80
-114
91
29
-109
151
-45
-105
170
-67
-87
166
-45
-11
119
-97
81
79
-88
136
24
-83
182
-16
-31
189
-55
33
147
-91
116
96
-123
121
35
-117
169
-7
-44
130
-172
-39
39
-226
26
10
-275
90
-97
-274
130
-227
-192
96
-258
-27
68
-328
27
-57
-258
34
-161
-125
45
-197
-38
7
-259
-17
-90
-172
-16
-146
-238
-85
-187
-167
-32
-345
-189
-244
-315
-193
-129
-256
-146
-242
-301
-158
-320
-127
-261
-217
-258
-223
-325
-186
-271
-269
-224
-389
-332
-304
-325
-382
-226
-404
-330
-389
-396
-419
-303
-434
-352
-366
-403
-364
-370
-448
-375
-349
-471
-322
-348
-337
-398
-392
-448
-339
-494
-397
-403
-373
-473
-354
-451
-421
-412
-433
-457
-400
-399
-519
-418
-460
-349
-495
-377
-462
-340
-488
-395
-346
-349
-445
-360
-437
-404
-343
-439
-405
-445
-481
-386
-401
-478
-395
-432
-447
-474
-445
-384
-434
-501
-366
-369
-424
-463
-388
-417
-425
-441
-418
-360
-398
-443
-321
-380
-386
-428
-444
-421
-428
-437
-359
-443
-374
-317
-443
-369
-357
-390
-374
-460
-397
-294
-443
-383
-321
-443
-312
-475
-342
-356
-455
-355
-330
-398
-384
-282
-385
-314
-329
-270
-220
-330
-327
-178
-394
-321
-214
-322
-337
-229
-328
-197
-259
-350
-110
-278
-277
-167
-275
-231
-238
-280
-173
-288
-286
-217
-258
-323
-231
-249
-304
-215
-289
-247
-201
-270
-224
-291
-306
-127
-321
-257
-156
-226
-211
-220
-341
-97
-235
-352
39
-249
-206
-31
-232
-253
-8
-281
-246
-2
-312
-101
-89
-306
-88
-185
-360
-86
-259
-306
-193
-287
-213
-279
-331
-180
-275
-336
-243
-346
-292
-244
-397
-270
-250
-403
-163
-269
-424
-150
-189
-359
-181
-210
-191
-181
-344
-19
-281
-316
-123
-226
-279
-150
-157
-253
-218
-229
-171
-284
-236
-178
-162
-324
-222
-92
-296
-258
-145
-170
-323
-236
-199
-260
-319
-210
-222
-306
-286
-215
-236
-386
-203
-240
-309
-279
-191
-309
-213
-331
-205
-266
-243
-218
-191
-186
-180
-131
-234
-156
-183
-97
-250
-82
-138
-133
-178
-179
-149
-138
-189
-217
-91
-197
-159
-216
-146
-184
-252
-235
-181
-286
-215
-183
-265
-173
-232
-191
-232
-215
-184
-227
-230
-242
-167
-287
-191
-221
-233
-292
-83
-268
-213
-108
-312
-143
-196
-149
-251
-141
-228
-131
-198
-215
-252
-159
-271
-322
-120
-262
-242
-214
-207
-295
-140
-190
-293
-67
-236
-191
-233
-232
-228
-216
-351
-174
-191
-382
-69
-360
-209
-221
-306
-210
-224
-278
-173
-280
-267
-123
-386
-196
-205
-290
-245
-202
-264
-188
-227
-261
-132
-285
-330
-134
-328
-257
-194
-276
-294
-126
-312
-311
-163
-387
-203
-269
-197
-252
-167
-197
-191
-136
-231
-167
-140
-170
-187
-112
-162
-89
-162
-174
-122
-185
-183
-164
-213
-150
-225
-201
-158
-223
-108
-230
-213
-141
-200
-170
-156
-218
-53
-173
-136
-65
-151
-135
-73
-116
-109
-28
-70
-113
17
-88
-110
-55
-54
-46
-133
-24
-68
-118
-42
-76
-112
-50
-132
-115
-118
-83
-143
-153
-6
-163
-110
-116
-115
-150
-68
-140
-137
-52
-56
-207
-98
-48
-216
-51
-219
-15
-134
-167
-63
-165
-101
-103
-164
-74
-88
-145
-15
-121
-42
-77
-62
-89
-117
-26
-112
-195
70
-152
-183
-57
-161
-209
-62
-150
-225
-78
-155
-177
-121
-86
-200
-87
-139
-273
-43
-180
-291
-56
-142
-246
-142
-154
-250
-149
-140
-203
-125
-122
-147
-165
-69
-235
-165
-125
-232
-96
-188
-145
-154
-152
-195
-180
-139
-227
-228
-102
-198
-296
-37
-253
-242
-114
-247
-192
-214
-190
-220
-180
-204
-183
-183
-240
-91
-247
-117
-158
-218
-123
-183
-209
-94
-152
-204
-19
-187
-121
-89
-185
-97
-170
-142
-186
-137
-171
-157
-162
-243
-114
-234
-185
-135
-227
-186
-189
-221
-255
-116
-326
-114
-221
-271
-114
-295
-175
-272
-105
-289
-121
-223
-208
-145
-302
-151
-245
-215
-290
-122
-285
-193
-246
-246
-112
-313
-141
-239
-197
-222
-144
-209
-172
-128
-298
-94
-294
-147
-163
-299
-168
-232
-288
-289
-218
-363
-163
-345
-281
-204
-307
-281
-241
-231
-253
-200
-220
-182
-238
-227
-195
-202
-195
-193
-188
-146
-205
-186
-212
-180
-257
-126
-197
-173
-174
-271
-177
-102
-151
-208
-169
-314
-202
-240
-163
-149
-155
-179
-228
-155
-163
-122
-163
-65
-154
-119
-145
-80
-145
-109
-91
-199
-137
-203
-186
-167
-114
-247
-129
-218
-205
-211
-128
-183
-169
-128
-184
-120
-180
-185
-137
-173
-220
-82
-173
-106
-126
-163
-146
-178
-263
-164
-144
-287
-150
-171
-262
-189
-142
-345
-180
-145
-350
-176
-213
-305
-148
-222
-338
-55
-297
-233
-117
-249
-196
-144
-278
-197
-188
-320
-116
-305
-292
-299
-254
-288
-220
-301
-257
-241
-367
-201
-379
-202
-243
-308
-190
-120
-329
-95
-120
-369
-34
-217
-304
-68
-230
-192
-128
-253
-224
-231
-321
-277
-254
-422
-171
-377
-202
-265
-252
-331
-260
-319
-384
-210
-449
-198
-328
-354
-272
-299
-443
-200
-345
-446
-220
-411
-292
-304
-349
-236
-335
-338
-244
-282
-287
-281
-254
-230
-329
-200
-316
-261
-218
-377
-198
-232
-366
-102
-350
-333
-58
-478
-172
-215
-385
-154
-280
-362
-131
-349
-337
-149
-389
-199
-287
-211
-307
-226
-310
-244
-332
-293
-216
-359
-260
-221
-293
-282
-179
-376
-195
-307
-281
-115
-278
-194
-122
-252
-193
-146
-262
-182
-221
-231
-159
-210
-155
-234
-185
-258
-189
-264
-244
-222
-226
-268
-256
-213
-306
-175
-312
-197
-293
-209
-260
-273
-130
-250
-214
-144
-166
-285
-52
-258
-71
-188
-150
-81
-169
-33
-124
-63
-119
9
-197
30
-120
-48
-80
-112
9
-118
-78
-85
-44
-93
-27
-131
28
-125
-49
-69
-89
-59
-95
-84
-48
-98
-162
-42
-152
-167
-99
-17
-207
-42
-74
-118
-60
-80
-73
-66
-80
-86
51
-125
31
-35
9
-35
35
-20
32
61
-23
127
13
36
70
30
27
39
-20
-24
48
-66
17
22
-51
7
-26
-137
28
-96
-115
10
-117
20
-25
-107
19
-33
-102
90
-71
-14
93
-118
53
93
-141
89
15
-79
125
-56
-14
67
-62
-33
95
-131
44
-25
-114
10
26
-169
48
-111
-173
32
-204
-44
-76
-109
-182
-12
-242
48
-124
-45
-39
-167
-77
-173
-89
-114
-98
-166
-37
-167
-107
-36
-210
-138
-166
-142
-248
-181
-102
-283
-192
-150
-355
-103
-243
-263
-78
-216
-251
-78
-167
-250
-74
-293
-141
-290
-84
-399
-10
-365
-133
-183
-318
-6
-352
-161
-290
-117
-315
-96
-325
-10
-330
-262
-88
-368
-177
-245
-230
-222
-173
-242
-180
-224
-280
-132
-267
-264
-244
-297
-321
-255
-293
-236
-348
-270
-240
-361
-214
-227
-353
-199
-213
-352
-106
-349
-229
-253
-205
-332
-180
-192
-387
-108
-304
-238
-251
-221
-229
-259
-295
-187
-255
-329
-106
-305
-190
-204
-318
-205
-204
-269
-179
-162
-289
-117
-250
-251
-185
-255
-149
-291
-166
-280
-209
-222
-270
-191
-276
-257
-195
-277
-155
-258
-203
-178
-315
-115
-210
-233
-160
-117
-303
-1
-271
-136
-140
-243
-141
-215
-98
-263
-91
-214
-138
-323
-52
-319
-236
-52
-361
-119
-178
-262
-178
-193
-304
-108
-355
-124
-277
-199
-187
-252
-164
-218
-262
-149
-263
-229
-41
-373
-46
-212
-279
-82
-309
-188
-186
-188
-246
-127
-226
-89
-297
-133
-169
-270
-109
-361
-75
-266
-248
-209
-192
-306
-216
-243
-232
-264
-261
-269
-182
-355
-157
-189
-364
-106
-250
-354
-105
-354
-325
-58
-366
-156
-205
-239
-338
-120
-362
-224
-248
-244
-313
-220
-352
-257
-304
-338
-174
-455
-190
-412
-337
-278
-317
-406
-253
-359
-370
-301
-342
-379
-345
-323
-413
-221
-518
-264
-403
-355
-297
-377
-369
-190
-476
-300
-326
-478
-250
-446
-327
-403
-318
-475
-296
-372
-404
-294
-361
-398
-229
-326
-409
-208
-375
-473
-172
-451
-355
-301
-438
-415
-335
-520
-366
-360
-549
-372
-512
-436
-572
-350
-589
-429
-475
-466
-482
-435
-389
-574
-289
-513
-415
-356
-493
-432
-321
-538
-393
-347
-581
-292
-476
-478
-323
-572
-350
-525
-458
-381
-495
-520
-409
-564
-495
-418
-459
-485
-453
-495
-449
-471
-515
-338
-411
-532
-374
-397
-618
-338
-484
-478
-473
-523
-521
-421
-562
-382
-497
-584
-398
-654
-422
-533
-580
-344
-525
-432
-397
-408
-458
-532
-266
-622
-383
-367
-480
-389
-356
-531
-424
-473
-528
-368
-465
-457
-467
-445
-461
-562
-405
-503
-472
-499
-507
-442
-464
-485
-371
-405
-561
-273
-535
-337
-327
-451
-253
-460
-364
-356
-420
-317
-428
-399
-397
-493
-398
-299
-550
-341
-360
-511
-382
-363
-448
-404
-337
-414
-383
-331
-279
-512
-274
-356
-462
-265
-280
-537
-155
-356
-443
-299
-372
-440
-394
-408
-528
-334
-504
-421
-403
-358
-478
-455
-298
-595
-376
-404
-477
-384
-373
-505
-401
-408
-434
-423
-454
-407
-477
-330
-459
-442
-259
-476
-388
-284
-370
-261
-409
-253
-393
-272
-449
-266
-339
-405
-287
-419
-370
-381
-315
-494
-220
-407
-363
-380
-316
-438
-345
-279
-526
-238
-453
-353
-471
-223
-547
-246
-377
-324
-370
-215
-429
-332
-235
-515
-156
-483
-296
-330
-423
-343
-241
-543
-276
-344
-471
-181
-461
-336
-209
-490
-374
-344
-444
-504
-249
-548
-360
-356
-512
-387
-523
-437
-515
-356
-613
-306
-494
-485
-486
-507
-486
-524
-464
-492
-499
-452
-638
-472
-476
-543
-555
-402
-576
-597
-441
-633
-518
-438
-538
-560
-326
-562
-495
-404
-610
-470
-489
-554
-393
-565
-453
-570
-521
-502
-538
-577
-464
-588
-537
-463
-648
-469
-512
-523
-626
-403
-585
-477
-495
-586
-396
-639
-494
-494
-503
-415
-564
-387
-550
-451
-495
-467
-472
-383
-525
-420
-513
-491
-403
-523
-381
-507
-253
-508
-376
-257
-522
-265
-415
-440
-278
-391
-387
-344
-444
-321
-420
-476
-165
-546
-284
-325
-489
-293
-383
-491
-297
-316
-459
-142
-518
-286
-325
-431
-312
-270
-363
-328
-181
-383
-239
-292
-242
-346
-219
-197
-316
-186
-245
-276
-236
-250
-323
-162
-312
-316
-88
-352
-191
-262
-284
-273
-245
-296
-195
-274
-255
-237
-354
-190
-270
-167
-277
-207
-231
-299
-257
-357
-151
-317
-225
-343
-89
-441
-183
-318
-318
-277
-261
-284
-340
-196
-376
-223
-445
-116
-371
-243
-277
-182
-260
-267
-124
-247
-193
-237
-318
-234
-186
-246
-209
-159
-207
-225
-206
-227
-254
-221
-219
-247
-156
-302
-173
-234
-224
-113
-323
-20
-250
-181
-85
-165
-171
15
-170
-21
-72
-282
41
-293
9
-219
-140
-165
-121
-233
-46
-230
-121
-153
-173
-96
-257
42
-251
-8
-101
-127
-91
-2
-221
40
-45
-139
5
-36
-110
-110
50
-238
-80
17
-196
-115
-86
-76
-248
-10
-141
-157
-34
-206
-135
-164
-99
-200
-65
-139
-65
-250
-98
-235
-174
-130
-187
-142
-162
-101
-155
-106
-185
-184
-60
-109
-197
-48
-146
-113
-88
-146
-94
-98
-128
-68
-238
44
-139
-142
-29
-169
-174
-62
-177
-139
-10
-168
-4
-316
71
-237
-227
44
-293
-123
-1
-226
-7
12
-161
-53
-116
-42
-168
-74
32
-266
172
-161
-83
118
-158
156
-99
-11
116
-104
-116
214
-264
96
-42
-116
27
-89
-14
-90
86
-63
-45
2
-74
-70
38
-131
2
55
-143
48
15
-76
-69
7
66
-162
123
67
-58
31
184
-251
253
14
-97
336
-128
196
83
58
219
145
-11
362
-28
241
100
21
175
54
52
160
155
-12
97
105
12
70
184
-23
326
-49
157
222
-25
196
190
25
319
88
-2
459
-210
276
183
68
307
30
126
328
63
104
358
17
219
156
209
103
255
134
173
375
-119
451
41
196
259
187
125
406
-31
366
175
58
401
-6
328
300
-78
325
250
-151
458
140
63
299
152
-14
480
-6
265
212
274
103
240
298
83
414
179
201
329
273
65
484
251
71
391
318
130
163
375
120
158
226
168
358
85
212
282
-28
144
149
-32
407
-92
124
353
-299
267
188
-48
222
116
199
-8
118
205
-4
115
174
11
219
-87
92
98
-87
164
-93
87
131
-97
171
83
-167
371
-57
2
171
-69
122
-133
169
107
-30
186
-57
15
123
-240
188
-101
-97
173
-180
122
62
-28
98
-4
-18
51
-17
26
112
77
117
-49
233
-14
-39
328
-80
226
15
195
-56
181
102
1
130
85
-7
85
119
-26
172
-76
190
-122
200
-55
144
77
55
174
-29
196
84
46
154
76
15
279
37
60
184
256
-85
350
149
-224
435
-100
71
333
-34
255
143
54
236
80
127
376
-110
252
264
-65
397
148
53
372
15
143
357
-117
354
83
131
146
169
205
86
253
170
107
216
175
137
172
80
146
31
174
73
168
139
160
94
130
52
192
14
230
-84
219
-2
58
128
-71
102
142
-41
-51
289
-195
179
162
-62
255
59
161
71
106
136
40
184
112
143
68
208
-21
245
86
106
230
261
154
80
221
130
-6
348
143
199
285
154
296
244
175
225
254
177
327
55
380
109
104
316
105
151
262
230
13
299
118
99
289
38
360
81
213
188
251
136
324
150
330
267
131
418
226
147
444
204
312
201
337
338
151
471
147
233
366
186
237
390
-17
513
213
101
541
108
246
413
83
342
340
135
412
129
417
104
373
337
89
482
228
129
570
-67
301
402
75
412
341
207
428
364
105
577
165
401
358
376
259
367
435
99
650
212
324
523
248
380
462
322
385
342
227
452
352
280
320
241
273
186
346
315
215
351
273
267
397
297
139
591
16
368
366
155
423
103
398
413
99
292
515
82
463
329
237
350
196
351
467
98
496
232
297
324
337
420
239
489
21
407
311
283
375
473
87
523
216
0
512
-12
246
294
35
118
341
1
202
205
161
176
233
161
169
322
180
282
315
312
293
216
330
140
251
309
171
302
197
158
183
142
112
61
100
284
-81
128
208
-107
188
-22
92
135
109
66
222
36
153
143
73
244
87
179
78
155
128
104
351
-61
302
15
19
254
-73
160
73
-47
257
26
10
168
-180
257
63
-99
183
-48
1
93
23
227
-36
218
64
56
197
-21
66
306
64
141
195
-82
265
-126
150
91
9
250
-49
134
272
-191
108
244
-169
264
74
-89
264
-109
37
172
-102
246
-30
90
289
-192
161
62
-4
177
51
48
129
-74
141
56
83
188
1
266
40
75
102
-66
299
145
84
277
61
79
142
-20
133
5
1
165
-3
130
-55
70
60
50
73
76
109
72
86
98
157
59
77
106
153
35
101
67
109
173
139
77
125
76
36
79
125
123
7
65
109
27
-74
-53
13
-31
-35
22
-9
-67
0
8
-20
95
2
-13
146
101
-57
-3
33
-1
80
82
20
30
-98
-53
43
-37
-10
-69
81
57
-140
30
-34
-82
-3
3
10
78
-36
-71
67
37
20
-53
37
89
44
-86
18
39
-79
1
-28
19
-162
-134
-115
-7
-141
-132
-82
-104
-72
-152
-188
-27
-141
-169
-29
-104
-40
-191
-170
-3
-129
-131
-38
-161
-67
-32
-290
-99
-58
-210
-132
-82
-134
-209
-128
-96
-40
32
-61
-99
7
-25
-86
11
5
-68
-92
-108
-72
-128
-108
-123
-133
-74
-130
-207
-130
-113
-269
-178
-121
-223
-122
-190
-202
-211
-251
-166
-221
-195
-192
-240
-163
-178
-282
-179
-209
-243
-150
-128
-156
-234
-199
-287
-269
-161
-306
-226
-134
-152
-341
-344
-398
-433
-380
-308
-261
-352
-337
-436
-453
-388
-328
-309
-204
-51
-171
-210
-209
-150
-147
-112
-46
-85
-188
-161
-153
-198
-206
-195
-244
-158
-162
-272
-292
-296
-390
-363
-309
-276
-304
-433
-414
-466
-407
-402
-401
-281
-264
-302
-262
-295
-251
-218
-276
-130
-66
-139
-142
-168
-216
-290
-321
-259
-230
-301
-335
-403
-462
-484
-569
-549
-488
-480
-516
-515
-457
-656
-651
-535
-509
-397
-411
-462
-448
-491
-430
-406
-347
-246
-299
-305
-284
-320
-389
-283
-177
-175
-122
-139
-217
-263
-300
-348
-314
-310
-318
-281
-208
-264
-404
-378
-352
-405
-365
-259
-303
-287
-271
-314
-271
-193
-240
-200
-96
-111
-159
-132
-90
-180
-77
-64
-79
-35
-87
-117
-147
-135
-179
-184
-156
-220
-225
-247
-324
-285
-303
-304
-378
-380
-424
-359
-395
-413
-393
-403
-464
-371
-413
-341
-320
-378
-371
-408
-364
-424
-375
-364
-386
-338
-285
-314
-307
-277
-295
-265
-244
-236
-200
-118
-102
-170
-157
-198
-218
-164
-17
20
9
-26
-263
-397
-445
-417
-310
-193
-217
-385
-480
-595
-613
-669
-506
-460
-430
-252
-278
-284
-325
-286
-229
-81
152
247
290
311
213
204
273
299
437
417
409
411
249
216
102
84
83
82
40
-28
-99
-252
-368
-385
-278
-257
-229
-213
-292
-337
-383
-317
-218
-173
-145
-106
-174
-300
-439
-624
-571
-563
-541
-470
-460
-515
-656
-639
-591
-480
-282
-156
-48
9
77
104
98
154
226
230
405
520
635
632
437
236
74
12
-37
-82
-91
-235
-446
-654
-793
-924
-1011
-988
-894
-726
-676
-545
-560
-473
-387
-269
-14
181
474
609
647
726
716
682
738
857
868
804
718
554
389
271
137
97
78
35
-42
-204
-259
-259
-329
-304
-168
-147
-76
-17
-26
-10
41
84
123
275
314
257
228
51
-31
-189
-305
-327
-497
-572
-768
-1002
-1159
-1263
-1341
-1246
-1076
-1039
-840
-676
-583
-451
-299
-55
241
407
564
635
797
772
738
842
837
844
686
515
392
150
-73
-399
-583
-762
-922
-1156
-1286
-1374
-1554
-1533
-1504
-1320
-1092
-931
-688
-506
-200
-5
185
543
836
1057
1123
1205
1245
1191
1130
1089
1015
877
722
544
455
310
54
-117
-263
-257
-385
-427
-399
-420
-400
-380
-270
-166
-29
102
115
260
287
361
408
403
461
371
291
196
36
-91
-333
-549
-786
-1001
-1107
-1304
-1348
-1432
-1453
-1527
-1437
-1297
-1081
-695
-380
-72
109
291
524
738
891
988
1042
1137
1091
996
946
798
585
233
148
51
-156
-497
-829
-1123
-1328
-1459
-1596
-1551
-1586
-1588
-1547
-1389
-1033
-849
-584
-210
187
509
659
922
1092
1268
1278
1301
1382
1283
1155
891
772
604
324
124
16
-113
-283
-468
-523
-574
-623
-656
-565
-436
-318
-200
-172
-13
116
295
405
529
602
471
517
537
499
376
225
-29
-229
-361
-509
-641
-845
-1074
-1335
-1500
-1559
-1655
-1667
-1660
-1581
-1346
-1110
-782
-483
-121
258
416
640
769
911
992
983
1059
1025
914
585
314
173
-74
-275
-489
-571
-750
-1083
-1379
-1680
-1834
-1959
-1969
-1856
-1717
-1551
-1566
-1384
-1131
-847
-542
-149
267
600
875
891
938
1044
967
897
797
704
546
263
15
-256
-372
-542
-667
-774
-824
-868
-945
-876
-803
-673
-600
-474
-276
-157
-18
4
149
333
393
449
435
386
278
154
36
-92
-212
-422
-626
-840
-1065
-1233
-1408
-1463
-1523
-1652
-1792
-1793
-1740
-1678
-1525
-1349
-1012
-720
-399
67
462
687
597
552
692
840
909
883
850
668
285
-141
-356
-419
-608
-815
-914
-931
-1073
-1440
-1772
-1954
-1964
-1945
-1819
-1527
-1327
-1249
-1223
-1024
-663
-347
-29
288
657
917
985
967
991
954
767
646
524
452
225
-125
-399
-528
-576
-661
-672
-630
-670
-671
-663
-475
-310
-204
-58
-17
205
296
327
371
407
429
356
301
221
133
31
-107
-330
-467
-578
-746
-855
-996
-1083
-1192
-1244
-1230
-1260
-1304
-1415
-1462
-1436
-1230
-1018
-764
-453
-210
56
322
573
586
528
585
709
808
788
703
557
192
-213
-422
-459
-535
-684
-764
-770
-826
-1027
-1379
-1624
-1687
-1651
-1506
-1273
-1068
-922
-909
-856
-595
-209
137
423
732
983
1082
1012
958
848
737
569
401
323
217
-2
-371
-527
-614
-583
-528
-580
-547
-554
-538
-457
-239
-66
5
38
136
290
357
370
300
363
331
194
138
16
-37
-220
-326
-468
-562
-744
-1006
-1068
-1049
-998
-1009
-1064
-1186
-1360
-1494
-1469
-1391
-1208
-1078
-846
-524
-322
-85
136
393
430
319
387
516
649
515
373
288
68
-336
-633
-592
-603
-700
-827
-825
-778
-957
-1284
-1532
-1545
-1444
-1398
-1291
-1145
-1013
-1014
-944
-665
-334
-87
98
435
738
922
813
682
613
540
376
172
62
-59
-249
-545
-630
-634
-627
-639
-710
-578
-459
-368
-374
-244
-68
-8
22
97
240
273
159
37
20
53
-6
-88
-169
-255
-368
-618
-822
-927
-990
-991
-976
-970
-1042
-1233
-1342
-1421
-1317
-1228
-1189
-1160
-1203
-1175
-1090
-793
-528
-268
99
447
551
302
201
219
282
310
300
407
195
-281
-759
-915
-849
-881
-882
-819
-691
-763
-1127
-1464
-1628
-1500
-1346
-1176
-932
-763
-770
-878
-793
-489
-196
85
410
729
866
761
587
441
390
322
269
167
63
-131
-407
-618
-639
-502
-388
-348
-289
-204
-143
-95
-65
92
176
246
278
384
411
265
136
2
34
50
16
-87
-176
-290
-493
-621
-687
-734
-762
-786
-713
-736
-748
-825
-881
-881
-893
-889
-884
-915
-912
-850
-618
-359
-27
420
778
939
626
312
375
541
732
769
804
606
68
-434
-645
-563
-568
-578
-464
-275
-237
-641
-1152
-1442
-1370
-1162
-926
-644
-456
-406
-544
-548
-272
81
440
780
1162
1405
1345
1055
774
685
623
599
506
333
127
-252
-502
-620
-412
-243
-174
-178
-152
-1
36
126
203
353
420
514
577
624
502
295
170
225
304
253
104
-82
-138
-250
-404
-606
-717
-762
-791
-814
-859
-760
-693
-732
-803
-906
-924
-981
-947
-834
-688
-520
-371
-120
274
741
950
713
372
349
624
821
801
754
553
42
-515
-712
-586
-494
-545
-554
-418
-339
-552
-957
-1207
-1187
-943
-713
-473
-272
-228
-388
-458
-240
150
496
725
968
1230
1235
1025
765
558
463
349
271
195
83
-205
-559
-691
-501
-286
-120
-122
-70
40
131
247
246
442
505
648
715
711
598
321
131
74
208
271
195
31
-182
-330
-466
-655
-720
-728
-631
-565
-599
-551
-682
-763
-874
-958
-808
-786
-719
-841
-806
-582
-343
-26
387
1005
1247
835
334
319
708
898
873
890
772
307
-374
-646
-498
-421
-487
-502
-190
8
-224
-758
-1209
-1128
-851
-602
-385
-179
-97
-256
-341
-192
167
522
792
1140
1413
1470
1268
935
758
633
565
505
407
302
-8
-249
-435
-315
-104
-12
66
122
271
369
472
508
656
713
835
845
824
741
548
458
361
421
338
209
65
-31
-20
-104
-294
-466
-554
-549
-501
-454
-335
-322
-313
-512
-665
-667
-644
-569
-580
-457
-303
-73
151
377
799
1073
940
553
469
780
1014
977
842
605
252
-293
-560
-439
-284
-299
-480
-376
-172
-110
-396
-814
-891
-671
-338
-165
-54
15
-81
-187
-127
173
522
763
974
1104
1171
1067
875
733
637
628
538
410
257
55
-129
-285
-224
-11
185
239
225
293
377
499
524
613
703
804
820
762
608
405
184
101
145
194
238
99
-52
-178
-235
-349
-486
-514
-421
-269
-254
-340
-450
-489
-565
-619
-753
-746
-730
-688
-681
-698
-521
-285
142
724
1220
1190
665
290
384
766
1001
1014
845
427
-205
-612
-637
-489
-526
-594
-447
-209
-108
-409
-852
-1119
-975
-705
-434
-200
10
54
-138
-220
-61
277
665
987
1219
1281
1182
962
722
534
426
341
254
131
9
-299
-546
-619
-375
-80
37
36
36
253
383
480
466
530
637
751
779
698
513
296
118
67
142
166
83
-134
-304
-373
-447
-507
-634
-589
-557
-485
-434
-423
-426
-534
-659
-734
-725
-633
-650
-606
-497
-344
-59
241
879
1377
1292
673
204
432
767
1000
1008
874
399
-377
-790
-725
-475
-480
-636
-457
-119
122
-124
-574
-770
-611
-248
39
270
394
349
189
30
155
465
820
1127
1247
1209
1089
958
767
634
568
538
504
389
314
135
-43
-151
56
354
547
603
516
602
718
830
826
807
949
1049
1065
844
581
332
194
178
256
333
344
172
-13
-126
-205
-244
-259
-166
-43
57
6
-61
-136
-198
-300
-453
-524
-576
-629
-739
-718
-490
-194
64
354
869
1257
1123
640
382
628
927
1060
1084
968
487
-234
-644
-566
-272
-192
-265
-202
3
84
-179
-590
-723
-547
-248
-34
132
291
245
38
-120
9
419
840
1105
1151
1084
1059
951
838
679
546
435
340
381
364
252
-10
-129
0
242
451
416
418
418
502
596
587
629
667
743
703
512
338
144
115
66
179
223
193
32
-140
-227
-337
-334
-336
-163
-75
-61
-186
-291
-341
-488
-626
-746
-688
-664
-692
-802
-755
-529
-241
207
772
1204
960
322
-60
195
640
857
823
619
177
-455
-802
-806
-601
-564
-553
-333
14
164
-189
-709
-969
-736
-327
-23
178
275
185
-121
-325
-217
136
569
796
896
884
864
771
547
335
189
212
288
339
308
119
-130
-284
-148
88
283
289
261
335
432
489
371
305
296
431
469
366
181
-53
-209
-271
-172
-29
25
-41
-249
-304
-339
-327
-326
-320
-199
-152
-139
-194
-304
-457
-730
-883
-881
-827
-857
-1065
-1045
-789
-389
16
433
823
711
302
39
297
746
905
930
723
391
-149
-568
-610
-495
-408
-423
-302
-65
46
-202
-736
-1004
-820
-382
-70
0
20
-43
-151
-264
-265
-20
336
724
927
948
913
811
661
515
463
474
478
443
428
374
241
71
16
162
351
500
480
442
501
575
604
509
539
637
718
639
410
254
192
222
243
323
397
377
302
168
67
9
-25
-5
60
130
99
-64
-145
-289
-424
-630
-736
-685
-697
-660
-640
-433
-136
213
669
1047
1181
869
562
581
857
1136
1230
1196
869
300
-179
-335
-216
-87
-49
-24
104
240
153
-205
-566
-567
-294
0
201
357
420
338
161
28
161
523
912
1087
1074
1069
1073
1023
827
635
549
567
602
635
623
504
339
218
261
388
534
597
621
624
644
654
623
595
627
655
629
509
399
314
295
294
346
390
404
364
264
148
30
8
62
146
143
55
-39
-99
-191
-446
-718
-894
-839
-719
-622
-556
-443
-258
-23
439
941
1164
936
611
590
838
1164
1302
1242
856
318
-90
-258
-153
-59
-22
-88
-137
-94
-90
-243
-528
-686
-612
-349
-66
140
210
134
1
-81
58
438
888
1104
1062
992
1021
1056
947
769
647
617
590
585
617
603
481
287
159
173
331
449
483
480
480
499
453
456
472
493
452
360
332
338
356
329
262
270
258
263
226
182
110
40
16
31
48
-15
-110
-217
-295
-483
-715
-914
-936
-810
-727
-610
-502
-273
-28
413
875
1065
955
676
618
694
969
1238
1291
1029
491
66
-160
-135
-73
-52
-47
-87
-91
-103
-188
-381
-565
-634
-540
-323
-75
132
200
148
1
-15
216
646
1007
1090
1118
1137
1173
1131
1013
891
752
642
598
636
715
722
606
384
172
83
152
280
390
453
437
420
394
400
371
286
177
119
201
360
493
518
420
299
173
105
126
194
265
276
198
129
5
-91
-199
-332
-496
-739
-900
-939
-811
-678
-644
-604
-483
-200
218
623
825
768
666
611
636
750
939
1024
840
485
219
114
96
42
-12
-50
-78
-102
-130
-207
-345
-466
-548
-531
-459
-338
-199
-83
-23
-39
-46
100
376
597
694
772
908
1011
1005
964
891
839
768
690
633
620
680
654
526
345
175
88
49
103
170
201
163
56
3
-26
-53
-107
-151
-159
-95
-1
109
205
216
115
-38
-111
-80
40
129
145
88
-38
-149
-303
-429
-588
-787
-944
-980
-850
-762
-755
-820
-824
-628
-322
32
273
345
314
288
329
391
502
590
586
450
273
196
142
98
69
72
125
122
106
33
-62
-184
-306
-377
-448
-477
-476
-416
-310
-258
-295
-339
-229
-45
114
208
321
478
600
682
683
674
699
673
604
555
613
715
735
644
439
274
136
56
19
-3
-19
-93
-148
-200
-269
-333
-429
-464
-469
-356
-201
-37
88
93
14
-93
-97
-33
77
197
206
156
31
-78
-186
-327
-503
-719
-825
-848
-811
-837
-915
-942
-847
-671
-501
-321
-169
-35
39
42
41
30
67
103
170
223
243
204
134
98
115
232
319
358
349
289
191
49
-56
-161
-257
-366
-443
-434
-426
-403
-439
-451
-431
-341
-220
-109
50
196
356
442
493
537
580
654
675
681
689
720
741
685
572
433
308
196
136
84
24
-37
-113
-202
-278
-319
-342
-374
-366
-329
-228
-96
-21
-29
-65
-71
-11
110
228
294
276
196
83
10
-65
-176
-350
-520
-582
-591
-629
-781
-936
-955
-875
-707
-594
-504
-409
-303
-251
-266
-273
-219
-175
-155
-91
47
189
230
186
130
184
291
390
466
505
483
352
173
-7
-138
-205
-310
-415
-486
-503
-525
-532
-549
-577
-546
-472
-346
-217
-58
126
245
322
397
469
548
615
642
632
655
668
660
566
428
297
163
73
-23
-109
-190
-242
-272
-285
-311
-352
-380
-349
-251
-150
-76
-62
-103
-114
-66
32
137
203
188
104
20
-60
-111
-216
-365
-488
-544
-555
-618
-744
-896
-999
-972
-864
-745
-663
-605
-545
-495
-437
-334
-274
-249
-262
-236
-124
48
199
254
249
267
354
455
552
637
668
617
454
227
64
-50
-156
-271
-367
-465
-558
-612
-660
-655
-628
-563
-491
-388
-254
-117
41
198
327
422
502
553
598
647
667
672
648
595
521
436
358
254
137
19
-97
-143
-152
-136
-151
-185
-233
-229
-144
-69
-10
-9
-26
-45
-23
59
155
221
219
135
41
-39
-51
-116
-233
-374
-447
-460
-491
-562
-705
-815
-855
-819
-730
-647
-564
-504
-460
-397
-307
-218
-161
-154
-178
-136
-12
138
229
267
328
403
472
505
524
541
504
377
214
63
-65
-188
-326
-477
-585
-675
-747
-789
-796
-750
-662
-572
-479
-357
-215
-88
41
202
376
482
531
538
520
504
468
406
341
304
245
161
67
-35
-140
-235
-309
-331
-312
-278
-276
-284
-285
-257
-187
-139
-122
-148
-169
-173
-144
-84
-18
9
-39
-114
-206
-261
-335
-453
-593
-677
-707
-742
-809
-922
-1044
-1111
-1092
-1001
-912
-854
-777
-694
-611
-495
-385
-303
-271
-267
-211
-92
47
177
225
236
262
299
345
379
395
370
257
72
-91
-213
-306
-431
-581
-712
-798
-831
-851
-851
-801
-714
-609
-503
-388
-276
-143
-12
135
290
440
532
545
534
489
449
408
366
315
271
235
145
5
-131
-243
-331
-369
-328
-253
-175
-145
-172
-202
-210
-153
-103
-68
-68
-101
-96
-49
16
14
-42
-129
-185
-237
-326
-428
-513
-594
-659
-705
-770
-818
-876
-916
-903
-830
-725
-589
-434
-250
-74
13
37
29
43
120
234
364
475
496
446
384
370
425
474
489
450
324
166
-3
-132
-234
-303
-420
-544
-625
-651
-582
-560
-545
-513
-383
-212
-79
63
197
339
458
564
674
780
891
911
854
734
616
537
466
409
358
287
183
48
-73
-162
-188
-203
-194
-150
-64
4
49
78
96
152
177
181
138
106
132
183
224
193
103
-22
-145
-246
-334
-417
-501
-567
-654
-735
-788
-816
-824
-778
-683
-543
-367
-155
57
223
276
261
279
349
422
524
620
672
633
512
393
308
309
317
335
285
163
-32
-281
-450
-539
-547
-540
-580
-644
-675
-640
-573
-505
-456
-349
-151
84
334
511
650
720
720
712
697
744
813
851
777
610
422
242
103
-12
-76
-124
-171
-257
-333
-362
-352
-322
-285
-252
-189
-96
14
88
126
149
162
141
113
102
118
93
31
-101
-268
-394
-517
-600
-715
-840
-973
-1099
-1116
-1073
-925
-791
-661
-576
-436
-191
127
357
424
440
439
497
599
743
870
811
616
324
156
107
114
138
79
-62
-263
-429
-631
-765
-828
-839
-814
-801
-745
-649
-529
-440
-397
-338
-206
15
278
525
742
893
953
896
808
762
789
831
802
729
622
507
359
167
-19
-182
-269
-274
-269
-237
-221
-186
-186
-224
-237
-188
-77
69
176
238
247
256
230
215
191
154
107
2
-99
-226
-370
-534
-705
-814
-879
-921
-964
-985
-964
-907
-764
-543
-286
33
362
617
707
696
712
781
913
1057
1195
1216
1060
779
487
314
209
198
191
126
-36
-256
-507
-714
-835
-838
-773
-711
-618
-483
-306
-164
-66
-11
101
328
622
859
1020
1118
1233
1308
1303
1207
1115
1044
978
894
813
765
665
527
313
98
-51
-111
-101
-62
-19
19
50
67
69
62
67
126
182
271
360
430
436
387
292
193
162
112
40
-103
-256
-424
-567
-701
-831
-960
-1023
-1037
-965
-839
-664
-456
-228
87
503
830
936
825
737
796
989
1246
1466
1528
1241
798
402
214
157
135
135
39
-113
-342
-579
-834
-1092
-1171
-1172
-984
-723
-449
-234
-193
-200
-238
-70
256
701
1053
1231
1349
1365
1349
1232
1109
1044
1017
1006
922
822
687
517
285
31
-138
-209
-152
-58
26
55
29
12
8
34
78
149
230
277
301
305
254
200
95
28
-20
-61
-121
-276
-414
-579
-730
-919
-1071
-1150
-1199
-1198
-1221
-1211
-1137
-965
-721
-492
-148
314
749
943
837
693
673
792
974
1188
1335
1184
763
255
-112
-244
-268
-237
-307
-423
-626
-861
-1089
-1319
-1414
-1402
-1262
-1048
-746
-395
-200
-147
-242
-233
10
486
1002
1284
1408
1366
1294
1152
987
900
885
922
844
734
600
489
345
101
-122
-291
-267
-119
111
305
378
304
190
132
169
291
435
516
526
471
357
225
56
-50
-128
-204
-275
-343
-406
-476
-658
-894
-1154
-1249
-1224
-1083
-999
-951
-994
-977
-856
-609
-205
340
944
1296
1208
896
692
795
1021
1271
1469
1447
1095
489
30
-223
-287
-304
-365
-443
-549
-649
-849
-1146
-1437
-1534
-1410
-1172
-835
-494
-262
-191
-252
-313
-232
195
743
1169
1330
1329
1297
1216
1102
974
892
910
895
829
741
648
516
267
-6
-240
-267
-137
94
283
386
357
303
291
333
396
493
550
532
466
379
312
215
101
-99
-264
-381
-435
-450
-548
-709
-892
-1070
-1146
-1180
-1111
-1051
-1028
-1041
-1017
-825
-596
-295
26
481
988
1328
1311
1031
834
871
1034
1249
1413
1402
1039
405
-179
-444
-405
-294
-247
-317
-494
-709
-923
-1171
-1383
-1402
-1207
-983
-708
-424
-218
-191
-287
-385
-259
188
766
1152
1290
1263
1163
1017
828
713
727
850
925
882
748
578
359
147
-81
-175
-102
116
306
422
395
338
259
243
277
393
556
623
575
407
230
46
-67
-152
-211
-266
-391
-556
-744
-883
-976
-1081
-1138
-1178
-1139
-1105
-1067
-1083
-1077
-983
-841
-567
-246
158
613
1081
1347
1257
910
678
732
983
1196
1346
1281
838
157
-408
-610
-537
-427
-363
-409
-518
-696
-880
-1098
-1314
-1303
-1139
-859
-573
-283
-101
-155
-303
-460
-360
52
612
1028
1136
1068
917
794
659
582
656
791
904
866
757
615
480
338
171
87
167
445
727
864
791
599
447
452
545
669
777
778
666
452
203
63
-38
-81
-173
-280
-365
-472
-541
-707
-842
-946
-988
-938
-849
-730
-729
-810
-938
-995
-835
-525
-167
112
353
694
1085
1290
1106
828
753
857
1011
1202
1416
1300
724
5
-464
-526
-407
-269
-271
-363
-494
-690
-924
-1191
-1286
-1150
-904
-675
-452
-207
-135
-228
-418
-506
-278
215
753
1000
983
859
738
628
501
469
609
840
945
823
645
478
377
282
217
282
418
660
743
753
682
613
583
558
580
615
680
639
411
145
-67
-151
-195
-217
-249
-350
-458
-638
-741
-828
-819
-785
-788
-811
-841
-809
-807
-887
-945
-947
-787
-550
-378
-190
-17
323
686
977
994
761
550
509
656
892
1100
1092
629
-16
-519
-608
-450
-346
-347
-444
-524
-697
-875
-1088
-1206
-1175
-1073
-907
-692
-390
-205
-290
-545
-721
-584
-124
419
759
790
671
486
322
234
247
442
656
709
545
328
195
120
95
78
130
268
429
516
495
473
431
381
337
345
430
488
414
162
-94
-259
-348
-382
-417
-442
-517
-620
-800
-964
-997
-921
-850
-828
-855
-878
-927
-1049
-1118
-1139
-1048
-937
-824
-717
-592
-349
16
521
866
818
482
196
242
473
848
1137
1070
521
-237
-683
-716
-552
-471
-497
-585
-726
-874
-982
-1053
-1075
-1076
-1030
-940
-696
-372
-197
-265
-533
-749
-681
-243
307
653
714
516
258
73
11
113
326
533
537
381
191
41
-14
-5
115
259
360
385
361
398
434
452
442
433
465
433
355
199
13
-121
-237
-290
-363
-403
-445
-508
-653
-796
-898
-889
-850
-778
-708
-683
-752
-868
-999
-1067
-1116
-1096
-1042
-983
-909
-839
-725
-533
-220
252
632
669
354
38
118
453
825
950
765
257
-399
-786
-819
-621
-490
-510
-623
-834
-946
-985
-988
-1029
-1088
-998
-829
-559
-352
-270
-355
-556
-624
-453
21
538
844
812
509
241
188
302
394
489
608
603
469
214
46
-2
92
185
234
281
369
481
492
435
329
304
375
405
412
316
217
49
-116
-233
-295
-255
-264
-333
-459
-569
-562
-593
-601
-652
-646
-589
-605
-599
-702
-771
-913
-1063
-1117
-1124
-976
-897
-754
-630
-411
-16
415
790
731
409
226
367
790
1020
1124
885
295
-364
-769
-654
-459
-387
-530
-738
-782
-837
-799
-864
-954
-924
-813
-557
-368
-142
-84
-202
-373
-425
-156
301
753
886
720
490
346
353
361
366
444
571
616
448
211
25
-60
0
140
336
458
541
519
475
417
335
337
392
520
603
527
333
70
-106
-198
-254
-276
-244
-196
-205
-350
-520
-670
-666
-579
-424
-321
-310
-408
-531
-713
-843
-894
-851
-773
-775
-771
-792
-641
-359
-12
417
818
971
753
445
458
711
1009
1051
916
522
-1
-428
-593
-539
-534
-572
-600
-580
-561
-552
-616
-747
-844
-745
-494
-178
54
115
15
-131
-192
-115
158
543
843
897
724
534
388
359
398
495
618
616
514
296
143
59
119
233
340
386
432
495
525
456
357
302
349
497
585
577
420
195
-40
-195
-226
-149
-39
-3
-76
-185
-327
-433
-464
-446
-349
-246
-157
-140
-231
-435
-758
-931
-922
-782
-699
-697
-670
-633
-480
-218
156
613
947
1036
834
728
796
938
996
876
667
325
-93
-423
-523
-483
-544
-679
-775
-725
-563
-333
-211
-318
-471
-477
-244
30
255
432
484
372
161
137
400
824
1086
1036
858
739
728
731
645
562
523
616
667
641
543
430
406
444
511
588
714
802
821
747
621
548
648
772
783
673
519
320
137
8
-65
2
142
214
135
-28
-149
-242
-185
-90
76
135
106
-32
-289
-506
-629
-597
-519
-531
-587
-610
-547
-359
-81
286
638
1001
1225
1234
1133
1011
1012
1002
961
891
677
313
-172
-502
-588
-631
-676
-713
-557
-345
-183
-200
-399
-491
-405
-91
203
356
497
488
436
283
251
427
690
922
930
845
687
553
474
409
442
526
632
632
489
361
257
283
386
516
640
686
723
670
636
578
583
646
692
723
616
478
251
80
-27
-17
90
159
135
-18
-150
-197
-135
-93
-14
24
114
62
-44
-235
-339
-429
-511
-543
-554
-519
-563
-604
-616
-429
-108
235
571
887
1095
1144
956
699
524
544
588
577
378
21
-404
-763
-921
-918
-771
-594
-358
-182
-95
-154
-222
-245
-143
79
362
537
590
520
381
237
184
274
421
589
667
669
576
449
324
260
261
347
483
619
647
583
492
390
415
518
685
784
839
832
757
644
538
474
490
572
617
566
372
188
50
43
36
78
80
103
114
73
-65
-158
-141
-9
160
165
107
-82
-219
-430
-516
-504
-419
-362
-423
-527
-534
-482
-258
-44
231
497
711
881
807
644
401
257
249
221
202
43
-185
-463
-727
-747
-687
-474
-293
-97
51
74
219
301
327
192
118
262
421
562
536
421
241
-16
-54
117
455
656
617
479
316
342
382
441
472
567
701
718
676
574
531
582
656
699
696
711
713
640
525
399
397
465
459
385
259
228
203
208
201
117
101
109
152
180
160
153
124
143
128
138
155
90
-19
-168
-229
-253
-194
-186
-225
-336
-422
-434
-367
-202
-32
157
339
490
548
521
383
229
82
107
211
265
221
18
-123
-223
-193
-63
91
275
452
681
724
561
328
150
149
245
401
488
454
326
99
-86
-140
-24
203
442
631
658
566
417
319
382
518
711
817
871
857
734
623
506
530
603
717
773
723
615
450
364
334
341
382
495
573
595
469
366
271
273
324
361
411
433
405
369
315
273
286
308
319
260
204
119
8
-110
-240
-274
-289
-273
-355
-470
-591
-639
-637
-486
-300
-50
109
160
99
25
63
105
199
316
421
499
425
293
170
134
216
288
402
437
401
368
297
190
-7
-121
-117
-78
-34
-33
-72
-148
-219
-214
-124
90
310
428
490
500
499
474
441
460
548
692
721
637
493
343
290
303
333
358
386
423
363
254
127
132
280
436
529
557
522
415
293
229
249
324
420
435
415
346
289
172
131
98
144
163
216
175
98
-118
-286
-421
-432
-447
-459
-454
-533
-641
-823
-860
-846
-662
-556
-413
-251
-49
9
-3
-17
144
375
544
580
537
535
414
342
286
281
213
198
195
171
87
-99
-296
-417
-428
-347
-279
-257
-257
-265
-259
-283
-221
-71
116
274
410
471
392
287
261
331
443
532
538
447
330
232
185
168
182
227
299
289
202
134
150
196
262
300
344
384
438
415
354
303
306
363
408
431
383
331
245
172
106
62
38
25
30
5
-56
-221
-374
-567
-634
-678
-599
-560
-558
-665
-834
-969
-1027
-939
-839
-656
-488
-298
-167
-32
70
153
202
313
488
635
647
583
514
357
190
50
68
67
21
-38
-82
-179
-360
-463
-457
-379
-325
-299
-297
-295
-273
-267
-244
-186
-67
45
119
158
157
130
111
164
234
283
273
267
236
240
224
183
111
130
198
282
262
229
190
191
239
255
288
316
380
386
341
275
252
285
304
282
240
214
170
111
67
49
-13
-121
-214
-252
-290
-319
-417
-534
-623
-646
-689
-717
-801
-788
-795
-788
-877
-881
-872
-794
-717
-518
-359
-184
-60
45
103
95
154
257
422
451
424
337
251
75
-37
-79
-21
-38
-95
-148
-204
-273
-383
-404
-408
-378
-392
-376
-364
-350
-336
-350
-346
-339
-302
-227
-126
-52
-38
-40
-8
59
123
163
194
219
250
243
239
256
290
284
251
216
182
125
54
23
44
108
112
140
156
166
168
168
171
151
117
79
83
101
55
-58
-199
-308
-373
-396
-428
-458
-485
-487
-509
-530
-558
-577
-599
-630
-664
-667
-675
-671
-653
-696
-712
-717
-652
-608
-523
-403
-303
-213
-176
-135
-78
15
59
117
127
94
25
-7
-3
37
111
98
23
-85
-147
-203
-268
-328
-388
-373
-387
-433
-541
-612
-625
-602
-552
-498
-431
-331
-233
-182
-157
-111
-43
86
208
288
338
375
381
375
357
320
294
252
207
186
172
119
57
36
13
10
38
59
88
114
132
105
76
78
72
56
31
-28
-84
-105
-116
-139
-168
-220
-238
-214
-203
-241
-262
-257
-257
-258
-281
-318
-338
-372
-409
-469
-509
-558
-572
-572
-566
-592
-600
-563
-509
-404
-314
-242
-228
-220
-194
-127
-25
40
52
37
36
30
62
63
57
51
15
-52
-133
-191
-247
-325
-344
-383
-399
-413
-417
-394
-382
-367
-345
-247
-150
-97
-54
21
114
166
218
252
318
377
399
382
392
419
446
452
437
417
367
353
356
384
360
339
318
337
357
347
303
235
182
134
136
101
98
81
40
-5
-12
-9
26
89
119
155
164
182
196
230
219
203
182
144
97
17
-24
-116
-211
-293
-338
-386
-453
-539
-645
-674
-683
-646
-625
-575
-514
-475
-462
-470
-409
-344
-262
-218
-156
-129
-112
-107
-141
-150
-184
-167
-124
-88
-120
-150
-145
-152
-136
-126
-81
-53
-35
-38
-63
-57
-58
-70
-66
-29
12
36
19
14
35
63
90
91
141
184
218
249
262
303
339
386
424
442
463
474
480
455
429
405
371
309
275
239
202
174
153
144
116
114
129
154
197
238
274
309
343
357
360
377
389
417
412
413
377
329
276
242
183
105
40
-60
-123
-215
-266
-346
-403
-487
-588
-654
-702
-694
-696
-658
-666
-660
-658
-642
-611
-597
-539
-511
-429
-378
-301
-233
-221
-192
-144
-31
37
145
229
289
297
282
277
283
304
251
209
172
163
94
42
-23
-105
-149
-183
-195
-174
-154
-144
-136
-102
-55
-30
1
49
101
160
229
295
358
390
381
360
360
362
375
399
398
357
310
301
310
329
316
269
254
257
296
312
324
297
265
257
246
251
247
266
226
184
130
89
59
41
42
-4
-16
-60
-77
-159
-221
-288
-331
-347
-388
-420
-497
-555
-681
-781
-884
-950
-959
-978
-1002
-1062
-1054
-1050
-1037
-1021
-940
-834
-734
-605
-527
-425
-356
-282
-229
-113
30
118
173
209
206
168
178
191
189
196
208
165
124
76
2
-78
-111
-155
-197
-197
-200
-207
-204
-213
-210
-157
-118
-62
16
110
154
194
258
309
389
423
458
480
506
522
530
551
564
577
564
561
524
497
436
364
324
284
252
198
162
97
61
46
48
80
79
76
28
11
15
19
18
11
16
-13
-47
-115
-190
-277
-377
-458
-538
-604
-680
-735
-858
-989
-1077
-1140
-1146
-1165
-1120
-1100
-1061
-1062
-1036
-988
-938
-838
-793
-714
-686
-623
-562
-482
-447
-437
-379
-308
-215
-180
-83
-30
13
20
19
73
81
97
97
97
30
-27
-65
-103
-129
-138
-145
-145
-106
-109
-104
-82
-95
-94
-49
46
140
228
277
298
364
455
536
543
538
514
495
534
597
646
655
611
530
459
441
449
480
496
472
406
344
313
278
260
252
220
167
157
148
137
79
0
-54
-116
-131
-188
-212
-254
-291
-348
-415
-471
-543
-559
-583
-556
-581
-584
-610
-635
-650
-684
-720
-798
-831
-871
-891
-907
-921
-942
-976
-966
-968
-938
-898
-832
-752
-704
-643
-588
-486
-410
-349
-309
-261
-196
-163
-60
29
80
95
61
62
67
69
78
87
33
4
10
34
42
22
24
-6
9
45
112
167
199
229
230
251
297
368
426
447
476
489
510
550
598
621
625
608
599
594
592
602
585
570
548
513
469
414
331
285
231
174
111
57
-3
-59
-79
-109
-126
-143
-145
-168
-163
-167
-144
-114
-107
-94
-103
-101
-123
-149
-189
-222
-259
-270
-317
-379
-428
-485
-538
-596
-611
-658
-685
-705
-721
-738
-751
-765
-797
-797
-811
-781
-737
-684
-670
-645
-583
-554
-494
-437
-362
-307
-254
-208
-159
-81
-19
83
159
260
293
345
405
454
507
514
546
575
603
609
590
562
527
487
459
465
475
478
467
447
432
450
480
518
565
589
602
600
584
553
555
568
578
572
547
522
532
514
462
417
386
363
319
284
282
284
269
248
200
159
151
165
156
150
132
97
100
92
83
57
37
4
-18
-26
-42
-52
-86
-91
-105
-130
-161
-180
-241
-312
-362
-399
-419
-485
-538
-595
-647
-694
-742
-771
-814
-865
-919
-919
-926
-923
-886
-880
-870
-861
-810
-765
-659
-540
-428
-332
-258
-163
-81
28
80
166
248
321
383
468
538
508
498
526
546
552
567
572
546
527
501
465
427
399
381
338
320
288
267
255
250
226
202
209
216
249
268
290
305
353
372
365
391
424
440
441
443
448
434
427
403
364
338
304
294
286
275
243
187
158
113
97
75
50
16
-18
-31
-77
-77
-101
-129
-200
-244
-265
-275
-274
-290
-306
-352
-406
-479
-502
-512
-507
-505
-520
-559
-600
-615
-635
-641
-643
-619
-584
-563
-575
-588
-583
-582
-589
-589
-562
-564
-546
-525
-522
-490
-475
-422
-367
-290
-227
-160
-119
-65
-24
18
88
158
254
299
344
375
413
426
464
507
529
544
552
555
566
580
556
509
465
454
451
441
429
412
369
335
315
304
276
266
245
239
274
284
293
289
293
282
254
260
276
302
325
371
377
354
304
254
221
185
176
144
101
70
9
-52
-95
-156
-218
-232
-233
-246
-230
-221
-213
-219
-212
-237
-254
-232
-191
-167
-151
-143
-131
-114
-125
-121
-130
-142
-148
-141
-140
-158
-189
-210
-235
-239
-263
-282
-302
-333
-350
-370
-352
-407
-430
-429
-428
-448
-456
-429
-440
-424
-425
-372
-323
-273
-226
-166
-126
-114
-34
63
147
179
218
257
267
309
372
417
441
483
493
499
509
487
473
469
467
432
431
428
398
359
305
238
201
212
210
205
201
186
148
99
67
40
33
35
54
89
98
74
63
55
43
31
26
38
60
76
81
73
41
-20
-73
-75
-65
-54
-68
-80
-102
-113
-125
-138
-144
-164
-157
-131
-99
-68
-71
-70
-72
-70
-63
-48
-37
-30
-1
-6
-9
-29
-59
-104
-143
-160
-178
-187
-200
-226
-275
-324
-364
-391
-399
-406
-426
-424
-447
-450
-436
-436
-449
-445
-450
-432
-375
-314
-280
-274
-260
-245
-219
-198
-144
-107
-70
-30
-3
22
52
77
91
101
115
142
169
204
223
235
222
219
212
196
180
173
149
128
129
121
128
108
78
46
20
9
13
19
39
69
54
30
14
9
-9
-8
24
56
89
89
61
25
24
33
37
56
84
95
84
77
40
-25
-55
-48
-4
24
-5
-29
-44
-37
-34
-32
-68
-114
-140
-97
-18
14
47
39
12
1
22
74
120
160
171
153
122
115
100
85
84
70
49
15
0
-6
-18
-76
-125
-160
-181
-209
-245
-262
-260
-271
-299
-324
-328
-331
-366
-372
-374
-366
-348
-318
-310
-328
-339
-343
-292
-246
-202
-180
-154
-125
-89
-46
-32
-2
22
65
102
158
187
210
242
274
294
305
323
344
375
416
415
378
345
312
274
258
246
203
162
109
73
63
56
49
28
16
6
5
7
25
57
102
119
126
156
164
159
164
194
198
173
192
206
246
262
263
255
248
249
240
271
298
331
363
386
396
401
401
387
386
386
378
359
341
328
329
302
287
291
288
258
231
210
179
144
118
118
111
84
50
22
-3
-5
-21
-46
-86
-115
-133
-166
-189
-223
-241
-281
-304
-305
-278
-283
-302
-272
-283
-253
-231
-170
-111
-88
-65
-34
11
17
80
127
176
200
217
238
252
280
311
345
351
385
426
453
464
467
490
510
511
526
513
498
514
551
562
544
534
500
479
475
496
499
504
492
485
520
545
562
568
574
563
559
569
583
583
571
566
571
579
586
582
575
560
567
564
560
550
541
530
505
493
494
508
519
521
511
506
492
505
522
520
499
462
439
425
414
412
415
389
362
343
330
318
286
268
251
235
228
190
161
115
93
51
-2
-37
-83
-112
-165
-182
-200
-244
-299
-337
-349
-362
-358
-352
-336
-332
-338
-332
-322
-299
-268
-226
-186
-136
-103
-77
-30
-13
3
41
88
149
194
218
229
236
265
280
323
360
396
402
423
463
486
500
499
517
534
557
562
572
582
583
564
534
543
549
544
545
540
536
533
550
546
538
543
551
565
586
584
568
561
566
581
575
562
558
534
517
514
531
526
513
496
473
457
452
471
493
524
529
522
518
518
520
513
496
467
444
424
393
389
373
357
318
276
259
248
225
207
199
161
141
101
61
26
-11
-39
-73
-102
-110
-98
-100
-97
-99
-108
-116
-114
-104
-97
-105
-104
-83
-76
-83
-82
-63
-48
-52
-43
-27
-5
30
61
82
91
93
129
187
251
272
270
288
312
364
427
486
523
553
565
588
628
635
651
640
654
651
671
690
695
711
717
730
703
703
695
714
728
732
743
749
757
761
758
741
711
693
696
692
692
659
629
610
585
572
546
501
469
429
423
432
420
407
363
339
331
313
297
301
300
295
296
293
289
260
249
252
258
275
284
268
260
257
243
223
218
220
244
266
269
270
248
216
202
193
193
183
175
171
166
161
148
136
126
112
106
91
82
82
69
52
34
39
53
65
62
63
78
76
91
130
173
203
230
259
265
262
256
280
291
303
334
367
397
408
442
456
477
492
500
535
550
563
555
585
612
634
648
656
648
648
665
666
668
664
669
649
641
615
593
582
567
552
519
492
459
433
412
389
372
368
356
343
338
329
322
312
305
285
282
284
275
263
255
255
247
245
241
238
254
250
246
256
259
275
288
298
297
300
302
297
304
295
294
278
250
239
235
239
230
219
196
179
167
155
149
137
134
122
112
115
101
93
101
124
137
131
128
117
126
151
163
177
170
182
207
242
269
286
283
251
219
212
235
252
250
237
223
203
204
197
200
206
182
162
160
161
156
167
175
186
180
176
192
214
203
172
188
212
248
257
271
281
250
252
271
327
349
379
401
419
433
420
419
430
443
431
441
431
419
420
409
386
357
313
271
256
267
295
278
264
237
205
195
212
247
265
245
219
215
215
212
196
198
185
198
197
184
206
208
209
196
200
206
221
238
249
265
285
256
208
202
189
201
207
225
253
258
251
240
235
220
204
203
213
208
176
156
152
158
155
158
137
100
107
100
97
74
54
46
44
51
41
40
29
55
51
42
37
28
15
-14
-8
-4
27
6
-3
-15
-24
-7
2
9
-4
17
45
59
75
94
139
149
139
151
157
168
184
222
244
260
268
259
267
263
248
251
270
295
335
342
353
347
346
337
363
380
356
355
359
363
371
383
388
382
377
380
381
379
386
394
400
415
423
410
378
380
377
389
406
380
372
345
335
328
330
319
299
300
298
312
309
299
286
259
248
245
244
238
236
223
213
206
185
174
145
118
101
93
95
98
103
92
78
73
58
52
49
50
57
42
24
3
-30
-34
-46
-56
-61
-52
-36
-40
-56
-78
-104
-132
-137
-115
-103
-104
-111
-129
-149
-144
-136
-122
-90
-96
-68
-37
-31
-5
4
31
36
54
66
97
114
122
145
150
170
186
233
254
274
309
336
353
353
350
355
359
364
369
396
417
414
422
434
440
413
421
429
413
400
399
417
428
431
404
392
388
376
365
367
357
352
346
343
362
332
315
272
242
241
238
233
218
214
198
183
164
149
126
110
106
114
136
114
90
69
51
37
34
50
48
59
74
79
62
58
55
69
83
75
68
37
21
24
17
9
-7
-22
-44
-47
-60
-73
-66
-78
-90
-92
-76
-66
-66
-73
-71
-59
-52
-28
-30
-27
-23
-32
-19
-3
0
-9
13
40
51
55
55
67
83
72
61
49
76
100
126
145
135
108
87
83
108
140
140
159
182
190
186
181
201
223
247
259
267
264
266
289
292
291
288
279
263
277
287
276
277
275
263
251
250
263
267
240
212
198
193
169
161
163
161
129
89
70
64
29
-9
-35
-61
-82
-99
-109
-126
-128
-139
-157
-161
-173
-173
-168
-151
-128
-134
-136
-122
-98
-84
-57
-44
-43
-42
-29
-9
6
31
50
45
44
52
39
32
23
5
8
31
38
18
-7
-12
-21
-31
-26
-4
-12
-3
8
32
58
64
82
88
111
122
134
153
170
196
209
207
190
188
198
214
227
244
265
283
289
288
261
238
238
262
276
287
314
333
345
345
350
341
334
346
357
384
386
382
366
365
371
356
361
370
387
388
382
372
356
334
325
340
344
372
367
352
361
372
374
357
370
376
356
343
345
344
346
331
338
345
324
314
313
323
324
297
276
273
270
261
268
274
278
270
265
271
277
292
297
301
313
317
302
305
332
351
345
342
334
335
331
319
316
316
322
325
329
329
315
318
321
306
290
276
270
260
259
265
255
247
236
222
205
207
229
216
217
216
196
194
193
207
216
215
233
241
247
270
274
278
284
274
285
303
315
323
342
344
341
333
314
300
311
335
333
329
310
316
324
317
308
289
294
289
309
350
367
363
334
348
358
361
366
381
392
363
347
371
375
376
380
393
403
392
386
381
393
390
374
354
351
341
334
338
318
302
307
337
352
360
343
314
286
296
336
353
362
350
322
281
281
287
287
309
296
295
294
280
268
238
217
215
224
240
244
212
190
180
175
152
154
167
171
180
167
160
140
134
148
160
152
112
96
98
110
139
130
82
19
-19
-12
14
56
80
62
27
15
16
37
57
58
50
22
12
30
49
50
45
12
-14
-21
-18
3
5
4
-4
-10
-1
-10
1
32
52
58
64
70
75
95
109
120
122
129
145
179
186
186
183
177
171
151
161
161
169
167
170
181
171
153
157
167
165
162
167
162
173
179
197
193
190
192
199
212
201
191
168
146
130
137
169
158
125
94
67
81
99
112
98
84
88
79
73
75
84
83
98
109
112
99
92
76
69
57
26
24
4
-3
-4
-15
-24
-53
-69
-98
-84
-83
-93
-66
-45
-27
-7
9
-2
-27
-53
-68
-66
-57
-52
-50
-36
-45
-53
-73
-90
-76
-67
-55
-50
-32
-19
2
17
33
47
57
77
88
107
122
120
124
133
148
149
137
144
163
187
194
205
207
225
216
207
212
239
261
261
271
271
261
244
233
210
207
207
218
224
221
241
233
222
222
201
179
169
169
154
163
179
176
148
130
115
111
119
118
115
103
85
86
77
70
64
53
55
57
49
41
43
21
-8
-42
-56
-53
-49
-46
-70
-72
-75
-68
-63
-99
-105
-141
-159
-165
-151
-151
-155
-152
-156
-163
-175
-167
-161
-161
-160
-140
-126
-96
-76
-71
-63
-79
-106
-115
-100
-70
-50
-33
-22
-22
-19
-20
-5
14
31
30
72
91
94
88
49
38
35
48
62
60
60
49
35
41
60
60
56
68
71
100
111
137
148
148
145
117
123
145
161
174
184
188
185
172
181
179
190
178
163
166
177
182
171
166
154
139
128
133
132
128
122
102
67
47
34
38
28
15
18
18
30
31
16
7
13
26
18
17
26
25
9
-15
-32
-24
-15
-10
16
33
23
-6
-13
-9
-8
-18
-26
-48
-44
-20
-19
-26
-42
-61
-73
-65
-53
-37
-30
-11
-10
-13
-10
8
38
38
28
8
14
13
11
28
23
21
17
24
36
34
28
13
16
32
49
76
74
75
70
72
64
56
74
81
99
118
129
132
154
164
166
164
160
155
159
173
171
175
167
148
140
130
134
126
111
107
108
99
92
97
97
85
61
38
37
42
48
57
79
75
58
46
34
22
4
-4
-8
-11
-32
-47
-47
-42
-56
-60
-75
-80
-68
-81
-98
-111
-96
-85
-96
-105
-105
-127
-133
-108
-112
-110
-101
-92
-94
-130
-165
-179
-172
-152
-142
-127
-109
-108
-123
-144
-181
-191
-179
-170
-159
-151
-147
-150
-148
-134
-123
-136
-154
-140
-128
-109
-105
-104
-110
-117
-119
-110
-99
-113
-99
-92
-71
-70
-86
-98
-105
-97
-104
-109
-111
-123
-126
-115
-108
-98
-98
-95
-98
-112
-112
-96
-87
-75
-86
-99
-120
-139
-141
-127
-115
-123
-112
-98
-78
-84
-96
-103
-110
-118
-112
-102
-96
-83
-80
-86
-105
-106
-102
-102
-86
-96
-98
-112
-135
-133
-124
-116
-124
-138
-150
-146
-130
-132
-135
-134
-135
-139
-129
-115
-126
-141
-156
-170
-172
-164
-166
-165
-155
-156
-153
-153
-146
-134
-132
-121
-109
-86
-83
-76
-67
-57
-53
-61
-60
-64
-68
-68
-72
-61
-53
-66
-89
-100
-92
-94
-81
-81
-83
-89
-110
-112
-106
-98
-100
-99
-99
-106
-108
-109
-106
-104
-97
-94
-74
-56
-58
-71
-78
-73
-57
-44
-47
-44
-51
-41
-30
-26
-36
-56
-53
-41
-29
-22
-24
-42
-45
-42
-45
-29
-15
-16
-7
0
11
-13
-14
-44
-65
-54
-44
-51
-58
-46
-55
-68
-82
-72
-69
-62
-66
-87
-75
-66
-71
-59
-53
-61
-76
-60
-49
-54
-53
-48
-44
-36
-40
-42
-59
-49
-19
-15
-20
-36
-31
-29
-33
-40
-45
-44
-36
-15
-7
-31
-73
-120
-140
-131
-114
-82
-73
-86
-106
-108
-97
-88
-43
-24
-29
-51
-51
-41
-43
-33
-32
-28
-48
-43
-32
-22
-7
-11
-16
-23
-13
-5
1
7
37
39
31
19
19
10
23
33
47
56
61
75
63
55
29
5
-6
5
19
27
20
5
-5
-10
-6
3
-4
4
15
2
9
21
20
25
29
30
26
58
88
128
132
103
81
75
91
94
82
62
47
46
52
68
76
73
83
65
62
65
77
97
100
100
91
95
89
78
92
97
112
115
110
105
99
101
87
80
77
68
56
60
54
66
79
84
89
90
104
124
113
96
90
101
132
157
164
183
183
182
206
216
219
205
214
232
259
272
280
286
289
278
293
305
308
325
333
340
337
340
345
351
362
366
376
389
374
370
374
382
378
379
392
381
379
398
408
391
384
387
376
370
378
378
385
371
370
371
390
389
374
372
374
370
359
350
336
334
323
335
331
334
336
334
343
354
346
336
322
301
308
295
297
312
289
278
284
291
304
287
287
283
272
271
266
266
248
249
246
249
248
253
243
233
231
230
231
216
221
231
229
219
216
227
229
209
197
200
209
223
206
199
193
176
171
188
215
218
212
198
201
213
224
223
230
231
223
223
224
235
222
206
194
196
197
211
226
235
226
232
220
217
218
213
210
211
224
228
242
233
219
198
189
187
190
222
242
254
263
274
263
279
273
276
283
277
297
292
310
314
305
303
326
308
319
323
347
364
343
359
344
351
328
328
304
308
319
335
340
338
316
303
308
310
302
297
321
321
327
317
327
313
328
344
356
346
327
325
304
334
319
308
289
282
305
305
305
270
262
233
245
239
259
272
265
276
267
268
265
310
302
292
265
262
254
267
274
261
246
227
241
238
253
245
234
241
245
263
247
228
229
216
226
201
216
207
227
255
239
258
247
258
242
259
238
237
231
234
225
220
221
208
208
214
210
219
221
227
237
240
247
259
267
282
297
302
303
273
273
285
312
340
348
340
349
321
322
296
285
293
250
279
245
246
225
223
194
179
197
182
216
207
238
240
249
267
242
261
250
262
268
272
274
290
290
253
260
246
234
244
257
239
234
223
229
242
214
190
165
156
163
166
162
167
170
179
184
187
175
176
177
185
193
177
186
181
192
203
192
212
204
200
221
216
207
201
183
175
184
180
188
190
198
200
204
202
194
202
172
175
162
151
169
171
197
193
165
149
153
167
176
170
183
188
183
181
171
192
148
150
125
136
159
149
170
162
172
164
163
139
153
140
169
151
149
136
129
127
115
131
135
149
158
161
149
172
151
154
151
149
145
140
162
152
152
129
136
134
131
129
103
92
78
108
130
139
154
144
130
162
163
152
165
161
176
170
208
189
203
205
187
198
192
196
188
207
199
187
173
181
183
170
163
163
154
138
135
153
143
128
119
108
120
131
134
139
129
116
106
100
95
116
126
119
117
98
114
103
116
104
105
114
99
125
114
104
95
92
81
95
115
117
107
106
98
103
99
101
97
80
84
94
100
108
97
79
48
48
58
57
76
70
65
56
39
47
30
47
79
102
136
154
140
132
131
122
121
124
162
165
176
182
147
129
114
146
172
183
157
139
137
167
200
186
144
66
53
65
120
170
183
181
130
87
103
143
175
176
173
148
141
152
148
149
142
116
71
71
66
76
88
66
52
46
40
34
39
50
65
71
68
60
50
48
52
42
70
68
98
107
106
105
97
105
87
86
88
114
106
102
93
78
65
47
55
65
80
80
72
60
73
89
103
116
84
72
87
111
137
153
130
114
97
104
117
96
68
28
14
35
57
59
44
30
15
10
18
25
47
65
65
81
64
69
69
70
92
73
69
63
74
88
106
99
96
84
70
61
50
31
36
50
52
75
84
89
70
88
74
71
65
73
95
125
135
125
130
124
142
148
155
145
158
190
190
183
198
180
194
195
202
223
219
211
193
198
188
165
174
158
169
180
186
175
163
144
136
131
101
108
115
139
133
131
106
82
80
100
127
127
127
142
144
137
142
131
137
128
134
136
132
129
120
145
153
147
146
136
147
165
157
156
162
156
155
154
145
137
136
132
143
152
158
165
157
151
125
110
105
108
111
101
96
87
78
70
67
63
51
50
38
57
66
64
64
51
48
56
46
30
30
45
58
53
52
56
62
76
59
39
20
14
23
39
18
4
-20
-39
-38
-27
-28
-26
3
2
5
4
-13
-30
-26
-34
-28
-25
-14
-19
-29
-48
-63
-70
-71
-49
-33
-21
-20
-14
-20
-12
-20
-28
-19
-12
-5
7
6
-8
-23
-24
-17
-11
-12
-7
9
11
13
8
11
16
20
20
10
14
1
-4
-18
-34
-42
-42
-27
-46
-39
-50
-61
-71
-79
-70
-56
-41
-38
-47
-54
-33
-16
-17
-21
-33
-48
-25
-26
-26
-28
-27
2
-5
-4
-23
-29
-26
-29
3
-4
-27
-29
-16
-9
-13
-31
-49
-80
-68
-62
-50
-41
-46
-64
-86
-83
-73
-15
21
25
8
7
2
11
22
15
-1
-27
-8
-22
-21
-43
-60
-55
-36
-21
-31
-17
-26
-35
-29
-28
-39
-30
-27
-13
2
16
16
21
25
25
30
13
8
12
12
19
17
2
-6
-13
-35
-26
-31
-39
-20
-13
-20
-6
-2
13
14
29
38
41
62
76
96
108
138
132
113
95
94
95
111
100
101
88
74
68
34
21
14
38
56
57
61
59
67
93
93
91
95
106
115
112
98
80
95
88
90
90
84
75
72
76
83
67
68
75
74
93
85
74
52
53
35
23
10
-8
11
28
30
16
-7
-43
-40
-44
-52
-60
-63
-59
-57
-41
-46
-68
-72
-55
-46
-36
-27
-36
-42
-49
-36
-49
-57
-63
-59
-52
-49
-30
-26
-32
-46
-70
-79
-88
-79
-68
-50
-51
-73
-72
-70
-68
-74
-75
-59
-58
-54
-48
-31
-33
-37
-41
-55
-60
-66
-62
-55
-51
-47
-55
-62
-87
-96
-111
-113
-99
-124
-138
-160
-178
-184
-182
-185
-193
-194
-205
-188
-176
-169
-179
-184
-192
-186
-190
-189
-180
-177
-158
-148
-141
-121
-126
-128
-137
-123
-107
-108
-104
-100
-94
-98
-93
-98
-92
-80
-55
-39
-36
-26
-34
-40
-36
-33
-31
-31
-23
-34
-32
-28
-35
-53
-46
-40
-33
-8
-14
-16
-11
-4
-3
11
30
36
40
43
42
43
40
46
63
62
70
66
65
83
95
69
60
74
57
61
62
56
59
59
59
63
61
62
64
61
86
100
115
113
102
116
112
95
106
100
92
103
111
103
94
87
72
67
63
64
55
72
73
71
65
71
76
86
97
87
104
118
116
92
79
80
67
75
80
81
97
112
133
120
97
63
69
78
74
71
57
60
66
87
82
60
5
-36
-41
-16
30
48
49
28
-18
-17
19
34
57
67
45
11
21
20
30
33
12
-18
-41
-27
-19
16
-9
-37
-47
-47
-37
-37
-47
-33
-23
-25
-25
-21
-25
-45
-44
-49
-24
-11
7
16
19
15
1
-3
-14
-3
15
35
43
42
48
47
57
48
82
91
94
86
84
106
110
128
125
117
112
119
144
170
177
167
134
122
117
124
123
105
76
73
99
111
112
95
71
72
70
73
80
77
86
96
102
99
93
100
113
105
113
110
105
115
116
117
113
106
120
131
129
127
109
121
133
131
141
147
156
150
138
125
118
124
123
119
117
126
127
116
95
107
101
101
90
97
109
104
103
94
110
116
131
132
123
134
138
134
122
113
103
99
109
109
104
120
120
121
104
90
98
102
100
84
107
128
114
95
75
67
47
49
59
47
45
46
62
51
44
36
19
22
25
14
10
32
26
32
27
8
10
11
37
54
73
73
64
53
34
31
27
43
57
61
71
68
61
63
47
39
18
22
35
43
51
43
40
43
49
45
40
26
31
39
35
35
39
54
69
80
71
65
61
52
66
67
62
53
61
69
72
71
52
35
28
19
33
36
13
-4
-12
-17
-12
-12
-18
-15
-29
-38
-29
-21
-21
-20
-25
-27
-17
-24
-23
-36
-53
-52
-51
-62
-75
-61
-59
-57
-57
-57
-57
-60
-69
-82
-90
-80
-71
-54
-32
-32
-23
-15
-17
-26
-18
-5
-1
5
1
6
7
9
17
32
13
21
22
26
25
22
1
-3
-6
-13
-18
-16
3
-3
23
39
46
39
42
34
37
66
62
61
59
50
48
52
48
52
52
60
86
97
87
70
67
74
76
78
73
64
74
74
58
53
35
23
15
30
44
52
57
55
38
45
62
75
84
90
60
33
35
34
43
39
21
3
-10
-11
-2
-15
-29
-33
-26
-7
10
16
13
-3
-1
-16
-23
-17
-13
15
25
29
40
42
48
59
58
48
27
1
19
33
39
47
35
40
26
26
27
35
44
69
74
85
105
120
135
141
137
119
122
151
159
193
213
214
199
186
177
163
162
146
138
132
151
156
159
160
148
148
139
131
132
137
153
154
164
174
170
167
173
180
201
219
220
222
223
215
191
166
148
141
137
147
145
136
139
143
140
144
135
150
132
127
113
103
99
108
110
82
63
43
40
37
46
44
49
64
69
80
78
76
78
80
86
80
76
54
48
41
39
26
-3
-18
-17
-3
-1
5
4
-5
-10
-3
-18
0
1
6
8
4
11
-4
-10
-30
-59
-72
-83
-74
-66
-52
-47
-53
-49
-54
-56
-57
-60
-70
-56
-49
-55
-63
-70
-68
-68
-66
-71
-60
-78
-80
-93
-116
-115
-120
-105
-121
-132
-109
-104
-106
-115
-113
-121
-129
-132
-124
-125
-133
-136
-145
-143
-138
-148
-164
-176
-191
-195
-187
-195
-205
-207
-219
-210
-214
-214
-211
-214
-211
-212
-209
-212
-220
-221
-219
-212
-211
-207
-214
-244
-259
-274
-277
-279
-277
-291
-297
-300
-286
