-95
-98
-93
-99
-117
-103
-104
-115
-115
-113
-108
-100
-97
-91
-95
-94
-93
-88
-65
-54
-46
-56
-66
-68
-76
-68
-74
-92
-83
-91
-109
-110
-118
-114
-106
-95
-77
-67
-67
-74
-83
-80
-76
-72
-63
-55
-52
-76
-84
-84
-80
-90
-90
-98
-105
-90
-77
-69
-63
-75
-73
-66
-69
-50
-42
-30
-30
-32
-34
-33
-23
-51
-59
-34
-34
-26
-13
-19
-19
-26
-29
-30
-42
-38
-37
-58
-64
-76
-75
-94
-107
-107
-103
-85
-76
-69
-83
-88
-95
-88
-73
-76
-87
-80
-90
-86
-90
-98
-96
-91
-72
-71
-80
-84
-73
-53
-38
-49
-75
-97
-88
-56
-31
-32
-48
-62
-72
-77
-71
-52
-44
-42
-66
-83
-69
-22
21
58
71
74
61
48
60
69
90
95
93
93
92
81
73
57
36
29
33
33
35
36
24
12
8
17
33
53
63
79
97
120
125
104
104
99
95
100
98
104
112
105
105
105
98
84
83
84
90
99
107
105
114
120
125
143
130
114
83
78
97
119
140
150
155
153
148
145
135
127
142
133
116
107
98
81
78
69
54
35
35
33
40
64
61
80
86
99
120
131
136
120
104
100
103
115
110
110
118
128
138
134
113
104
107
108
106
113
118
105
96
99
87
80
89
101
108
126
134
109
88
93
109
120
133
137
132
131
123
123
102
93
95
107
123
128
139
121
117
100
94
101
101
120
135
143
163
180
166
155
153
138
131
143
145
163
160
144
149
147
148
159
161
170
177
181
190
190
178
171
164
153
136
125
130
128
128
132
135
131
126
119
113
114
124
130
120
124
124
111
100
94
109
113
129
135
139
149
137
132
123
127
123
122
124
125
130
128
124
113
108
118
132
128
123
131
144
141
134
140
129
129
123
115
121
118
119
118
124
122
130
147
156
148
148
149
143
150
156
139
125
131
136
131
135
142
145
139
136
135
140
164
164
167
161
160
174
168
163
169
169
187
195
202
200
204
209
203
217
213
212
217
210
215
221
228
237
243
249
231
226
228
236
237
250
255
244
254
250
236
223
218
218
208
185
171
176
168
157
149
127
123
130
129
150
169
158
162
176
188
193
188
177
174
194
222
228
222
227
230
240
236
241
242
253
264
234
235
220
207
212
216
208
188
167
153
172
210
235
233
205
175
165
178
217
226
251
249
241
253
269
296
311
320
305
299
299
310
318
320
310
281
277
255
252
272
270
267
247
235
232
240
260
293
316
324
303
274
264
255
270
303
331
354
350
321
303
303
311
320
309
306
288
293
320
336
370
367
335
312
324
328
331
322
325
320
331
341
347
346
346
346
340
352
358
372
362
355
347
343
340
316
296
278
269
278
279
289
282
273
280
273
274
283
311
326
313
305
289
294
304
323
328
333
333
310
299
290
296
288
283
299
321
329
325
319
313
311
301
288
259
259
259
280
287
270
274
271
272
273
277
266
253
245
256
269
270
284
271
265
279
284
284
293
294
293
273
268
266
269
259
264
284
296
296
291
275
274
302
314
316
312
330
327
324
312
297
280
282
286
269
270
258
280
290
297
291
282
270
253
265
261
248
229
218
208
196
185
198
228
239
255
238
231
238
255
284
297
294
294
284
271
269
266
282
281
287
293
286
283
284
281
278
282
277
280
283
266
264
266
266
276
266
247
229
231
224
228
230
228
244
232
221
218
221
235
246
248
246
232
227
224
227
228
216
222
214
223
206
195
201
202
207
191
178
173
177
198
210
200
192
199
194
194
186
178
179
174
180
178
170
170
162
157
145
141
137
128
133
140
167
174
182
182
175
175
183
206
216
209
223
232
238
235
232
241
233
225
244
244
231
226
216
214
209
215
205
196
188
189
184
171
155
145
148
150
157
165
153
149
156
167
161
147
156
164
173
172
164
152
144
160
176
173
178
183
184
176
180
164
151
153
152
160
163
158
146
135
128
131
141
148
156
154
139
129
139
152
191
207
211
200
197
204
205
215
203
180
170
181
191
186
170
156
144
152
144
140
147
146
143
138
128
126
136
140
157
172
192
186
180
172
147
151
155
157
150
159
177
180
205
213
211
209
204
219
220
241
241
238
238
236
241
243
245
228
205
198
211
235
248
242
225
208
190
189
182
178
167
154
153
160
170
161
141
129
118
117
128
132
140
145
168
180
198
206
215
212
193
214
217
229
246
245
236
229
236
231
225
222
229
227
232
232
233
234
227
208
192
189
180
173
179
182
177
189
194
187
176
175
192
189
181
185
180
188
204
201
197
181
182
188
206
216
207
209
191
190
188
196
182
177
175
176
183
199
210
197
190
199
202
196
200
200
200
181
153
151
136
140
139
141
150
152
164
154
147
151
152
142
133
145
160
178
184
175
176
173
180
177
180
187
191
189
185
178
175
173
180
194
193
178
179
187
196
208
197
206
198
207
211
205
198
196
204
191
191
185
173
169
165
172
168
158
162
154
155
155
144
141
136
149
161
158
159
143
144
153
163
164
150
143
146
147
153
158
149
145
146
141
145
147
133
117
124
131
147
144
144
151
149
148
158
155
152
161
167
168
151
122
115
124
130
130
135
124
126
133
123
114
121
140
140
150
138
142
149
147
165
167
167
165
159
157
152
146
145
149
143
143
142
147
139
143
140
125
107
94
81
74
69
60
87
90
88
96
101
105
98
105
105
109
105
118
115
121
121
124
132
131
145
150
169
169
161
164
157
153
162
157
164
164
159
138
135
118
90
96
110
128
142
152
139
149
172
195
216
214
220
218
211
203
190
184
181
163
142
137
134
136
128
133
140
136
142
146
149
161
171
166
174
167
163
145
138
153
152
159
169
173
164
161
144
116
117
125
132
140
155
145
138
132
118
118
116
115
119
122
132
141
149
163
165
166
167
175
187
186
182
185
173
148
138
130
119
105
81
71
73
87
115
108
102
106
101
105
103
107
116
120
128
137
141
155
164
176
177
177
163
153
160
167
174
163
140
124
117
113
119
117
133
142
143
133
124
120
92
47
25
33
49
71
88
96
97
79
62
46
38
47
60
69
68
84
87
86
83
63
79
80
84
84
79
88
87
82
74
71
74
69
84
98
100
94
84
89
85
91
85
90
105
118
125
128
124
106
80
70
69
71
82
88
83
90
84
61
54
61
52
57
56
40
29
40
60
59
63
59
72
75
74
83
90
83
91
98
105
113
134
150
137
148
139
126
122
113
106
106
109
107
116
103
94
100
101
114
110
89
73
68
58
73
80
89
98
94
102
99
98
104
102
104
121
126
140
148
151
158
148
136
133
132
142
140
144
145
140
146
138
133
127
112
112
119
124
120
126
126
122
114
116
103
93
85
71
66
47
43
27
32
51
55
54
51
50
63
55
48
48
51
56
69
74
83
88
73
71
66
64
67
62
65
79
92
113
101
97
92
85
84
86
94
99
95
73
58
60
64
70
69
65
57
56
69
77
73
59
52
53
59
78
80
91
96
103
103
109
126
138
148
164
164
166
157
142
152
153
150
139
131
139
157
162
152
138
131
120
127
147
157
168
161
147
151
174
212
230
231
227
206
186
177
186
178
171
155
152
170
157
153
144
135
152
168
172
164
153
141
137
133
125
124
117
115
112
120
138
145
146
148
145
139
143
150
155
148
148
159
147
141
136
137
131
109
118
129
137
137
142
152
133
131
114
108
110
116
133
137
141
131
125
106
98
80
72
63
46
27
19
18
21
19
12
13
20
19
3
9
10
12
26
37
39
41
52
63
71
82
88
118
134
136
135
133
127
120
114
101
96
93
112
113
90
76
76
81
84
89
72
78
109
107
104
109
100
96
100
103
99
102
108
110
112
112
107
95
105
111
108
107
124
125
119
121
128
148
154
162
180
195
213
228
242
233
210
201
205
204
213
230
248
269
250
227
215
206
201
194
200
222
242
249
245
238
223
214
226
234
243
262
278
293
304
300
283
286
295
287
291
300
303
309
313
321
316
335
345
353
361
372
375
369
375
372
371
368
372
367
362
361
356
364
354
351
342
327
323
322
336
356
367
366
366
363
363
359
361
360
360
361
362
357
348
328
329
321
318
321
333
344
340
337
329
332
328
334
337
326
330
324
312
306
301
308
308
302
303
304
303
300
293
288
283
278
277
276
278
265
264
271
292
304
310
304
292
291
282
274
272
273
277
277
271
273
277
282
287
306
309
325
325
331
335
326
335
341
340
325
307
293
296
294
285
268
274
283
277
266
249
237
236
244
238
247
240
223
227
238
243
251
258
248
241
247
257
253
248
252
253
249
246
235
211
189
203
210
205
201
193
203
207
208
190
166
169
180
210
220
224
219
203
211
221
231
236
248
248
246
254
247
250
238
230
222
213
214
221
213
193
185
184
196
192
180
176
185
203
207
203
208
197
198
210
213
222
243
258
264
255
241
211
199
220
238
255
263
256
235
224
218
226
225
222
216
186
180
194
207
200
193
196
187
191
196
202
230
226
232
228
228
217
205
207
178
147
135
134
119
122
114
110
110
127
133
130
136
150
165
175
189
183
181
189
206
226
231
218
212
215
217
230
218
207
210
197
196
188
184
189
193
198
210
200
190
170
142
145
144
165
175
182
187
180
173
171
186
188
181
178
190
215
222
205
197
204
210
238
256
259
236
223
220
218
222
225
235
240
261
276
282
272
279
294
279
284
284
288
277
284
277
257
255
242
236
226
239
248
249
253
236
229
232
228
233
231
240
245
244
237
232
218
224
232
237
240
253
282
288
298
293
291
291
284
281
257
262
261
276
281
272
271
268
260
247
232
229
223
229
222
199
185
185
182
185
178
163
168
156
162
162
166
159
143
141
134
126
133
158
165
170
177
178
178
164
163
172
172
165
160
166
167
174
178
182
171
157
155
156
153
152
155
159
147
137
122
100
90
84
87
87
92
90
72
65
55
44
51
59
54
51
50
44
46
45
36
39
39
53
67
67
72
67
75
78
70
72
65
69
83
87
104
107
115
112
103
102
100
99
106
105
98
83
46
48
43
32
32
41
49
54
76
73
47
33
43
45
62
79
69
70
62
74
84
90
104
112
109
106
99
68
68
81
97
108
92
77
70
90
110
120
121
124
110
98
101
123
137
131
132
113
119
128
158
177
173
158
141
129
131
135
141
154
141
138
149
138
115
96
77
79
84
70
45
40
30
19
16
21
29
31
49
45
60
71
91
103
104
99
80
76
67
68
73
88
92
89
80
57
55
60
50
51
45
48
63
71
63
56
52
53
56
73
92
104
121
141
132
106
90
91
98
95
88
57
38
29
39
28
8
4
-4
-2
3
6
6
22
36
55
66
68
68
75
82
87
81
84
100
121
135
137
125
102
96
109
107
101
100
92
97
104
105
108
97
93
104
113
134
147
158
158
156
147
140
130
130
138
148
156
155
152
134
124
116
115
120
121
134
142
143
145
154
165
167
154
147
153
161
171
176
182
185
172
159
155
154
152
152
161
165
146
121
118
106
104
93
97
100
102
116
109
107
101
109
110
100
98
80
78
101
115
113
105
109
107
105
113
124
123
126
120
113
100
100
105
93
98
98
111
123
109
99
96
102
109
129
142
150
159
173
182
179
171
165
161
163
161
161
167
164
163
166
171
186
192
194
198
189
201
205
215
227
239
239
235
241
245
248
242
236
230
256
265
264
263
235
235
237
236
236
232
228
226
218
222
231
213
209
220
220
223
221
212
198
192
190
195
197
185
192
194
192
179
183
192
194
190
189
203
203
211
199
198
204
211
210
216
223
215
230
230
225
222
231
230
219
207
213
226
235
234
210
196
188
181
179
182
170
166
178
193
212
223
233
215
219
241
240
248
247
239
223
208
211
205
209
220
232
231
227
209
203
207
223
245
233
228
213
233
257
259
236
211
185
186
222
255
270
257
255
249
261
290
319
323
324
320
299
291
299
296
271
238
221
216
223
214
225
217
212
222
225
221
218
228
236
252
257
223
213
214
221
244
255
284
301
314
302
283
268
277
285
301
306
300
284
272
263
264
263
250
230
243
247
244
246
241
232
238
257
246
246
240
250
272
264
254
249
239
233
219
206
187
177
160
161
153
150
163
152
144
154
152
155
154
163
183
194
202
197
189
198
212
222
219
198
210
223
232
235
225
208
203
208
207
215
209
214
221
222
205
193
176
168
172
182
195
210
221
229
227
202
192
190
193
187
196
202
201
219
212
213
218
218
231
236
248
241
226
240
241
242
241
233
232
230
226
227
220
212
213
224
221
222
221
217
223
237
232
228
211
189
188
181
189
196
178
173
181
174
170
162
159
173
176
167
167
160
165
177
192
196
198
197
211
226
227
227
234
235
230
229
218
223
222
237
243
238
227
213
215
203
206
208
218
233
234
233
216
206
209
223
216
220
212
206
204
203
198
195
207
209
209
207
203
210
225
213
225
219
223
245
242
241
239
240
239
230
228
245
258
256
234
230
223
226
228
215
230
236
242
238
228
221
216
206
209
206
206
214
213
217
200
202
202
193
186
186
184
182
178
176
175
181
181
190
197
201
216
229
248
259
274
273
275
286
287
279
279
281
267
257
258
238
222
208
206
202
185
170
151
145
139
119
113
108
97
88
92
103
106
104
94
94
106
130
119
108
108
107
102
101
99
101
113
130
153
140
130
121
107
115
109
96
92
97
114
117
103
94
87
80
90
91
98
108
117
117
117
126
150
192
208
201
195
193
178
172
170
190
203
188
195
184
182
166
157
154
158
173
168
166
148
128
130
115
105
95
102
100
116
132
131
142
127
139
139
142
139
121
119
128
146
148
142
157
147
151
144
131
143
144
157
158
157
161
162
156
156
173
177
164
166
184
194
176
160
143
132
126
113
94
72
66
59
68
60
59
65
52
48
39
42
58
71
78
106
124
127
133
131
129
129
128
138
165
168
168
165
163
153
138
141
131
146
161
156
148
123
110
103
93
80
56
54
60
82
98
103
90
61
44
43
49
47
60
78
88
107
99
94
93
85
96
113
123
120
111
98
107
113
102
100
103
111
121
126
133
131
113
95
89
84
92
103
108
100
80
50
41
41
41
28
13
5
14
33
58
62
56
53
44
52
50
56
64
57
49
55
46
44
40
40
47
61
66
57
53
50
37
35
39
49
60
60
55
49
45
23
22
11
4
6
5
-4
-7
-17
-28
-48
-51
-48
-55
-64
-66
-54
-57
-49
-69
-80
-86
-76
-67
-79
-72
-72
-86
-76
-68
-62
-61
-76
-68
-66
-60
-64
-63
-69
-72
-69
-68
-56
-63
-60
-62
-63
-69
-64
-57
-58
-66
-71
-66
-52
-55
-79
-82
-81
-78
-83
-88
-97
-107
-109
-105
-98
-105
-123
-135
-123
-108
-104
-111
-112
-133
-138
-139
-146
-143
-129
-135
-143
-129
-112
-91
-95
-83
-75
-72
-77
-88
-119
-121
-109
-127
-128
-136
-154
-185
-197
-201
-217
-207
-195
-215
-233
-242
-245
-243
-226
-213
-214
-213
-201
-197
-217
-214
-208
-215
-206
-202
-205
-203
-181
-171
-175
-167
-157
-144
-145
-153
-177
-197
-186
-173
-142
-147
-182
-223
-266
-283
-254
-210
-190
-186
-207
-210
-205
-177
-140
-121
-115
-128
-136
-130
-137
-119
-120
-151
-182
-205
-191
-172
-160
-166
-184
-199
-210
-208
-191
-185
-179
-177
-162
-160
-174
-178
-187
-170
-170
-171
-164
-157
-159
-161
-153
-166
-167
-171
-176
-170
-171
-175
-174
-183
-198
-212
-222
-223
-235
-219
-206
-199
-190
-186
-190
-193
-190
-188
-178
-174
-163
-175
-197
-215
-227
-233
-239
-239
-259
-287
-287
-280
-266
-268
-284
-290
-288
-274
-281
-284
-284
-284
-273
-244
-227
-231
-220
-213
-215
-213
-230
-252
-250
-231
-228
-245
-269
-282
-283
-276
-286
-297
-288
-276
-271
-261
-253
-241
-265
-286
-306
-309
-305
-292
-284
-280
-280
-290
-291
-305
-305
-312
-309
-302
-290
-283
-283
-271
-274
-284
-283
-268
-254
-238
-242
-247
-248
-251
-249
-246
-242
-243
-237
-237
-229
-215
-225
-227
-225
-235
-222
-226
-227
-228
-225
-234
-248
-252
-273
-284
-283
-281
-277
-260
-240
-243
-247
-257
-261
-246
-252
-246
-243
-250
-254
-253
-258
-252
-249
-246
-247
-231
-199
-203
-186
-189
-196
-206
-210
-199
-184
-174
-176
-173
-157
-154
-157
-172
-192
-199
-207
-214
-202
-196
-217
-242
-254
-261
-260
-250
-245
-258
-269
-273
-259
-249
-243
-232
-231
-229
-232
-216
-206
-205
-203
-204
-192
-197
-184
-174
-174
-180
-191
-189
-184
-173
-158
-152
-165
-177
-184
-181
-197
-208
-204
-200
-180
-169
-165
-172
-170
-173
-181
-175
-175
-187
-204
-216
-217
-214
-202
-192
-192
-187
-199
-189
-174
-170
-153
-158
-161
-154
-152
-141
-136
-118
-112
-111
-110
-115
-91
-89
-68
-55
-50
-37
-50
-68
-63
-75
-90
-92
-82
-81
-74
-63
-78
-82
-105
-108
-106
-115
-124
-121
-113
-96
-84
-80
-85
-89
-82
-75
-66
-60
-59
-68
-51
-50
-46
-42
-45
-34
-14
-21
-30
-36
-31
-12
-22
-31
-36
-19
9
27
21
1
-18
-36
-34
-22
-13
-1
-7
-10
-6
-13
-6
2
21
25
19
4
-9
-20
-22
-22
-18
-17
-10
0
-3
-13
-17
-15
-12
0
12
11
13
1
-12
0
7
19
18
11
23
40
55
67
65
55
51
47
50
46
26
23
27
34
29
22
13
3
9
-8
-6
-3
-5
3
25
24
21
27
25
25
16
19
36
51
72
81
67
52
42
42
35
46
37
34
21
19
22
0
2
8
8
5
-3
-15
-17
-12
14
32
45
44
46
45
45
53
55
83
92
86
82
65
57
61
62
65
69
73
90
98
98
75
63
65
66
67
57
52
44
50
66
74
63
55
62
69
76
87
98
107
113
119
134
124
117
123
114
123
120
121
108
106
110
113
112
100
99
102
104
123
122
100
88
75
70
70
78
86
92
81
68
53
64
83
66
47
37
42
48
63
64
39
35
35
42
49
65
87
91
98
103
108
103
104
89
97
116
126
143
137
128
104
92
100
110
115
123
123
115
105
111
121
110
115
109
106
108
103
96
87
85
67
61
65
64
63
56
60
58
65
54
53
46
38
50
44
48
51
41
37
41
43
47
47
56
68
62
62
54
43
55
60
56
53
55
49
37
15
9
-9
-23
-20
-8
8
13
2
-4
0
5
1
-7
4
-15
-29
-38
-29
-18
-9
-29
-43
-39
-34
-11
-12
-13
-21
-31
-23
-12
-30
-36
-26
-33
-25
-12
4
-1
3
5
2
-6
-3
-4
-36
-33
-19
-17
-16
-19
-45
-76
-76
-79
-85
-90
-80
-89
-95
-94
-93
-87
-68
-56
-69
-63
-48
-45
-48
-53
-63
-58
-56
-44
-41
-56
-42
-26
-23
-23
-27
-23
-37
-43
-46
-51
-34
-30
-11
-23
-42
-71
-95
-77
-59
-27
-6
9
6
-14
-14
-10
3
16
30
28
17
33
27
29
41
13
-22
-37
-32
-11
9
-1
-29
-47
-60
-60
-54
-51
-41
-21
1
23
19
-15
-38
-38
-26
-3
0
-1
-6
-14
-25
-39
-54
-64
-57
-44
-29
-28
-42
-61
-65
-69
-78
-74
-82
-99
-107
-98
-82
-64
-48
-40
-33
-37
-36
-39
-25
-29
-39
-56
-73
-65
-65
-82
-97
-127
-143
-144
-144
-140
-144
-147
-152
-141
-118
-119
-108
-110
-111
-95
-92
-98
-85
-74
-73
-73
-72
-66
-41
-23
-33
-52
-64
-52
-65
-72
-84
-84
-73
-60
-36
-26
-31
-38
-51
-72
-75
-92
-98
-93
-78
-71
-72
-83
-104
-117
-126
-131
-140
-122
-107
-95
-85
-88
-90
-100
-103
-103
-100
-99
-93
-84
-85
-85
-88
-91
-102
-96
-90
-84
-82
-81
-88
-86
-74
-92
-103
-110
-108
-99
-99
-106
-115
-124
-144
-153
-159
-175
-178
-164
-168
-158
-152
-144
-157
-171
-165
-169
-164
-167
-164
-160
-149
-150
-144
-147
-129
-107
-95
-87
-82
-80
-81
-86
-92
-94
-109
-97
-97
-97
-102
-110
-110
-119
-129
-143
-154
-151
-142
-144
-157
-177
-186
-160
-153
-170
-174
-183
-182
-173
-178
-167
-160
-149
-149
-149
-140
-119
-109
-117
-119
-128
-113
-104
-85
-91
-90
-90
-101
-91
-79
-68
-65
-54
-53
-54
-51
-44
-47
-61
-65
-70
-65
-51
-42
-48
-66
-90
-84
-66
-54
-42
-56
-55
-52
-55
-49
-53
-63
-74
-86
-78
-73
-72
-69
-73
-62
-56
-45
-34
-18
-9
2
10
13
7
13
17
21
26
12
9
29
32
34
40
31
33
26
28
29
24
13
0
-16
-14
-27
-30
-31
-35
-20
-3
-8
-2
6
3
10
14
27
26
41
58
70
85
91
121
133
161
195
210
204
184
177
175
188
185
172
145
138
157
191
204
184
165
143
144
163
173
183
184
182
180
179
206
237
239
229
208
194
194
207
225
224
218
202
206
202
195
181
156
146
145
145
151
145
146
145
140
144
131
139
143
171
174
176
186
186
190
184
185
178
199
209
220
212
227
222
211
211
196
189
181
179
176
170
181
185
166
164
165
169
161
154
166
184
223
236
230
223
214
213
211
211
203
186
170
175
190
191
176
176
161
154
159
151
149
154
158
172
189
206
209
206
209
204
203
201
205
206
214
196
178
164
160
160
154
144
135
153
149
152
138
125
122
129
132
129
132
138
159
182
199
182
153
137
144
155
166
163
148
133
118
116
108
113
117
109
111
110
134
133
137
140
122
126
124
149
168
176
178
177
164
156
148
145
141
134
146
155
162
146
114
103
95
85
88
99
105
113
115
101
79
71
63
62
70
102
125
117
123
112
107
106
93
98
110
121
130
132
135
133
119
85
70
69
85
102
118
121
116
110
104
106
116
120
132
135
142
145
126
117
97
92
93
106
112
118
114
114
112
122
129
114
126
132
126
128
136
144
138
129
122
114
120
155
166
157
149
142
143
152
151
140
145
133
145
144
140
131
119
113
103
95
83
72
79
73
66
64
52
35
29
33
31
34
27
14
-2
-1
-7
1
7
-3
17
29
33
33
36
67
84
106
121
126
149
172
187
197
180
189
204
216
219
204
195
183
199
204
186
178
179
184
188
169
152
140
147
160
158
159
164
173
188
194
194
179
168
186
179
187
185
185
180
188
205
204
184
174
163
163
179
176
185
172
166
150
139
112
120
118
111
101
62
28
30
66
82
92
77
50
32
46
92
129
147
129
104
98
104
96
111
122
116
114
117
120
125
127
119
115
119
140
163
167
170
162
175
165
170
168
173
170
167
185
189
208
212
227
230
224
215
227
233
244
253
243
248
245
249
229
221
216
212
208
211
219
213
223
228
228
215
216
218
208
208
204
180
162
149
135
110
86
68
61
51
50
46
31
33
27
14
5
-4
-9
-12
3
7
12
21
12
12
20
33
43
52
66
72
78
79
83
88
93
83
76
53
46
52
61
86
73
75
64
63
58
60
71
85
98
110
151
152
154
143
140
145
157
164
181
194
181
193
215
216
227
258
288
316
324
322
330
347
350
355
340
330
341
338
328
321
314
299
283
260
237
234
237
232
235
239
244
224
194
167
146
114
99
97
110
124
93
73
47
36
41
39
33
8
-19
-20
-22
-24
-23
-47
-54
-43
-26
6
32
11
4
-3
9
23
24
14
-17
-24
-17
4
26
16
3
-8
-8
-13
1
12
19
30
6
4
22
53
63
67
53
41
33
49
64
73
60
50
55
44
50
58
82
102
116
119
136
158
178
192
186
199
206
226
247
273
304
326
334
342
356
370
398
403
407
411
411
401
403
396
372
351
325
296
251
220
198
156
128
101
67
51
26
-1
-17
-39
-57
-75
-105
-123
-129
-138
-158
-186
-215
-237
-248
-262
-277
-280
-292
-310
-317
-330
-358
-362
-362
-366
-380
-390
-402
-403
-406
-398
-395
-391
-398
-395
-366
-326
-292
-242
-184
-141
-85
-33
-1
2
7
27
69
92
103
144
174
181
166
130
67
-7
-30
-4
43
55
50
9
-40
-68
-66
-44
-39
-31
7
67
128
171
206
221
221
240
269
337
410
458
491
493
507
539
550
536
482
429
401
382
380
359
327
261
198
140
106
111
120
123
124
119
102
100
94
94
71
54
47
48
55
58
51
26
1
-23
-39
-75
-108
-150
-204
-267
-287
-302
-334
-372
-411
-476
-543
-585
-649
-674
-673
-643
-630
-635
-637
-640
-627
-595
-529
-460
-392
-350
-282
-191
-133
-77
-22
41
79
107
130
167
195
225
219
197
191
178
172
150
113
32
-43
-70
-63
-30
1
-9
-54
-100
-108
-63
-1
66
90
117
154
206
281
348
382
381
388
437
510
562
603
584
549
535
516
512
512
487
435
386
375
374
347
304
232
169
135
119
127
116
104
87
84
96
102
99
89
100
90
78
56
50
31
22
7
-45
-82
-108
-151
-176
-227
-284
-324
-390
-447
-513
-550
-560
-585
-630
-681
-710
-704
-686
-689
-682
-671
-665
-618
-515
-403
-332
-302
-304
-276
-196
-73
49
131
155
169
209
270
347
370
343
294
268
286
326
334
309
237
136
48
13
45
89
103
80
64
37
30
64
135
188
203
222
263
337
422
475
515
519
491
488
535
613
649
643
612
567
544
544
536
504
453
415
390
377
386
388
338
282
233
205
205
214
205
189
183
171
163
154
162
147
119
97
83
82
73
66
30
-20
-80
-129
-181
-205
-252
-300
-338
-371
-411
-474
-540
-583
-608
-639
-683
-722
-728
-732
-699
-651
-602
-590
-575
-513
-414
-311
-228
-179
-142
-97
-14
126
261
315
312
314
371
435
505
565
566
475
393
373
391
389
362
263
128
38
27
70
120
130
63
-11
-71
11
123
210
267
289
339
409
498
589
642
623
594
599
683
784
847
863
815
758
722
713
729
719
663
575
502
494
528
531
458
347
235
188
209
269
291
266
214
143
131
143
170
180
162
155
126
130
138
118
86
30
-50
-108
-128
-146
-165
-215
-271
-337
-367
-391
-433
-468
-516
-550
-564
-566
-570
-563
-548
-534
-489
-456
-412
-388
-330
-250
-148
-74
-29
-13
39
102
187
280
349
388
369
388
444
509
523
480
412
377
389
440
476
426
323
227
190
222
298
318
270
206
185
237
316
379
402
395
378
408
495
585
614
581
553
562
608
662
695
703
679
639
612
609
617
610
564
491
443
413
385
369
341
299
230
177
150
142
133
119
82
66
73
87
86
70
49
9
-1
-14
-11
-20
-45
-94
-145
-182
-203
-225
-269
-311
-401
-468
-493
-489
-473
-496
-546
-595
-605
-561
-533
-512
-515
-504
-508
-483
-396
-298
-215
-172
-127
-103
-31
57
166
258
322
342
375
424
490
543
563
553
503
489
499
515
488
446
376
325
307
327
341
309
258
220
223
268
324
357
370
371
406
474
540
613
661
687
722
764
803
856
872
867
834
815
807
809
826
800
751
694
636
597
562
518
474
405
348
311
286
264
234
195
164
150
125
93
87
63
67
54
47
39
34
7
-18
-48
-108
-145
-173
-180
-203
-242
-319
-377
-396
-434
-461
-500
-555
-591
-593
-569
-543
-528
-496
-474
-457
-422
-369
-299
-210
-148
-92
-16
72
165
237
316
351
363
407
496
587
644
626
600
553
522
499
490
460
409
334
280
297
319
308
264
216
210
232
278
356
427
465
490
532
620
697
739
742
765
805
858
894
936
961
941
901
847
817
803
793
757
707
666
621
547
480
429
352
276
220
185
178
179
163
135
102
77
45
10
-8
-6
-5
8
35
29
-4
-68
-132
-177
-200
-234
-279
-299
-305
-321
-378
-432
-491
-548
-603
-631
-644
-634
-594
-578
-563
-553
-511
-465
-392
-288
-200
-139
-99
-46
64
177
272
344
394
424
448
503
588
654
693
690
670
647
607
557
504
480
428
375
352
352
331
305
276
249
231
231
275
324
385
424
445
486
544
617
694
731
757
772
793
853
904
934
917
872
839
825
825
825
787
724
656
618
609
605
563
486
408
336
299
291
274
220
154
106
89
77
81
46
17
-1
8
42
23
-8
-62
-105
-120
-126
-131
-153
-181
-236
-292
-333
-356
-383
-403
-437
-475
-497
-504
-489
-481
-467
-453
-396
-319
-247
-175
-122
-93
-48
46
165
265
351
443
528
594
649
711
750
767
768
802
817
826
787
708
651
620
602
552
523
506
470
414
369
353
363
367
385
422
459
505
552
613
687
738
759
778
817
857
886
912
947
966
976
955
944
935
885
839
799
776
766
739
673
609
542
477
408
367
344
312
279
231
222
195
177
163
131
122
107
85
80
80
67
27
-27
-93
-143
-169
-195
-214
-246
-290
-339
-373
-426
-466
-499
-527
-521
-511
-486
-465
-437
-388
-356
-285
-226
-162
-115
-43
58
168
269
357
425
464
517
585
668
738
787
793
810
810
791
759
690
610
543
509
518
530
500
440
374
345
329
332
354
382
418
452
512
593
654
685
701
721
778
846
903
948
984
993
982
974
955
924
889
866
853
840
803
761
716
676
612
539
461
406
374
373
354
321
282
256
230
203
184
163
169
174
170
137
108
76
20
-24
-58
-123
-186
-246
-269
-289
-328
-385
-463
-551
-608
-630
-605
-576
-582
-591
-581
-509
-388
-255
-183
-194
-230
-181
-37
149
303
390
409
422
489
607
719
779
769
756
794
868
934
923
827
705
606
548
568
579
548
482
428
388
405
421
436
419
404
438
502
623
743
817
833
842
841
892
988
1057
1083
1068
1046
1042
1045
1042
1033
965
885
822
779
775
771
742
665
571
512
445
394
358
329
291
256
247
255
250
225
173
125
97
98
104
105
80
26
-48
-126
-172
-232
-296
-361
-430
-486
-535
-556
-569
-598
-647
-703
-735
-708
-615
-518
-409
-367
-364
-392
-352
-275
-146
-14
97
149
209
297
420
518
576
581
583
591
687
852
995
989
758
528
355
308
317
334
301
218
98
80
161
217
208
168
227
361
521
675
807
895
918
953
1015
1125
1198
1212
1200
1158
1069
980
936
935
876
723
597
567
585
520
396
309
250
178
89
78
116
126
107
116
186
268
287
283
287
252
189
94
76
98
65
-19
-122
-230
-383
-548
-698
-769
-830
-896
-958
-992
-1008
-999
-921
-795
-656
-437
-67
357
614
568
384
254
161
54
44
157
198
38
-156
-110
-19
-192
-494
-593
-396
-144
21
204
385
366
141
-60
-78
-6
73
141
276
446
535
601
699
814
839
799
831
925
1010
1040
1009
932
788
643
618
703
802
856
873
899
905
927
942
914
849
807
876
990
1030
1000
925
803
610
419
302
237
243
239
286
338
347
278
141
-9
-78
-103
-79
-69
-65
-79
-129
-218
-357
-540
-692
-776
-756
-675
-664
-725
-846
-925
-878
-740
-594
-479
-305
-9
359
662
767
667
393
100
-83
-128
-98
-105
-136
-150
-130
-152
-263
-351
-326
-208
28
324
629
804
783
595
245
-71
-210
-117
103
322
511
599
594
634
710
807
824
806
857
959
1063
1047
940
760
585
525
591
723
843
901
961
1004
1048
1064
1015
967
921
908
907
937
971
907
792
632
462
302
213
276
397
541
596
551
435
261
143
49
-19
-70
-108
-96
-131
-126
-230
-364
-543
-675
-738
-781
-768
-758
-695
-722
-759
-721
-590
-418
-113
352
912
1142
992
615
326
15
-335
-475
-388
-267
-344
-386
-315
-288
-491
-659
-504
-100
289
563
874
1123
1026
577
33
-308
-442
-396
-211
21
201
265
331
481
632
688
667
750
937
1122
1166
1048
895
745
620
568
658
846
1055
1179
1203
1196
1200
1164
1073
948
913
848
826
800
767
655
414
194
76
114
267
451
651
815
818
743
516
383
215
130
101
100
180
202
99
-116
-446
-669
-781
-730
-655
-714
-780
-954
-1014
-988
-771
-549
-369
-126
356
1020
1504
1432
970
434
-1
-355
-525
-433
-301
-332
-445
-364
-245
-321
-525
-558
-284
62
295
470
736
986
841
271
-348
-649
-693
-555
-235
128
328
367
424
635
857
880
754
774
956
1130
1070
866
699
614
587
628
811
1052
1234
1328
1404
1451
1430
1252
1060
981
1034
1054
1033
956
909
785
616
399
319
373
626
870
1068
1126
1028
864
622
481
343
314
209
207
236
265
135
-172
-416
-657
-740
-807
-801
-768
-774
-755
-759
-626
-447
-292
46
587
1392
1839
1661
1100
439
1
-449
-563
-458
-334
-404
-591
-410
-217
-203
-406
-411
-52
199
397
543
924
1217
1025
460
-344
-696
-759
-523
-171
75
271
274
483
754
980
1006
816
788
754
780
721
634
592
473
444
426
638
960
1242
1439
1458
1426
1297
1195
1132
1108
1147
1116
1016
866
732
635
522
415
377
536
829
1129
1329
1344
1256
955
639
364
211
156
113
207
299
338
191
-52
-324
-608
-835
-986
-986
-777
-606
-444
-422
-354
-232
64
633
1224
1650
1449
849
207
-226
-476
-613
-585
-623
-819
-973
-875
-537
-388
-429
-473
-364
-156
30
324
717
1002
799
141
-406
-652
-656
-557
-438
-243
-181
-121
129
611
988
915
642
416
388
358
283
264
242
186
45
118
504
942
1242
1294
1161
958
831
803
875
1001
1010
846
679
580
555
490
355
233
205
340
663
1030
1303
1388
1189
888
550
354
217
121
102
74
95
39
17
-59
-236
-462
-783
-933
-993
-809
-562
-378
-304
-385
-309
106
886
1633
1793
1338
564
-13
-289
-350
-259
-328
-621
-1115
-1238
-932
-568
-438
-560
-559
-514
-423
-191
261
726
690
196
-315
-528
-474
-401
-377
-477
-625
-691
-482
51
540
729
583
340
182
97
93
109
120
3
-123
-55
324
830
1165
1245
1047
796
612
589
709
792
772
621
512
510
571
598
483
282
102
63
273
625
1027
1203
1166
852
529
309
203
145
78
137
201
307
327
312
113
-225
-672
-896
-906
-727
-645
-608
-628
-594
-409
-106
559
1332
1955
1892
1329
657
217
-75
-250
-232
-175
-420
-886
-1072
-757
-381
-421
-612
-604
-344
-185
-10
322
719
735
283
-184
-361
-325
-485
-617
-568
-396
-301
-208
174
655
898
713
446
384
379
290
144
75
76
23
97
420
948
1263
1141
859
663
629
643
656
703
767
750
667
628
690
687
548
310
170
260
532
839
1165
1323
1222
872
428
162
9
22
39
152
314
438
462
406
219
-31
-401
-655
-754
-680
-498
-370
-165
40
316
656
1223
1901
2166
1720
855
193
9
90
276
352
98
-471
-938
-831
-408
-189
-305
-396
-216
-31
139
339
643
787
476
-8
-363
-330
-216
-120
-93
-205
-352
-432
-136
404
779
767
477
398
398
368
190
-21
-176
-287
-162
294
995
1493
1593
1330
929
548
265
209
304
409
446
447
506
497
456
277
100
-35
-76
161
576
1112
1417
1396
1109
671
324
32
-82
-155
-124
-33
97
278
378
330
28
-327
-509
-568
-600
-696
-640
-345
36
466
884
1537
2084
2128
1530
601
-13
-212
41
459
712
564
2
-392
-369
-152
-164
-400
-400
-184
114
370
620
866
720
308
-200
-435
-361
-179
181
362
301
-35
-192
94
539
791
652
490
462
470
433
267
46
-308
-546
-377
271
1183
1755
1908
1695
1293
799
375
256
368
505
566
546
607
605
493
354
181
126
101
353
827
1409
1742
1629
1262
815
421
172
21
20
80
144
245
293
334
169
-11
-245
-373
-379
-286
-124
-32
125
320
574
959
1500
2005
2014
1363
434
-220
-342
-107
345
608
472
66
-145
97
335
308
-25
-188
-60
235
652
979
1059
675
54
-413
-465
-171
136
303
260
75
1
185
550
743
674
422
230
249
289
210
24
-186
-342
-360
-44
561
1200
1548
1491
1171
830
594
416
379
374
348
241
126
101
113
74
-43
-113
-41
198
576
1043
1342
1359
1052
679
337
153
21
25
169
247
249
115
-7
-137
-347
-518
-598
-469
-213
52
302
390
417
396
662
1266
1970
2286
1824
934
114
-211
-198
-18
226
284
75
-138
47
509
676
385
-20
-54
173
399
606
830
905
615
140
-184
-134
0
113
190
224
221
217
428
815
1027
892
540
337
301
314
270
98
-64
-240
-188
176
821
1423
1612
1426
1011
669
477
384
357
316
278
148
29
-45
-87
-126
-253
-294
-190
147
566
934
1133
1063
798
417
68
-99
-161
-130
-119
-89
-101
-216
-358
-563
-704
-891
-949
-841
-539
-128
278
588
704
855
1264
1848
2070
1550
530
-256
-477
-233
160
429
281
-190
-470
-180
383
630
443
225
247
432
697
914
870
394
-243
-599
-473
-43
372
554
399
10
-315
-257
211
738
941
852
725
693
591
342
41
-207
-335
-301
42
618
1256
1659
1672
1383
937
536
281
241
372
478
474
307
79
-154
-347
-497
-654
-644
-420
86
612
1023
1144
917
509
125
-118
-238
-258
-256
-243
-179
-223
-418
-723
-1090
-1272
-1321
-1045
-764
-425
-136
173
576
1026
1575
2046
2214
1744
738
-264
-789
-718
-259
223
413
12
-576
-770
-297
253
337
190
243
601
907
1066
1069
738
15
-794
-1031
-546
202
669
727
572
255
-63
-141
167
602
818
811
785
846
740
363
-111
-438
-515
-313
202
926
1593
1911
1786
1323
860
505
363
351
466
539
534
374
68
-274
-613
-845
-898
-691
-259
228
606
832
805
641
315
67
-82
-105
-132
-263
-330
-489
-641
-1002
-1312
-1460
-1452
-1317
-1292
-1091
-801
-271
353
971
1640
2236
2503
2029
977
1
-536
-617
-457
-97
177
-157
-817
-1253
-890
-268
18
61
200
605
913
1058
919
482
-202
-856
-963
-520
132
476
432
254
60
19
116
367
599
645
590
585
666
549
124
-308
-533
-390
-58
440
1022
1424
1511
1253
990
838
795
786
754
774
708
524
175
-261
-634
-869
-860
-656
-257
177
437
391
221
103
131
210
282
384
428
349
34
-336
-665
-922
-1130
-1379
-1562
-1662
-1544
-1329
-1137
-870
-502
-21
561
1228
2069
2545
2292
1289
213
-347
-542
-365
-75
32
-474
-1274
-1488
-1010
-384
-244
-352
-158
281
717
927
967
650
-150
-933
-1079
-405
326
508
263
-17
-99
-104
101
485
812
802
492
293
220
112
-163
-455
-454
-234
183
585
957
1192
1148
943
756
875
1183
1447
1430
1172
781
324
-151
-516
-723
-735
-685
-510
-259
65
167
66
-76
-114
60
220
442
592
685
565
148
-385
-905
-1208
-1288
-1265
-1228
-1375
-1562
-1599
-1386
-836
-357
213
797
1640
2335
2360
1706
720
85
-235
-226
7
201
-133
-1034
-1768
-1713
-1162
-673
-467
-186
148
358
456
431
390
23
-379
-556
-202
387
632
425
-96
-480
-510
-79
624
1181
1349
1109
669
273
-131
-556
-849
-715
-220
349
859
1059
1065
816
556
515
800
1380
1851
2104
1958
1524
928
316
-130
-387
-456
-376
-165
47
95
-46
-292
-362
-193
221
624
936
1009
853
653
382
202
-82
-283
-515
-821
-1126
-1410
-1502
-1449
-1363
-1108
-768
-300
227
900
1850
2438
2332
1469
809
605
553
504
417
256
-420
-1237
-1516
-1140
-662
-457
-202
243
504
371
17
-103
-143
-322
-429
-153
545
910
772
225
-309
-612
-556
114
1022
1654
1469
798
259
-88
-375
-713
-728
-376
36
251
259
328
402
431
517
909
1548
1993
2022
1606
1104
638
405
318
412
506
346
14
-404
-592
-675
-607
-435
-109
214
395
443
433
403
306
284
322
393
306
58
-346
-835
-1376
-1662
-1641
-1285
-1032
-779
-491
-205
176
648
1337
1514
1204
774
811
1148
1184
930
430
-256
-1061
-1515
-1246
-712
-371
-206
52
361
235
-214
-568
-465
-236
-216
-173
-19
246
198
-18
-131
-91
97
366
842
1162
1033
445
-77
-195
-109
-75
-106
-49
-15
-215
-495
-574
-303
125
530
1028
1506
1820
1706
1322
900
687
640
698
708
575
296
-111
-449
-679
-634
-505
-245
-156
-102
-178
-219
-193
-99
147
350
632
587
396
-26
-386
-778
-1088
-1133
-981
-858
-968
-1078
-1013
-733
-294
495
1319
1601
1043
553
567
891
957
815
756
314
-366
-968
-825
-499
-512
-637
-504
-17
177
68
-124
-146
-80
-179
-312
-348
-299
-330
-434
-383
-143
254
708
1141
1287
940
375
-21
39
237
314
297
153
-108
-523
-825
-835
-581
-151
229
563
837
971
1027
1006
1008
991
988
985
885
591
120
-332
-554
-528
-413
-289
-248
-265
-391
-527
-593
-483
-194
53
267
378
287
61
-226
-262
-300
-376
-669
-985
-1071
-1028
-915
-869
-678
-336
304
980
1204
833
484
558
863
953
911
782
281
-408
-691
-301
40
-137
-493
-350
84
149
-180
-379
-63
386
515
233
-165
-499
-707
-710
-457
-110
130
394
732
1073
1004
686
517
694
894
769
465
92
-179
-417
-492
-392
-205
13
99
169
196
343
546
743
983
1143
1246
1069
700
342
81
-5
-153
-219
-319
-417
-532
-656
-677
-638
-515
-324
-192
-132
-204
-269
-326
-391
-367
-359
-200
-273
-405
-620
-739
-813
-1027
-1028
-869
-205
544
994
833
252
54
288
755
1003
957
650
-84
-696
-701
-303
-109
-491
-651
-428
-102
-207
-601
-537
-165
321
356
170
-118
-475
-596
-522
-174
8
-10
65
248
461
366
287
515
929
1232
1075
723
255
-207
-495
-492
-188
-1
28
-97
-178
-137
-13
266
495
762
830
825
722
515
337
194
238
193
93
-161
-484
-756
-879
-844
-737
-586
-326
-221
-245
-496
-653
-632
-522
-386
-318
-189
-267
-495
-692
-729
-645
-659
-643
-578
-304
196
574
545
129
89
436
825
860
735
512
-42
-519
-421
103
241
-334
-772
-555
-49
-44
-425
-455
-26
390
319
77
-132
-309
-365
-187
207
322
57
-101
105
472
415
188
315
837
1235
1137
873
685
475
183
-35
78
189
69
-211
-285
-49
188
302
311
392
448
410
282
281
394
547
559
459
255
-79
-413
-656
-596
-464
-416
-456
-384
-299
-314
-623
-815
-882
-756
-621
-503
-277
-336
-474
-683
-678
-532
-505
-475
-306
126
622
494
115
-151
145
592
653
641
372
-29
-477
-439
114
240
-171
-791
-845
-440
-373
-601
-800
-374
144
173
-26
-308
-396
-511
-356
127
393
390
83
132
372
381
172
53
417
756
801
665
594
694
667
573
531
458
281
-63
-244
-152
62
194
154
207
207
165
33
-37
-6
70
191
248
266
95
-217
-520
-636
-521
-469
-543
-608
-529
-428
-546
-736
-855
-848
-871
-1009
-1027
-948
-891
-828
-705
-444
-435
-629
-746
-549
-29
242
177
93
289
619
516
305
139
-122
-556
-775
-283
179
13
-624
-1014
-769
-536
-631
-910
-847
-355
-84
-104
-241
-326
-477
-648
-432
-41
123
-17
-118
238
585
529
168
76
377
579
508
423
541
705
659
580
516
453
299
54
-47
-15
123
70
-21
-54
-10
-13
-157
-242
-221
-86
40
0
-28
-112
-180
-374
-469
-439
-430
-515
-537
-445
-313
-436
-629
-796
-761
-782
-1029
-1187
-1170
-949
-826
-679
-565
-439
-505
-363
-92
248
78
-173
21
615
1015
821
557
159
-323
-608
-269
219
108
-539
-827
-586
-278
-463
-878
-922
-554
-153
-157
-222
-229
-264
-357
-294
47
238
150
13
173
527
627
458
370
626
903
826
621
543
620
663
743
889
911
739
484
337
342
347
307
279
263
247
118
-23
-114
-119
-63
-24
-66
-216
-315
-263
-194
-165
-235
-252
-401
-468
-496
-372
-295
-320
-335
-445
-528
-811
-1006
-1095
-1017
-907
-798
-719
-565
-582
-396
-192
126
42
-176
89
551
937
712
583
528
218
-104
-37
452
443
-277
-795
-814
-494
-559
-837
-820
-626
-401
-521
-527
-320
-269
-354
-488
-181
133
146
81
102
449
552
414
312
420
709
766
772
774
756
666
556
611
713
702
622
548
606
579
419
241
156
236
226
128
-47
-151
-217
-193
-181
-285
-453
-554
-474
-401
-415
-410
-463
-449
-535
-548
-551
-528
-457
-496
-562
-680
-841
-1010
-1122
-1086
-966
-986
-979
-1032
-865
-669
-388
-174
-232
-326
-207
232
571
540
439
286
15
-238
-82
345
344
-293
-896
-981
-699
-709
-1048
-1201
-1050
-786
-787
-799
-699
-604
-588
-613
-479
-264
-162
-116
16
224
260
76
-2
123
348
400
326
349
409
431
371
412
458
485
398
276
294
362
369
238
108
96
86
-70
-271
-365
-274
-249
-378
-582
-634
-579
-557
-695
-724
-706
-627
-617
-562
-505
-545
-620
-606
-518
-461
-667
-952
-1073
-1057
-895
-895
-856
-933
-945
-902
-799
-492
-219
-177
-290
-168
267
574
501
446
329
138
-102
98
553
521
-78
-666
-680
-409
-476
-794
-1018
-990
-890
-917
-817
-666
-547
-635
-750
-620
-318
-113
-84
-56
143
260
159
89
210
426
405
325
361
543
548
437
362
476
616
620
515
536
571
538
378
331
426
381
201
-61
-28
66
40
-244
-459
-427
-407
-484
-667
-655
-621
-586
-617
-569
-483
-445
-456
-489
-379
-416
-504
-816
-846
-883
-759
-788
-780
-847
-807
-805
-814
-607
-304
-5
-226
-223
-8
444
481
318
206
68
-64
-14
376
597
225
-431
-616
-382
-169
-482
-814
-905
-774
-726
-835
-738
-550
-568
-807
-854
-485
-132
-123
-155
-3
170
59
-42
180
500
520
273
246
483
625
488
318
443
636
613
424
402
628
721
602
428
394
403
262
124
79
164
32
-224
-359
-257
-261
-519
-805
-861
-728
-717
-698
-696
-456
-469
-438
-589
-450
-471
-505
-644
-665
-672
-782
-853
-825
-658
-787
-1001
-1282
-1061
-655
-76
104
-144
-460
-382
130
384
228
-30
-104
-190
-103
203
533
224
-432
-699
-441
-98
-257
-566
-692
-616
-597
-682
-615
-448
-468
-702
-874
-699
-333
-40
110
64
-12
-94
-57
153
374
456
367
338
398
405
401
426
533
563
482
417
434
579
708
654
455
281
265
322
273
207
72
-8
-50
-130
-225
-343
-400
-483
-602
-728
-780
-756
-566
-394
-251
-360
-498
-639
-570
-442
-382
-450
-617
-672
-676
-584
-572
-626
-844
-1054
-1064
-712
-146
130
44
-255
-229
32
348
372
285
168
18
-112
-5
452
674
314
-335
-477
-125
135
-84
-356
-281
-173
-285
-483
-275
-46
-144
-506
-523
-138
143
112
40
200
286
178
116
406
691
678
429
412
637
741
618
571
800
1001
921
692
667
852
903
762
637
755
815
633
328
282
420
350
76
-105
-14
69
-86
-289
-315
-247
-321
-406
-282
50
165
34
-212
-123
-22
-19
-200
-207
-91
-117
-291
-503
-439
-397
-380
-513
-523
-518
-335
-37
272
229
-113
-287
0
437
556
383
112
-29
-33
271
655
614
100
-306
-115
361
522
307
54
15
35
-40
-70
148
339
264
-127
-268
-97
169
267
234
261
267
221
238
414
635
631
521
545
672
749
679
722
867
927
772
582
617
863
1012
875
577
456
509
540
459
382
369
257
44
-112
-115
-59
-68
-118
-207
-296
-351
-273
-114
5
-49
-153
-191
-102
6
-3
-50
-156
-254
-405
-444
-450
-385
-400
-408
-436
-475
-523
-451
-190
44
12
-292
-323
27
344
247
72
83
55
-80
-2
413
551
239
-76
87
346
458
387
332
159
7
57
265
383
290
144
-79
-266
-189
171
446
373
-14
-156
33
425
583
464
341
366
541
618
661
776
900
871
776
763
835
824
836
915
944
768
495
488
640
701
545
292
143
76
91
106
155
182
112
-122
-313
-296
-36
137
150
24
14
81
168
142
110
41
-43
-136
-198
-167
-118
-122
-230
-346
-470
-489
-503
-419
-356
-137
35
-13
-266
-324
19
280
216
72
195
323
190
248
734
1062
696
189
333
860
942
596
480
681
685
337
176
439
669
446
21
-60
93
126
13
144
453
421
30
-124
296
744
698
403
461
750
831
721
817
1064
1114
848
688
804
989
988
882
802
737
647
523
480
516
505
366
274
257
307
157
23
-14
159
190
56
-54
118
324
338
188
137
188
193
145
93
87
47
8
-70
-142
-281
-415
-502
-481
-517
-564
-657
-640
-571
-408
-233
-216
-432
-617
-431
-23
203
172
225
300
286
278
570
957
818
361
258
722
1029
821
538
601
714
476
180
283
487
347
-26
-118
129
143
-69
-119
160
284
77
-81
158
550
598
372
368
693
888
742
545
657
888
913
797
779
871
925
792
718
764
816
656
439
424
572
591
391
193
182
272
273
215
202
243
266
220
225
270
264
196
166
161
183
136
44
-4
-52
-64
-140
-232
-317
-417
-509
-601
-635
-597
-657
-748
-854
-837
-753
-694
-621
-445
-320
-365
-478
-346
-58
84
1
-24
100
180
180
252
499
614
483
289
335
549
636
608
496
402
250
131
134
232
222
20
-155
-157
-31
-18
-85
-115
-63
-46
-49
30
175
204
156
215
406
531
529
546
665
727
647
579
644
732
702
607
600
644
625
547
520
545
568
520
500
545
546
478
409
453
497
434
293
232
251
201
99
53
98
61
-23
-61
-22
-63
-172
-237
-192
-219
-356
-531
-502
-358
-284
-403
-575
-602
-497
-406
-436
-475
-442
-333
-269
-257
-230
-166
-144
-140
-120
13
165
248
240
236
315
424
456
412
451
569
632
576
535
566
540
432
309
335
446
499
324
99
66
187
245
169
122
176
193
144
167
326
457
370
203
249
458
587
529
436
425
442
446
485
603
722
738
690
700
803
887
893
907
894
809
669
638
724
718
538
304
207
218
212
157
113
99
41
-45
-108
-111
-69
-45
-73
-121
-90
-51
-77
-143
-164
-183
-227
-271
-300
-282
-300
-311
-356
-437
-560
-573
-494
-454
-482
-453
-362
-346
-435
-472
-363
-188
-128
-148
-124
-54
24
92
141
226
303
335
335
316
385
457
505
479
390
305
285
358
428
410
276
158
108
125
184
235
211
75
-17
-1
104
202
230
179
156
188
301
453
533
564
561
589
639
716
810
855
827
773
760
789
737
634
552
561
588
509
410
318
296
291
265
237
197
184
179
199
194
190
130
72
39
64
92
64
39
19
-18
-114
-202
-222
-233
-304
-381
-382
-351
-442
-586
-667
-653
-697
-788
-851
-813
-759
-764
-746
-714
-646
-640
-651
-645
-543
-376
-271
-255
-252
-126
39
136
186
284
363
355
349
453
631
697
596
463
400
403
386
323
255
164
101
51
89
191
239
188
110
162
327
438
469
494
550
615
590
560
553
562
543
525
538
566
576
562
554
528
514
521
542
592
681
721
707
682
695
701
698
679
636
590
526
495
492
471
392
312
263
217
172
149
141
93
30
-34
-37
-24
-68
-184
-302
-389
-408
-412
-465
-541
-579
-586
-633
-728
-802
-830
-829
-858
-852
-808
-764
-737
-687
-586
-491
-455
-429
-287
-105
33
65
135
234
323
377
412
487
546
553
545
560
631
681
659
564
490
468
506
520
511
507
465
387
307
302
340
325
256
224
261
342
389
393
361
382
415
466
512
562
642
683
717
740
845
905
899
898
949
1017
1020
972
930
955
938
881
805
769
748
679
560
464
454
448
393
332
287
253
187
122
45
-12
-63
-106
-133
-169
-223
-339
-436
-487
-511
-566
-630
-689
-716
-739
-731
-738
-754
-782
-794
-765
-744
-729
-708
-644
-587
-557
-576
-535
-443
-352
-324
-313
-246
-164
-81
7
109
148
162
213
318
444
501
509
492
497
523
537
531
504
472
430
395
375
340
297
289
303
310
287
303
359
408
409
416
503
613
691
714
768
837
861
843
828
876
930
964
954
962
929
885
885
939
978
939
861
791
796
814
773
680
600
553
482
403
339
276
219
132
56
14
-15
-109
-213
-250
-236
-261
-321
-369
-359
-360
-361
-391
-444
-480
-456
-444
-461
-485
-535
-524
-513
-543
-597
-620
-616
-608
-620
-652
-647
-639
-648
-621
-553
-470
-451
-447
-443
-405
-343
-281
-215
-134
-74
-40
20
92
151
202
255
326
393
446
506
556
593
580
587
645
700
705
685
676
693
752
774
730
668
628
663
697
719
709
707
739
784
778
749
724
736
731
745
767
779
767
738
696
682
695
688
662
639
639
593
519
469
449
437
383
297
255
240
202
152
128
128
104
26
-47
-88
-90
-116
-148
-172
-199
-221
-274
-320
-334
-342
-357
-410
-433
-427
-384
-376
-409
-444
-454
-441
-449
-483
-527
-545
-582
-609
-661
-725
-722
-694
-671
-685
-689
-668
-614
-536
-416
-318
-246
-174
-100
-27
53
133
234
365
463
547
634
731
803
832
835
854
901
950
980
962
928
899
869
849
833
815
787
745
703
647
602
579
587
581
550
512
525
565
554
519
515
529
564
565
539
538
545
539
551
582
587
576
538
518
508
496
479
475
463
402
309
265
261
268
219
161
106
78
76
73
63
49
34
8
-13
-44
-57
-77
-105
-131
-179
-223
-242
-259
-290
-304
-306
-308
-313
-321
-349
-367
-341
-325
-347
-385
-415
-420
-375
-330
-303
-267
-222
-192
-190
-147
-49
16
59
95
179
274
321
356
402
470
536
597
675
764
830
842
847
868
908
942
947
970
1001
991
943
901
882
866
798
766
765
762
714
659
641
634
639
617
589
558
581
597
602
587
575
563
541
551
578
596
570
546
540
558
556
545
547
543
550
554
564
573
530
457
438
440
412
330
283
253
224
155
99
78
80
64
16
-8
-22
-33
-87
-139
-159
-170
-155
-166
-194
-199
-184
-196
-202
-173
-155
-103
-81
-37
-33
-33
-34
-40
-34
-30
-16
-22
-18
-45
-46
-49
-68
-78
-78
-52
-19
4
8
-7
-30
5
76
113
96
81
120
188
236
294
335
347
371
423
526
620
661
679
701
732
790
843
862
847
816
807
778
741
697
647
612
574
536
486
421
361
341
338
336
312
271
244
228
225
211
210
195
164
137
141
181
221
218
190
177
175
174
153
119
83
79
74
51
39
16
-24
-54
-48
-55
-59
-51
-61
-72
-76
-76
-90
-90
-75
-45
-25
-44
-68
-48
-27
-43
-66
-80
-79
-82
-89
-98
-117
-136
-157
-193
-241
-260
-269
-293
-325
-354
-366
-368
-374
-404
-438
-411
-380
-352
-354
-349
-344
-355
-352
-341
-293
-258
-219
-178
-154
-145
-128
-81
-21
30
71
98
143
212
257
270
291
318
373
409
448
471
480
464
417
352
332
357
351
322
247
200
168
129
83
45
8
-25
-69
-135
-152
-140
-132
-128
-132
-135
-118
-77
-39
-18
-7
-6
21
47
75
87
100
110
133
161
187
206
205
187
168
148
146
169
183
164
143
141
134
97
64
49
45
43
32
10
2
-1
21
40
40
42
34
50
71
78
73
61
66
67
50
64
79
82
83
81
71
66
67
59
43
12
-7
-14
-24
-64
-112
-155
-181
-213
-239
-253
-277
-303
-320
-329
-336
-328
-335
-348
-347
-344
-328
-300
-267
-265
-252
-226
-171
-130
-83
-49
-25
34
79
123
157
194
218
223
245
271
288
272
242
217
197
192
173
136
79
1
-49
-75
-106
-128
-139
-147
-162
-176
-197
-179
-167
-177
-175
-163
-131
-92
-69
-47
-55
-58
-37
1
36
45
37
39
70
72
66
69
88
79
73
87
103
120
128
121
109
96
82
96
102
106
90
70
50
34
32
-1
-7
-24
-40
-47
-55
-67
-77
-89
-98
-122
-157
-171
-202
-246
-277
-339
-409
-458
-475
-482
-519
-560
-612
-641
-638
-648
-664
-690
-694
-683
-664
-632
-621
-630
-620
-596
-598
-612
-592
-515
-424
-359
-339
-325
-304
-247
-187
-139
-79
-19
17
44
87
112
106
97
93
83
96
105
117
107
80
30
-18
-48
-63
-70
-88
-116
-132
-139
-161
-200
-242
-235
-204
-165
-145
-115
-67
-40
-37
-30
-29
-24
-9
28
80
109
112
94
95
109
140
172
192
201
188
173
177
197
202
166
118
106
112
113
88
54
25
-11
-44
-95
-128
-157
-159
-203
-255
-287
-296
-297
-327
-342
-373
-380
-382
-382
-396
-416
-440
-460
-455
-469
-479
-489
-496
-509
-540
-546
-536
-526
-540
-564
-582
-581
-579
-594
-618
-632
-614
-608
-609
-602
-596
-597
-605
-621
-634
-629
-620
-607
-584
-544
-517
-492
-465
-434
-407
-395
-349
-304
-244
-176
-106
-49
-7
24
51
81
114
131
133
151
174
173
152
130
120
116
125
118
115
115
88
44
10
12
-3
-15
-42
-74
-88
-93
-99
-126
-153
-176
-167
-166
-172
-151
-124
-101
-100
-106
-119
-111
-107
-110
-104
-97
-104
-123
-129
-147
-162
-185
-190
-185
-189
-203
-235
-261
-272
-289
-322
-360
-404
-426
-439
-449
-453
-469
-493
-526
-557
-590
-649
-672
-701
-722
-751
-769
-788
-822
-841
-849
-833
-831
-825
-832
-831
-824
-812
-796
-802
-802
-795
-770
-739
-701
-684
-685
-686
-682
-663
-646
-616
-605
-598
-598
-585
-560
-541
-524
-530
-538
-510
-449
-417
-406
-415
-434
-416
-367
-308
-266
-253
-236
-205
-169
-136
-118
-131
-115
-91
-67
-48
-56
-64
-86
-109
-123
-122
-129
-134
-140
-161
-189
-227
-251
-271
-296
-315
-325
-329
-328
-336
-339
-340
-342
-359
-365
-354
-346
-338
-317
-322
-338
-345
-367
-375
-393
-400
-413
-447
-472
-483
-492
-504
-521
-544
-539
-545
-540
-518
-523
-543
-554
-532
-531
-548
-559
-565
-556
-552
-560
-571
-552
-532
-517
-511
-520
-519
-520
-520
-498
-491
-500
-501
-508
-511
-507
-520
-537
-555
-565
-569
-567
-547
-545
-559
-579
-579
-577
-542
-491
-450
-440
-467
-473
-483
-498
-486
-461
-425
-401
-398
-393
-379
-377
-388
-384
-348
-324
-313
-288
-275
-258
-229
-226
-223
-200
-169
-131
-89
-52
-25
-6
-3
-2
-8
-17
-24
-34
-37
-55
-85
-116
-153
-211
-275
-321
-356
-380
-397
-419
-466
-524
-565
-577
-576
-583
-610
-637
-641
-645
-647
-655
-634
-602
-603
-606
-594
-577
-549
-536
-548
-540
-536
-524
-497
-468
-440
-438
-456
-477
-488
-479
-490
-498
-487
-475
-476
-503
-540
-563
-563
-575
-559
-554
-555
-575
-590
-589
-585
-597
-612
-604
-574
-534
-528
-526
-543
-549
-541
-531
-532
-531
-530
-511
-490
-479
-467
-472
-458
-469
-475
-458
-450
-441
-462
-466
-461
-469
-484
-499
-513
-520
-546
-569
-610
-610
-615
-624
-620
-644
-650
-672
-665
-652
-627
-621
-610
-611
-598
-570
-580
-578
-568
-534
-512
-492
-462
-452
-430
-421
-413
-382
-357
-332
-328
-331
-333
-321
-313
-312
-328
-359
-376
-401
-412
-439
-450
-480
-514
-539
-562
-569
-565
-563
-584
-589
-608
-598
-585
-586
-574
-557
-525
-491
-440
-433
-423
-401
-384
-358
-349
-348
-335
-310
-313
-306
-305
-298
-303
-329
-334
-334
-349
-377
-392
-403
-403
-406
-410
-418
-427
-422
-424
-423
-409
-415
-412
-414
-407
-407
-417
-416
-420
-430
-431
-431
-435
-439
-457
-456
-456
-477
-491
-526
-548
-586
-610
-636
-666
-661
-676
-685
-702
-712
-723
-730
-722
-701
-711
-724
-719
-697
-674
-667
-659
-650
-643
-616
-590
-568
-551
-523
-498
-488
-464
-436
-421
-403
-381
-375
-348
-336
-326
-316
-275
-235
-238
-229
-229
-206
-153
-121
-124
-110
-110
-121
-141
-146
-129
-126
-130
-155
-175
-170
-174
-187
-197
-208
-208
-218
-203
-187
-199
-217
-241
-250
-250
-245
-239
-239
-220
-213
-210
-213
-221
-208
-199
-189
-188
-170
-163
-152
-118
-114
-122
-166
-216
-229
-206
-183
-155
-138
-158
-196
-205
-207
-192
-165
-149
-158
-203
-206
-213
-212
-221
-235
-263
-301
-304
-295
-288
-276
-308
-326
-340
-344
-355
-346
-358
-350
-334
-347
-364
-386
-381
-376
-364
-365
-344
-334
-324
-327
-322
-323
-331
-333
-340
-327
-332
-323
-307
-292
-282
-270
-254
-242
-227
-208
-204
-191
-172
-133
-98
-87
-85
-98
-86
-86
-75
-54
-38
-50
-67
-61
-52
-44
-58
-85
-96
-80
-53
-23
-8
-6
-12
-24
-24
-27
-11
6
-2
-16
-26
-47
-59
-69
-81
-105
-144
-168
-180
-180
-179
-209
-231
-246
-274
-294
-329
-345
-362
-357
-359
-353
-333
-334
-346
-367
-379
-404
-405
-383
-372
-351
-349
-353
-347
-350
-339
-336
-352
-358
-341
-331
-306
-288
-294
-306
-298
-288
-281
-263
-270
-284
-299
-306
-310
-301
-281
-293
-306
-311
-312
-308
-298
-279
-270
-260
-240
-234
-215
-199
-194
-194
-182
-164
-157
-148
-155
-152
-150
-145
-134
-130
-143
-143
-136
-141
-147
-147
-143
-161
-177
-197
-219
-232
-232
-240
-249
-230
-235
-237
-217
-212
-215
-213
-204
-187
-179
-168
-151
-125
-111
-94
-94
-120
-129
-116
-111
-96
-98
-127
-151
-163
-186
-209
-230
-246
-266
-295
-312
-358
-387
-412
-432
-436
-456
-457
-472
-492
-494
-508
-536
-547
-550
-533
-525
-516
-513
-508
-494
-491
-469
-463
-461
-455
-436
-411
-387
-397
-390
-371
-346
-326
-317
-322
-312
-308
-294
-293
-311
-304
-301
-307
-318
-323
-324
-320
-321
-323
-337
-353
-349
-338
-336
-328
-329
-340
-344
-345
-346
-357
-363
-365
-362
-353
-347
-339
-344
-334
-327
-327
-306
-303
-297
-296
-280
-268
-278
-274
-277
-278
-286
-280
-282
-311
-331
-327
-319
-337
-374
-416
-417
-400
-379
-382
-379
-405
-436
-435
-433
-433
-444
-462
-461
-453
-438
-454
-483
-482
-475
-466
-465
-462
-480
-494
-504
-521
-523
-527
-523
-506
-495
-508
-526
-552
-558
-545
-530
-510
-498
-498
-502
-499
-497
-473
-462
-442
-440
-445
-445
-444
-446
-435
-419
-415
-412
-407
-402
-417
-425
-441
-446
-449
-443
-432
-434
-438
-438
-442
-450
-442
-431
-411
-413
-408
-378
-359
-344
-335
-329
-328
-326
-326
-337
-328
-330
-335
-344
-357
-375
-387
-417
-443
-458
-467
-459
-460
-452
-463
-473
-486
-481
-469
-474
-479
-471
-462
-444
-418
-417
-436
-453
-473
-480
-472
-473
-496
-524
-527
-518
-521
-529
-543
-549
-558
-544
-533
-524
-535
-536
-525
-517
-490
-481
-482
-489
-487
-482
-471
-460
-460
-459
-475
-473
-466
-477
-474
-484
-491
-493
-471
-461
-452
-449
-484
-495
-507
-515
-521
-518
-515
-502
-508
-505
-499
-497
-471
-470
-448
-426
-406
-382
-368
-357
-347
-331
-324
-305
-278
-260
-270
-274
-270
-276
-284
-293
-297
-300
-297
-310
-321
-313
-315
-338
-371
-389
-400
-400
-374
-364
-369
-383
-392
-409
-410
-414
-424
-444
-460
-460
-454
-433
-438
-457
-469
-484
-492
-480
-478
-474
-480
-474
-482
-489
-502
-516
-513
-515
-505
-497
-507
-515
-532
-559
-573
-579
-572
-560
-536
-520
-513
-507
-502
-502
-507
-512
-514
-498
-486
-474
-469
-478
-486
-480
-476
-466
-459
-453
-464
-466
-445
-440
-447
-459
-457
-455
-430
-415
-404
-406
-398
-390
-386
-377
-367
-362
-366
-366
-378
-379
-381
-381
-391
-399
-415
-420
-435
-434
-434
-432
-428
-439
-446
-431
-430
-433
-435
-451
-468
-481
-484
-488
-492
-501
-504
-509
-515
-537
-536
-552
-557
-566
-573
-577
-583
-589
-586
-583
-584
-573
-579
-590
-593
-578
-572
-579
-573
-568
-573
-588
-584
-567
-576
-577
-603
-632
-643
-611
-598
-606
-610
-647
-668
-675
-669
-674
-663
-671
-678
-679
-667
-639
-639
-644
-649
-646
-604
-577
-581
-596
-592
-573
-565
-558
-540
-527
-512
-499
-503
-501
-500
-486
-454
-432
-427
-441
-453
-442
-402
-382
-385
-431
-469
-473
-451
-409
-391
-385
-410
-441
-437
-428
-392
-364
-369
-394
-423
-414
-399
-394
-375
-386
-408
-431
-436
-426
-417
-426
-429
-426
-431
-419
-430
-419
-400
-383
-362
-351
-347
-355
-372
-375
-370
-354
-352
-348
-354
-353
-368
-385
-392
-411
-413
-424
-439
-454
-456
-466
-470
-482
-488
-504
-515
-513
-522
-524
-529
-506
-498
-506
-526
-547
-541
-523
-499
-495
-514
-529
-532
-515
-496
-506
-519
-528
-538
-516
-477
-455
-452
-452
-448
-444
-434
-421
-398
-374
-356
-335
-315
-308
-307
-297
-297
-289
-289
-274
-256
-238
-230
-245
-264
-288
-291
-299
-295
-296
-294
-283
-255
-256
-248
-247
-269
-274
-282
-294
-297
-289
-269
-253
-250
-230
-227
-242
-247
-244
-265
-266
-247
-219
-207
-207
-231
-262
-266
-256
-251
-248
-238
-257
-267
-267
-271
-283
-304
-316
-324
-315
-314
-312
-326
-342
-349
-362
-366
-354
-347
-340
-316
-323
-341
-356
-375
-384
-381
-383
-384
-398
-382
-377
-384
-384
-390
-392
-396
-379
-381
-390
-386
-368
-361
-349
-343
-338
-331
-312
-281
-268
-265
-262
-259
-255
-252
-250
-255
-258
-251
-239
-217
-207
-206
-226
-239
-239
-247
-242
-255
-262
-270
-269
-272
-285
-291
-303
-306
-311
-306
-307
-323
-331
-311
-301
-296
-299
-300
-298
-296
-299
-309
-306
-321
-321
-330
-331
-333
-327
-342
-352
-357
-368
-352
-352
-369
-380
-368
-371
-367
-389
-400
-395
-390
-375
-374
-379
-387
-398
-396
-376
-373
-368
-376
-381
-390
-389
-386
-385
-384
-391
-389
-387
-384
-386
-374
-376
-369
-358
-369
-356
-353
-350
-347
-343
-313
-307
-302
-289
-287
-285
-265
-261
-258
-249
-236
-236
-244
-250
-239
-247
-273
-263
-279
-287
-284
-291
-306
-303
-297
-290
-277
-265
-252
-253
-245
-250
-264
-245
-240
-232
-207
-210
-203
-197
-203
-192
-196
-184
-165
-158
-144
-135
-142
-143
-136
-149
-166
-171
-168
-178
-175
-182
-200
-200
-209
-195
-189
-191
-179
-165
-188
-182
-183
-180
-148
-138
-128
-143
-157
-172
-184
-172
-156
-160
-166
-158
-142
-143
-157
-165
-176
-171
-163
-152
-157
-149
-146
-154
-163
-177
-178
-195
-181
-159
-151
-119
-123
-120
-127
-144
-148
-156
-155
-156
-156
-156
-140
-131
-126
-125
-151
-155
-139
-123
-96
-77
-78
-85
-81
-86
-76
-68
-70
-74
-59
-52
-36
-8
-3
-24
-32
-31
-40
-33
-34
-44
-64
-61
-59
-66
-81
-87
-101
-112
-103
-107
-107
-112
-116
-104
-99
-91
-108
-130
-139
-151
-143
-141
-136
-130
-139
-144
-152
-162
-176
-178
-194
-202
-186
-174
-164
-175
-188
-196
-193
-173
-175
-186
-193
-179
-171
-160
-158
-177
-195
-208
-204
-199
-185
-193
-203
-209
-218
-211
-220
-221
-229
-229
-221
-211
-205
-217
-220
-216
-224
-221
-197
-192
-190
-189
-192
-190
-184
-192
-196
-213
-212
-191
-176
-154
-173
-188
-211
-216
-214
-223
-219
-216
-201
-201
-192
-191
-206
-220
-229
-240
-230
-215
-206
-206
-199
-206
-210
-203
-208
-207
-206
-196
-189
-189
-192
-183
-202
-211
-204
-200
-182
-166
-147
-151
-139
-163
-172
-177
-184
-178
-176
-166
-166
-173
-176
-176
-175
-181
-177
-176
-189
-180
-177
-165
-169
-164
-169
-174
-193
-200
-195
-181
-171
-188
-184
-184
-172
-162
-157
-156
-152
-152
-156
-152
-144
-153
-165
-167
-167
-158
-161
-161
-157
-170
-167
-171
-175
-190
-180
-186
-197
-197
-206
-208
-209
-216
-216
-192
-192
-173
-171
-175
-173
-188
-189
-169
-158
-145
-146
-152
-158
-160
-155
-150
-159
-180
-184
-180
-173
-151
-153
-176
-185
-176
-180
-203
-203
-223
-243
-225
-197
-183
-182
-195
-215
-238
-246
-244
-239
-232
-226
-238
-237
-230
-218
-227
-221
-210
-201
-159
-139
-137
-152
-164
-158
-156
-147
-116
-114
-124
-134
-138
-152
-167
-144
-110
-90
-104
-144
-142
-108
-67
-56
-99
-140
-188
-194
-161
-115
-101
-113
-150
-180
-162
-142
-123
-103
-85
-100
-116
-101
-79
-63
-56
-67
-102
-131
-146
-134
-131
-126
-142
-148
-150
-170
-176
-179
-162
-150
-127
-130
-133
-137
-151
-168
-177
-170
-156
-141
-145
-155
-168
-166
-179
-188
-202
-201
-189
-180
-174
-166
-181
-195
-209
-217
-213
-225
-228
-225
-209
-210
-208
-205
-204
-201
-210
-192
-186
-193
-206
-230
-260
-274
-267
-275
-300
-328
-337
-322
-320
-304
-295
-322
-320
-324
-311
-305
-288
-277
-265
-252
-252
-258
-248
-225
-214
-212
-216
-226
-217
-180
-170
-198
-224
-240
-258
-247
-250
-245
-247
-237
-226
-233
-231
-242
-250
-257
-254
-261
-268
-253
-225
-209
-215
-204
-213
-214
-211
-200
-207
-219
-201
-185
-174
-183
-200
-204
-202
-198
-177
-158
-153
-169
-184
-213
-221
-229
-246
-242
-236
-250
-253
-242
-261
-261
-270
-268
-261
-269
-257
-243
-236
-231
-244
-255
-267
-265
-253
-250
-256
-256
-263
-265
-263
-266
-272
-267
-271
-274
-282
-284
-284
-282
-263
-266
-268
-269
-261
-232
-215
-197
-179
-183
-192
-206
-201
-180
-155
-150
-144
-131
-124
-129
-134
-154
-178
-188
-182
-182
-185
-193
-202
-192
-197
-191
-181
-185
-180
-185
-203
-206
-209
-198
-174
-171
-177
-191
-209
-207
-197
-199
-203
-211
-215
-207
-202
-199
-199
-214
-234
-228
-215
-204
-196
-180
-198
-218
-211
-217
-207
-216
-206
-223
-227
-211
-219
-216
-218
-224
-234
-243
-239
-237
-246
-253
-265
-293
-310
-311
-315
-328
-337
-339
-324
-301
-290
-296
-306
-312
-319
-312
-303
-299
-294
-292
-269
-263
-271
-278
-276
-274
-269
-267
-267
-262
-268
-264
-264
-277
-291
-301
-310
-318
-314
-321
-336
-351
-369
-386
-393
-398
-399
-388
-369
-360
-359
-354
-352
-340
-321
-314
-331
-327
-316
-311
-320
-327
-336
-327
-318
-303
-292
-296
-303
-299
-291
-302
-303
-317
-314
-302
-294
-288
-304
-329
-351
-369
-369
-367
-354
-362
-369
-375
-379
-358
-347
-337
-321
-320
-309
-316
-325
-331
-339
-333
-343
-354
-352
-348
-351
-345
-350
-361
-356
-350
-349
-341
-353
-356
-349
-350
-358
-365
-378
-392
-380
-359
-351
-342
-328
-330
-333
-336
-357
-361
-366
-355
-343
-337
-339
-369
-387
-391
-401
-398
-402
-398
-397
-384
-389
-385
-381
-381
-386
-405
-397
-391
-361
-339
-340
-353
-359
-373
-375
-376
-382
-391
-411
-406
-397
-391
-387
-389
-388
-393
-390
-396
-394
-384
-379
-378
-376
-372
-363
-355
-352
-358
-354
-351
-347
-342
-344
-349
-371
-370
-374
-380
-370
-363
-348
-345
-344
-351
-373
-383
-374
-368
-366
-358
-365
-360
-364
-360
-353
-376
-387
-400
-391
-386
-388
-385
-388
-385
-375
-376
-374
-381
-368
-359
-372
-379
-386
-383
-392
-376
-369
-365
-362
-347
-338
-337
-343
-338
-334
-332
-324
-322
-324
-328
-325
-321
-327
-317
-330
-321
-325
-324
-331
-327
-322
-305
-290
-286
-259
-270
-270
-284
-283
-282
-268
-267
-269
-262
-271
-274
-277
-275
-265
-237
-229
-234
-252
-261
-275
-284
-280
-283
-269
-262
-273
-278
-285
-295
-284
-305
-321
-322
-320
-332
-338
-352
-347
-339
-341
-332
-336
-336
-337
-340
-341
-338
-342
-335
-328
-323
-318
-321
-317
-316
-322
-315
-309
-307
-301
-302
-291
-283
-270
-273
-257
-279
-284
-282
-298
-291
-304
-297
-301
-316
-332
-340
-341
-328
-311
-314
-320
-304
-301
-292
-285
-301
-294
-278
-266
-266
-264
-252
-231
-237
-247
-248
-242
-237
-227
-207
-206
-210
-216
-205
-198
-186
-185
-191
-184
-176
-160
-154
-144
-166
-177
-167
-168
-165
-161
-167
-184
-186
-165
-152
-145
-168
-205
-231
-245
-252
-239
-231
-230
-217
-228
-227
-226
-231
-230
-220
-205
-188
-180
-188
-206
-218
-202
-198
-199
-179
-182
-180
-159
-158
-170
-187
-169
-136
-118
-134
-180
-203
-187
-133
-106
-126
-187
-252
-270
-227
-158
-127
-123
-146
-174
-173
-147
-118
-96
-92
-116
-135
-112
-85
-71
-65
-77
-108
-124
-118
-95
-73
-67
-71
-79
-89
-93
-92
-103
-84
-75
-58
-56
-65
-79
-99
-91
-87
-61
-46
-56
-67
-87
-81
-91
-117
-122
-134
-144
-166
-163
-156
-143
-149
-146
-146
-150
-143
-129
-139
-145
-128
-127
-110
-118
-118
-141
-139
-131
-127
-122
-134
-154
-185
-174
-159
-156
-187
-212
-226
-205
-181
-186
-194
-214
-207
-201
-192
-182
-170
-152
-151
-136
-125
-124
-101
-93
-78
-77
-75
-78
-75
-62
-54
-55
-68
-62
-69
-71
-82
-81
-69
-54
-22
-15
-1
4
-26
-31
-36
-47
-48
-39
-34
-33
-28
-29
-29
-29
-44
-55
-64
-56
-46
-46
-45
-47
-58
-55
-42
-27
-37
-37
-26
-27
-33
-47
-49
-45
-46
-48
-46
-32
-28
-11
-9
-18
-6
-9
-20
-23
-20
4
23
15
-2
-21
-29
-38
-43
-54
-67
-69
-59
-47
-55
-75
-87
-101
-99
-86
-84
-94
-101
-92
-97
-106
-119
-131
-130
-128
-108
-100
-97
-90
-99
-103
-112
-115
-118
-115
-101
-92
-79
-67
-88
-91
-114
-124
-125
-134
-119
-122
-107
-111
-107
-102
-113
-111
-114
-119
-129
-135
-142
-130
-120
-112
-107
-122
-128
-129
-129
-126
-116
-112
-116
-110
-104
-92
-89
-102
-117
-121
-116
-101
-96
-86
-101
-114
-116
-113
-122
-133
-130
-131
-119
-115
-104
-118
-125
-137
-144
-143
-138
-139
-141
-153
-162
-164
-157
-160
-153
-145
-166
-172
-167
-158
-152
-147
-143
-152
-165
-178
-185
-182
-177
-167
-147
-135
-128
-125
-118
-125
-135
-147
-146
-134
-130
-125
-139
-148
-167
-174
-176
-172
-177
-179
-174
-178
-176
-167
-169
-184
-185
-172
-149
-127
-131
-146
-136
-115
-99
-106
-108
-110
-106
-85
-75
-73
-73
-63
-41
-35
-42
-43
-50
-48
-45
-52
-68
-69
-78
-61
-49
-67
-76
-84
-86
-83
-79
-80
-67
-54
-49
-60
-58
-47
-24
4
4
-7
-17
-9
-18
-3
5
2
0
7
20
26
16
-12
-20
-31
-25
-19
-32
-24
-33
-31
-29
-39
-32
-46
-50
-26
-11
1
5
2
2
-9
-16
-37
-41
-34
-22
-10
1
5
4
-1
-2
-3
-16
-7
9
9
19
34
16
-2
4
-3
-13
-7
-3
20
34
46
56
39
29
14
-1
3
7
-13
-26
-33
-26
-38
-37
-25
-29
-20
-26
-47
-38
-30
-21
1
13
39
40
29
32
20
31
48
74
76
72
66
50
58
36
20
13
26
36
55
66
53
19
-1
14
7
5
6
8
25
41
42
39
44
35
38
36
28
39
40
37
41
47
47
53
55
56
58
63
69
69
75
75
86
79
70
74
75
64
74
82
90
78
46
37
22
32
33
39
44
33
25
30
27
24
26
20
2
-3
6
18
30
32
25
26
24
30
32
35
38
39
51
46
46
48
51
69
74
78
72
62
59
49
50
40
37
40
34
46
55
68
85
92
84
73
78
68
70
58
48
38
41
41
31
31
25
9
-3
7
18
30
14
14
3
9
9
6
13
11
16
18
15
5
1
-11
-13
-23
-19
-33
-52
-53
-53
-60
-60
-56
-53
-62
-67
-68
-72
-79
-83
-81
-75
-75
-86
-109
-121
-115
-110
-113
-121
-111
-104
-98
-98
-96
-101
-86
-77
-71
-68
-73
-71
-67
-70
-88
-97
-87
-60
-59
-67
-70
-65
-45
-29
-10
-6
-23
-19
-14
-15
-8
-24
-43
-51
-38
-40
-40
-49
-85
-110
-124
-108
-96
-72
-62
-74
-88
-109
-101
-99
-92
-81
-74
-46
-44
-60
-85
-85
-87
-93
-86
-76
-75
-69
-55
-49
-58
-72
-76
-67
-52
-46
-77
-88
-72
-31
-11
-38
-85
-131
-133
-103
-65
-45
-36
-65
-106
-109
-92
-63
-37
-30
-49
-65
-51
-32
-6
-4
-16
-45
-72
-68
-44
-25
-28
-51
-80
-86
-96
-98
-79
-52
-39
-28
-34
-36
-45
-45
-45
-42
-29
-20
-12
-22
-28
-39
-57
-69
-72
-81
-82
-93
-89
-96
-95
-108
-118
-124
-125
-111
-122
-109
-105
-103
-87
-77
-69
-76
-84
-84
-67
-38
-31
-44
-45
-63
-62
-54
-75
-100
-128
-152
-155
-147
-128
-126
-148
-149
-159
-165
-150
-128
-105
-93
-75
-83
-108
-108
-99
-86
-96
-112
-115
-112
-104
-103
-97
-110
-110
-123
-135
-142
-152
-133
-130
-126
-117
-114
-109
-128
-150
-163
-193
-199
-191
-172
-165
-180
-170
-180
-183
-190
-184
-190
-190
-168
-165
-154
-155
-152
-158
-157
-136
-112
-97
-94
-106
-109
-111
-127
-123
-135
-138
-132
-137
-134
-127
-115
-114
-104
-103
-106
-90
-69
-64
-41
-18
-26
-45
-55
-69
-69
-68
-63
-62
-58
-65
-68
-64
-70
-70
-75
-78
-61
-81
-92
-90
-97
-92
-95
-99
-104
-79
-69
-58
-67
-77
-74
-90
-91
-79
-82
-92
-86
-80
-82
-77
-85
-89
-111
-127
-133
-131
-133
-138
-141
-145
-140
-127
-136
-141
-133
-132
-130
-127
-120
-121
-115
-119
-112
-115
-109
-113
-101
-91
-87
-91
-105
-113
-114
-116
-121
-132
-148
-146
-140
-118
-108
-110
-104
-122
-134
-137
-142
-151
-151
-153
-162
-154
-137
-136
-147
-156
-161
-152
-143
-139
-139
-159
-164
-157
-152
-148
-141
-161
-169
-185
-178
-173
-167
-157
-160
-153
-159
-149
-142
-140
-132
-132
-136
-125
-127
-117
-110
-125
-117
-110
-109
-113
-116
-123
-123
-145
-148
-148
-156
-137
-135
-150
-171
-170
-176
-182
-177
-174
-172
-169
-166
-168
-184
-196
-205
-194
-175
-171
-173
-167
-169
-171
-162
-147
-137
-125
-111
-92
-97
-106
-108
-98
-87
-99
-109
-125
-117
-107
-105
-98
-108
-125
-136
-131
-116
-110
-110
-118
-128
-135
-129
-111
-75
-39
-41
-52
-73
-86
-94
-85
-67
-56
-65
-83
-96
-111
-115
-130
-130
-115
-108
-123
-135
-148
-149
-146
-139
-144
-145
-139
-157
-167
-177
-169
-149
-174
-173
-176
-180
-178
-186
-193
-185
-172
-159
-161
-172
-165
-170
-174
-194
-194
-194
-179
-167
-171
-167
-164
-166
-172
-182
-187
-164
-142
-113
-103
-109
-119
-135
-133
-136
-144
-156
-172
-177
-180
-191
-202
-234
-230
-223
-212
-203
-201
-188
-195
-181
-170
-169
-168
-161
-150
-145
-144
-142
-135
-125
-123
-122
-114
-113
-103
-93
-104
-121
-131
-141
-139
-132
-141
-142
-146
-162
-182
-183
-175
-154
-147
-130
-116
-126
-138
-150
-150
-153
-139
-123
-133
-141
-147
-152
-149
-145
-140
-137
-133
-120
-106
-108
-117
-112
-115
-120
-120
-108
-94
-88
-77
-62
-47
-52
-60
-76
-75
-80
-74
-61
-43
-41
-43
-40
-40
-30
-32
-38
-30
-31
-27
-30
-25
-23
-33
-40
-43
-34
-45
-27
-24
-26
-23
-30
-17
-11
-8
-3
20
34
39
58
59
49
39
24
27
34
35
41
54
61
62
54
51
57
59
63
64
65
59
61
69
80
76
55
48
41
45
59
64
66
59
53
38
34
31
28
27
32
34
53
61
48
46
37
48
56
49
37
25
24
33
20
9
2
-10
0
-13
-16
-24
-21
-20
-22
-23
-28
-25
-29
-25
-27
-11
-8
-21
-33
-40
-41
-40
-40
-51
-61
-58
-55
-48
-39
-32
-27
-16
-1
7
14
5
5
6
-1
-3
8
17
18
21
26
14
-3
-7
5
21
23
21
26
10
-3
-7
-4
-9
-23
-29
-44
-44
-63
-67
-57
-57
-46
-43
-25
-17
-23
-38
-26
7
7
14
19
13
18
6
18
18
17
44
54
53
44
33
35
40
55
63
65
48
30
37
37
31
13
-4
3
-2
17
32
35
29
32
43
59
82
103
104
81
77
64
64
62
49
44
37
24
23
20
10
10
21
26
32
29
27
24
24
37
39
42
27
9
9
18
34
66
86
96
94
70
45
32
37
59
85
84
66
54
37
41
55
60
50
49
58
68
81
92
108
122
120
112
111
89
83
100
112
108
102
88
75
63
64
51
45
48
44
51
50
54
52
43
46
41
38
34
36
57
83
93
85
79
79
86
107
117
127
126
136
136
117
115
98
89
78
68
80
90
91
86
87
81
71
69
69
74
79
88
109
131
134
109
100
93
84
86
88
102
112
127
139
142
135
123
137
161
166
177
169
166
159
149
143
137
133
131
150
149
149
143
140
153
160
183
188
186
178
184
211
220
210
187
172
168
170
174
172
183
186
181
188
171
152
147
164
175
170
163
155
152
143
143
153
163
177
182
175
182
177
181
192
195
186
175
186
186
192
179
183
191
215
243
231
223
207
190
184
181
181
189
194
195
185
179
181
179
157
152
145
135
143
136
127
125
122
115
111
99
96
103
94
100
104
103
107
107
101
92
85
73
68
50
46
55
45
45
17
1
7
5
22
30
47
59
60
68
67
64
58
46
55
72
64
63
43
32
20
22
32
36
29
30
40
40
38
24
15
8
13
7
13
11
2
12
8
12
17
23
33
53
64
64
64
65
76
47
32
34
37
23
20
16
-4
0
7
-6
-3
-9
-27
-13
-11
-5
7
6
5
6
6
3
-9
-9
5
8
5
3
6
1
12
20
23
18
14
1
-1
1
1
-3
-5
2
8
15
-3
-19
-35
-50
-58
-50
-33
-19
-18
-16
3
7
6
19
48
57
36
14
4
3
9
12
4
-1
5
24
29
28
24
13
6
13
23
19
15
6
-6
-14
-27
-31
-46
-62
-64
-58
-49
-34
-31
-54
-73
-87
-104
-116
-131
-133
-126
-128
-136
-151
-166
-177
-188
-190
-180
-178
-163
-168
-163
-171
-172
-166
-167
-172
-179
-174
-160
-151
-139
-132
-153
-153
-153
-159
-166
-185
-197
-201
-205
-202
-222
-218
-234
-232
-232
-239
-235
-238
-215
-201
-187
-183
-176
-173
-174
-173
-162
-142
-128
-123
-122
-112
-117
-122
-121
-126
-119
-108
-94
-91
-77
-75
-83
-87
-90
-92
-110
-128
-131
-117
-93
-88
-95
-100
-113
-118
-119
-121
-106
-94
-96
-91
-88
-97
-112
-115
-115
-112
-112
-112
-124
-134
-142
-144
-143
-140
-148
-144
-133
-119
-102
-102
-85
-98
-115
-127
-124
-118
-114
-115
-106
-102
-111
-115
-124
-130
-152
-153
-152
-134
-122
-134
-139
-142
-144
-143
-142
-138
-140
-143
-133
-125
-123
-126
-136
-144
-136
-134
-135
-132
-133
-134
-134
-123
-121
-142
-143
-149
-140
-135
-121
-110
-123
-131
-148
-149
-142
-143
-138
-148
-150
-143
-128
