-213
-234
-250
-252
-244
-228
-212
-205
-211
-214
-196
-204
-210
-192
-200
-203
-199
-190
-188
-183
-215
-229
-222
-217
-227
-213
-193
-212
-209
-198
-190
-200
-192
-195
-202
-221
-259
-279
-286
-281
-293
-295
-275
-269
-289
-269
-253
-259
-252
-230
-208
-202
-185
-180
-179
-193
-200
-229
-238
-217
-195
-165
-144
-144
-139
-151
-168
-195
-221
-220
-224
-210
-204
-186
-200
-213
-195
-193
-185
-182
-175
-182
-188
-153
-134
-153
-159
-146
-157
-167
-162
-158
-152
-149
-159
-173
-182
-187
-179
-184
-202
-231
-263
-290
-302
-279
-257
-249
-231
-211
-206
-207
-220
-246
-248
-243
-224
-213
-192
-188
-176
-156
-152
-125
-117
-87
-75
-77
-71
-91
-105
-111
-115
-124
-124
-126
-131
-114
-107
-87
-77
-63
-57
-58
-50
-52
-51
-58
-63
-59
-50
-25
-9
6
19
8
6
2
0
1
-20
-19
-29
-24
-13
0
14
-4
4
20
52
73
86
102
115
123
115
104
107
110
114
89
85
94
84
87
89
101
99
75
62
48
25
19
17
23
17
7
-3
-16
2
15
35
52
40
44
19
22
43
38
40
38
26
17
7
2
11
20
10
0
-2
8
30
18
27
4
-44
-58
-52
-50
-29
-19
8
33
28
10
-14
-26
-29
-45
-39
-29
-32
-14
-15
-24
-31
-31
-32
-20
-14
-30
-53
-53
-31
-25
-14
-3
-10
-12
1
4
11
45
58
47
29
4
-3
-8
2
29
47
37
42
40
34
27
40
51
46
55
63
63
72
81
87
75
55
58
64
76
60
59
62
45
37
36
27
40
68
91
114
118
145
132
107
101
52
37
28
25
31
48
67
70
59
55
52
24
11
-10
-38
-43
-39
-18
-9
-12
4
6
21
19
20
7
-10
-27
-42
-19
2
11
6
23
36
45
50
59
84
99
94
95
96
80
69
75
72
65
61
41
56
73
84
71
40
24
-7
-31
-33
-26
-13
-19
-27
-27
-38
-45
-46
-26
-13
1
21
33
48
51
53
31
25
22
14
-10
-1
15
12
16
9
5
-15
-19
-2
4
2
-8
-21
-19
-20
-31
-32
-26
-14
-26
-19
11
7
7
7
3
-12
-12
-14
-25
-27
-33
-27
-24
-38
-30
-19
12
31
33
34
38
34
13
-23
-49
-50
-59
-41
-9
9
20
43
49
38
21
-17
-28
-31
-29
-2
24
22
10
36
59
71
82
90
87
79
57
52
60
71
67
54
38
8
0
0
14
40
74
84
66
59
43
36
48
63
66
46
37
15
11
10
10
14
8
21
23
6
-20
-22
-30
-34
-28
-14
-17
-7
15
25
27
30
18
24
6
2
43
60
51
50
50
44
61
67
71
70
90
102
98
85
78
64
49
42
49
66
88
111
110
120
116
115
125
144
149
154
149
127
140
131
121
113
77
55
57
69
102
137
144
142
119
116
126
136
148
141
128
108
80
70
90
102
111
119
97
87
76
84
109
120
124
108
103
83
63
78
92
82
67
40
20
-7
-5
12
26
41
37
35
20
-5
-5
8
19
37
27
22
0
-4
11
11
22
47
48
39
32
26
6
-7
-1
-2
17
21
26
42
29
34
17
-18
-54
-76
-91
-101
-112
-98
-68
-75
-64
-50
-47
-42
-49
-70
-66
-86
-81
-78
-71
-64
-71
-53
-45
-58
-57
-55
-35
-19
-38
-45
-47
-36
-37
-16
2
0
2
-23
-34
-39
-12
19
16
25
34
30
28
47
40
8
13
26
37
33
-2
-24
-42
-33
-12
3
9
2
-8
-7
-1
-31
-53
-62
-51
-44
-49
-33
-8
13
31
28
15
24
43
54
44
48
43
37
51
65
41
16
6
7
27
45
56
42
29
16
-1
-1
-4
-7
15
19
20
-2
-2
1
16
52
59
41
23
14
19
16
18
12
15
30
36
43
48
47
44
43
22
-8
-15
-21
-25
-20
-33
-25
-39
-39
-14
-10
-19
-27
-29
-14
0
-17
-16
-29
-35
-17
-15
-11
-32
-45
-22
-6
-11
-26
-20
5
15
1
-2
1
4
1
9
-8
-21
-36
-55
-40
-41
-34
-33
-35
-49
-79
-87
-81
-89
-92
-92
-100
-110
-114
-120
-127
-128
-146
-152
-163
-174
-167
-142
-121
-98
-106
-107
-102
-84
-83
-88
-95
-118
-112
-111
-87
-83
-46
-31
-20
-10
-8
-1
-19
-33
-49
-56
-72
-79
-72
-66
-42
-27
-40
-41
-41
-33
-41
-33
-12
-6
2
-6
-20
-45
-54
-31
-12
-11
-16
-10
-15
-16
-27
-34
-37
-23
-41
-52
-46
-37
-28
-46
-52
-47
-47
-40
-36
-24
-2
15
30
17
0
-19
-35
-40
-48
-64
-44
-32
-41
-44
-40
-9
5
0
-18
-38
-53
-63
-73
-85
-83
-85
-93
-105
-104
-81
-73
-79
-100
-141
-174
-194
-211
-218
-222
-200
-188
-186
-166
-159
-146
-142
-119
-112
-115
-132
-141
-170
-194
-188
-180
-161
-159
-142
-134
-135
-148
-152
-134
-140
-149
-149
-152
-176
-195
-195
-200
-194
-193
-210
-223
-223
-221
-208
-207
-216
-221
-233
-246
-237
-221
-221
-207
-203
-180
-176
-180
-179
-187
-197
-202
-195
-204
-197
-176
-148
-145
-148
-153
-156
-174
-194
-191
-194
-194
-186
-204
-221
-224
-229
-230
-237
-223
-219
-229
-246
-257
-269
-272
-278
-278
-274
-274
-257
-255
-243
-239
-259
-271
-271
-263
-258
-242
-229
-218
-214
-216
-204
-200
-196
-188
-185
-184
-202
-206
-208
-214
-216
-216
-216
-210
-208
-201
-212
-239
-265
-293
-298
-297
-302
-305
-289
-290
-290
-286
-273
-260
-272
-284
-290
-293
-294
-283
-294
-281
-266
-263
-268
-262
-256
-279
-292
-312
-335
-350
-349
-337
-330
-304
-279
-268
-264
-293
-302
-309
-325
-317
-328
-332
-311
-313
-324
-344
-358
-368
-360
-359
-342
-327
-322
-307
-292
-264
-253
-255
-252
-250
-282
-294
-306
-313
-317
-320
-307
-319
-320
-311
-320
-305
-312
-325
-306
-286
-278
-268
-277
-272
-268
-270
-259
-263
-279
-296
-297
-312
-326
-333
-349
-363
-379
-385
-387
-374
-375
-387
-383
-404
-422
-426
-416
-393
-379
-361
-351
-346
-355
-357
-368
-358
-368
-374
-358
-351
-356
-362
-357
-376
-383
-376
-366
-360
-356
-353
-362
-383
-381
-397
-409
-400
-374
-357
-362
-353
-352
-352
-352
-346
-341
-336
-330
-331
-339
-333
-320
-306
-291
-278
-275
-268
-245
-234
-235
-223
-221
-207
-221
-228
-225
-235
-227
-228
-226
-226
-244
-256
-258
-266
-257
-232
-198
-184
-189
-175
-156
-159
-163
-139
-144
-162
-182
-195
-198
-198
-180
-159
-143
-140
-144
-155
-172
-185
-183
-210
-211
-191
-170
-145
-138
-131
-110
-99
-123
-130
-138
-146
-139
-142
-144
-128
-134
-133
-129
-116
-120
-120
-115
-140
-153
-175
-190
-206
-217
-209
-203
-190
-179
-165
-153
-153
-136
-124
-103
-93
-84
-84
-101
-106
-104
-108
-112
-107
-99
-89
-85
-83
-79
-79
-77
-87
-80
-85
-99
-97
-88
-73
-81
-94
-102
-101
-84
-68
-32
-18
-28
-44
-67
-92
-101
-109
-104
-92
-70
-54
-41
-44
-31
-40
-54
-60
-78
-80
-79
-83
-71
-57
-58
-47
-33
-22
-3
1
12
7
-5
-38
-56
-32
-29
-33
-44
-56
-60
-50
-54
-69
-73
-81
-98
-131
-139
-142
-139
-116
-95
-106
-106
-102
-107
-105
-105
-98
-79
-68
-46
-6
15
16
26
28
21
28
4
-8
-1
15
15
51
62
50
49
18
0
-19
-15
-9
-9
-19
-27
-40
-89
-97
-101
-90
-64
-52
-30
-16
-20
-18
14
32
42
49
50
42
39
34
25
-3
-9
-5
11
20
26
28
27
44
47
68
73
81
78
41
18
-3
3
3
-13
-11
-16
-17
-11
-3
-15
-24
-24
-56
-56
-64
-68
-64
-74
-72
-83
-94
-105
-119
-113
-97
-69
-59
-85
-107
-114
-106
-99
-104
-115
-137
-154
-163
-141
-134
-135
-156
-161
-176
-168
-150
-156
-145
-131
-137
-156
-172
-195
-203
-196
-185
-168
-160
-156
-144
-151
-161
-169
-164
-140
-134
-149
-160
-148
-160
-182
-194
-211
-218
-221
-228
-224
-211
-208
-221
-214
-187
-198
-195
-202
-203
-199
-170
-145
-145
-152
-138
-100
-87
-72
-70
-50
-42
-59
-93
-122
-135
-137
-125
-120
-116
-129
-133
-138
-131
-129
-106
-96
-106
-112
-103
-74
-80
-82
-75
-81
-93
-81
-62
-55
-58
-55
-60
-83
-96
-102
-97
-79
-55
-16
-7
-14
-23
-35
-30
-26
-14
-1
2
5
-9
-27
-36
-42
-44
-47
-58
-80
-63
-57
-48
-53
-57
-36
-17
-13
-25
-42
-44
-46
-62
-58
-66
-60
-58
-30
-7
-18
-26
-34
-45
-32
-21
-28
-20
-11
-10
-10
-10
-12
-10
15
31
32
21
16
43
42
50
52
56
33
16
2
-5
-1
-6
-9
-16
-12
0
3
-4
-2
-23
-37
-31
-15
13
17
36
30
1
-31
-54
-69
-72
-59
-60
-42
-20
-5
1
-7
-19
-20
-15
-10
-18
-19
-34
-47
-71
-98
-89
-78
-68
-54
-48
-32
-39
-37
-29
-40
-60
-87
-98
-98
-76
-42
-29
-38
-35
-40
-36
10
13
21
28
27
28
13
-11
-41
-59
-68
-76
-82
-100
-108
-88
-94
-95
-81
-82
-97
-98
-92
-83
-90
-104
-99
-107
-110
-99
-83
-59
-57
-80
-101
-102
-105
-99
-107
-115
-119
-120
-106
-101
-97
-88
-63
-50
-58
-47
-26
-30
-41
-49
-65
-80
-84
-97
-114
-102
-101
-120
-159
-171
-154
-156
-167
-177
-182
-213
-227
-213
-207
-208
-200
-184
-154
-137
-123
-115
-130
-141
-134
-124
-125
-114
-110
-114
-118
-121
-118
-129
-125
-120
-120
-123
-135
-145
-141
-153
-157
-156
-185
-202
-203
-184
-180
-188
-190
-188
-189
-200
-222
-234
-235
-217
-203
-198
-202
-211
-212
-200
-204
-226
-252
-262
-255
-244
-239
-240
-231
-226
-236
-249
-244
-223
-216
-207
-204
-226
-240
-248
-255
-252
-254
-258
-237
-239
-232
-199
-188
-187
-193
-216
-214
-224
-221
-236
-247
-265
-298
-310
-312
-307
-301
-294
-295
-285
-273
-267
-266
-257
-266
-267
-280
-299
-300
-302
-299
-275
-241
-224
-218
-206
-204
-212
-224
-247
-232
-214
-207
-199
-195
-192
-203
-203
-203
-214
-190
-176
-167
-159
-152
-159
-173
-186
-199
-201
-212
-211
-205
-195
-172
-160
-154
-146
-134
-116
-101
-92
-73
-85
-106
-112
-104
-91
-97
-93
-90
-92
-81
-77
-96
-88
-77
-80
-92
-100
-96
-85
-65
-63
-66
-88
-111
-115
-117
-117
-111
-77
-28
4
13
-12
-15
-13
-28
-37
-57
-83
-94
-107
-117
-100
-105
-74
-25
15
22
30
22
1
14
5
-8
-18
-19
7
30
58
83
73
54
24
-14
-29
-17
-2
17
20
26
10
-2
-30
-58
-69
-71
-54
-60
-83
-87
-105
-114
-107
-122
-121
-106
-99
-99
-107
-132
-154
-159
-130
-113
-100
-80
-59
-63
-64
-57
-73
-94
-104
-107
-104
-93
-96
-101
-134
-157
-189
-196
-200
-199
-201
-193
-172
-186
-197
-193
-198
-210
-217
-196
-196
-198
-202
-207
-194
-179
-166
-168
-170
-168
-172
-198
-221
-241
-245
-239
-230
-221
-220
-218
-244
-243
-256
-268
-255
-261
-270
-271
-258
-251
-264
-271
-276
-293
-294
-257
-223
-197
-170
-166
-174
-169
-171
-160
-150
-167
-161
-159
-153
-169
-183
-187
-207
-242
-261
-255
-247
-240
-243
-239
-249
-245
-242
-252
-253
-257
-268
-301
-305
-294
-289
-276
-282
-292
-290
-285
-272
-263
-272
-296
-286
-289
-305
-331
-331
-316
-280
-276
-281
-288
-282
-255
-238
-216
-223
-230
-232
-250
-261
-259
-261
-240
-215
-219
-221
-220
-237
-236
-235
-223
-223
-226
-197
-185
-195
-204
-210
-234
-250
-246
-246
-235
-218
-203
-189
-186
-169
-184
-205
-203
-200
-206
-203
-191
-178
-161
-148
-142
-159
-151
-127
-115
-121
-139
-149
-167
-169
-169
-143
-130
-125
-112
-121
-126
-124
-114
-98
-113
-129
-130
-115
-110
-103
-98
-120
-135
-137
-133
-128
-139
-132
-125
-117
-111
-123
-124
-111
-116
-111
-107
-93
-72
-66
-55
-48
-45
-49
-54
-52
-50
-66
-73
-70
-57
-50
-39
-27
-18
-15
-4
-4
-28
-28
-24
-31
-48
-72
-76
-57
-49
-25
-23
-16
-14
-1
4
8
28
23
48
69
76
79
80
75
79
87
93
101
104
104
80
70
70
74
83
72
61
29
25
24
18
33
47
62
62
73
80
108
116
107
102
91
69
33
22
16
14
21
23
12
11
28
35
31
23
9
1
19
12
6
44
50
51
68
72
79
71
98
107
76
52
49
46
33
44
51
59
72
90
103
102
117
134
152
151
146
149
153
148
128
117
94
100
109
99
100
115
111
94
92
98
89
73
63
57
47
28
20
26
55
94
121
132
137
125
143
145
126
134
153
160
141
138
142
149
159
178
198
198
191
191
167
173
175
159
147
130
87
52
52
62
75
60
69
68
51
66
80
66
81
79
72
70
61
66
62
45
30
25
22
43
61
56
66
84
112
129
121
96
79
90
104
122
120
126
144
145
158
179
175
185
193
195
177
151
140
114
126
163
163
170
176
173
151
135
132
136
131
135
120
105
128
117
83
58
46
40
37
48
55
59
87
110
109
115
129
145
156
162
134
105
92
71
64
68
55
56
40
36
57
68
77
81
83
73
57
33
8
-6
28
57
69
69
43
12
8
20
41
46
33
14
0
-1
-10
-20
-15
-3
-10
-10
-14
-13
-10
13
17
1
3
-20
-38
-42
-38
-28
-43
-51
-49
-44
-50
-53
-35
-21
-12
-9
-21
-32
-21
6
9
4
4
1
-2
-10
1
6
13
16
15
20
6
7
0
-19
-23
4
21
26
45
46
45
35
37
45
44
51
57
59
75
83
89
97
93
86
85
82
67
76
82
89
95
99
131
144
151
124
88
66
48
37
27
42
48
59
80
84
113
134
136
132
108
124
131
151
166
170
175
184
181
190
204
201
212
198
168
133
112
96
99
113
139
142
132
122
90
84
86
91
95
93
102
104
105
100
90
101
109
109
90
83
87
123
157
172
181
176
162
156
159
159
139
102
67
54
41
41
50
41
49
58
77
84
108
134
137
133
134
143
128
120
119
108
125
124
120
127
116
103
106
122
138
138
129
118
89
67
38
24
9
2
24
27
42
47
42
29
15
5
16
12
21
18
18
35
23
22
24
38
47
60
51
55
62
56
55
51
71
84
99
83
75
86
103
134
141
165
185
197
202
208
217
238
218
179
169
150
124
124
150
164
184
179
153
127
119
99
90
99
104
130
111
103
111
127
135
154
176
176
207
224
239
243
260
277
271
256
241
221
209
184
175
163
159
171
160
164
178
177
185
186
184
179
164
148
153
162
177
191
192
223
231
226
207
188
189
173
194
226
256
274
289
298
285
271
257
242
241
266
269
264
269
264
266
244
235
225
210
224
230
226
235
242
235
242
251
266
263
256
255
264
262
249
230
216
220
212
215
222
247
262
254
251
235
242
257
268
270
281
297
304
287
273
267
258
249
220
210
209
208
219
227
228
232
234
253
232
228
253
262
263
241
227
203
182
174
164
171
184
199
190
180
176
167
172
167
163
166
172
164
161
175
193
200
203
198
165
143
152
154
166
183
180
165
159
161
159
142
144
141
144
153
129
111
95
96
102
111
124
141
162
164
161
148
144
138
135
141
146
164
175
176
171
167
159
148
128
123
131
117
103
99
105
122
117
103
93
92
101
100
103
111
96
105
100
101
88
85
127
147
151
141
149
135
128
119
100
80
59
55
71
73
73
72
65
51
31
23
28
68
94
111
99
105
110
107
93
87
105
101
124
132
123
133
131
100
82
76
78
89
90
88
92
91
93
108
121
143
148
147
142
145
137
117
83
74
68
67
66
73
108
118
122
123
108
81
76
91
100
109
116
121
132
147
149
136
158
184
183
173
162
140
122
133
128
120
130
151
162
173
174
165
149
130
119
103
93
97
104
107
94
86
94
85
97
111
109
107
108
95
104
117
122
115
115
140
153
156
154
138
130
134
148
168
182
201
211
211
212
210
202
211
219
206
205
213
233
252
269
298
291
270
246
230
220
204
206
202
205
202
206
207
199
199
194
183
158
144
141
139
153
153
144
162
187
206
199
204
199
180
176
178
183
188
180
140
101
104
128
153
176
200
192
172
154
121
100
121
140
146
142
151
153
133
115
100
101
104
104
103
120
117
125
128
102
83
91
68
81
96
84
85
92
101
97
104
96
101
89
98
82
62
76
103
113
122
129
101
104
104
89
74
38
10
-2
-6
11
39
49
52
32
17
19
30
45
48
56
43
37
25
18
28
39
49
63
68
53
44
37
49
44
30
37
47
57
43
36
44
49
57
45
50
60
51
53
30
39
50
54
48
33
38
55
75
80
69
45
44
23
20
22
31
47
57
46
51
54
63
92
84
85
81
87
106
127
126
112
120
107
97
101
86
71
83
93
90
85
82
96
97
106
113
118
116
120
129
137
119
106
105
107
91
65
63
62
48
45
53
82
97
85
78
52
58
39
39
40
46
66
66
54
53
69
82
95
119
131
104
98
89
102
123
113
113
115
124
121
105
103
106
96
92
94
108
122
119
98
83
82
87
107
130
147
155
167
156
145
152
150
134
119
110
110
120
110
106
125
148
149
138
129
107
115
142
150
150
148
143
137
135
116
151
189
205
208
207
204
187
197
211
227
254
241
223
194
178
200
206
218
222
201
167
177
199
204
199
181
177
210
219
219
229
239
234
218
224
232
250
284
308
302
307
318
315
307
307
308
320
323
290
292
288
288
292
298
296
284
299
313
310
297
301
304
313
312
302
311
310
319
332
336
346
356
351
342
342
332
342
357
368
392
393
387
388
377
387
388
381
381
376
363
366
368
374
363
359
356
323
285
258
259
252
248
249
259
262
239
228
221
214
212
219
256
279
267
261
255
254
259
256
251
230
230
254
267
290
289
291
308
316
329
348
353
351
355
343
325
298
279
268
251
240
225
237
259
268
281
290
287
282
272
254
241
236
251
255
227
231
231
236
236
242
242
237
250
238
260
269
267
277
288
290
287
286
279
297
323
340
345
348
333
330
353
333
311
319
314
316
333
339
335
326
295
273
264
260
275
298
306
306
322
331
323
324
301
287
258
246
272
282
292
291
290
285
283
287
287
327
338
338
348
361
367
363
359
385
408
421
438
445
453
442
425
415
418
395
380
361
340
345
327
303
302
306
297
312
307
315
322
315
322
328
339
351
360
364
389
399
398
387
399
423
428
458
471
469
450
460
456
433
421
402
386
389
398
407
412
403
405
407
401
398
404
396
406
415
404
405
413
414
391
371
349
340
333
324
322
300
294
287
284
279
281
273
288
298
287
283
263
266
270
300
319
312
313
332
349
357
368
359
351
361
343
320
316
327
323
337
346
367
387
379
383
373
345
316
312
302
313
308
304
284
275
300
323
331
324
295
273
286
266
244
212
199
205
195
198
204
210
199
185
172
160
152
154
173
192
192
189
191
191
191
187
188
185
176
160
151
127
99
81
68
76
82
82
76
71
71
81
89
85
78
81
78
72
48
49
64
75
90
106
115
124
114
83
75
60
39
8
-2
-29
-56
-66
-69
-81
-93
-111
-128
-137
-124
-107
-98
-97
-107
-107
-107
-93
-93
-90
-88
-72
-62
-55
-28
-10
4
-4
-22
-54
-59
-59
-50
-37
-53
-68
-84
-105
-143
-149
-146
-129
-118
-138
-162
-180
-179
-181
-172
-161
-149
-134
-129
-111
-97
-90
-93
-97
-113
-114
-112
-114
-117
-115
-115
-117
-133
-153
-143
-138
-112
-86
-74
-68
-73
-66
-61
-50
-26
-16
-25
-31
-50
-68
-77
-86
-77
-68
-52
-49
-53
-44
-43
-52
-70
-94
-112
-117
-112
-91
-98
-104
-106
-98
-79
-64
-58
-49
-42
-45
-39
-47
-53
-55
-57
-52
-49
-37
-20
-11
-16
-16
-11
-27
-28
-41
-37
-42
-54
-63
-57
-43
-49
-68
-53
-42
-34
-18
-5
5
-2
-12
-37
-46
-42
-29
-13
-8
0
-4
-24
-36
-31
-10
9
21
11
-3
-22
-37
-70
-91
-92
-79
-71
-57
-65
-64
-45
-51
-53
-69
-68
-59
-49
-44
-48
-69
-108
-161
-195
-202
-195
-170
-162
-162
-164
-169
-180
-174
-147
-119
-111
-132
-148
-142
-131
-129
-108
-106
-100
-92
-96
-85
-79
-77
-77
-88
-108
-136
-159
-169
-176
-161
-158
-174
-195
-212
-210
-211
-215
-189
-167
-158
-172
-187
-191
-186
-191
-182
-195
-227
-233
-237
-232
-247
-249
-240
-221
-207
-179
-163
-155
-143
-151
-148
-160
-195
-224
-228
-219
-229
-252
-258
-254
-259
-266
-269
-248
-236
-220
-210
-213
-214
-197
-186
-192
-197
-221
-238
-249
-257
-269
-276
-275
-287
-280
-280
-284
-284
-290
-299
-303
-314
-325
-343
-350
-342
-345
-345
-358
-374
-372
-366
-367
-388
-389
-376
-384
-386
-383
-372
-357
-341
-344
-350
-349
-353
-350
-331
-318
-319
-307
-308
-332
-357
-377
-378
-374
-369
-388
-394
-400
-415
-448
-490
-497
-488
-471
-461
-437
-399
-383
-369
-354
-351
-358
-383
-407
-401
-417
-413
-382
-369
-362
-361
-357
-358
-363
-369
-358
-349
-344
-350
-367
-371
-396
-406
-380
-357
-326
-312
-322
-326
-348
-346
-344
-362
-357
-340
-306
-290
-295
-295
-288
-287
-272
-257
-270
-276
-279
-281
-282
-285
-280
-272
-281
-285
-277
-257
-239
-224
-225
-219
-215
-209
-195
-186
-180
-177
-163
-147
-145
-155
-185
-184
-160
-140
-126
-117
-89
-86
-87
-110
-130
-135
-141
-147
-155
-169
-188
-193
-184
-190
-162
-121
-102
-75
-69
-61
-66
-70
-61
-63
-58
-42
-22
-3
19
29
33
40
38
40
50
54
59
60
51
56
57
53
55
59
54
72
74
62
52
33
28
25
6
-7
16
37
30
33
36
45
49
54
53
71
84
72
75
76
61
60
67
62
66
84
95
110
117
116
131
148
144
145
133
135
142
135
141
137
127
101
85
93
125
164
179
165
125
99
80
58
55
72
78
81
78
80
78
47
32
24
18
22
29
25
21
21
13
9
16
19
28
46
46
71
78
87
91
66
78
81
93
107
95
109
114
123
112
92
76
75
79
78
98
100
85
70
41
21
-6
-24
-30
-37
-33
-21
-24
-32
-38
-53
-56
-61
-72
-79
-85
-93
-89
-80
-91
-116
-126
-137
-128
-115
-96
-70
-53
-31
-31
-42
-56
-46
-45
-63
-65
-61
-70
-76
-61
-63
-81
-104
-101
-127
-149
-156
-164
-170
-170
-155
-171
-194
-221
-238
-251
-251
-240
-223
-211
-208
-198
-193
-197
-189
-178
-174
-170
-177
-160
-159
-167
-162
-171
-162
-156
-161
-177
-174
-151
-154
-165
-191
-207
-211
-204
-180
-187
-215
-247
-267
-258
-266
-281
-279
-285
-264
-251
-252
-246
-238
-247
-261
-267
-247
-235
-247
-260
-290
-310
-328
-335
-335
-299
-264
-241
-231
-228
-233
-243
-259
-295
-296
-295
-298
-269
-250
-227
-205
-196
-186
-217
-227
-221
-221
-217
-194
-177
-164
-146
-146
-168
-170
-169
-169
-163
-168
-156
-152
-152
-155
-151
-164
-173
-174
-187
-192
-178
-169
-156
-157
-144
-139
-143
-139
-136
-135
-130
-115
-112
-124
-134
-147
-138
-139
-126
-116
-117
-114
-123
-106
-110
-105
-117
-134
-141
-140
-126
-121
-102
-78
-42
-38
-43
-59
-71
-68
-60
-62
-50
-47
-50
-63
-95
-119
-124
-121
-121
-116
-136
-144
-150
-147
-150
-160
-150
-143
-152
-152
-131
-121
-117
-111
-104
-93
-71
-56
-38
-26
7
1
-2
-30
-64
-95
-116
-115
-127
-107
-94
-85
-81
-63
-73
-98
-116
-131
-119
-115
-133
-148
-159
-164
-147
-121
-102
-89
-78
-76
-93
-107
-132
-151
-164
-198
-212
-199
-195
-193
-180
-177
-183
-196
-192
-204
-193
-174
-145
-121
-108
-95
-101
-108
-112
-103
-99
-101
-91
-85
-92
-81
-80
-51
-30
-38
-42
-43
-59
-64
-86
-97
-104
-107
-114
-134
-123
-125
-117
-96
-82
-80
-72
-64
-65
-52
-38
-10
1
11
5
0
7
0
12
20
34
40
34
9
6
17
32
46
46
48
32
24
32
37
29
14
6
1
4
-15
-21
-3
10
22
20
12
16
35
46
38
41
25
8
16
16
15
27
26
29
28
16
13
20
25
32
37
36
28
37
57
72
90
85
80
85
101
124
112
102
96
78
78
83
83
84
97
101
94
98
106
101
98
78
74
79
78
65
41
39
17
25
50
60
67
66
70
60
52
45
33
46
67
66
61
50
45
40
33
57
62
48
33
5
-2
9
15
25
41
56
47
38
30
46
52
58
71
78
83
81
74
49
45
42
29
11
16
13
15
14
-2
-9
-21
-33
-37
-36
-18
1
25
26
32
48
53
59
30
12
11
17
23
24
35
44
43
35
29
23
35
39
31
24
3
-24
-62
-70
-89
-78
-45
-41
-30
-36
-38
-32
-42
-47
-37
-34
-47
-58
-61
-67
-79
-70
-63
-70
-58
-68
-74
-72
-75
-80
-94
-100
-110
-112
-115
-125
-144
-140
-146
-141
-104
-82
-78
-81
-87
-100
-85
-71
-66
-68
-91
-136
-161
-170
-174
-182
-203
-211
-214
-199
-173
-157
-135
-131
-154
-161
-184
-192
-175
-161
-153
-135
-138
-150
-148
-149
-138
-147
-164
-165
-180
-187
-186
-187
-170
-150
-141
-150
-148
-131
-115
-109
-101
-89
-101
-105
-101
-95
-94
-81
-91
-96
-90
-91
-82
-74
-56
-68
-84
-107
-109
-117
-112
-114
-110
-106
-112
-117
-117
-97
-95
-91
-100
-102
-90
-100
-114
-132
-136
-120
-126
-131
-144
-148
-125
-102
-76
-63
-56
-64
-71
-81
-94
-101
-103
-84
-68
-46
-31
-43
-55
-55
-53
-64
-65
-75
-88
-76
-58
-48
-60
-82
-101
-111
-109
-108
-102
-89
-53
-16
-1
3
-25
-54
-59
-65
-72
-77
-65
-64
-74
-83
-99
-108
-106
-99
-100
-84
-79
-63
-55
-49
-32
-35
-65
-104
-138
-161
-153
-153
-134
-126
-120
-126
-134
-136
-141
-130
-125
-120
-130
-143
-161
-178
-181
-188
-182
-170
-172
-158
-141
-130
-138
-144
-154
-173
-201
-208
-195
-215
-226
-233
-224
-206
-192
-194
-187
-174
-167
-161
-180
-186
-186
-183
-177
-183
-203
-211
-211
-227
-231
-221
-214
-209
-194
-198
-209
-215
-210
-224
-243
-244
-254
-255
-250
-233
-231
-224
-221
-218
-209
-211
-217
-222
-223
-214
-221
-227
-233
-239
-237
-229
-217
-200
-196
-217
-238
-267
-289
-310
-327
-309
-290
-282
-272
-289
-283
-266
-262
-247
-248
-249
-257
-264
-264
-284
-292
-283
-286
-283
-291
-289
-288
-282
-284
-285
-278
-283
-296
-301
-313
-313
-312
-310
-300
-309
-300
-291
-275
-259
-260
-249
-239
-252
-259
-274
-275
-256
-236
-222
-220
-203
-202
-221
-239
-248
-256
-269
-274
-279
-290
-299
-298
-290
-285
-275
-256
-234
-234
-239
-233
-237
-241
-240
-251
-266
-264
-262
-267
-280
-277
-267
-251
-237
-235
-230
-211
-203
-184
-181
-177
-176
-182
-176
-195
-201
-205
-207
-193
-190
-178
-177
-195
-191
-185
-181
-174
-181
-181
-168
-162
-166
-182
-188
-189
-181
-172
-158
-148
-154
-152
-160
-164
-140
-100
-82
-69
-55
-47
-36
-4
7
-9
-13
-29
-26
-29
-38
-33
-34
-27
-25
-35
-26
-7
-15
-29
-64
-97
-107
-111
-114
-116
-100
-109
-107
-112
-131
-119
-77
-54
-39
-54
-62
-51
-47
-29
-22
-24
-34
-44
-36
-30
-43
-56
-51
-39
-30
-34
-32
-26
-28
-20
-15
2
22
46
52
60
61
55
56
43
44
37
43
57
28
17
0
-18
-26
-31
-36
-31
-25
-22
-25
-39
-37
-34
-30
-19
8
42
70
59
65
62
63
79
98
101
85
59
34
24
-7
-30
-31
-14
-17
-28
-34
-42
-41
-20
12
30
40
41
37
49
60
46
43
51
54
51
64
77
75
77
70
62
30
-1
-8
5
20
38
47
44
41
38
18
7
9
4
21
30
41
38
38
29
11
-8
-7
-9
-37
-44
-32
-23
-18
9
27
28
34
28
19
38
37
15
15
25
28
6
-12
-8
-5
18
44
48
38
27
22
10
11
22
30
10
-10
-34
-42
-26
-19
-31
-31
-36
-48
-43
-63
-61
-51
-37
-36
-36
-50
-64
-71
-74
-76
-69
-47
-18
5
-12
-38
-60
-81
-109
-118
-140
-162
-168
-183
-180
-153
-123
-112
-102
-99
-91
-82
-83
-88
-115
-130
-120
-129
-124
-112
-95
-104
-120
-136
-163
-184
-184
-159
-139
-118
-96
-77
-58
-64
-72
-77
-83
-90
-101
-109
-117
-119
-104
-113
-116
-108
-113
-116
-127
-140
-144
-146
-140
-120
-103
-87
-86
-89
-100
-106
-90
-72
-55
-42
-35
-16
-1
15
36
49
51
81
103
109
112
122
138
142
161
155
142
131
109
95
103
111
84
67
69
75
82
81
81
65
56
51
48
45
29
30
47
65
72
51
50
67
70
85
102
132
160
176
192
196
231
251
243
218
200
215
211
201
196
192
189
197
196
181
161
145
136
126
121
115
105
129
124
98
102
91
92
106
123
146
147
159
166
158
156
158
151
148
135
112
107
90
89
67
60
64
78
104
114
115
115
101
101
107
102
106
97
102
107
103
116
127
132
142
151
161
177
201
204
188
178
169
156
154
168
183
176
168
155
151
159
152
149
154
157
155
157
156
151
133
126
106
68
53
37
38
31
13
5
21
25
21
30
49
69
89
96
90
79
76
93
107
121
135
157
163
149
151
149
136
136
134
137
154
190
218
229
220
219
190
174
162
159
174
195
210
188
179
169
174
192
189
202
191
193
190
157
131
106
116
101
81
50
18
7
17
29
48
48
41
53
54
57
74
86
100
100
99
102
82
67
59
71
70
88
89
78
88
101
103
98
92
64
49
48
58
67
63
80
81
85
62
47
50
48
61
60
67
73
60
24
1
-14
-23
-17
-12
-8
-35
-42
-35
-15
6
24
12
7
9
3
27
56
69
59
60
64
85
97
124
141
161
169
170
166
166
183
175
172
174
195
215
233
245
248
242
226
225
227
237
263
278
286
279
282
284
284
295
289
310
322
318
315
308
325
331
337
312
284
287
269
267
280
306
316
328
328
323
325
337
359
376
388
402
406
410
428
450
465
498
526
553
567
558
559
563
587
586
588
589
579
576
575
593
612
609
597
577
564
568
573
552
532
526
517
519
516
512
517
528
546
570
616
647
645
638
628
599
594
598
609
636
645
649
656
671
676
675
657
634
615
600
575
554
535
537
559
584
591
586
585
586
585
590
579
554
557
585
612
639
662
670
645
627
610
589
575
585
598
607
607
587
581
570
555
537
525
544
548
550
571
597
612
605
609
617
629
654
664
658
655
652
655
632
624
611
582
585
587
579
581
583
584
579
576
565
555
551
544
554
568
587
604
607
593
600
608
617
617
630
648
637
633
625
621
606
582
564
545
533
505
475
445
440
460
459
461
470
484
483
474
475
482
484
476
469
449
443
430
426
409
384
366
359
373
368
351
330
310
284
290
299
316
319
305
297
287
281
286
280
291
311
320
310
307
315
327
339
320
304
295
275
270
248
233
235
231
225
226
229
226
232
231
235
228
226
207
179
159
144
138
120
94
74
53
61
82
107
124
118
104
104
99
104
129
154
167
162
156
137
123
133
151
163
177
169
172
175
173
168
153
145
140
152
134
112
98
97
105
96
86
92
124
149
169
172
171
180
196
206
205
215
233
252
263
263
235
216
216
229
245
246
245
215
193
197
183
175
171
172
186
210
227
237
270
282
288
278
262
271
273
273
278
282
298
297
300
292
284
310
320
329
332
319
328
329
342
350
352
351
341
317
284
269
253
274
297
327
353
358
378
374
371
390
426
437
446
422
396
402
399
415
422
427
395
377
356
329
330
332
321
301
303
298
307
327
347
340
335
310
282
274
281
290
298
331
366
389
388
378
359
371
367
368
347
318
332
332
328
324
322
304
298
312
320
324
310
295
292
283
268
269
249
258
280
269
269
252
242
228
209
197
164
157
160
155
165
181
169
163
171
161
124
102
124
121
148
171
170
147
128
120
112
130
146
141
131
117
104
95
96
96
94
91
84
91
76
58
62
79
80
75
61
44
43
41
46
44
31
46
49
34
25
-4
-15
-25
-35
-29
-25
-27
-29
-31
-33
-53
-71
-85
-92
-99
-107
-103
-124
-138
-129
-132
-142
-146
-180
-207
-224
-243
-262
-267
-266
-259
-242
-225
-195
-177
-197
-216
-231
-256
-286
-306
-306
-302
-306
-307
-309
-316
-337
-347
-362
-383
-381
-372
-381
-401
-415
-433
-442
-445
-435
-407
-405
-394
-389
-399
-402
-399
-378
-373
-380
-399
-415
-430
-454
-481
-488
-504
-505
-514
-531
-528
-530
-526
-530
-523
-525
-514
-515
-518
-495
-475
-476
-489
-488
-491
-490
-486
-471
-465
-460
-455
-449
-438
-429
-431
-430
-414
-409
-409
-401
-415
-423
-435
-452
-444
-466
-482
-470
-450
-443
-438
-443
-472
-496
-508
-496
-480
-473
-449
-425
-435
-468
-502
-519
-525
-522
-487
-469
-458
-452
-457
-461
-462
-457
-456
-457
-454
-458
-456
-424
-387
-365
-356
-362
-360
-355
-349
-334
-317
-303
-302
-293
-290
-280
-269
-263
-259
-272
-296
-311
-311
-296
-288
-283
-289
-287
-287
-278
-280
-295
-288
-296
-306
-328
-329
-345
-352
-342
-336
-324
-289
-263
-233
-204
-196
-208
-226
-225
-235
-236
-240
-246
-227
-214
-206
-209
-215
-225
-211
-205
-200
-202
-211
-208
-198
-201
-205
-189
-180
-172
-166
-161
-169
-170
-169
-164
-160
-158
-151
-137
-135
-152
-149
-150
-150
-148
-149
-159
-154
-151
-155
-146
-158
-155
-157
-170
-170
-154
-150
-150
-135
-119
-118
-106
-91
-64
-55
-42
-40
-37
-28
-49
-59
-62
-53
-47
-44
-40
-39
-33
-20
6
33
47
65
64
47
21
11
29
27
35
52
55
72
76
78
76
72
51
19
-1
-26
-49
-42
-34
-19
9
22
42
59
65
72
73
68
48
33
29
1
-11
-26
-13
19
35
54
67
64
65
63
61
57
62
77
64
63
79
92
117
128
127
123
118
111
103
94
84
91
102
95
96
100
109
139
157
162
155
144
139
120
112
114
123
134
154
162
158
172
180
186
174
163
156
141
116
102
118
123
126
122
144
148
157
167
156
152
146
137
139
136
139
168
195
199
189
186
176
168
169
163
168
167
163
172
177
177
168
157
158
153
140
151
176
201
212
211
210
203
189
193
212
223
211
203
213
217
247
279
302
318
321
306
300
294
276
275
257
255
269
280
288
297
312
314
319
329
308
293
283
271
289
310
336
345
344
351
364
382
406
425
434
427
410
399
383
383
383
390
402
412
429
436
431
427
412
428
431
453
472
495
536
553
564
548
543
547
552
545
539
535
547
570
592
615
601
591
579
564
539
508
510
514
523
531
521
526
527
549
567
570
564
552
548
525
517
505
516
546
566
567
560
558
578
589
581
578
600
615
614
601
591
591
580
589
611
617
600
589
591
593
584
578
560
536
532
515
485
469
461
471
474
473
471
476
478
495
515
521
531
545
547
541
537
543
552
548
530
514
514
517
519
527
515
492
476
458
439
417
395
374
363
364
379
397
405
409
405
395
387
406
415
419
425
417
398
372
349
319
292
288
291
293
298
288
253
224
217
210
187
173
190
184
159
168
173
170
179
179
175
176
179
178
187
184
180
156
124
118
125
150
155
149
125
85
41
-8
-23
-21
-16
0
-4
-14
-35
-50
-66
-95
-115
-135
-151
-168
-166
-170
-154
-144
-128
-98
-91
-94
-97
-84
-86
-96
-109
-135
-140
-141
-128
-97
-66
-67
-65
-48
-51
-55
-59
-72
-74
-70
-96
-117
-143
-156
-147
-156
-148
-147
-151
-168
-190
-177
-170
-174
-180
-180
-185
-188
-180
-186
-182
-175
-180
-190
-212
-225
-224
-199
-172
-175
-172
-161
-178
-201
-221
-226
-215
-216
-224
-224
-213
-197
-175
-162
-148
-138
-130
-127
-113
-98
-96
-118
-135
-146
-144
-118
-104
-97
-106
-125
-154
-170
-192
-213
-239
-246
-250
-254
-273
-284
-267
-252
-228
-209
-207
-223
-232
-243
-236
-221
-216
-209
-199
-195
-201
-211
-211
-209
-217
-223
-221
-215
-223
-217
-220
-200
-188
-184
-166
-165
-154
-155
-152
-152
-174
-203
-225
-255
-268
-270
-244
-221
-204
-184
-174
-160
-163
-168
-141
-127
-131
-135
-135
-147
-174
-205
-200
-187
-189
-179
-165
-146
-146
-148
-156
-180
-202
-195
-185
-173
-162
-155
-150
-141
-134
-133
-139
-125
-108
-113
-101
-107
-117
-126
-142
-135
-119
-122
-151
-171
-166
-153
-161
-161
-159
-155
-164
-186
-189
-193
-186
-178
-166
-172
-174
-162
-161
-144
-122
-121
-135
-159
-196
-205
-198
-185
-147
-139
-125
-125
-138
-143
-119
-82
-50
-28
-36
-55
-67
-67
-52
-29
-13
3
11
6
16
16
22
33
32
18
-13
-37
-21
-3
-24
-19
-28
-33
-24
-12
14
26
49
38
33
25
25
50
65
68
75
98
86
85
77
79
83
87
82
64
51
53
59
59
65
59
64
64
70
78
82
78
60
65
69
70
100
133
140
140
151
172
196
203
187
147
162
186
203
250
267
298
298
298
274
264
266
275
289
318
334
344
352
343
356
367
384
382
361
345
331
334
350
371
395
395
388
391
399
402
398
375
360
351
337
325
313
320
335
355
370
391
402
406
426
440
448
441
423
432
440
415
400
393
389
387
397
403
394
388
388
381
377
380
389
417
441
426
403
385
374
369
360
357
346
337
337
343
349
343
341
328
291
251
209
192
185
181
173
179
169
176
190
200
223
226
238
223
219
220
211
216
205
216
236
248
239
247
232
205
182
161
159
143
137
140
160
190
206
205
196
173
172
167
144
138
145
145
106
88
74
83
78
54
33
25
18
22
14
-4
-30
-55
-74
-100
-124
-137
-113
-117
-110
-110
-120
-116
-101
-73
-40
-16
-19
-28
-44
-71
-61
-76
-97
-115
-144
-145
-151
-139
-124
-109
-109
-127
-142
-165
-180
-194
-218
-215
-223
-229
-230
-236
-248
-245
-240
-230
-243
-253
-266
-270
-277
-302
-299
-306
-318
-326
-291
-245
-229
-241
-244
-258
-270
-255
-233
-235
-230
-214
-225
-224
-243
-252
-265
-257
-256
-263
-266
-269
-270
-274
-270
-269
-274
-273
-272
-277
-262
-278
-304
-310
-317
-317
-309
-300
-304
-314
-302
-290
-280
-263
-272
-273
-290
-307
-308
-273
-267
-284
-256
-232
-200
-200
-220
-229
-234
-238
-232
-231
-243
-244
-214
-184
-160
-134
-141
-161
-190
-179
-156
-171
-166
-162
-174
-181
-190
-197
-194
-180
-156
-158
-174
-171
-176
-173
-189
-190
-182
-154
-119
-116
-109
-114
-123
-116
-131
-141
-123
-97
-104
-109
-101
-70
-61
-71
-105
-114
-98
-69
-51
-58
-59
-60
-60
-68
-51
-32
-21
-20
-9
-9
-17
-8
-11
-25
-32
-43
-44
-33
-37
-40
-49
-47
-30
-29
-29
-11
-13
-15
-12
-10
5
10
36
71
82
75
65
53
46
34
15
30
39
44
17
30
76
91
89
73
63
39
51
70
96
97
74
75
72
78
83
74
45
38
51
62
65
45
43
77
61
53
33
37
60
48
45
45
42
50
58
57
56
28
23
27
37
61
41
26
32
9
4
12
15
7
6
28
5
-14
-6
-5
-14
-29
-37
-47
-27
-11
-36
-37
-46
-52
-56
-59
-55
-64
-69
-54
-49
-46
-62
-67
-65
-92
-94
-92
-60
-55
-35
-52
-75
-78
-73
-87
-92
-77
-81
-75
-100
-99
-92
-84
-100
-118
-141
-166
-175
-196
-201
-208
-224
-236
-228
-215
-207
-200
-184
-174
-180
-198
-210
-226
-235
-238
-245
-252
-280
-272
-273
-270
-279
-283
-297
-280
-275
-277
-282
-313
-319
-313
-307
-310
-301
-280
-272
-263
-254
-236
-204
-217
-220
-217
-249
-261
-270
-262
-269
-272
-285
-294
-298
-309
-296
-269
-258
-267
-285
-289
-270
-269
-271
-265
-276
-291
-275
-294
-307
-303
-309
-320
-312
-317
-320
-346
-323
-319
-353
-321
-304
-315
-329
-321
-325
-317
-328
-314
-293
-280
-285
-315
-336
-335
-323
-337
-319
-310
-294
-287
-305
-331
-352
-347
-332
-314
-319
-300
-289
-281
-267
-268
-275
-291
-293
-307
-298
-297
-287
-268
-268
-245
-215
-213
-200
-205
-222
-228
-238
-237
-242
-227
-212
-206
-199
-199
-184
-199
-211
-214
-190
-165
-154
-149
-155
-162
-165
-155
-160
-144
-159
-154
-149
-144
-123
-111
-76
-60
-32
29
175
364
382
122
-121
-34
545
1199
1306
740
-65
-369
-59
603
973
725
109
-438
-589
-465
-65
178
209
-141
-566
-991
-970
-590
-454
-686
-1122
-1441
-1281
-684
-323
-369
-850
-1016
-892
-303
-47
14
-109
-290
-359
-447
-264
-68
376
602
744
627
449
405
559
609
587
666
725
664
482
431
252
199
120
201
116
3
-195
-193
-150
-174
-79
-239
-463
-820
-787
-684
-556
-613
-698
-671
-635
-421
-291
-305
-515
-545
-504
-352
-289
-122
-19
-146
-346
-238
-424
-258
-175
-36
21
180
259
57
-51
-283
-357
-356
-273
-280
-275
-402
-467
-713
-751
-750
-523
-442
-302
-378
-388
-466
-396
-373
-397
-418
-353
-104
-18
20
-37
-114
-94
69
203
176
203
180
231
184
196
90
92
-14
-174
-231
-222
-90
-128
-92
-178
-259
-346
-355
-380
-431
-500
-510
-384
-387
-306
-341
-371
-454
-413
-413
-430
-321
-273
-309
-177
-364
-405
-582
-651
-666
-681
-513
-562
-399
-656
-663
-831
-844
-957
-872
-1014
-1034
-964
-885
-825
-804
-755
-797
-732
-652
-530
-412
-258
-122
4
-5
70
156
267
274
297
288
290
337
366
331
275
193
124
17
-66
-157
-219
-256
-323
-411
-506
-576
-686
-735
-793
-753
-781
-775
-771
-740
-693
-629
-557
-512
-468
-431
-345
-213
-113
-120
-165
-225
-220
-194
-253
-344
-329
-334
-370
-550
-706
-927
-1008
-1083
-1183
-1289
-1392
-1463
-1525
-1627
-1665
-1647
-1561
-1526
-1380
-1227
-1018
-835
-721
-544
-348
-129
31
235
371
589
820
1080
1263
1336
1412
1447
1489
1500
1515
1472
1338
1206
1057
945
765
547
305
116
-75
-270
-508
-702
-860
-991
-1078
-1146
-1204
-1275
-1272
-1212
-1032
-865
-692
-610
-508
-430
-297
-159
-60
45
138
270
327
386
318
338
259
233
72
-1
-177
-320
-468
-645
-774
-998
-1092
-1238
-1194
-1166
-1048
-960
-858
-684
-556
-362
-263
-205
-61
76
338
556
854
1079
1341
1557
1703
1789
1797
1795
1747
1704
1582
1419
1243
1092
959
787
572
268
-18
-300
-506
-719
-936
-1131
-1304
-1386
-1432
-1491
-1557
-1560
-1455
-1312
-1134
-971
-789
-575
-344
-146
-18
76
174
270
348
425
380
403
312
329
146
94
-152
-258
-421
-685
-839
-1234
-1328
-1712
-1722
-1894
-1773
-1713
-1621
-1430
-1343
-1005
-884
-678
-640
-537
-370
-148
159
344
653
932
1293
1626
1798
1965
1993
1991
1804
1578
1298
1064
919
712
566
294
158
-69
-275
-590
-956
-1269
-1582
-1771
-1983
-2113
-2190
-2184
-2086
-1980
-1825
-1689
-1472
-1260
-1011
-789
-523
-249
-33
168
286
445
538
606
590
536
457
343
217
115
-65
-185
-544
-772
-1103
-1326
-1543
-1852
-2042
-2339
-2289
-2319
-2192
-2125
-2025
-1767
-1493
-1161
-958
-832
-652
-501
-184
-18
288
519
923
1356
1726
2007
2093
2215
2054
1956
1623
1335
1021
721
486
205
58
-183
-320
-567
-848
-1113
-1514
-1778
-2149
-2350
-2562
-2592
-2548
-2490
-2230
-2043
-1625
-1439
-1048
-811
-529
-213
-111
160
124
440
514
733
866
834
986
809
920
604
454
158
-232
-409
-989
-1092
-1643
-1722
-2098
-2211
-2242
-2320
-2204
-2362
-2198
-2205
-1870
-1745
-1528
-1392
-1145
-832
-525
-207
23
391
706
1183
1481
1858
2044
2272
2278
2189
2086
1804
1637
1247
1076
716
529
270
59
-118
-435
-681
-1058
-1259
-1582
-1810
-2095
-2251
-2337
-2384
-2308
-2213
-1962
-1699
-1382
-1044
-727
-429
-172
-47
136
203
432
482
573
538
556
635
640
692
497
405
87
-108
-447
-791
-1156
-1587
-1785
-2172
-2178
-2333
-2178
-2210
-2155
-2020
-1892
-1535
-1539
-1229
-1277
-905
-771
-428
-202
10
438
741
1352
1650
2135
2331
2478
2491
2336
2232
1918
1624
1233
931
712
387
247
3
-133
-404
-672
-919
-1241
-1448
-1831
-2089
-2424
-2516
-2559
-2476
-2308
-2122
-1734
-1393
-976
-657
-351
-83
25
144
214
309
421
371
448
441
585
660
672
664
411
319
-43
-256
-745
-1135
-1545
-1924
-2129
-2308
-2221
-2235
-2179
-2096
-1923
-1642
-1467
-1250
-1136
-1009
-841
-693
-482
-353
-93
206
669
1152
1585
2055
2292
2559
2505
2490
2261
1928
1519
1089
805
415
187
-96
-212
-427
-561
-769
-925
-1174
-1456
-1743
-2074
-2297
-2478
-2566
-2687
-2584
-2354
-1939
-1492
-1077
-627
-232
121
326
458
543
568
570
519
475
449
466
535
547
599
541
472
299
-1
-344
-831
-1219
-1740
-2082
-2382
-2519
-2510
-2584
-2392
-2330
-1942
-1659
-1273
-1055
-937
-733
-722
-495
-483
-286
-129
212
634
1041
1582
2003
2393
2556
2632
2542
2372
1981
1584
1076
670
254
-100
-331
-562
-609
-774
-728
-849
-908
-1114
-1357
-1552
-1900
-2035
-2354
-2405
-2408
-2142
-1771
-1388
-877
-407
191
525
865
949
1098
1062
1053
816
698
479
390
295
193
265
170
272
7
-34
-470
-714
-1180
-1639
-1975
-2349
-2407
-2683
-2608
-2562
-2162
-1789
-1362
-976
-666
-258
-14
292
408
549
590
702
934
1171
1521
1842
2226
2571
2785
2990
2923
2789
2457
2144
1641
1022
488
-89
-446
-834
-942
-1095
-1131
-1207
-1264
-1246
-1314
-1351
-1532
-1705
-1907
-1954
-1937
-1858
-1684
-1411
-941
-467
44
470
915
1268
1516
1589
1468
1337
1089
913
636
435
165
27
-177
-216
-340
-428
-548
-784
-928
-1222
-1353
-1701
-1846
-2138
-2183
-2142
-2027
-1729
-1573
-1134
-809
-234
176
563
839
997
1251
1395
1604
1690
1846
1996
2145
2274
2356
2402
2376
2243
2131
1871
1580
1121
723
279
-200
-578
-972
-1158
-1444
-1510
-1634
-1578
-1552
-1538
-1493
-1509
-1406
-1399
-1268
-1207
-1001
-773
-481
-218
33
339
664
1008
1199
1361
1360
1408
1310
1164
939
653
377
13
-206
-555
-752
-1045
-1212
-1393
-1532
-1564
-1609
-1635
-1747
-1742
-1702
-1573
-1467
-1328
-1145
-901
-559
-209
91
372
669
1011
1356
1662
1899
2057
2247
2359
2439
2424
2285
2100
1821
1669
1380
1092
681
411
145
-194
-442
-773
-918
-1202
-1294
-1461
-1555
-1642
-1732
-1736
-1802
-1656
-1574
-1374
-1254
-970
-660
-287
-3
250
510
770
1006
1087
1158
1062
1094
930
896
678
574
298
78
-135
-389
-550
-849
-973
-1298
-1322
-1473
-1466
-1667
-1772
-1732
-1645
-1430
-1404
-1185
-1061
-738
-452
-116
141
364
674
947
1292
1508
1759
1934
2112
2252
2306
2355
2306
2219
2034
1880
1602
1230
875
546
266
-85
-373
-670
-910
-1155
-1296
-1344
-1377
-1421
-1472
-1465
-1448
-1365
-1285
-1167
-1054
-817
-534
-215
-4
255
484
789
1007
1141
1251
1298
1380
1268
1194
940
780
487
276
14
-236
-473
-751
-946
-1185
-1296
-1379
-1406
-1480
-1552
-1491
-1351
-1230
-1151
-1052
-914
-748
-493
-250
-45
191
447
780
1056
1344
1566
1829
2070
2236
2327
2347
2309
2162
1968
1778
1532
1231
859
569
226
-109
-375
-583
-751
-975
-1071
-1205
-1242
-1362
-1396
-1469
-1462
-1427
-1380
-1287
-1193
-982
-772
-454
-272
-34
133
431
641
810
875
897
928
866
767
545
412
159
-57
-289
-531
-769
-999
-1185
-1325
-1377
-1368
-1448
-1494
-1540
-1375
-1214
-1101
-1032
-976
-778
-663
-408
-299
-121
29
247
515
744
1038
1202
1501
1649
1842
1890
1930
1888
1711
1552
1307
1054
657
375
74
-230
-571
-833
-1042
-1238
-1375
-1447
-1448
-1464
-1489
-1523
-1494
-1460
-1396
-1357
-1272
-1177
-984
-764
-572
-349
-140
170
416
584
684
769
840
843
825
660
526
283
51
-203
-451
-679
-942
-1100
-1324
-1462
-1560
-1523
-1517
-1573
-1557
-1459
-1260
-1136
-1050
-934
-782
-544
-357
-193
-53
87
288
498
727
936
1174
1375
1601
1736
1826
1883
1825
1698
1498
1352
1077
762
436
152
-162
-481
-728
-971
-1149
-1312
-1354
-1391
-1369
-1340
-1323
-1251
-1191
-1098
-1045
-937
-844
-689
-528
-394
-217
-81
184
397
576
671
729
868
881
850
712
598
371
168
-59
-366
-570
-908
-1075
-1322
-1398
-1441
-1455
-1463
-1522
-1364
-1218
-954
-903
-740
-628
-423
-188
-49
102
168
380
537
765
942
1161
1350
1553
1739
1846
1956
1949
1914
1773
1676
1493
1190
869
582
275
-62
-395
-672
-898
-1058
-1148
-1199
-1235
-1194
-1141
-1088
-957
-849
-729
-650
-497
-362
-232
-117
10
152
320
512
620
771
863
1020
1104
1063
1012
914
751
555
302
31
-229
-512
-778
-979
-1185
-1263
-1327
-1377
-1384
-1397
-1232
-1074
-909
-802
-646
-490
-270
-69
72
267
392
620
743
982
1168
1356
1540
1709
1853
1904
2023
1974
1961
1790
1696
1483
1189
928
649
356
-18
-288
-642
-863
-1120
-1272
-1399
-1468
-1450
-1464
-1364
-1264
-1124
-1035
-898
-738
-585
-451
-309
-153
-39
86
208
291
362
420
543
574
581
555
475
366
129
-61
-317
-555
-869
-1090
-1296
-1457
-1520
-1603
-1624
-1682
-1635
-1537
-1364
-1244
-1094
-927
-779
-513
-378
-244
-159
-1
165
347
542
711
893
1044
1212
1257
1324
1307
1269
1155
1024
914
646
369
113
-91
-404
-687
-966
-1184
-1391
-1601
-1742
-1905
-1950
-1959
-1960
-1949
-1855
-1728
-1599
-1411
-1226
-1019
-844
-653
-481
-349
-222
-159
-106
-107
-54
-25
-29
-89
-134
-193
-291
-443
-645
-827
-1082
-1289
-1531
-1733
-1871
-1995
-2105
-2199
-2190
-2089
-1918
-1781
-1638
-1482
-1325
-1094
-927
-752
-647
-509
-330
-193
-2
192
425
566
767
907
1009
1052
997
966
845
755
500
205
-85
-335
-603
-937
-1188
-1477
-1665
-1882
-2023
-2152
-2256
-2247
-2272
-2245
-2198
-2091
-1974
-1832
-1650
-1451
-1237
-1075
-883
-701
-533
-356
-279
-198
-196
-123
-148
-178
-219
-306
-397
-574
-704
-892
-1044
-1283
-1480
-1677
-1815
-1896
-2019
-2096
-2159
-2091
-1983
-1865
-1775
-1641
-1482
-1293
-1069
-885
-739
-594
-450
-274
-76
104
276
428
628
790
886
933
982
980
944
875
693
450
166
-38
-331
-661
-963
-1207
-1391
-1570
-1691
-1812
-1887
-1955
-1945
-1939
-1882
-1799
-1730
-1618
-1480
-1272
-1098
-903
-681
-517
-363
-203
-86
-34
8
57
85
46
-27
-71
-190
-304
-459
-641
-838
-1047
-1234
-1422
-1533
-1652
-1690
-1807
-1821
-1811
-1724
-1614
-1496
-1329
-1193
-943
-700
-470
-343
-171
-28
126
284
451
666
809
995
1122
1253
1344
1407
1398
1346
1295
1168
966
649
389
99
-194
-516
-794
-1039
-1253
-1433
-1594
-1679
-1698
-1631
-1624
-1574
-1503
-1407
-1303
-1142
-929
-727
-533
-355
-161
17
213
362
427
462
514
549
497
380
309
224
93
-69
-240
-423
-596
-802
-958
-1060
-1124
-1212
-1344
-1427
-1403
-1332
-1224
-1109
-985
-798
-590
-353
-155
37
197
324
450
604
783
942
1111
1252
1412
1477
1540
1582
1574
1556
1493
1368
1174
975
744
504
167
-127
-407
-671
-878
-1095
-1220
-1322
-1354
-1364
-1320
-1271
-1209
-1099
-971
-783
-631
-415
-272
-56
131
313
477
603
713
733
796
782
786
669
582
469
334
202
41
-104
-279
-397
-592
-672
-777
-844
-945
-1043
-1006
-963
-847
-787
-652
-530
-348
-122
114
317
466
668
802
989
1119
1285
1420
1551
1712
1789
1864
1881
1906
1834
1791
1700
1503
1269
1048
823
513
218
-36
-276
-527
-719
-888
-1019
-1062
-1067
-1025
-993
-906
-782
-644
-473
-270
-70
66
271
456
630
750
864
952
988
1079
1085
1072
982
933
815
716
586
416
254
7
-120
-324
-447
-546
-604
-672
-753
-739
-700
-592
-524
-374
-257
-85
119
290
468
587
767
945
1133
1297
1487
1660
1806
1984
2086
2169
2212
2217
2172
2057
1967
1793
1614
1402
1198
916
622
368
96
-140
-377
-497
-673
-761
-841
-910
-942
-900
-805
-694
-503
-333
-112
73
265
441
569
697
814
907
933
938
937
917
873
788
711
589
474
299
106
-97
-263
-418
-561
-641
-719
-771
-854
-812
-730
-621
-533
-448
-332
-160
67
233
390
523
741
899
1040
1169
1283
1417
1550
1700
1798
1840
1850
1840
1745
1656
1548
1375
1175
971
749
447
124
-171
-422
-648
-835
-973
-1103
-1169
-1186
-1180
-1154
-1081
-973
-888
-740
-547
-383
-241
-45
165
348
469
586
658
664
699
703
680
597
547
451
344
155
-6
-188
-384
-537
-707
-843
-947
-1028
-1146
-1190
-1237
-1149
-1065
-942
-821
-699
-525
-329
-140
-1
185
340
546
708
888
1059
1212
1370
1523
1601
1633
1668
1658
1621
1559
1468
1319
1135
925
724
412
103
-194
-421
-663
-874
-1083
-1255
-1337
-1384
-1377
-1387
-1292
-1209
-1096
-975
-787
-617
-483
-274
-44
169
283
440
525
606
625
675
666
628
558
438
295
96
-33
-198
-364
-552
-661
-827
-892
-995
-1074
-1149
-1187
-1096
-1032
-910
-809
-655
-553
-351
-179
-52
65
206
399
511
656
780
951
1082
1247
1340
1389
1418
1404
1393
1317
1285
1174
995
788
607
365
114
-143
-378
-583
-835
-1033
-1243
-1390
-1477
-1503
-1516
-1467
-1373
-1268
-1123
-960
-761
-603
-431
-229
-52
120
258
366
416
473
462
450
342
252
185
91
-2
-113
-233
-397
-512
-695
-846
-1014
-1059
-1134
-1187
-1237
-1222
-1147
-1051
-949
-903
-769
-641
-431
-285
-143
1
188
380
567
732
870
1038
1150
1313
1375
1429
1471
1492
1483
1448
1348
1191
1036
866
687
428
181
-68
-270
-492
-707
-890
-1049
-1140
-1197
-1197
-1200
-1133
-1065
-953
-800
-611
-421
-246
-38
154
347
485
622
702
769
802
782
697
631
573
516
409
253
135
-26
-150
-310
-414
-502
-538
-579
-644
-705
-749
-678
-627
-519
-440
-290
-148
29
262
439
605
758
959
1092
1270
1443
1626
1776
1903
2047
2098
2155
2143
2130
2057
1995
1873
1658
1457
1272
1045
716
440
172
-84
-338
-518
-666
-771
-801
-787
-780
-757
-641
-531
-395
-218
-15
152
307
501
709
867
1013
1149
1228
1269
1293
1265
1187
1105
1036
945
785
663
535
382
242
122
23
-82
-163
-217
-307
-388
-356
-306
-235
-138
-45
72
218
397
564
720
838
1026
1195
1331
1521
1665
1832
1969
2098
2183
2232
2280
2309
2250
2176
2103
1908
1705
1514
1348
1087
792
548
332
102
-130
-281
-425
-499
-546
-554
-553
-492
-388
-284
-161
1
180
344
573
798
1005
1162
1332
1432
1506
1545
1597
1554
1497
1425
1322
1184
978
827
604
410
185
64
-69
-96
-123
-175
-238
-264
-182
-114
-30
67
204
302
494
652
764
858
1005
1182
1303
1466
1642
1815
1951
2121
2238
2303
2335
2361
2359
2299
2249
2123
1971
1799
1628
1394
1098
849
616
410
185
-16
-184
-334
-410
-422
-449
-430
-351
-266
-135
31
191
348
517
716
935
1089
1222
1337
1387
1430
1475
1471
1390
1300
1233
1105
939
769
612
415
257
93
-57
-163
-209
-250
-327
-389
-370
-281
-226
-119
-35
67
215
394
595
703
824
959
1083
1200
1358
1504
1626
1804
1953
2070
2116
2142
2156
2136
2090
2011
1868
1667
1516
1291
1027
723
481
257
3
-202
-408
-583
-713
-760
-784
-765
-718
-633
-549
-438
-256
-92
51
199
385
542
701
812
930
980
1036
1104
1073
1004
932
878
729
586
412
260
59
-103
-264
-429
-550
-620
-665
-744
-792
-774
-687
-603
-477
-369
-264
-123
50
223
363
469
618
790
955
1173
1363
1513
1638
1800
1896
1957
2000
2014
2010
1974
1914
1749
1533
1338
1167
908
633
360
121
-102
-304
-465
-627
-739
-802
-823
-837
-799
-701
-579
-448
-287
-113
55
244
438
591
739
839
929
1000
1079
1140
1123
1058
988
920
744
609
436
273
70
-132
-315
-502
-638
-697
-713
-793
-869
-941
-885
-819
-715
-614
-519
-422
-247
-30
117
265
422
625
789
953
1102
1249
1406
1598
1754
1829
1899
1930
1932
1886
1847
1732
1563
1385
1228
987
677
408
151
-105
-329
-513
-691
-826
-920
-932
-972
-978
-905
-830
-740
-599
-443
-322
-178
-5
199
351
510
663
774
852
920
927
880
837
765
682
558
426
268
67
-134
-276
-425
-575
-687
-772
-849
-930
-1000
-976
-907
-824
-721
-633
-547
-427
-253
-94
36
168
308
436
584
741
896
1030
1166
1311
1414
1478
1543
1589
1586
1544
1494
1378
1230
1076
920
705
430
198
-33
-243
-424
-573
-728
-811
-862
-873
-882
-862
-797
-703
-580
-446
-309
-182
-13
179
357
503
623
750
795
845
862
861
836
767
669
532
387
172
20
-220
-392
-570
-715
-855
-956
-1034
-1107
-1159
-1207
-1141
-1116
-1029
-951
-883
-776
-581
-377
-225
-76
72
275
393
544
733
907
1067
1216
1336
1405
1484
1523
1525
1491
1442
1356
1203
1037
879
673
453
231
21
-196
-425
-626
-817
-977
-1077
-1126
-1207
-1252
-1233
-1150
-1043
-896
-713
-518
-331
-126
84
237
384
509
607
654
711
741
705
634
579
489
361
215
88
-81
-239
-416
-595
-758
-921
-1010
-1101
-1197
-1300
-1369
-1428
-1397
-1341
-1278
-1174
-1089
-940
-737
-549
-392
-234
-57
165
348
561
794
966
1146
1313
1431
1499
1537
1580
1594
1562
1493
1354
1165
993
830
609
356
118
-78
-259
-434
-580
-725
-856
-913
-951
-1013
-1005
-958
-866
-780
-650
-491
-351
-203
-45
134
280
460
558
668
740
773
789
750
667
618
564
413
299
134
-27
-232
-390
-539
-670
-799
-886
-960
-1054
-1144
-1234
-1224
-1171
-1077
-975
-855
-742
-565
-354
-176
13
201
426
640
835
993
1161
1314
1456
1586
1664
1694
1699
1713
1700
1646
1555
1419
1250
1066
870
632
415
217
52
-108
-294
-478
-637
-721
-746
-779
-793
-755
-680
-565
-425
-261
-90
82
257
449
641
791
946
1055
1155
1200
1223
1177
1131
1075
1034
940
788
598
423
260
59
-123
-355
-525
-683
-826
-981
-1101
-1223
-1321
-1353
-1315
-1252
-1175
-1055
-893
-690
-462
-227
-23
168
378
609
839
1055
1292
1496
1673
1840
1994
2078
2122
2136
2110
2048
1949
1855
1718
1571
1423
1219
976
761
565
369
162
-43
-201
-324
-401
-447
-523
-557
-519
-490
-437
-345
-211
-61
58
220
392
564
699
854
991
1106
1136
1131
1100
1047
1010
888
772
611
461
254
89
-98
-268
-420
-590
-709
-821
-899
-994
-1067
-1113
-1057
-984
-895
-783
-655
-475
-277
-84
96
263
459
668
832
1000
1174
1328
1455
1571
1684
1737
1764
1812
1826
1802
1758
1687
1568
1449
1312
1118
901
682
487
302
115
-47
-216
-377
-491
-532
-579
-593
-531
-433
-344
-244
-115
9
160
347
560
727
879
1029
1141
1198
1232
1228
1176
1095
1005
889
724
552
388
220
32
-166
-386
-583
-765
-923
-1051
-1170
-1259
-1334
-1416
-1449
-1410
-1322
-1204
-1090
-950
-775
-550
-344
-131
104
373
621
834
1052
1265
1477
1641
1801
1905
1976
2008
2008
2003
1962
1888
1759
1597
1418
1258
1045
809
571
380
182
-24
-218
-393
-494
-572
-638
-709
-747
-728
-682
-620
-498
-377
-240
-68
118
293
456
597
709
796
875
956
966
941
890
870
800
656
493
349
201
39
-102
-258
-411
-575
-744
-905
-1023
-1109
-1184
-1266
-1310
-1286
-1217
-1111
-996
-837
-653
-462
-264
-51
157
392
639
822
1006
1190
1375
1536
1680
1832
1940
2015
2070
2095
2072
2033
1944
1814
1667
1520
1352
1148
916
688
493
320
151
5
-116
-230
-327
-393
-446
-472
-465
-431
-350
-247
-118
8
158
327
480
613
722
807
894
951
990
966
926
883
820
691
536
385
243
115
-47
-197
-389
-552
-734
-886
-1038
-1151
-1218
-1274
-1307
-1345
-1321
-1282
-1180
-1066
-889
-720
-539
-306
-52
184
391
626
836
1057
1257
1456
1609
1772
1944
2065
2114
2143
2165
2145
2097
2004
1856
1655
1460
1286
1088
839
620
427
229
43
-131
-303
-453
-546
-621
-718
-768
-744
-707
-647
-557
-442
-305
-174
-4
179
311
444
604
729
830
909
968
956
901
838
722
591
450
304
125
-92
-292
-482
-673
-817
-966
-1107
-1240
-1309
-1373
-1420
-1467
-1483
-1439
-1346
-1209
-1078
-909
-724
-496
-275
-83
103
329
551
732
941
1135
1323
1469
1612
1718
1816
1853
1870
1878
1866
1856
1811
1697
1566
1436
1260
1064
847
672
475
271
58
-140
-317
-440
-526
-591
-631
-662
-667
-676
-624
-531
-431
-310
-197
-80
55
168
277
393
503
586
621
621
615
603
567
525
430
353
214
62
-109
-262
-416
-562
-675
-815
-914
-1065
-1178
-1275
-1336
-1412
-1452
-1479
-1454
-1379
-1273
-1111
-952
-768
-550
-301
-80
151
390
671
927
1153
1367
1544
1704
1848
1982
2055
2065
2052
2024
1955
1867
1718
1549
1363
1180
988
775
569
344
156
-25
-179
-336
-482
-603
-713
-769
-822
-849
-840
-796
-726
-624
-505
-383
-251
-93
76
221
332
453
525
610
664
685
673
626
570
490
399
275
154
-11
-168
-311
-470
-622
-781
-907
-1051
-1198
-1316
-1415
-1471
-1517
-1542
-1514
-1427
-1301
-1149
-1018
-848
-621
-361
-102
140
371
601
862
1110
1321
1524
1706
1879
2014
2112
2187
2215
2231
2193
2139
2033
1882
1721
1578
1403
1214
1001
755
539
298
83
-129
-297
-456
-582
-671
-747
-793
-800
-774
-733
-667
-577
-469
-350
-187
-24
132
298
456
571
665
768
867
912
916
895
854
761
655
541
434
299
156
5
-173
-336
-504
-658
-832
-983
-1127
-1243
-1333
-1376
-1414
-1451
-1453
-1410
-1303
-1199
-1056
-864
-625
-387
-129
114
375
643
923
1212
1454
1669
1843
1997
2132
2242
2312
2340
2332
2302
2208
2067
1906
1727
1540
1336
1126
910
678
458
257
54
-139
-304
-435
-555
-662
-715
-773
-812
-794
-744
-671
-563
-454
-355
-231
-77
75
192
308
398
493
580
627
634
667
699
711
649
547
473
398
303
185
42
-114
-276
-443
-597
-742
-887
-1038
-1177
-1308
-1389
-1455
-1510
-1532
-1493
-1409
-1292
-1155
-977
-743
-498
-233
26
291
550
780
1012
1249
1478
1671
1813
1944
2049
2114
2136
2141
2114
2046
1954
1789
1606
1415
1221
1019
808
586
387
207
40
-138
-301
-410
-524
-623
-703
-748
-777
-813
-814
-793
-714
-609
-505
-394
-280
-152
5
165
303
442
551
623
690
766
824
845
838
778
703
606
496
390
249
115
-39
-201
-375
-568
-754
-943
-1128
-1268
-1375
-1465
-1531
-1568
-1566
-1531
-1468
-1394
-1288
-1145
-948
-707
-450
-187
66
327
578
818
1065
1325
1565
1775
1942
2071
2177
2244
2287
2301
2261
2179
2072
1926
1762
1597
1413
1203
976
745
500
294
86
-106
-275
-428
-565
-690
-801
-872
-915
-954
-943
-900
-841
-769
-679
-533
-365
-209
-47
130
288
436
573
693
812
901
990
1061
1092
1075
1029
936
813
687
531
379
191
27
-154
-344
-520
-697
-835
-973
-1107
-1250
-1337
-1401
-1433
-1432
-1401
-1315
-1190
-1042
-866
-658
-429
-172
90
353
606
883
1150
1391
1625
1859
2068
2229
2382
2501
2576
2612
2611
2582
2505
2370
2223
2040
1828
1606
1377
1129
883
658
431
209
19
-153
-288
-417
-522
-620
-709
-756
-770
-761
-720
-629
-523
-382
-249
-112
66
254
430
615
790
944
1073
1183
1286
1341
1349
1313
1290
1243
1156
1042
891
726
543
339
134
-64
-231
-380
-536
-688
-834
-972
-1076
-1161
-1231
-1276
-1285
-1256
-1192
-1090
-942
-778
-589
-362
-121
117
373
620
874
1137
1381
1601
1794
1980
2141
2297
2424
2496
2535
2521
2474
2396
2276
2123
1917
1697
1468
1251
1016
769
523
275
57
-121
-305
-452
-566
-663
-724
-788
-826
-851
-862
-843
-770
-686
-579
-439
-280
-115
58
236
381
536
675
800
882
965
1034
1091
1128
1121
1084
1023
923
790
654
512
364
213
54
-124
-300
-480
-633
-766
-866
-988
-1088
-1164
-1223
-1238
-1228
-1233
-1211
-1147
-1046
-920
-784
-601
-410
-199
14
247
474
717
940
1143
1347
1516
1671
1779
1889
2007
2075
2109
2095
2050
1961
1847
1713
1550
1399
1237
1056
864
663
487
305
122
-30
-157
-290
-401
-487
-570
-620
-682
-733
-750
-751
-729
-670
-593
-517
-399
-286
-152
-26
114
252
373
509
618
738
809
854
888
907
928
901
854
784
682
559
464
343
219
116
-18
-144
-306
-447
-574
-692
-778
-837
-898
-953
-1021
-1047
-1053
-1055
-1008
-943
-847
-744
-612
-443
-244
-31
182
428
665
913
1123
1306
1482
1670
1816
1945
2044
2082
2123
2112
2075
1999
1916
1789
1629
1453
1266
1075
872
687
511
329
147
-28
-194
-353
-491
-603
-726
-834
-902
-952
-974
-984
-956
-914
-845
-755
-631
-495
-373
-241
-86
72
231
381
519
675
796
895
952
985
1004
1011
998
944
853
742
589
417
252
87
-72
-252
-427
-583
-739
-915
-1065
-1182
-1296
-1393
-1479
-1529
-1561
-1576
-1574
-1543
-1480
-1374
-1227
-1049
-827
-597
-346
-88
182
447
706
961
1200
1441
1632
1804
1932
2048
2111
2128
2084
2007
1914
1758
1589
1397
1199
1001
789
554
337
114
-111
-330
-523
-723
-916
-1077
-1215
-1327
-1436
-1508
-1574
-1615
-1605
-1550
-1460
-1335
-1209
-1041
-828
-602
-369
-146
80
300
524
694
858
983
1083
1142
1194
1207
1149
1077
932
782
606
424
230
26
-182
-395
-623
-842
-1059
-1253
-1425
-1572
-1704
-1808
-1884
-1938
-1961
-1980
-1966
-1918
-1846
-1753
-1609
-1441
-1236
-1003
-747
-493
-212
71
330
598
830
1070
1279
1459
1621
1771
1874
1918
1945
1907
1823
1701
1562
1385
1181
947
687
431
172
-90
-361
-593
-801
-1014
-1209
-1353
-1469
-1554
-1623
-1670
-1672
-1648
-1591
-1465
-1351
-1235
-1093
-952
-767
-565
-360
-166
41
247
446
634
799
950
1069
1183
1258
1289
1272
1198
1121
1037
925
764
554
338
133
-106
-348
-575
-795
-1003
-1173
-1338
-1489
-1627
-1760
-1849
-1921
-1929
-1932
-1914
-1833
-1708
-1577
-1433
-1265
-1066
-839
-608
-367
-115
142
380
654
888
1111
1321
1506
1664
1783
1884
1941
1957
1930
1892
1796
1674
1532
1359
1145
942
724
468
219
-15
-213
-395
-576
-731
-844
-937
-986
-1059
-1091
-1063
-1046
-1013
-962
-886
-789
-690
-565
-403
-228
-65
115
312
507
687
840
987
1108
1226
1307
1361
1396
1415
1423
1407
1360
1284
1162
999
833
665
464
264
49
-142
-322
-499
-696
-849
-974
-1098
-1211
-1299
-1344
-1383
-1379
-1368
-1351
-1300
-1215
-1133
-1037
-924
-778
-614
-440
-229
-20
213
412
597
802
989
1157
1327
1468
1583
1671
1736
1765
1757
1735
1685
1626
1507
1379
1227
1090
958
834
719
569
395
239
90
-57
-184
-275
-317
-364
-393
-421
-462
-477
-477
-474
-473
-402
-344
-267
-140
-33
78
200
339
469
612
749
885
1007
1116
1238
1327
1394
1422
1434
1414
1371
1325
1246
1122
966
786
603
417
261
99
-56
-182
-318
-455
-590
-700
-821
-898
-939
-981
-1038
-1061
-1051
-1044
-1024
-1003
-968
-935
-882
-809
-711
-593
-448
-287
-131
44
216
385
542
722
890
1034
1169
1286
1390
1475
1531
1549
1557
1544
1503
1438
1353
1269
1189
1080
974
827
695
560
449
359
270
204
126
35
-45
-117
-201
-264
-320
-354
-377
-392
-406
-400
-364
-296
-182
-79
20
132
261
393
537
677
822
908
997
1092
1159
1218
1250
1288
1299
1270
1208
1114
982
861
729
570
396
239
109
-39
-186
-335
-463
-574
-661
-741
-831
-900
-963
-987
-1015
-1054
-1101
-1110
-1090
-1073
-1032
-996
-932
-847
-733
-597
-467
-314
-125
69
268
477
653
812
1003
1191
1365
1507
1622
1696
1763
1820
1829
1796
1735
1665
1570
1463
1343
1229
1110
992
863
732
589
451
334
205
86
-53
-156
-227
-306
-377
-439
-504
-546
-568
-560
-545
-507
-447
-348
-243
-127
21
191
378
555
747
906
1052
1187
1318
1420
1499
1542
1536
1510
1463
1406
1311
1198
1066
910
749
582
413
244
82
-68
-207
-367
-503
-638
-745
-827
-912
-1007
-1120
-1187
-1225
-1232
-1265
-1275
-1243
-1202
-1145
-1056
-932
-806
-659
-474
-274
-77
124
332
558
783
1007
1197
1374
1539
1682
1825
1918
1967
1986
1990
1959
1904
1806
1685
1573
1451
1322
1188
1036
889
737
603
485
355
217
110
7
-98
-195
-300
-364
-432
-463
-487
-511
-528
-516
-452
-391
-309
-217
-92
47
212
380
555
772
965
1154
1299
1427
1533
1630
1716
1749
1774
1753
1690
1604
1494
1376
1228
1046
861
656
499
312
120
-49
-193
-316
-443
-553
-666
-746
-803
-846
-899
-927
-948
-946
-928
-899
-869
-832
-784
-660
-526
-385
-231
-61
117
307
493
674
828
990
1139
1273
1390
1492
1585
1633
1682
1682
1662
1618
1583
1540
1477
1400
1289
1164
1061
953
848
743
642
538
453
386
322
275
228
196
162
128
77
12
-40
-73
-89
-81
-93
-80
-41
-1
62
156
248
346
457
584
712
838
961
1074
1177
1259
1328
1366
1401
1438
1442
1394
1303
1203
1085
966
863
766
667
540
437
332
224
120
17
-64
-165
-244
-329
-418
-496
-568
-631
-689
-744
-769
-771
-759
-748
-735
-697
-646
-569
-489
-444
-368
-266
-129
8
114
222
326
453
532
601
653
688
716
745
788
806
810
806
806
796
794
787
792
781
774
757
709
670
640
634
640
630
586
547
480
428
367
283
229
171
108
21
-39
-81
-114
-165
-174
-164
-153
-97
-48
36
110
185
266
349
453
553
636
702
757
814
880
921
933
957
984
988
989
955
908
837
772
714
626
537
433
330
217
109
-1
-111
-218
-334
-450
-567
-690
-814
-929
-1004
-1041
-1072
-1093
-1103
-1079
-1038
-979
-918
-830
-749
-632
-528
-410
-297
-164
-32
73
186
271
364
431
505
581
623
653
671
700
721
740
747
773
784
749
729
704
691
671
628
594
564
505
471
416
367
353
313
270
219
175
148
131
113
105
115
122
125
141
152
172
218
272
326
378
437
505
589
670
739
795
825
848
843
836
847
859
864
844
822
799
773
746
705
659
589
495
387
277
176
78
2
-89
-165
-240
-329
-447
-550
-636
-710
-761
-815
-849
-877
-912
-920
-897
-864
-795
-710
-612
-518
-437
-327
-222
-124
-17
75
175
259
315
376
445
513
573
621
647
645
643
624
604
599
590
558
513
466
436
407
376
363
329
329
319
312
309
297
291
272
283
284
299
303
318
354
376
408
458
515
546
569
600
624
626
629
651
669
676
672
663
662
639
612
591
563
517
470
450
426
410
399
364
316
278
236
181
120
49
-3
-44
-100
-149
-194
-247
-289
-329
-357
-384
-443
-511
-576
-638
-677
-710
-713
-681
-661
-654
-658
-626
-586
-531
-476
-427
-376
-329
-260
-183
-122
-65
-13
30
103
186
258
299
331
367
401
411
413
412
432
425
395
370
321
257
194
135
71
39
4
-21
-34
-34
-35
-36
-31
-8
29
52
84
88
111
149
207
285
352
408
448
486
529
578
602
595
607
622
622
617
587
565
537
508
494
480
463
424
399
387
371
333
295
247
204
159
104
54
-12
-61
-103
-165
-218
-270
-288
-293
-284
-268
-261
-277
-297
-297
-291
-278
-259
-240
-253
-262
-274
-277
-274
-269
-264
-231
-199
-184
-132
-80
-23
31
79
117
140
184
218
246
265
296
317
321
322
292
250
228
221
205
174
126
68
24
-7
-35
-81
-126
-153
-162
-168
-161
-176
-169
-148
-128
-93
-68
-38
7
79
135
197
251
332
414
487
542
587
631
679
725
773
834
855
876
881
875
858
849
798
741
708
675
619
571
508
432
357
291
221
144
72
12
-32
-68
-104
-139
-147
-133
-104
-85
-64
-42
14
49
84
104
107
136
188
249
284
338
379
410
424
439
452
446
452
475
473
433
380
358
365
357
333
281
244
219
212
181
143
96
52
41
34
-1
-74
-117
-115
-104
-84
-78
-87
-76
-71
-43
-30
-50
-24
8
8
2
13
20
57
116
167
198
220
274
317
368
422
458
490
514
571
635
692
725
762
800
833
846
877
887
889
905
904
897
843
786
761
736
690
627
578
531
482
422
356
315
282
280
276
253
235
204
216
245
273
294
297
296
319
345
373
379
388
446
496
530
545
558
575
599
625
624
601
580
571
566
542
504
435
348
298
233
159
63
-31
-92
-139
-165
-220
-281
-313
-321
-306
-301
-285
-257
-232
-200
-147
-100
-42
20
71
130
174
210
268
349
419
466
503
530
565
614
684
740
748
726
713
712
719
704
663
622
619
624
607
564
508
484
455
452
433
412
394
407
440
472
463
467
507
561
642
705
737
772
829
858
889
902
923
972
1013
1038
1034
1033
1051
1058
1038
1019
979
941
920
898
881
852
802
749
709
700
674
616
581
552
522
489
446
411
371
360
329
286
279
262
258
251
264
274
277
273
295
323
337
348
346
368
384
382
372
358
364
393
410
388
363
336
325
320
319
321
310
299
316
339
349
353
361
388
448
503
531
546
584
640
684
689
688
689
719
764
798
821
825
830
866
896
899
874
860
846
827
813
803
798
780
775
760
739
717
686
674
656
637
605
575
561
576
590
613
631
644
693
740
800
820
812
816
841
862
878
899
901
915
938
958
950
931
918
913
896
875
844
796
805
813
781
760
742
730
747
738
702
653
597
589
574
551
528
511
497
491
475
446
431
400
403
420
421
431
428
438
487
530
559
578
599
645
666
700
706
716
754
790
808
806
806
823
834
856
878
899
921
945
1001
1037
1058
1057
1066
1076
1091
1089
1047
1023
1030
1059
1068
1048
1001
957
950
970
967
959
955
951
969
986
991
979
993
1030
1077
1087
1092
1087
1074
1084
1094
1091
1061
1073
1103
1131
1141
1131
1129
1130
1141
1119
1073
1028
999
1031
1057
1038
1024
1001
979
968
950
890
834
805
809
810
802
767
749
736
737
724
719
715
687
697
705
716
691
683
682
678
664
647
634
624
640
671
675
650
625
616
626
628
637
646
632
640
639
623
606
600
631
659
676
675
658
665
692
709
695
675
663
670
707
727
726
733
754
792
836
846
871
905
951
1012
1041
1024
1004
1014
1025
1041
1047
1066
1100
1135
1163
1183
1199
1194
1185
1191
1186
1158
1111
1081
1102
1134
1132
1113
1103
1100
1111
1102
1055
1002
962
945
915
887
844
791
763
740
709
672
632
596
594
613
616
593
580
589
606
616
603
578
576
599
614
613
591
587
608
613
611
612
612
612
611
614
614
611
617
615
609
616
592
569
568
556
567
569
555
535
508
504
503
500
477
464
456
448
441
421
430
436
475
511
538
564
574
603
645
705
747
793
825
849
891
919
922
959
1007
1026
1049
1042
1067
1091
1101
1110
1102
1092
1064
1055
1040
1024
979
934
901
884
853
811
773
728
688
673
659
626
585
571
567
538
496
480
462
449
447
429
418
427
443
447
451
448
432
423
442
433
436
430
442
477
497
513
502
482
484
499
510
517
503
502
486
470
460
454
464
470
486
479
482
472
466
455
458
462
454
454
469
492
527
554
562
603
626
663
708
750
824
880
906
921
921
920
915
947
989
1009
1035
1052
1045
1047
1045
1039
1031
1035
1050
1056
1038
1001
977
970
958
922
861
822
788
771
756
743
724
694
683
672
657
650
664
665
663
660
669
667
670
680
693
696
678
644
618
597
599
608
610
614
602
622
649
654
615
580
561
563
558
562
583
590
598
621
614
574
548
535
516
490
491
467
446
433
419
426
425
434
458
487
513
501
481
463
480
527
556
581
583
587
592
616
643
633
653
644
643
663
681
697
718
763
807
844
846
826
821
836
848
829
809
804
791
753
719
686
667
666
657
656
634
623
636
643
636
604
566
554
535
521
500
482
481
509
520
478
436
413
433
461
480
485
477
462
449
442
459
471
486
530
550
552
522
495
482
492
510
527
533
525
530
512
483
461
444
439
434
426
413
388
356
346
347
341
328
312
302
297
341
362
350
327
323
331
327
336
350
375
403
431
471
457
450
444
461
498
552
586
575
573
548
530
498
451
421
404
412
396
370
344
336
344
332
302
277
263
261
257
254
274
285
303
327
362
387
386
392
398
414
435
439
438
460
481
496
512
510
502
477
473
454
435
421
412
423
439
446
418
399
394
393
395
369
360
358
347
354
338
300
269
258
244
221
203
192
189
232
258
257
247
260
292
306
328
343
366
394
429
455
463
465
490
525
580
614
637
655
676
693
701
685
653
629
606
607
608
610
594
602
630
638
626
599
574
565
559
547
531
503
504
513
534
518
500
471
448
449
449
457
453
487
535
551
550
543
556
582
608
640
639
660
690
708
694
677
654
656
672
671
651
641
642
626
612
593
563
513
496
504
518
493
454
424
389
341
317
295
278
290
320
317
299
278
256
248
251
247
241
235
256
275
293
300
287
310
326
339
338
331
334
368
399
422
412
376
369
367
358
348
351
337
342
348
336
317
300
311
341
369
380
353
320
292
274
251
231
241
232
247
260
259
251
230
224
247
253
242
218
208
222
248
256
235
211
194
198
205
196
180
190
200
204
192
170
162
172
176
175
164
135
143
154
143
122
82
71
74
80
77
48
22
24
17
8
-7
-35
-23
-22
-6
-29
-71
-86
-57
-1
23
27
16
8
5
-3
-14
-34
-33
-24
4
43
50
28
23
26
17
-2
-30
-27
4
31
31
33
27
27
61
86
85
61
36
50
71
77
70
52
51
61
59
40
13
-7
-13
-14
3
20
9
11
34
54
61
35
24
37
47
55
67
80
115
165
204
217
211
190
197
219
243
249
246
246
239
213
192
171
147
154
161
156
131
115
99
108
131
132
137
130
126
118
112
111
102
109
102
116
116
90
72
77
118
162
161
151
144
139
138
151
157
181
201
224
215
206
237
253
272
279
278
262
270
280
304
321
331
353
352
371
368
348
330
305
312
299
294
277
253
258
278
272
265
258
258
257
255
274
266
274
276
284
295
300
305
317
321
319
321
300
307
320
328
339
330
315
303
298
298
299
295
300
303
291
282
312
337
343
342
329
323
326
324
328
334
349
349
350
358
367
353
322
329
322
345
358
355
364
348
344
356
357
342
327
318
342
367
386
396
381
358
329
320
294
271
254
268
296
313
324
315
330
323
318
309
323
313
289
296
295
285
260
273
282
316
353
361
363
369
366
349
338
318
295
269
268
265
267
277
291
303
307
295
280
273
276
295
275
253
237
228
231
213
206
212
235
254
248
237
226
213
211
230
232
214
218
235
227
226
217
224
232
238
244
252
281
302
334
341
334
316
304
289
275
269
277
284
294
293
269
259
283
302
299
265
252
225
216
214
218
237
224
240
244
231
210
222
232
231
221
220
216
183
162
165
192
208
236
241
237
227
211
214
215
227
229
239
214
200
193
194
212
210
208
191
189
183
188
173
173
185
214
227
225
247
275
301
300
295
256
228
216
217
240
265
298
325
354
357
350
324
314
339
353
360
377
403
408
434
447
429
407
388
379
378
403
403
400
386
395
402
398
394
395
438
455
457
418
409
379
360
344
317
327
312
327
329
322
293
258
248
250
267
299
321
325
382
424
439
443
452
445
443
428
401
377
355
354
352
334
325
315
298
307
316
309
291
305
317
327
329
310
319
340
361
385
376
363
343
348
372
385
408
435
464
502
535
530
517
538
555
555
560
559
569
590
611
597
579
578
576
587
588
592
574
554
560
557
562
570
561
559
558
576
550
540
570
609
644
651
644
610
592
574
571
569
566
546
537
522
505
491
493
497
503
538
542
540
537
545
546
552
545
539
524
517
518
512
525
523
555
561
545
516
499
465
439
427
415
399
379
390
384
391
392
394
404
417
434
413
403
372
373
372
356
355
330
312
304
323
345
364
376
403
409
409
402
388
384
381
395
383
355
335
348
375
405
418
445
447
423
412
397
390
393
391
404
418
412
391
399
405
411
433
446
455
451
456
456
463
465
464
468
468
448
428
402
372
371
373
375
364
338
348
356
354
343
330
300
293
300
301
308
303
313
302
286
298
327
332
325
330
302
269
225
224
241
239
247
240
254
270
290
291
295
289
263
245
194
177
176
189
187
170
153
165
180
202
211
206
198
187
208
199
188
176
168
175
184
182
187
208
240
248
256
257
252
260
261
278
281
262
262
270
289
309
331
352
381
376
394
406
402
414
430
431
418
420
397
402
395
405
415
409
409
400
423
436
468
470
469
460
427
400
367
337
308
295
302
327
359
405
439
450
452
454
459
460
479
487
457
437
413
405
421
432
420
418
427
438
444
434
423
402
384
370
361
361
348
321
298
280
268
271
282
287
298
315
339
336
317
294
284
298
323
319
306
317
335
348
366
405
411
406
408
411
385
345
354
372
386
402
434
476
494
520
528
512
505
508
496
471
462
460
469
473
477
460
455
444
430
432
439
468
483
460
429
386
335
308
304
300
315
315
307
288
270
287
304
300
274
259
250
218
184
163
145
156
155
172
198
213
234
237
238
203
164
117
60
25
0
-11
-5
-8
-3
13
4
13
21
7
-9
-26
-61
-101
-115
-121
-142
-139
-125
-115
-97
-71
-55
-49
-59
-70
-86
-81
-62
-52
-54
-77
-79
-99
-107
-133
-139
-115
-100
-91
-80
-57
-50
-26
-33
-35
-27
-20
-25
-22
-4
-13
-11
-4
9
25
29
30
17
25
9
-6
-42
-57
-73
-96
-96
-103
-78
-62
-17
-10
-50
-102
-152
-177
-178
-154
-136
-128
-117
-81
-77
-84
-113
-114
-105
-97
-93
-126
-155
-168
-146
-138
-132
-127
-130
-116
-104
-92
-115
-122
-104
-87
-88
-121
-136
-150
-160
-191
-203
-212
-218
-229
-228
-236
-272
-265
-243
-215
-208
-203
-226
-250
-252
-219
-205
-201
-175
-151
-121
-125
-122
-149
-145
-128
-102
-104
-119
-105
-104
-110
-114
-90
-100
-96
-93
-99
-107
-118
-129
-135
-141
-146
-164
-196
-221
-198
-188
-167
-156
-142
-138
-147
-131
-116
-96
-99
-64
-70
-84
-100
-104
-89
-59
-43
-35
-50
-58
-41
-46
-25
-29
-31
-45
-70
-79
-88
-86
-83
-84
-97
-119
-131
-121
-120
-114
-98
-102
-110
-123
-122
-134
-147
-139
-124
-102
-111
-81
-73
-72
-83
-93
-73
-58
-41
-14
-11
-31
-43
-59
-57
-58
-46
-63
-62
-60
-69
-51
-35
6
12
0
-2
17
20
30
53
50
51
35
35
41
54
56
53
34
26
22
43
54
36
45
27
14
3
9
20
9
-4
-12
18
10
0
-1
-1
8
33
47
46
44
44
55
63
59
51
53
55
69
65
65
80
80
93
92
82
65
39
30
17
23
11
8
-1
-6
-1
3
-17
-26
-45
-56
-47
-63
-54
-89
-112
-126
-138
-129
-119
-94
-98
-108
-138
-135
-134
-137
-130
-115
-86
-74
-60
-73
-85
-93
-80
-95
-105
-77
-39
-11
-13
-1
-7
-46
-64
-72
-81
-89
-75
-62
-38
-29
-11
-14
-19
14
15
21
13
18
5
-24
-7
-22
-38
-32
-33
-38
-55
-84
-107
-139
-167
-162
-158
-157
-144
-98
-96
-80
-77
-69
-68
-55
-35
-59
-59
-24
-4
-24
-31
-6
8
9
9
6
-1
-20
-22
-62
-100
-113
-125
-141
-151
-161
-202
-223
-230
-210
-180
-180
-181
-200
-222
-235
-233
-246
-246
-235
-224
-222
-233
-233
-229
-208
-173
-174
-181
-164
-148
-121
-109
-93
-105
-118
-133
-138
-124
-121
-101
-100
-106
-120
-128
-147
-145
-147
-143
-144
-161
-151
-135
-106
-112
-113
-134
-121
-107
-87
-89
-124
-137
-151
-139
-117
-109
-127
-164
-180
-147
-123
-118
-112
-126
-135
-116
-115
-102
-102
-95
-82
-71
-59
-55
-46
-46
-58
-60
-52
-56
-64
-94
-89
-79
-83
-74
-74
-60
-58
-55
-67
-79
-99
-129
-147
-157
-149
-126
-120
-131
-141
-147
-152
-141
-119
-105
-112
-102
-77
-82
-105
-133
-149
-133
-100
-45
-13
-12
-25
-50
-69
-46
-35
-49
-55
-63
-82
-90
-63
-26
-10
-5
-27
-38
-59
-76
-53
-45
-56
-80
-85
-83
-77
-74
-84
-75
-82
-60
-55
-77
-92
-83
-78
-79
-62
-53
-10
1
17
13
-19
-7
0
7
-3
-11
-6
6
38
44
32
4
-11
-16
-45
-64
-75
-81
-93
-91
-78
-71
-90
-94
-83
-77
-80
-78
-92
-113
-114
-102
-136
-149
-157
-150
-143
-147
-115
-122
-120
-107
-63
-42
-45
-42
-24
-10
-12
7
0
21
32
51
39
28
20
20
57
72
72
65
68
65
71
64
50
38
32
18
11
0
-13
-1
24
27
-10
-40
-47
-58
-65
-55
-41
-54
-43
-27
-26
-40
-36
-24
-5
31
63
66
74
99
113
104
86
80
55
65
109
141
139
129
111
106
112
114
106
74
53
42
18
-6
11
47
53
44
44
37
23
27
27
15
-5
-15
3
17
34
37
31
49
78
66
69
84
65
62
55
63
89
75
43
43
52
66
83
92
87
88
107
123
117
117
150
157
140
132
127
119
111
118
118
105
98
76
60
66
64
73
89
103
92
82
73
59
56
56
51
32
4
-1
9
5
-22
-43
-38
-7
21
35
11
-2
0
4
3
0
7
-6
-14
-18
3
9
19
18
18
25
28
25
6
-6
1
0
-18
-30
-29
-21
-24
-30
-47
-40
-6
16
35
41
20
3
-13
-31
-66
-99
-119
-117
-105
-114
-119
-125
-124
-120
-116
-110
-117
-103
-87
-96
-104
-125
-132
-111
-93
-110
-134
-123
-104
-97
-89
-84
-72
-72
-76
-88
-116
-139
-135
-124
-99
-102
-108
-124
-137
-124
-132
-158
-170
-172
-176
-168
-173
-186
-205
-207
-197
-209
-221
-217
-217
-214
-221
-231
-247
-267
-273
-244
-232
-223
-231
-234
-220
-215
-210
-226
-251
-271
-267
-276
-266
-235
-241
-258
-265
-234
-197
-193
-187
-204
-204
-214
-204
-200
-204
-183
-160
-150
-150
-153
-169
-160
-155
-146
-160
-153
-143
-134
-122
-126
-119
-99
-93
-68
-52
-81
-108
-118
-122
-125
-116
-108
-87
-80
-63
-78
-100
-97
-94
-87
-103
-107
-94
-68
-42
-42
-44
-45
-59
-59
-40
1
9
21
34
39
47
46
45
51
72
82
84
63
57
49
59
67
78
92
102
101
108
125
123
122
117
116
119
97
74
73
72
75
58
39
29
23
31
41
35
35
36
28
28
19
-5
-22
-27
-27
-23
-9
-8
-14
-42
-72
-68
-60
-72
-68
-66
-64
-68
-68
-34
-27
-11
-9
12
42
49
50
43
54
60
64
64
70
69
70
48
30
-1
-21
-17
-12
8
17
45
64
77
68
66
67
43
31
30
40
55
53
48
45
42
52
65
79
65
48
32
25
33
23
31
33
42
51
71
93
104
101
103
97
81
77
75
66
56
48
36
40
48
54
59
52
59
54
52
39
24
13
-6
-10
-24
-14
-5
-9
-12
-29
-29
-27
-27
-18
-15
-10
4
15
26
8
-5
-14
-27
-39
-30
-21
-12
-11
-24
-38
-32
-19
-25
-30
-43
-64
-81
-86
-69
-68
-56
-56
-57
-56
-70
-53
-55
-66
-79
-114
-120
-139
-137
-109
-101
-116
-154
-174
-179
-185
-158
-128
-133
-150
-173
-197
-196
-181
-166
-175
-188
-193
-211
-210
-195
-181
-167
-189
-187
-173
-190
-162
-164
-169
-176
-204
-218
-203
-213
-242
-258
-272
-285
-286
-282
-291
-283
-289
-301
-315
-322
-316
-308
-277
-262
-262
-277
-303
-311
-320
-326
-335
-333
-327
-303
-280
-267
-253
-236
-199
-175
-170
-186
-212
-234
-219
-216
-215
-219
-220
-192
-161
-150
-178
-197
-219
-223
-238
-242
-243
-244
-248
-260
-260
-293
-312
-315
-306
-283
-286
-283
-279
-298
-288
-293
-301
-301
-284
-281
-278
-257
-272
-294
-283
-275
-267
-263
-256
-244
-218
-182
-176
-182
-209
-206
-206
-187
-175
-166
-136
-110
-72
-60
-63
-57
-61
-78
-89
-92
-79
-92
-98
-93
-101
-119
-138
-137
-119
-99
-93
-98
-107
-84
-79
-99
-124
-122
-122
-138
-152
-159
-158
-141
-111
-96
-124
-139
-140
-139
-129
-130
-123
-131
-124
-124
-130
-116
-102
-99
-100
-91
-111
-120
-103
-69
-29
-58
-84
-84
-100
-137
-134
-98
-99
-112
-96
-78
-76
-79
-70
-72
-62
-79
-123
-120
-132
-148
-163
-172
-155
-157
-180
-159
-128
-134
-115
-113
-117
-135
-147
-151
-171
-170
-162
-164
-153
-132
-124
-137
-134
-158
-153
-159
-151
-169
-182
-175
-219
-224
-214
-209
-238
-258
-273
-250
-229
-223
-208
-195
-203
-208
-201
-202
-185
-201
-205
-187
-166
-184
-222
-236
-242
-227
-221
-210
-197
-213
-211
-221
-219
-242
-226
-211
-212
-217
-249
-234
-207
-170
-174
-170
-204
-224
-223
-208
-187
-218
-196
-196
-209
-220
-230
-203
-203
-225
-248
-255
-257
-222
-200
-184
-168
-194
-212
-234
-218
-219
-194
-174
-199
-230
-235
-213
-191
-201
-210
-196
-161
-184
-246
-223
-188
-197
-187
-175
-191
-211
-218
-234
-211
-218
-250
-243
-236
-222
-259
-255
-257
-278
-267
-243
-250
-272
-238
-244
-248
-281
-261
-244
-247
-210
-212
-202
-233
-234
-220
-216
-203
-218
-196
-217
-247
-263
-284
-258
-257
-257
-271
-263
-238
-193
-162
-160
-167
-190
-189
-176
-162
-160
-168
-170
-195
-192
-206
-197
-202
-200
-185
-145
-116
-134
-141
-104
-102
-108
-82
-97
-114
-144
-160
-165
-175
-217
-229
-227
-236
-203
-207
-196
-173
-136
-123
-125
-134
-138
-114
-140
-150
-164
-130
-99
-92
-79
-61
-39
-45
-31
-79
-80
-81
-121
-120
-93
-97
-158
-168
-127
-110
-77
-80
-101
-85
-85
-84
-57
-27
-38
-60
-63
-12
-27
-33
-12
-22
-32
-30
-32
-65
-100
-74
-57
-67
-50
-38
-3
5
-22
-28
-32
-47
-19
16
23
55
63
-1
10
25
56
80
85
82
65
79
84
69
47
78
70
52
44
25
6
33
37
21
55
61
-3
-22
-36
-17
-24
-13
32
22
7
-20
23
35
57
52
30
31
19
15
22
54
80
43
72
71
29
25
35
80
60
80
69
78
106
131
141
112
118
137
138
139
136
116
110
128
131
113
113
121
133
84
86
72
65
65
51
64
72
130
91
112
109
109
138
139
155
143
120
103
127
118
138
169
205
241
268
258
278
285
298
277
259
259
236
267
272
249
265
297
290
274
264
217
231
200
230
263
250
247
243
258
252
272
256
228
228
228
231
242
243
232
219
243
243
244
267
284
265
275
285
221
221
244
214
209
232
242
219
230
222
186
141
178
191
144
134
128
135
149
183
127
80
136
128
134
146
125
114
116
98
131
122
125
116
112
125
127
125
96
120
135
130
141
148
177
200
193
210
200
165
185
206
217
202
192
176
160
187
200
185
152
153
117
102
110
109
142
121
155
140
90
73
99
106
155
185
195
197
208
179
166
169
183
158
152
192
193
189
224
251
222
215
194
166
141
169
169
213
227
256
250
224
204
182
203
165
176
202
207
201
179
224
258
271
268
251
223
203
216
202
206
203
198
170
177
142
118
170
209
181
226
208
147
172
202
186
187
221
234
223
223
243
211
214
219
181
207
207
240
231
235
255
248
225
182
211
195
229
235
225
214
207
194
209
235
183
193
231
250
281
249
250
217
166
193
188
176
168
189
185
165
142
164
171
167
175
157
162
159
157
137
114
111
132
105
61
86
126
145
117
117
113
83
70
59
78
68
90
105
108
119
113
117
105
60
66
42
-4
15
20
52
24
2
-38
-48
-1
9
21
17
39
20
10
7
35
38
31
35
23
0
-5
34
40
55
55
17
53
21
-2
4
33
9
-14
3
46
38
36
50
38
54
43
48
28
20
19
29
28
8
7
7
12
45
32
34
11
-6
-13
5
-22
37
45
36
23
34
39
2
42
-18
-18
29
40
70
61
83
91
117
86
60
37
32
78
63
55
38
25
-16
-15
-10
16
39
55
28
4
5
3
11
3
19
15
21
3
-1
-12
-5
-24
-7
43
6
5
18
-22
-9
-5
-37
-88
-103
-74
-99
-78
-92
-85
-67
-95
-79
-79
-74
-51
-11
-25
-37
-6
-2
-24
-48
-42
-36
-22
1
29
42
44
31
19
11
-43
-76
-65
-56
-76
-86
-96
-103
-113
-114
-88
-89
-70
-73
-96
-70
-45
-84
-75
-32
-14
-17
-32
3
-17
-35
-98
-87
-87
-49
-17
4
4
-10
-16
-22
-28
-68
-69
-80
-72
-88
-100
-60
-29
-20
-13
7
-8
4
9
13
18
47
44
35
42
-11
-26
-22
1
9
38
17
16
35
21
47
72
81
70
102
94
39
64
36
72
89
88
81
63
61
77
91
43
47
36
4
-12
70
64
37
55
93
110
127
151
118
109
138
110
120
131
125
134
169
164
145
143
165
157
126
124
104
129
138
164
114
68
59
63
8
3
33
19
18
61
39
-8
-8
22
12
28
46
18
36
8
29
31
18
40
51
44
60
48
92
90
76
92
84
88
49
32
23
11
35
19
-22
-13
-3
11
-2
25
46
40
32
-6
6
5
-47
-27
18
13
-34
-34
-8
-9
-18
1
-11
3
-15
-40
-20
-19
-33
-34
-36
-31
-16
-12
-6
-46
-39
-50
-42
-28
-26
21
5
-34
-45
-27
-25
-55
-67
-98
-71
-47
-55
-86
-67
-76
-109
-86
-87
-64
-101
-88
-85
-97
-126
-144
-158
-194
-161
-135
-148
-101
-105
-110
-132
-153
-161
-153
-148
-159
-155
-201
-168
-133
-177
-198
-179
-171
-173
-141
-152
-191
-189
-188
-166
-182
-181
-177
-171
-188
-200
-206
-215
-190
-201
-201
-206
-235
-261
-278
-287
-260
-283
-290
-285
-259
-274
-287
-266
-252
-244
-243
-254
-271
-268
-255
-231
-231
-266
-286
-292
-329
-347
-362
-344
-339
-373
-395
-399
-400
-404
-414
-373
-368
-368
-419
-421
-398
-383
-383
-399
-369
-381
-393
-410
-395
-417
-446
-430
-435
-429
-417
-384
-395
-390
-370
-376
-360
-360
-376
-384
-372
-389
-399
-407
-451
-449
-415
-412
-445
-463
-465
-470
-481
-461
-488
-512
-495
-493
-475
-476
-501
-488
-476
-487
-501
-552
-572
-553
-528
-542
-570
-542
-535
-550
-574
-566
-547
-538
-520
-548
-540
-507
-533
-556
-572
-605
-645
-634
-601
-570
-577
-583
-570
-576
-547
-547
-548
-552
-602
-613
-597
-600
-583
-584
-561
-542
-544
-549
-584
-595
-604
-609
-599
-579
-580
-577
-562
-531
-537
-547
-557
-544
-532
-536
-571
-565
-578
-568
-530
-534
-522
-529
-480
-484
-501
-495
-538
-554
-547
-532
-524
-521
-508
-505
-499
-486
-486
-493
-500
-494
-488
-498
-483
-501
-487
-444
-423
-405
-409
-396
-420
-407
-401
-406
-416
-408
-377
-392
-368
-361
-355
-333
-338
-307
-331
-346
-345
-348
-324
-335
-327
-341
-342
-334
-341
-337
-303
-297
-303
-278
-274
-267
-259
-260
-288
-272
-290
-286
-292
-280
-293
-291
-274
-262
-267
-272
-237
-260
-274
-252
-206
-237
-259
-239
-223
-230
-201
-179
-179
-182
-149
-137
-133
-151
-176
-137
-165
-168
-182
-206
-210
-191
-183
-195
-189
-196
-192
-156
-120
-120
-158
-163
-158
-142
-157
-172
-152
-154
-134
-160
-171
-171
-163
-133
-130
-150
-184
-184
-174
-152
-145
-159
-193
-195
-187
-199
-182
-164
-136
-121
-149
-143
-149
-129
-92
-72
-59
-69
-72
-106
-106
-87
-108
-122
-141
-163
-188
-188
-165
-198
-198
-202
-215
-208
-203
-212
-191
-155
-159
-153
-166
-151
-136
-119
-139
-160
-127
-129
-147
-137
-110
-94
-76
-63
-62
-60
-48
-59
-68
-44
-52
-87
-125
-90
-59
-59
-41
-20
-40
-51
-29
-38
-26
12
30
54
68
91
117
108
109
125
136
141
139
104
93
117
113
97
106
129
139
127
148
150
179
200
216
214
206
221
246
253
254
283
311
309
295
315
355
357
333
332
355
349
340
368
375
357
368
394
407
403
411
450
442
436
407
403
425
420
420
457
470
450
458
471
480
515
531
523
489
502
511
523
529
541
578
620
620
605
620
626
629
652
671
676
652
618
650
647
645
628
635
667
694
659
648
648
611
624
640
666
698
730
745
762
758
771
760
766
747
756
770
767
776
771
757
755
779
778
768
745
746
755
734
713
728
747
753
757
762
775
781
776
780
799
788
800
777
778
797
815
822
804
837
834
857
866
840
841
835
813
790
767
762
739
731
748
749
735
734
761
744
752
726
711
716
725
717
704
711
682
689
692
715
732
725
748
750
739
729
725
724
686
659
658
643
631
640
631
628
614
611
612
616
616
622
619
622
618
600
612
616
631
623
622
616
618
638
647
662
675
667
644
620
614
592
588
578
565
564
579
584
580
603
620
631
612
609
603
589
562
532
532
549
566
583
560
541
534
556
536
523
505
477
497
505
531
535
513
520
513
501
487
482
484
488
497
487
509
524
519
533
528
537
507
485
481
482
465
446
464
468
471
467
463
442
472
477
492
517
481
436
421
416
400
369
366
385
359
338
360
383
371
351
349
368
373
351
330
339
354
375
368
337
318
299
288
271
269
263
237
238
254
258
275
306
314
329
327
318
307
318
338
346
320
308
298
268
261
245
246
248
243
220
194
152
115
118
144
178
194
199
206
190
189
199
186
202
190
193
199
212
207
205
212
221
233
223
183
163
165
179
193
224
232
216
191
186
201
233
237
223
238
230
239
195
175
186
181
184
168
174
146
101
68
43
41
48
77
60
64
88
77
79
88
75
65
61
43
36
56
79
97
116
112
125
125
136
156
154
148
141
140
110
85
50
18
-5
17
19
35
58
68
39
4
6
3
5
31
53
53
42
24
15
-18
-20
-39
-48
-31
-21
-21
-14
-9
-20
-29
-22
-33
-91
-114
-132
-149
-185
-179
-169
-187
-155
-120
-107
-93
-80
-71
-72
-61
-49
-35
-54
-70
-63
-60
-52
-55
-42
-40
-53
-78
-98
-106
-125
-114
-90
-45
-51
-61
-89
-131
-153
-180
-139
-125
-129
-101
-92
-88
-79
-88
-102
-100
-125
-143
-165
-154
-132
-128
-135
-161
-178
-195
-212
-210
-195
-175
-157
-166
-179
-180
-189
-216
-210
-198
-187
-196
-205
-203
-204
-208
-210
-192
-200
-200
-195
-181
-179
-187
-167
-171
-132
-131
-125
-115
-106
-104
-110
-119
-108
-96
-107
-113
-119
-121
-152
-170
-173
-163
-167
-185
-194
-186
-195
-181
-169
-161
-147
-124
-114
-132
-152
-164
-157
-139
-132
-109
-101
-141
-147
-140
-117
-120
-114
-93
-88
-67
-35
-20
7
29
12
2
-13
-28
-39
-5
8
12
13
2
-13
14
10
-13
-8
-35
-43
-43
-35
-70
-82
-91
-85
-80
-89
-97
-128
-124
-127
-107
-109
-105
-78
-67
-59
-56
-42
-48
-44
-48
-69
-71
-64
-62
-51
-47
-39
-36
-52
-45
-30
-7
23
31
39
56
49
25
16
18
17
-6
-18
-36
-50
-36
-21
12
25
24
7
-3
-15
-18
-49
-76
-102
-118
-76
-63
-34
-36
-30
-46
-59
-68
-67
-40
-58
-80
-102
-100
-106
-126
-118
-102
-71
-56
-52
-34
-37
-51
-52
-54
-53
-32
-4
14
40
53
27
8
-2
3
25
55
56
41
29
13
1
-15
-32
-38
-45
-66
-71
-55
-35
-26
-8
-9
-40
-42
-45
-38
-26
-16
6
14
4
7
11
-4
-11
-14
12
20
30
0
-19
-8
3
43
75
106
104
114
110
98
109
95
96
122
144
139
130
112
111
96
75
62
52
55
56
36
36
37
32
44
38
45
55
70
72
66
67
46
28
18
32
68
76
75
41
60
78
97
108
110
118
131
132
135
145
143
172
185
203
206
186
172
161
173
189
183
194
230
223
214
217
206
189
146
137
133
114
114
114
116
128
139
133
107
119
124
110
110
75
64
85
106
139
140
129
112
112
122
140
153
147
133
145
136
121
84
52
51
44
40
47
56
56
98
130
137
66
2
6
15
33
43
36
45
58
55
65
38
38
34
46
58
44
32
31
57
49
51
41
11
5
17
41
59
28
-8
-13
-7
-26
-22
-13
0
7
25
16
-29
-65
-92
-103
-118
-97
-94
-103
-77
-51
-52
-50
-66
-82
-88
-104
-137
-159
-160
-157
-167
-165
-171
-143
-130
-125
-92
-103
-103
-121
-127
-143
-136
-129
-136
-140
-139
-132
-112
-92
-71
-73
-97
-124
-130
-132
-123
-90
-108
-114
-109
-105
-94
-91
-91
-93
-108
-97
-118
-146
-155
-152
-142
-144
-132
-137
-148
-171
-177
-159
-165
-157
-149
-150
-143
-137
-124
-145
-143
-127
-107
-77
-81
-81
-101
-102
-74
-52
-21
4
-10
-25
-16
-21
-33
-46
-76
-79
-76
-56
-43
-47
-38
-45
-38
-21
-21
-33
-29
-32
-31
-43
-46
-34
-26
12
44
66
77
53
14
4
-6
-15
-14
-10
7
33
48
41
23
12
9
16
19
11
26
42
55
46
42
15
6
22
11
-3
8
-2
6
34
51
46
60
83
98
102
105
91
70
43
14
34
43
46
60
78
71
47
59
73
84
97
102
117
108
108
123
134
110
89
90
90
86
100
113
93
105
127
126
104
110
124
130
124
128
142
150
141
114
122
109
87
91
107
122
151
160
159
157
154
183
158
132
144
150
159
161
172
170
208
241
271
282
267
259
257
251
243
225
231
212
186
175
164
147
118
117
130
133
125
129
150
169
166
178
172
166
167
184
195
204
189
163
173
172
192
196
222
251
266
276
268
244
213
205
194
213
241
259
267
276
271
280
280
259
251
249
241
239
240
246
247
250
264
262
259
247
257
275
277
248
228
209
192
184
175
186
190
212
230
247
259
247
239
231
198
167
138
106
114
129
132
147
149
160
158
163
161
150
135
130
129
120
125
110
79
76
79
117
163
182
205
196
186
156
148
132
148
162
144
164
176
189
174
151
130
101
69
44
21
13
32
12
29
53
50
49
69
88
117
126
141
152
131
121
126
115
97
97
98
105
113
109
92
81
72
49
44
56
34
31
40
43
17
-15
-35
-29
-9
-3
7
13
4
10
26
11
1
19
42
55
60
61
76
98
108
98
61
39
25
50
65
70
50
26
23
30
64
70
50
27
32
51
40
31
37
41
48
65
88
105
126
139
136
114
95
70
64
77
84
83
72
63
63
73
77
110
143
145
162
172
167
147
124
117
102
97
102
106
142
167
182
192
194
198
195
169
162
128
99
96
119
134
138
166
175
168
167
162
142
149
156
168
161
156
140
137
124
121
122
130
135
111
115
123
164
172
146
123
103
115
132
130
131
154
173
177
166
149
123
99
105
112
103
95
86
91
107
127
127
106
99
86
78
102
133
157
164
151
152
134
112
81
65
70
106
121
114
123
133
156
167
128
93
77
58
65
68
56
49
55
70
71
57
36
35
8
-4
6
13
12
2
21
34
38
47
60
79
103
131
132
126
140
135
109
121
127
106
112
123
163
191
192
215
215
208
183
145
124
120
153
172
163
111
61
70
82
86
93
72
44
43
67
82
61
49
71
85
114
118
104
130
164
178
185
181
153
141
130
142
175
183
200
215
208
212
207
203
220
248
238
226
193
151
162
190
238
260
245
225
218
238
248
225
229
237
235
242
214
186
156
167
208
208
211
210
236
251
258
251
221
217
206
232
