-278
-288
-292
-305
-320
-330
-340
-339
-344
-329
-318
-324
-331
-339
-333
-327
-304
-287
-271
-260
-261
-269
-269
-270
-253
-238
-219
-207
-190
-178
-164
-148
-148
-153
-141
-137
-127
-116
-115
-111
-114
-106
-107
-125
-132
-138
-132
-121
-94
-89
-89
-69
-57
-60
-59
-57
-55
-51
-54
-46
-40
-30
-28
-28
-29
-31
-39
-36
-26
-19
-10
-22
-48
-52
-71
-78
-68
-72
-72
-78
-71
-74
-82
-75
-92
-90
-112
-122
-141
-160
-163
-178
-174
-175
-190
-201
-201
-212
-207
-201
-205
-208
-210
-217
-227
-234
-235
-238
-244
-236
-223
-223
-232
-236
-235
-236
-223
-224
-234
-233
-243
-244
-232
-236
-244
-257
-256
-249
-235
-223
-219
-205
-210
-212
-220
-219
-201
-181
-187
-187
-184
-185
-176
-175
-186
-193
-191
-191
-198
-203
-196
-192
-199
-215
-219
-236
-233
-239
-238
-221
-216
-228
-234
-226
-235
-239
-237
-225
-225
-233
-232
-247
-256
-247
-254
-270
-273
-278
-281
-293
-294
-303
-313
-314
-314
-315
-332
-339
-353
-364
-357
-359
-347
-345
-339
-347
-353
-356
-366
-365
-357
-343
-329
-332
-324
-334
-341
-341
-338
-334
-340
-328
-310
-298
-287
-270
-259
-245
-244
-256
-272
-295
-276
-267
-256
-255
-277
-292
-305
-300
-296
-301
-296
-295
-294
-296
-307
-316
-328
-334
-344
-359
-361
-373
-381
-379
-393
-394
-404
-413
-407
-421
-418
-422
-430
-423
-435
-446
-453
-467
-463
-470
-461
-471
-488
-481
-485
-501
-494
-488
-493
-485
-476
-476
-473
-477
-476
-469
-475
-492
-500
-504
-512
-508
-509
-519
-522
-521
-523
-529
-537
-550
-555
-557
-572
-561
-560
-560
-551
-546
-542
-539
-536
-527
-527
-518
-499
-487
-472
-457
-451
-435
-414
-411
-398
-393
-392
-388
-373
-377
-370
-364
-354
-347
-355
-366
-369
-371
-379
-375
-361
-355
-356
-357
-355
-349
-340
-338
-335
-324
-326
-317
-315
-313
-327
-328
-339
-350
-349
-359
-360
-366
-368
-362
-365
-361
-352
-346
-358
-358
-346
-337
-335
-338
-320
-320
-323
-319
-325
-314
-313
-310
-317
-312
-304
-305
-318
-325
-314
-306
-305
-308
-292
-280
-277
-275
-281
-283
-285
-285
-289
-286
-292
-284
-278
-276
-288
-299
-300
-314
-323
-327
-328
-326
-326
-332
-325
-333
-338
-331
-329
-322
-310
-304
-297
-280
-276
-272
-265
-269
-279
-278
-285
-274
-275
-289
-285
-276
-261
-250
-245
-254
-264
-264
-248
-244
-253
-265
-271
-270
-278
-273
-266
-260
-245
-244
-254
-257
-251
-251
-244
-249
-251
-250
-231
-222
-219
-216
-229
-236
-242
-239
-240
-251
-250
-258
-264
-280
-299
-315
-320
-321
-324
-321
-329
-325
-321
-333
-335
-347
-340
-332
-321
-317
-318
-330
-347
-353
-336
-334
-313
-279
-268
-261
-251
-253
-256
-242
-244
-243
-235
-225
-222
-215
-196
-182
-172
-160
-164
-161
-160
-150
-121
-118
-116
-107
-110
-105
-104
-94
-70
-64
-69
-66
-50
-52
-54
-29
-23
-23
-8
-14
-12
-17
-24
-29
-25
-6
17
15
15
17
7
12
9
14
21
37
50
57
55
39
32
24
16
8
8
4
4
2
4
13
24
34
32
37
35
21
18
23
12
-11
-43
-69
-84
-90
-88
-79
-70
-76
-83
-94
-107
-131
-149
-150
-166
-166
-158
-149
-145
-138
-126
-119
-107
-110
-115
-113
-101
-98
-101
-98
-101
-100
-107
-100
-99
-104
-100
-112
-129
-141
-142
-141
-135
-143
-140
-136
-127
-117
-101
-116
-113
-112
-127
-140
-146
-146
-159
-160
-153
-157
-166
-168
-166
-156
-164
-168
-167
-173
-168
-162
-170
-174
-191
-189
-183
-185
-176
-178
-177
-169
-160
-155
-130
-120
-118
-108
-102
-91
-71
-64
-63
-51
-64
-48
-70
-62
-62
-66
-49
-52
-40
-42
-37
-38
-38
-35
-17
2
13
2
6
9
15
17
18
19
16
26
25
23
22
12
5
9
11
9
14
22
18
26
30
35
32
30
28
39
46
59
75
84
83
85
91
90
94
98
115
110
114
105
111
118
102
93
76
74
73
75
76
82
78
75
81
75
63
46
44
39
44
60
63
47
45
40
39
33
19
25
25
37
35
46
50
51
51
42
33
31
42
45
53
42
41
50
46
45
49
50
50
57
75
66
60
49
34
36
38
45
39
55
66
64
57
59
49
52
50
53
46
32
42
56
69
66
56
40
33
44
34
45
46
50
53
54
50
30
31
31
18
-2
-14
-8
-16
-10
-19
-19
-8
-7
13
8
9
-10
-6
-3
5
16
15
-2
-13
-29
-26
-10
-15
-30
-36
-46
-74
-79
-79
-82
-73
-58
-60
-59
-67
-85
-80
-81
-81
-71
-74
-74
-67
-64
-60
-52
-50
-47
-59
-71
-74
-70
-54
-32
-18
-18
-12
-16
-16
-16
-14
-14
-31
-24
-23
-7
2
-5
-12
-26
-23
-12
-15
-22
-17
-22
-31
-40
-44
-37
-44
-37
-27
-17
-19
-46
-58
-61
-65
-68
-69
-57
-42
-37
-33
-43
-40
-60
-72
-80
-86
-82
-84
-64
-60
-73
-86
-90
-96
-111
-115
-131
-142
-143
-155
-161
-164
-174
-187
-187
-193
-196
-191
-190
-177
-172
-174
-177
-180
-179
-180
-179
-179
-167
-167
-159
-164
-166
-151
-153
-142
-135
-138
-142
-147
-148
-144
-140
-140
-140
-127
-110
-91
-86
-76
-56
-57
-60
-69
-82
-74
-80
-77
-69
-69
-74
-76
-78
-90
-109
-120
-112
-112
-125
-116
-101
-86
-82
-87
-92
-85
-77
-69
-56
-57
-76
-84
-70
-63
-63
-68
-54
-56
-43
-38
-33
-36
-47
-59
-76
-79
-96
-88
-84
-82
-73
-67
-75
-83
-83
-95
-99
-105
-108
-102
-93
-106
-122
-128
-136
-149
-155
-166
-162
-162
-167
-174
-179
-183
-190
-197
-203
-214
-228
-217
-213
-214
-213
-220
-233
-230
-225
-222
-211
-213
-212
-221
-231
-252
-257
-252
-245
-241
-253
-256
-253
-273
-273
-279
-289
-295
-303
-299
-309
-301
-305
-323
-328
-329
-336
-339
-357
-362
-365
-370
-374
-374
-377
-383
-368
-369
-366
-376
-381
-384
-387
-393
-395
-393
-400
-409
-418
-423
-419
-416
-417
-415
-412
-404
-407
-413
-424
-427
-428
-436
-438
-451
-455
-459
-464
-470
-492
-485
-481
-485
-489
-496
-507
-508
-504
-506
-512
-516
-516
-509
-502
-505
-507
-510
-507
-507
-505
-507
-497
-486
-486
-491
-490
-477
-472
-474
-466
-463
-468
-473
-468
-474
-482
-474
-478
-479
-488
-494
-485
-490
-473
-458
-450
-455
-473
-480
-463
-439
-431
-429
-432
-428
-414
-404
-398
-383
-376
-374
-363
-364
-362
-359
-357
-352
-349
-356
-370
-374
-376
-375
-369
-353
-354
-346
-352
-348
-340
-347
-339
-339
-337
-327
-321
-320
-319
-308
-302
-284
-280
-282
-289
-277
-257
-257
-250
-234
-220
-208
-207
-209
-205
-190
-164
-144
-132
-130
-123
-143
-146
-143
-140
-128
-111
-85
-71
-59
-47
-50
-51
-50
-36
-26
-11
14
39
70
91
98
106
123
129
132
130
129
130
127
129
115
98
75
71
71
92
98
89
75
59
42
20
29
29
24
21
28
21
13
5
-4
4
0
0
1
4
1
-16
-16
-6
-15
-24
-33
-38
-44
-46
-44
-46
-54
-64
-72
-79
-88
-87
-77
-59
-53
-38
-18
-3
5
1
-1
-12
-20
-29
-36
-32
-24
-34
-41
-51
-66
-68
-80
-68
-61
-79
-86
-82
-93
-89
-86
-92
-97
-103
-101
-111
-110
-97
-96
-98
-99
-103
-103
-112
-108
-92
-100
-114
-114
-122
-121
-121
-135
-126
-126
-136
-143
-144
-161
-176
-182
-199
-210
-216
-209
-205
-212
-212
-211
-211
-198
-198
-192
-184
-185
-182
-170
-169
-167
-173
-175
-169
-169
-167
-172
-172
-172
-175
-168
-161
-154
-140
-126
-114
-97
-86
-84
-75
-70
-62
-56
-40
-35
-43
-26
-25
-27
-13
-7
-3
0
7
-8
-22
-31
-38
-44
-38
-52
-52
-54
-63
-67
-89
-103
-123
-134
-128
-147
-153
-152
-155
-150
-171
-167
-181
-183
-186
-184
-175
-179
-194
-197
-200
-209
-215
-224
-224
-246
-260
-267
-263
-268
-282
-286
-292
-286
-286
-291
-293
-294
-309
-304
-312
-321
-319
-332
-331
-331
-341
-349
-354
-371
-383
-373
-370
-374
-377
-361
-368
-347
-354
-358
-349
-345
-329
-327
-318
-323
-328
-320
-307
-298
-280
-272
-265
-253
-256
-263
-261
-256
-277
-285
-291
-287
-273
-265
-251
-237
-235
-243
-242
-232
-221
-195
-187
-189
-182
-183
-158
-150
-149
-143
-135
-148
-150
-152
-151
-144
-152
-148
-133
-139
-143
-132
-130
-121
-114
-111
-104
-110
-115
-114
-120
-112
-97
-86
-69
-66
-73
-67
-47
-27
-20
-22
-25
-20
0
-6
-26
-41
-44
-50
-64
-66
-82
-83
-82
-82
-79
-70
-84
-81
-86
-94
-102
-113
-117
-123
-136
-125
-124
-123
-132
-134
-134
-130
-114
-108
-98
-84
-68
-60
-40
-16
-9
-25
-31
-32
-23
-10
-6
-15
-13
-29
-30
-26
-24
-23
-17
-15
-11
-5
-20
-12
-11
-13
-18
-14
-8
-8
8
18
29
43
44
50
54
52
57
68
76
76
81
90
85
88
86
77
67
78
88
82
91
91
81
80
83
76
85
89
74
84
87
85
58
47
36
27
32
22
30
26
12
11
10
-1
-13
-28
-36
-48
-47
-37
-29
-32
-30
-35
-40
-33
-33
-24
-10
8
33
41
64
69
75
96
118
131
139
158
158
150
139
141
140
148
151
148
147
160
173
173
181
176
171
185
196
216
226
225
244
254
265
272
285
284
277
284
285
284
276
277
276
271
258
251
250
237
240
235
228
227
221
220
223
215
224
235
237
245
238
243
239
236
240
237
230
220
220
219
218
217
215
195
179
161
151
143
142
153
159
154
158
158
152
152
158
158
163
175
190
200
207
206
209
218
214
218
212
211
212
204
201
203
196
185
184
183
191
196
188
186
195
189
194
195
185
180
179
188
191
180
202
206
214
225
208
208
206
211
228
220
219
215
195
194
201
210
205
204
197
200
205
208
203
194
205
201
206
216
217
217
213
201
210
203
205
196
194
192
179
184
165
161
154
142
139
145
136
147
152
162
169
164
158
165
175
181
187
173
165
150
161
167
176
187
208
205
209
210
204
202
204
207
200
196
195
193
184
166
162
163
164
164
149
148
146
156
160
143
133
121
119
98
98
101
100
101
90
77
68
67
58
65
69
83
70
81
74
61
54
42
56
56
67
63
48
43
26
22
29
23
32
42
44
53
63
62
77
88
97
110
113
128
139
150
169
189
214
214
206
194
201
212
231
236
230
222
207
211
204
212
227
229
228
231
219
210
205
207
208
202
204
211
220
222
227
232
247
246
241
247
242
253
264
270
272
287
285
282
281
288
291
284
286
276
259
257
248
246
267
268
284
300
321
336
343
346
359
372
376
376
370
372
368
371
371
364
360
362
362
343
338
326
328
324
316
306
298
302
309
314
313
326
321
331
339
347
363
374
386
411
437
446
458
479
486
491
495
500
508
504
503
499
499
505
506
512
507
506
521
519
525
529
537
545
549
545
544
534
529
534
528
530
528
518
525
518
523
519
513
514
515
513
527
520
506
509
490
483
476
472
470
486
493
501
497
490
471
467
462
460
471
466
473
476
479
474
453
442
414
402
403
401
399
387
379
374
375
370
363
359
342
332
325
327
325
319
310
290
285
275
270
261
258
261
264
251
255
253
249
255
244
233
226
226
215
209
212
208
193
176
166
160
156
154
163
154
152
156
150
156
149
142
144
139
151
154
139
137
117
114
109
98
92
83
79
80
89
89
70
52
35
32
26
24
25
22
32
37
36
24
11
4
2
-5
-9
-16
-34
-44
-45
-47
-48
-53
-48
-47
-45
-39
-44
-40
-32
-47
-45
-49
-58
-69
-75
-73
-78
-84
-85
-94
-98
-100
-96
-93
-84
-81
-87
-83
-79
-76
-78
-76
-78
-87
-102
-86
-80
-65
-65
-59
-48
-48
-54
-60
-62
-57
-48
-48
-30
-22
-17
6
17
12
9
8
5
5
21
28
22
15
10
0
-3
1
-2
-6
-16
-16
-19
-19
-20
-19
-16
-4
9
12
17
6
8
-3
-3
8
9
27
31
45
51
55
60
57
57
63
59
50
57
63
52
37
32
18
13
7
0
-6
-8
-5
-18
-17
-26
-35
-42
-42
-63
-67
-60
-59
-35
-29
-19
-18
-26
-34
-28
-21
-18
-6
2
9
17
9
-1
-14
-19
-4
10
17
24
26
20
18
14
20
23
30
48
80
108
123
120
121
114
101
94
89
106
120
141
154
147
162
159
145
145
146
141
142
150
162
161
147
154
138
140
155
168
172
180
189
200
216
225
228
240
249
254
271
280
289
286
291
283
269
270
246
249
243
240
237
241
240
224
225
225
235
238
259
263
254
266
265
264
264
278
281
278
280
284
283
300
302
287
272
275
269
264
274
277
274
273
274
283
296
313
343
347
381
387
387
385
386
395
391
393
396
395
392
395
393
395
393
398
393
385
382
374
373
369
361
348
337
324
320
321
311
310
306
303
295
302
304
299
297
284
268
254
248
247
235
245
248
250
242
218
195
180
188
194
192
191
185
172
162
152
141
141
144
142
145
153
158
141
147
145
151
150
148
146
142
144
139
129
121
121
119
133
146
158
167
163
156
163
167
172
167
173
186
190
212
210
207
212
218
245
245
236
235
230
217
211
223
229
234
234
222
219
236
246
252
257
262
255
254
256
271
288
293
293
283
266
261
245
245
247
264
289
286
291
298
297
295
297
313
315
312
302
290
297
287
282
274
287
275
273
281
282
300
308
319
312
309
308
310
327
337
342
348
342
337
346
350
358
370
387
389
382
380
382
384
388
390
382
399
409
417
413
398
373
357
343
326
332
343
359
350
340
344
328
317
308
298
308
319
319
332
341
345
349
348
337
325
324
322
305
288
276
262
256
250
250
247
239
236
233
222
207
192
189
174
175
167
158
165
155
153
154
151
131
132
130
122
120
120
129
133
130
122
99
95
91
90
99
90
87
84
79
65
66
60
57
76
85
87
93
104
114
115
123
112
99
102
110
117
128
141
136
136
135
138
137
117
105
103
106
107
103
100
102
106
122
118
120
125
120
116
112
125
116
118
127
139
147
159
164
150
142
130
121
114
111
110
118
117
116
120
109
99
91
80
83
84
95
88
96
97
94
91
86
80
77
83
89
82
72
73
63
66
54
62
58
42
44
52
51
50
49
48
48
51
70
83
105
115
111
110
85
67
57
59
59
66
80
69
69
62
50
42
40
27
16
-4
3
-2
-7
-6
-14
-23
-41
-33
-34
-44
-42
-45
-43
-44
-49
-44
-41
-27
-25
-33
-32
-35
-31
-31
-38
-31
-30
-28
-11
-18
-37
-45
-46
-40
-22
-11
0
4
9
13
9
-1
7
14
20
13
9
3
-11
-17
-25
-30
-44
-58
-80
-100
-120
-125
-141
-147
-143
-144
-142
-139
-139
-131
-124
-122
-134
-130
-126
-117
-112
-102
-99
-116
-127
-138
-138
-140
-133
-133
-132
-131
-136
-136
-144
-159
-155
-150
-149
-143
-140
-133
-134
-133
-109
-106
-89
-88
-95
-92
-92
-74
-64
-61
-47
-49
-64
-72
-67
-55
-47
-38
-31
-31
-24
-16
-12
-16
-21
-28
-31
-27
-19
-10
4
20
35
39
25
21
25
36
50
63
64
68
81
92
99
90
105
102
93
103
95
88
100
116
117
120
110
90
71
81
94
106
119
120
120
94
74
58
51
56
53
54
56
63
62
70
60
49
49
51
63
69
89
91
102
109
109
118
111
103
89
88
66
62
53
23
7
3
-1
-9
-7
-8
-20
-23
-31
-45
-50
-74
-85
-75
-81
-72
-65
-70
-63
-52
-60
-62
-58
-80
-75
-68
-64
-71
-67
-73
-77
-81
-88
-82
-77
-70
-74
-96
-113
-136
-141
-151
-158
-155
-140
-130
-122
-108
-95
-84
-92
-97
-112
-117
-122
-123
-112
-105
-120
-130
-149
-175
-186
-202
-214
-212
-200
-187
-179
-168
-156
-152
-146
-149
-143
-125
-109
-104
-90
-83
-91
-93
-96
-85
-81
-66
-50
-52
-44
-44
-44
-47
-59
-44
-33
-33
-26
-16
-5
15
27
42
42
49
63
82
101
113
128
137
140
148
155
154
150
150
157
164
175
190
186
173
169
177
179
178
192
199
209
214
212
211
219
220
226
224
232
225
218
210
224
240
246
247
243
249
261
253
245
233
224
203
187
182
171
173
162
167
172
176
183
174
168
160
158
154
136
121
122
124
128
121
107
91
78
67
67
78
80
90
101
108
99
84
68
63
52
42
48
38
27
14
8
5
-11
-3
-11
-16
-15
-14
-1
-5
-11
-26
-33
-42
-44
-39
-37
-48
-63
-66
-63
-60
-69
-72
-84
-69
-62
-70
-67
-77
-85
-80
-89
-91
-69
-70
-78
-76
-70
-67
-66
-67
-67
-66
-57
-64
-65
-73
-83
-100
-104
-117
-120
-112
-99
-84
-83
-84
-83
-63
-46
-41
-33
-38
-73
-76
-87
-72
-58
-56
-59
-73
-64
-66
-63
-55
-44
-44
-45
-53
-51
-47
-42
-44
-40
-47
-70
-63
-66
-54
-29
-20
-8
-4
-13
-23
-16
-11
-2
8
3
3
9
12
16
11
14
17
23
22
24
32
32
40
31
44
45
37
34
33
47
45
43
33
16
9
23
35
64
71
69
74
50
52
52
52
61
66
78
88
98
107
116
128
131
127
126
121
128
142
130
133
111
87
77
80
77
74
85
76
64
52
28
13
11
-7
-3
-9
-10
0
13
14
10
5
-9
-13
-27
-41
-42
-36
-39
-38
-61
-73
-70
-77
-64
-71
-71
-73
-74
-68
-73
-73
-55
-48
-49
-46
-52
-33
-12
5
11
11
12
15
12
12
12
21
36
36
41
43
48
43
33
35
38
43
52
64
68
62
65
66
61
68
71
95
96
104
123
145
164
167
168
175
185
183
191
177
176
171
175
164
148
143
136
133
139
133
113
117
115
115
118
121
127
134
153
151
144
137
133
136
148
140
136
149
138
137
138
136
120
106
106
109
117
113
99
87
90
85
91
101
127
124
121
129
130
145
147
154
153
146
142
138
136
128
123
117
109
103
80
69
61
47
51
55
50
49
32
24
18
16
19
8
5
4
0
0
5
-5
-25
-33
-52
-63
-72
-78
-81
-83
-75
-80
-87
-105
-103
-112
-122
-110
-112
-106
-107
-107
-118
-107
-87
-91
-96
-95
-83
-74
-73
-71
-69
-75
-68
-76
-91
-100
-120
-118
-108
-122
-120
-118
-125
-109
-103
-100
-98
-89
-81
-82
-64
-74
-60
-50
-52
-54
-43
-33
-39
-23
-26
-34
-46
-40
-35
-38
-39
-39
-45
-47
-55
-46
-51
-58
-52
-50
-49
-50
-50
-47
-29
-29
-29
-27
-17
-2
4
-2
-12
-22
-22
-13
-15
-23
-45
-44
-45
-39
-39
-47
-43
-49
-47
-59
-45
-38
-49
-42
-25
-14
-7
5
16
21
8
5
-11
-8
-9
0
18
19
28
30
38
37
48
51
54
77
98
113
119
121
122
130
138
139
138
142
156
162
163
150
133
124
101
100
104
102
118
127
132
151
159
154
170
174
188
211
236
243
261
283
305
316
325
329
323
324
326
335
340
347
331
297
280
272
270
275
280
278
251
241
241
230
234
232
226
237
252
262
274
274
285
285
288
287
285
293
283
300
298
290
282
290
297
312
318
323
313
302
302
300
311
299
303
315
316
323
339
348
360
362
367
367
365
360
354
353
358
375
373
383
386
391
388
375
374
360
354
361
375
371
373
378
387
390
387
391
385
388
386
392
405
406
408
405
404
412
406
396
396
392
385
388
384
378
369
370
369
360
370
383
391
380
376
364
359
358
353
347
340
340
321
318
314
308
315
309
296
302
306
312
319
318
321
318
303
289
284
284
288
292
310
317
322
313
309
308
322
320
316
329
332
328
329
341
331
321
314
310
317
310
315
311
300
298
297
289
287
282
271
277
265
263
259
245
238
229
217
201
191
190
204
206
202
203
201
199
192
179
174
170
171
173
180
182
179
171
165
158
143
151
154
158
145
129
123
113
106
116
114
120
129
122
121
124
127
134
117
119
130
132
153
161
163
169
168
169
168
173
171
179
174
178
171
171
177
178
192
195
197
209
218
222
226
228
242
245
245
248
249
257
236
240
245
233
229
217
219
231
239
245
240
229
217
194
198
199
200
201
193
179
173
190
208
215
225
228
223
228
222
229
230
226
223
215
216
219
220
220
226
227
212
220
224
213
210
215
228
224
222
211
200
197
210
226
228
223
218
216
229
232
245
244
231
236
247
246
238
241
242
232
222
217
217
216
202
190
182
165
161
155
167
183
195
182
185
188
180
169
166
160
157
171
176
178
182
197
200
199
180
162
156
151
147
139
130
128
96
74
66
53
44
37
28
19
10
-1
-2
-19
-24
-44
-53
-48
-47
-50
-51
-58
-76
-69
-79
-94
-105
-106
-103
-99
-102
-99
-103
-108
-115
-134
-140
-163
-166
-174
-180
-195
-202
-207
-192
-205
-204
-185
-184
-174
-177
-174
-183
-188
-194
-191
-191
-200
-210
-210
-210
-211
-201
-202
-198
-198
-191
-195
-196
-199
-200
-191
-187
-184
-178
-164
-166
-165
-154
-131
-116
-109
-94
-87
-71
-56
-38
-20
-2
12
12
20
11
7
17
14
7
11
16
25
32
46
50
52
50
51
54
56
57
65
63
55
53
60
53
53
53
53
57
49
47
45
55
46
40
24
16
13
30
45
45
48
41
32
36
34
36
47
64
68
56
64
71
77
79
76
79
89
97
103
114
113
121
125
123
130
134
141
132
137
137
130
125
139
136
134
136
131
132
137
146
148
158
169
180
178
175
185
192
207
200
200
199
190
200
196
182
181
171
169
181
185
176
171
169
173
179
174
168
170
166
169
188
189
188
195
182
179
183
194
203
208
219
229
227
223
238
243
255
249
240
241
233
231
235
234
238
232
246
252
260
275
275
296
310
308
300
294
302
294
286
286
286
298
293
289
279
286
281
298
299
299
305
302
288
266
287
295
305
314
303
280
273
267
267
278
298
315
313
310
308
295
281
276
272
262
254
250
244
236
228
226
224
216
213
222
247
246
266
273
267
253
243
247
242
248
281
301
298
299
285
281
275
281
291
293
306
321
315
315
304
302
299
318
336
338
338
331
310
293
278
266
278
302
341
348
353
355
341
335
333
331
333
355
365
379
381
373
361
351
339
317
313
312
309
308
302
283
254
232
225
213
206
203
206
202
184
169
141
121
109
109
105
92
82
73
75
80
81
83
83
74
65
73
66
72
91
92
100
97
86
80
74
74
66
65
52
48
45
39
38
36
33
30
55
72
83
102
111
108
99
99
88
92
93
93
109
119
123
126
118
115
111
107
104
103
107
108
101
91
84
80
75
82
85
87
100
79
88
88
110
128
141
141
143
158
161
154
135
136
121
110
110
109
112
104
102
94
84
80
78
72
57
61
71
88
104
118
124
129
151
165
180
180
178
169
172
182
186
184
178
178
175
168
166
165
167
177
184
191
193
195
199
218
224
223
221
240
247
256
267
273
277
281
291
282
292
299
295
292
295
281
274
273
261
255
249
256
267
258
243
233
219
210
214
223
223
217
222
224
208
204
173
146
138
139
130
130
132
118
114
98
92
84
70
68
71
71
83
75
58
51
44
42
34
26
25
29
35
39
41
45
45
59
70
69
75
73
87
82
84
85
92
103
118
119
119
131
149
158
168
165
172
172
176
178
171
174
170
171
183
183
197
212
209
220
220
219
228
246
236
242
249
236
238
238
254
263
283
276
292
300
302
312
318
320
319
323
315
323
322
329
328
336
345
347
356
358
361
367
379
383
377
367
361
363
363
371
364
357
357
355
361
355
369
381
381
380
387
403
404
425
445
450
459
471
490
490
508
517
526
549
565
562
573
565
559
553
555
573
574
582
576
556
553
545
541
539
545
566
566
572
570
565
570
571
560
553
550
559
570
574
583
602
608
582
564
538
518
513
508
501
498
499
494
472
449
451
440
442
448
434
423
410
394
370
357
347
341
340
331
322
323
321
317
312
301
306
310
300
319
326
336
345
339
327
325
341
337
343
359
367
371
371
368
376
380
376
395
397
396
402
406
416
420
435
440
427
436
444
452
469
469
466
464
467
467
456
459
460
458
454
443
444
450
453
447
438
437
442
442
440
422
414
411
418
432
430
426
424
428
425
422
425
433
433
428
414
403
392
400
402
389
380
363
370
376
387
384
380
385
366
386
392
389
385
389
390
385
379
382
383
387
395
388
384
383
370
350
348
344
352
353
352
343
359
353
353
365
357
376
379
374
372
367
363
363
375
376
378
374
380
371
377
381
372
366
361
359
356
373
370
364
341
338
336
329
312
295
280
269
283
297
294
287
281
266
264
251
253
249
242
255
253
260
269
280
283
284
278
274
280
288
291
273
258
250
250
263
252
244
244
236
239
233
242
257
260
267
256
263
250
246
247
242
251
247
243
249
246
239
248
244
236
231
224
226
223
218
209
207
205
192
196
192
187
182
164
160
160
156
156
156
154
156
141
117
104
92
81
69
58
51
48
43
41
33
22
19
16
11
1
-1
-6
-10
-10
-5
-8
4
8
11
24
18
19
24
30
26
17
2
3
-4
0
5
-2
-4
-13
-22
-20
-8
-4
-10
-3
-6
-16
-28
-27
-22
-4
16
17
14
5
-3
-3
-14
-6
-13
-22
-10
-6
1
4
-9
-25
-29
-32
-27
-23
-14
-33
-50
-70
-101
-112
-120
-105
-95
-90
-88
-86
-99
-118
-137
-147
-151
-135
-136
-148
-151
-154
-162
-185
-190
-218
-222
-221
-220
-233
-247
-247
-260
-267
-288
-286
-285
-286
-282
-301
-312
-328
-342
-355
-358
-370
-379
-375
-384
-382
-372
-378
-374
-356
-358
-350
-351
-364
-360
-349
-340
-327
-325
-324
-328
-316
-302
-297
-309
-319
-315
-313
-314
-310
-313
-318
-327
-323
-311
-298
-283
-291
-282
-280
-290
-296
-304
-306
-305
-307
-315
-311
-324
-332
-348
-365
-370
-371
-363
-359
-354
-349
-343
-350
-357
-352
-362
-347
-333
-330
-337
-334
-320
-322
-322
-321
-317
-320
-312
-306
-301
-297
-307
-311
-319
-337
-344
-352
-358
-363
-366
-373
-378
-378
-380
-382
-380
-374
-368
-367
-363
-367
-363
-354
-355
-355
-357
-366
-371
-381
-385
-370
-377
-378
-392
-412
-420
-416
-414
-406
-399
-394
-396
-414
-407
-402
-395
-402
-383
-375
-371
-364
-363
-355
-355
-348
-361
-364
-361
-365
-367
-377
-379
-371
-380
-387
-392
-403
-407
-407
-409
-408
-418
-435
-452
-464
-467
-459
-452
-447
-438
-429
-430
-440
-432
-432
-434
-427
-419
-419
-414
-403
-411
-412
-411
-422
-440
-449
-454
-457
-456
-447
-446
-453
-457
-460
-451
-448
-452
-458
-455
-449
-451
-452
-459
-455
-444
-447
-447
-450
-451
-451
-439
-437
-437
-436
-445
-442
-447
-450
-455
-478
-486
-478
-486
-488
-492
-498
-493
-490
-482
-479
-482
-479
-471
-461
-460
-459
-458
-465
-472
-483
-498
-492
-481
-500
-508
-521
-515
-499
-488
-468
-468
-462
-454
-453
-438
-435
-403
-387
-386
-388
-394
-388
-387
-382
-362
-352
-360
-355
-357
-349
-341
-340
-340
-335
-341
-340
-338
-335
-337
-326
-319
-321
-316
-323
-327
-319
-299
-285
-283
-292
-302
-300
-303
-300
-269
-273
-277
-280
-266
-244
-235
-222
-227
-217
-210
-209
-204
-200
-196
-191
-187
-169
-147
-141
-134
-136
-152
-163
-166
-164
-165
-171
-156
-147
-142
-132
-151
-171
-171
-175
-167
-155
-146
-139
-131
-129
-137
-148
-153
-164
-181
-183
-186
-183
-174
-169
-196
-215
-235
-236
-231
-236
-231
-255
-248
-268
-287
-317
-331
-339
-363
-364
-357
-361
-358
-358
-354
-353
-343
-339
-348
-344
-334
-330
-324
-313
-323
-311
-298
-305
-306
-304
-297
-293
-286
-288
-295
-298
-291
-279
-275
-264
-245
-229
-229
-222
-220
-218
-239
-242
-238
-244
-233
-231
-235
-227
-237
-243
-252
-274
-277
-276
-274
-265
-264
-269
-272
-270
-270
-275
-273
-273
-270
-267
-275
-274
-279
-288
-282
-279
-275
-275
-274
-288
-284
-277
-285
-287
-287
-280
-288
-297
-306
-325
-327
-330
-343
-356
-362
-368
-363
-346
-334
-330
-310
-308
-313
-314
-305
-307
-302
-293
-299
-303
-308
-296
-301
-296
-296
-298
-294
-286
-276
-267
-268
-271
-264
-253
-249
-245
-230
-206
-185
-174
-165
-148
-152
-155
-146
-137
-127
-116
-108
-121
-122
-125
-129
-134
-138
-136
-144
-154
-154
-144
-157
-147
-143
-159
-147
-143
-148
-156
-150
-150
-151
-148
-150
-154
-151
-148
-155
-157
-166
-173
-176
-192
-196
-185
-184
-180
-198
-215
-233
-242
-244
-251
-251
-249
-242
-240
-238
-229
-231
-239
-234
-244
-244
-236
-231
-230
-237
-224
-223
-223
-219
-211
-206
-209
-209
-210
-215
-214
-211
-201
-185
-180
-176
-172
-163
-167
-165
-162
-158
-142
-147
-143
-132
-117
-108
-97
-93
-87
-79
-68
-72
-66
-63
-65
-62
-57
-51
-50
-44
-44
-43
-31
-11
5
-2
-4
-6
-7
16
32
26
12
-6
-16
-9
-4
1
14
20
28
34
40
50
53
62
63
61
52
39
44
35
41
28
25
19
13
5
-6
3
6
-1
-7
-2
-8
-9
-5
-5
1
7
8
6
17
26
21
20
34
40
57
54
56
53
45
62
61
72
67
53
39
15
6
-4
-5
4
9
13
19
18
24
19
15
19
22
24
25
23
11
7
11
8
14
12
-8
-24
-46
-46
-50
-70
-99
-136
-171
-195
-195
-205
-212
-231
-258
-276
-294
-308
-318
-317
-318
-308
-297
-299
-298
-296
-287
-284
-291
-288
-290
-279
-268
-254
-256
-252
-251
-256
-257
-263
-260
-267
-265
-261
-271
-290
-296
-305
-308
-308
-311
-301
-299
-291
-277
-271
-261
-274
-271
-266
-272
-272
-279
-269
-272
-267
-263
-259
-260
-268
-267
-288
-295
-296
-289
-277
-292
-294
-302
-288
-292
-284
-271
-266
-252
-241
-240
-232
-217
-228
-226
-232
-224
-214
-197
-183
-189
-190
-191
-190
-186
-194
-200
-208
-216
-205
-204
-215
-230
-227
-221
-211
-200
-185
-165
-172
-175
-181
-178
-174
-169
-176
-205
-216
-215
-201
-210
-206
-202
-202
-194
-190
-187
-195
-194
-193
-188
-183
-173
-166
-172
-159
-138
-121
-96
-88
-88
-92
-107
-118
-103
-108
-117
-117
-124
-139
-159
-164
-176
-180
-194
-204
-207
-213
-217
-218
-204
-195
-204
-205
-218
-221
-223
-233
-239
-250
-252
-262
-262
-272
-271
-277
-290
-294
-299
-296
-293
-299
-296
-296
-310
-311
-316
-316
-326
-328
-316
-315
-293
-281
-279
-282
-284
-273
-258
-250
-250
-247
-242
-244
-245
-253
-265
-262
-263
-256
-257
-257
-269
-270
-280
-290
-285
-279
-282
-278
-280
-287
-281
-299
-309
-313
-321
-324
-331
-325
-325
-329
-338
-335
-337
-343
-346
-356
-361
-373
-391
-392
-402
-407
-424
-437
-433
-446
-434
-429
-424
-418
-437
-445
-440
-455
-441
-437
-460
-481
-487
-474
-473
-477
-481
-476
-470
-465
-457
-455
-448
-435
-439
-431
-436
-436
-442
-453
-448
-439
-423
-433
-436
-440
-441
-431
-426
-434
-455
-451
-443
-434
-427
-425
-416
-409
-413
-412
-407
-396
-386
-378
-381
-382
-360
-338
-342
-337
-341
-347
-353
-368
-363
-374
-376
-366
-389
-405
-397
-382
-358
-345
-339
-351
-341
-326
-320
-311
-306
-299
-283
-286
-275
-264
-265
-258
-260
-248
-237
-223
-222
-232
-247
-260
-246
-233
-243
-250
-287
-289
-277
-280
-294
-310
-315
-318
-327
-343
-344
-335
-338
-348
-365
-371
-356
-347
-330
-319
-314
-313
-309
-298
-298
-297
-283
-283
-280
-277
-280
-283
-300
-300
-302
-304
-320
-331
-329
-316
-310
-304
-294
-281
-276
-273
-264
-265
-245
-246
-257
-279
-297
-306
-292
-276
-272
-268
-259
-235
-226
-230
-242
-261
-267
-268
-265
-258
-267
-272
-277
-283
-298
-295
-300
-282
-276
-264
-268
-275
-271
-275
-274
-270
-250
-241
-231
-236
-236
-240
-247
-258
-277
-289
-278
-274
-256
-246
-236
-220
-209
-179
-168
-160
-165
-174
-157
-137
-138
-140
-133
-136
-129
-115
-119
-110
-114
-100
-98
-98
-84
-109
-130
-137
-133
-133
-123
-111
-96
-95
-99
-99
-100
-89
-76
-59
-61
-68
-79
-78
-95
-94
-94
-91
-97
-107
-115
-112
-89
-93
-97
-103
-121
-145
-144
-143
-142
-135
-130
-139
-160
-182
-194
-206
-214
-213
-214
-215
-207
-209
-219
-224
-246
-252
-259
-264
-265
-265
-276
-275
-290
-306
-302
-307
-299
-295
-297
-298
-305
-297
-306
-324
-333
-337
-351
-337
-341
-355
-359
-357
-348
-356
-355
-361
-368
-375
-360
-344
-340
-331
-336
-335
-342
-356
-357
-372
-370
-364
-357
-348
-351
-352
-357
-363
-363
-363
-364
-361
-353
-358
-358
-355
-358
-360
-360
-358
-353
-346
-331
-326
-313
-305
-304
-308
-306
-308
-302
-286
-267
-265
-269
-257
-275
-269
-270
-273
-244
-239
-239
-222
-219
-210
-194
-183
-162
-148
-135
-115
-104
-85
-77
-67
-61
-56
-48
-33
-15
-6
5
4
-5
-6
16
14
23
35
32
34
39
43
31
35
65
84
97
114
111
109
111
124
135
138
153
156
147
142
138
145
153
145
152
132
126
136
122
124
122
110
111
107
106
110
108
103
99
108
121
129
144
151
146
156
170
178
182
185
185
177
163
144
151
152
150
153
152
158
146
143
137
131
127
119
92
80
68
59
54
54
59
48
52
57
70
69
71
80
77
62
61
42
26
29
28
29
32
42
28
19
25
26
22
24
21
21
10
21
29
29
17
13
18
32
42
42
39
29
28
16
0
8
8
29
36
43
49
44
48
40
28
32
24
13
12
5
18
16
14
1
8
7
8
16
24
34
30
38
41
49
49
60
72
86
95
85
92
109
107
104
93
88
99
96
93
96
104
105
99
88
91
90
91
105
111
121
130
137
146
153
157
170
175
167
168
166
155
150
139
114
101
96
101
89
94
94
108
128
136
136
132
137
141
148
146
141
151
138
140
135
144
152
138
135
133
136
137
132
113
100
86
80
73
58
48
50
47
30
8
-9
-17
-18
-13
-5
-14
-6
3
-10
-3
-5
-4
-12
-6
-1
-14
-16
-11
2
-14
-27
-34
-36
-49
-55
-51
-41
-32
-35
-36
-43
-31
-10
1
9
26
34
48
45
50
45
35
40
37
35
38
57
50
49
49
42
38
47
51
51
67
72
76
78
77
88
97
103
119
131
134
140
149
142
140
142
156
165
172
175
181
182
175
169
163
158
170
180
182
189
209
206
212
216
218
225
236
251
250
246
243
231
225
230
221
226
235
241
246
251
247
246
245
247
247
251
255
249
239
231
224
216
221
221
224
231
236
234
248
254
251
247
240
233
225
240
249
259
261
244
259
254
264
264
253
250
237
241
237
230
230
228
215
220
229
218
210
195
175
168
162
154
153
157
169
162
168
165
144
138
128
123
132
120
109
105
114
115
101
87
81
76
74
77
67
57
43
33
11
-13
-26
-37
-33
-39
-43
-49
-63
-70
-89
-105
-111
-114
-115
-114
-113
-114
-106
-107
-97
-101
-120
-113
-106
-110
-116
-107
-109
-101
-105
-125
-129
-134
-125
-112
-114
-116
-124
-124
-126
-120
-111
-115
-115
-100
-75
-66
-62
-60
-56
-51
-56
-61
-80
-79
-88
-75
-73
-72
-84
-95
-110
-138
-139
-163
-165
-166
-168
-184
-201
-221
-244
-254
-270
-261
-281
-274
-275
-277
-271
-268
-264
-265
-252
-251
-246
-231
-221
-223
-225
-234
-222
-206
-192
-192
-196
-199
-207
-204
-194
-195
-201
-202
-197
-191
-188
-180
-166
-168
-166
-164
-153
-149
-147
-132
-142
-128
-113
-95
-83
-84
-82
-85
-79
-68
-47
-38
-16
-1
3
9
12
12
9
16
6
13
22
11
-10
-35
-41
-49
-51
-67
-96
-133
-146
-154
-176
-193
-219
-236
-269
-288
-285
-291
-290
-295
-315
-344
-347
-347
-365
-386
-398
-414
-412
-403
-419
-428
-442
-453
-457
-458
-461
-456
-460
-457
-460
-460
-454
-448
-450
-466
-472
-465
-452
-445
-447
-453
-445
-436
-422
-395
-389
-377
-373
-349
-340
-320
-303
-295
-297
-304
-301
-302
-277
-272
-271
-272
-260
-248
-240
-220
-218
-195
-174
-160
-139
-141
-136
-140
-138
-122
-114
-98
-72
-67
-76
-79
-67
-78
-103
-128
-165
-191
-222
-270
-322
-370
-403
-437
-474
-513
-541
-561
-569
-573
-600
-626
-648
-649
-653
-653
-664
-672
-678
-702
-719
-729
-718
-721
-716
-707
-703
-696
-700
-701
-692
-693
-704
-712
-720
-725
-704
-693
-675
-648
-626
-596
-563
-536
-512
-484
-457
-444
-442
-432
-427
-410
-406
-404
-394
-382
-381
-367
-371
-375
-364
-362
-354
-347
-336
-335
-330
-329
-318
-313
-301
-273
-244
-211
-194
-168
-154
-131
-101
-84
-38
1
48
73
82
94
96
122
110
120
126
125
124
110
101
77
49
6
-40
-85
-125
-146
-175
-203
-249
-302
-346
-393
-438
-464
-490
-505
-528
-558
-588
-609
-615
-634
-648
-671
-676
-701
-721
-730
-747
-751
-752
-774
-794
-800
-840
-850
-845
-851
-844
-819
-802
-776
-730
-713
-686
-647
-612
-565
-529
-489
-460
-428
-391
-358
-315
-288
-262
-244
-226
-211
-212
-212
-217
-215
-228
-227
-230
-228
-231
-227
-227
-230
-250
-271
-277
-271
-257
-244
-228
-199
-174
-133
-97
-70
-45
1
37
61
95
127
166
193
223
244
280
306
325
320
318
312
304
287
245
209
165
119
85
53
12
-32
-75
-109
-160
-191
-222
-258
-280
-303
-324
-334
-348
-357
-372
-393
-402
-418
-429
-449
-491
-516
-549
-582
-615
-653
-682
-698
-707
-714
-737
-756
-765
-770
-767
-774
-758
-748
-713
-674
-648
-618
-593
-551
-506
-446
-408
-365
-311
-263
-210
-165
-117
-90
-52
-27
-14
5
20
31
34
47
52
53
57
50
49
51
52
39
24
20
11
9
6
4
-4
4
15
29
62
88
116
150
189
233
262
292
321
349
376
396
411
432
443
441
422
409
395
372
335
288
224
162
104
52
10
-36
-83
-129
-163
-206
-235
-272
-305
-336
-366
-381
-402
-403
-419
-426
-424
-438
-449
-463
-489
-522
-548
-570
-602
-627
-661
-669
-688
-715
-737
-760
-770
-787
-797
-815
-821
-816
-808
-790
-793
-758
-728
-684
-650
-605
-546
-509
-459
-429
-373
-307
-245
-192
-163
-119
-80
-22
27
56
101
106
126
137
155
174
176
179
166
175
163
143
122
101
90
72
72
63
67
69
83
88
89
111
134
164
193
241
280
331
394
435
463
485
513
540
563
572
558
539
512
483
440
379
313
235
170
97
39
-17
-76
-144
-217
-273
-346
-397
-424
-457
-468
-476
-478
-464
-493
-498
-499
-522
-519
-506
-503
-515
-538
-547
-557
-588
-609
-647
-697
-719
-737
-756
-786
-811
-837
-848
-871
-871
-856
-861
-837
-822
-802
-776
-751
-724
-693
-641
-596
-528
-470
-415
-350
-304
-245
-200
-157
-130
-81
-45
-7
17
28
35
26
30
15
4
-7
-24
-25
-37
-65
-111
-148
-189
-212
-236
-256
-262
-273
-259
-245
-212
-184
-162
-129
-84
-42
5
51
98
149
193
239
267
273
279
272
253
227
188
149
104
42
-38
-116
-184
-253
-313
-372
-416
-458
-506
-541
-584
-623
-638
-635
-626
-614
-598
-564
-538
-527
-516
-501
-491
-496
-494
-502
-514
-533
-563
-587
-598
-621
-636
-653
-657
-667
-660
-672
-706
-722
-747
-736
-733
-711
-681
-671
-633
-593
-556
-528
-498
-468
-430
-369
-316
-249
-194
-143
-93
-53
12
58
106
136
166
212
226
236
237
237
229
226
246
241
209
178
154
131
105
86
43
6
-27
-66
-89
-103
-105
-108
-104
-76
-56
-32
6
51
102
158
215
275
330
379
419
450
471
465
456
433
409
377
332
277
200
116
30
-52
-132
-187
-229
-271
-299
-338
-372
-414
-452
-462
-481
-480
-471
-461
-446
-434
-420
-412
-403
-415
-421
-436
-445
-463
-484
-512
-552
-591
-627
-656
-675
-698
-707
-718
-732
-740
-740
-734
-736
-731
-730
-712
-691
-655
-640
-617
-598
-553
-518
-473
-409
-373
-301
-245
-196
-135
-90
-43
-4
29
62
84
117
149
177
186
212
216
214
206
175
163
147
127
95
64
21
-34
-74
-120
-157
-185
-208
-221
-217
-209
-176
-132
-94
-42
0
58
128
199
272
334
376
412
455
484
505
527
537
521
506
486
442
386
321
267
197
131
71
28
4
-25
-68
-119
-144
-165
-179
-205
-219
-210
-196
-170
-127
-95
-104
-107
-126
-168
-201
-230
-238
-239
-243
-268
-317
-354
-410
-446
-485
-530
-564
-587
-601
-606
-604
-622
-608
-620
-621
-617
-620
-613
-630
-614
-617
-596
-593
-591
-580
-570
-520
-487
-427
-384
-348
-311
-278
-235
-206
-165
-137
-106
-80
-73
-39
-33
-32
-23
-32
-38
-43
-55
-78
-81
-104
-130
-155
-203
-248
-289
-311
-335
-348
-347
-343
-315
-278
-215
-150
-103
-32
48
123
204
284
352
396
426
454
482
474
470
478
471
454
423
366
292
227
147
74
17
-49
-97
-136
-172
-220
-266
-299
-333
-350
-346
-346
-329
-296
-282
-260
-242
-232
-218
-222
-250
-266
-272
-281
-302
-344
-367
-413
-443
-466
-494
-523
-566
-581
-598
-606
-624
-629
-645
-663
-662
-654
-636
-633
-644
-653
-634
-610
-586
-555
-523
-489
-432
-390
-344
-286
-246
-208
-160
-107
-63
-7
45
92
127
156
182
215
241
251
266
271
290
292
292
292
282
270
244
205
162
124
89
70
44
34
34
48
75
104
138
196
272
334
395
471
532
586
636
689
738
779
815
831
829
825
812
771
722
659
610
536
446
382
312
257
212
169
105
57
10
-42
-56
-65
-63
-51
-35
-10
33
64
90
106
108
103
79
60
52
26
0
-48
-97
-144
-196
-245
-274
-318
-359
-381
-391
-432
-474
-518
-584
-590
-606
-601
-589
-578
-585
-581
-555
-530
-490
-474
-424
-387
-334
-265
-204
-135
-88
-10
53
124
189
230
288
312
361
380
403
414
420
441
435
465
450
435
408
388
384
342
310
254
198
139
101
82
75
99
109
148
183
253
321
378
456
509
595
663
747
810
862
922
958
999
1015
1019
1006
985
952
907
853
772
695
593
522
445
364
320
262
214
166
139
115
94
93
84
88
115
163
204
240
266
284
292
255
220
176
136
97
28
-52
-135
-210
-274
-323
-365
-423
-471
-523
-578
-639
-684
-737
-793
-795
-795
-782
-781
-771
-754
-722
-700
-678
-629
-567
-499
-423
-339
-255
-185
-107
-40
30
103
178
265
315
369
401
428
454
452
463
462
466
475
478
468
454
437
405
369
314
276
249
229
211
197
208
246
286
329
378
444
528
613
713
807
890
961
1043
1114
1185
1242
1278
1294
1298
1299
1261
1217
1138
1050
930
828
718
608
502
384
286
201
151
93
43
7
-20
-28
-13
7
26
26
43
67
99
123
144
153
141
119
81
40
-16
-68
-153
-210
-278
-341
-410
-495
-581
-674
-722
-764
-785
-841
-864
-871
-865
-862
-849
-811
-782
-712
-652
-560
-453
-341
-211
-73
77
204
326
432
539
637
688
746
778
805
805
793
787
754
729
693
660
620
599
561
515
455
386
335
282
247
228
220
223
233
270
323
418
502
607
721
838
962
1066
1165
1259
1321
1366
1388
1409
1410
1395
1353
1277
1175
1060
956
836
717
590
460
328
204
89
-15
-98
-181
-208
-230
-231
-212
-194
-154
-99
-60
-17
10
42
67
84
71
14
-44
-122
-198
-275
-372
-460
-540
-610
-693
-763
-865
-967
-1049
-1129
-1166
-1200
-1223
-1258
-1245
-1201
-1149
-1063
-973
-861
-744
-601
-452
-290
-126
19
172
296
412
515
608
685
699
712
723
724
703
660
614
553
506
434
353
269
189
98
13
-67
-127
-149
-165
-138
-93
-24
74
188
307
437
577
722
860
981
1087
1178
1276
1342
1396
1422
1434
1412
1379
1297
1201
1102
973
851
709
560
429
313
194
84
-12
-90
-165
-223
-272
-282
-274
-242
-191
-149
-95
-25
32
57
61
38
-2
-54
-112
-181
-235
-316
-385
-453
-539
-641
-754
-858
-951
-1015
-1098
-1164
-1231
-1304
-1324
-1335
-1314
-1264
-1194
-1081
-946
-784
-618
-424
-222
-28
179
368
549
716
852
917
974
1014
991
949
889
822
773
713
609
511
413
318
212
86
-29
-133
-222
-277
-305
-284
-217
-145
-29
99
244
414
591
750
883
996
1096
1215
1277
1303
1292
1264
1223
1171
1086
989
889
772
659
532
412
289
197
96
34
8
-22
-32
-53
-68
-50
-7
58
114
166
228
312
371
416
429
385
324
216
102
-35
-171
-348
-491
-660
-823
-937
-1061
-1174
-1295
-1375
-1443
-1461
-1513
-1553
-1547
-1503
-1415
-1345
-1244
-1125
-916
-687
-481
-252
-37
216
495
725
892
1022
1098
1130
1159
1117
1034
951
840
746
644
574
509
431
329
235
178
125
76
1
-63
-91
-58
22
110
236
376
567
770
934
1101
1232
1333
1390
1439
1424
1393
1314
1199
1067
899
757
588
447
292
182
83
36
-14
-41
-53
-26
20
83
165
231
298
335
380
428
473
513
546
515
485
444
413
337
246
112
-58
-234
-423
-601
-795
-978
-1159
-1292
-1440
-1511
-1597
-1633
-1689
-1729
-1741
-1725
-1667
-1582
-1510
-1453
-1385
-1270
-1119
-912
-669
-436
-196
36
338
633
880
991
1008
986
918
874
769
623
399
228
100
55
24
-26
-68
-93
-123
-121
-112
-106
-100
-83
-69
15
157
339
524
694
859
1021
1140
1227
1252
1242
1166
1075
932
781
602
454
271
87
-103
-264
-358
-452
-518
-584
-612
-606
-530
-435
-351
-243
-144
-12
97
196
262
291
264
257
261
235
177
84
-53
-189
-355
-530
-736
-958
-1142
-1286
-1408
-1542
-1682
-1779
-1821
-1855
-1835
-1807
-1787
-1763
-1694
-1606
-1550
-1520
-1463
-1381
-1245
-1109
-927
-706
-436
-158
120
418
690
925
1031
1026
965
867
741
584
399
217
129
98
113
126
91
75
101
140
171
183
200
229
284
352
473
643
827
1031
1189
1343
1461
1573
1587
1530
1404
1275
1138
948
751
560
394
254
126
-22
-138
-220
-260
-305
-323
-316
-271
-227
-164
-85
7
113
207
287
297
335
300
273
201
149
89
32
-75
-209
-354
-482
-594
-772
-938
-1136
-1303
-1441
-1553
-1655
-1678
-1717
-1660
-1634
-1609
-1633
-1607
-1621
-1640
-1654
-1674
-1601
-1547
-1441
-1283
-1027
-746
-444
-130
169
509
802
1003
1069
1039
972
872
762
614
470
355
294
286
235
176
156
137
104
72
83
92
131
143
215
353
552
773
1014
1236
1433
1614
1709
1734
1693
1615
1498
1336
1116
888
694
501
312
121
-54
-177
-279
-366
-433
-434
-414
-380
-311
-232
-114
-16
63
106
117
94
63
-10
-120
-217
-263
-293
-328
-419
-521
-592
-699
-811
-1007
-1173
-1358
-1473
-1606
-1751
-1853
-1976
-2013
-2039
-1977
-1957
-1926
-1950
-1911
-1869
-1835
-1791
-1728
-1637
-1394
-1051
-676
-260
182
606
934
1160
1220
1205
1083
893
690
502
342
259
242
248
298
360
419
460
457
424
430
431
472
537
648
826
1044
1254
1458
1682
1841
1966
1978
1943
1860
1731
1556
1371
1172
998
874
765
656
550
464
366
260
143
87
27
8
5
57
172
286
404
458
497
472
409
278
66
-155
-387
-575
-758
-860
-932
-948
-975
-991
-1003
-1061
-1136
-1245
-1430
-1630
-1825
-1977
-2047
-2074
-2053
-2009
-1927
-1944
-1925
-2023
-2125
-2191
-2182
-2124
-2027
-1785
-1457
-980
-447
54
428
597
744
787
699
442
191
-15
-199
-251
-232
-163
-122
-47
37
70
70
74
151
189
249
372
566
851
1108
1346
1507
1669
1796
1859
1862
1778
1671
1483
1247
1040
885
785
689
641
538
429
350
305
275
201
199
222
300
359
463
598
654
717
724
684
558
387
177
-58
-264
-443
-532
-667
-764
-864
-888
-970
-998
-1048
-1140
-1177
-1284
-1392
-1541
-1657
-1780
-1851
-1951
-2059
-2121
-2229
-2325
-2447
-2574
-2610
-2596
-2501
-2397
-2164
-1882
-1448
-994
-554
-128
149
294
313
316
213
52
-123
-289
-388
-378
-284
-236
-251
-299
-333
-382
-437
-478
-490
-454
-358
-156
139
494
864
1190
1430
1635
1793
1908
1908
1822
1688
1522
1357
1227
1104
1011
907
831
714
588
494
429
390
287
298
351
487
604
735
844
883
945
875
798
618
445
229
2
-229
-396
-446
-477
-502
-537
-597
-704
-769
-856
-914
-1017
-1175
-1326
-1477
-1563
-1641
-1744
-1895
-2067
-2194
-2332
-2421
-2540
-2650
-2738
-2737
-2577
-2229
-1734
-1180
-543
-128
85
165
131
-24
-344
-678
-971
-1097
-1113
-983
-803
-682
-586
-501
-413
-399
-454
-556
-667
-748
-773
-638
-337
55
429
745
1024
1244
1407
1406
1325
1160
1000
884
817
803
812
844
847
832
719
573
448
371
270
230
268
394
612
851
1107
1288
1418
1395
1331
1127
840
492
89
-252
-529
-632
-686
-622
-595
-580
-634
-757
-877
-1009
-1072
-1159
-1200
-1277
-1294
-1233
-1195
-1228
-1418
-1596
-1832
-2050
-2361
-2601
-2668
-2663
-2563
-2401
-1993
-1464
-848
-316
-48
-13
-112
-209
-417
-754
-1098
-1273
-1317
-1266
-1108
-936
-770
-687
-723
-817
-884
-915
-939
-971
-1012
-913
-666
-348
-72
142
290
418
527
518
474
425
405
347
289
281
438
633
697
673
527
368
200
73
-67
-152
-206
-106
84
301
550
809
992
1004
997
835
643
326
21
-286
-576
-713
-849
-814
-858
-751
-680
-707
-786
-979
-1050
-1211
-1209
-1296
-1291
-1359
-1446
-1461
-1650
-1784
-2048
-2205
-2375
-2437
-2354
-2274
-1948
-1575
-991
-416
53
256
193
67
-191
-502
-967
-1291
-1494
-1487
-1416
-1277
-1151
-1049
-959
-929
-921
-1034
-1078
-1131
-1099
-1054
-844
-503
-169
125
251
354
376
374
191
-24
-235
-365
-403
-339
-211
-44
135
224
231
102
-37
-206
-276
-366
-342
-245
-37
228
417
627
737
793
705
631
451
257
40
-187
-348
-506
-521
-545
-536
-559
-603
-673
-774
-859
-919
-950
-993
-1060
-1202
-1254
-1245
-1222
-1341
-1475
-1721
-1905
-2086
-2166
-2177
-2127
-1865
-1530
-885
-255
399
643
613
401
190
-103
-498
-882
-1248
-1381
-1361
-1129
-972
-844
-789
-728
-781
-838
-882
-874
-800
-737
-564
-265
214
598
837
880
790
653
410
132
-160
-379
-465
-419
-268
-31
218
417
483
452
302
186
56
-94
-226
-224
-26
262
607
911
1162
1264
1201
1054
792
491
118
-171
-401
-454
-454
-399
-406
-414
-381
-383
-382
-488
-569
-724
-862
-989
-1088
-1121
-1118
-1124
-1188
-1234
-1293
-1328
-1374
-1412
-1406
-1274
-913
-396
268
830
1168
1182
1106
921
663
245
-192
-577
-826
-879
-781
-651
-568
-462
-339
-195
-76
15
90
175
230
333
567
902
1232
1410
1430
1393
1321
1165
953
718
471
251
151
182
240
367
486
523
503
457
470
491
488
460
432
541
681
900
985
1048
1003
895
752
540
348
92
-100
-326
-425
-503
-463
-367
-356
-284
-250
-178
-264
-370
-607
-836
-1065
-1196
-1318
-1457
-1547
-1665
-1736
-1823
-1773
-1734
-1496
-1173
-704
-200
453
910
1018
816
534
352
109
-174
-443
-618
-677
-547
-360
-254
-268
-289
-368
-453
-552
-607
-647
-681
-595
-317
165
718
1113
1211
1112
995
771
486
176
-24
-106
-58
80
297
462
518
428
227
-68
-264
-412
-527
-600
-560
-299
53
422
654
779
769
606
288
-110
-502
-812
-1053
-1193
-1163
-1038
-884
-781
-869
-963
-1022
-1056
-1057
-1234
-1310
-1383
-1282
-1239
-1190
-1242
-1436
-1721
-2051
-2265
-2364
-2316
-2217
-1933
-1432
-573
367
964
996
644
217
-163
-555
-1016
-1418
-1603
-1478
-1093
-611
-238
-22
32
-57
-170
-344
-512
-697
-857
-927
-677
-99
556
1008
1142
1066
900
615
272
-116
-430
-580
-475
-191
173
521
692
675
524
228
-132
-471
-753
-865
-803
-481
-42
462
841
1140
1189
1045
649
148
-409
-930
-1286
-1497
-1416
-1291
-1139
-1065
-976
-928
-981
-1161
-1359
-1504
-1538
-1519
-1530
-1600
-1700
-1747
-1806
-1924
-2135
-2307
-2492
-2512
-2330
-1900
-1208
-368
439
818
775
560
225
-290
-931
-1552
-1921
-1950
-1677
-1279
-937
-666
-441
-243
-167
-206
-344
-537
-723
-804
-670
-305
229
669
874
874
817
708
380
-40
-411
-582
-532
-272
87
398
668
826
789
550
216
-139
-450
-704
-797
-652
-333
95
523
830
972
955
698
253
-269
-725
-1045
-1300
-1408
-1403
-1313
-1149
-977
-861
-903
-1031
-1142
-1218
-1347
-1478
-1609
-1784
-1825
-1913
-2067
-2317
-2520
-2526
-2525
-2386
-2168
-1737
-1068
-236
414
520
220
-96
-358
-776
-1262
-1722
-1977
-1902
-1530
-1079
-752
-554
-458
-464
-514
-556
-661
-840
-1016
-973
-656
-132
484
858
940
877
803
601
180
-265
-565
-654
-497
-151
235
514
726
833
762
536
290
65
-146
-205
-97
205
530
842
1060
1145
1126
995
622
77
-435
-778
-964
-1072
-1052
-1023
-909
-757
-536
-457
-536
-661
-835
-902
-908
-839
-899
-1039
-1121
-1323
-1556
-1827
-2041
-2247
-2333
-2121
-1524
-645
344
1020
1054
817
551
308
-192
-905
-1490
-1805
-1668
-1227
-843
-610
-477
-325
-224
-248
-347
-554
-833
-1030
-1016
-709
-198
343
695
768
814
839
622
164
-357
-682
-723
-584
-306
-78
131
346
436
380
93
-197
-465
-582
-535
-254
172
547
891
1162
1382
1392
1157
634
-44
-566
-933
-1136
-1268
-1266
-1154
-1010
-836
-670
-612
-676
-828
-949
-1060
-1046
-995
-976
-1053
-1235
-1296
-1443
-1579
-1736
-1831
-1724
-1325
-557
305
809
801
568
343
207
-118
-575
-1003
-1230
-1015
-555
-198
-96
-169
-215
-240
-333
-469
-730
-977
-1061
-963
-614
-93
465
759
767
767
739
477
-37
-525
-839
-891
-685
-358
-147
-37
70
79
-130
-533
-902
-1156
-1262
-1084
-715
-263
193
622
962
1116
1060
762
173
-478
-935
-1215
-1404
-1514
-1474
-1315
-1128
-916
-814
-850
-965
-1034
-1063
-1104
-1075
-1101
-1141
-1181
-1126
-1105
-1166
-1417
-1560
-1558
-1379
-1017
-578
-41
313
364
187
-19
-197
-462
-819
-1015
-959
-611
-108
217
320
303
262
165
-123
-459
-798
-994
-990
-821
-528
-76
498
892
894
693
501
198
-200
-585
-854
-945
-845
-568
-352
-248
-234
-285
-615
-1081
-1484
-1723
-1807
-1707
-1390
-983
-487
15
400
527
455
153
-418
-1088
-1574
-1902
-2145
-2272
-2255
-1997
-1862
-1671
-1562
-1690
-1871
-2082
-2215
-2369
-2402
-2245
-1971
-1861
-1760
-1678
-1672
-1648
-1673
-1526
-1287
-694
22
239
-29
-405
-605
-816
-1122
-1530
-1836
-1801
-1297
-689
-311
-180
-61
128
154
137
8
-265
-576
-757
-716
-475
-5
501
752
788
908
945
674
124
-349
-531
-479
-263
-98
-29
15
158
127
-257
-834
-1277
-1497
-1607
-1519
-1264
-927
-595
-175
140
264
235
-96
-697
-1318
-1710
-1840
-2009
-2143
-2182
-2101
-1946
-1836
-1862
-2177
-2485
-2631
-2742
-2865
-2823
-2662
-2510
-2407
-2333
-2086
-1945
-1814
-1593
-1427
-934
-307
170
59
-514
-835
-945
-1120
-1407
-1789
-1933
-1619
-1074
-564
-436
-476
-367
-289
-278
-355
-470
-600
-729
-612
-314
67
565
911
1036
1071
1113
1061
697
284
58
52
179
310
383
384
342
320
89
-373
-798
-1025
-1052
-905
-586
-286
0
199
412
487
347
33
-395
-762
-1129
-1273
-1387
-1454
-1471
-1392
-1369
-1377
-1393
-1485
-1603
-1950
-2076
-2229
-2247
-2257
-2379
-2353
-2409
-2312
-2187
-2145
-2011
-1742
-1343
-650
33
338
129
-398
-748
-1076
-1372
-1715
-2045
-1973
-1506
-799
-253
-95
-43
43
60
26
-200
-449
-675
-718
-575
-398
33
516
836
967
1040
1096
960
656
405
325
418
641
821
909
882
884
812
421
-108
-543
-759
-737
-501
-188
81
328
632
856
904
743
384
-83
-535
-763
-817
-950
-1104
-1141
-1091
-1047
-1014
-1067
-1317
-1558
-1725
-1842
-1879
-1900
-1942
-1904
-1915
-1851
-1718
-1699
-1606
-1488
-1150
-595
0
307
13
-459
-783
-1054
-1315
-1691
-2039
-1954
-1563
-1030
-667
-640
-645
-587
-480
-436
-497
-537
-603
-536
-298
-75
214
471
601
591
531
526
385
121
-50
18
295
657
926
1032
1022
985
827
370
-246
-699
-821
-671
-327
66
423
695
922
996
857
544
191
-137
-443
-503
-500
-500
-561
-562
-532
-597
-749
-984
-1258
-1537
-1657
-1698
-1668
-1657
-1552
-1459
-1390
-1372
-1410
-1508
-1528
-1312
-976
-453
141
577
491
11
-480
-835
-1202
-1653
-1968
-1975
-1575
-974
-479
-358
-395
-366
-375
-490
-696
-849
-955
-914
-705
-437
-129
216
513
546
414
285
173
-89
-329
-330
-60
390
809
1141
1261
1287
1161
807
171
-432
-726
-701
-483
-198
158
495
762
960
932
647
316
-29
-267
-399
-346
-312
-315
-394
-277
-317
-311
-577
-808
-1152
-1523
-1692
-1863
-1822
-1804
-1481
-1416
-1131
-1086
-871
-772
-621
-243
122
661
759
572
51
-308
-606
-898
-1256
-1488
-1400
-1071
-637
-516
-527
-650
-619
-524
-487
-455
-489
-382
-212
-6
154
346
491
525
420
263
170
-54
-284
-486
-461
-237
125
455
582
619
567
509
221
-150
-472
-522
-340
-34
224
356
394
441
408
202
-39
-391
-619
-721
-732
-621
-548
-523
-486
-592
-548
-622
-737
-944
-1311
-1469
-1646
-1680
-1729
-1845
-1899
-1883
-1850
-1685
-1536
-1308
-827
-323
362
824
881
615
69
-380
-776
-1155
-1438
-1546
-1370
-951
-538
-345
-448
-685
-744
-720
-693
-718
-695
-515
-231
117
423
632
725
724
549
318
76
-189
-456
-535
-385
-43
334
559
674
597
465
219
-126
-495
-634
-474
-99
358
642
880
906
863
679
353
0
-431
-636
-713
-487
-280
-128
-166
-179
-181
-249
-415
-770
-933
-1060
-1064
-1111
-1163
-1191
-1173
-1159
-1232
-1334
-1360
-1254
-1005
-615
-94
609
1110
1107
806
353
25
-267
-692
-994
-1133
-900
-470
-204
-212
-378
-482
-492
-535
-577
-574
-521
-287
5
321
660
916
1052
930
644
440
245
-29
-260
-243
1
365
633
780
695
517
302
49
-329
-602
-561
-317
112
522
925
1109
1091
980
813
531
145
-185
-495
-587
-506
-357
-326
-476
-493
-570
-566
-704
-879
-1049
-1292
-1244
-1202
-1051
-1010
-942
-1033
-1238
-1356
-1269
-1008
-828
-356
161
780
1074
920
495
-107
-456
-797
-955
-1043
-966
-648
-436
-285
-387
-592
-852
-1003
-1038
-955
-799
-624
-335
-84
304
635
876
892
635
390
142
-6
-185
-304
-268
-71
280
570
631
478
163
-205
-565
-913
-992
-863
-469
-4
472
865
1085
1082
918
660
365
158
-82
-45
-72
84
120
69
-24
-210
-225
-477
-632
-799
-871
-868
-857
-774
-629
-559
-512
-622
-897
-1137
-1101
-850
-485
-107
423
1043
1416
1390
863
343
-138
-508
-669
-755
-611
-361
-118
-5
-209
-468
-689
-810
-952
-1041
-963
-744
-453
-175
100
324
581
676
556
286
31
-135
-286
-298
-217
-6
232
469
555
428
82
-302
-688
-994
-1079
-932
-597
-249
140
434
620
629
514
319
105
-69
-58
-70
109
146
278
256
84
-96
-357
-507
-789
-884
-1010
-967
-928
-792
-738
-736
-698
-811
-927
-1106
-1124
-883
-579
-94
456
995
1370
1437
1155
566
54
-309
-496
-484
-381
-154
92
283
225
-43
-382
-577
-630
-707
-662
-512
-219
76
372
595
715
780
697
520
268
57
-54
-57
74
256
516
649
711
604
351
48
-353
-660
-848
-763
-429
-54
259
459
596
635
527
350
177
63
41
100
282
361
440
353
286
119
-49
-236
-417
-558
-655
-685
-737
-681
-691
-646
-718
-688
-759
-867
-1001
-949
-722
-304
203
703
1175
1416
1463
1208
740
287
1
-66
-46
118
315
467
505
347
112
-139
-294
-358
-355
-301
-126
110
369
557
695
779
790
754
624
444
321
276
294
375
536
718
878
877
724
432
119
-190
-404
-532
-550
-356
-126
110
212
204
109
28
-1
-66
-61
-29
157
347
432
435
285
121
-73
-209
-384
-545
-580
-639
-669
-726
-761
-832
-974
-1077
-1202
-1294
-1371
-1371
-1254
-1084
-778
-462
-128
150
381
426
256
-31
-276
-358
-359
-272
-183
-54
102
182
137
-45
-235
-310
-335
-342
-330
-255
-124
0
79
96
59
51
17
-29
-112
-160
-114
-23
86
222
380
491
513
423
272
112
-13
-64
-144
-177
-169
-122
-71
-44
-86
-213
-291
-314
-246
-204
-145
-73
31
135
149
137
53
-40
-104
-176
-248
-273
-333
-432
-558
-622
-706
-767
-832
-963
-1091
-1178
-1196
-1201
-1171
-1152
-1014
-851
-719
-612
-581
-580
-631
-689
-809
-852
-772
-636
-531
-449
-357
-277
-207
-208
-257
-310
-318
-259
-197
-195
-218
-263
-285
-301
-322
-352
-377
-374
-375
-377
-362
-293
-194
-27
103
194
263
277
307
316
290
266
252
244
232
220
169
146
153
190
231
294
352
410
421
382
338
323
335
350
364
352
308
285
222
132
8
-152
-251
-334
-384
-453
-525
-588
-594
-571
-562
-581
-684
-794
-875
-932
-997
-1118
-1143
-1145
-1121
-1154
-1196
-1246
-1287
-1247
-1169
-1074
-1020
-932
-827
-691
-552
-409
-288
-208
-98
-7
30
58
45
38
-8
26
103
123
139
145
200
254
323
401
463
506
543
602
645
671
695
700
662
633
635
630
645
659
685
719
751
770
774
751
704
694
661
617
637
653
661
626
554
424
277
125
-1
-94
-218
-300
-355
-394
-381
-328
-302
-287
-325
-446
-576
-685
-805
-979
-1127
-1229
-1248
-1206
-1104
-986
-952
-1044
-1156
-1194
-1143
-1006
-845
-709
-571
-374
-151
2
49
-9
-97
-106
-4
132
145
128
161
233
264
266
330
385
470
558
610
606
626
730
772
747
729
743
792
837
839
788
745
788
867
911
925
943
984
984
954
883
809
765
783
828
843
843
846
855
793
652
487
295
141
20
-35
-53
-65
-65
-62
-89
-205
-314
-411
-535
-642
-758
-888
-1009
-1071
-1159
-1299
-1434
-1503
-1499
-1496
-1489
-1475
-1452
-1493
-1566
-1568
-1550
-1449
-1235
-1042
-905
-808
-699
-614
-606
-644
-722
-713
-590
-345
-132
-72
-47
28
107
128
184
266
316
407
510
539
507
483
512
534
508
526
608
721
791
826
794
726
765
832
871
870
903
964
1001
1000
940
912
872
841
805
730
641
588
582
498
415
338
259
242
210
202
164
79
7
-55
-152
-289
-402
-481
-537
-549
-574
-652
-774
-889
-1010
-1139
-1291
-1388
-1400
-1337
-1212
-1114
-1032
-1027
-1091
-1200
-1307
-1318
-1210
-1058
-917
-789
-679
-558
-427
-367
-357
-370
-279
-62
179
358
435
509
570
630
654
651
692
737
784
836
861
872
870
889
916
943
984
1021
1068
1100
1106
1104
1109
1132
1195
1257
1292
1302
1263
1184
1087
983
908
867
847
852
863
868
862
812
701
555
415
312
215
161
112
75
-9
-87
-117
-210
-326
-525
-664
-748
-812
-866
-949
-1012
-1101
-1136
-1192
-1307
-1419
-1490
-1498
-1500
-1493
-1490
-1457
-1438
-1461
-1499
-1518
-1471
-1348
-1172
-1019
-892
-763
-654
-543
-440
-366
-329
-240
-47
172
298
355
388
433
493
513
547
575
605
648
681
680
676
708
790
862
903
925
948
979
990
963
882
826
843
887
934
959
968
956
947
928
869
777
698
658
628
575
491
437
385
312
186
26
-82
-191
-295
-373
-460
-547
-618
-677
-700
-765
-845
-931
-1024
-1094
-1178
-1240
-1323
-1429
-1532
-1611
-1670
-1744
-1815
-1842
-1834
-1789
-1750
-1735
-1710
-1679
-1680
-1674
-1650
-1555
-1376
-1172
-968
-843
-776
-710
-589
-412
-304
-240
-138
-6
156
261
326
359
343
378
469
573
654
677
674
685
686
674
656
683
731
758
770
768
770
798
835
870
896
897
942
993
997
930
826
768
731
685
635
562
509
475
429
350
238
122
39
-26
-99
-165
-241
-297
-331
-388
-469
-523
-571
-611
-669
-773
-878
-932
-968
-1036
-1138
-1239
-1306
-1358
-1415
-1520
-1645
-1756
-1806
-1781
-1725
-1698
-1686
-1624
-1506
-1396
-1397
-1380
-1324
-1236
-1105
-993
-877
-798
-700
-578
-472
-386
-306
-208
-99
22
129
202
252
327
412
452
535
635
686
692
679
706
738
802
915
1036
1102
1139
1181
1201
1179
1115
1080
1068
1091
1117
1135
1082
969
871
772
707
620
548
508
511
518
480
413
320
267
219
160
108
44
-16
-81
-119
-178
-258
-348
-409
-445
-483
-532
-646
-775
-922
-1039
-1114
-1178
-1217
-1252
-1267
-1286
-1319
-1384
-1470
-1519
-1564
-1577
-1540
-1475
-1395
-1346
-1317
-1317
-1342
-1360
-1321
-1252
-1176
-1060
-933
-841
-783
-735
-668
-561
-454
-370
-264
-160
-51
65
152
198
261
360
477
610
718
746
730
732
747
790
827
869
939
961
965
964
941
903
849
822
809
823
846
879
867
793
709
644
573
537
529
528
510
484
444
380
324
246
201
144
81
23
-70
-165
-274
-367
-482
-595
-609
-588
-592
-608
-636
-728
-812
-846
-867
-881
-922
-966
-978
-990
-1061
-1134
-1230
-1340
-1388
-1405
-1432
-1413
-1373
-1371
-1402
-1432
-1447
-1450
-1413
-1367
-1248
-1118
-1026
-916
-788
-700
-621
-512
-380
-244
-109
30
136
233
308
374
423
457
525
630
720
791
821
811
785
792
850
926
1008
1105
1167
1169
1172
1158
1123
1087
1100
1142
1174
1196
1215
1228
1182
1116
1061
989
924
890
882
843
768
693
620
541
481
434
389
361
322
288
217
151
81
0
-51
-62
-31
-23
-46
-69
-131
-205
-267
-297
-341
-421
-482
-529
-588
-673
-740
-838
-966
-1026
-1009
-1005
-1057
-1068
-1076
-1090
-1081
-1067
-1043
-1051
-1035
-980
-908
-856
-821
-764
-734
-689
-617
-527
-396
-238
-113
-11
96
220
349
416
440
491
575
680
801
891
919
906
908
936
953
974
1041
1127
1163
1144
1136
1122
1102
1097
1101
1100
1082
1103
1121
1081
1018
950
896
851
835
837
852
860
818
768
693
641
607
582
563
554
572
551
486
396
288
158
43
4
-14
-23
-36
-72
-108
-214
-306
-387
-445
-472
-489
-491
-514
-589
-678
-772
-881
-982
-1096
-1194
-1244
-1292
-1341
-1392
-1414
-1432
-1464
-1488
-1487
-1427
-1386
-1311
-1224
-1154
-1090
-1003
-897
-806
-692
-587
-446
-297
-179
-62
42
147
214
268
325
418
546
698
822
899
949
975
1025
1065
1111
1165
1251
1359
1431
1439
1443
1455
1456
1448
1451
1501
1542
1588
1629
1640
1624
1593
1571
1539
1493
1462
1415
1372
1330
1280
1206
1111
1058
1017
992
954
887
835
760
704
673
605
543
478
414
370
309
232
141
24
-73
-157
-241
-298
-361
-446
-559
-626
-676
-774
-895
-1024
-1139
-1231
-1293
-1325
-1364
-1406
-1411
-1403
-1406
-1428
-1462
-1478
-1463
-1433
-1351
-1241
-1119
-998
-897
-817
-749
-654
-539
-408
-277
-134
-1
146
273
363
419
479
561
649
776
900
1019
1115
1153
1182
1237
1313
1401
1519
1628
1698
1731
1746
1748
1734
1730
1724
1748
1790
1841
1879
1860
1791
1706
1623
1569
1545
1529
1505
1451
1395
1325
1234
1100
981
874
783
729
687
626
536
419
310
209
112
23
-83
-175
-247
-279
-340
-465
-609
-733
-832
-924
-1000
-1080
-1140
-1208
-1309
-1363
-1419
-1478
-1590
-1693
-1755
-1786
-1777
-1784
-1807
-1859
-1902
-1897
-1852
-1820
-1823
-1818
-1777
-1697
-1589
-1475
-1362
-1237
-1104
-998
-872
-746
-597
-413
-270
-126
32
182
339
489
613
695
784
912
1041
1159
1253
1309
1376
1415
1466
1582
1637
1700
1768
1807
1806
1776
1780
1773
1754
1738
1750
1763
1759
1732
1671
1558
1428
1303
1188
1109
1032
948
869
750
642
513
360
230
111
15
-89
-186
-272
-377
-484
-604
-691
-760
-834
-880
-911
-952
-995
-1069
-1169
-1265
-1351
-1390
-1410
-1443
-1505
-1618
-1729
-1810
-1863
-1906
-1999
-2051
-2081
-2100
-2092
-2108
-2142
-2214
-2266
-2259
-2198
-2126
-2028
-1936
-1855
-1787
-1710
-1620
-1523
-1393
-1238
-1056
-862
-694
-542
-389
-272
-151
-24
115
268
454
618
748
848
931
1029
1132
1248
1370
1487
1591
1685
1739
1752
1757
1808
1834
1843
1876
1907
1932
1918
1875
1805
1704
1621
1548
1477
1404
1301
1202
1109
1011
910
809
712
612
517
434
347
274
225
148
78
-9
-94
-171
-246
-321
-380
-463
-549
-574
-617
-660
-704
-755
-810
-855
-901
-936
-961
-1006
-1037
-1078
-1093
-1118
-1129
-1112
-1127
-1106
-1110
-1102
-1087
-1097
-1086
-1098
-1094
-1091
-1088
-1076
-1079
-1079
-1081
-1049
-1028
-956
-863
-795
-715
-661
-566
-466
-321
-177
-61
72
190
344
478
591
733
873
1014
1167
1302
1421
1512
1565
1604
1620
1657
1720
1802
1865
1904
1914
1889
1849
1824
1795
1765
1736
1729
1732
1685
1604
1517
1453
1377
1307
1234
1164
1082
1005
913
801
676
567
491
421
368
315
245
152
70
-5
-82
-165
-236
-264
-292
-333
-338
-371
-414
-454
-458
-465
-474
-471
-470
-465
-474
-489
-498
-510
-518
-494
-478
-519
-527
-526
-530
-497
-510
-517
-534
-542
-507
-488
-496
-541
-547
-515
-471
-457
-466
-482
-479
-431
-369
-318
-310
-298
-238
-160
-68
19
93
197
321
450
549
641
733
800
870
965
1071
1170
1280
1368
1433
1459
1476
1500
1539
1574
1609
1652
1683
1668
1627
1556
1487
1455
1430
1437
1466
1457
1421
1368
1287
1217
1144
1096
1066
1053
1026
981
924
835
748
673
614
588
576
581
595
580
536
466
387
317
293
279
260
266
288
277
233
203
184
168
166
176
181
183
173
148
129
95
69
63
58
58
39
31
-5
-58
-136
-202
-228
-230
-216
-189
-202
-257
-308
-374
-450
-498
-537
-555
-577
-589
-570
-547
-524
-535
-550
-542
-499
-417
-331
-255
-183
-68
33
94
159
192
253
338
438
550
648
758
864
948
993
1001
1027
1057
1088
1144
1177
1192
1228
1253
1256
1228
1206
1202
1202
1207
1221
1213
1205
1183
1140
1103
1061
1049
1062
1052
1025
985
901
824
755
710
661
626
619
637
645
601
538
478
401
340
307
281
285
300
303
304
265
206
175
124
89
63
40
14
-16
-36
-106
-160
-208
-265
-280
-279
-315
-334
-402
-485
-523
-564
-591
-609
-635
-643
-642
-679
-742
-799
-832
-872
-890
-889
-907
-916
-912
-909
-903
-916
-923
-901
-845
-751
-667
-584
-494
-399
-291
-158
-38
57
129
212
306
427
556
666
773
878
965
1004
1051
1095
1110
1137
1183
1211
1249
1282
1287
1276
1257
1207
1182
1167
1160
1165
1160
1148
1106
1047
996
948
907
888
855
818
780
735
665
583
497
423
355
284
234
215
179
94
18
-80
-166
-223
-273
-294
-337
-377
-420
-488
-542
-603
-652
-691
-723
-721
-715
-722
-752
-786
-816
-850
-882
-910
-909
-912
-908
-945
-997
-1008
-1030
-1051
-1068
-1084
-1088
-1074
-1074
-1105
-1118
-1159
-1167
-1142
-1140
-1147
-1149
-1132
-1114
-1075
-1047
-1043
-1009
-962
-891
-800
-771
-740
-673
-572
-475
-375
-262
-156
-46
46
128
213
303
390
489
557
623
697
752
788
810
821
825
837
845
850
820
784
755
706
643
556
520
497
456
421
367
315
260
203
148
93
46
1
-18
-58
-131
-181
-250
-297
-322
-365
-411
-463
-507
-523
-551
-620
-668
-711
-749
-799
-837
-848
-834
-816
-830
-850
-873
-883
-869
-863
-859
-840
-820
-790
-791
-777
-772
-752
-717
-702
-670
-693
-698
-684
-677
-668
-679
-691
-694
-661
-645
-641
-655
-666
-696
-700
-709
-737
-733
-731
-728
-737
-737
-745
-756
-740
-711
-662
-627
-595
-561
-538
-515
-464
-416
-360
-292
-247
-196
-142
-101
-63
-20
12
32
48
78
120
154
148
119
79
57
54
65
67
59
70
54
3
-48
-114
-158
-172
-209
-234
-253
-279
-288
-321
-364
-400
-434
-435
-448
-461
-474
-495
-532
-578
-583
-599
-615
-629
-624
-633
-638
-641
-632
-649
-691
-704
-710
-698
-694
-676
-647
-636
-627
-615
-614
-596
-593
-566
-557
-522
-488
-484
-461
-460
-443
-428
-381
-370
-383
-376
-385
-400
-426
-457
-474
-494
-526
-518
-507
-516
-558
-616
-673
-706
-707
-714
-715
-734
-769
-772
-781
-795
-793
-800
-780
-754
-743
-756
-757
-739
-721
-728
-723
-669
-590
-509
-480
-470
-466
-449
-409
-362
-301
-259
-209
-161
-128
-119
-113
-84
-65
-52
-46
-30
-7
13
36
22
-2
-33
-46
-32
-13
-7
-18
-42
-68
-75
-81
-83
-95
-81
-76
-61
-59
-71
-87
-100
-102
-112
-123
-117
-124
-142
-159
-173
-187
-177
-166
-181
-184
-192
-175
-166
-178
-181
-180
-170
-172
-169
-175
-185
-174
-167
-168
-173
-166
-163
-181
-201
-225
-245
-277
-312
-330
-357
-378
-404
-415
-431
-463
-490
-541
-604
-661
-674
-701
-719
-757
-815
-852
-876
-890
-905
-918
-957
-990
-1005
-998
-989
-1007
-1031
-1033
-1021
-1010
-994
-971
-954
-940
-941
-934
-887
-845
-812
-770
-725
-675
-613
-566
-520
-476
-444
-404
-383
-367
-324
-276
-231
-191
-168
-154
-148
-141
-123
-94
-77
-58
-31
19
55
72
83
87
114
139
172
212
209
236
260
281
324
365
392
391
415
439
458
479
490
501
503
511
519
551
564
557
557
551
538
518
501
501
488
486
465
463
463
431
416
404
398
373
344
320
316
309
267
234
200
180
161
119
67
0
-38
-59
-101
-163
-205
-269
-324
-378
-445
-516
-572
-599
-637
-695
-748
-820
-897
-960
-1014
-1056
-1098
-1093
-1083
-1089
-1096
-1094
-1095
-1073
-1047
-997
-941
-890
-834
-777
-719
-664
-597
-542
-483
-426
-363
-304
-236
-176
-138
-87
-29
43
124
205
280
325
380
422
470
514
555
607
668
745
786
839
873
918
958
1000
1048
1078
1110
1126
1136
1150
1166
1181
1203
1198
1174
1168
1135
1087
1065
1039
1035
1030
1011
995
961
913
875
833
792
770
739
713
673
634
594
533
475
399
361
339
283
263
216
178
125
45
-16
-87
-122
-143
-207
-286
-362
-450
-505
-554
-616
-654
-690
-714
-759
-825
-895
-957
-977
-1008
-1025
-1018
-1013
-990
-1000
-1012
-1042
-1033
-1000
-955
-876
-827
-792
-767
-734
-699
-647
-572
-464
-337
-230
-142
-77
-13
43
114
207
294
409
530
641
726
789
828
880
944
1018
1097
1177
1242
1295
1327
1355
1368
1394
1425
1453
1503
1535
1555
1563
1554
1549
1540
1540
1548
1549
1544
1509
1480
1425
1356
1310
1268
1214
1172
1125
1062
994
919
840
758
702
634
558
499
444
394
347
277
200
138
80
39
-11
-70
-112
-130
-151
-178
-220
-291
-335
-369
-383
-382
-414
-444
-455
-472
-495
-506
-546
-582
-598
-614
-610
-608
-618
-643
-659
-680
-692
-676
-684
-661
-646
-639
-609
-582
-561
-541
-487
-468
-441
-408
-393
-345
-279
-245
-211
-164
-109
-45
39
113
181
263
342
433
515
594
685
769
845
913
985
1074
1145
1224
1266
1314
1377
1439
1508
1538
1569
1594
1612
1617
1623
1615
1612
1611
1614
1643
1665
1659
1628
1598
1565
1535
1511
1477
1449
1431
1382
1322
1255
1200
1149
1092
1037
977
923
869
816
750
692
632
580
529
483
442
393
345
292
259
202
144
125
114
105
99
87
67
54
23
-10
-28
-63
-46
-38
-29
-14
-33
-54
-65
-44
-53
-76
-69
-87
-92
-78
-100
-119
-120
-130
-125
-122
-149
-170
-180
-194
-215
-220
-223
-228
-202
-191
-172
-136
-142
-129
-107
-91
-53
-5
27
61
127
189
256
321
394
458
491
521
602
682
756
821
873
923
962
1011
1052
1109
1144
1195
1225
1261
1283
1306
1336
1345
1344
1338
1343
1342
1343
1330
1315
1313
1311
1292
1244
1189
1137
1085
1071
1048
1029
1010
963
908
853
800
739
680
646
621
572
531
481
432
372
300
257
234
235
236
234
219
173
132
90
46
49
61
76
91
87
84
70
45
24
8
-10
6
12
19
21
7
4
-8
-17
-46
-46
-10
14
20
-3
-9
-23
-40
-38
-38
-16
10
44
56
52
33
-3
-18
-18
-14
4
48
89
123
140
135
145
162
190
249
325
387
436
501
557
597
628
657
695
758
822
880
931
959
985
1025
1056
1091
1100
1119
1160
1185
1198
1207
1211
1205
1204
1210
1209
1190
1186
1175
1144
1125
1093
1064
1021
968
938
902
867
829
789
736
688
650
602
546
493
443
402
381
344
314
285
234
207
174
141
103
88
85
82
71
50
60
52
56
48
41
43
44
61
80
82
82
81
90
84
85
101
104
118
142
143
137
127
110
115
139
168
180
192
200
189
174
148
145
144
155
195
221
214
192
203
183
178
181
183
215
262
286
285
296
293
303
335
366
418
473
525
573
616
640
673
728
767
816
860
904
951
997
1030
1031
1048
1087
1110
1141
1170
1186
1192
1209
1221
1232
1243
1252
1267
1263
1267
1279
1276
1259
1218
1186
1161
1153
1154
1141
1145
1135
1111
1063
1019
1009
993
981
952
930
885
834
783
734
706
678
671
664
652
631
615
585
555
544
537
526
509
506
509
500
503
485
467
451
458
464
474
486
478
465
460
454
440
440
426
418
399
375
380
377
364
349
302
250
231
238
223
220
235
232
230
216
173
149
148
126
121
150
174
192
224
229
254
269
261
274
304
339
371
406
424
440
467
465
487
538
586
626
669
705
731
773
792
815
827
870
921
972
1017
1038
1056
1060
1065
1080
1099
1121
1143
1159
1185
1195
1201
1176
1164
1152
1149
1133
1127
1115
1091
1082
1037
986
954
923
898
883
869
845
822
792
763
739
700
665
649
631
602
582
552
525
488
450
425
411
407
391
373
345
317
294
289
279
271
253
232
222
199
202
192
179
173
160
157
164
168
156
146
153
177
193
196
203
181
157
149
138
140
149
157
160
164
172
180
188
193
198
221
257
277
299
310
331
343
372
416
476
521
556
602
642
686
693
725
762
823
883
925
956
972
999
1023
1046
1079
1101
1128
1159
1191
1215
1229
1233
1220
1216
1210
1215
1205
1204
1191
1174
1160
1135
1095
1069
1032
1009
982
963
916
847
810
761
720
666
620
567
540
507
463
414
364
307
261
218
179
157
132
96
55
19
-26
-73
-100
-130
-165
-161
-178
-195
-214
-243
-261
-275
-275
-273
-278
-278
-283
-296
-300
-306
-303
-305
-314
-317
-301
-291
-277
-273
-290
-278
-258
-250
-241
-233
-234
-222
-207
-189
-174
-163
-149
-134
-94
-64
-53
-32
-26
-16
0
27
58
101
161
197
220
245
273
296
333
370
407
431
463
507
544
551
542
552
575
591
597
627
648
655
651
657
652
659
676
682
678
654
639
601
570
542
497
484
487
476
455
439
412
382
342
301
262
217
185
156
113
72
26
-3
-32
-59
-93
-127
-158
-176
-190
-205
-227
-257
-279
-285
-278
-289
-278
-290
-298
-296
-295
-280
-279
-269
-250
-260
-247
-227
-244
-252
-259
-274
-280
-276
-252
-246
-246
-239
-244
-247
-257
-280
-271
-243
-217
-193
-190
-173
-159
-157
-145
-123
-106
-85
-71
-41
-2
40
63
71
88
106
113
119
144
163
176
202
193
176
160
171
197
217
228
236
249
254
251
268
283
276
286
288
300
315
321
335
334
334
330
318
324
319
325
315
289
281
261
254
234
207
177
158
146
125
104
59
18
-20
-27
-45
-68
-86
-110
-120
-139
-155
-186
-215
-230
-239
-267
-309
-319
-322
-319
-313
-335
-359
-373
-359
-360
-370
-373
-376
-352
-328
-300
-299
-287
-276
-273
-245
-218
-187
-170
-149
-128
-104
-96
-82
-53
-47
-33
-28
-22
5
20
28
36
33
36
37
38
42
41
30
27
49
63
56
50
44
55
69
83
94
103
128
133
150
165
161
159
141
134
127
144
146
143
136
116
119
124
131
121
121
106
115
122
107
103
97
95
75
60
37
18
-3
-20
-26
-39
-44
-42
-36
-63
-89
-113
-143
-165
-198
-227
-241
-239
-257
-275
-285
-291
-307
-322
-331
-334
-336
-340
-341
-342
-344
-354
-366
-362
-355
-351
-350
-356
-367
-362
-358
-357
-344
-343
-328
-324
-328
-327
-334
-332
-316
-301
-289
-264
-259
-257
-237
-229
-234
-238
-230
-208
-196
-184
-173
-166
-167
-170
-177
-195
-195
-200
-184
-170
-179
-182
-186
-182
-184
-178
-177
-180
-175
-182
-181
-169
-175
-189
-197
-203
-200
-187
-171
-171
-174
-174
-167
-156
-150
-162
-173
-173
-172
-153
-166
-183
-180
-194
-201
-186
-166
-135
-124
-137
-126
-122
-129
-122
-104
-99
-96
-94
-94
-101
-110
-115
-107
-104
-109
-97
-86
-65
-50
-56
-62
-82
-88
-68
-42
-25
-36
-29
-23
-22
-9
-12
-1
17
21
24
36
37
30
40
54
47
69
86
104
103
100
109
108
123
115
106
90
93
89
87
69
55
59
54
46
46
28
18
2
-11
-14
-11
6
0
-4
-3
4
21
14
-7
-16
-26
-30
-25
-10
-2
13
43
59
65
54
31
24
24
31
31
27
20
0
-9
-29
-41
-38
-31
-25
-22
-26
-40
-43
-43
-41
-30
-39
-35
-19
5
14
18
18
11
17
8
8
-2
7
11
7
24
28
31
28
23
26
4
-2
-4
-9
-15
-13
-18
-22
-23
-35
-38
-61
-61
-63
-72
-66
-63
-81
-101
-114
-128
-123
-122
-113
-102
-100
-93
-118
-141
-146
-149
-144
-135
-140
-140
-133
-132
-132
-135
-117
-107
-88
-73
-59
-39
-40
-32
-33
-22
-9
7
23
35
46
56
64
53
62
59
60
68
94
109
105
123
155
163
155
154
163
182
208
213
239
253
262
277
270
267
281
296
307
326
318
325
325
324
316
307
294
283
283
283
295
286
283
276
282
285
289
295
291
297
291
275
250
237
226
228
217
211
213
203
203
178
152
133
111
99
82
70
68
73
85
75
69
52
47
49
32
24
29
27
33
35
25
7
-8
-14
-17
-22
-20
-26
-40
-32
-21
-3
4
13
7
14
20
10
14
23
38
41
55
79
74
70
71
72
86
86
97
108
120
117
113
108
113
120
133
158
173
163
165
170
175
180
182
169
168
188
203
229
248
253
245
248
251
246
237
243
254
259
285
287
285
277
266
268
274
282
280
275
266
264
262
266
266
253
246
245
238
231
217
207
210
177
144
121
109
108
108
102
92
66
37
25
22
14
1
-14
-27
-29
-44
-60
-75
-86
-109
-106
-83
-73
-75
-81
-89
-101
-102
-107
-120
-126
-133
-133
-126
-135
-116
-118
-119
-124
-122
-105
-116
-109
-107
-116
-111
-106
-108
-103
-97
-94
-80
-87
-90
-94
-96
-97
-119
-127
-142
-145
-145
-141
-137
-124
-123
-116
-121
-112
-98
-96
-89
-83
-75
-62
-41
-32
-19
-5
2
3
-9
-40
-42
-31
-12
-9
-14
-29
-55
-52
-50
-47
-41
-43
-51
-55
-59
-68
-92
-104
-116
-106
-104
-106
-105
-92
-69
-68
-59
-87
-111
-108
-104
-101
-93
-82
-85
-81
-85
-107
-126
-117
-109
-115
-111
-129
-135
-135
-159
-177
-198
-189
-173
-145
-120
-120
-112
-125
-111
-112
-130
-121
-106
-89
-73
-58
-51
-46
-45
-56
-55
-67
-68
-47
-37
-31
-29
-41
-47
-46
-41
-20
-2
21
32
39
51
66
81
116
136
148
164
180
202
220
230
221
223
211
221
214
213
211
219
236
238
243
242
246
256
266
270
282
303
323
334
346
350
359
368
369
378
394
389
386
381
358
357
347
336
328
326
322
318
319
302
299
294
285
279
274
292
292
289
279
268
256
252
243
235
222
221
211
173
142
140
151
147
138
107
84
67
49
49
47
48
47
47
37
25
28
27
18
18
10
21
51
62
59
55
51
45
52
60
84
88
94
112
129
135
139
141
169
189
196
209
210
226
227
225
225
248
273
297
327
338
348
356
349
357
357
346
355
372
372
382
391
385
383
383
374
368
377
377
399
405
404
406
402
406
404
398
389
404
418
423
412
414
418
417
440
439
427
418
404
395
385
368
345
322
296
272
265
265
265
265
272
264
232
212
200
204
211
205
197
171
139
117
102
87
79
87
87
77
66
41
29
19
23
26
16
24
28
36
35
33
24
29
42
55
76
92
118
141
139
136
140
161
198
210
228
258
264
275
266
275
284
298
314
311
323
317
315
319
325
322
326
334
340
343
351
349
332
301
291
277
293
311
326
334
323
333
328
307
295
305
305
306
309
307
322
319
325
303
292
282
271
264
261
270
249
245
236
226
216
203
200
183
163
155
142
123
118
117
116
108
95
92
110
121
113
109
111
83
85
88
86
74
74
70
69
77
71
67
53
51
55
55
62
63
43
40
24
19
17
28
29
30
52
82
87
94
95
97
109
110
106
107
108
117
127
131
140
145
156
150
143
142
132
145
143
145
172
194
202
180
174
169
176
173
203
222
241
260
259
252
251
262
273
298
316
331
338
355
327
324
313
304
321
333
351
347
349
319
306
299
313
330
337
351
359
357
346
337
325
315
312
318
310
297
287
278
255
233
221
221
214
205
214
204
199
178
160
154
152
153
143
143
142
137
113
96
81
70
62
62
69
60
61
45
27
8
-4
-13
-20
-28
-38
-48
-63
-75
-85
-81
-83
-95
-99
-111
-119
-124
-129
-126
-119
-113
-114
-125
-137
-143
-151
-154
-152
-162
-162
-158
-148
-141
-144
-150
-150
-153
-154
-153
-149
-151
-150
-147
-146
-134
-120
-110
-99
-93
-87
-79
-66
-57
-58
-50
-53
-46
-35
-50
-58
-40
-39
-45
-44
-39
-25
-18
5
6
4
5
19
36
39
45
52
53
57
65
62
55
39
40
42
70
82
83
91
92
91
94
89
80
82
82
73
73
96
100
106
142
133
126
139
138
140
127
113
119
133
153
153
138
134
127
123
108
112
123
131
140
143
161
163
169
162
142
134
139
135
148
164
145
154
155
148
147
136
136
124
126
133
129
115
129
154
159
173
181
184
190
187
199
207
193
186
178
182
192
180
174
173
182
189
184
183
174
158
133
121
110
105
120
128
132
130
148
160
169
179
182
178
191
216
224
239
249
272
299
309
319
319
313
313
324
343
351
340
336
335
334
338
330
320
305
291
287
273
266
254
247
254
257
261
269
286
292
296
292
274
263
268
278
278
285
285
286
267
250
234
230
256
260
269
262
254
237
216
195
178
168
175
194
198
190
185
172
162
157
155
152
142
140
136
125
140
138
134
144
129
115
98
87
82
86
87
90
108
114
114
130
140
138
144
149
150
171
204
208
215
228
236
247
259
272
291
303
306
319
313
324
321
327
333
337
349
341
338
320
313
315
313
329
353
360
364
366
361
355
348
341
334
336
329
328
324
315
312
299
285
269
257
255
248
240
245
243
244
238
227
218
214
208
209
212
213
205
192
181
164
157
162
162
169
169
162
148
130
121
109
98
72
46
48
60
54
49
44
21
4
-19
-35
-30
-22
-6
-4
-1
-8
-11
-28
-36
-41
-31
-25
-24
-12
-12
-20
-21
-1
-2
11
41
58
63
63
52
44
41
68
86
94
119
126
138
155
156
153
155
160
164
169
176
175
170
168
156
152
164
158
165
177
172
161
145
133
145
158
156
150
158
176
183
184
189
179
166
165
173
171
186
205
198
185
159
154
141
147
156
157
168
170
175
164
164
166
169
174
172
184
197
196
184
161
131
117
111
113
128
142
148
146
141
135
130
150
162
179
185
190
178
171
152
158
167
157
172
187
196
200
194
183
177
189
211
217
214
213
214
214
211
217
216
220
240
253
254
259
237
204
196
197
203
214
225
225
218
203
180
172
146
129
125
118
103
94
96
92
105
95
79
78
72
67
62
51
49
44
38
50
62
75
89
81
60
32
20
5
13
25
14
13
1
-2
-14
-23
-42
-58
-59
-63
-64
-68
-82
-91
-115
-130
-124
-137
-140
-144
-153
-153
-153
-162
-165
-163
-154
-163
-166
-141
-138
-136
-137
-146
-159
-155
-164
-165
-151
-138
-136
-140
-149
-161
-153
-137
-133
-130
-122
-107
-94
-89
-81
-90
-87
-87
-76
-74
-82
-71
-68
-65
-52
-51
-52
-48
-57
-72
-78
-91
-105
-105
-94
-84
-77
-71
-70
-65
-62
-66
-63
-57
-50
-41
-31
-26
-16
-8
4
17
37
40
25
34
45
61
62
73
90
89
86
96
100
100
92
83
91
95
107
118
118
96
81
86
80
76
101
92
83
83
67
66
64
49
35
24
21
29
14
9
-7
-10
-8
-3
3
-3
-6
-15
-6
-3
-12
-28
-36
-45
-48
-36
-45
-54
-61
-74
-69
-65
-66
-73
-84
-90
-95
-104
-122
-133
-144
-139
-143
-144
-146
-163
-176
-183
-198
-222
-217
-213
-214
-211
-212
-229
-246
-257
-269
-282
-301
-314
-316
-311
-306
-316
-316
-328
-320
-328
-341
-341
-351
-344
-351
-339
-340
-347
-349
-359
-359
-350
-354
-348
-339
-339
-345
-338
-340
-345
-337
-340
-335
-344
-346
-359
-348
-341
-336
-332
-334
-327
-323
-310
-304
-293
-296
-306
-306
-311
-297
-293
-279
-260
-255
-264
-274
-268
-270
-278
-287
-289
-290
-287
-293
-302
-307
-331
-335
-335
-327
-315
-310
-307
-317
-330
-342
-350
-347
-335
-324
-327
-333
-328
-325
-333
-340
-342
-344
-341
-329
-330
-332
-320
-320
-322
-329
-333
-339
-342
-331
-319
-315
-309
-325
-321
-306
-311
-312
-303
-299
-308
-313
-326
-328
-335
-338
-331
-335
-345
-344
-339
-348
-352
-352
-366
-358
-359
-354
-349
-351
-356
-363
-372
-375
-373
-378
-372
-378
-393
-390
-396
-398
-395
-388
-388
-388
-389
-383
-364
-370
-371
-369
-359
-366
-350
-339
-325
-292
-285
-292
-296
-311
-332
-334
-342
-345
-354
-354
-370
-380
-387
-398
-402
-403
-400
-413
-400
-399
-399
-404
-409
-409
-427
-435
-435
-427
-404
-386
-375
-371
-380
-393
-408
-414
-408
-389
-378
-365
-373
-367
-372
-391
-396
-399
-388
-374
-362
-356
-347
-349
-354
-360
-350
-334
-319
-287
-264
-238
-243
-254
-278
-292
-290
-285
-255
-240
-236
-234
-239
-252
-263
-278
-283
-279
-271
-260
-269
-273
-281
-301
-308
-310
-285
-264
-258
-255
-249
-242
-245
-242
-234
-206
-169
-148
-137
-137
-145
-143
-144
-137
-137
-132
-132
-128
-134
-134
-127
-135
-141
-136
-125
-120
-115
-115
-115
-113
-100
-106
-115
-106
-97
-98
-112
-122
-143
-158
-148
-147
-145
-141
-143
-154
-177
-200
-212
-231
-243
-227
-216
-214
-199
-209
-212
-207
-226
-222
-221
-215
-213
-215
-215
-217
-207
-213
-216
-230
-231
-220
-214
-224
-239
-252
-260
-284
-293
-291
-291
-277
-293
-286
-299
-335
-352
-366
-376
-373
-369
-371
-369
-361
-358
-375
-381
-385
-391
-389
-383
-376
-365
-362
-373
-390
-393
-397
-390
-381
-367
-369
-365
-367
-377
-389
-395
-399
-389
-374
-353
-342
-349
-359
-362
-364
-374
-375
-382
-383
-379
-375
-372
-383
-400
-400
-407
-394
-388
-402
-405
-402
-396
-388
-395
-403
-402
-389
-380
-374
-359
-344
-341
-324
-311
-309
-298
-281
-267
-248
-247
-244
-219
-228
-224
-229
-231
-241
-247
-230
-210
-191
-190
-189
-195
-185
-172
-152
-134
-125
-120
-123
-116
-102
-101
-88
-68
-64
-49
-35
-19
-13
-7
3
9
9
12
15
20
23
34
48
39
28
10
35
39
43
37
37
33
33
46
40
62
76
92
110
105
88
63
60
75
85
91
94
99
88
79
65
44
38
46
53
48
52
36
16
-4
-16
-21
-23
-11
-8
-2
-3
-8
-15
-28
-32
-29
-13
0
11
31
47
61
68
64
50
52
54
57
70
76
74
62
31
16
9
10
28
35
62
65
62
68
60
58
59
67
79
83
98
118
120
120
123
124
135
124
111
102
104
103
105
112
98
82
77
68
57
61
53
52
40
40
35
32
33
31
42
41
56
49
43
46
51
42
48
43
35
43
36
45
55
52
48
53
47
31
20
14
2
-4
0
-1
2
-3
-1
7
4
8
17
25
16
27
36
40
57
62
65
71
84
93
103
105
117
123
128
134
124
136
126
130
131
138
143
141
148
141
146
168
180
189
202
194
189
174
161
156
156
152
150
145
134
129
123
112
88
75
67
62
53
55
57
41
44
30
25
29
17
22
20
15
7
7
-13
-12
-24
-22
-28
-34
-24
-30
-21
-11
-14
-14
-19
-26
-37
-35
-23
-23
-15
-9
0
10
-1
-8
1
1
4
-2
-6
7
1
-4
-6
0
-8
-8
-3
-4
5
8
23
35
37
54
68
58
60
49
47
42
49
52
54
60
57
60
59
59
51
57
59
73
70
54
54
51
48
45
46
42
47
43
31
26
21
19
3
-5
-16
-3
-3
10
23
23
25
8
0
2
10
14
17
20
36
41
52
59
44
54
63
65
61
65
53
48
39
33
38
45
59
66
66
67
65
76
98
110
108
120
121
104
114
106
130
158
163
162
175
177
187
188
205
218
224
244
254
248
234
237
234
238
238
236
230
233
239
243
246
237
227
216
211
221
221
226
226
213
202
188
187
180
172
175
165
162
156
140
124
111
119
109
101
90
95
79
53
29
-3
-26
-51
-52
-56
-56
-55
-73
-85
-104
-119
-113
-114
-118
-112
-114
-108
-122
-135
-127
-130
-138
-136
-130
-136
-129
-136
-132
-136
-155
-173
-181
-178
-174
-176
-174
-165
-173
-184
-190
-194
-196
-189
-186
-192
-192
-191
-175
-160
-162
-156
-161
-167
-156
-162
-161
-151
-141
-134
-121
-107
-115
-108
-123
-117
-116
-107
-95
-104
-96
-97
-90
-78
-75
-76
-63
-54
-34
-13
5
18
12
9
8
14
19
38
40
42
55
60
70
49
18
15
22
14
-7
-15
-22
-15
-19
-22
-26
-21
-15
-12
0
12
22
34
44
41
48
53
65
76
89
105
109
113
110
108
96
87
91
110
117
119
127
128
116
113
119
122
133
149
154
171
170
159
155
154
152
161
169
170
171
162
182
178
170
167
170
179
189
188
184
199
202
210
216
224
245
256
273
292
297
305
299
310
324
322
326
336
346
350
353
358
348
340
348
352
354
349
344
343
334
325
347
346
334
331
335
337
337
335
331
340
355
358
362
361
364
357
350
355
349
345
344
354
359
356
348
341
338
336
319
314
320
333
334
329
318
322
317
322
325
321
337
338
344
339
334
322
320
306
300
306
306
314
312
309
282
266
249
252
244
243
231
230
246
247
247
240
239
243
251
257
268
257
251
258
262
271
266
256
250
259
257
251
249
247
237
218
226
229
234
244
251
259
262
265
270
256
268
259
268
261
242
245
250
258
261
269
279
285
277
266
263
279
285
290
281
272
274
262
264
254
242
245
238
230
245
257
261
270
273
277
274
265
263
270
275
286
295
299
307
303
300
302
312
304
302
309
300
302
296
283
270
266
280
285
287
277
250
228
218
200
194
169
167
172
176
193
178
164
144
130
126
132
140
144
165
165
175
170
157
153
144
125
135
141
145
151
150
150
123
112
101
91
94
115
126
122
122
114
109
97
107
94
87
104
110
134
147
156
158
156
154
149
158
172
169
187
205
211
204
203
208
213
218
206
202
200
186
191
189
187
193
184
202
223
237
251
259
265
263
253
246
238
246
253
261
268
273
278
263
261
240
235
224
209
207
216
224
222
219
200
200
199
212
235
243
255
254
262
263
274
285
299
312
319
322
331
333
320
304
289
293
301
307
302
293
288
274
264
242
241
238
229
230
233
245
241
226
221
222
214
214
213
207
198
192
188
186
184
177
154
141
128
125
117
123
123
122
114
106
110
110
117
113
99
100
97
94
83
69
72
69
72
69
54
57
50
45
45
23
6
-2
-15
-23
-33
-40
-42
-59
-56
-61
-78
-87
-94
-105
-105
-109
-119
-112
-124
-130
-129
-130
-147
-149
-151
-176
-188
-190
-190
-195
-205
-219
-236
-261
-256
-253
-263
-260
-267
-275
-273
-276
-268
-263
-268
-263
-261
-260
-247
-232
-243
-261
-270
-274
-276
-270
-276
-280
-285
-286
-288
-298
-308
-312
-297
-296
-296
-296
-294
-291
-300
-295
-291
-294
-295
-279
-274
-253
-253
-261
-266
-267
-253
-247
-242
-241
-231
-234
-251
-259
-257
-263
-269
-271
-263
-252
-246
-248
-237
-229
-212
-213
-222
-202
-197
-186
-183
-184
-182
-183
-179
-161
-160
-161
-143
-134
-125
-122
-124
-125
-133
-133
-138
-152
-153
-148
-147
-140
-134
-134
-128
-130
-140
-143
-144
-147
-158
-165
-157
-148
-171
-169
-158
-165
-179
-182
-178
-179
-172
-158
-157
-152
-140
-149
-145
-147
-156
-165
-161
-162
-153
-148
-145
-162
-177
-195
-208
-207
-210
-192
-183
-186
-195
-188
-204
-217
-213
-218
-204
-198
-194
-190
-176
-182
-173
-167
-178
-183
-204
-207
-216
-222
-211
-226
-244
-254
-264
-270
-270
-262
-255
-267
-273
-275
-283
-295
-297
-299
-300
-277
-275
-280
-287
-292
-288
-285
-279
-269
-265
-283
-283
-280
-278
-278
-283
-285
-286
-296
-288
-288
-295
-314
-319
-323
-341
-345
-338
-347
-354
-348
-352
-342
-330
-327
-330
-329
-333
-347
-358
-362
-360
-362
-347
-339
-338
-342
-359
-355
-368
-376
-381
-384
-378
-372
-363
-375
-381
-383
-368
-359
-343
-337
-336
-322
-317
-313
-311
-304
-292
-275
-267
-250
-241
-236
-238
-230
-229
-239
-226
-233
-225
-223
-215
-214
-221
-225
-223
-223
-230
-239
-239
-229
-225
-218
-217
-226
-224
-226
-230
-235
-234
-217
-207
-200
-203
-218
-240
-247
-246
-250
-265
-267
-258
-254
-257
-259
-265
-270
-264
-254
-236
-235
-241
-251
-264
-267
-266
-276
-282
-278
-265
-258
-257
-260
-265
-272
-283
-283
-297
-303
-304
-313
-319
-310
-300
-308
-303
-316
-323
-322
-318
-315
-308
-291
-286
-288
-288
-280
-278
-286
-287
-276
-262
-253
-245
-250
-238
-224
-224
-235
-253
-260
-261
-234
-228
-227
-232
-222
-226
-235
-230
-231
-217
-213
-221
-227
-232
-235
-236
-249
-244
-239
-233
-219
-210
-208
-209
-214
-224
-232
-230
-210
-204
-202
-187
-196
-189
-190
-188
-163
-146
-144
-143
-143
-140
-142
-132
-134
-124
-110
-114
-109
-103
-110
-118
-118
-130
-125
-119
-117
-113
-117
-113
-105
-103
-103
-109
-110
-98
-94
-85
-83
-99
-115
-111
-106
-108
-96
-100
-96
-91
-84
-84
-79
-84
-83
-77
-66
-63
-69
-67
-65
-62
-66
-74
-80
-80
-83
-68
-63
-61
-72
-93
-105
-117
-121
-123
-127
-119
-134
-142
-144
-156
-163
-165
-177
-198
-202
-219
-230
-250
-273
-294
-318
-327
-320
-313
-326
-340
-365
-389
-402
-427
-440
-449
-457
-451
-447
-445
-452
-467
-474
-467
-472
-469
-460
-454
-445
-438
-423
-421
-429
-433
-441
-449
-443
-437
-436
-437
-447
-465
-478
-483
-480
-473
-470
-467
-480
-487
-485
-509
-516
-521
-509
-498
-496
-484
-477
-471
-474
-461
-451
-454
-442
-440
-435
-422
-413
-397
-379
-376
-390
-402
-404
-401
-396
-393
-405
-398
-375
-362
-345
-342
-343
-333
-320
-309
-285
-265
-256
-247
-249
-240
-232
-229
-220
-202
-173
-164
-168
-177
-181
-174
-174
-197
-205
-221
-229
-215
-215
-207
-196
-201
-209
-217
-215
-205
-199
-195
-185
-184
-184
-191
-200
-194
-173
-154
-146
-136
-132
-135
-130
-138
-155
-152
-150
-143
-140
-137
-127
-122
-119
-115
-99
-90
-90
-77
-62
-43
-36
-47
-49
-36
-23
-15
-18
-20
-10
-25
-41
-38
-46
-54
-55
-63
-65
-78
-70
-47
-54
-46
-42
-37
-28
-14
6
24
43
41
56
58
65
72
60
68
79
91
104
104
106
107
119
117
120
106
95
82
80
86
84
85
72
72
68
55
42
46
35
37
33
32
27
16
8
9
5
-17
-36
-40
-37
-38
-42
-43
-48
-50
-63
-71
-70
-74
-86
-92
-84
-84
-85
-101
-110
-121
-128
-137
-142
-142
-147
-152
-159
-167
-170
-163
-167
-168
-166
-173
-173
-171
-189
-203
-195
-186
-193
-196
-208
-198
-184
-182
-171
-174
-167
-168
-172
-173
-162
-147
-135
-124
-104
-100
-94
-90
-90
-84
-84
-78
-83
-84
-87
-87
-83
-77
-68
-54
-38
-41
-44
-30
-29
-11
9
25
37
37
30
41
51
55
56
48
48
43
50
56
41
43
53
64
82
76
74
76
75
82
77
94
97
97
98
103
106
97
96
90
78
81
96
88
107
131
141
146
143
149
149
152
162
159
152
149
141
135
132
128
118
116
113
113
117
118
102
74
60
57
56
57
64
63
56
71
66
46
33
28
38
48
59
82
93
96
97
96
110
100
101
91
90
98
110
118
110
106
104
102
112
109
108
128
126
115
106
113
108
107
105
109
121
131
147
150
156
162
179
179
181
185
181
191
207
207
213
209
217
211
197
197
197
205
205
197
187
182
181
185
174
176
177
182
195
204
207
211
214
198
188
177
187
190
199
197
206
207
202
204
199
181
165
163
159
154
166
171
165
153
158
168
160
164
164
174
178
190
196
206
203
195
204
217
238
250
255
247
245
243
243
242
249
251
256
258
261
263
266
262
255
249
239
250
247
248
262
269
272
273
281
274
274
268
269
264
256
256
229
225
219
192
186
174
165
159
158
170
160
159
157
167
178
177
183
179
181
167
161
140
128
123
99
89
71
60
46
36
22
1
-18
-37
-48
-55
-63
-67
-69
-85
-92
-103
-110
-120
-128
-137
-147
-148
-133
-134
-150
-164
-182
-182
-191
-183
-178
-181
-177
-195
-189
-197
-201
-211
-222
-218
-219
-218
-220
-229
-239
-234
-242
-247
-244
-231
-221
-228
-225
-226
-230
-232
-224
-228
-228
-234
-239
-243
-252
-253
-256
-261
-259
-258
-246
-227
-217
-211
-198
-189
-170
-154
-153
-151
-133
-135
-140
-143
-150
-144
-145
-139
-136
-121
-119
-127
-139
-152
-159
-153
-144
-161
-160
-149
-158
-155
-158
-155
-153
-145
-141
-155
-164
-149
-137
-147
-163
-165
-173
-183
-183
-177
-169
-163
-154
-155
-166
-141
-130
-147
-136
-139
-135
-154
-156
-171
-176
-178
-180
-170
-175
-163
-181
-191
-177
-173
-176
-173
-169
-166
-164
-165
-155
-151
-136
-132
-124
-129
-126
-101
-99
-99
-102
-110
-123
-134
-139
-155
-155
-166
-163
-170
-202
-217
-245
-277
-286
-297
-303
-312
-310
-309
-316
-304
-297
-301
-313
-304
-313
-307
-314
-313
-305
-289
-278
-271
-262
-261
-273
-251
-240
-238
-222
-233
-249
-265
-260
-266
-267
-273
-272
-265
-264
-261
-251
-259
-259
-262
-248
-240
-231
-225
-234
-225
-217
-192
-189
-190
-195
-188
-176
-165
-166
-163
-154
-144
-139
-149
-140
-128
-133
-135
-135
-128
-128
-118
-119
-117
-109
-109
-111
-104
-88
-80
-79
-85
-92
-109
-95
-97
-97
-94
-94
-85
-81
-76
-91
-96
-96
-96
-106
-111
-102
-100
-92
-101
-107
-111
-110
-93
-96
-98
-92
-98
-86
-93
-80
-68
-73
-57
-41
-17
3
27
30
31
28
18
28
22
16
20
25
32
37
33
30
36
34
39
50
54
71
62
76
57
54
60
50
50
46
54
46
43
38
40
48
45
43
29
33
40
25
42
53
56
63
71
77
82
88
86
95
101
87
83
85
87
75
78
73
72
77
73
77
74
70
63
70
48
42
54
44
55
54
46
38
46
50
32
30
34
31
41
41
40
37
29
31
26
18
31
43
48
57
59
67
70
63
68
61
69
72
74
87
84
85
87
87
91
97
102
103
106
111
112
107
99
93
91
76
85
83
83
81
76
82
76
65
54
61
61
61
70
78
80
71
83
90
85
74
73
80
90
98
96
109
107
125
130
135
134
132
120
109
108
96
94
81
85
86
89
88
76
83
80
60
60
73
93
107
96
81
69
61
52
66
71
75
85
89
97
97
92
96
104
101
97
86
81
65
57
51
46
42
42
17
10
19
8
15
5
-24
-41
-46
-53
-57
-70
-56
-55
-64
-68
-80
-69
-55
-43
-54
-74
-64
-65
-66
-66
-80
-76
-86
-85
-70
-73
-67
-85
-118
-131
-144
-145
-138
-125
-106
-95
-88
-88
-97
-110
-109
-102
-101
-78
-72
-46
-45
-35
-18
-13
-3
-23
-15
7
12
11
12
2
-8
-8
-3
1
0
0
7
10
14
11
7
4
0
-9
0
20
40
57
83
106
129
144
146
151
130
137
145
163
165
166
157
150
151
142
142
136
131
138
136
115
115
117
116
110
111
108
102
121
119
125
121
116
124
116
112
113
118
127
138
161
173
176
169
159
146
126
131
132
126
138
142
143
136
122
119
118
137
153
165
172
175
178
182
173
187
194
209
210
202
220
224
229
228
220
211
211
226
230
224
231
236
234
229
235
234
234
245
252
259
253
255
262
273
278
271
266
273
268
266
266
243
244
241
235
217
209
209
211
216
227
230
219
222
227
230
236
248
257
270
277
282
274
270
281
268
254
255
256
249
250
246
239
222
221
234
244
236
230
242
239
243
246
248
245
234
220
228
230
230
233
227
226
221
223
216
215
217
211
200
202
196
191
193
196
203
194
184
186
202
199
196
196
209
212
212
199
198
209
205
195
188
182
194
190
194
191
182
184
191
195
202
213
207
201
198
199
200
202
208
216
220
231
227
234
235
235
237
239
254
258
276
278
271
268
268
276
262
251
235
220
206
204
211
200
206
198
190
190
207
206
215
218
218
221
215
216
216
219
222
227
225
231
234
239
248
262
273
270
287
308
317
326
329
329
326
333
326
319
316
325
337
343
349
341
331
337
332
339
347
332
323
320
304
297
306
295
288
292
289
290
293
308
316
312
312
303
305
287
270
263
254
245
243
229
218
201
179
162
133
121
124
131
131
140
131
124
121
126
112
115
112
123
132
153
179
177
195
211
211
209
204
205
211
208
213
208
198
176
154
135
133
124
123
121
113
120
119
124
111
118
117
119
139
140
162
183
182
193
194
193
203
203
205
216
232
226
235
240
255
253
254
262
274
280
274
272
272
275
270
270
281
282
296
322
347
352
358
355
331
324
332
319
318
326
318
329
321
303
288
276
271
262
260
258
263
283
282
274
261
247
257
269
271
274
267
276
289
297
299
295
307
302
311
322
336
336
334
335
332
332
332
324
325
320
308
300
295
285
285
288
273
279
297
291
289
297
303
311
311
314
321
314
309
320
318
317
305
286
273
265
263
241
232
231
235
234
221
216
215
234
244
250
252
257
253
260
267
244
233
238
237
240
234
239
246
252
262
249
248
245
245
244
229
219
234
223
211
204
189
163
152
146
134
119
113
112
98
105
95
97
88
67
64
74
79
82
87
82
84
82
75
70
71
73
70
74
68
65
60
48
51
58
50
59
72
85
87
108
122
126
140
142
143
146
142
145
150
142
140
133
135
132
134
133
142
132
150
154
163
167
162
170
182
182
167
172
183
187
182
184
190
203
206
202
195
207
212
203
204
191
177
178
167
184
190
197
212
207
211
207
215
216
209
216
213
207
196
204
219
221
233
247
254
266
270
264
275
275
284
285
282
276
258
248
239
239
240
232
229
232
235
224
239
231
224
208
199
203
203
214
216
202
189
198
189
179
164
143
135
129
121
110
96
85
75
60
50
53
52
44
35
15
-9
-37
-59
-79
-102
-92
-89
-95
-95
-109
-133
-134
-129
-116
-103
-96
-90
-75
-73
-74
-66
-69
-67
-75
-93
-96
-100
-101
-121
-134
-164
-180
-183
-197
-186
-184
-178
-186
-198
-203
-214
-220
-227
-226
-227
-244
-252
-238
-220
-215
-212
-217
-207
-200
-218
-220
-219
-218
-213
-216
-217
-224
-225
-225
-226
-227
-222
-221
-234
-247
-251
-253
-258
-268
-267
-251
-253
-254
-249
-241
-249
-266
-290
-314
-308
-325
-330
-329
-343
-345
-361
-369
-374
-389
-403
-422
-425
-429
-439
-434
-447
-452
-463
-464
-468
-470
-458
-461
-464
-466
-466
-461
-455
-453
-438
-428
-424
-422
-409
-393
-375
-378
-374
-371
-377
-373
-385
-382
-363
-357
-344
-346
-348
-338
-325
-296
-287
-274
-256
-254
-254
-244
-234
-240
-233
-231
-234
-238
-245
-241
-250
-242
-256
-266
-266
-267
-264
-266
-256
-254
-253
-245
-245
-242
-240
-225
-200
-196
-194
-191
-209
-200
-200
-206
-198
-195
-207
-216
-213
-216
-218
-219
-223
-240
-258
-267
-262
-264
-251
-237
-228
-229
-225
-220
-225
-221
-215
-209
-205
-199
-197
-192
-192
-187
-188
-178
-171
-178
-161
-146
-128
-115
-105
-106
-103
-106
-108
-101
-107
-102
-96
-92
-86
-83
-87
-80
-67
-80
-81
-83
-95
-94
-98
-102
-119
-124
-129
-128
-130
-143
-142
-151
-145
-151
-167
-158
-157
-138
-138
-145
-137
-142
-146
-139
-142
-154
-146
-139
-130
-128
-125
-123
-128
-118
-126
-128
-127
-155
-157
-166
-175
-181
-187
-194
-201
-200
-201
-196
-194
-204
-192
-199
-198
-192
-168
-158
-152
-155
-163
-174
-185
-178
-185
-177
-183
-188
-185
-181
-185
-178
-181
-169
-164
-158
-168
-190
-201
-204
-197
-203
-200
-207
-224
-228
-226
-232
-225
-237
-246
-263
-267
-253
-257
-248
-235
-231
-230
-242
-255
-255
-258
-265
-291
-302
-300
-303
-301
-315
-327
-336
-343
-330
-319
-339
-343
-376
-404
-428
-435
-443
-444
-435
-430
-425
-428
-431
-442
-440
-453
-449
-423
-412
-399
-383
-377
-375
-367
-369
-380
-390
-395
-396
-383
-365
-366
-376
-374
-375
-380
-384
-385
-384
-371
-366
-368
-372
-379
-385
-372
-372
-363
-340
-336
-324
-305
-285
-272
-270
-269
-274
-286
-286
-279
-285
-296
-294
-282
-292
-303
-306
-309
-298
-301
-306
-311
-326
-335
-334
-335
-342
-342
-351
-348
-338
-332
-324
-328
-334
-327
-328
-345
-348
-352
-351
-345
-343
-336
-344
-349
-358
-360
-370
-380
-377
-384
-385
-377
-369
-388
-378
-372
-373
-368
-363
-357
-350
-339
-339
-333
-332
-328
-328
-319
-296
-288
-276
-264
-276
-281
-277
-285
-282
-285
-286
-295
-293
-294
-301
-307
-316
-324
-322
-315
-312
-292
-302
-313
-302
-305
-304
-307
-326
-338
-344
-343
-345
-353
-359
-370
-376
-382
-389
-390
-388
-374
-369
-364
-352
-349
-358
-370
-356
-349
-339
-348
-362
-365
-370
-384
-393
-399
-406
-402
-392
-394
-393
-396
-391
-390
-399
-414
-423
-422
-422
-428
-436
-437
-446
-453
-453
-457
-451
-440
-432
-436
-424
-420
-403
-407
-410
-414
-423
-408
-415
-419
-405
-387
-387
-385
-385
-399
-407
-419
-425
-418
-426
-422
-416
-420
-429
-427
-446
-453
-449
-445
-435
-427
-406
-407
-398
-392
-388
-386
-379
-373
-367
-361
-368
-373
-378
-363
-367
-361
-352
-353
-342
-345
-336
-342
-341
-346
-340
-325
-328
-317
-313
-308
-296
-283
-274
-262
-262
-270
-261
-251
-246
-239
-224
-221
-214
-213
-213
-200
-184
-183
-169
-161
-158
-153
-150
-138
-129
-120
-102
-104
-121
-117
-113
-100
-103
-75
-63
-63
-49
-56
-48
-60
-56
-64
-59
-69
-91
-96
-111
-105
-115
-100
-109
-114
-126
-120
-123
-131
-120
-129
-135
-137
-135
-135
-136
-127
-130
-128
-126
-134
-137
-142
-129
-124
-146
-152
-151
-148
-162
-169
-180
-185
-188
-186
-188
-191
-204
-226
-242
-256
-255
-257
-239
-243
-235
-229
-239
-238
-252
-254
-246
-236
-226
-227
-222
-211
-185
-181
-187
-192
-195
-191
-187
-173
-168
-163
-166
-173
-182
-187
-197
-196
-190
-171
-163
-180
-189
-196
-197
-194
-189
-181
-173
-166
-155
-138
-133
-124
-108
-110
-125
-116
-135
-134
-129
-122
-96
-99
-102
-102
-91
-86
-71
-64
-62
-76
-78
-82
-90
-88
-97
-93
-84
-83
-63
-47
-47
-32
-35
-45
-43
-47
-47
-30
-21
-28
-16
-20
-12
-7
-27
-34
-41
-45
-50
-45
-39
-23
-19
-19
-7
-17
-18
-19
-22
-16
-17
-16
-13
-17
-19
-17
-25
-13
-2
3
0
-1
-2
-6
-14
-27
-35
-42
-37
-44
-47
-58
-80
-78
-97
-106
-107
-118
-123
-109
-93
-92
-94
-110
-126
-125
-137
-149
-156
-151
-159
-169
-183
-190
-199
-207
-202
-212
-219
-205
-198
-208
-219
-223
-225
-212
-210
-195
-195
-216
-212
-215
-232
-240
-231
-243
-249
-252
-260
-259
-255
-262
-272
-283
-302
-317
-326
-328
-328
-327
-332
-331
-326
-330
-341
-352
-366
-372
-374
-365
-371
-373
-379
-379
-378
-389
-388
-385
-396
-400
-393
-392
-389
-381
-382
-396
-403
-415
-417
-414
-421
-415
-414
-425
-432
-439
-439
-450
-444
-435
-432
-431
-441
-443
-440
-440
-450
-451
-442
-441
-429
-419
-417
-414
-409
-415
-424
-425
-425
-412
-393
-379
-385
-379
-387
-391
-381
-374
-369
-368
-367
-362
-355
-344
-335
-350
-338
-353
-358
-355
-356
-352
-353
-354
-366
-362
-362
-369
-371
-363
-368
-369
-369
-368
-375
-371
-357
-356
-333
-338
-335
-332
-327
-307
-319
-312
-299
-296
-300
-298
-298
-289
-289
-302
-304
-317
-322
-321
-313
-304
-301
-294
-291
-298
-293
-281
-273
-272
-276
-278
-279
-268
-268
-261
-237
-242
-249
-251
-244
-248
-245
-236
-249
-264
-270
-274
-279
-276
-286
-306
-303
-301
-287
-302
-301
-319
-341
-339
-335
-344
-347
-341
-341
-334
-330
-322
-325
-315
-318
-323
-314
-310
-302
-287
-270
-243
-239
-234
-229
-227
-238
-240
-248
-245
-236
-240
-244
-267
-279
-274
-270
-272
-250
-254
-255
-243
-252
-257
-267
-270
-269
-273
-261
-248
-237
-227
-215
-199
-185
-177
-174
-164
-157
-139
-126
-102
-95
-91
-83
-87
-91
-82
-82
-88
-80
-77
-70
-71
-58
-50
-44
-35
-25
-17
-10
-2
9
21
28
28
28
22
32
36
51
61
66
65
61
61
56
58
63
66
70
75
75
79
74
74
56
57
62
56
55
62
75
76
98
112
107
107
113
107
115
128
142
147
139
128
121
117
112
106
111
117
120
127
124
130
128
133
142
147
139
136
141
133
133
138
129
133
140
151
157
162
168
163
156
166
173
174
179
187
181
173
176
174
162
139
143
137
143
155
152
139
134
127
123
130
121
115
125
134
134
115
92
83
72
71
59
51
41
49
46
39
60
62
39
38
40
23
22
28
35
38
29
26
45
40
35
53
47
51
68
67
64
78
91
104
115
115
109
121
131
140
141
160
169
157
172
172
186
188
197
211
209
210
204
209
207
217
210
196
192
189
187
187
183
167
160
161
161
160
155
148
155
155
168
166
150
143
149
154
150
152
165
167
178
189
179
181
170
167
158
155
160
143
139
129
126
126
121
130
141
154
151
153
164
177
187
180
186
185
185
185
194
188
204
217
224
245
255
269
268
270
271
273
266
259
263
264
255
249
244
248
241
246
242
230
244
242
253
255
244
239
229
233
229
219
225
229
233
230
217
206
187
183
182
163
155
159
144
133
124
93
76
66
73
62
47
39
17
-4
-22
-13
-14
-6
4
11
14
26
28
11
27
23
21
49
59
73
77
84
100
108
107
113
108
95
116
135
140
138
128
146
139
147
146
138
168
171
168
182
174
171
152
161
162
171
181
184
193
205
221
217
228
220
232
228
233
241
252
270
280
273
263
263
255
257
251
260
266
276
280
276
271
269
268
251
259
259
271
280
277
265
257
254
250
245
233
241
247
263
261
256
265
256
252
235
241
264
270
274
274
270
281
284
285
289
295
301
298
310
318
324
336
354
366
387
397
400
408
422
429
431
419
422
411
420
437
436
437
443
450
442
436
433
432
433
420
424
443
443
433
427
415
408
404
394
389
380
357
344
349
339
339
331
310
299
287
288
286
260
266
266
268
265
263
278
279
288
283
289
287
277
283
282
289
294
294
277
279
270
273
274
272
251
239
246
253
265
260
247
237
238
242
242
248
237
231
245
235
229
220
232
222
205
197
190
197
184
185
187
185
193
188
178
160
164
167
156
142
138
141
129
131
125
115
110
110
119
124
119
134
135
126
114
104
109
98
91
93
85
86
90
78
74
76
73
75
68
78
88
87
93
93
108
118
119
122
128
126
127
131
133
146
149
152
143
135
128
118
121
115
101
98
86
65
53
41
41
49
53
54
65
55
43
36
40
44
47
47
41
39
39
36
36
52
60
63
71
79
88
107
101
96
101
96
90
78
88
88
89
88
96
86
87
78
58
54
58
62
41
39
48
59
58
81
83
88
98
89
97
90
98
99
102
114
117
119
117
115
116
126
125
145
138
135
133
99
97
87
84
84
92
91
89
89
89
77
78
82
79
109
120
131
133
130
145
155
162
167
159
142
128
128
121
126
124
107
89
68
64
75
68
83
82
74
73
74
59
48
45
34
44
59
66
58
74
81
87
99
89
91
89
95
117
129
133
141
149
159
164
168
187
184
197
204
208
219
205
204
214
227
227
233
234
244
259
252
240
218
211
198
196
209
219
221
216
243
259
250
241
231
219
202
191
191
191
187
188
184
181
178
187
195
207
217
202
219
215
210
221
214
225
224
233
250
249
242
232
232
234
225
227
222
204
200
191
189
178
181
177
166
161
151
166
172
173
168
165
163
162
151
144
140
135
114
108
93
74
68
51
61
50
46
56
63
65
69
82
68
79
94
104
122
135
143
148
156
154
148
147
155
167
180
192
202
223
220
224
230
223
227
225
226
216
207
198
199
192
187
182
185
179
178
185
179
185
196
199
197
195
174
163
155
148
149
159
162
172
172
166
177
169
148
151
156
149
150
141
137
125
115
111
104
91
76
80
89
92
85
72
83
87
79
67
66
73
61
51
60
62
61
51
37
43
43
55
77
70
66
73
86
81
84
93
98
126
135
133
140
139
145
136
134
142
146
158
152
151
159
157
156
161
174
174
183
196
197
199
199
212
213
231
248
252
261
246
263
270
273
285
291
297
290
301
304
306
314
307
309
325
326
330
326
337
338
342
351
346
331
322
325
323
329
336
318
303
285
282
286
279
283
281
290
274
262
266
265
277
259
238
238
253
266
265
253
244
245
239
240
235
221
213
190
160
142
122
116
134
151
145
142
134
121
105
108
102
86
75
75
88
89
94
99
103
106
112
106
94
97
103
106
92
75
64
58
71
80
94
98
84
83
82
81
82
67
69
72
84
86
97
115
126
143
156
174
172
163
165
161
174
179
176
176
176
179
168
156
158
161
150
154
160
154
135
141
146
152
161
162
162
171
173
168
170
167
149
132
137
131
140
136
141
141
137
133
127
120
100
93
92
98
97
94
93
92
92
81
84
98
102
101
114
117
124
123
133
142
153
159
168
172
181
199
178
174
166
165
169
167
159
154
165
161
158
156
153
153
159
167
180
177
172
159
150
144
146
132
124
121
110
108
96
92
85
76
73
75
71
69
58
47
47
46
42
28
18
27
35
33
33
32
30
15
3
1
13
17
11
0
-15
-26
-37
-36
-54
-81
-76
-78
-82
-85
-88
-83
-85
-82
-88
-92
-108
-116
-111
-119
-115
-116
-124
-129
-126
-122
-140
-128
-129
-125
-126
-118
-103
-101
-99
-103
-102
-108
-110
-110
-110
-111
-100
-98
-91
-88
-91
-80
-82
-75
-76
-77
-78
-71
-79
-108
-88
-76
-67
-69
-61
-65
-66
-63
-59
-58
-68
-72
-71
-66
-68
-61
-69
-61
-50
-47
-45
-32
-37
-40
-40
-33
-25
-29
-33
-25
-21
-24
-23
-21
-10
-14
-20
-29
-29
-35
-41
-47
-52
-54
-50
-57
-56
-42
-33
-16
-2
-1
3
17
26
19
17
24
7
10
12
1
-6
1
1
0
14
14
16
20
24
22
10
-5
-24
-29
-32
-32
-23
-38
-49
-58
-77
-87
-82
-86
-80
-82
-68
-66
-80
-80
-78
-99
-107
-113
-108
-103
-95
-104
-117
-108
-112
-109
-129
-141
-154
-171
-164
-151
-153
-151
-154
-188
-216
-226
-250
-249
-256
-239
-231
-236
-230
-221
-236
-250
-260
-251
-238
-244
-231
-224
-213
-204
-205
-191
-194
-212
-210
-207
-209
-201
-201
-214
-221
-227
-223
-224
-222
-209
-212
-214
-223
-218
-209
-205
-207
-196
-191
-193
-190
-178
-160
-148
-129
-126
-129
-130
-123
-114
-102
-81
-73
-64
-56
-41
-36
-40
-26
-23
-21
-14
-16
-25
-35
-38
-46
-36
-20
-15
-15
-13
1
11
14
16
3
-6
-5
4
-1
2
20
22
17
14
-4
-10
-20
-28
-27
-32
-28
-25
-17
-19
-19
-10
-19
-13
-11
-11
-14
-12
-7
-9
-11
-17
11
31
56
63
61
62
59
56
54
48
51
55
38
42
32
19
29
21
9
-1
-2
15
10
17
18
14
13
9
13
8
-2
-5
-1
-10
-10
-3
-6
-22
-20
-34
-27
-22
-38
-40
-47
-53
-63
-62
-64
-64
-64
-51
-25
-19
-29
-29
-26
-34
-17
-21
-26
-25
-33
-24
-26
-34
-38
-44
-44
-40
-43
-50
-40
-33
-31
-31
-40
-39
-38
-49
-64
-57
-48
-43
-41
-43
-18
-15
-17
-30
-35
-37
-25
-10
-2
9
20
24
41
37
22
11
-3
-1
5
11
4
5
-5
-1
-1
-6
-4
8
9
15
4
1
7
15
10
-8
-8
-17
-9
-4
-16
-16
-12
-17
-26
-23
-20
-22
-10
-3
10
21
15
28
33
45
53
57
66
72
79
89
94
105
109
105
111
107
99
98
92
84
77
69
62
60
77
88
97
103
98
106
107
110
125
132
134
124
103
84
97
111
120
121
122
127
126
116
116
115
113
120
107
97
80
56
53
51
51
35
21
25
20
8
12
10
-1
-9
-10
-7
-24
-20
-17
-21
-26
-36
-30
-29
-29
-21
-30
-32
-31
-23
-10
-32
-46
-55
-54
-65
-76
-76
-91
-103
-118
-122
-129
-123
-128
-120
-113
-101
-94
-96
-101
-99
-96
-109
-98
-87
-89
-81
-69
-64
-45
-47
-36
-39
-47
-31
-26
-20
-15
-32
-33
-55
-60
-77
-84
-91
-96
-76
-79
-83
-86
-85
-89
-94
-90
-92
-93
-79
-68
-75
-68
-55
-57
-65
-81
-86
-82
-76
-54
-46
-49
-45
-38
-36
-33
-24
-3
1
8
9
18
27
36
51
49
58
73
86
89
109
118
124
122
126
136
134
133
129
135
127
123
127
134
134
130
134
123
110
103
103
104
110
117
121
126
112
110
116
118
130
134
136
