-114
-110
-70
-64
-74
-78
-61
-57
-46
-69
-73
-37
-15
-26
-36
-48
-66
-87
-97
-113
-151
-157
-149
-144
-125
-140
-147
-170
-162
-142
-118
-98
-105
-100
-111
-124
-121
-109
-149
-151
-155
-163
-140
-124
-153
-166
-134
-124
-131
-145
-148
-128
-122
-124
-135
-121
-139
-156
-192
-202
-198
-223
-231
-222
-215
-221
-206
-171
-161
-148
-147
-150
-169
-205
-205
-229
-237
-265
-268
-297
-309
-283
-268
-255
-258
-243
-229
-225
-212
-180
-207
-234
-228
-221
-212
-235
-222
-200
-188
-191
-157
-120
-127
-152
-189
-171
-165
-182
-204
-223
-225
-243
-259
-286
-325
-315
-301
-292
-295
-291
-277
-264
-252
-269
-276
-261
-220
-214
-215
-216
-215
-213
-218
-213
-199
-155
-131
-147
-149
-165
-163
-164
-175
-195
-199
-161
-133
-134
-120
-116
-100
-80
-65
-56
-85
-81
-104
-127
-154
-171
-161
-179
-183
-176
-185
-221
-228
-235
-247
-248
-238
-201
-163
-156
-93
-92
-114
-90
-72
-60
-49
-41
-48
-49
-34
-28
-37
-40
-58
-56
-59
-65
-61
-45
-72
-97
-102
-90
-71
-80
-103
-100
-116
-126
-107
-75
-66
-63
-53
-62
-60
-76
-68
-81
-56
-30
-35
-47
-46
-26
-4
-5
-12
16
11
14
22
30
28
61
81
61
52
30
31
47
46
22
-37
-58
-51
-73
-77
-98
-81
-82
-88
-94
-103
-106
-151
-165
-173
-166
-161
-160
-171
-170
-162
-158
-169
-161
-135
-117
-109
-124
-133
-129
-131
-130
-139
-147
-140
-136
-133
-168
-169
-165
-172
-168
-191
-171
-165
-155
-166
-178
-166
-161
-166
-184
-159
-178
-162
-159
-189
-213
-239
-232
-234
-211
-182
-163
-164
-140
-160
-186
-160
-153
-131
-129
-122
-121
-115
-139
-130
-73
-54
-29
0
8
5
4
11
8
-10
-55
-60
-39
-39
-16
-9
23
21
11
-10
-46
-51
-52
-52
-62
-37
-24
-75
-106
-122
-116
-133
-143
-124
-91
-73
-89
-109
-149
-122
-102
-58
3
37
66
89
80
72
68
48
20
10
18
34
42
76
103
107
91
71
70
73
88
83
78
49
28
28
54
70
63
79
96
91
107
103
91
94
90
95
86
87
87
58
53
28
18
-15
-30
-33
-61
-74
-73
-72
-77
-82
-72
-78
-73
-38
-54
-47
-19
-25
-68
-84
-65
-69
-82
-83
-87
-116
-130
-117
-76
-67
-77
-94
-135
-140
-104
-65
-43
-23
-27
-36
-34
-43
-65
-84
-61
-25
-12
-41
-74
-64
-74
-85
-96
-70
-93
-114
-127
-144
-149
-159
-168
-173
-164
-157
-130
-114
-124
-139
-156
-140
-117
-138
-136
-136
-98
-79
-80
-84
-107
-107
-99
-63
-58
-32
-41
-71
-72
-62
-55
-99
-128
-148
-119
-73
-72
-52
-57
-59
-61
-55
-37
-56
-74
-53
-18
-28
-52
-79
-94
-129
-147
-166
-159
-145
-170
-171
-156
-123
-122
-129
-125
-112
-80
-53
-60
-61
-38
-41
-37
-38
-42
-56
-80
-101
-92
-97
-108
-134
-153
-140
-117
-124
-120
-132
-163
-151
-161
-163
-153
-129
-116
-131
-130
-136
-166
-167
-182
-200
-181
-163
-162
-187
-161
-138
-139
-156
-158
-127
-120
-99
-100
-115
-140
-141
-114
-89
-103
-119
-136
-161
-170
-170
-143
-126
-111
-123
-124
-142
-173
-173
-196
-209
-187
-170
-145
-168
-191
-213
-232
-218
-215
-221
-210
-195
-192
-183
-188
-194
-187
-175
-188
-169
-154
-173
-176
-200
-201
-211
-202
-203
-212
-218
-229
-210
-224
-226
-232
-210
-211
-189
-177
-173
-171
-141
-121
-143
-140
-152
-150
-149
-137
-127
-106
-115
-113
-105
-104
-116
-110
-122
-132
-150
-132
-119
-126
-126
-143
-117
-111
-119
-133
-161
-185
-202
-198
-180
-180
-173
-186
-174
-168
-171
-151
-144
-155
-170
-195
-226
-236
-248
-230
-229
-251
-265
-249
-246
-253
-260
-247
-237
-234
-229
-236
-248
-267
-255
-241
-244
-249
-223
-223
-213
-215
-236
-241
-218
-195
-200
-193
-220
-265
-247
-246
-276
-278
-279
-299
-327
-316
-296
-292
-294
-309
-309
-317
-298
-290
-295
-290
-260
-238
-231
-219
-232
-224
-231
-218
-225
-195
-176
-179
-185
-201
-209
-198
-197
-234
-242
-252
-240
-252
-263
-286
-331
-340
-363
-369
-365
-391
-390
-375
-398
-420
-396
-376
-352
-345
-354
-362
-397
-414
-419
-404
-398
-414
-418
-409
-391
-367
-350
-342
-328
-316
-290
-281
-288
-310
-322
-310
-289
-281
-286
-279
-276
-293
-301
-305
-309
-295
-293
-327
-347
-345
-326
-321
-327
-326
-325
-333
-378
-374
-378
-384
-376
-392
-420
-411
-384
-368
-357
-397
-406
-426
-397
-370
-360
-368
-371
-361
-341
-329
-313
-289
-274
-270
-282
-281
-283
-314
-340
-339
-357
-335
-316
-318
-346
-343
-309
-299
-304
-320
-302
-263
-259
-261
-256
-269
-275
-251
-231
-248
-285
-303
-335
-348
-345
-355
-355
-369
-369
-343
-311
-275
-274
-270
-276
-267
-262
-250
-250
-245
-204
-188
-173
-175
-168
-167
-196
-211
-208
-221
-237
-247
-269
-283
-273
-241
-224
-222
-207
-191
-172
-163
-160
-185
-170
-164
-161
-159
-159
-137
-142
-126
-110
-105
-147
-153
-134
-146
-160
-167
-151
-130
-147
-157
-122
-136
-164
-159
-161
-156
-133
-123
-109
-92
-112
-137
-140
-177
-171
-161
-148
-134
-137
-149
-170
-179
-180
-142
-116
-86
-81
-92
-82
-67
-75
-61
-50
-17
24
34
40
6
-30
-40
-15
-33
-37
-12
16
58
39
18
-1
-12
-19
-24
-30
-22
-34
-33
-29
-31
-50
-62
-54
-58
-46
-59
-47
-39
-27
-41
-60
-72
-79
-88
-105
-126
-134
-122
-109
-100
-102
-96
-86
-84
-73
-58
-80
-92
-110
-105
-85
-93
-113
-106
-95
-81
-68
-86
-85
-90
-94
-103
-129
-126
-131
-139
-136
-134
-149
-169
-161
-165
-156
-162
-151
-155
-167
-183
-151
-133
-140
-123
-131
-129
-114
-106
-125
-123
-145
-146
-132
-151
-139
-121
-97
-71
-95
-110
-115
-107
-143
-166
-180
-179
-163
-152
-167
-186
-174
-182
-196
-199
-143
-101
-106
-131
-149
-150
-136
-119
-136
-159
-145
-139
-127
-83
-83
-83
-73
-82
-89
-88
-88
-95
-103
-134
-141
-120
-116
-139
-153
-167
-172
-189
-206
-194
-164
-150
-157
-141
-122
-102
-94
-104
-108
-126
-145
-139
-110
-78
-124
-157
-138
-125
-121
-133
-140
-155
-179
-183
-162
-154
-151
-124
-107
-80
-68
-89
-91
-88
-70
-67
-84
-98
-101
-104
-102
-128
-138
-136
-123
-115
-116
-139
-155
-160
-165
-160
-125
-80
-82
-53
-37
-18
-15
0
-11
-44
-44
-34
-51
-31
-19
-53
-44
-27
-19
-36
-29
-23
4
25
38
42
18
2
27
48
59
74
64
44
19
13
23
5
-24
-15
16
28
43
45
48
57
38
17
-6
3
25
79
87
58
36
46
57
25
29
49
96
87
73
42
34
44
61
78
68
71
77
80
79
77
61
72
75
85
90
88
99
101
100
84
85
66
58
69
78
78
85
82
69
42
38
45
46
66
96
141
144
151
166
127
95
93
79
101
130
146
152
165
164
161
183
185
189
208
235
247
219
196
167
155
154
152
174
191
164
152
179
184
176
146
130
140
138
149
172
185
193
210
200
215
209
197
206
214
209
196
168
156
170
172
184
192
177
161
177
200
208
206
177
176
168
171
168
178
183
183
197
202
208
221
225
214
241
265
278
267
261
233
236
225
225
214
194
197
192
207
197
207
195
182
188
188
196
202
229
196
192
201
210
238
244
237
252
260
263
258
227
221
222
241
251
240
232
229
217
206
189
158
134
142
125
92
41
30
22
-4
-17
-23
-10
3
18
0
-1
-9
-12
-21
-16
32
39
30
10
5
23
30
29
25
62
93
78
75
68
54
67
70
70
53
45
65
86
108
109
116
112
99
102
126
129
132
124
95
110
136
152
137
88
74
80
96
107
74
59
67
78
79
48
28
28
13
-19
-31
-19
-5
-22
-37
-23
-5
23
44
65
63
34
22
29
36
56
64
32
-4
7
17
21
18
30
19
14
27
36
67
66
66
70
62
69
92
112
131
134
139
142
111
86
59
42
47
33
27
23
-6
-11
-6
6
-2
-14
-9
-17
-36
-59
-63
-26
-13
-37
-46
-69
-108
-111
-99
-96
-73
-50
-50
-47
-59
-70
-44
-53
-45
-59
-36
-28
-44
-32
-46
-70
-72
-59
-85
-70
-81
-75
-53
-62
-91
-107
-87
-102
-114
-112
-112
-111
-110
-112
-111
-107
-109
-154
-202
-213
-187
-147
-112
-88
-51
-34
-12
44
74
81
71
56
57
53
52
90
113
123
92
89
105
125
136
150
178
185
174
176
183
187
206
184
150
135
134
141
179
155
152
162
172
178
165
188
201
190
196
217
217
205
159
139
150
160
166
186
202
194
204
201
218
214
216
201
170
176
192
201
200
209
205
199
189
182
179
190
198
211
209
190
189
181
169
158
161
166
171
167
196
209
220
246
257
280
284
320
334
339
338
334
335
320
300
274
282
296
279
264
256
253
239
258
266
273
294
278
297
318
334
324
297
295
270
290
316
302
255
258
268
262
258
256
265
250
240
219
208
190
204
212
229
229
232
242
232
233
247
258
257
268
296
302
309
305
307
303
294
295
283
281
275
253
215
218
230
235
230
225
216
220
204
195
206
223
223
215
219
220
193
202
210
208
208
191
191
193
233
224
243
251
252
262
254
243
216
242
235
213
204
180
131
120
119
107
120
146
172
169
149
153
161
160
161
160
146
131
129
136
138
127
122
120
111
125
137
134
145
139
141
132
156
147
107
67
38
51
53
18
-19
10
57
84
73
58
46
30
35
43
29
23
50
57
41
28
13
38
68
56
13
-12
-10
6
62
86
66
53
27
44
49
75
100
115
127
111
106
101
123
140
132
141
161
168
169
176
180
156
162
184
170
122
96
64
41
28
26
35
53
67
66
70
61
53
38
26
11
-12
-33
-25
11
30
32
65
77
80
75
86
92
86
93
114
83
69
76
66
66
56
54
61
103
131
151
159
166
152
132
89
75
83
93
119
99
109
98
83
95
91
75
44
34
22
42
66
82
112
138
141
145
171
188
196
185
196
216
235
232
250
269
285
284
262
239
210
180
179
187
174
190
181
202
183
184
187
185
203
220
231
234
216
209
220
191
220
210
228
215
217
224
235
237
228
204
213
216
224
218
174
167
157
185
204
188
168
171
168
163
159
180
176
165
133
114
110
99
121
143
164
165
183
160
135
122
94
96
85
76
69
39
49
57
54
71
70
83
89
103
107
61
55
59
24
-10
-29
-23
-15
-9
-16
-46
-51
-62
-64
-58
-80
-91
-83
-80
-84
-68
-40
-45
-27
-16
-22
4
1
-27
-60
-82
-93
-108
-106
-122
-137
-132
-113
-104
-115
-117
-130
-148
-173
-171
-143
-105
-95
-99
-92
-66
-43
-22
1
14
4
11
34
28
16
0
-21
-42
-56
-68
-43
-52
-41
-61
-70
-68
-92
-111
-91
-69
-64
-71
-88
-58
-12
0
-12
2
-11
3
23
19
0
-18
-19
12
25
48
66
70
75
70
70
65
80
85
60
19
11
13
16
1
-19
-23
-18
-25
-6
3
7
28
33
41
34
34
75
101
93
83
90
141
178
185
156
168
182
165
162
163
161
148
142
133
121
122
110
70
63
47
40
57
63
63
76
71
65
83
118
132
113
86
59
53
29
36
82
71
33
21
21
26
23
29
3
-32
-32
-12
13
-13
-57
-78
-92
-93
-91
-101
-112
-125
-129
-104
-86
-73
-63
-55
-30
-34
-54
-80
-88
-84
-89
-84
-88
-75
-69
-86
-93
-82
-32
-2
-16
-16
-20
-7
-30
-36
-45
-42
-36
-56
-56
-62
-53
-32
-31
-7
8
13
14
13
10
5
3
3
-10
-65
-45
-35
-17
-26
-41
-45
-62
-37
-23
-16
-19
-25
-43
-59
-61
-45
-46
-52
-69
-63
-67
-79
-71
-100
-97
-74
-65
-54
-40
-30
-40
-61
-87
-109
-124
-158
-185
-188
-172
-162
-152
-162
-161
-162
-176
-194
-190
-176
-198
-212
-208
-224
-242
-234
-213
-234
-252
-262
-270
-239
-212
-193
-216
-203
-200
-210
-215
-186
-165
-167
-165
-142
-126
-122
-125
-115
-111
-145
-176
-177
-189
-191
-158
-155
-187
-209
-199
-206
-203
-180
-168
-180
-187
-207
-239
-258
-271
-267
-244
-190
-166
-178
-181
-172
-178
-188
-194
-188
-177
-171
-175
-164
-179
-182
-167
-184
-201
-205
-219
-214
-192
-210
-230
-228
-203
-185
-208
-216
-181
-155
-163
-194
-215
-230
-248
-218
-225
-244
-241
-245
-253
-234
-222
-254
-272
-278
-272
-269
-276
-279
-253
-239
-230
-220
-220
-235
-255
-261
-256
-277
-279
-264
-264
-250
-255
-244
-254
-230
-192
-175
-185
-194
-197
-196
-182
-181
-186
-178
-153
-156
-158
-155
-165
-187
-198
-189
-183
-199
-199
-210
-229
-225
-229
-210
-218
-187
-172
-182
-200
-205
-192
-224
-230
-200
-174
-168
-160
-152
-140
-129
-116
-130
-129
-133
-105
-62
-88
-92
-108
-101
-100
-108
-109
-128
-140
-166
-166
-156
-160
-167
-159
-126
-104
-77
-81
-109
-117
-136
-137
-112
-101
-77
-76
-107
-86
-64
-38
-51
-74
-76
-68
-86
-69
-55
-63
-66
-61
-59
-58
-91
-113
-133
-159
-153
-170
-182
-177
-183
-171
-141
-121
-74
-51
-57
-84
-113
-117
-124
-132
-117
-121
-123
-153
-164
-146
-114
-96
-103
-111
-93
-60
-45
-44
-86
-139
-153
-147
-163
-167
-151
-165
-169
-151
-161
-165
-183
-169
-159
-148
-138
-134
-126
-138
-153
-154
-111
-131
-130
-120
-122
-108
-86
-77
-61
-49
-65
-68
-55
-54
-59
-86
-104
-111
-127
-112
-108
-86
-68
-56
-51
-41
-53
-68
-67
-67
-72
-100
-118
-133
-170
-176
-171
-165
-158
-174
-161
-165
-195
-207
-200
-182
-131
-133
-149
-167
-177
-175
-179
-161
-173
-166
-159
-157
-131
-102
-106
-90
-61
-38
-21
-34
-29
-30
-53
-82
-99
-97
-68
-51
-69
-95
-101
-94
-71
-97
-81
-52
-41
-41
-46
-23
-48
-49
-52
-79
-92
-76
-83
-89
-103
-112
-134
-176
-188
-189
-192
-172
-136
-106
-87
-79
-83
-78
-67
-68
-80
-94
-98
-84
-44
-21
-22
1
-11
-38
-54
-85
-112
-94
-114
-116
-94
-82
-91
-106
-106
-108
-102
-127
-127
-139
-174
-197
-174
-150
-151
-134
-142
-172
-204
-198
-208
-211
-219
-210
-221
-206
-177
-188
-204
-236
-213
-179
-101
-84
-92
-119
-140
-119
-144
-165
-197
-179
-178
-180
-184
-205
-207
-213
-208
-193
-170
-171
-166
-133
-101
-107
-106
-108
-77
-62
-74
-56
-63
-96
-125
-146
-166
-183
-189
-176
-170
-138
-114
-89
-80
-79
-57
-62
-71
-77
-72
-58
-39
-11
1
-12
-9
-5
-40
-66
-60
-61
-58
-53
-51
-55
-51
-39
-15
-10
-17
-26
-50
-53
-51
-57
-66
-59
-40
-43
-55
-70
-76
-94
-131
-157
-177
-149
-129
-118
-110
-110
-93
-102
-96
-101
-99
-99
-95
-97
-120
-117
-128
-141
-161
-178
-203
-203
-199
-149
-137
-147
-160
-157
-135
-142
-113
-74
-64
-103
-124
-133
-102
-81
-77
-96
-126
-111
-123
-159
-180
-204
-204
-215
-197
-193
-225
-264
-277
-266
-292
-298
-295
-263
-250
-226
-195
-165
-123
-109
-105
-125
-116
-130
-150
-153
-127
-124
-155
-201
-210
-194
-201
-200
-187
-169
-175
-175
-163
-150
-163
-172
-172
-161
-138
-137
-154
-177
-163
-153
-163
-184
-168
-163
-179
-178
-189
-170
-154
-148
-133
-123
-120
-127
-145
-153
-123
-130
-126
-134
-149
-155
-155
-127
-160
-178
-197
-157
-127
-111
-105
-155
-172
-168
-147
-117
-77
-57
-44
-34
-41
-79
-100
-114
-148
-162
-151
-118
-106
-104
-113
-126
-105
-160
-169
-133
-109
-98
-90
-76
-88
-101
-115
-105
-90
-83
-77
-59
-69
-75
-64
-62
-47
-53
-26
4
58
106
102
104
85
72
81
73
62
37
22
24
23
28
24
25
5
27
76
81
55
34
14
7
-4
-7
-20
-3
40
72
103
117
122
114
99
90
115
91
100
109
110
95
67
59
42
54
54
60
58
76
80
121
152
182
179
143
134
105
104
112
147
161
136
105
106
117
124
132
139
150
132
123
109
107
105
116
121
119
123
127
132
129
134
126
117
133
154
160
160
140
117
107
124
150
146
134
122
119
128
133
105
97
130
145
157
162
156
128
127
115
90
67
52
40
32
48
65
76
56
52
61
32
8
0
24
56
43
37
11
5
15
4
23
-8
-30
-43
-43
-49
-50
-51
-46
-23
25
28
18
37
50
54
34
18
-18
-30
-33
-42
-40
-46
-49
-39
-9
23
15
6
4
6
1
-26
-42
-80
-101
-106
-107
-121
-141
-146
-112
-119
-135
-136
-126
-82
-40
-40
-56
-63
-72
-90
-74
-43
-19
-17
-46
-63
-77
-84
-94
-45
-38
-48
-45
-66
-84
-73
-36
-27
-9
4
11
18
31
32
30
19
-2
-24
-25
24
24
12
-18
-19
-10
6
20
4
2
9
16
12
17
13
-11
-37
-39
-25
-8
14
12
26
26
14
2
-2
-5
-23
-3
-3
-30
-44
-17
-39
-72
-87
-94
-72
-78
-76
-79
-92
-105
-130
-100
-93
-119
-108
-108
-92
-87
-93
-110
-69
-58
-56
-72
-85
-61
-75
-79
-115
-141
-132
-123
-117
-112
-80
-79
-66
-76
-87
-44
-18
-23
-43
-44
-40
-55
-51
-51
-85
-82
-67
-83
-84
-92
-88
-84
-70
-44
-31
-12
-20
-37
-13
-21
-42
-50
-61
-83
-130
-145
-161
-173
-170
-148
-155
-169
-179
-167
-199
-211
-203
-214
-224
-227
-246
-264
-286
-285
-291
-324
-338
-326
-328
-349
-351
-326
-318
-300
-284
-273
-263
-270
-257
-252
-258
-268
-281
-274
-287
-293
-280
-274
-255
-268
-280
-311
-332
-336
-330
-325
-341
-331
-336
-310
-305
-318
-309
-306
-293
-294
-303
-311
-333
-373
-384
-389
-379
-368
-348
-326
-331
-345
-336
-327
-324
-301
-314
-334
-360
-364
-351
-350
-321
-280
-292
-301
-297
-307
-266
-257
-259
-242
-256
-253
-240
-247
-233
-212
-194
-178
-156
-155
-159
-157
-156
-167
-161
-153
-161
-131
-113
-120
-117
-93
-57
-41
-21
-12
-14
-9
1
12
9
38
52
3
-11
13
-4
-13
-12
-2
2
18
49
68
64
59
60
68
80
90
111
107
114
101
105
89
86
89
92
85
66
67
37
-22
-64
-64
-81
-86
-89
-94
-97
-129
-147
-147
-164
-171
-133
-125
-104
-91
-76
-77
-83
-73
-76
-98
-127
-125
-132
-137
-149
-170
-188
-246
-283
-254
-273
-267
-268
-267
-274
-290
-287
-321
-318
-308
-302
-297
-318
-328
-315
-321
-324
-305
-293
-251
-203
-155
-143
-159
-140
-131
-116
-87
-76
-71
-58
-70
-74
-95
-84
-68
-73
-56
-51
-39
-24
-5
-13
-5
6
36
46
67
89
73
75
81
101
99
84
69
64
85
98
106
92
99
114
144
149
126
114
111
128
133
141
101
76
71
87
89
78
60
74
89
103
105
125
157
183
232
219
196
170
157
187
219
203
185
144
152
183
194
197
182
167
152
170
166
156
161
148
145
152
166
181
167
138
116
106
124
141
149
151
164
151
141
149
141
141
131
121
111
105
87
98
109
107
80
70
98
102
107
116
130
137
101
110
146
145
138
152
126
108
120
119
87
68
49
35
29
42
30
12
-2
-12
17
50
51
44
66
58
67
72
45
25
48
36
29
5
1
-7
-20
-20
-30
-48
-98
-111
-97
-89
-69
-41
-38
-70
-64
-42
-22
2
-10
-26
-31
-20
-7
12
15
37
19
15
1
-66
-63
-60
-79
-53
-12
-3
-22
-18
6
14
-22
-28
-24
-35
-56
-52
-49
-44
-41
-78
-105
-121
-120
-116
-106
-93
-93
-118
-152
-145
-140
-141
-152
-154
-153
-186
-226
-248
-256
-266
-257
-274
-271
-270
-247
-230
-244
-273
-290
-280
-284
-293
-302
-273
-260
-289
-305
-304
-305
-322
-322
-323
-324
-301
-294
-273
-268
-260
-265
-288
-289
-288
-295
-255
-274
-288
-254
-250
-230
-218
-213
-193
-176
-172
-188
-216
-196
-219
-237
-232
-243
-263
-250
-239
-260
-278
-309
-290
-271
-271
-286
-276
-278
-301
-347
-354
-364
-362
-316
-295
-309
-328
-346
-374
-367
-348
-354
-346
-349
-340
-317
-308
-289
-297
-297
-302
-296
-275
-268
-254
-234
-265
-285
-279
-280
-258
-218
-190
-210
-261
-290
-304
-285
-280
-289
-270
-267
-261
-252
-248
-275
-276
-279
-293
-304
-297
-288
-283
-255
-252
-234
-219
-222
-221
-202
-195
-186
-188
-153
-134
-133
-167
-193
-203
-204
-210
-239
-226
-229
-198
-168
-180
-216
-230
-240
-277
-254
-202
-179
-147
-182
-217
-237
-227
-246
-249
-219
-225
-219
-235
-230
-222
-212
-213
-203
-176
-174
-155
-155
-175
-169
-194
-228
-229
-240
-283
-296
-310
-313
-286
-269
-274
-280
-245
-227
-224
-199
-167
-182
-183
-177
-187
-193
-192
-170
-181
-196
-213
-218
-193
-193
-215
-226
-243
-256
-266
-248
-240
-236
-241
-242
-274
-304
-288
-271
-275
-266
-261
-288
-304
-316
-311
-311
-312
-309
-292
-261
-272
-262
-270
-298
-300
-296
-306
-343
-312
-285
-262
-234
-264
-292
-315
-305
-322
-309
-301
-277
-264
-258
-251
-249
-226
-236
-233
-221
-217
-215
-231
-236
-251
-263
-300
-309
-281
-260
-256
-271
-268
-282
-292
-305
-314
-323
-311
-333
-335
-310
-282
-274
-301
-302
-312
-314
-292
-299
-293
-280
-240
-216
-212
-193
-187
-156
-143
-129
-131
-126
-105
-74
-89
-92
-104
-104
-61
-68
-56
-37
-38
-56
-102
-117
-104
-118
-129
-119
-93
-112
-121
-134
-147
-122
-122
-140
-114
-106
-115
-99
-139
-166
-151
-178
-171
-145
-144
-148
-185
-196
-194
-198
-193
-208
-220
-220
-214
-198
-224
-206
-189
-191
-169
-170
-162
-173
-166
-152
-152
-162
-158
-147
-161
-205
-232
-227
-249
-225
-183
-258
-248
-249
-272
-237
-251
-264
-247
-259
-245
-219
-264
-290
-304
-366
-365
-304
-336
-298
-239
-281
-272
-195
-203
-180
-176
-177
-168
-189
-182
-207
-175
-169
-151
-173
-181
-173
-164
-171
-158
-131
-113
-112
-90
-70
-20
-15
-91
-51
-86
-143
-194
-156
-96
-164
-208
-132
-154
-176
-165
-200
-222
-179
-186
-199
-183
-197
-179
-195
-172
-129
-135
-216
-165
-183
-241
-198
-161
-159
-158
-150
-122
-126
-144
-122
-128
-122
-157
-159
-132
-173
-133
-139
-184
-97
-159
-178
-97
-202
-176
-188
-240
-199
-215
-198
-187
-220
-169
-144
-155
-103
-124
-82
-54
-146
-104
-27
-150
-70
-49
-122
-29
-86
-49
72
-8
12
59
-16
-66
-35
53
52
-5
44
14
3
37
15
12
78
24
-43
43
40
106
32
7
104
65
54
-1
46
66
-18
55
-12
-99
-2
-146
-161
-93
-198
-96
-194
-179
-107
-170
-134
-135
-88
-66
-128
-46
-78
-95
2
-91
-96
-35
-149
-59
-161
-139
-96
-166
-126
-160
-108
-108
-167
-159
-170
-149
-138
-264
-116
-94
-167
-105
-112
-21
-90
-137
-20
-122
-74
-4
-38
-56
-21
-111
-102
-105
-104
-73
-132
-74
-44
-120
-99
-85
-117
-96
-84
-123
-190
-116
-49
-198
-106
-52
-132
-139
-148
-54
-115
-148
-34
-110
-87
-47
-76
-109
-123
-134
-134
-146
-142
-128
-207
-158
-178
-175
-150
-166
-210
-196
-177
-170
-189
-123
-187
-183
-121
-252
-163
-212
-200
-129
-159
-155
-139
-167
-157
-171
-108
-145
-217
-139
-88
-240
-160
-88
-281
-161
-125
-207
-104
-63
-106
-82
-58
-77
-117
74
-113
-115
50
-201
-131
33
-199
-143
49
-148
-109
51
-72
-106
45
-165
-122
89
-176
-126
107
-154
-157
29
-112
-86
23
-118
-56
56
-103
-138
36
-24
-168
17
-60
-122
6
-113
-164
129
-171
-134
81
-131
-160
42
-145
-86
73
-138
35
141
-65
-15
102
-32
4
61
-75
11
37
-177
63
32
-124
29
81
-119
79
86
-54
120
-54
120
190
-88
104
185
-88
116
125
26
35
23
78
35
-46
93
149
-61
50
236
77
44
188
215
34
190
332
175
97
256
218
106
33
220
192
-150
169
257
-96
84
203
81
-14
134
91
-110
169
150
-25
168
141
59
7
-49
197
-43
-103
201
68
-109
150
53
55
33
41
193
-27
40
233
-84
43
304
-157
93
240
-112
151
107
-66
149
-54
25
106
-38
138
79
28
36
261
62
114
176
147
175
156
47
92
38
27
6
-87
104
-32
-39
94
-29
29
134
-167
69
233
-68
71
225
-137
154
124
76
193
76
118
205
52
231
118
79
246
6
237
201
99
55
163
-36
163
59
-101
244
-5
-91
140
23
46
80
-95
254
168
13
128
216
230
35
159
398
90
100
446
71
236
231
80
279
227
81
224
199
84
220
282
58
326
355
-45
486
369
-81
538
288
50
526
312
161
440
227
325
289
92
386
290
18
507
200
261
190
223
208
267
68
355
211
-35
427
17
36
479
-174
145
425
-252
306
247
-80
339
203
-176
472
98
-36
337
182
-40
365
61
-49
271
56
90
302
110
189
285
143
120
177
171
-27
268
198
90
265
153
116
229
161
71
252
109
219
363
114
524
239
284
348
202
304
377
173
311
384
150
383
201
90
590
-58
294
587
-159
425
392
-115
454
213
2
388
173
38
317
154
71
348
69
86
485
22
5
473
-38
21
315
74
0
200
209
44
258
153
16
289
-142
137
309
-279
142
298
-381
326
99
-151
245
-48
-60
198
-66
-66
323
-139
6
355
-274
252
97
-177
152
58
-315
45
27
-289
64
155
-297
27
80
-301
169
-217
-155
399
-428
52
223
-316
151
126
-252
236
-3
-166
283
-283
23
173
-174
-112
381
-324
-28
294
-214
65
271
-179
11
304
-424
178
33
-297
179
-153
-286
253
-242
-181
269
-334
-55
41
-362
190
-314
-303
260
-501
-79
180
-617
365
-349
-294
384
-586
265
-75
-303
284
-215
-136
258
-323
223
-136
-133
137
-242
72
74
-317
89
-18
-165
-51
-83
-143
-88
-174
-171
-41
-144
-200
-246
-88
-270
-245
76
-380
-31
-108
-359
-74
-39
-451
-70
-189
-323
5
-172
-453
223
-322
-432
263
-534
-74
17
-523
59
-219
-472
168
-551
73
-477
24
-227
-381
-38
-343
-182
16
-615
228
-272
-453
146
-236
-329
-123
-120
-281
29
-428
133
-245
-331
72
-273
-104
-166
-119
98
-388
-44
23
-441
124
-199
-229
-84
-142
-251
1
-98
-116
-27
31
-390
194
-45
-307
327
-249
54
204
-199
-94
183
-285
273
-176
11
249
-394
1
301
-354
176
108
-94
107
-26
-92
196
-26
-81
436
-115
-49
482
-165
-10
485
-69
81
478
-195
393
186
-326
694
-267
-116
530
-338
185
-32
196
193
-326
406
-21
-226
165
-157
50
-123
12
67
-229
135
-156
91
-67
-136
337
-219
-102
247
-209
-97
61
-16
-108
206
-142
36
-22
20
48
-174
149
12
-329
46
108
-455
80
-181
-118
92
-473
25
44
-673
169
-231
-376
189
-629
-16
13
-611
366
-347
-78
26
-283
173
-329
4
-55
-269
233
-410
-199
115
-517
-79
-27
-319
-57
-232
-349
98
-497
122
-239
-411
29
-433
-92
-335
-197
-40
-625
90
-268
-400
14
-444
-91
-308
-374
-77
-287
-294
-11
-571
-138
-148
-490
36
-259
-263
-3
-420
-52
-154
-365
226
-511
112
-47
-476
203
-366
-159
24
-301
-39
-150
-319
-53
-168
-188
-315
-31
-164
-471
59
-75
-620
312
-556
-163
265
-854
373
-186
-740
662
-613
-231
392
-607
26
143
-477
245
-79
-215
214
-264
122
-234
-164
145
-576
395
-215
-585
660
-896
388
-33
-419
296
-65
-366
301
-234
136
-267
190
-25
-385
269
-94
-443
358
-168
-378
339
-332
-122
122
-420
-87
111
-723
406
-263
-279
160
-117
-216
-40
-20
44
-104
-33
183
-282
181
-145
-95
4
-17
-55
-298
425
-647
382
-194
-283
149
-92
-236
164
-189
-283
84
-163
-263
212
-263
-149
81
-419
328
-475
58
-65
-249
33
-214
44
56
-331
172
-60
-243
-108
162
-434
124
56
-457
410
-343
-19
166
-401
-10
141
-308
41
162
-237
-103
168
-98
-104
304
-303
55
115
-407
310
-273
52
-103
2
-208
82
-305
138
-389
-8
-70
-459
274
-569
-128
341
-1057
262
-34
-729
336
-348
-360
206
-408
-234
231
-719
272
-379
-281
83
-556
80
-216
-271
78
-733
224
-363
-382
322
-623
-68
61
-621
260
-352
40
-244
1
-136
-34
-2
-441
339
-358
-276
296
-419
-20
-133
-95
-161
-207
364
-545
129
23
-381
166
-194
-267
147
-408
-119
101
-644
9
-58
-395
86
-371
-83
68
-739
463
-550
-49
-6
-313
-65
-92
-225
56
-334
27
-94
-578
235
-385
-151
-357
94
-301
-397
118
-662
179
-408
-386
189
-833
119
-42
-840
442
-378
-478
120
-591
-375
317
-1289
575
-772
-442
88
-649
3
-267
-486
234
-531
-213
164
-366
-138
-58
-255
-315
-106
-388
-127
-386
-12
-300
-369
-32
-583
21
-371
-299
143
-710
354
-536
-295
245
-605
164
-225
-299
174
-676
168
-51
-545
317
-516
8
-472
131
-567
-88
-105
-382
59
-455
-130
-204
-368
-68
-543
289
-862
424
-432
-729
491
-757
-69
-77
-107
-446
166
-445
-53
-233
-261
-353
179
-617
11
-98
-523
226
-445
-14
-52
-353
-15
-251
-20
-143
-242
-34
-194
-198
-121
107
-651
645
-646
-219
408
-950
502
-481
-404
348
-837
318
-458
-551
619
-1205
398
-295
-653
358
-624
-425
298
-648
-311
362
-926
213
-156
-635
213
-431
-121
-214
-294
165
-620
102
-337
-178
-171
-231
-57
-363
-17
-93
-605
391
-503
4
242
-794
508
-212
-464
607
-368
-233
492
-644
-55
508
-1013
581
-341
-321
452
-607
171
165
-770
669
-840
258
-83
-411
245
-336
-150
276
-430
125
-7
-300
226
-265
165
-127
151
65
-3
14
117
-156
544
-496
787
-373
298
-101
45
101
-291
267
86
-271
55
96
-214
25
110
-428
182
-136
-149
110
-304
108
-200
-152
-72
231
-348
149
16
-289
155
-10
-198
372
-600
422
-223
-191
551
-552
-2
214
-552
174
140
-531
152
-32
-536
242
-291
-371
437
-744
225
212
-532
344
72
-388
189
-61
-42
-363
339
-212
-184
89
-54
-414
339
-189
-258
246
-374
-157
375
-634
213
100
-374
67
279
-487
241
51
-328
238
143
-330
395
-36
-296
584
-335
57
453
-105
66
345
-261
234
103
315
-76
198
226
-311
481
-169
125
290
-245
209
50
133
16
91
161
-93
315
-167
323
-142
149
229
-206
364
89
-110
253
61
-17
415
-122
473
50
-71
546
-130
160
284
-135
364
84
159
104
431
-14
375
53
283
164
209
-43
401
86
-32
525
-14
243
282
181
287
501
66
380
478
-107
597
87
361
418
318
359
193
593
24
473
372
73
419
520
-53
475
516
-296
752
189
-39
829
-209
232
586
-87
329
523
-227
827
-69
-11
727
-140
314
323
-24
273
145
-33
272
-5
-101
512
-341
193
219
-477
407
-94
-47
80
45
-87
134
-19
40
79
-47
77
-23
170
-88
133
54
-100
-156
472
-335
100
218
-387
397
-523
312
-87
202
-439
403
-328
-175
184
-91
232
83
40
-60
326
-34
250
220
162
-210
463
-290
219
302
-512
603
-384
-149
719
-996
972
-422
-274
494
-434
-137
565
-831
520
-223
-350
556
-656
-9
-27
-353
-106
-212
-176
-116
-550
193
-766
223
-299
-596
258
-569
-253
346
-1098
654
-648
-379
72
-160
-311
51
-402
-105
85
-537
210
-84
-502
319
-352
-33
-197
64
31
-409
164
-218
-136
-52
56
-48
5
-383
283
-152
-173
88
235
-665
648
-379
257
-79
-211
643
-667
363
1
26
-64
-16
545
-457
258
96
-87
199
16
63
-135
172
-76
68
194
4
-109
621
-735
673
-81
-39
374
-180
491
-359
584
-278
52
273
-61
322
-287
541
-79
-264
684
-268
280
214
-170
326
-118
277
291
-264
296
335
-682
437
219
-656
795
-475
35
441
-485
1008
-299
159
681
-60
83
478
190
358
-28
518
156
251
156
713
-293
383
558
-941
1094
-606
641
436
-1034
1487
-719
-225
1019
-370
432
-126
636
-378
630
-50
8
640
-551
935
-415
103
383
124
-436
721
-193
-448
975
-697
297
265
-240
279
388
-444
715
-246
-141
496
-123
-369
569
104
-591
973
-480
-165
710
-708
943
-325
247
145
-417
802
-90
-451
543
1
-391
565
23
34
260
-312
213
597
-954
1331
-534
-95
1094
-1138
817
-260
235
132
-221
682
-431
309
2
127
26
481
1
122
375
-129
346
110
138
715
-362
782
29
-49
716
-373
691
-382
332
426
-583
859
-520
637
47
139
284
39
429
-1
446
145
330
14
405
-301
748
-146
228
613
-378
616
-191
380
192
29
43
287
257
-149
529
-156
330
202
38
170
455
-111
44
544
-279
580
-130
231
562
-57
40
90
285
22
714
-34
125
432
-598
797
130
70
463
-218
243
15
344
29
137
-79
494
-140
320
287
-242
614
61
811
342
285
476
-328
236
523
325
502
212
258
115
52
584
-311
777
46
54
341
-500
25
183
-446
576
-58
-466
319
-798
345
535
-583
525
-189
-153
518
-290
466
430
43
360
385
504
225
277
538
290
404
275
356
494
320
499
773
-18
597
473
156
664
141
268
396
-22
679
97
302
767
-287
467
207
-6
545
91
370
379
61
384
279
-36
600
154
17
355
-9
137
-182
243
118
173
103
143
315
-42
217
143
129
66
372
178
117
509
78
95
308
410
97
97
515
157
318
330
269
176
115
278
455
165
410
467
164
281
328
214
359
200
357
389
223
112
135
206
328
26
-89
451
-311
-58
201
-41
23
-25
-177
-29
-140
-194
13
-464
-2
-161
-310
235
-170
-93
-49
47
0
138
189
114
62
341
436
119
537
423
458
438
481
323
319
432
477
547
476
550
349
347
474
153
397
496
274
322
57
175
-56
175
90
71
109
-177
-38
-291
-134
-300
-183
193
-258
-443
-188
-430
-468
-383
-96
-308
-659
-354
-284
-518
-384
-259
-187
-176
-69
207
102
86
140
57
573
348
511
670
563
687
455
549
933
625
686
658
582
590
469
717
540
359
311
463
18
108
-58
-128
-2
-22
-34
-208
-289
-459
-335
-489
-518
-376
-698
-417
-384
-592
-558
-657
-564
-427
-520
-669
-185
-585
-654
-262
-616
-393
-569
-332
-327
-168
-232
-20
284
98
297
327
341
656
605
794
1187
1051
1064
1187
1299
1262
1239
1348
1565
1240
1172
1077
892
909
591
552
454
84
49
-17
-146
-433
-673
-726
-743
-695
-946
-848
-1006
-1204
-914
-765
-835
-870
-920
-961
-929
-737
-645
-697
-636
-599
-607
-499
-244
-558
-518
-259
-191
-303
-181
96
132
321
597
803
737
571
709
904
1441
1814
1935
1988
1794
1648
1798
1945
2066
2043
1783
1856
1554
1205
803
675
429
256
280
51
-328
-816
-942
-1193
-1009
-1236
-1461
-1551
-1604
-1722
-1625
-1481
-1397
-1381
-998
-770
-521
-654
-730
-407
-411
-45
-33
27
-208
-317
-325
-425
-507
-417
-415
-319
232
179
197
164
-61
-52
691
885
1147
1333
1342
1289
1163
1713
2153
2348
2117
2323
2332
2246
1962
1995
2010
1519
1244
999
753
324
-154
-495
-788
-1076
-1246
-1558
-1858
-2099
-2377
-2351
-2221
-1923
-2020
-1747
-1717
-1698
-1399
-1367
-1051
-741
-391
-175
-44
-103
-41
26
227
386
202
-103
-467
-663
-314
-513
-167
511
659
198
-542
-616
-112
588
1029
1997
1880
841
-300
861
2030
2349
2378
2937
2777
1677
1286
1754
2250
1653
1624
1706
1168
-260
-674
-701
-693
-769
-1005
-1078
-1876
-2582
-2870
-2942
-2668
-2204
-1929
-1761
-1912
-2056
-2168
-2008
-1234
-638
-135
-121
-93
-399
-587
-353
131
892
514
179
57
-554
-1129
-1149
-503
-57
851
1113
545
-957
-1496
-534
747
1892
2368
1590
-20
-66
1030
2499
2284
1747
2504
2895
2655
2054
1384
916
997
1633
2262
1321
-524
-1849
-1705
-847
-600
-1194
-2135
-2541
-2769
-2878
-2909
-2896
-2721
-2343
-1496
-947
-1571
-2385
-2466
-1306
71
466
179
-19
-278
-459
251
755
701
188
-113
42
-308
-1243
-1520
-1343
-605
1287
1581
298
-2475
-2471
-715
854
2690
3038
1002
-1839
-1115
2082
3663
2165
1658
1841
2139
2512
2819
2340
308
372
2102
2675
1241
-739
-2134
-1885
-757
491
-732
-2873
-3624
-3128
-2397
-2265
-2171
-2694
-2697
-1872
-793
-1131
-2381
-2301
-578
838
935
360
-363
-659
-481
1113
1926
1041
-415
-799
-47
-285
-943
-1392
-1427
-1834
66
1683
629
-2485
-3864
-1404
484
2364
2980
1528
-2158
-2893
983
4584
3577
1408
1372
1722
2465
2677
2928
1117
341
1628
3000
2046
-641
-2667
-2533
-784
830
124
-2974
-4497
-4291
-2709
-2103
-1954
-2471
-3080
-2633
-1367
-839
-1724
-2278
-805
1339
1618
672
-482
-454
-89
1265
2627
2308
113
-1058
-304
631
-75
-1036
-1175
-1531
-1387
92
1316
-480
-3373
-3497
-410
1085
1525
1664
321
-2345
-2292
1996
4595
2604
410
1334
2137
2347
2499
2979
1404
576
1916
2728
1228
-1081
-1874
-1451
-222
888
-449
-3589
-4878
-3622
-2260
-2160
-2157
-2470
-3118
-3119
-1823
-757
-1563
-2077
-500
1401
1217
-172
-632
-48
473
1512
2672
1976
-456
-1454
-14
863
-151
-1167
-1379
-1692
-1534
435
1114
-1281
-4056
-2775
20
1040
1306
1116
-798
-3085
-971
3235
4049
1116
164
1413
2148
2544
2946
2572
571
658
2354
2605
493
-1294
-1816
-1043
193
710
-1539
-4467
-4774
-2886
-1694
-2066
-2474
-3119
-3432
-2976
-1187
-475
-1783
-2063
-288
1164
582
-642
-480
260
870
1755
2143
483
-1420
-1202
670
849
-725
-1781
-2256
-2391
-741
1524
570
-3067
-4750
-1983
473
1291
1660
414
-2566
-3187
1086
4774
3092
-36
165
1677
2701
3377
3310
1171
-423
1167
3422
2350
-47
-1801
-2091
-1000
1142
911
-2641
-5310
-4431
-1840
-1226
-1773
-2570
-3487
-3803
-1943
-129
-730
-2406
-1887
457
1547
375
-642
-435
-199
944
2487
2192
-427
-1956
-612
877
207
-1194
-1491
-2401
-1495
1166
1608
-1537
-4953
-2892
213
1665
2326
1610
-2063
-4582
-936
4843
5022
1028
178
408
1275
2609
4456
3484
155
129
1838
2045
617
-790
-1222
-1252
143
773
-2297
-4900
-4467
-2213
-1166
-1673
-2161
-3679
-4590
-3042
-380
175
-1858
-2485
-951
327
112
-262
125
50
34
1280
1963
115
-1637
-1054
939
556
-841
-1408
-2247
-2586
-292
2178
861
-3243
-4132
-1356
369
1894
2375
543
-3462
-3071
2221
4835
2367
275
666
1139
1922
3542
3535
450
-643
1505
2780
1119
-523
-1561
-2091
-1019
1190
19
-3925
-5713
-3634
-1630
-1554
-1966
-2760
-4210
-4248
-1712
214
-1016
-2776
-1898
-108
522
-187
-213
-421
-547
426
1763
1218
-1325
-1955
-458
408
-318
-1160
-1754
-2589
-1188
1381
1441
-2347
-4116
-1689
562
1989
2309
910
-3202
-3741
1318
5429
3183
-178
-385
314
1378
3175
3925
914
-1431
-122
1959
1334
-620
-1945
-2377
-1765
329
-262
-3488
-5673
-4456
-2230
-1630
-1954
-3051
-4400
-4513
-2346
-432
-826
-2641
-2646
-1029
91
-230
-352
-315
-622
-211
963
1016
-1073
-2093
-772
574
-499
-1500
-2160
-2899
-1551
1236
1796
-1987
-4880
-2802
107
1982
2490
1163
-2994
-4617
148
5024
3858
207
-591
-180
635
2492
3995
1273
-1463
-526
1776
1094
-929
-1912
-2306
-1926
-152
-105
-3254
-5811
-5034
-2533
-1748
-2108
-2998
-4368
-4939
-2898
-564
-380
-2118
-2671
-1362
-350
-91
-10
297
-298
-292
669
1080
-472
-1603
-639
350
-94
-1053
-1656
-2741
-1768
1063
2193
-865
-4084
-2843
-683
1477
2824
2296
-2189
-4747
-594
4474
4199
918
-149
-447
216
2376
4482
2109
-1007
-794
1130
1413
343
-940
-2330
-2314
-212
181
-2583
-4750
-4412
-2993
-2183
-1479
-2063
-3818
-4663
-2686
-437
-482
-1558
-2015
-1367
-505
344
727
666
-218
-71
693
969
71
-802
-322
-219
-293
-807
-809
-2274
-1650
871
1869
-536
-3533
-2147
-669
1336
2681
2624
-1482
-4333
-802
3970
4395
1648
618
-374
-42
2100
4348
2820
-353
-275
827
838
514
-346
-1731
-2320
-376
261
-2503
-4521
-3885
-2697
-2389
-1734
-1827
-3502
-4623
-2833
-420
-220
-1311
-1603
-1050
-753
-10
876
1066
297
-7
732
864
-23
-592
-95
294
-404
-894
-1011
-1913
-2645
-574
1957
984
-2361
-3680
-1730
-322
1972
3116
1606
-3113
-3850
817
4558
3823
1478
528
-670
614
3128
4442
1821
-1
469
790
802
771
-56
-2019
-1880
244
-323
-3324
-4271
-2970
-2353
-2554
-1836
-1860
-3554
-4246
-2159
-69
-241
-1547
-1532
-763
-262
512
1264
1324
408
453
903
980
115
114
736
552
-315
-694
-1133
-1875
-1823
808
2012
-119
-3224
-3272
-1060
416
2322
2628
257
-4015
-2936
1841
4815
3294
1106
348
-362
1057
3414
4287
2025
398
796
721
489
718
321
-991
-1036
117
-1173
-3792
-3943
-1933
-1767
-2487
-2341
-2446
-3990
-4191
-1545
251
-801
-2386
-1861
-765
-247
520
1504
1305
86
76
1034
825
395
680
1266
171
-498
-670
-936
-1558
-1274
1315
1347
-495
-2992
-2525
-1150
211
2270
2378
30
-3807
-2570
1476
4440
3226
1133
105
-588
1120
3457
4274
2124
374
366
360
896
1360
559
-1405
-1391
208
-840
-3167
-3444
-1854
-2079
-2534
-1832
-1831
-3912
-4301
-1277
622
-632
-2142
-1518
-692
-233
718
1883
1263
133
57
1204
956
519
809
850
458
-127
-87
-1284
-1673
-1293
373
1459
432
-1282
-3348
-2410
-756
2074
2610
1204
-2144
-3793
-704
3222
4666
2030
418
-534
252
2651
4625
3914
1379
312
434
975
1922
1790
21
-1361
-158
-57
-2205
-3251
-1769
-1473
-2496
-2160
-1647
-3184
-4415
-1970
371
-483
-2208
-1828
-934
-622
353
1741
1550
125
-68
835
1569
1235
1147
1183
637
355
-122
-27
-1036
-810
-917
304
940
333
-1662
-3543
-1920
-79
2320
1930
502
-2855
-3432
-57
3936
4204
1394
-72
-751
509
2925
4669
3658
833
15
274
1265
2272
1805
115
-1169
-321
-979
-2187
-2237
-1008
-1603
-2822
-2604
-2568
-3387
-3226
-1063
-441
-1589
-2303
-1590
-883
-347
800
1411
687
-72
42
950
1393
1623
1498
749
73
-132
183
-16
-371
-577
-1268
-1101
462
681
-1237
-3646
-2601
-726
710
1275
925
-2169
-4655
-1693
3005
4377
1311
-259
-1085
-449
2238
4885
4104
747
-357
108
973
2572
2900
730
-2064
-1322
-44
-963
-1756
-1093
-1679
-3460
-3047
-1534
-2022
-3678
-2510
-751
-1031
-2212
-1920
-1058
-784
-93
1290
1319
11
-444
763
2200
2296
1558
799
173
431
947
1107
161
-767
-1210
-1458
340
1224
324
-3041
-4042
-1960
75
1461
1170
-373
-4339
-4051
552
4638
3135
138
-673
-700
985
3608
5471
3190
127
-337
1056
2982
3575
1927
-843
-1495
353
568
-797
-1320
-1498
-2807
-2987
-1416
-1063
-2995
-3468
-1425
-497
-1475
-2019
-1255
-911
-472
857
1872
798
-279
337
1821
2326
1966
1866
999
545
526
1288
983
136
-743
-1177
-1688
-317
843
-12
-2906
-3936
-2268
-1046
437
1019
52
-3840
-4254
-394
3455
2914
869
65
-693
375
3289
5601
3819
691
149
790
2370
3306
2811
69
-1737
-671
100
-366
-1068
-1206
-2780
-3630
-2434
-958
-1806
-2988
-2255
-1646
-2097
-2308
-1011
-265
-551
-146
819
840
211
336
1548
2191
2084
1852
1404
854
466
1148
1136
321
-810
-1579
-1647
-1840
-66
184
-1222
-4188
-4146
-2169
-890
354
104
-1073
-4562
-3201
734
3569
2097
336
494
154
1466
4076
5604
3145
781
1194
2148
2869
3263
2701
-19
-1150
440
848
-580
-1535
-1088
-2558
-3180
-1616
-528
-2560
-3954
-2244
-1021
-1701
-1867
-683
-834
-1134
9
1636
1144
332
909
1944
2165
2243
2344
1403
622
970
1503
797
-358
-675
-1243
-1802
-2004
-1219
-684
-1729
-2683
-3718
-3010
-2547
-797
181
-151
-2393
-3608
-1236
1714
3137
1894
1097
349
641
2754
5132
5097
2289
644
887
2430
4078
3751
1336
-1424
-945
346
751
185
-440
-2280
-4264
-3088
-720
-602
-2607
-2861
-2032
-2009
-1892
-725
-44
-769
-630
779
1464
863
606
1218
1621
1661
2142
1751
654
-100
456
746
165
-521
-1287
-2202
-2605
-1823
-1497
-1187
-1908
-2398
-3765
-3504
-2229
-582
-195
-741
-1794
-2784
-1020
1525
2954
1520
891
955
1408
2470
4134
4451
2413
1191
1533
2382
3040
2766
1563
-339
-309
211
188
-441
-452
-1435
-3108
-2553
-1031
-663
-2232
-2083
-1508
-1656
-1719
-528
384
-402
-595
200
1083
853
986
1354
1097
762
996
1731
1230
392
-273
-131
-143
-211
-362
-1075
-2025
-2650
-2113
-1777
-1613
-1404
-1775
-2525
-3371
-2177
-1426
-543
-409
41
-966
-1757
-385
1681
2660
1583
1626
1672
1864
2353
3556
3780
2352
1595
1710
2243
2230
2045
1345
114
8
190
467
45
-263
-1387
-2230
-1719
-532
-183
-1089
-1276
-1182
-1249
-1284
-439
306
-6
-459
-118
523
423
229
623
946
752
341
477
666
681
265
156
-23
-115
-631
-867
-1009
-985
-1578
-1861
-1762
-1243
-786
-1003
-1595
-2236
-1862
-1351
6
891
816
-912
-1549
-54
1903
2255
1832
1672
1144
713
1941
3630
3532
1522
675
1126
1983
2564
2599
1484
-127
-335
336
960
1123
807
-836
-2171
-1431
140
238
-660
-933
-1270
-1812
-1296
71
211
-909
-1123
-589
-303
-494
-98
109
-58
-36
336
390
-123
-243
9
258
224
142
-130
-680
-814
-498
-354
-812
-1235
-1236
-1354
-1106
-578
-416
-1032
-1726
-1413
-869
-144
421
617
-455
-1249
-327
1144
1710
1280
1093
767
813
1786
2862
2736
1573
1046
1118
1749
2517
2715
1707
224
181
843
1351
1203
846
-395
-1483
-1133
-52
167
-769
-1370
-1671
-1827
-1496
-615
-482
-1285
-1693
-1252
-722
-621
-397
-180
-454
-598
-292
228
185
202
386
497
292
231
485
538
490
357
144
-298
-479
-276
-392
-710
-688
-612
-715
-726
-375
-527
-1077
-1093
-400
113
-167
-429
-563
-301
-12
490
736
672
443
486
1072
1533
1625
1174
967
1060
1304
1632
1805
1510
623
351
698
1016
824
396
-210
-893
-883
-418
-224
-680
-1138
-1480
-1728
-1296
-651
-640
-1411
-1427
-856
-712
-715
-371
-175
-680
-591
266
905
485
169
384
525
558
763
937
571
294
395
440
342
361
320
-131
-272
-80
-90
-420
-490
-192
-380
-537
-355
-160
-571
-890
-577
-248
-268
-452
-391
-597
-577
-140
335
305
174
335
522
753
1222
1400
1042
807
1267
1528
1403
1361
1417
864
209
436
783
465
-232
-508
-754
-868
-760
-579
-765
-1037
-871
-811
-800
-581
-238
-337
-540
-123
199
59
-137
228
537
526
645
1068
1148
620
519
866
1044
943
934
981
654
348
440
703
643
417
209
40
-127
-84
-63
-320
-615
-664
-578
-596
-417
-338
-629
-1024
-792
-250
-117
-256
-207
-131
-231
-150
372
609
372
122
331
486
543
654
758
607
388
543
703
670
618
727
775
516
356
434
372
197
180
279
318
184
25
18
80
182
122
-5
18
163
244
217
283
298
301
224
328
483
570
503
345
307
369
460
366
241
116
159
108
87
148
120
65
55
31
-63
42
213
167
24
102
342
327
158
165
228
52
-13
203
290
132
-152
-150
-108
-91
-81
-23
-11
-109
-184
-202
-89
16
80
-9
22
164
273
264
327
494
612
462
431
534
662
612
586
711
648
490
436
681
730
605
564
727
640
432
456
695
733
530
406
439
545
556
492
500
496
407
251
290
403
470
411
323
306
127
10
49
301
343
99
-105
29
209
184
89
234
300
39
-33
393
703
411
104
329
676
599
561
795
861
542
416
740
930
688
372
309
387
440
330
118
-68
-119
-184
-303
-323
-165
-345
-686
-709
-498
-567
-656
-448
-295
-447
-570
-292
-178
-188
0
317
254
113
258
530
622
735
917
844
605
617
852
863
792
663
552
304
397
573
608
405
197
37
-98
53
163
148
-91
-55
-29
-168
-183
-9
65
-110
-63
118
172
15
167
482
547
457
434
467
421
534
705
703
505
400
430
402
386
422
276
-2
45
290
300
128
4
-24
-174
-183
35
89
-137
-331
-235
-190
-270
-230
-77
-120
-360
-460
-377
-335
-408
-412
-347
-314
-295
-275
-339
-364
-250
-180
-185
-153
-20
-26
-34
121
269
146
7
145
344
354
256
314
394
298
239
277
382
355
300
322
333
314
194
216
177
166
129
120
137
36
-44
-74
-63
-89
-97
-36
-35
-150
-170
-96
4
-45
-89
-125
-19
44
142
208
239
262
282
327
307
347
386
383
386
427
476
348
249
253
334
356
280
142
21
34
75
121
67
-66
-222
-355
-301
-132
-59
-193
-327
-343
-273
-215
-104
-8
-87
-242
-221
-14
108
128
120
144
112
44
99
182
161
76
-13
56
54
-12
-119
-146
-166
-232
-266
-243
-250
-289
-286
-203
-155
-187
-209
-233
-176
-146
-62
39
106
86
-9
-33
125
303
285
180
171
197
196
228
280
320
232
77
9
53
101
129
170
112
4
-35
-6
46
30
55
12
-27
-43
30
40
-22
0
-16
23
55
180
205
83
52
166
265
253
255
240
204
204
182
73
-121
-148
-76
-118
-200
-247
-340
-527
-543
-411
-386
-550
-668
-644
-526
-467
-471
-459
-427
-349
-315
-199
-130
-70
-90
-14
202
265
153
-56
-35
128
216
137
59
-36
-146
-188
-64
32
-65
-239
-278
-260
-291
-330
-264
-185
-187
-198
-205
-225
-312
-356
-247
-172
-153
-112
-108
-78
-19
3
-28
-70
12
148
186
126
126
110
14
37
225
358
217
99
129
101
9
38
136
122
-9
-43
-48
-127
-141
-68
22
60
14
-120
-185
-45
190
233
121
107
59
-26
9
232
337
77
-129
-27
126
97
87
192
166
15
-37
110
234
166
6
-18
44
50
10
-16
-9
-32
-112
-161
-147
-114
-166
-175
-77
-72
-163
-188
-130
-90
-71
-80
-103
-78
-16
36
6
-26
10
59
115
71
45
27
82
139
174
200
184
193
159
222
268
218
123
47
148
288
349
294
204
127
107
191
250
112
-27
48
234
304
255
169
71
-34
44
245
259
38
-78
13
86
116
174
115
-126
-258
-102
129
110
-76
-176
-175
-67
73
162
72
-97
-158
-139
-17
92
131
20
-76
-30
95
62
7
85
88
-6
-19
99
30
-122
-78
94
117
33
47
3
-99
-15
236
272
95
22
74
125
147
228
248
98
-63
26
203
275
158
62
56
43
41
57
86
22
-144
-182
-46
65
45
-44
-77
-91
-69
-37
53
84
52
-30
0
88
65
-38
-55
75
124
53
38
154
117
-27
23
219
230
49
37
134
128
66
127
183
95
-30
-36
17
-39
-120
-142
-98
-42
-36
-71
-66
-69
-62
-82
13
123
119
26
5
92
101
83
100
140
87
-5
12
25
20
-61
-110
-143
-185
-176
-166
-136
-135
-193
-241
-236
-158
-117
-159
-217
-201
-154
-103
-34
0
7
-10
11
42
48
58
69
34
13
18
21
31
40
30
-35
-109
-87
15
57
-8
-66
-70
-65
-79
-37
-8
-75
-154
-142
-45
6
-16
-58
-76
-97
-84
-42
-71
-43
-4
38
1
-31
7
9
54
161
230
100
-55
-34
112
142
136
140
29
-110
-90
56
104
47
8
-25
-44
-14
57
95
94
150
158
142
168
202
176
112
150
223
186
109
141
168
147
98
155
223
211
212
235
253
194
185
194
162
142
99
32
-26
-59
-116
-143
-168
-152
-169
-232
-257
-230
-222
-206
-128
-100
-151
-261
-286
-279
-246
-193
-178
-203
-229
-213
-196
-171
-186
-185
-140
-93
-58
-38
-36
-50
-66
-29
56
108
118
88
128
196
191
161
175
173
189
192
189
170
121
84
43
32
-3
-56
-79
-44
-11
-35
-81
-90
-55
-40
-7
36
-19
-96
-93
-48
-70
-152
-171
-166
-172
-161
-177
-213
-237
-197
-192
-201
-190
-224
-272
-286
-226
-223
-267
-239
-169
-168
-211
-222
-245
-356
-419
-378
-274
-251
-300
-357
-386
-364
-335
-261
-237
-263
-288
-265
-215
-156
-108
-143
-146
-59
34
60
47
79
95
119
173
236
223
111
77
147
177
143
112
97
24
-2
46
93
19
-102
-121
-52
-40
-65
-91
-156
-162
-114
-69
-96
-148
-167
-165
-134
-70
-63
-151
-204
-138
-39
8
-28
-62
-64
-82
-9
65
77
-13
-76
-39
16
58
64
26
-41
-58
-21
68
135
121
64
63
81
116
118
123
146
178
154
107
111
97
69
55
55
31
11
-12
-13
-11
-49
-108
-114
-106
-115
-153
-142
-119
-166
-212
-200
-151
-139
-123
-160
-233
-271
-234
-159
-134
-176
-218
-239
-240
-167
-129
-138
-184
-232
-243
-223
-210
-175
-174
-204
-209
-192
-157
-138
-133
-181
-212
-161
-119
-114
-103
-93
-112
-146
-116
-38
-9
-43
-35
13
24
17
10
27
4
1
71
99
81
36
1
24
72
77
24
-32
-31
-5
-10
-25
-42
-84
-109
-121
-100
-97
-128
-113
-121
-157
-180
-166
-172
-197
-218
-185
-196
-254
-234
-178
-204
-228
-158
-123
-171
-213
-163
-106
-62
-8
40
38
38
29
-4
-10
25
80
94
80
98
86
75
77
87
92
47
77
105
131
125
91
68
-6
-43
-23
-28
-59
-70
-47
-39
-55
-93
-64
4
36
37
7
-34
-53
-2
61
64
14
-52
-98
-108
-47
25
17
-71
-84
-73
-67
-80
-88
-92
-121
-125
-142
-128
-127
-136
-141
-129
-97
-48
-24
-12
34
51
70
92
97
108
154
224
253
234
191
183
174
135
152
148
122
110
87
62
7
-49
-92
-133
-163
-169
-156
-186
-187
-157
-137
-138
-119
-150
-225
-222
-134
-77
-89
-118
-164
-208
-227
-191
-198
-224
-264
-264
-273
-301
-308
-283
-311
-337
-326
-327
-321
-337
-318
-298
-329
-335
-341
-355
-306
-241
-193
-184
-136
-106
-59
-36
31
11
-8
-1
-67
2
-2
11
0
-14
12
2
-50
-46
-51
-43
-60
-18
22
16
21
36
44
25
14
32
54
80
88
75
79
73
53
49
29
25
-39
-124
-142
-155
-191
-254
-282
-293
-266
-264
-249
-254
-325
-355
-332
-275
-275
-291
-270
-272
-236
-194
-161
-189
-194
-103
-28
-52
-88
-77
-84
-125
-86
-31
-63
-139
-174
-149
-114
-130
-171
-234
-293
-302
-237
-212
-203
-218
-252
-256
-227
-155
-168
-194
-192
-175
-205
-151
-88
-81
-112
-84
4
-13
-69
-58
-17
-34
-54
-44
-35
-99
-139
-83
-70
-103
-80
-26
-7
-35
-86
-124
-153
-150
-84
-66
-101
-158
-162
-153
-134
-101
-116
-191
-208
-181
-165
-157
-154
-142
-151
-152
-140
-130
-154
-177
-150
-123
-134
-150
-177
-157
-92
-38
-35
-24
-27
-30
-8
43
67
16
-30
2
110
155
162
107
26
17
50
85
72
11
-24
-52
-24
5
-23
-62
-108
-134
-168
-155
-130
-168
-191
-172
-120
-96
-77
-61
-75
-68
-45
14
64
63
39
47
67
24
-29
-28
2
24
38
32
40
39
10
3
8
3
-26
-63
-64
-63
-91
-110
-120
-112
-91
-89
-75
-66
-98
-117
-91
-39
-8
-7
-52
-66
-67
-74
-69
-43
-49
-65
-68
-70
-119
-150
-163
-193
-196
-200
-215
-243
-264
-304
-320
-327
-320
-366
-425
-435
-390
-349
-340
-343
-324
-310
-301
-267
-278
-271
-246
-243
-234
-246
-280
-282
-244
-182
-169
-220
-266
-243
-231
-248
-231
-200
-228
-273
-242
-173
-155
-134
-152
-122
-123
-126
-50
-53
16
-61
-35
-47
-40
-19
-78
-33
-56
-16
-95
-54
-41
-27
-12
-39
-14
-46
-32
-90
-82
-147
-171
-195
-178
-187
-238
-227
-242
-210
-218
-201
-210
-221
-212
-215
-140
-122
-152
-170
-141
-86
-83
-52
-50
-40
-56
-75
-47
1
14
1
54
53
39
-8
-53
-60
-74
-82
-83
-46
-101
-115
-109
-97
-115
-137
-128
-130
-68
-55
0
17
12
0
-5
66
100
128
77
101
159
101
111
88
116
108
68
69
40
26
-9
19
-3
-81
-135
-154
-148
-150
-135
-108
-93
-140
-168
-137
-160
-156
-195
-166
-138
-135
-137
-190
-189
-209
-157
-182
-130
-146
-151
-142
-189
-161
-205
-221
-234
-208
-196
-197
-168
-162
-193
-207
-122
-163
-118
-93
-108
-71
-20
-26
-28
-44
-32
-36
60
142
106
113
102
61
65
118
-54
-7
23
0
-10
-3
-24
-49
-79
-141
-57
-122
-151
-148
-276
-199
-170
-213
-206
-190
-266
-189
-272
-211
-172
-364
-144
-296
-251
-161
-359
-312
-203
-378
-274
-183
-235
-334
-174
-253
-260
-197
-265
-177
-292
-87
-189
-202
-99
-146
-139
-31
-103
-127
-115
-85
-52
-42
-3
-28
-39
57
42
-4
106
49
218
58
224
131
5
129
47
13
85
15
24
130
13
137
42
47
-59
103
-18
87
119
53
-13
80
-3
2
-8
6
-40
-111
76
-115
-28
-114
-51
-256
194
-141
-45
-70
-135
-52
-38
82
-156
52
-177
-38
-79
-24
12
-194
69
-149
-91
176
-132
125
-90
23
49
67
98
-43
114
-46
14
101
-31
41
82
-33
118
2
47
-105
39
-6
12
164
-135
32
-170
-38
-37
-192
47
-173
-69
-80
-154
-102
-73
-141
-69
-193
-58
-127
-8
-11
-101
154
-125
157
-147
19
-9
-206
263
-268
89
-185
-29
42
-144
162
-117
93
-26
91
20
8
148
127
80
242
77
119
136
181
151
59
198
-8
196
97
26
38
48
114
-16
229
25
67
51
-89
226
-39
-9
173
-198
113
130
70
7
42
8
-132
116
-45
-18
62
52
61
118
-48
148
116
165
177
118
296
58
315
44
267
-1
227
224
26
353
196
240
219
269
226
190
270
193
167
279
17
332
-46
181
91
70
71
-73
125
-99
9
193
-159
26
258
-117
339
-33
420
-62
431
52
172
266
22
366
8
359
58
185
132
148
47
149
10
134
175
64
74
74
81
-54
118
-82
-112
44
-90
58
-113
48
-107
-166
151
-229
99
17
-48
-164
177
1
-57
212
-67
80
24
314
-23
264
123
238
73
269
200
21
424
81
301
183
276
108
346
149
349
210
216
274
32
218
220
158
29
365
1
184
217
95
130
-6
302
19
249
270
50
325
95
316
127
184
127
138
223
62
260
-65
343
-7
258
237
109
176
126
191
67
294
96
146
83
243
231
265
259
372
57
519
265
398
341
471
391
286
583
311
294
469
263
140
665
30
496
197
487
123
414
474
86
586
194
449
287
392
229
367
196
420
322
276
423
206
342
176
464
126
271
300
155
259
95
230
0
189
180
99
182
112
115
-1
74
127
-86
345
-292
283
104
-73
218
15
128
-39
360
-130
277
139
115
266
124
195
51
115
277
4
151
162
-7
165
65
-68
179
-33
21
340
-29
313
120
4
205
186
75
224
260
-116
310
32
201
190
167
149
153
272
75
293
149
211
232
138
307
119
213
80
129
139
72
115
92
-3
138
192
76
288
220
231
279
255
255
406
163
406
303
276
358
301
356
379
478
257
532
240
401
369
348
342
337
325
239
326
250
200
270
180
332
277
273
264
298
173
423
251
341
394
192
440
192
426
324
203
463
165
357
224
383
149
443
317
303
311
416
88
444
222
252
334
197
351
123
540
112
445
449
130
646
157
621
126
573
233
374
443
321
304
314
258
275
360
149
359
36
376
24
301
263
184
140
314
7
286
75
71
147
58
291
123
282
198
96
186
263
146
347
123
259
142
157
188
237
-48
170
167
-90
371
-39
49
205
-119
53
191
-194
122
38
-7
7
107
34
-93
123
35
-73
86
139
-26
91
150
100
-16
304
-107
229
121
-1
263
-132
265
64
102
164
-3
-50
159
-29
8
281
-13
-14
222
-114
107
234
-28
269
43
200
97
50
275
-8
179
139
121
54
188
-105
129
107
-12
110
22
-27
84
46
42
66
-17
-20
86
47
57
-93
163
-148
-33
204
-185
134
-42
111
-78
221
29
6
201
12
134
74
270
-201
212
89
-86
311
-80
-70
296
-197
106
257
-282
186
79
-174
285
3
-7
116
-130
152
-36
-25
78
-30
-174
174
9
-167
387
-224
287
30
165
92
136
86
249
48
320
71
94
349
-78
335
35
229
45
313
27
278
305
-7
327
193
44
249
264
-13
476
35
347
178
288
220
309
157
342
253
132
403
211
169
422
108
310
307
210
293
338
166
448
113
306
226
126
292
149
299
29
453
-54
505
137
181
514
106
464
403
253
483
337
218
472
175
385
317
196
501
215
300
364
351
146
561
143
397
422
186
527
271
227
477
297
389
317
474
128
325
444
225
389
413
381
348
502
533
235
505
443
176
557
407
329
530
417
365
339
419
438
349
430
530
319
375
456
288
287
599
245
362
514
295
429
483
430
394
417
552
390
464
601
450
409
650
440
543
585
555
501
512
644
415
527
532
480
404
563
517
335
761
215
577
486
378
576
312
499
275
439
283
461
184
515
233
255
259
307
157
261
448
-89
499
151
275
226
289
199
40
297
85
127
235
156
149
75
294
91
133
232
93
185
89
260
-48
275
121
185
118
373
152
319
430
274
332
385
253
236
478
189
524
269
283
352
278
233
412
280
203
434
224
314
337
220
383
65
380
213
173
358
316
161
373
390
238
431
413
235
386
388
244
543
193
643
84
491
369
151
576
208
410
292
398
283
482
277
438
367
287
372
295
392
338
426
244
531
190
467
310
230
483
254
497
359
379
437
382
273
425
204
352
368
383
168
444
127
354
303
263
365
198
475
173
412
309
259
279
352
227
304
448
124
415
351
149
628
85
407
246
245
259
296
314
37
465
-71
296
137
107
293
124
440
-3
461
119
255
237
364
6
354
138
8
334
-46
257
124
204
155
328
138
318
312
68
343
142
329
157
276
158
249
218
202
357
14
326
157
177
336
121
369
160
295
379
190
330
259
317
249
451
190
352
285
106
403
193
261
300
309
111
317
177
243
280
272
382
161
366
198
291
252
286
255
136
319
55
321
120
223
198
236
185
172
283
89
288
126
257
150
140
172
119
168
290
-7
305
172
5
367
91
221
202
170
121
203
156
84
236
16
260
-2
152
114
-16
145
19
-19
209
-79
176
159
133
239
193
413
186
416
259
223
302
204
439
179
408
330
121
445
188
125
517
134
260
325
234
104
388
202
132
474
7
512
46
323
284
73
193
384
-89
304
149
70
219
34
245
-51
216
52
118
16
203
25
-25
192
-24
-27
286
-29
28
252
-132
187
-124
221
-30
-16
135
-118
34
85
145
68
196
119
229
-22
237
-17
-28
218
-10
142
61
64
76
41
163
85
113
-66
202
-104
25
183
-177
132
-14
-11
24
-52
36
-108
30
-23
-63
85
-58
36
145
-15
122
129
-56
139
163
-93
189
-14
87
121
2
69
38
-55
67
64
-42
90
-36
28
39
-205
78
-242
-83
0
-229
-12
-140
-114
-179
-11
-284
67
-224
-181
116
-348
48
-111
-78
-83
-75
-131
-45
-178
-109
-57
-165
-35
-160
-92
-143
-103
-83
-20
-43
-5
55
-147
59
27
-204
213
-113
15
44
41
45
-1
118
-69
-12
57
22
-56
45
105
-152
147
8
-27
82
8
44
169
89
-18
249
-86
11
241
-205
105
10
-107
72
-12
-62
-7
27
-108
140
22
-58
142
-125
134
-110
59
-37
-169
10
-39
-108
-51
44
-243
-5
-176
-163
-120
-151
-123
-45
-126
-137
43
-346
21
-198
-217
10
-308
-54
-48
-239
-87
-15
-335
12
-97
-186
-50
-95
-70
-102
53
-114
36
-243
26
-148
-167
37
-110
-126
-61
46
-132
58
113
-101
102
13
66
51
91
-20
3
41
6
98
93
119
15
175
-71
199
-37
116
127
39
209
11
269
128
116
117
190
7
162
256
-86
274
-53
33
69
-30
-91
218
-82
38
253
-145
122
94
-37
49
276
-71
183
86
2
116
79
69
85
74
-24
45
110
-24
146
151
46
107
123
-56
57
276
-120
135
104
-193
50
53
-84
7
8
-82
126
-56
61
130
-49
163
48
73
-1
46
-1
-60
94
-28
2
-22
54
-135
31
2
-167
44
-142
-64
-92
-248
-29
-169
-151
57
-224
1
-54
-114
29
15
-146
-102
48
-324
-36
-122
-203
-126
-79
-153
-248
-100
-314
-226
-213
-169
-213
-99
-198
-145
-11
-305
17
-189
-174
27
-137
-129
24
-79
-121
129
-124
12
47
4
10
70
-11
13
35
9
72
13
86
57
98
83
86
195
-46
260
101
42
152
75
12
206
213
6
220
67
66
87
127
-34
77
77
102
79
65
124
86
246
140
275
234
122
327
109
197
242
89
282
257
202
324
318
159
257
251
166
298
222
249
195
164
230
151
215
209
207
218
203
231
207
222
273
241
265
282
270
173
437
192
256
398
278
288
360
369
217
328
317
282
240
340
217
303
242
224
264
219
221
213
329
97
326
243
171
187
143
145
-37
295
2
135
176
128
-28
131
95
-51
35
100
52
-22
229
27
105
168
138
59
143
102
83
143
45
226
107
205
272
109
176
188
48
139
159
98
119
188
79
36
110
-63
25
10
71
29
67
91
-14
65
-25
-56
12
-58
-31
15
-115
-32
-61
-181
-70
-156
-60
-133
-94
4
-124
-13
-64
47
3
-22
20
34
-50
14
49
19
-6
62
25
-5
129
-32
114
60
150
29
18
231
-86
118
118
-31
179
31
93
74
24
25
86
29
-13
131
-5
27
84
26
8
97
9
-5
43
-5
121
18
155
-2
120
62
-51
158
-117
24
-33
-10
-66
-17
-16
-34
5
33
-164
52
2
0
147
-8
94
102
50
94
167
-78
227
21
34
98
20
133
0
136
47
164
31
160
81
17
131
22
90
24
5
-8
33
-19
-45
-34
-61
-69
-72
90
-36
53
137
136
79
104
149
-102
142
27
46
6
-8
5
-29
23
27
-24
-16
-47
-87
44
-79
-35
-1
-79
-145
-44
3
-143
87
-84
-35
45
-81
64
-92
-23
-68
-80
-31
-45
-137
-81
-105
-103
-173
-39
-130
-241
-55
-252
-110
-140
-96
-135
-136
-86
-140
-134
1
-89
-54
-7
-96
51
-81
10
28
7
-8
141
-17
1
117
-52
-25
82
-14
-32
63
39
55
41
81
-35
-2
59
32
21
34
74
59
29
58
79
-39
15
40
-37
-53
99
42
-17
105
48
4
111
198
169
61
224
138
94
257
129
135
102
227
99
159
285
114
83
192
193
115
270
198
128
267
178
183
216
137
90
170
211
209
185
137
137
123
166
250
57
252
142
116
229
202
171
126
205
124
188
141
180
100
173
206
163
183
162
110
119
112
131
146
190
210
142
181
99
126
76
101
60
156
6
80
138
15
116
54
83
135
87
210
181
76
183
191
143
212
275
209
311
303
263
313
336
286
254
353
253
344
242
210
196
260
188
145
285
83
233
149
190
190
227
206
271
230
176
268
145
268
245
268
216
314
294
147
244
239
87
259
247
152
176
299
158
209
311
134
224
257
236
171
291
145
247
201
282
235
272
309
267
281
232
370
153
261
174
169
149
223
184
145
225
92
190
95
175
83
192
133
97
152
105
65
137
176
98
219
136
130
47
116
54
73
137
126
173
62
226
95
104
97
105
135
34
140
17
-3
54
72
-3
8
19
75
32
107
137
23
125
18
46
84
-4
68
45
4
10
76
-65
-56
84
-75
17
-28
9
4
11
21
-49
-16
-63
-63
-73
-56
-76
-43
-62
-55
-31
-13
-12
62
69
78
143
80
179
160
52
177
30
128
136
103
179
135
74
117
155
59
203
163
62
160
159
69
187
130
112
135
120
208
139
189
172
145
197
163
174
141
176
130
179
141
107
130
92
153
118
150
172
96
87
120
97
49
61
168
37
69
155
10
88
111
62
80
102
91
68
133
108
83
117
99
60
65
113
54
35
72
-8
-34
74
25
38
93
78
98
92
60
59
123
65
54
107
70
35
110
-24
0
17
26
80
-1
82
14
55
32
70
89
98
91
101
127
80
128
143
71
16
167
-12
82
132
21
38
84
81
35
71
94
50
30
40
42
21
14
14
19
28
-3
45
35
-50
55
-12
11
74
-8
41
27
10
25
-39
-14
-8
-105
-69
-55
-143
-129
-49
-144
-141
-45
-137
-143
-138
-138
-171
-138
-79
-158
-139
-126
-144
-205
-204
-190
-227
-219
-153
-202
-148
-179
-125
-124
-236
-113
-105
-116
-139
-103
-57
-193
-92
-115
-231
-215
-139
-176
-205
-92
-135
-245
-142
-93
-127
-137
-107
-77
-183
-99
-65
-105
-76
-43
-45
-21
-106
-41
-123
-148
-66
-34
-127
-112
2
-110
-93
-10
-35
-157
-28
-101
-112
-38
-93
-85
5
-64
-81
-4
-99
-124
-17
-48
-35
72
26
28
9
48
65
73
123
110
122
97
137
112
75
40
61
52
4
43
64
44
19
40
-28
28
31
13
7
-58
-13
-59
-97
-70
-33
-79
-82
6
-58
-18
-17
-10
-46
-38
52
-56
1
68
1
-56
35
-30
-44
3
-122
-57
-106
-92
-85
-89
-35
-64
-69
-33
13
2
12
67
56
80
87
47
90
111
80
82
83
87
41
98
117
53
135
92
72
76
75
73
56
31
-16
41
-33
-9
-13
-53
-41
-40
-73
-73
0
-25
-17
7
63
9
53
108
39
16
77
51
17
90
133
31
59
109
32
45
44
109
84
36
55
-31
29
45
13
26
3
54
27
34
11
-47
-82
-75
-48
-124
-95
-54
-125
-93
-91
-142
-99
-117
-134
-79
-75
-66
-96
-98
-107
-102
-56
-51
-18
-4
-51
-89
-58
-79
-121
-106
-139
-81
8
-35
-12
-17
-36
-21
-3
8
2
22
35
39
1
38
43
-16
-15
17
40
38
108
103
8
43
25
-50
9
34
-6
-14
35
2
29
13
-71
-43
-59
-65
-49
-9
5
0
-7
9
13
-10
20
-23
-40
-37
-41
-2
21
20
31
8
6
70
77
95
87
84
41
52
94
104
88
107
99
113
184
130
110
86
15
22
81
93
111
85
73
12
42
40
14
15
17
20
-2
77
88
98
102
78
97
97
112
138
144
142
71
73
61
74
78
120
129
129
127
140
154
146
130
98
113
62
95
106
89
85
95
122
79
82
58
39
46
92
136
133
115
96
106
113
134
147
168
174
218
199
147
174
180
125
128
149
130
119
147
72
75
78
7
41
28
54
82
66
55
77
63
61
95
92
63
78
91
80
74
18
25
6
-15
36
23
0
25
9
4
21
39
73
70
126
108
125
104
100
67
73
144
169
182
128
125
124
114
90
134
114
117
105
94
82
97
72
6
49
51
38
43
52
18
-10
-1
-10
-14
-16
6
49
80
52
14
4
11
30
42
52
75
72
33
68
89
76
75
50
49
40
23
44
26
38
6
-61
-41
-46
-19
-4
10
5
-5
-6
-13
0
32
94
62
31
39
14
46
52
40
-3
12
53
74
128
125
65
75
67
39
60
50
74
77
47
72
79
43
20
31
45
85
134
175
197
214
211
189
167
109
107
122
109
102
108
101
112
105
96
92
86
85
137
156
158
151
122
52
30
10
-34
-23
-6
-7
9
1
-11
-1
-38
-20
6
6
14
46
64
72
43
-23
-38
-35
-36
-17
-41
-39
-23
-54
-39
-53
-81
-56
-34
-11
-7
-12
-47
-41
-73
-97
-48
-91
-48
-49
-79
-67
-77
-71
-60
-49
-68
-81
-66
-48
-26
-7
-19
-18
-35
-61
-97
-97
-107
-90
-69
-79
-40
-38
-70
-56
-51
-70
-46
-43
-64
-81
-84
-55
-69
-52
5
29
36
46
45
80
103
79
55
43
39
61
64
45
42
-3
0
1
-17
-31
-42
-34
-41
-39
-15
-7
-1
3
19
41
15
-22
-23
-21
-20
-39
-52
-53
-69
-92
-105
-101
-112
-108
-91
-78
-62
-30
-29
-60
-85
-116
-125
-112
-78
-39
-29
-56
-94
-142
-141
-129
-117
-75
-72
-51
-9
-56
-84
-69
-105
-101
-99
-93
-79
-71
-88
-94
-143
-145
-131
-151
-121
-111
-100
-79
-85
-127
-144
-192
-194
-179
-165
-143
-157
-138
-127
-127
-114
-102
-101
-118
-111
-102
-78
-95
-129
-144
-168
-176
-186
-186
-168
-148
-107
-50
-52
-76
-81
-88
-104
-114
-103
-107
-115
-146
-151
-147
-155
-155
-193
-180
-161
-179
-167
-77
-37
-35
-42
-56
-51
-29
8
-11
-33
-12
-1
-7
-9
12
13
7
24
-4
19
27
-13
-29
-56
-84
-88
-72
-76
-65
-65
-44
6
30
75
79
46
34
26
6
8
11
-41
-50
-47
-43
-56
-77
-81
-64
-50
-5
22
9
23
8
-18
-12
-19
-34
-19
-75
-80
-70
-101
-99
-127
-124
-137
-128
-92
-78
-58
-37
-37
-53
-22
0
-18
8
21
-24
-8
-35
-33
-10
-41
-65
-80
-69
-77
-30
-57
-74
-68
-71
-28
-34
-75
-95
-113
-104
-74
-78
-103
-106
-83
-65
-22
20
51
78
67
43
29
42
60
59
70
35
3
16
16
29
55
39
28
24
14
65
72
67
56
41
35
21
25
25
23
32
5
-3
37
42
42
75
75
68
60
27
1
-10
-6
-8
-6
11
-12
-48
-36
-36
-27
29
56
86
114
104
93
102
84
115
146
144
131
107
97
99
91
86
89
96
86
103
140
148
126
95
65
43
54
61
63
85
87
77
60
65
111
117
118
133
150
142
134
100
116
150
162
156
135
115
118
115
104
108
109
100
131
151
134
125
107
120
138
154
192
198
165
157
151
150
153
133
148
156
123
127
128
105
114
118
164
173
166
170
173
174
158
189
207
202
198
198
219
234
203
203
200
199
202
207
204
185
195
190
188
196
175
171
161
177
220
206
212
214
182
179
181
175
177
172
160
135
89
57
84
89
101
101
69
65
64
43
31
0
-25
-32
-23
-26
-37
-35
-59
-70
-62
-46
-27
-24
-48
-62
-82
-97
-94
-113
-127
-121
-115
-126
-159
-160
-170
-182
-193
-186
-173
-179
-208
-207
-180
-172
-162
-178
-196
-179
-172
-168
-154
-139
-110
-134
-136
-137
-136
-127
-135
-158
-158
-158
-164
-143
-161
-140
-108
-107
-77
-56
-55
-46
-44
-39
-15
-1
-5
-11
-18
-21
-10
-28
-21
15
41
39
20
-8
-3
3
-6
-44
-48
-41
-40
-44
-56
-65
-83
-64
-80
-85
-71
-64
-61
-48
-48
-57
-65
-49
-44
-49
-39
-49
-46
-45
-12
-22
-12
-12
-23
-29
-60
-59
-66
-106
-128
-113
-85
-44
-52
-60
-62
-93
-99
-107
-102
-75
-77
-90
-127
-174
-184
-206
-196
-210
-229
-242
-238
-236
-246
-296
-270
-200
-175
-176
-195
-198
-248
-232
-161
-162
-262
-284
-290
-338
-301
-309
-377
-440
-417
-362
-351
-331
-292
-258
-268
-239
-240
-281
-338
-347
-332
-328
-333
-342
-339
-351
-332
-361
-362
-313
-284
-281
-319
-324
-334
-341
-356
-348
-337
-341
-324
-312
-324
-311
-321
-325
-292
-275
-276
-298
-294
-288
-283
-268
-262
-253
-251
-227
-224
-230
-227
-209
-164
-146
-145
-160
-144
-111
-81
-76
-54
-42
-48
-61
-72
-87
-120
-138
-125
-98
-61
-47
-34
-19
-25
-31
-32
-37
-58
-67
-71
-52
-55
-73
-73
-71
-91
-93
-99
-143
-166
-160
-128
-89
-80
-91
-105
-112
-116
-99
-105
-126
-126
-120
-118
-110
-128
-136
-133
-152
-134
-134
-126
-107
-118
-132
-146
-160
-147
-110
-71
-48
-63
-73
-93
-103
-104
-121
-133
-158
-185
-220
-218
-229
-259
-259
-243
-241
-240
-218
-206
-228
-225
-215
-241
-221
-172
-160
-148
-134
-160
-167
-162
-159
-186
-205
-194
-219
-230
-230
-224
-228
-222
-195
-179
-161
-163
-193
-217
-210
-189
-165
-152
-175
-171
-187
-213
-213
-228
-225
-216
-234
-265
-283
-285
-312
-302
-283
-269
-268
-287
-268
-251
-251
-263
-252
-235
-199
-176
-180
-154
-180
-192
-207
-217
-225
-247
-279
-288
-281
-293
-314
-323
-312
-315
-298
-266
-251
-225
-234
-244
-236
-236
-203
-185
-192
-216
-195
-189
-227
-239
-235
-232
-248
-246
-235
-255
-243
-250
-240
-247
-261
-213
-203
-188
-141
-132
-130
-127
-147
-141
-125
-144
-188
-205
-209
-228
-255
-236
-240
-227
-214
-216
-198
-190
-198
-224
-214
-193
-195
-230
-227
-233
-236
-260
-264
-267
-260
-247
-255
-245
-226
-215
-201
-184
-175
-166
-158
-155
-170
-142
-108
-100
-114
-139
-159
-183
-197
-176
-186
-206
-231
-250
-247
-228
-241
-246
-225
-213
-226
-249
-240
-223
-188
-156
-128
-103
-115
-135
-128
-110
-98
-108
-96
-80
-79
-98
-110
-110
-121
-147
-178
-168
-151
-146
-152
-172
-157
-169
-163
-182
-207
-216
-249
-245
-250
-237
-220
-221
-197
-185
-195
-182
-185
-171
-194
-217
-228
-213
-179
-160
-151
-183
-212
-195
-207
-228
-212
-173
-173
-206
-200
-204
-205
-215
-216
-208
-194
-196
-206
-181
-179
-165
-150
-175
-179
-156
-168
-149
-155
-165
-185
-240
-268
-260
-253
-252
-257
-259
-249
-262
-254
-231
-182
-164
-142
-147
-145
-140
-156
-154
-148
-146
-150
-158
-175
-149
-157
-180
-179
-193
-206
-221
-193
-163
-184
-209
-217
-236
-236
-215
-187
-145
-151
-150
-144
-143
-155
-178
-203
-231
-246
-232
-198
-201
-219
-232
-237
-216
-219
-260
-232
-202
-205
-190
-171
-149
-176
-174
-167
-184
-177
-196
-215
-198
-147
-119
-138
-169
-196
-200
-182
-173
-168
-171
-217
-236
-212
-201
-171
-151
-162
-152
-148
-151
-178
-197
-194
-204
-203
-202
-149
-143
-141
-132
-143
-150
-162
-165
-180
-174
-137
-128
-144
-166
-174
-147
-117
-115
-141
-146
-130
-125
-142
-146
-157
-143
-154
-152
-131
-132
-140
-147
-123
-121
-121
-139
-141
-144
-160
-140
-133
-137
-167
-188
-191
-166
-149
-152
-135
-157
-127
-107
-128
-112
-87
-87
-66
-70
-80
-81
-93
-115
-134
-127
-114
-91
-104
-107
-98
-99
-95
-105
-112
-132
-157
-147
-164
-200
-196
-177
-152
-136
-120
-118
-136
-142
-124
-111
-124
-143
-139
-143
-136
-146
-160
-182
-199
-190
-176
-168
-162
-129
-115
-113
-106
-65
-58
-58
-49
-59
-72
-87
-97
-121
-114
-77
-59
-67
-73
-41
-11
-25
-59
-75
-79
-86
-60
-17
0
2
-14
-6
6
-42
-75
-72
-73
-74
-45
-31
-60
-45
-23
-6
7
-16
-38
-18
5
46
74
87
92
90
63
34
65
79
67
40
32
28
29
15
-5
17
19
25
10
-16
9
11
28
51
80
80
84
74
27
49
41
36
56
21
-4
3
17
36
60
55
57
56
35
31
48
54
55
54
38
36
50
48
23
3
-19
-15
-5
7
32
52
91
98
86
90
97
99
109
122
124
135
112
82
101
104
124
148
149
140
111
136
149
139
156
154
130
143
173
176
161
159
148
149
155
168
151
146
181
183
202
147
143
162
155
151
141
154
142
148
160
169
147
150
143
148
148
162
159
144
152
137
165
166
144
133
153
176
190
189
198
211
209
201
197
205
219
211
195
204
186
184
215
201
157
158
178
170
147
129
152
186
204
210
217
205
185
173
185
192
186
188
217
249
261
237
221
218
227
253
258
236
244
247
241
227
226
237
221
227
209
206
218
235
235
199
210
220
221
224
240
252
273
294
291
277
256
278
296
279
278
273
256
272
236
200
206
223
219
216
257
266
237
191
175
193
205
205
187
193
218
212
235
224
210
216
221
223
222
238
243
227
202
204
218
204
199
200
219
224
202
210
213
211
230
232
194
177
195
187
192
196
208
220
236
255
246
244
240
211
203
202
235
240
219
221
264
289
267
249
245
248
218
197
195
181
141
123
119
114
133
136
130
144
154
177
208
204
226
231
197
171
181
176
192
199
194
197
201
212
202
197
186
207
208
204
218
201
225
230
217
232
226
228
213
198
194
193
193
193
180
192
200
177
126
124
131
130
148
146
147
159
142
123
118
114
120
98
91
108
117
103
84
58
53
74
98
104
102
121
152
162
166
188
180
193
195
205
234
225
220
211
204
206
226
225
220
203
171
131
137
146
133
150
167
164
159
150
111
130
125
134
152
191
239
258
256
241
241
259
256
269
279
306
310
302
305
300
287
269
257
250
244
240
230
232
243
253
276
300
312
311
324
300
297
260
232
216
228
202
164
149
131
141
135
143
140
127
116
140
140
138
147
140
118
114
96
83
104
95
74
62
68
108
138
142
169
