98
100
97
86
83
64
54
62
76
81
81
67
51
22
23
24
21
34
30
47
62
78
95
88
79
78
79
68
67
61
75
111
117
105
82
82
62
73
78
74
73
55
46
55
63
60
62
62
64
63
56
48
31
13
-11
1
25
27
36
39
22
2
1
12
13
5
4
-7
-16
-8
-2
3
-5
-26
-30
-20
-1
13
18
16
9
2
-15
-33
-29
-25
-13
8
14
3
10
2
7
15
3
-18
-36
-44
-57
-64
-84
-103
-102
-107
-125
-126
-128
-138
-146
-168
-172
-172
-192
-185
-183
-167
-170
-189
-212
-236
-248
-236
-221
-219
-210
-201
-194
-209
-213
-215
-221
-234
-255
-268
-269
-239
-224
-226
-221
-206
-206
-207
-209
-217
-206
-202
-189
-182
-182
-188
-180
-175
-195
-216
-236
-248
-249
-235
-244
-247
-250
-246
-255
-272
-275
-278
-285
-288
-309
-324
-331
-345
-337
-339
-336
-330
-326
-343
-355
-365
-358
-323
-302
-311
-320
-336
-336
-312
-310
-300
-303
-316
-326
-331
-348
-356
-353
-364
-348
-339
-339
-325
-315
-324
-347
-376
-393
-403
-393
-368
-346
-346
-340
-345
-362
-378
-402
-399
-396
-407
-412
-420
-422
-428
-433
-423
-398
-370
-370
-379
-397
-405
-412
-413
-408
-413
-426
-424
-424
-425
-412
-409
-418
-432
-433
-439
-444
-429
-406
-383
-355
-334
-332
-327
-348
-351
-334
-328
-346
-343
-316
-316
-299
-293
-292
-297
-305
-323
-334
-344
-373
-384
-396
-383
-396
-401
-405
-400
-393
-416
-443
-456
-471
-470
-470
-453
-424
-378
-340
-339
-333
-328
-315
-327
-347
-383
-401
-409
-417
-408
-415
-427
-427
-435
-425
-426
-437
-415
-396
-386
-383
-379
-367
-343
-312
-319
-334
-355
-348
-350
-348
-326
-311
-290
-305
-302
-314
-317
-313
-311
-312
-319
-320
-328
-338
-348
-352
-360
-373
-366
-370
-378
-369
-363
-349
-356
-350
-348
-337
-326
-304
-290
-292
-278
-260
-261
-284
-294
-310
-333
-344
-343
-344
-327
-310
-294
-274
-261
-264
-270
-272
-278
-256
-238
-188
-162
-174
-171
-179
-202
-208
-216
-232
-250
-275
-286
-272
-248
-258
-256
-263
-283
-311
-335
-324
-296
-277
-256
-239
-245
-246
-260
-259
-241
-248
-264
-291
-323
-322
-299
-287
-288
-290
-277
-238
-210
-206
-185
-183
-172
-148
-139
-147
-152
-144
-146
-165
-168
-171
-194
-223
-237
-242
-248
-262
-278
-301
-300
-293
-307
-303
-300
-299
-293
-300
-293
-275
-246
-234
-222
-228
-235
-256
-275
-286
-296
-286
-280
-293
-300
-286
-285
-281
-267
-274
-285
-289
-297
-296
-301
-293
-288
-293
-315
-332
-346
-339
-330
-349
-352
-354
-374
-382
-375
-362
-336
-319
-333
-336
-332
-327
-340
-359
-385
-377
-351
-337
-333
-327
-322
-326
-326
-349
-355
-370
-360
-350
-341
-328
-335
-348
-351
-357
-354
-343
-326
-328
-324
-333
-318
-295
-287
-279
-290
-310
-315
-332
-353
-359
-366
-394
-414
-435
-438
-436
-425
-405
-404
-402
-406
-413
-422
-415
-412
-401
-388
-386
-359
-347
-349
-352
-359
-357
-338
-327
-324
-319
-329
-336
-343
-341
-322
-315
-315
-304
-312
-318
-324
-336
-349
-355
-361
-370
-354
-349
-352
-343
-344
-346
-343
-337
-348
-366
-394
-393
-389
-378
-362
-357
-340
-324
-320
-331
-332
-336
-312
-302
-295
-291
-289
-292
-292
-289
-274
-262
-262
-256
-267
-279
-286
-285
-293
-286
-299
-298
-284
-274
-263
-252
-237
-230
-210
-188
-163
-150
-141
-122
-106
-120
-161
-175
-187
-197
-201
-213
-206
-207
-205
-201
-211
-225
-225
-208
-183
-182
-174
-162
-150
-137
-134
-129
-119
-111
-107
-115
-119
-121
-160
-164
-129
-112
-97
-83
-78
-67
-58
-77
-86
-85
-85
-83
-100
-119
-123
-101
-76
-53
-37
-50
-56
-56
-50
-29
-13
-4
-22
-42
-62
-80
-88
-94
-68
-59
-50
-31
-20
-33
-59
-96
-136
-155
-156
-157
-170
-171
-179
-195
-224
-240
-248
-247
-230
-235
-235
-247
-251
-269
-284
-274
-254
-241
-234
-219
-216
-218
-225
-219
-227
-236
-258
-255
-254
-262
-254
-254
-266
-271
-269
-261
-258
-247
-249
-257
-248
-245
-226
-240
-243
-237
-243
-247
-248
-257
-268
-281
-291
-287
-277
-264
-250
-232
-199
-193
-210
-228
-261
-275
-290
-286
-273
-259
-242
-248
-242
-226
-196
-183
-170
-164
-149
-119
-110
-114
-143
-146
-144
-153
-155
-150
-148
-156
-128
-118
-130
-133
-133
-119
-114
-99
-117
-146
-145
-149
-164
-159
-135
-132
-115
-101
-97
-92
-90
-104
-104
-109
-118
-125
-117
-102
-107
-104
-127
-143
-173
-184
-178
-176
-164
-144
-138
-122
-94
-95
-109
-126
-134
-142
-142
-128
-115
-121
-112
-108
-87
-78
-76
-86
-86
-75
-71
-73
-82
-95
-104
-103
-122
-115
-98
-107
-140
-140
-116
-124
-133
-151
-162
-186
-192
-182
-184
-169
-139
-125
-120
-93
-97
-101
-82
-81
-71
-63
-62
-56
-51
-60
-44
-51
-48
-61
-73
-77
-73
-58
-82
-93
-89
-96
-101
-104
-105
-90
-69
-55
-65
-81
-107
-126
-118
-92
-52
-35
-27
-20
-25
-43
-35
-27
-5
21
27
21
11
-12
-25
-43
-41
-28
-19
-34
-63
-72
-76
-86
-88
-95
-106
-102
-98
-90
-87
-73
-71
-58
-45
-21
-13
-25
-27
-25
-56
-69
-63
-51
-31
-26
-20
-17
-8
-6
-21
-26
-17
-13
-27
-36
-37
-38
-43
-65
-77
-103
-107
-89
-96
-87
-74
-70
-74
-85
-89
-113
-129
-118
-107
-96
-80
-64
-60
-63
-73
-68
-77
-88
-102
-129
-122
-127
-128
-134
-134
-130
-121
-105
-106
-106
-99
-86
-81
-84
-78
-75
-71
-83
-99
-117
-138
-143
-146
-145
-148
-158
-193
-222
-247
-263
-251
-251
-236
-255
-278
-286
-304
-313
-308
-320
-309
-303
-290
-268
-266
-258
-254
-268
-271
-283
-301
-321
-322
-310
-316
-315
-314
-326
-339
-358
-367
-363
-341
-326
-328
-324
-329
-334
-349
-362
-366
-351
-335
-313
-310
-314
-315
-322
-338
-341
-348
-352
-350
-356
-364
-378
-386
-405
-416
-407
-418
-410
-404
-405
-383
-362
-342
-318
-297
-296
-287
-271
-274
-306
-309
-286
-282
-269
-272
-281
-274
-275
-270
-277
-264
-263
-290
-297
-295
-293
-299
-302
-304
-292
-290
-296
-299
-315
-324
-326
-321
-335
-344
-347
-337
-350
-365
-393
-414
-399
-384
-378
-357
-343
-332
-331
-338
-340
-366
-378
-386
-357
-348
-329
-305
-290
-283
-288
-281
-268
-249
-236
-224
-218
-237
-261
-280
-296
-287
-291
-286
-282
-286
-315
-322
-337
-350
-360
-375
-377
-400
-421
-428
-402
-368
-344
-350
-337
-347
-340
-322
-305
-286
-279
-283
-299
-301
-316
-329
-332
-313
-288
-275
-278
-307
-330
-362
-383
-400
-411
-392
-367
-357
-328
-290
-275
-280
-320
-350
-369
-362
-325
-302
-298
-304
-302
-318
-343
-348
-353
-341
-348
-365
-369
-390
-393
-404
-433
-444
-447
-446
-429
-398
-372
-328
-304
-290
-290
-296
-305
-310
-293
-274
-275
-269
-250
-235
-219
-192
-184
-187
-202
-209
-196
-211
-224
-236
-243
-251
-258
-273
-273
-256
-252
-254
-254
-258
-260
-252
-256
-251
-265
-285
-288
-286
-261
-254
-238
-217
-203
-189
-194
-210
-228
-219
-200
-210
-232
-247
-268
-297
-318
-316
-312
-299
-284
-283
-273
-277
-254
-269
-293
-316
-340
-335
-332
-340
-345
-312
-281
-258
-239
-238
-221
-225
-249
-258
-256
-259
-255
-252
-264
-275
-299
-295
-297
-284
-288
-292
-294
-315
-315
-304
-310
-327
-331
-331
-338
-339
-326
-314
-305
-288
-260
-269
-273
-253
-248
-249
-247
-255
-253
-252
-245
-243
-237
-236
-238
-228
-224
-229
-248
-244
-247
-244
-244
-252
-267
-272
-289
-300
-297
-304
-308
-321
-321
-324
-315
-302
-289
-283
-282
-294
-320
-337
-342
-338
-312
-290
-277
-250
-247
-243
-239
-231
-236
-258
-260
-249
-234
-221
-218
-221
-231
-226
-214
-203
-190
-178
-173
-182
-188
-200
-203
-215
-233
-242
-237
-212
-196
-194
-203
-218
-231
-233
-236
-236
-224
-205
-185
-166
-160
-168
-179
-181
-168
-155
-151
-157
-147
-143
-126
-125
-151
-170
-186
-184
-195
-201
-195
-186
-184
-170
-166
-168
-176
-174
-155
-161
-163
-181
-178
-172
-164
-142
-144
-140
-123
-115
-111
-115
-114
-109
-110
-115
-92
-66
-57
-72
-63
-60
-74
-91
-119
-153
-171
-207
-220
-228
-221
-198
-201
-198
-202
-209
-203
-191
-203
-212
-227
-231
-232
-203
-181
-168
-165
-157
-145
-172
-169
-173
-193
-209
-224
-218
-222
-213
-217
-196
-160
-162
-160
-150
-135
-124
-107
-121
-137
-145
-155
-169
-199
-222
-231
-224
-208
-186
-175
-154
-146
-153
-153
-134
-134
-145
-149
-160
-148
-149
-144
-142
-146
-142
-148
-124
-128
-122
-116
-118
-119
-117
-109
-98
-107
-106
-108
-105
-100
-90
-82
-100
-100
-112
-135
-134
-139
-119
-110
-109
-109
-116
-107
-126
-113
-110
-126
-125
-137
-128
-137
-134
-129
-142
-146
-147
-143
-163
-159
-159
-171
-174
-185
-188
-178
-170
-180
-187
-201
-202
-191
-178
-161
-138
-128
-118
-114
-113
-115
-115
-82
-50
-47
-59
-62
-52
-39
-54
-68
-57
-42
-36
-31
-20
-3
12
19
18
6
3
7
7
6
-4
-15
-27
-26
-20
-33
-36
-43
-39
-33
-24
-9
-11
-26
-33
-42
-53
-65
-80
-64
-53
-38
-41
-26
-15
-9
6
25
33
30
27
15
8
12
23
27
37
17
-12
-24
-25
-21
-26
-18
-8
-4
-23
-42
-36
-35
-11
20
23
28
20
8
-9
-15
-26
-39
-34
-40
-44
-51
-56
-50
-44
-31
-23
-20
-20
-20
-34
-45
-20
-15
-37
-35
-39
-73
-52
-26
-3
3
2
-8
-19
-30
-24
-10
-11
-8
-9
-20
-7
-7
-3
-5
-19
-27
-35
-36
-46
-41
-37
-38
-11
13
23
26
9
9
10
22
35
24
19
27
21
18
10
-17
-31
-35
-36
-39
-36
-43
-64
-66
-60
-51
-40
-44
-48
-46
-59
-81
-91
-106
-120
-104
-83
-86
-95
-119
-127
-127
-127
-112
-84
-87
-86
-69
-55
-38
-11
29
56
65
67
67
55
66
60
47
45
36
12
5
2
17
31
49
70
75
86
68
39
23
23
6
-9
-13
-45
-56
-58
-36
-28
-30
-20
-47
-69
-73
-80
-78
-69
-55
-46
-37
-32
-27
-9
8
19
14
1
-20
-35
-33
-27
-24
-8
-5
-12
-18
-22
-19
0
9
15
34
38
37
10
-13
-28
-47
-39
-30
-35
-38
-38
-45
-47
-34
-33
-44
-49
-51
-35
-28
-24
-22
-40
-44
-29
-17
5
22
36
35
44
47
40
44
44
48
43
37
30
7
3
12
29
35
42
53
42
44
56
73
109
119
112
100
75
48
46
29
38
63
57
57
64
81
62
39
19
2
0
-12
-38
-25
12
17
15
13
18
20
31
46
54
67
68
64
73
66
53
42
48
42
58
63
45
26
32
35
15
21
29
45
60
62
63
67
87
101
109
131
149
143
141
146
151
147
154
161
149
146
129
128
138
150
185
210
220
232
232
223
206
183
167
162
153
144
125
104
99
114
129
143
144
126
115
128
132
148
160
163
168
166
169
162
180
184
184
173
169
171
181
209
228
193
158
123
87
82
67
66
63
81
94
99
92
94
101
83
97
105
91
81
87
66
27
16
17
25
25
24
10
4
-5
-28
-24
-7
16
26
34
41
53
50
30
20
33
49
62
77
84
81
64
53
48
38
43
47
40
22
-5
-26
-40
-14
-5
-1
-9
-24
-41
-35
-17
3
17
13
18
18
1
1
10
4
-17
-31
-40
-42
-39
-12
18
45
77
65
45
36
20
2
-17
-25
-32
-69
-81
-83
-63
-29
-8
12
9
23
23
8
3
0
-1
-20
-45
-56
-46
-35
-11
13
12
-13
-36
-47
-46
-45
-44
-34
-40
-47
-63
-86
-103
-92
-63
-44
-34
-51
-56
-44
-65
-70
-64
-57
-56
-61
-61
-72
-84
-85
-88
-106
-118
-125
-132
-123
-122
-110
-96
-107
-131
-155
-159
-142
-147
-162
-160
-157
-177
-187
-184
-172
-181
-184
-192
-197
-200
-189
-193
-202
-199
-185
-166
-151
-140
-152
-170
-172
-172
-180
-182
-172
-168
-162
-146
-158
-171
-158
-143
-119
-111
-121
-135
-163
-174
-184
-207
-218
-208
-168
-146
-127
-112
-125
-128
-126
-98
-96
-89
-103
-109
-115
-122
-137
-135
-115
-88
-51
-52
-58
-74
-68
-75
-90
-99
-101
-91
-87
-101
-121
-117
-123
-118
-104
-88
-84
-97
-112
-122
-155
-183
-187
-205
-200
-200
-180
-143
-134
-140
-170
-189
-184
-188
-188
-185
-185
-167
-140
-124
-111
-114
-122
-143
-154
-152
-165
-169
-156
-155
-147
-152
-150
-146
-139
-135
-141
-154
-154
-172
-193
-186
-182
-183
-179
-182
-190
-183
-164
-131
-117
-140
-165
-161
-169
-158
-169
-162
-141
-135
-139
-143
-147
-147
-129
-110
-87
-89
-122
-165
-186
-169
-155
-154
-136
-129
-105
-97
-119
-138
-167
-168
-171
-160
-140
-145
-147
-160
-142
-129
-114
-78
-57
-57
-71
-97
-96
-98
-77
-44
-42
-52
-59
-63
-77
-75
-74
-56
-37
-27
-32
-47
-73
-90
-93
-104
-123
-141
-168
-178
-183
-180
-161
-124
-110
-103
-114
-141
-160
-157
-114
-94
-84
-67
-60
-70
-78
-77
-75
-76
-85
-104
-111
-116
-112
-114
-100
-80
-65
-68
-77
-75
-82
-80
-81
-65
-54
-35
-18
-16
-22
-13
8
23
10
-2
-22
-47
-51
-59
-53
-52
-73
-67
-65
-58
-36
-17
1
-12
-47
-69
-73
-82
-89
-108
-91
-83
-52
-42
-47
-55
-73
-75
-84
-84
-76
-76
-82
-73
-59
-41
-20
-14
-3
-4
-11
2
8
9
-4
3
-5
-14
-30
-38
-31
-26
-22
-27
-37
-42
-23
1
2
-1
-7
-27
-36
-40
-74
-95
-89
-94
-90
-77
-80
-86
-80
-80
-74
-78
-80
-88
-100
-96
-96
-91
-89
-92
-82
-60
-38
-41
-46
-42
-23
-9
-15
-5
-5
0
29
50
67
70
78
89
88
80
83
73
42
27
26
26
33
44
43
41
46
75
78
69
59
50
55
53
50
65
54
48
65
53
37
22
-1
12
21
35
38
12
3
-12
-13
12
42
45
64
83
87
98
77
67
67
58
51
47
59
100
136
141
113
81
68
65
68
50
32
15
12
14
11
18
31
41
34
11
-8
-26
-33
-40
-47
-50
-50
-50
-51
-32
-32
-13
8
3
1
-23
-45
-59
-73
-89
-82
-75
-76
-90
-99
-97
-83
-64
-47
-48
-59
-78
-99
-95
-83
-61
-43
-30
-15
-16
-40
-40
-38
-23
-17
-20
-12
0
-16
-43
-37
-42
-78
-114
-132
-134
-136
-143
-137
-123
-131
-140
-146
-153
-156
-170
-175
-182
-167
-173
-197
-208
-183
-165
-167
-181
-176
-153
-149
-147
-147
-136
-142
-154
-161
-162
-163
-171
-163
-172
-186
-185
-195
-212
-223
-232
-248
-246
-261
-276
-304
-311
-299
-309
-316
-316
-307
-308
-304
-304
-282
-297
-304
-304
-282
-276
-275
-287
-259
-225
-237
-263
-288
-301
-333
-347
-334
-318
-311
-290
-245
-222
-220
-245
-272
-286
-293
-294
-318
-323
-326
-323
-322
-319
-288
-274
-260
-260
-246
-231
-227
-258
-300
-338
-367
-391
-395
-388
-376
-377
-389
-390
-382
-352
-331
-297
-287
-286
-301
-336
-348
-341
-327
-314
-305
-314
-303
-286
-281
-253
-238
-250
-246
-275
-308
-320
-320
-319
-323
-337
-341
-334
-349
-369
-350
-352
-340
-351
-389
-378
-369
-376
-398
-404
-415
-423
-425
-410
-392
-388
-368
-353
-348
-358
-370
-370
-354
-321
-299
-277
-281
-283
-289
-305
-316
-310
-285
-279
-276
-284
-293
-293
-287
-293
-299
-274
-249
-231
-222
-214
-212
-203
-215
-220
-221
-207
-197
-204
-236
-256
-262
-261
-249
-251
-245
-247
-257
-285
-298
-312
-296
-275
-245
-217
-212
-209
-206
-192
-189
-174
-163
-182
-206
-199
-199
-190
-180
-167
-165
-111
-58
-31
-47
-72
-86
-128
-135
-164
-181
-198
-189
-205
-201
-207
-228
-231
-257
-253
-267
-264
-264
-248
-248
-274
-267
-280
-263
-261
-244
-209
-185
-168
-150
-160
-194
-195
-251
-298
-300
-293
-292
-314
-287
-269
-307
-306
-314
-328
-280
-281
-320
-310
-322
-352
-349
-336
-340
-316
-312
-337
-289
-297
-275
-235
-233
-227
-270
-265
-275
-284
-277
-273
-277
-291
-269
-266
-249
-252
-247
-260
-242
-251
-292
-281
-265
-262
-272
-281
-316
-320
-316
-322
-308
-302
-296
-284
-277
-271
-269
-296
-315
-298
-290
-295
-287
-305
-304
-311
-311
-307
-310
-292
-307
-303
-276
-262
-269
-250
-239
-244
-233
-246
-252
-271
-287
-287
-296
-266
-240
-227
-214
-202
-168
-178
-200
-215
-210
-186
-204
-191
-185
-201
-214
-225
-219
-231
-219
-221
-223
-228
-257
-279
-241
-218
-201
-189
-189
-173
-163
-170
-145
-129
-112
-91
-75
-108
-130
-130
-123
-118
-125
-139
-141
-153
-137
-125
-134
-135
-139
-132
-132
-132
-130
-104
-76
-113
-162
-174
-155
-144
-148
-126
-81
-70
-52
-31
-15
-30
-68
-77
-102
-119
-129
-121
-125
-155
-144
-140
-148
-151
-151
-163
-180
-186
-184
-196
-220
-210
-189
-165
-169
-173
-176
-145
-135
-110
-109
-131
-109
-91
-80
-87
-79
-98
-83
-82
-75
-66
-82
-99
-103
-73
-48
-32
-46
-48
-44
-30
-41
-21
-22
-42
-56
-71
-103
-95
-108
-87
-67
-87
-66
-85
-81
-74
-54
-42
-46
-43
-49
-64
-54
-39
-23
4
18
10
-25
-40
-24
-33
-1
2
0
2
-16
5
11
9
12
22
14
21
12
20
58
56
58
66
34
19
34
33
31
41
27
-11
-23
-49
-47
-52
-62
-46
-20
-6
-41
-50
-47
-61
-70
-68
-97
-103
-98
-89
-42
-12
-15
-23
-42
-65
-62
-55
-60
-50
-52
-68
-59
-60
-64
-47
-50
-56
-58
-58
-79
-81
-63
-64
-71
-67
-66
-86
-99
-92
-82
-59
-40
-53
-73
-67
-63
-46
-34
-43
-52
-80
-86
-118
-106
-113
-126
-125
-156
-156
-191
-186
-189
-167
-132
-123
-88
-66
-38
-58
-27
-42
-58
-63
-48
-41
-70
-69
-83
-89
-86
-102
-119
-103
-73
-70
-76
-57
-48
-60
-82
-96
-101
-106
-93
-111
-103
-89
-109
-111
-104
-128
-135
-145
-175
-156
-155
-175
-156
-142
-129
-137
-132
-102
-108
-108
-84
-74
-76
-80
-87
-109
-107
-95
-133
-154
-161
-169
-165
-187
-217
-249
-265
-279
-285
-276
-249
-234
-230
-237
-243
-225
-206
-210
-216
-200
-184
-200
-200
-215
-238
-251
-271
-254
-255
-263
-285
-298
-292
-317
-338
-330
-306
-291
-286
-265
-245
-232
-235
-241
-248
-252
-251
-240
-219
-226
-221
-202
-206
-207
-214
-216
-242
-232
-204
-191
-208
-228
-205
-219
-207
-218
-217
-217
-240
-265
-290
-300
-328
-309
-331
-314
-301
-289
-238
-238
-260
-294
-299
-315
-312
-321
-289
-262
-240
-207
-227
-245
-259
-229
-215
-210
-239
-240
-282
-282
-261
-256
-248
-249
-202
-199
-188
-185
-208
-202
-206
-217
-226
-219
-193
-166
-159
-144
-155
-173
-187
-201
-179
-179
-182
-193
-219
-251
-290
-301
-312
-295
-298
-299
-287
-285
-300
-308
-320
-303
-283
-301
-302
-299
-257
-229
-210
-204
-196
-196
-197
-189
-181
-169
-166
-161
-182
-202
-208
-215
-254
-267
-262
-261
-260
-287
-293
-293
-302
-304
-313
-327
-339
-341
-358
-376
-362
-357
-338
-285
-256
-257
-256
-228
-236
-269
-254
-246
-270
-279
-278
-298
-309
-281
-281
-266
-256
-258
-253
-304
-316
-343
-354
-358
-371
-343
-341
-339
-319
-265
-242
-236
-242
-254
-246
-244
-213
-204
-233
-218
-212
-203
-206
-210
-203
-204
-199
-204
-221
-252
-255
-283
-309
-293
-297
-253
-228
-258
-252
-263
-295
-276
-290
-272
-273
-297
-276
-279
-307
-303
-301
-306
-297
-302
-298
-301
-304
-312
-316
-319
-332
-360
-356
-349
-353
-343
-341
-324
-333
-341
-337
-338
-330
-307
-312
-299
-291
-289
-288
-294
-298
-298
-266
-278
-291
-305
-294
-278
-274
-259
-232
-224
-269
-286
-300
-333
-339
-331
-354
-376
-383
-381
-351
-338
-312
-322
-350
-337
-310
-308
-299
-293
-312
-328
-306
-299
-301
-300
-279
-264
-288
-302
-320
-317
-334
-354
-345
-339
-352
-342
-337
-331
-311
-315
-274
-294
-318
-316
-323
-333
-347
-292
-278
-271
-284
-289
-297
-322
-315
-330
-353
-397
-427
-432
-433
-398
-401
-392
-396
-424
-419
-396
-401
-395
-377
-371
-390
-390
-386
-390
-378
-377
-381
-384
-392
-364
-356
-356
-368
-380
-385
-411
-410
-377
-382
-386
-353
-341
-349
-378
-397
-395
-401
-364
-364
-357
-361
-393
-408
-394
-360
-334
-298
-296
-315
-328
-345
-366
-368
-356
-364
-333
-319
-305
-304
-324
-327
-308
-287
-305
-324
-313
-346
-346
-335
-343
-353
-359
-351
-343
-317
-307
-276
-286
-237
-215
-232
-245
-253
-220
-212
-222
-209
-206
-205
-195
-164
-197
-193
-187
-194
-209
-221
-204
-202
-222
-240
-224
-260
-271
-289
-292
-269
-243
-262
-273
-274
-283
-311
-290
-273
-284
-303
-331
-323
-340
-344
-334
-347
-342
-370
-371
-378
-376
-379
-385
-378
-367
-366
-343
-325
-328
-311
-324
-328
-346
-353
-359
-388
-412
-407
-394
-386
-384
-383
-367
-370
-354
-335
-342
-351
-381
-403
-392
-382
-385
-394
-423
-449
-460
-494
-494
-497
-544
-504
-500
-517
-516
-511
-495
-493
-481
-492
-480
-500
-505
-497
-520
-498
-472
-450
-444
-433
-430
-420
-419
-429
-414
-428
-411
-411
-425
-395
-419
-418
-422
-393
-393
-399
-379
-366
-364
-342
-332
-353
-371
-352
-350
-361
-351
-380
-386
-422
-427
-430
-414
-423
-414
-408
-425
-405
-420
-429
-418
-418
-428
-435
-446
-420
-431
-429
-417
-396
-368
-352
-343
-363
-331
-316
-299
-306
-314
-315
-308
-316
-322
-312
-286
-282
-323
-274
-252
-252
-276
-279
-270
-278
-246
-230
-232
-240
-237
-258
-280
-272
-227
-238
-249
-240
-245
-234
-266
-233
-225
-211
-220
-241
-248
-263
-269
-241
-190
-186
-195
-192
-164
-186
-203
-236
-231
-234
-231
-195
-213
-213
-249
-259
-280
-292
-300
-320
-320
-306
-296
-327
-281
-274
-255
-249
-241
-242
-272
-245
-242
-266
-265
-244
-249
-236
-243
-257
-269
-279
-270
-250
-273
-269
-257
-308
-313
-316
-294
-296
-289
-280
-246
-233
-253
-234
-280
-284
-300
-307
-324
-356
-352
-369
-378
-387
-392
-372
-399
-394
-363
-350
-354
-304
-291
-281
-289
-298
-308
-328
-298
-318
-301
-281
-278
-291
-261
-241
-225
-222
-213
-218
-243
-223
-225
-206
-211
-163
-147
-118
-111
-110
-83
-118
-128
-125
-130
-147
-144
-171
-131
-169
-199
-144
-155
-140
-170
-165
-200
-237
-242
-208
-244
-278
-272
-261
-235
-253
-244
-254
-268
-254
-241
-221
-217
-186
-162
-180
-170
-194
-219
-202
-197
-176
-163
-160
-176
-172
-162
-192
-174
-143
-143
-165
-191
-174
-160
-155
-142
-175
-191
-199
-203
-243
-222
-217
-208
-209
-232
-194
-195
-167
-166
-201
-197
-163
-166
-182
-173
-176
-201
-208
-218
-212
-189
-172
-156
-167
-156
-115
-164
-177
-188
-171
-214
-195
-146
-152
-123
-141
-158
-221
-253
-208
-179
-154
-149
-156
-165
-199
-181
-156
-168
-174
-191
-196
-203
-184
-158
-165
-172
-189
-170
-173
-181
-174
-180
-189
-201
-189
-180
-160
-144
-131
-116
-137
-109
-113
-129
-133
-158
-109
-90
-92
-98
-103
-106
-112
-140
-110
-102
-92
-94
-102
-65
-83
-92
-81
-97
-92
-88
-62
-58
-75
-53
-54
-57
-29
-1
35
50
46
83
81
102
115
71
80
87
70
100
71
49
86
97
89
90
79
102
105
102
87
88
117
120
127
166
155
180
193
202
187
170
166
148
146
110
150
159
163
166
205
181
160
183
187
179
197
191
198
222
247
260
257
255
234
266
265
265
284
289
296
283
293
240
244
270
269
283
288
280
256
232
233
249
224
235
271
234
223
235
227
230
230
240
230
242
267
238
245
252
252
252
258
275
251
261
257
242
217
218
217
215
202
188
167
135
129
146
125
120
109
124
129
130
152
148
150
148
116
97
84
88
86
70
79
73
92
79
83
71
62
80
64
95
101
157
131
118
106
89
98
88
83
108
89
129
135
114
114
40
60
43
51
81
90
87
41
34
11
-5
-7
0
0
15
18
-1
-4
1
-5
-20
-24
-16
-25
-43
-39
-31
-40
-13
33
34
37
54
51
43
68
95
87
61
70
56
66
61
55
41
33
36
-16
-22
-58
-80
-26
-38
-53
-32
-48
-104
-120
-120
-97
-61
-94
-98
-69
-93
-92
-80
-76
-59
-78
-71
-76
-100
-117
-108
-97
-83
-49
-43
-56
-88
-87
-70
-66
-42
-15
-11
-6
-14
-51
-79
-56
-69
-61
-25
-44
-35
-37
-41
-48
-46
-56
-49
-36
-40
-35
-85
-105
-75
-93
-75
-81
-83
-146
-166
-146
-153
-137
-132
-142
-134
-170
-188
-184
-193
-190
-190
-188
-199
-182
-172
-153
-139
-152
-112
-99
-131
-125
-123
-112
-95
-94
-106
-93
-88
-100
-70
-62
-75
-57
-73
-77
-93
-83
-81
-91
-108
-103
-97
-111
-102
-83
-106
-99
-112
-114
-113
-102
-89
-53
-54
-82
-43
-50
-30
-25
-5
36
9
8
19
52
72
74
94
110
136
122
79
68
75
74
86
114
139
155
179
195
183
156
126
127
132
122
113
111
96
68
72
62
59
74
67
60
70
76
93
108
125
123
108
121
131
150
162
147
128
117
128
128
111
154
160
136
145
170
163
181
184
163
157
142
165
170
175
158
157
145
123
131
140
143
135
109
81
68
88
84
70
68
75
101
95
108
101
69
75
101
113
89
95
81
88
116
109
95
97
69
51
64
72
80
69
51
45
33
26
41
40
53
33
34
38
21
11
-11
23
29
21
13
14
15
17
27
32
40
20
5
9
13
18
0
11
-19
-42
-45
-60
-34
-16
-6
-12
-25
-55
-64
-77
-70
-73
-86
-78
-61
-56
-47
-30
-28
15
8
-6
-6
2
-5
21
65
62
65
69
68
51
43
38
43
28
18
22
3
-13
-25
-48
-42
-17
-5
-2
6
5
6
-3
-15
5
10
12
15
26
54
90
89
83
63
55
59
63
69
44
46
62
73
32
20
9
24
48
67
86
112
126
119
123
134
135
133
130
115
121
124
129
109
93
66
63
76
87
109
77
73
65
23
8
27
27
18
40
68
92
118
128
143
160
172
198
183
188
224
255
250
242
228
217
226
217
232
236
210
212
221
242
231
227
228
238
223
217
226
203
196
180
177
184
196
181
178
185
188
183
170
182
187
169
163
182
190
204
212
214
208
207
200
209
207
204
212
203
188
152
136
144
152
134
126
128
123
134
159
175
180
193
217
225
218
189
148
141
130
114
118
128
143
148
159
172
178
170
160
145
117
106
110
112
115
130
129
127
120
120
115
117
124
115
101
102
119
124
123
111
84
63
55
51
51
84
125
118
116
116
114
109
112
122
141
139
136
148
145
139
142
150
138
146
119
107
114
114
123
127
122
97
88
64
50
47
28
8
7
8
21
26
33
25
13
9
2
7
23
36
26
36
25
33
31
6
23
42
47
46
57
65
67
67
54
29
20
9
-5
-14
-20
-30
-41
-46
-43
-28
-21
-28
-37
-35
-22
-20
-24
-37
-35
-38
-34
-32
-29
-21
-16
-15
-23
-30
-52
-66
-52
-52
-55
-73
-63
-48
-49
-31
-17
4
12
10
-13
-19
-12
19
17
29
46
60
74
53
43
43
25
3
-7
-50
-72
-80
-103
-89
-55
-55
-70
-80
-81
-92
-88
-66
-61
-63
-76
-70
-60
-38
-33
-44
-38
-51
-72
-56
-48
-49
-28
-20
-15
-19
-37
-40
-13
-1
-3
6
13
7
-13
-20
-21
-14
7
25
34
27
29
50
45
22
12
-30
-50
-65
-94
-101
-110
-111
-119
-138
-132
-123
-104
-71
-60
-66
-85
-104
-106
-109
-120
-127
-114
-128
-99
-81
-81
-80
-73
-84
-81
-62
-53
-52
-47
-24
-19
-2
6
33
34
33
36
44
38
27
27
9
-15
-19
-24
-26
-27
-23
-37
-50
-61
-85
-89
-76
-68
-77
-79
-69
-73
-99
-111
-117
-103
-83
-70
-85
-94
-100
-94
-84
-72
-64
-81
-83
-78
-54
-35
-46
-47
-42
-37
-30
-26
-29
-14
-12
-11
-20
-30
-42
-51
-55
-50
-44
-60
-81
-123
-130
-139
-142
-154
-187
-197
-187
-190
-185
-194
-224
-214
-190
-165
-137
-140
-143
-146
-168
-171
-163
-157
-153
-148
-136
-160
-199
-217
-213
-204
-223
-221
-228
-237
-243
-246
-213
-196
-195
-186
-195
-205
-193
-172
-144
-144
-160
-169
-181
-179
-178
-159
-151
-160
-154
-153
-164
-181
-185
-173
-149
-143
-132
-140
-142
-127
-115
-103
-103
-105
-116
-110
-106
-120
-131
-142
-166
-179
-171
-170
-163
-172
-176
-194
-219
-225
-207
-228
-241
-223
-217
-238
-230
-234
-244
-239
-243
-235
-223
-205
-195
-179
-174
-162
-168
-159
-145
-130
-101
-96
-90
-84
-63
-42
-42
-51
-53
-58
-42
-16
-15
-19
-20
-26
-33
-48
-50
-44
-46
-66
-106
-128
-151
-153
-136
-126
-106
-98
-110
-103
-105
-83
-76
-73
-55
-79
-78
-79
-88
-75
-65
-61
-67
-80
-106
-135
-149
-123
-96
-78
-82
-88
-90
-97
-97
-98
-105
-128
-115
-93
-88
-94
-93
-93
-76
-50
-47
-60
-86
-119
-130
-141
-161
-174
-184
-188
-208
-205
-206
-202
-194
-182
-166
-149
-141
-148
-144
-139
-138
-150
-149
-155
-138
-106
-95
-87
-73
-85
-115
-130
-122
-114
-115
-104
-95
-104
-102
-112
-126
-105
-87
-70
-53
-52
-55
-67
-79
-100
-119
-129
-136
-143
-171
-194
-208
-208
-201
-195
-185
-159
-151
-157
-167
-192
-217
-210
-192
-165
-139
-120
-88
-79
-100
-125
-148
-150
-135
-110
-89
-110
-125
-124
-149
-162
-182
-171
-167
-157
-151
-152
-152
-177
-197
-236
-257
-268
-281
-271
-255
-267
-285
-296
-321
-341
-365
-342
-313
-289
-269
-264
-254
-258
-268
-276
-294
-298
-302
-295
-293
-275
-253
-252
-225
-216
-192
-202
-218
-220
-244
-242
-236
-252
-269
-280
-286
-274
-275
-279
-291
-300
-279
-258
-259
-269
-275
-283
-306
-314
-320
-316
-305
-280
-267
-276
-261
-259
-256
-275
-306
-319
-322
-316
-324
-317
-297
-274
-282
-281
-278
-250
-217
-186
-180
-179
-157
-171
-177
-197
-206
-215
-222
-200
-176
-152
-140
-140
-140
-146
-150
-172
-212
-229
-232
-222
-242
-264
-261
-258
-250
-250
-228
-216
-203
-202
-203
-211
-248
-273
-290
-261
-228
-229
-245
-257
-264
-273
-313
-322
-312
-311
-321
-304
-285
-240
-179
-146
-128
-125
-123
-117
-91
-73
-51
-57
-73
-74
-66
-67
-82
-91
-122
-129
-156
-175
-149
-138
-130
-111
-95
-99
-109
-117
-104
-81
-83
-81
-75
-76
-72
-64
-57
-61
-74
-98
-113
-124
-137
-135
-138
-149
-139
-112
-109
-116
-127
-138
-122
-107
-100
-96
-98
-98
-82
-54
-63
-59
-73
-66
-61
-58
-54
-56
-43
-19
-17
-44
-45
-52
-57
-53
-25
-13
-4
-8
-14
-19
-31
-24
-34
-28
-35
-43
-57
-76
-93
-98
-111
-118
-101
-97
-91
-84
-62
-61
-44
-38
-25
-20
-29
-45
-29
-20
-20
-37
-58
-55
-56
-65
-52
-52
-65
-64
-70
-69
-67
-43
-28
-20
-10
-3
-31
-42
-34
-28
-15
13
14
-2
-36
-56
-70
-91
-76
-62
-31
-41
-65
-74
-75
-80
-99
-125
-143
-155
-157
-149
-148
-142
-113
-97
-88
-81
-79
-68
-49
-14
19
23
6
-14
-18
-30
-38
-41
-51
-65
-61
-49
-69
-72
-52
-58
-61
-58
-74
-65
-50
-65
-70
-68
-61
-73
-70
-68
-84
-109
-107
-91
-101
-99
-86
-76
-73
-63
-79
-91
-102
-87
-79
-61
-47
-25
6
20
12
12
6
11
16
15
6
-13
-18
-26
-30
-54
-49
-32
-24
-15
-9
-16
-7
16
8
22
31
42
41
30
33
20
28
44
61
68
75
83
83
78
79
78
106
148
167
189
193
198
200
202
205
201
219
248
279
274
247
236
229
228
223
220
214
205
216
211
213
214
205
202
228
234
246
268
272
285
297
310
316
328
331
326
305
301
278
264
261
280
288
305
340
343
341
346
361
369
380
380
382
380
374
369
382
401
399
390
366
364
357
334
312
284
275
269
246
235
226
241
253
272
288
304
325
330
329
315
320
329
341
337
317
312
309
327
331
338
361
379
389
401
411
386
374
363
352
333
319
310
333
381
404
423
437
472
475
472
463
454
468
482
478
470
471
464
468
473
476
475
462
438
423
387
379
397
404
411
410
409
411
403
393
392
384
385
395
424
434
426
442
456
461
443
421
399
379
369
385
415
440
443
443
438
426
447
458
460
459
464
454
437
449
491
716
1055
1241
1079
719
382
187
126
156
403
917
1473
1700
1489
934
632
492
443
496
562
748
982
916
743
610
427
413
256
145
-104
-182
-286
-175
157
412
441
302
43
-321
-573
-819
-707
-387
95
485
551
533
373
166
-135
-278
-258
-29
278
691
976
1074
991
772
529
312
157
168
409
723
1035
1157
1112
946
705
352
94
14
126
250
365
493
531
401
261
115
94
57
-55
-108
-165
-32
-28
100
207
242
307
170
53
-122
-146
-90
-41
98
192
298
288
294
109
-11
-103
-163
-91
-85
24
-22
75
49
-15
-117
-207
-213
-335
-355
-437
-400
-269
-183
-53
-8
70
23
-23
-20
34
169
257
395
504
625
709
727
766
741
748
671
641
596
648
727
786
883
936
920
764
570
407
266
232
278
344
444
468
518
430
303
216
147
185
239
313
316
329
326
273
289
302
339
334
231
135
89
113
98
99
140
262
303
152
-13
-150
-155
-219
-347
-462
-404
-297
-283
-302
-346
-310
-318
-339
-366
-344
-184
-58
94
242
386
566
653
710
758
818
876
946
1056
1157
1290
1372
1453
1413
1342
1265
1215
1140
991
876
735
625
457
295
208
118
20
-146
-238
-285
-340
-401
-506
-530
-535
-476
-433
-374
-280
-174
-43
36
127
180
262
300
358
378
390
420
398
398
378
398
326
327
248
165
49
-179
-356
-644
-749
-956
-993
-1033
-1064
-986
-1057
-936
-1004
-839
-800
-706
-533
-500
-220
-137
188
339
568
810
973
1296
1406
1681
1757
1877
1874
1829
1824
1728
1752
1633
1634
1437
1280
1017
724
459
104
-114
-427
-568
-787
-904
-1021
-1117
-1121
-1228
-1213
-1259
-1157
-1138
-1061
-957
-824
-566
-463
-199
-49
175
363
473
645
619
730
685
706
686
648
741
657
632
411
237
33
-219
-458
-733
-831
-970
-1026
-1084
-1031
-915
-812
-721
-749
-661
-591
-419
-303
-187
53
329
667
828
1052
1280
1550
1731
1797
1863
1897
1933
1841
1724
1581
1462
1272
1042
834
645
465
167
-90
-337
-510
-683
-923
-1124
-1290
-1373
-1433
-1512
-1484
-1369
-1186
-1011
-881
-683
-488
-282
-173
-116
28
140
267
345
418
512
546
542
463
457
378
304
130
-69
-252
-479
-695
-977
-976
-1039
-1003
-1071
-1032
-815
-763
-622
-727
-549
-490
-451
-395
-335
66
242
567
707
1038
1367
1500
1655
1589
1761
1681
1609
1405
1237
1213
1000
901
640
578
448
269
67
-217
-317
-561
-767
-1016
-1184
-1209
-1259
-1287
-1319
-1249
-1115
-1004
-871
-674
-406
-186
-76
30
62
215
250
302
393
499
689
671
685
556
573
488
317
164
-111
-232
-566
-781
-1061
-1157
-1144
-1126
-1013
-1030
-820
-745
-606
-610
-537
-336
-256
-71
-57
223
465
712
949
1120
1522
1720
1951
2023
2121
2234
2137
1955
1647
1439
1199
944
685
472
338
172
-23
-217
-335
-443
-605
-825
-1030
-1148
-1258
-1356
-1433
-1388
-1258
-1107
-933
-770
-489
-243
-5
136
328
466
561
589
594
671
720
800
761
768
731
713
632
432
326
14
-205
-604
-823
-1109
-1314
-1399
-1498
-1383
-1447
-1244
-1181
-974
-871
-824
-617
-587
-287
-296
-52
94
336
669
870
1287
1492
1898
2080
2233
2301
2200
2078
1798
1584
1318
1050
757
532
365
229
19
-137
-312
-417
-568
-735
-872
-1066
-1178
-1359
-1420
-1518
-1479
-1409
-1271
-1021
-821
-493
-285
2
198
441
551
628
619
631
598
515
467
332
446
298
430
257
305
162
-68
-176
-625
-701
-1227
-1282
-1537
-1570
-1557
-1608
-1320
-1352
-1031
-1022
-705
-596
-389
-172
-2
279
338
627
703
993
1116
1393
1658
1856
2092
2129
2218
2088
2003
1706
1423
1088
777
491
145
-98
-369
-497
-754
-858
-1000
-1037
-1105
-1229
-1271
-1373
-1340
-1449
-1451
-1440
-1343
-1171
-1038
-767
-596
-241
-38
266
461
599
774
703
747
504
432
235
50
21
-168
-100
-347
-373
-528
-638
-763
-1034
-1066
-1177
-1181
-1380
-1417
-1374
-1309
-1315
-1296
-1129
-919
-662
-496
-209
18
375
599
837
1068
1291
1553
1611
1735
1744
1833
1762
1654
1569
1439
1321
1027
849
581
352
20
-276
-464
-688
-878
-1100
-1205
-1328
-1400
-1431
-1481
-1463
-1460
-1348
-1260
-1147
-993
-843
-645
-457
-246
-50
102
250
440
583
744
743
767
722
615
499
305
187
-36
-239
-453
-596
-716
-914
-987
-1041
-950
-1024
-1011
-993
-886
-853
-918
-860
-784
-585
-493
-335
-133
148
475
710
978
1179
1490
1705
1842
1906
1966
2002
1860
1703
1513
1371
1127
871
664
468
279
28
-173
-337
-485
-664
-813
-919
-994
-1089
-1173
-1256
-1303
-1272
-1256
-1173
-1067
-848
-632
-414
-179
18
279
430
600
702
780
816
734
767
659
597
424
245
134
-85
-216
-521
-635
-813
-847
-869
-860
-838
-858
-764
-791
-776
-854
-735
-635
-513
-427
-247
42
271
558
743
1070
1278
1609
1817
2024
2136
2153
2179
2005
1887
1612
1436
1158
882
625
354
163
-65
-193
-387
-513
-654
-771
-854
-965
-1050
-1113
-1135
-1154
-1108
-1052
-970
-908
-763
-613
-452
-285
-121
123
294
474
576
673
753
738
744
670
611
464
332
165
-9
-179
-344
-511
-669
-765
-774
-752
-776
-745
-725
-597
-570
-550
-518
-464
-388
-402
-292
-187
16
165
380
655
963
1296
1503
1679
1775
1849
1848
1744
1612
1443
1231
943
622
357
86
-140
-393
-594
-717
-793
-838
-923
-930
-970
-994
-1029
-1080
-1092
-1139
-1113
-1086
-981
-868
-716
-549
-375
-183
17
226
361
450
486
546
523
492
395
326
174
10
-167
-361
-557
-810
-914
-964
-922
-881
-846
-766
-694
-576
-499
-401
-283
-173
-121
-89
-53
62
122
202
299
514
793
1051
1277
1466
1706
1843
1904
1847
1773
1577
1308
991
654
364
20
-285
-584
-807
-945
-1019
-1070
-1112
-1108
-1067
-1058
-1064
-1064
-1031
-1050
-1085
-1069
-1027
-944
-856
-687
-520
-307
-109
44
230
329
459
503
587
579
542
449
323
182
-33
-243
-521
-710
-898
-950
-993
-962
-957
-927
-821
-743
-582
-504
-336
-259
-150
-83
-10
91
131
177
212
333
487
714
916
1149
1334
1526
1673
1706
1688
1575
1406
1121
818
492
116
-233
-563
-884
-1145
-1309
-1433
-1527
-1557
-1513
-1417
-1316
-1245
-1156
-1063
-996
-983
-952
-902
-826
-769
-677
-538
-397
-186
-63
99
212
357
479
513
534
459
407
246
63
-151
-358
-584
-773
-901
-940
-956
-1016
-964
-898
-746
-661
-507
-325
-183
-30
61
180
267
330
346
352
410
543
663
786
878
1046
1183
1261
1313
1315
1292
1114
865
638
376
52
-293
-607
-875
-1121
-1284
-1399
-1453
-1442
-1398
-1316
-1242
-1135
-995
-875
-763
-677
-579
-479
-431
-379
-356
-283
-213
-128
-53
30
150
236
301
312
316
323
274
184
69
-76
-241
-438
-572
-651
-709
-767
-843
-789
-712
-586
-483
-353
-210
-112
50
195
368
496
554
613
681
770
859
908
959
1019
1164
1245
1268
1309
1358
1333
1217
1068
899
661
343
14
-320
-624
-936
-1165
-1329
-1432
-1451
-1430
-1374
-1305
-1155
-1004
-875
-773
-642
-513
-411
-348
-262
-149
-98
-55
-27
55
114
185
235
262
274
249
180
89
-27
-120
-248
-396
-495
-538
-534
-596
-653
-630
-529
-439
-390
-276
-127
14
147
296
476
617
698
767
836
963
1055
1132
1143
1176
1250
1271
1244
1212
1196
1127
991
816
643
434
186
-119
-399
-637
-870
-1081
-1261
-1364
-1411
-1442
-1432
-1399
-1313
-1201
-1094
-966
-857
-691
-547
-424
-352
-225
-112
-56
-27
-10
87
168
226
275
298
334
306
219
109
-12
-150
-352
-515
-590
-627
-664
-756
-755
-694
-606
-542
-482
-335
-211
-98
-2
114
310
441
535
589
711
876
988
1065
1111
1199
1273
1260
1235
1214
1165
1058
886
740
558
332
53
-232
-454
-695
-898
-1104
-1266
-1342
-1391
-1411
-1411
-1341
-1211
-1079
-948
-807
-654
-482
-366
-267
-148
-13
88
110
121
99
93
75
57
28
-8
-33
-71
-150
-190
-254
-322
-387
-406
-379
-405
-405
-396
-296
-215
-175
-96
-25
68
139
248
393
472
544
605
698
856
960
1108
1190
1286
1344
1338
1317
1237
1172
1064
903
730
509
290
27
-254
-476
-681
-852
-1035
-1183
-1270
-1311
-1289
-1269
-1245
-1151
-1069
-973
-864
-733
-565
-431
-307
-192
-49
82
144
211
311
376
417
400
375
309
248
183
89
-21
-142
-254
-419
-528
-565
-532
-553
-575
-547
-448
-366
-298
-205
-59
105
195
273
351
513
585
662
730
857
1009
1107
1176
1244
1365
1452
1475
1442
1438
1400
1294
1057
852
627
373
84
-196
-393
-625
-799
-972
-1093
-1153
-1192
-1195
-1213
-1176
-1093
-976
-900
-820
-713
-580
-482
-413
-333
-224
-126
-90
-10
64
146
183
186
191
139
111
18
-92
-184
-262
-310
-412
-472
-431
-426
-381
-349
-245
-133
-81
33
131
294
402
494
590
606
670
694
768
866
929
1054
1111
1185
1272
1317
1363
1288
1221
1115
925
703
428
188
-94
-353
-580
-830
-1023
-1207
-1350
-1452
-1523
-1524
-1491
-1415
-1304
-1176
-1011
-860
-737
-600
-483
-336
-231
-82
26
73
103
138
204
238
270
274
272
248
239
165
92
-23
-107
-226
-357
-420
-454
-467
-559
-580
-529
-425
-356
-259
-118
59
162
245
375
522
611
673
767
873
1019
1099
1180
1217
1304
1400
1420
1383
1331
1291
1188
1031
875
704
492
235
-75
-316
-535
-728
-891
-1037
-1102
-1144
-1157
-1169
-1122
-1040
-919
-822
-716
-598
-446
-333
-254
-142
-43
51
89
114
137
188
219
210
173
122
81
36
-45
-159
-220
-265
-259
-238
-221
-185
-129
-26
64
155
241
372
502
624
740
820
918
963
1000
1014
1077
1154
1222
1282
1304
1376
1418
1455
1436
1388
1330
1202
1048
868
676
422
153
-120
-372
-582
-770
-943
-1095
-1172
-1187
-1180
-1167
-1097
-983
-841
-716
-586
-442
-305
-171
-14
134
270
344
406
465
519
567
570
564
544
495
452
372
288
215
137
71
-25
-70
-62
-56
-84
-134
-95
-27
32
65
113
229
339
419
496
620
782
889
960
1038
1168
1328
1447
1532
1607
1694
1764
1754
1714
1640
1566
1448
1280
1103
900
677
425
164
-44
-226
-406
-575
-698
-753
-810
-821
-835
-807
-734
-642
-533
-457
-364
-255
-132
-32
51
128
189
221
245
279
311
305
272
258
216
206
179
134
63
-1
-21
-61
-61
-54
-31
5
54
177
293
374
449
531
665
747
830
890
969
1037
1111
1191
1301
1392
1477
1545
1599
1669
1694
1700
1623
1547
1424
1290
1128
882
648
400
144
-126
-373
-577
-729
-871
-980
-1051
-1050
-1054
-1043
-997
-905
-750
-616
-460
-337
-190
-57
36
136
219
297
348
359
366
376
371
328
265
219
177
112
54
-22
-82
-160
-256
-271
-267
-252
-263
-204
-89
3
80
166
250
375
472
568
660
765
863
906
988
1098
1236
1336
1419
1491
1562
1615
1616
1578
1517
1449
1349
1181
970
739
501
253
-25
-266
-486
-652
-792
-919
-985
-1023
-1017
-1037
-999
-941
-861
-752
-640
-521
-398
-259
-146
-63
-3
89
151
177
181
185
183
170
136
106
68
38
-40
-118
-198
-286
-297
-321
-292
-270
-237
-156
-63
22
98
207
333
428
509
603
704
821
865
937
990
1094
1197
1274
1357
1404
1505
1513
1484
1449
1375
1302
1168
1032
876
679
451
173
-75
-282
-521
-718
-908
-1029
-1085
-1129
-1137
-1144
-1084
-991
-888
-753
-628
-500
-370
-252
-138
-23
63
157
192
241
255
270
270
211
174
119
128
57
3
-52
-117
-224
-351
-415
-418
-377
-411
-467
-459
-375
-341
-295
-307
-190
-91
-45
33
113
290
377
510
604
759
944
1055
1129
1202
1301
1391
1419
1370
1296
1209
1116
941
793
614
418
196
-59
-286
-510
-680
-873
-1019
-1125
-1173
-1228
-1265
-1241
-1172
-1072
-983
-874
-792
-666
-546
-437
-335
-221
-136
-89
-53
-43
-19
-51
-66
-130
-179
-217
-285
-377
-470
-520
-592
-667
-676
-596
-533
-511
-490
-394
-299
-223
-189
-134
-6
79
177
237
346
422
477
551
618
765
881
943
974
1018
1129
1176
1152
1136
1081
1027
900
735
566
343
110
-184
-452
-703
-927
-1136
-1331
-1456
-1524
-1553
-1588
-1575
-1519
-1417
-1292
-1156
-1012
-843
-681
-539
-407
-278
-146
-49
5
36
74
105
90
44
-16
-45
-89
-186
-304
-379
-461
-557
-663
-728
-740
-741
-755
-808
-808
-784
-748
-733
-734
-689
-592
-521
-482
-389
-246
-96
1
111
274
463
621
736
864
989
1122
1161
1157
1138
1114
1060
929
786
621
453
236
-10
-244
-433
-638
-827
-1000
-1127
-1217
-1301
-1349
-1384
-1365
-1353
-1314
-1287
-1214
-1111
-1016
-914
-815
-700
-602
-529
-478
-430
-367
-338
-359
-384
-439
-451
-501
-513
-562
-611
-659
-762
-789
-817
-728
-657
-621
-554
-473
-395
-327
-294
-230
-166
-97
-58
-17
84
149
217
239
317
449
551
639
713
813
906
952
955
913
876
809
680
530
329
134
-97
-359
-587
-797
-976
-1170
-1344
-1467
-1521
-1543
-1556
-1542
-1481
-1405
-1310
-1206
-1075
-917
-760
-607
-498
-382
-277
-195
-121
-59
-18
29
26
28
-10
-35
-62
-143
-223
-326
-392
-486
-556
-614
-631
-646
-677
-713
-722
-713
-708
-694
-703
-648
-586
-498
-468
-406
-277
-135
-1
114
286
460
605
734
859
965
1067
1115
1129
1109
1090
1015
895
758
582
428
205
-8
-228
-427
-626
-838
-1046
-1208
-1310
-1395
-1456
-1491
-1441
-1362
-1263
-1169
-1052
-928
-834
-727
-638
-523
-406
-343
-305
-289
-273
-254
-249
-223
-226
-222
-251
-296
-328
-379
-406
-449
-454
-460
-427
-406
-410
-424
-401
-360
-342
-323
-304
-236
-175
-120
-92
-3
98
177
235
283
421
538
669
765
879
1012
1108
1160
1178
1181
1148
1038
864
702
509
320
79
-161
-399
-635
-855
-1063
-1238
-1384
-1446
-1465
-1477
-1431
-1347
-1243
-1113
-993
-813
-646
-488
-350
-229
-118
-33
48
107
172
189
228
213
202
174
156
141
78
28
-79
-169
-295
-400
-501
-575
-635
-688
-731
-768
-773
-741
-701
-690
-653
-592
-466
-388
-285
-128
18
168
242
410
583
740
903
1031
1164
1277
1388
1440
1436
1407
1364
1250
1109
929
750
528
290
38
-231
-444
-664
-866
-1037
-1162
-1261
-1329
-1388
-1401
-1370
-1287
-1197
-1097
-970
-820
-634
-506
-379
-255
-130
-23
43
108
191
242
257
254
261
274
246
192
105
41
-59
-152
-254
-347
-396
-420
-453
-538
-597
-624
-600
-609
-605
-526
-436
-361
-281
-166
1
149
243
362
516
695
839
962
1053
1147
1254
1307
1327
1294
1264
1207
1083
916
755
574
359
91
-163
-396
-603
-801
-989
-1110
-1224
-1295
-1359
-1389
-1346
-1261
-1149
-1019
-873
-706
-555
-434
-278
-135
19
145
228
302
359
416
421
410
408
390
369
279
201
55
-40
-175
-323
-456
-586
-694
-804
-861
-912
-926
-928
-886
-882
-840
-807
-718
-634
-535
-399
-226
-27
94
246
397
588
771
904
1049
1171
1307
1407
1471
1484
1456
1401
1295
1145
966
732
482
234
-15
-260
-516
-742
-967
-1130
-1274
-1389
-1471
-1500
-1482
-1432
-1354
-1266
-1143
-1003
-852
-708
-555
-374
-201
-61
76
193
296
393
427
460
475
490
461
408
324
248
171
72
-36
-206
-354
-521
-657
-784
-881
-969
-1036
-1065
-1066
-1059
-1020
-957
-867
-756
-648
-499
-342
-155
9
170
338
542
728
852
975
1092
1185
1241
1259
1256
1198
1120
1030
908
748
554
337
108
-123
-343
-540
-732
-898
-1008
-1061
-1102
-1122
-1135
-1123
-1089
-1042
-995
-926
-824
-696
-558
-415
-246
-88
43
157
266
366
427
502
541
533
501
466
398
314
203
97
-30
-183
-343
-489
-633
-809
-929
-1063
-1135
-1228
-1299
-1323
-1307
-1250
-1199
-1108
-1009
-874
-743
-586
-401
-191
44
268
470
694
918
1107
1244
1319
1402
1433
1465
1445
1392
1358
1246
1119
949
767
581
388
194
-19
-208
-405
-583
-771
-941
-1062
-1137
-1170
-1172
-1151
-1101
-1033
-954
-846
-712
-556
-410
-257
-96
54
178
326
445
549
666
748
784
759
723
660
562
432
313
166
6
-173
-372
-531
-690
-835
-990
-1089
-1153
-1172
-1203
-1207
-1168
-1109
-1026
-940
-829
-707
-536
-363
-184
-25
162
335
487
651
799
943
1046
1124
1171
1233
1274
1264
1211
1160
1092
995
863
703
538
377
220
38
-125
-305
-449
-585
-700
-805
-886
-938
-960
-935
-889
-809
-714
-604
-487
-360
-233
-95
39
197
369
493
584
642
672
681
656
626
550
490
375
243
111
-28
-159
-339
-482
-643
-787
-939
-1075
-1181
-1236
-1278
-1314
-1343
-1332
-1269
-1201
-1101
-993
-796
-606
-410
-229
-44
182
358
526
664
856
1039
1184
1288
1372
1462
1524
1549
1531
1498
1441
1389
1270
1146
1012
876
712
526
367
211
75
-112
-268
-395
-490
-554
-607
-662
-682
-654
-610
-551
-443
-298
-168
-14
122
276
466
631
767
883
994
1049
1050
1024
992
980
912
819
695
566
418
245
69
-96
-249
-401
-573
-746
-851
-947
-1002
-1063
-1107
-1129
-1090
-1002
-904
-794
-648
-474
-301
-105
90
305
490
678
865
1078
1288
1465
1616
1710
1809
1891
1965
1984
1996
1993
1947
1866
1734
1581
1415
1233
1033
831
615
413
213
43
-118
-251
-365
-450
-505
-530
-510
-483
-437
-370
-261
-150
-50
54
168
306
432
540
649
761
852
876
893
897
877
825
764
666
581
488
335
161
-13
-154
-297
-445
-580
-709
-841
-964
-1067
-1137
-1206
-1248
-1282
-1237
-1140
-1039
-885
-715
-492
-279
-50
171
370
603
803
1025
1235
1428
1619
1791
1925
2021
2081
2125
2140
2124
2089
2022
1940
1787
1638
1455
1266
1060
845
628
393
185
-12
-170
-298
-392
-504
-563
-589
-581
-570
-525
-460
-378
-264
-161
-21
107
247
386
509
660
783
860
911
944
957
942
892
834
732
649
523
382
245
91
-28
-212
-375
-533
-667
-817
-987
-1112
-1217
-1265
-1280
-1270
-1224
-1154
-1050
-901
-738
-540
-347
-132
94
330
594
833
1086
1280
1486
1685
1874
2030
2153
2275
2354
2366
2328
2254
2178
2088
1955
1810
1623
1439
1219
986
744
507
278
23
-201
-393
-564
-714
-849
-968
-1023
-1029
-1011
-991
-919
-819
-704
-558
-411
-247
-95
61
196
324
461
588
671
750
794
822
804
743
675
569
505
360
232
78
-76
-231
-399
-560
-725
-876
-1042
-1198
-1313
-1380
-1416
-1410
-1427
-1379
-1329
-1215
-1078
-933
-723
-525
-282
-55
196
468
749
1004
1242
1490
1714
1892
2040
2154
2247
2304
2308
2296
2221
2166
2053
1881
1673
1450
1237
986
721
460
204
-51
-284
-497
-665
-816
-942
-1054
-1123
-1168
-1186
-1175
-1158
-1089
-991
-866
-723
-588
-370
-180
-13
165
335
502
613
715
773
817
843
847
833
802
765
700
595
489
365
203
51
-128
-304
-469
-617
-802
-998
-1151
-1309
-1425
-1507
-1549
-1567
-1543
-1462
-1357
-1223
-1022
-768
-511
-254
3
288
584
881
1162
1418
1672
1883
2076
2219
2331
2412
2415
2397
2336
2235
2104
1946
1776
1586
1368
1155
920
654
383
115
-126
-367
-589
-798
-966
-1091
-1187
-1257
-1290
-1293
-1257
-1194
-1116
-998
-861
-704
-538
-372
-190
2
192
369
542
690
813
914
988
1045
1071
1076
1063
1040
998
918
806
682
511
326
126
-98
-336
-550
-747
-939
-1123
-1316
-1472
-1609
-1676
-1690
-1679
-1614
-1534
-1409
-1260
-1064
-828
-557
-271
12
295
602
888
1138
1387
1602
1823
1996
2120
2210
2252
2272
2240
2171
2086
1963
1794
1579
1371
1166
937
704
455
224
5
-230
-459
-708
-903
-1086
-1244
-1374
-1481
-1537
-1565
-1535
-1481
-1399
-1288
-1150
-981
-798
-582
-340
-99
146
376
587
753
888
1018
1148
1238
1295
1319
1310
1239
1118
970
799
629
449
262
48
-135
-344
-540
-753
-972
-1161
-1339
-1482
-1625
-1723
-1806
-1859
-1897
-1873
-1816
-1673
-1498
-1274
-994
-715
-427
-161
139
441
764
1043
1293
1514
1727
1921
2075
2178
2223
2264
2275
2244
2178
2101
1965
1826
1646
1436
1200
964
722
456
208
-47
-293
-530
-744
-927
-1085
-1204
-1310
-1406
-1476
-1517
-1493
-1454
-1368
-1267
-1126
-946
-747
-507
-247
-10
230
454
676
870
1033
1169
1256
1318
1331
1321
1259
1182
1080
942
798
635
441
233
33
-166
-360
-551
-752
-943
-1097
-1208
-1324
-1428
-1538
-1626
-1702
-1735
-1739
-1696
-1624
-1514
-1358
-1175
-950
-719
-454
-205
76
344
614
891
1132
1358
1554
1745
1914
2055
2170
2237
2236
2211
2147
2067
1927
1781
1608
1394
1169
930
701
436
195
-38
-252
-446
-652
-828
-977
-1126
-1252
-1352
-1397
-1416
-1395
-1343
-1265
-1161
-1060
-936
-824
-661
-481
-273
-39
203
434
649
852
1001
1124
1219
1310
1321
1305
1245
1172
1062
929
796
638
492
328
161
0
-149
-316
-496
-669
-840
-996
-1127
-1260
-1397
-1506
-1584
-1638
-1680
-1681
-1662
-1618
-1517
-1379
-1196
-997
-755
-473
-186
97
376
684
1002
1274
1517
1732
1906
2047
2166
2251
2282
2277
2216
2108
1966
1797
1610
1383
1138
888
625
366
98
-128
-330
-545
-768
-989
-1171
-1358
-1502
-1635
-1740
-1783
-1791
-1799
-1758
-1654
-1514
-1356
-1177
-973
-742
-472
-219
28
264
486
684
875
1068
1223
1371
1494
1566
1597
1581
1500
1411
1290
1147
1000
837
654
451
253
55
-150
-375
-600
-818
-1039
-1254
-1443
-1625
-1774
-1914
-2036
-2099
-2114
-2067
-1980
-1853
-1669
-1450
-1204
-924
-632
-319
-13
290
598
902
1213
1505
1768
1967
2125
2239
2326
2357
2331
2279
2199
2087
1935
1758
1569
1361
1149
925
672
420
178
-58
-296
-536
-764
-1011
-1222
-1420
-1562
-1670
-1771
-1798
-1791
-1737
-1661
-1548
-1373
-1146
-902
-635
-375
-77
253
546
804
1058
1307
1531
1733
1891
2018
2091
2118
2090
2010
1884
1717
1491
1265
1032
802
567
328
127
-85
-271
-469
-655
-814
-993
-1153
-1286
-1401
-1507
-1590
-1657
-1700
-1700
-1679
-1641
-1558
-1443
-1265
-1062
-847
-597
-372
-107
172
463
751
1021
1293
1551
1802
2004
2170
2294
2354
2365
2327
2270
2172
2014
1833
1626
1421
1193
957
712
485
298
95
-86
-269
-452
-614
-768
-893
-1013
-1091
-1134
-1161
-1161
-1140
-1081
-1012
-903
-796
-679
-534
-395
-218
-29
172
389
602
793
976
1141
1289
1416
1495
1563
1592
1597
1548
1445
1317
1161
985
799
599
412
224
39
-126
-291
-453
-607
-751
-880
-1005
-1116
-1213
-1317
-1387
-1456
-1487
-1503
-1526
-1513
-1478
-1400
-1298
-1189
-1092
-971
-809
-627
-447
-255
-46
183
391
551
708
873
1038
1158
1268
1330
1379
1404
1397
1379
1339
1306
1273
1223
1138
1049
963
872
723
576
472
350
191
16
-141
-271
-373
-482
-571
-646
-716
-786
-868
-947
-983
-972
-937
-889
-817
-728
-604
-440
-278
-74
149
357
569
750
923
1062
1172
1259
1313
1378
1397
1399
1351
1281
1201
1085
954
830
709
565
408
252
89
-70
-217
-373
-511
-647
-760
-874
-984
-1089
-1205
-1299
-1382
-1436
-1479
-1523
-1570
-1603
-1623
-1609
-1545
-1451
-1330
-1194
-1009
-810
-588
-360
-130
108
352
584
804
993
1135
1253
1354
1450
1527
1558
1542
1511
1464
1422
1375
1269
1149
1030
901
757
601
463
320
182
42
-102
-259
-396
-520
-644
-776
-887
-973
-1058
-1111
-1141
-1166
-1174
-1139
-1080
-1005
-880
-728
-558
-359
-152
52
241
434
600
761
911
1019
1114
1192
1235
1224
1174
1106
1021
906
762
618
475
350
227
92
-59
-215
-366
-528
-694
-862
-1002
-1160
-1334
-1484
-1601
-1707
-1806
-1891
-1957
-1997
-2010
-1990
-1951
-1894
-1796
-1688
-1575
-1442
-1276
-1069
-869
-663
-456
-247
-42
166
374
560
727
898
1053
1183
1270
1311
1339
1323
1291
1235
1172
1110
1036
939
825
713
579
443
297
130
-38
-238
-429
-613
-774
-934
-1088
-1215
-1335
-1428
-1513
-1583
-1612
-1598
-1560
-1489
-1373
-1257
-1098
-912
-731
-555
-367
-187
-6
194
365
503
623
743
812
851
862
843
811
744
668
580
472
354
211
64
-81
-228
-355
-492
-631
-763
-887
-1001
-1110
-1216
-1335
-1459
-1579
-1672
-1740
-1817
-1876
-1901
-1907
-1882
-1856
-1822
-1728
-1609
-1495
-1348
-1189
-1015
-847
-681
-514
-359
-219
-83
29
135
246
355
445
519
573
586
572
537
511
497
478
454
401
351
302
242
192
144
98
30
-39
-116
-205
-287
-377
-462
-550
-648
-754
-871
-976
-1056
-1111
-1149
-1169
-1169
-1161
-1122
-1055
-967
-847
-723
-562
-427
-295
-168
-66
52
163
270
355
437
493
514
528
512
482
458
405
345
296
242
177
130
83
33
-13
-68
-136
-220
-306
-403
-496
-609
-724
-840
-961
-1065
-1131
-1204
-1283
-1346
-1386
-1378
-1350
-1306
-1263
-1200
-1133
-1024
-892
-763
-625
-501
-397
-321
-237
-156
-73
-22
23
73
130
169
171
177
181
204
228
233
247
281
305
317
338
374
399
398
409
438
426
409
385
345
304
245
192
110
40
10
-51
-101
-157
-186
-209
-234
-256
-307
-306
-293
-285
-255
-222
-180
-128
-43
52
128
199
272
347
409
468
510
563
606
647
698
728
744
747
749
721
686
625
572
509
411
299
194
104
14
-109
-232
-332
-455
-540
-640
-739
-824
-886
-926
-975
-1011
-1045
-1054
-1045
-1027
-1001
-959
-902
-824
-754
-676
-569
-449
-351
-267
-166
-76
-2
57
105
153
180
191
179
184
218
224
235
240
239
213
184
155
116
101
81
65
35
22
13
19
32
13
11
30
28
25
33
32
37
55
78
106
169
204
248
283
299
321
367
387
373
366
368
377
353
321
300
288
275
235
201
191
172
167
173
184
192
191
182
163
120
76
45
9
-31
-63
-132
-196
-267
-326
-365
-407
-439
-458
-485
-513
-532
-555
-531
-528
-519
-505
-474
-423
-370
-325
-290
-268
-243
-226
-231
-230
-224
-217
-210
-198
-200
-204
-201
-185
-171
-152
-132
-125
-121
-111
-131
-146
-136
-111
-109
-159
-181
-222
-266
-334
-401
-454
-511
-546
-558
-551
-519
-453
-360
-263
-192
-85
16
88
154
239
340
429
509
563
610
624
639
647
654
649
621
592
547
518
496
450
393
352
297
242
193
134
56
-10
-76
-157
-259
-367
-454
-505
-564
-624
-665
-704
-734
-760
-767
-763
-736
-697
-634
-583
-535
-460
-373
-289
-214
-146
-106
-74
-44
-3
34
56
78
116
142
163
163
173
203
205
196
170
141
98
55
21
-40
-89
-134
-174
-225
-265
-286
-299
-315
-334
-336
-377
-415
-474
-504
-509
-513
-510
-531
-540
-540
-558
-582
-598
-615
-627
-656
-691
-692
-669
-633
-576
-506
-420
-329
-230
-150
-76
5
103
220
328
413
503
579
617
628
638
656
650
626
606
594
558
520
461
385
296
210
133
46
-27
-108
-189
-291
-390
-482
-554
-626
-679
-737
-802
-847
-899
-936
-934
-907
-878
-829
-752
-632
-501
-381
-259
-128
-12
97
195
295
406
494
563
619
659
677
674
646
608
557
493
421
358
283
196
101
-6
-116
-209
-287
-373
-469
-570
-652
-751
-840
-918
-980
-1015
-1053
-1092
-1132
-1126
-1109
-1088
-1035
-965
-893
-812
-721
-670
-608
-528
-453
-395
-345
-282
-207
-147
-99
-66
-25
-1
27
34
38
62
59
45
20
20
1
-25
-52
-77
-99
-119
-162
-188
-195
-221
-264
-305
-330
-344
-307
-281
-249
-211
-175
-151
-126
-74
-30
20
59
92
165
214
232
222
201
158
115
67
19
1
-26
-28
-23
-26
-19
4
14
19
23
23
25
13
-14
-38
-55
-76
-99
-129
-157
-179
-225
-250
-265
-283
-296
-313
-321
-337
-350
-353
-346
-315
-292
-297
-290
-300
-291
-275
-267
-267
-297
-310
-315
-319
-308
-302
-300
-296
-295
-286
-277
-263
-237
-213
-175
-133
-87
-55
-34
20
52
57
69
85
84
76
46
26
-10
-33
-65
-97
-127
-149
-191
-214
-203
-197
-177
-187
-217
-248
-241
-227
-247
-266
-267
-223
-159
-139
-105
-37
48
103
121
170
242
290
330
372
437
510
546
530
505
510
527
498
454
400
376
357
311
252
201
150
77
-8
-81
-123
-138
-184
-218
-232
-231
-222
-233
-236
-248
-248
-279
-309
-314
-309
-281
-265
-229
-199
-154
-97
-71
-33
33
93
144
166
202
255
284
291
278
283
257
246
215
156
94
54
-4
-66
-112
-157
-176
-208
-200
-182
-155
-131
-106
-77
-57
-34
-10
29
59
76
115
181
198
211
218
224
226
223
225
230
215
212
233
258
265
229
210
191
171
145
112
67
63
51
10
-7
-27
-27
-51
-82
-89
-99
-129
-159
-166
-134
-103
-49
-3
58
127
183
227
270
337
398
451
497
522
511
530
524
517
501
486
481
424
390
352
299
212
124
64
5
-21
-58
-98
-135
-144
-163
-207
-213
-228
-241
-249
-237
-215
-197
-176
-170
-137
-92
-50
-23
-28
-25
6
44
85
135
182
226
249
268
310
325
352
353
337
293
250
202
168
134
122
109
68
19
-33
-81
-118
-130
-159
-190
-213
-222
-268
-297
-299
-289
-271
-237
-199
-156
-111
-82
-62
-41
-28
5
44
91
135
138
153
146
143
122
97
62
20
-32
-103
-150
-183
-217
-233
-265
-299
-317
-335
-344
-364
-372
-376
-363
-357
-344
-319
-288
-253
-227
-178
-140
-108
-70
-50
-41
-22
-4
8
17
29
41
35
57
68
76
64
47
31
17
-14
-65
-94
-134
-168
-206
-246
-277
-316
-354
-406
-470
-524
-558
-586
-602
-619
-593
-568
-545
-518
-482
-441
-406
-364
-309
-247
-188
-129
-85
-18
35
103
155
203
225
235
247
237
235
222
222
239
269
283
301
296
283
268
223
180
133
81
31
-32
-63
-88
-112
-155
-201
-246
-287
-325
-378
-438
-502
-534
-550
-555
-560
-571
-567
-550
-533
-494
-447
-387
-337
-277
-242
-233
-231
-222
-221
-202
-179
-151
-129
-139
-123
-139
-142
-134
-158
-166
-191
-219
-239
-252
-282
-283
-298
-323
-344
-367
-381
-398
-402
-398
-387
-391
-392
-402
-394
-385
-373
-367
-366
-372
-378
-387
-399
-402
-399
-392
-371
-378
-390
-375
-361
-344
-304
-260
-239
-229
-208
-189
-149
-92
-38
3
19
28
12
4
4
4
11
-5
-34
-66
-88
-117
-154
-173
-180
-175
-171
-181
-193
-187
-180
-188
-176
-173
-187
-214
-276
-323
-370
-404
-442
-454
-460
-484
-486
-491
-515
-528
-490
-450
-390
-345
-320
-290
-280
-256
-215
-194
-197
-199
-214
-240
-291
-344
-391
-411
-429
-454
-460
-473
-483
-497
-503
-502
-481
-484
-471
-462
-456
-449
-466
-491
-519
-533
-532
-533
-539
-540
-546
-538
-520
-498
-468
-441
-417
-394
-366
-332
-301
-261
-228
-193
-157
-138
-131
-103
-67
-48
-51
-72
-76
-78
-97
-131
-165
-204
-241
-261
-308
-358
-381
-419
-440
-480
-511
-529
-552
-581
-610
-611
-628
-645
-649
-630
-624
-625
-612
-593
-554
-520
-477
-446
-415
-403
-407
-404
-408
-394
-381
-370
-357
-337
-336
-359
-375
-378
-366
-368
-373
-401
-422
-438
-449
-461
-469
-479
-496
-501
-528
-570
-589
-579
-584
-579
-585
-595
-606
-633
-644
-636
-615
-562
-509
-474
-456
-449
-413
-361
-335
-312
-274
-246
-234
-233
-232
-262
-272
-272
-275
-281
-282
-294
-317
-334
-326
-302
-296
-289
-266
-249
-240
-227
-221
-233
-253
-274
-296
-325
-335
-327
-314
-304
-315
-329
-344
-358
-372
-393
-397
-418
-431
-435
-433
-442
-445
-440
-460
-479
-517
-525
-518
-506
-481
-458
-444
-444
-425
-405
-383
-360
-337
-347
-385
-398
-411
-412
-414
-419
-427
-421
-399
-393
-391
-404
-419
-410
-423
-437
-432
-413
-386
-359
-339
-305
-284
-286
-293
-284
-251
-257
-253
-249
-253
-256
-258
-266
-259
-265
-276
-259
-261
-264
-249
-219
-198
-186
-172
-125
-88
-85
-62
-41
-53
-66
-72
-74
-68
-89
-98
-103
-129
-174
-194
-241
-294
-309
-325
-329
-341
-338
-340
-321
-311
-298
-284
-264
-248
-243
-253
-260
-261
-262
-228
-203
-204
-215
-224
-202
-158
-121
-79
-40
-12
8
21
17
9
16
9
-11
-18
-32
-71
-91
-116
-139
-170
-211
-222
-241
-244
-236
-221
-208
-211
-216
-214
-192
-168
-138
-108
-78
-55
-43
-30
-4
31
75
118
135
158
185
200
214
245
270
268
281
282
287
281
289
293
297
310
310
322
328
339
329
301
295
287
260
252
221
193
171
133
88
61
63
75
86
71
47
44
34
19
0
-9
5
16
21
36
58
77
104
121
149
168
185
193
203
231
254
267
282
290
285
253
253
254
249
253
252
244
212
198
174
158
171
147
105
97
100
99
82
38
24
14
-3
-15
-15
-31
-39
-45
-36
-36
-58
-57
-31
-14
-2
-6
-3
22
65
124
159
200
239
280
275
281
292
302
323
333
330
324
314
295
290
283
281
263
257
253
259
244
238
241
216
238
255
264
293
318
317
306
301
299
292
299
320
324
314
307
302
302
309
305
289
265
247
248
244
244
252
263
272
271
262
269
297
328
342
376
405
403
389
377
367
371
356
357
371
348
301
262
237
234
246
277
312
294
284
298
304
265
249
267
281
290
280
277
271
271
238
216
198
202
205
199
216
243
289
307
323
324
335
350
341
362
380
399
400
378
343
323
321
313
287
273
264
252
223
211
201
179
162
161
151
145
148
159
165
176
208
228
257
280
327
360
377
389
419
434
438
440
425
423
413
397
364
316
287
268
260
254
231
218
197
172
153
141
162
173
178
170
172
182
168
143
124
137
154
155
157
177
171
181
189
194
176
183
188
163
162
163
171
159
156
127
96
68
40
34
47
73
87
100
102
112
119
117
108
127
157
169
169
150
132
106
118
142
167
190
221
244
237
229
228
209
190
161
157
135
122
134
134
164
161
156
130
104
79
62
52
43
49
65
52
28
46
78
106
97
91
102
103
101
77
63
54
41
44
38
50
41
22
30
48
39
20
-6
-10
-9
16
40
20
6
1
8
-4
-24
-16
-7
-8
-21
-9
11
42
72
68
50
37
10
-14
-24
-21
-4
-19
0
-11
-21
-33
-38
-51
-59
-69
-81
-86
-81
-74
-64
-69
-95
-104
-117
-115
-117
-127
-147
-167
-192
-207
-219
-198
-181
-168
-170
-174
-172
-167
-132
-115
-86
-87
-101
-119
-142
-138
-135
-122
-110
-91
-91
-118
-158
-138
-128
-138
-129
-151
-166
-199
-185
-161
-162
-162
-174
-178
-177
-160
-130
-99
-52
-17
5
3
-37
-74
-81
-79
-80
-97
-123
-159
-176
-215
-239
-256
-275
-272
-245
-197
-190
-166
-146
-124
-103
-69
-46
-40
-34
-11
28
47
51
43
23
-3
-13
-25
-58
-84
-80
-74
-68
-72
-83
-99
-99
-84
-80
-75
-94
-98
-100
-97
-116
-137
-129
-135
-120
-105
-97
-112
-147
-174
-197
-228
-240
-242
-266
-277
-262
-237
-217
-217
-223
-210
-199
-172
-146
-131
-127
-123
-122
-126
-126
-125
-122
-130
-126
-109
-90
-86
-107
-105
-80
-72
-78
-94
-109
-102
-95
-76
-45
-35
-15
3
18
29
23
19
29
44
57
50
37
19
9
19
15
7
-3
0
-14
-24
-9
-10
7
4
1
2
-8
2
3
22
48
62
43
57
65
69
64
27
17
17
23
-17
-26
-47
-54
-45
-40
-28
-15
16
10
16
33
51
55
69
70
72
83
68
62
40
60
62
55
32
41
78
80
65
37
12
-24
-53
-53
-46
-59
-79
-99
-115
-100
-103
-119
-126
-118
-107
-110
-104
-111
-100
-83
-68
-38
-30
-1
30
78
112
123
131
123
108
121
128
126
124
124
156
172
186
205
210
217
240
267
267
233
203
188
192
194
188
175
152
123
91
73
52
29
15
3
-5
-8
-17
-27
-24
-24
-22
5
33
46
56
45
10
-17
-24
-19
-19
-25
-14
14
41
42
42
60
73
110
125
126
115
129
139
128
116
82
47
26
27
17
1
-16
-19
-12
-17
-31
-46
-73
-88
-52
-29
-31
-41
-50
-51
-76
-86
-65
-59
-48
-20
-13
-20
-20
-31
-42
-29
-8
-4
-12
-14
-14
-12
-16
-12
-15
-19
0
36
37
48
40
39
50
65
91
106
102
86
71
71
86
95
80
53
51
56
50
25
8
34
63
45
19
-13
-24
-30
-27
-39
-27
-6
-2
-5
-3
23
57
69
68
79
92
84
63
60
61
47
-5
-40
-54
-10
25
37
50
53
66
49
35
34
46
41
41
51
65
84
77
58
55
64
60
59
71
91
112
100
79
43
7
-11
-9
1
-3
0
19
42
51
63
72
81
105
128
165
179
177
188
217
260
285
291
307
318
295
280
273
261
269
280
299
316
314
296
279
294
318
345
365
348
326
310
299
284
268
287
309
324
324
319
329
351
393
430
483
509
497
490
443
415
393
382
386
387
396
410
427
436
449
466
475
462
453
449
474
495
482
470
459
461
454
468
481
474
469
453
459
452
424
397
395
403
414
444
451
422
392
385
371
378
388
395
398
408
416
432
438
437
437
445
471
487
488
477
478
476
473
467
477
506
500
492
481
480
492
471
453
444
432
418
389
408
440
449
437
427
444
431
432
432
431
450
463
468
466
481
486
488
496
512
521
527
530
515
514
504
509
502
491
493
495
497
501
468
427
411
409
407
384
366
363
359
350
345
358
376
398
411
394
370
365
360
351
341
326
316
321
320
329
337
342
358
364
373
348
341
341
317
308
292
286
283
304
336
361
385
394
388
389
397
401
397
394
429
426
397
361
331
302
276
273
258
251
237
250
253
278
279
261
265
271
282
280
283
300
307
304
275
238
233
229
215
218
260
295
303
287
275
272
270
266
266
249
237
224
201
189
180
187
196
220
239
267
258
232
204
173
146
131
113
103
110
130
124
92
84
88
117
101
109
125
117
108
98
116
111
81
50
32
37
50
46
43
27
43
57
70
94
100
95
101
122
111
83
78
95
112
124
107
94
95
99
104
123
153
137
113
95
91
99
82
59
37
21
24
28
36
66
74
80
85
99
99
104
110
106
100
108
113
94
60
48
45
50
54
43
52
68
51
29
25
12
6
-16
-16
-7
14
47
66
65
65
88
89
98
110
146
161
136
115
94
85
61
58
69
74
101
117
123
108
106
92
79
70
58
52
37
32
33
35
48
48
45
44
53
70
81
107
96
91
85
88
113
101
120
143
179
206
216
227
235
242
248
230
210
196
189
196
185
193
184
182
194
208
201
185
203
216
225
245
241
227
211
176
137
107
82
69
68
62
79
89
75
38
12
5
30
62
63
50
31
25
10
1
20
28
32
55
85
121
138
144
134
145
169
183
188
188
198
201
204
196
175
174
183
196
179
149
123
104
106
77
40
24
30
24
21
28
52
46
25
43
53
69
68
49
82
91
99
113
122
160
176
169
165
185
185
194
178
174
185
194
213
217
223
225
237
231
216
227
260
253
232
215
197
198
193
204
225
235
231
221
214
229
245
255
269
256
241
224
213
193
177
187
176
178
183
191
184
177
169
148
141
108
89
76
78
79
69
44
43
68
97
127
149
141
114
100
114
136
125
104
76
47
47
53
76
87
90
84
59
58
45
32
14
10
1
-22
-47
-90
-73
-67
-75
-76
-60
-46
-55
-42
-26
5
26
21
-5
-20
-17
-13
-30
-31
-34
-60
-75
-103
-107
-108
-117
-110
-97
-85
-74
-57
-62
-68
-62
-50
-56
-17
-7
-5
9
-1
-10
-28
-31
-40
-15
-3
8
19
27
54
56
65
56
43
37
26
36
24
23
26
31
21
38
71
78
87
78
72
42
32
5
-22
-24
-25
-22
-32
-33
-26
-13
19
43
64
55
30
-4
-13
-5
5
30
63
114
156
172
170
173
170
159
164
175
170
174
193
210
204
220
211
214
196
188
203
219
226
216
191
174
181
175
178
201
203
204
187
168
159
169
184
164
143
112
100
90
92
113
118
108
97
84
97
118
152
161
165
159
157
172
194
209
211
220
215
210
210
210
227
233
241
234
213
174
167
172
175
162
159
152
145
143
125
142
156
170
151
128
124
95
76
45
13
-11
-25
3
27
61
80
102
111
94
75
63
62
43
52
70
92
125
150
158
169
182
212
208
198
169
146
162
158
126
107
91
74
58
51
64
81
94
98
104
89
84
67
75
80
65
52
53
70
78
89
116
141
164
192
192
184
165
169
186
177
163
142
131
109
109
112
129
151
159
190
205
220
219
203
178
164
174
173
153
132
141
163
183
186
180
174
176
163
145
131
129
130
127
125
114
112
121
119
114
117
110
103
113
125
165
197
216
219
225
206
170
150
144
165
168
182
175
186
202
210
240
259
280
278
248
231
198
193
220
249
249
258
268
278
284
260
237
207
213
200
191
181
175
155
165
173
186
198
192
202
215
212
201
171
140
117
107
94
79
103
133
145
134
142
171
192
211
210
217
237
245
252
262
276
276
265
261
285
285
279
258
238
213
206
216
212
219
224
219
204
200
196
181
174
181
194
209
228
223
223
225
225
238
222
210
217
244
278
284
284
280
259
239
228
214
220
227
235
264
276
288
297
311
326
335
327
314
314
338
360
357
361
343
328
316
324
338
355
369
367
361
346
329
318
314
302
286
280
259
247
251
279
289
303
337
350
350
325
317
322
321
312
315
326
351
368
370
373
386
407
406
394
387
364
330
315
321
319
312
320
338
328
300
283
266
271
302
316
326
338
362
367
340
327
321
312
310
302
294
298
327
355
377
372
341
319
300
260
231
211
234
272
280
282
284
288
296
299
307
310
304
311
305
288
278
250
233
231
254
272
282
297
309
288
267
262
273
302
325
346
361
371
355
352
341
329
313
309
289
275
268
252
255
252
276
285
310
318
315
303
276
255
249
261
276
288
297
307
303
289
292
261
236
236
240
234
214
211
210
221
211
199
191
180
167
169
178
183
172
181
175
169
174
159
159
156
129
92
86
73
89
116
142
174
174
162
143
136
148
145
134
130
147
169
157
143
110
82
39
10
6
-4
-11
-14
-23
-20
-24
-42
-61
-68
-51
-41
-33
-17
5
12
10
3
-1
8
25
29
30
32
23
23
27
29
56
90
111
113
89
82
88
90
93
90
69
55
51
65
99
108
93
73
72
65
62
65
67
73
86
80
60
56
52
50
61
101
101
89
89
77
72
44
39
30
23
15
32
73
88
94
77
76
90
83
81
89
115
136
138
129
128
140
147
155
167
158
133
124
112
86
76
87
115
123
111
96
71
61
50
48
49
55
56
56
70
87
76
59
63
60
69
63
62
51
26
17
-12
-18
-17
-5
14
29
41
39
21
7
1
9
7
-4
4
1
8
7
10
-6
-6
4
19
45
55
53
55
72
69
60
39
22
32
37
30
26
13
7
19
21
12
-6
7
15
14
26
13
3
-18
-34
-67
-89
-83
-98
-128
-147
-140
-149
-147
-155
-159
-143
-121
-104
-72
-40
-35
-32
-23
-24
-18
1
31
34
38
44
44
31
17
18
13
18
13
-4
-17
-36
-64
-68
-73
-71
-89
-98
-86
-79
-80
-87
-99
-90
-69
-67
-67
-74
-76
-68
-56
-53
-63
-77
-68
-65
-80
-93
-99
-117
-125
-112
-112
-119
-136
-152
-143
-164
-159
-153
-145
-126
-128
-122
-132
-147
-147
-151
-150
-140
-134
-125
-110
-109
-109
-115
-104
-101
-104
-123
-131
-133
-171
-204
-224
-224
-209
-204
-210
-218
-213
-203
-196
-184
-169
-160
-147
-153
-145
-126
-135
-126
-136
-153
-155
-157
-153
-161
-149
-145
-149
-161
-183
-197
-202
-208
-219
-224
-239
-243
-244
-234
-212
-190
-177
-173
-184
-204
-229
-253
-266
-286
-310
-316
-317
-318
-307
-299
-305
-290
-277
-280
-287
-296
-296
-277
-249
-235
-250
-244
-255
-257
-250
-230
-209
-201
-215
-226
-220
-229
-240
-254
-247
-240
-242
-226
-227
-230
-233
-256
-248
-257
-257
-244
-231
-220
-211
-207
-220
-204
-215
-209
-195
-198
-202
-205
-204
-217
-213
-200
-192
-189
-189
-182
-179
-167
-162
-174
-174
-181
-191
-199
-203
-192
-173
-160
-158
-146
-146
-139
-124
-96
-86
-75
-80
-105
-110
-103
-109
-124
-113
-134
-164
-182
-182
-178
-187
-201
-211
-204
-187
-185
-188
-179
-181
-179
-161
-149
-138
-121
-138
-150
-174
-198
-207
-209
-215
-216
-201
-213
-231
-234
-230
-200
-170
-145
-130
-145
-135
-146
-182
-186
-184
-180
-175
-161
-146
-141
-156
-169
-168
-165
-160
-156
-153
-163
-167
-164
-173
-183
-172
-155
-140
-122
-103
-101
-112
-140
-155
-164
-151
-145
-159
-149
-129
-106
-80
-66
-81
-98
-116
-126
-139
-127
-111
-123
-135
-137
-138
-133
-125
-121
-115
-99
-76
-88
-90
-95
-106
-111
-104
-88
-89
-58
-28
-4
0
-1
-9
-37
-55
-68
-84
-77
-69
-74
-66
-86
-97
-108
-119
-106
-118
-120
-90
-68
-45
-25
-16
5
12
38
62
70
77
58
49
32
24
10
26
43
47
48
47
28
0
-8
-25
-33
-31
-21
5
12
0
5
-9
-15
-17
-17
-5
39
67
78
79
76
65
54
51
40
41
41
79
114
137
147
137
124
107
106
92
95
116
123
112
78
46
39
40
67
82
111
114
93
95
96
117
100
86
72
68
81
95
111
113
118
111
101
104
114
134
155
158
153
153
155
154
173
197
218
237
244
244
230
242
251
249
224
210
199
154
116
70
58
65
67
88
120
143
132
121
115
122
120
114
88
67
76
71
61
48
38
33
35
37
38
52
67
56
63
66
71
72
77
69
83
116
131
128
146
172
178
189
195
202
199
191
186
181
171
166
129
119
124
124
119
107
115
105
99
94
104
97
74
61
55
31
22
25
31
58
96
134
155
167
146
115
79
46
36
33
53
73
83
79
64
70
63
50
36
48
42
30
35
42
57
35
29
33
31
48
71
73
94
110
119
118
124
129
122
109
92
102
100
91
74
66
63
63
64
68
83
88
68
41
17
6
2
7
21
8
5
-9
-22
1
19
18
14
15
25
19
20
33
24
31
35
28
30
50
64
72
71
66
50
43
66
75
59
34
28
39
40
33
69
90
78
53
28
29
34
57
76
70
65
41
52
64
82
124
164
193
201
202
177
159
164
174
184
189
175
163
170
169
166
154
135
118
109
86
65
55
56
70
70
60
70
86
96
103
120
144
172
189
204
228
228
235
253
265
265
283
304
301
278
276
268
257
261
257
253
249
238
235
252
261
274
290
284
272
270
263
262
270
276
283
291
289
286
295
312
331
337
355
374
377
367
363
378
397
392
370
366
353
333
314
291
291
315
324
335
331
326
305
293
311
323
346
355
353
341
360
384
382
381
400
395
382
371
352
349
355
352
368
388
409
397
393
386
370
352
334
322
307
306
296
300
297
301
307
313
321
341
357
364
364
365
358
348
362
355
363
378
393
394
388
386
406
420
447
453
437
428
420
418
425
436
448
462
461
473
471
470
462
458
460
437
417
398
389
380
389
394
401
400
385
358
355
372
402
421
437
453
455
445
447
435
440
449
443
436
431
436
433
434
415
403
389
373
363
376
375
393
398
403
408
422
439
433
423
406
381
362
366
370
373
395
400
397
392
404
427
435
425
397
360
333
324
311
305
282
306
317
308
299
291
300
313
330
335
356
361
365
367
389
394
373
366
361
334
331
344
349
353
349
343
336
316
292
280
273
274
273
288
322
348
353
346
344
314
292
292
285
286
281
280
262
249
233
210
198
189
172
165
180
195
195
197
222
252
272
273
269
262
275
273
274
293
293
292
279
270
286
273
262
259
253
245
230
223
213
197
163
155
154
155
174
189
209
216
225
229
245
280
296
295
304
304
317
322
327
330
331
351
356
378
380
391
391
395
416
418
405
386
385
393
409
407
398
386
367
364
357
349
345
336
307
297
292
292
304
312
340
365
375
382
370
339
340
343
329
305
295
303
317
335
344
358
352
345
341
341
354
379
411
427
415
414
402
402
407
394
411
425
423
432
446
446
435
433
439
421
404
394
382
368
354
347
359
362
368
383
397
404
403
386
369
358
360
347
344
345
337
350
348
350
368
378
355
352
349
358
366
368
396
394
414
421
405
387
397
399
400
396
398
400
376
363
360
385
396
410
413
416
425
419
406
395
407
409
402
403
401
399
395
392
389
376
377
383
382
367
372
380
372
370
373
376
379
384
373
377
395
408
409
411
401
389
388
408
412
398
392
375
361
350
333
299
281
262
263
272
293
295
287
289
264
260
264
269
271
282
298
298
284
268
266
278
294
297
296
278
266
252
223
211
199
208
222
232
231
243
246
218
189
168
158
148
151
151
162
184
198
205
226
210
214
218
230
242
262
274
250
239
229
228
225
237
244
227
214
186
155
131
101
88
107
114
98
82
71
86
92
98
100
102
106
124
131
110
117
130
154
175
207
231
229
226
230
235
235
248
264
283
294
307
305
277
253
228
211
234
247
259
274
283
270
239
233
228
222
213
208
227
246
262
266
281
286
292
282
271
244
213
215
227
233
240
267
292
282
269
276
267
275
277
268
267
262
265
281
316
334
337
342
353
363
379
397
402
390
375
370
353
340
342
357
372
382
382
375
388
396
385
385
381
377
390
402
397
399
395
372
351
346
337
342
356
356
363
364
375
371
380
379
372
383
385
415
420
424
417
393
404
399
404
426
459
461
447
442
446
464
477
487
467
467
463
455
458
454
459
442
424
412
402
396
387
403
389
369
362
357
371
374
385
400
410
409
408
429
430
433
446
451
444
424
398
389
387
381
354
336
342
352
383
395
399
395
385
381
379
377
386
366
344
340
338
354
358
370
362
354
358
347
328
303
271
254
227
226
231
243
271
270
270
268
259
254
256
242
261
280
276
278
268
269
272
273
301
298
301
311
319
321
326
327
301
298
286
277
237
194
174
164
179
184
178
184
173
162
150
143
132
104
87
81
87
96
95
87
77
80
83
73
72
45
45
55
60
61
68
85
98
126
145
150
137
119
103
80
63
45
45
52
39
44
37
10
-10
-20
-37
-65
-91
-108
-133
-149
-144
-137
-125
-121
-108
-87
-72
-75
-77
-76
-77
-70
-76
-80
-84
-77
-50
-41
-43
-50
-63
-58
-58
-61
-73
-82
-80
-79
-67
-64
-45
-28
-30
-13
1
1
-22
-51
-66
-80
-88
-101
-93
-89
-105
-129
-149
-153
-166
-171
-184
-209
-234
-255
-267
-276
-262
-249
-207
-167
-148
-115
-91
-79
-63
-58
-57
-66
-72
-77
-106
-124
-118
-92
-59
-25
4
22
8
-5
-19
-37
-46
-73
-96
-83
-101
-104
-84
-63
-63
-65
-70
-63
-47
-43
-32
-21
-10
-1
4
-12
-5
8
17
34
42
30
12
-15
-27
-31
-23
-19
-31
-28
-54
-65
-67
-51
-42
-44
-32
-45
-44
-41
-35
-4
1
8
27
20
15
0
-15
-23
-26
-31
-28
-39
-38
-36
-13
6
19
42
47
59
48
22
-2
2
-17
-3
-5
-1
3
-2
14
25
43
64
72
66
69
58
79
92
91
81
67
66
67
67
90
107
104
110
87
72
60
51
31
45
58
45
46
33
39
42
46
38
27
14
-6
-22
-19
-13
14
45
27
16
-7
-21
-46
-60
-54
-41
-14
-11
-10
-11
-17
-17
-8
8
2
-4
-26
-49
-49
-37
-13
-23
-29
-36
-49
-54
-62
-74
-77
-81
-93
-96
-124
-141
-148
-131
-107
-103
-103
-98
-56
6
27
42
45
23
-14
-45
-70
-97
-105
-108
-95
-91
-77
-74
-46
-42
-59
-79
-101
-123
-115
-108
-111
-109
-103
-78
-73
-64
-47
-29
-7
-3
1
-7
-11
-5
-17
-24
-55
-80
-94
-102
-92
-83
-76
-73
-83
-95
-130
-144
-166
-184
-176
-171
-166
-174
-176
-176
-158
-138
-124
-127
-148
-168
-183
-182
-160
-156
-160
-157
-169
-155
-148
-162
-144
-132
-123
-120
-130
-129
-119
-119
-119
-126
-122
-119
-109
-103
-91
-67
-89
-73
-61
-68
-69
-83
-80
-82
-84
-90
-87
-86
-69
-53
-49
-45
-34
-46
-58
-61
-68
-62
-87
-104
-124
-126
-133
-130
-107
-74
-59
-42
-17
-2
-13
-18
-19
-12
-14
-17
-27
-34
-28
-31
-28
-49
-48
-68
-87
-81
-63
-48
-48
-48
-33
-42
-48
-48
-46
-29
-40
-36
-43
-57
-57
-70
-70
-67
-68
-69
-71
-86
-86
-61
-51
-49
-51
-66
-72
-65
-28
-12
-2
4
9
17
13
29
38
55
69
81
86
72
53
51
53
27
11
-1
0
6
19
34
31
12
3
2
9
9
6
24
16
4
-8
5
5
13
29
55
82
80
69
39
19
-10
-12
-12
-7
-6
-3
-18
-29
-43
-62
-53
-49
-46
-48
-51
-38
-42
-39
-30
-16
-9
-21
-16
-14
-29
-44
-41
-48
-44
-51
-73
-93
-119
-138
-115
-85
-84
-71
-65
-96
-125
-142
-166
-172
-163
-150
-145
-139
-145
-132
-111
-82
-70
-84
-85
-88
-81
-69
-63
-69
-86
-119
-145
-167
-174
-190
-193
-176
-164
-150
-160
-182
-199
-194
-179
-160
-149
-142
-148
-161
-159
-155
-152
-155
-156
-154
-171
-178
-177
-167
-160
-162
-141
-144
-146
-160
-165
-178
-195
-203
-196
-174
-163
-160
-142
-127
-142
-161
-184
-185
-181
-187
-193
-204
-213
-191
-192
-190
-192
-183
-178
-198
-212
-241
-271
-284
-265
-248
-228
-219
-226
-226
-227
-241
-244
-251
-235
-227
-235
-254
-245
-220
-212
-197
-177
-159
-153
-147
-147
-136
-119
-109
-102
-86
-85
-102
-118
-115
-102
-110
-145
-172
-184
-192
-201
-195
-169
-148
-136
-122
-114
-129
-143
-149
-162
-173
-177
-162
-162
-164
-163
-168
-161
-167
-166
-165
-167
-184
-188
-170
-163
-159
-161
-156
-143
-139
-131
-113
-108
-94
-80
-96
-93
-67
-74
-85
-92
-118
-119
-117
-129
-128
-150
-157
-140
-133
-118
-97
-79
-57
-43
-50
-56
-61
-57
-55
-46
-45
-52
-64
-93
-102
-91
-79
-66
-87
-133
-151
-168
-174
-173
-171
-173
-164
-169
-179
-182
-191
-169
-141
-122
-112
-106
-91
-87
-84
-70
-75
-87
-102
-92
-79
-70
-75
-97
-103
-110
-110
-83
-57
-27
-15
-7
-17
-35
-40
-29
-11
7
21
20
18
-14
-6
5
-3
-20
-37
-58
-78
-88
-79
-53
-28
-17
-5
5
6
17
26
21
15
6
-12
-3
20
51
71
94
105
103
98
82
74
81
90
97
85
79
95
108
110
103
97
103
120
109
91
91
83
86
91
71
76
87
92
100
107
115
97
89
87
97
106
92
79
86
80
85
97
117
137
137
139
135
121
112
135
174
204
215
229
209
169
138
121
115
100
83
94
72
74
115
127
157
165
146
121
97
80
69
76
92
111
125
128
115
108
108
114
125
142
147
162
172
180
151
151
156
122
103
64
76
75
77
86
82
90
99
120
104
106
113
101
110
116
115
97
76
55
52
50
63
71
68
66
71
93
114
115
103
95
74
73
74
87
121
140
153
166
172
173
164
176
182
194
196
210
211
217
226
219
210
192
186
188
196
183
181
187
190
192
176
181
190
196
198
216
211
221
235
244
259
243
227
207
219
225
226
233
235
234
224
217
237
266
291
307
310
297
285
298
292
288
296
300
305
309
310
314
304
298
320
302
286
280
281
275
254
222
224
224
214
220
240
267
289
303
304
309
315
322
326
319
305
305
321
353
373
376
377
386
377
379
380
350
352
346
335
347
355
355
364
365
341
333
333
350
351
335
349
369
380
377
385
379
381
374
353
333
333
332
342
348
336
358
361
363
358
360
325
292
274
253
252
235
231
221
222
231
253
276
277
266
241
218
225
260
281
292
277
258
239
246
231
227
235
221
213
203
192
179
176
180
181
170
163
163
159
149
125
104
105
93
80
61
60
83
106
120
113
130
125
120
117
124
148
157
159
168
168
163
160
159
167
145
137
110
80
71
46
27
33
48
46
40
26
22
23
-11
-34
-41
-41
-26
-12
8
27
34
34
24
11
-7
-21
-42
-52
-45
-43
-46
-49
-42
-55
-74
-86
-75
-57
-61
-28
-15
12
33
50
76
89
95
86
66
56
47
26
30
0
-11
-23
-40
-32
-16
8
25
40
44
44
54
63
67
77
87
77
90
97
80
68
55
63
59
47
43
53
78
84
84
69
45
32
25
25
19
8
-9
-22
-30
-32
-16
-11
-18
-18
-15
-2
9
11
-6
-11
-12
-10
-3
-23
-31
-54
-74
-72
-71
-96
-86
-65
-66
-67
-73
-80
-70
-41
-29
-12
-1
0
-9
-30
-34
-28
-7
5
22
44
55
53
45
24
16
14
18
36
35
23
31
45
33
20
29
25
18
18
29
32
36
23
15
16
14
15
4
16
44
51
52
36
26
5
-24
-47
-36
3
21
20
33
38
41
62
75
65
56
56
45
45
43
47
71
87
83
83
75
72
56
49
58
62
62
72
64
70
77
66
57
54
70
80
70
68
79
76
53
14
-7
-14
-5
3
19
35
37
30
14
10
12
27
30
33
32
53
69
90
113
115
143
157
166
144
148
140
135
124
130
126
108
108
98
87
80
68
77
53
19
10
-5
1
-3
8
15
11
10
24
24
28
37
41
45
40
28
30
21
2
-24
-43
-56
-57
-35
1
14
9
-14
-22
-24
-3
9
-16
-45
-65
-65
-76
-68
-47
-54
-53
-66
-49
-50
-39
-44
-50
-63
-77
-73
-73
-63
-78
-69
-77
-75
-80
-60
-35
-5
-3
-8
-22
-52
-63
-84
-80
-73
-55
-49
-43
-36
-37
-28
-25
-10
-14
-26
-27
-36
-34
-35
-2
14
6
27
31
45
45
28
34
34
52
64
60
49
45
32
21
30
28
49
48
54
72
91
120
132
138
138
157
148
135
135
141
154
160
174
200
193
186
198
219
234
245
275
301
333
346
350
347
336
350
358
358
349
316
308
313
293
291
312
323
326
316
305
297
312
332
327
326
318
322
313
313
322
322
321
320
329
324
339
337
324
327
333
348
350
368
399
402
408
410
401
393
387
412
429
435
422
406
382
377
377
372
371
371
376
363
363
356
343
347
348
323
315
323
347
385
403
407
398
384
360
340
339
329
306
311
328
326
332
338
339
351
368
376
382
398
389
380
391
392
372
352
354
362
380
386
406
411
408
406
381
359
354
342
316
307
281
276
283
281
274
256
242
239
226
221
207
192
167
147
124
114
124
133
141
107
95
108
132
143
144
150
138
136
128
125
144
169
159
130
114
100
112
129
146
158
166
171
164
161
156
166
175
176
171
147
119
94
94
78
73
82
78
67
75
96
107
100
83
91
106
111
118
125
123
104
95
90
70
66
62
64
64
59
54
47
28
31
48
47
55
62
52
55
52
54
71
93
106
117
110
100
63
39
19
-6
-11
-12
7
19
41
34
32
7
-21
-38
-45
-31
-11
2
0
0
-32
-32
-18
2
6
12
32
51
82
97
104
88
82
80
65
54
32
37
65
62
73
86
115
131
121
130
144
164
171
187
187
197
205
207
230
240
245
228
240
