239
240
224
213
191
195
200
205
202
194
192
190
200
188
176
165
161
164
168
175
178
178
180
204
211
212
216
194
198
202
222
238
260
278
280
289
263
261
264
263
260
237
247
267
267
273
270
246
245
250
232
250
260
279
299
303
313
294
283
276
279
276
274
274
281
288
283
277
267
282
288
284
277
273
278
283
291
298
300
299
302
303
315
315
326
338
342
335
329
326
327
338
340
363
356
341
325
312
322
341
324
308
313
318
330
332
315
301
292
302
302
299
294
301
311
304
310
299
309
307
314
328
336
334
335
327
319
319
317
324
318
328
337
343
351
369
363
360
354
364
361
358
357
355
366
354
360
341
326
331
341
348
357
367
363
349
333
328
335
348
357
338
334
347
354
348
338
347
354
359
356
368
361
354
359
350
339
336
335
340
343
345
338
333
343
341
356
346
365
374
372
379
378
389
391
399
391
372
370
376
392
407
404
401
402
402
418
421
418
406
401
413
424
427
415
410
402
388
387
394
403
405
406
417
437
437
429
426
406
395
407
417
417
411
378
358
347
351
359
367
385
374
381
370
379
392
380
383
387
408
418
407
392
374
369
390
401
416
427
411
420
436
430
427
431
443
438
437
414
408
407
442
462
438
414
379
348
361
419
462
475
447
402
389
420
449
484
496
483
443
426
442
459
488
481
449
412
406
409
415
411
392
390
390
390
389
386
397
403
412
412
401
406
417
422
422
409
404
416
425
433
426
404
391
383
376
377
377
386
381
370
349
337
347
348
363
354
344
354
364
389
403
415
403
385
381
382
399
416
402
379
367
360
370
365
346
321
300
299
328
338
324
309
295
291
293
278
276
287
306
318
326
333
327
335
341
360
364
357
362
370
377
387
374
343
330
329
326
314
304
298
313
325
327
318
300
273
263
246
226
235
252
266
263
260
252
245
244
263
266
264
269
272
287
297
286
279
277
280
287
291
305
308
309
309
307
307
304
301
301
288
299
308
313
324
328
321
323
315
313
297
295
303
306
308
282
269
267
264
265
269
274
274
280
275
268
276
267
267
271
272
268
261
248
255
259
238
238
254
265
272
278
281
287
284
278
287
284
299
315
326
337
330
319
307
288
280
279
270
268
268
267
254
247
240
234
235
224
228
230
233
227
225
218
220
217
223
235
238
235
243
256
251
244
243
258
261
266
260
253
258
269
272
276
291
297
300
300
290
287
299
298
298
304
312
307
286
276
267
262
260
262
252
256
244
241
221
211
205
214
222
200
207
203
211
220
230
216
198
191
192
199
214
224
210
220
228
217
210
213
234
245
244
236
245
237
240
257
251
241
232
228
235
244
247
235
229
207
187
181
169
177
187
204
216
215
202
203
192
192
196
189
192
183
180
173
169
183
188
186
193
198
206
201
197
189
201
196
204
197
188
203
203
201
184
173
156
156
152
154
148
157
174
167
166
176
198
205
190
181
168
156
155
148
123
116
109
110
126
117
110
102
90
83
85
77
76
84
89
80
82
69
59
51
58
73
79
106
121
132
134
125
105
97
101
115
115
116
111
99
100
90
80
63
57
64
75
84
89
87
72
82
95
76
75
89
86
93
119
136
136
117
96
89
83
81
74
52
48
47
45
49
51
53
48
45
50
56
48
47
61
75
84
85
79
76
78
66
73
86
97
99
95
90
82
75
72
70
64
75
81
78
85
59
29
38
37
25
22
15
25
53
59
60
47
33
39
59
51
41
57
60
83
93
77
57
60
67
77
67
65
64
40
51
48
53
39
24
39
45
76
90
93
87
56
42
41
45
50
60
62
62
57
46
41
27
33
38
33
31
32
38
42
45
23
18
7
3
9
8
14
23
33
26
21
15
28
40
51
49
37
35
28
12
1
6
18
24
24
28
38
35
46
30
14
2
3
2
4
-3
-15
-11
-14
-5
-2
-20
-46
-55
-51
-33
-28
-21
-33
-43
-48
-54
-44
-33
-26
-17
-20
-16
-17
-22
-17
-7
-1
13
4
-7
-11
-33
-33
-33
-28
-21
-24
-19
-30
-47
-63
-80
-74
-60
-65
-78
-78
-65
-53
-43
-24
-12
-2
8
17
1
-6
0
2
5
-7
-4
-12
-14
3
9
10
9
14
-2
-10
-18
-16
-17
-18
3
8
15
10
17
20
34
51
48
49
33
21
28
47
59
62
61
45
26
17
21
16
20
15
15
15
19
29
30
39
49
72
85
84
65
51
42
55
53
55
65
60
63
80
87
61
48
57
69
81
73
43
40
60
104
106
59
-3
-51
-40
-5
46
63
41
-1
-21
3
43
94
128
135
118
108
126
132
141
139
122
101
81
101
104
117
113
89
84
80
71
58
73
82
84
97
110
115
95
96
102
108
121
128
132
149
168
145
127
112
120
123
130
131
121
117
122
133
131
139
145
164
171
172
179
199
218
233
226
221
228
238
260
290
290
271
258
246
260
270
261
240
214
198
224
243
251
248
234
214
205
198
198
211
247
271
270
272
269
267
279
305
324
331
330
347
365
371
364
350
335
327
339
341
335
330
342
356
373
362
348
330
302
293
281
295
308
308
313
317
302
291
293
302
297
286
289
282
295
300
298
286
296
308
313
332
327
319
326
329
336
332
330
329
323
316
313
317
314
315
307
293
284
279
280
280
294
298
295
294
280
270
267
272
282
265
253
266
265
265
259
255
250
254
243
230
221
208
205
193
192
189
194
192
201
204
205
217
215
214
207
191
187
190
195
202
207
208
192
176
167
159
140
128
132
130
120
111
104
106
96
102
105
81
71
60
68
82
80
78
74
76
73
77
70
72
80
79
99
102
94
83
83
96
88
70
56
62
86
106
115
98
95
91
78
74
85
87
97
95
101
108
101
96
82
73
68
71
71
73
66
61
37
24
24
32
26
21
18
19
37
38
35
34
33
33
45
44
42
60
69
81
85
75
71
53
60
82
97
97
99
111
101
91
65
52
59
60
58
40
23
14
11
6
-13
-30
-37
-30
-6
9
-4
-11
-22
-34
-19
-9
-1
-21
-33
-25
-24
-12
-13
-15
-2
5
13
8
4
-17
-18
-12
-1
-2
-14
-16
-15
-21
-24
-42
-45
-22
-18
-10
-9
0
-7
1
18
22
53
68
79
64
37
35
27
35
43
32
22
11
9
2
-13
-19
-29
-25
-17
-23
-22
-32
-33
-24
-33
-40
-39
-29
-26
-21
-21
-17
-11
-9
-11
-15
-20
-9
-19
-29
-12
3
5
-4
-21
-47
-72
-74
-83
-76
-64
-61
-48
-48
-24
-38
-48
-56
-49
-42
-33
-24
-14
-2
-6
-22
-34
-28
-24
-33
-51
-69
-78
-72
-81
-88
-110
-108
-114
-117
-119
-130
-120
-127
-104
-93
-87
-81
-89
-79
-72
-72
-68
-60
-47
-33
-33
-33
-59
-71
-55
-57
-55
-66
-61
-55
-52
-54
-65
-88
-102
-95
-88
-95
-99
-86
-69
-68
-80
-94
-95
-94
-75
-72
-61
-47
-66
-68
-66
-60
-76
-75
-65
-54
-59
-69
-71
-61
-54
-58
-54
-60
-38
-36
-46
-50
-59
-55
-53
-53
-70
-82
-85
-83
-72
-74
-69
-88
-111
-105
-105
-101
-118
-118
-124
-130
-129
-126
-117
-129
-142
-150
-153
-150
-154
-163
-147
-145
-149
-165
-186
-197
-199
-190
-182
-184
-198
-221
-242
-251
-256
-253
-241
-226
-224
-225
-210
-199
-184
-185
-195
-201
-213
-206
-205
-201
-205
-210
-208
-222
-234
-238
-220
-214
-208
-192
-200
-206
-204
-203
-209
-206
-204
-192
-192
-181
-177
-168
-153
-141
-119
-120
-119
-122
-124
-102
-75
-73
-73
-69
-65
-60
-68
-87
-101
-104
-98
-96
-102
-91
-94
-96
-87
-92
-84
-73
-92
-77
-92
-103
-98
-109
-121
-110
-122
-121
-103
-103
-98
-115
-128
-140
-126
-116
-105
-87
-68
-66
-73
-74
-78
-67
-50
-52
-50
-50
-51
-55
-39
-32
-51
-54
-43
-40
-27
-8
-12
-48
-75
-73
-68
-43
-33
-35
-58
-59
-53
-58
-41
-40
-45
-52
-46
-39
-66
-81
-85
-93
-83
-57
-57
-74
-69
-56
-59
-66
-75
-58
-52
-55
-64
-78
-84
-73
-59
-51
-72
-104
-151
-173
-156
-136
-108
-99
-102
-118
-126
-104
-63
-40
-36
-54
-80
-82
-74
-70
-78
-108
-136
-151
-153
-130
-104
-111
-120
-127
-130
-131
-127
-130
-130
-111
-101
-92
-115
-133
-128
-123
-108
-97
-85
-64
-33
-27
-44
-67
-86
-88
-78
-69
-66
-83
-99
-104
-106
-92
-93
-92
-94
-92
-83
-78
-84
-64
-53
-47
-47
-57
-42
-24
-10
-6
-17
-29
-40
-60
-67
-64
-81
-99
-98
-92
-81
-73
-72
-88
-109
-113
-113
-106
-103
-99
-111
-113
-115
-104
-93
-90
-80
-75
-56
-40
-29
-17
-21
-36
-42
-62
-66
-63
-76
-69
-61
-59
-50
-42
-44
-43
-37
-51
-58
-70
-70
-52
-44
-42
-55
-80
-96
-91
-68
-64
-72
-74
-65
-37
-21
-10
-6
-12
-21
-15
4
-10
0
6
-18
-18
-30
-28
-20
-16
-23
-31
-33
-40
-49
-48
-44
-45
-35
-41
-51
-37
-35
-38
-40
-53
-61
-66
-83
-87
-88
-83
-78
-81
-85
-88
-96
-106
-116
-107
-106
-107
-87
-106
-110
-118
-118
-110
-111
-94
-84
-60
-53
-67
-68
-64
-60
-62
-54
-50
-37
-25
-24
-29
-39
-58
-64
-68
-72
-65
-59
-65
-73
-76
-59
-61
-67
-73
-88
-72
-56
-58
-65
-57
-66
-62
-46
-42
-49
-52
-31
-22
-20
-20
-15
-12
-13
-3
-5
-4
-13
-19
-16
-17
-9
3
3
-8
-11
-19
-31
-40
-32
-23
-12
2
11
7
5
3
-2
14
18
24
27
23
29
44
44
35
35
38
40
52
50
50
52
56
63
56
45
51
56
71
94
117
115
117
104
104
124
133
149
148
155
157
166
159
143
139
136
136
140
150
137
127
116
96
100
103
82
78
86
90
94
99
94
85
70
67
61
58
68
72
75
75
82
69
69
96
119
142
122
126
127
129
130
125
122
104
97
116
120
110
100
88
98
111
117
115
112
98
89
107
113
142
152
143
110
76
70
54
55
51
38
30
38
45
55
58
48
42
57
74
77
80
72
60
56
60
52
46
42
49
55
85
105
105
111
106
111
99
98
93
94
102
103
94
88
73
61
42
42
38
33
41
39
59
58
61
65
78
85
76
68
78
92
115
124
110
113
97
90
79
67
78
59
39
35
24
37
38
48
50
39
50
53
49
51
58
71
85
102
121
118
113
119
121
115
111
119
109
115
121
109
111
116
103
103
106
107
122
115
95
71
65
69
62
58
69
62
80
92
85
73
51
45
48
59
57
76
80
108
122
125
108
92
100
101
101
99
98
96
111
107
120
130
144
135
141
161
165
193
188
162
140
141
155
173
185
182
174
163
157
153
139
136
138
137
138
146
130
130
135
122
123
119
120
133
156
175
198
197
197
202
191
206
207
208
225
215
200
180
190
182
170
172
168
175
172
187
193
203
219
202
184
171
164
172
182
169
160
167
172
169
153
140
127
125
128
118
124
134
142
147
147
146
140
143
144
163
176
179
182
177
183
181
175
159
161
165
158
157
153
135
138
150
160
164
158
168
174
169
173
171
165
153
145
150
158
165
170
166
165
167
163
155
148
145
142
145
159
166
177
185
174
167
161
160
165
171
172
183
178
173
168
182
193
199
205
201
201
193
191
189
165
144
144
160
165
165
163
133
122
111
132
154
172
191
160
137
118
129
133
126
139
143
162
151
136
117
112
117
139
158
161
139
131
144
145
143
128
142
155
159
154
125
119
147
178
186
168
131
96
92
130
149
158
156
127
117
128
148
172
177
175
133
110
130
137
147
138
106
81
84
83
92
105
101
75
57
56
55
50
52
69
77
94
98
94
74
64
55
66
83
100
111
113
123
101
70
65
60
73
90
84
103
98
97
101
100
97
98
102
108
120
139
146
152
179
193
188
196
199
202
208
212
215
221
219
212
209
222
221
205
206
200
207
223
227
228
224
207
215
235
263
269
279
281
276
284
288
307
321
325
308
301
308
312
319
304
299
286
264
248
240
243
237
255
263
268
257
253
262
261
246
219
215
228
253
280
258
223
227
237
262
257
256
261
272
289
304
297
298
295
307
318
329
334
315
307
303
312
321
335
330
325
322
321
315
313
298
308
306
291
263
254
269
266
265
262
262
256
255
237
225
214
199
220
226
230
228
212
207
198
191
185
186
171
164
173
179
180
190
192
189
196
217
202
194
185
169
172
166
159
162
161
172
173
173
176
181
173
175
160
137
122
105
115
110
104
98
97
88
89
101
99
78
73
61
69
94
93
95
99
120
135
139
143
145
142
147
144
134
139
142
133
121
131
132
142
158
147
138
133
148
148
142
138
135
136
123
133
127
121
132
138
128
118
113
104
108
90
79
75
69
63
59
54
39
55
60
70
71
79
83
81
91
93
88
85
86
98
124
116
113
135
150
158
152
157
166
164
173
172
161
155
162
145
136
136
148
158
159
153
142
153
152
163
177
185
178
184
199
190
182
181
186
183
172
158
156
161
146
152
151
155
178
199
198
196
193
187
203
197
190
208
198
185
187
173
165
145
137
141
145
152
165
168
161
163
161
185
209
222
223
207
202
194
198
198
201
211
217
229
231
236
237
236
239
239
260
261
256
262
255
260
252
245
247
252
252
248
256
258
262
264
265
258
244
239
221
219
232
253
251
246
244
227
220
213
215
224
225
251
266
266
252
256
264
248
243
231
226
240
276
287
279
259
252
245
241
231
198
188
179
174
181
177
156
137
139
145
148
156
162
176
214
233
234
235
236
249
247
251
244
251
262
251
236
210
206
217
218
205
204
206
214
215
191
157
122
121
117
119
118
123
125
122
142
166
169
157
153
163
180
194
186
187
204
212
209
195
190
176
182
190
189
182
192
199
197
202
191
186
198
205
208
215
219
216
206
184
168
171
187
200
205
197
185
165
151
138
128
132
130
138
145
146
133
132
137
134
134
127
110
106
104
114
118
132
139
128
132
138
165
172
172
164
140
127
127
133
129
118
119
117
117
124
118
117
115
109
104
115
112
107
102
95
85
65
69
65
62
60
55
58
54
42
35
47
56
59
62
53
64
68
86
109
105
115
97
86
92
106
104
110
103
95
91
87
90
91
100
103
106
106
102
93
87
92
94
81
67
59
57
57
66
77
70
65
83
102
99
93
84
91
83
82
80
83
80
90
98
94
98
108
117
113
125
125
127
123
134
136
138
133
148
177
188
195
164
127
128
153
168
169
163
161
128
105
117
120
140
135
114
111
113
135
136
149
136
122
147
163
168
168
179
177
167
158
178
173
179
192
180
174
153
177
207
212
187
162
144
167
226
252
226
166
130
112
128
150
170
182
150
123
139
170
204
219
216
208
178
172
197
203
215
196
168
133
121
143
129
125
100
92
93
106
127
143
149
131
134
154
164
149
144
132
134
145
162
167
169
151
125
123
117
109
101
81
94
99
90
84
67
52
56
53
53
64
68
75
81
93
95
100
109
114
109
109
117
127
112
96
80
75
84
87
63
36
33
36
48
50
49
45
40
43
31
20
34
37
42
53
56
57
58
61
67
68
73
73
69
73
74
68
57
46
34
30
18
19
18
28
47
48
65
62
33
13
8
-10
-20
-16
-4
11
25
25
21
10
16
21
7
1
9
15
21
28
36
43
54
68
68
68
87
96
95
86
80
84
77
75
75
65
66
72
63
63
59
55
65
77
83
83
71
59
57
69
55
44
36
31
36
19
10
25
44
29
8
9
3
1
-11
-5
-16
-8
3
-3
-3
-13
3
7
16
19
26
10
-1
0
-9
-7
-16
-21
-16
7
18
38
38
23
-13
-49
-59
-58
-44
-38
-44
-43
-42
-49
-67
-77
-87
-93
-90
-97
-97
-103
-90
-75
-83
-95
-94
-85
-83
-79
-75
-83
-95
-81
-63
-45
-30
-44
-63
-65
-56
-37
-45
-44
-50
-39
-47
-52
-50
-57
-45
-43
-21
-11
-11
-35
-57
-82
-72
-67
-67
-69
-74
-75
-73
-69
-64
-64
-73
-80
-73
-65
-65
-59
-57
-62
-86
-88
-89
-72
-44
-36
-38
-37
-30
-18
-16
-8
-20
-34
-20
2
27
30
21
27
24
21
14
8
12
20
32
21
14
10
-7
-7
-19
-20
-17
-5
8
16
-10
-35
-35
-30
-17
-32
-35
-40
-34
-21
-28
-35
-31
-35
-13
6
3
-11
-24
-30
-24
-33
-45
-41
-42
-33
-29
-39
-54
-61
-78
-70
-55
-48
-51
-69
-86
-90
-105
-90
-70
-51
-57
-91
-106
-129
-122
-123
-126
-134
-132
-120
-129
-150
-163
-169
-176
-160
-144
-143
-150
-162
-162
-152
-129
-115
-94
-105
-121
-113
-96
-66
-40
-46
-59
-67
-68
-76
-84
-95
-79
-67
-66
-76
-78
-87
-104
-100
-119
-112
-107
-102
-96
-106
-93
-90
-66
-60
-72
-62
-48
-48
-34
-15
-23
-36
-55
-57
-51
-47
-46
-68
-73
-77
-80
-75
-83
-82
-72
-82
-80
-76
-80
-66
-52
-44
-47
-44
-44
-50
-47
-37
-19
-14
-18
-18
-14
-20
-30
-48
-54
-40
-39
-34
-55
-51
-59
-63
-64
-67
-85
-106
-105
-95
-74
-60
-47
-44
-37
-33
-26
-27
-14
-14
-29
-27
-24
-18
-24
-39
-53
-64
-57
-57
-42
-44
-65
-62
-60
-56
-57
-54
-57
-54
-61
-56
-39
-61
-76
-90
-81
-90
-81
-73
-63
-61
-77
-98
-111
-115
-107
-106
-125
-138
-151
-138
-134
-125
-123
-129
-138
-151
-154
-149
-139
-148
-149
-142
-127
-115
-102
-107
-106
-108
-126
-122
-124
-117
-113
-101
-89
-83
-88
-88
-93
-84
-73
-87
-90
-93
-91
-96
-99
-96
-97
-117
-120
-135
-137
-133
-141
-155
-168
-164
-143
-125
-114
-124
-134
-141
-134
-114
-111
-96
-106
-104
-118
-116
-92
-71
-69
-74
-72
-79
-78
-75
-74
-94
-104
-94
-81
-81
-76
-84
-94
-93
-96
-104
-98
-87
-90
-104
-129
-140
-131
-109
-97
-97
-109
-133
-140
-137
-123
-122
-127
-131
-141
-147
-152
-145
-152
-155
-164
-165
-158
-153
-146
-137
-137
-140
-144
-142
-141
-145
-137
-120
-113
-130
-130
-126
-117
-109
-113
-118
-122
-102
-113
-133
-148
-168
-169
-162
-155
-161
-166
-163
-149
-128
-115
-110
-110
-102
-97
-114
-131
-139
-157
-167
-161
-148
-153
-156
-139
-145
-124
-114
-113
-112
-129
-134
-129
-97
-88
-98
-110
-130
-148
-167
-196
-200
-172
-158
-154
-156
-172
-178
-173
-154
-136
-117
-104
-117
-121
-116
-109
-82
-85
-101
-131
-133
-134
-113
-98
-106
-113
-136
-136
-136
-145
-141
-130
-113
-102
-110
-130
-139
-130
-127
-126
-133
-116
-100
-82
-69
-74
-94
-101
-109
-99
-97
-116
-154
-175
-174
-162
-137
-145
-152
-162
-165
-160
-142
-126
-108
-86
-85
-99
-88
-80
-67
-40
-32
-48
-52
-46
-43
-45
-57
-86
-108
-118
-111
-89
-87
-89
-95
-98
-103
-112
-100
-100
-94
-100
-100
-90
-98
-100
-103
-115
-103
-100
-103
-105
-88
-86
-90
-96
-120
-145
-173
-187
-177
-162
-156
-153
-154
-153
-168
-172
-169
-182
-179
-180
-169
-157
-162
-161
-168
-160
-153
-154
-167
-175
-168
-134
-115
-131
-155
-169
-149
-127
-115
-119
-128
-124
-132
-121
-115
-124
-132
-134
-141
-150
-160
-171
-167
-155
-149
-155
-157
-163
-156
-157
-166
-164
-178
-190
-195
-205
-213
-221
-239
-257
-256
-255
-265
-286
-304
-316
-309
-304
-314
-335
-347
-347
-348
-350
-355
-352
-357
-344
-336
-351
-362
-368
-349
-334
-339
-348
-383
-395
-381
-363
-351
-360
-365
-376
-389
-377
-368
-367
-394
-402
-416
-412
-402
-392
-390
-405
-404
-413
-402
-395
-392
-387
-380
-356
-334
-312
-293
-284
-284
-269
-239
-223
-222
-211
-208
-215
-191
-187
-204
-206
-224
-226
-228
-212
-200
-223
-233
-252
-267
-283
-281
-293
-300
-293
-308
-311
-329
-343
-352
-361
-360
-346
-350
-350
-353
-353
-335
-335
-346
-355
-370
-383
-371
-361
-339
-346
-354
-361
-378
-391
-394
-389
-374
-378
-381
-368
-372
-380
-379
-395
-417
-415
-417
-395
-389
-376
-381
-401
-411
-403
-408
-412
-409
-414
-404
-392
-389
-394
-381
-374
-370
-385
-376
-373
-366
-339
-320
-285
-265
-262
-284
-294
-281
-254
-225
-211
-196
-168
-134
-120
-107
-110
-110
-82
-43
5
18
12
3
-8
-4
20
21
26
13
10
19
15
24
1
-5
-16
-40
-35
-5
23
7
-29
-74
-94
-114
-123
-127
-145
-163
-185
-174
-174
-174
-177
-182
-187
-198
-203
-213
-223
-243
-263
-283
-312
-330
-340
-330
-319
-319
-332
-360
-373
-373
-379
-403
-418
-456
-473
-457
-442
-409
-403
-404
-429
-443
-437
-417
-386
-365
-360
-347
-310
-258
-228
-214
-216
-225
-220
-188
-145
-105
-100
-113
-123
-138
-134
-151
-159
-178
-192
-218
-213
-214
-215
-222
-201
-180
-181
-185
-177
-135
-110
-67
-27
8
62
113
142
158
171
199
219
221
221
221
199
185
176
171
154
137
126
99
90
66
38
20
4
11
6
-15
-46
-68
-76
-60
-55
-50
-54
-71
-81
-87
-83
-78
-85
-95
-95
-105
-138
-181
-219
-266
-299
-321
-342
-359
-379
-402
-425
-452
-468
-491
-493
-490
-482
-477
-481
-488
-476
-458
-449
-424
-411
-388
-355
-315
-268
-230
-202
-189
-164
-112
-59
0
29
34
35
37
47
59
59
56
59
22
-3
-23
-55
-75
-89
-118
-117
-113
-107
-88
-77
-51
-54
-26
9
60
115
146
190
226
280
321
356
367
377
386
392
401
419
431
425
403
375
356
341
307
279
256
229
229
217
209
174
159
155
166
199
203
204
200
224
235
243
241
250
253
261
268
258
249
221
201
160
125
97
71
39
19
2
-39
-84
-131
-178
-212
-254
-270
-293
-311
-323
-322
-332
-340
-333
-334
-336
-327
-277
-226
-208
-179
-149
-109
-58
10
74
116
145
171
212
262
317
345
335
327
315
335
369
383
347
272
222
199
201
231
226
169
126
131
178
218
260
257
241
252
288
349
408
448
456
473
500
556
605
628
636
627
645
656
656
640
618
566
508
456
421
413
419
409
377
332
288
296
308
314
275
221
201
208
271
302
289
234
156
139
165
203
219
207
153
89
49
42
50
44
16
-43
-108
-143
-164
-184
-219
-258
-334
-385
-420
-435
-439
-463
-490
-500
-485
-480
-465
-426
-405
-379
-333
-286
-224
-177
-146
-115
-52
25
105
167
222
267
297
306
306
310
298
290
315
331
323
275
210
153
126
117
119
112
85
62
58
98
149
178
185
187
213
297
406
505
544
540
537
549
597
623
657
657
620
615
611
605
584
552
491
418
376
356
357
371
359
312
259
204
181
185
188
177
163
138
136
148
158
153
104
73
48
45
51
50
45
29
3
-14
-32
-63
-116
-175
-247
-293
-318
-331
-344
-387
-453
-506
-531
-542
-554
-576
-623
-648
-638
-617
-583
-554
-522
-501
-466
-404
-319
-245
-197
-150
-93
-44
29
92
143
181
216
240
259
289
295
294
290
302
307
278
241
181
135
91
68
52
43
38
22
-1
4
33
55
94
111
142
194
265
337
394
420
421
430
465
495
512
526
522
511
499
492
480
443
405
358
308
283
263
237
198
149
106
74
55
45
25
-19
-38
-65
-62
-46
-34
-48
-78
-101
-110
-97
-88
-79
-120
-179
-230
-247
-263
-281
-316
-374
-435
-463
-470
-486
-512
-575
-649
-702
-715
-718
-707
-723
-760
-808
-826
-789
-725
-667
-646
-639
-616
-538
-424
-304
-247
-280
-359
-339
-175
25
170
202
156
47
-23
9
112
143
102
39
-31
-65
-73
-90
-143
-237
-324
-340
-266
-168
-136
-160
-201
-213
-162
-84
6
89
154
207
229
269
344
393
412
408
393
376
378
406
416
374
283
206
140
119
102
42
-41
-86
-108
-116
-119
-151
-192
-240
-272
-276
-258
-237
-230
-257
-262
-272
-286
-263
-266
-277
-316
-349
-359
-358
-344
-357
-402
-490
-586
-655
-664
-668
-686
-742
-809
-879
-918
-924
-953
-989
-1053
-1111
-1136
-1097
-1018
-921
-871
-886
-924
-888
-756
-589
-461
-413
-432
-429
-348
-205
-43
16
-24
-73
-56
11
71
78
30
-14
-51
-83
-101
-138
-200
-268
-305
-298
-282
-273
-286
-309
-295
-276
-234
-184
-128
-52
8
58
106
139
178
209
245
287
307
301
287
283
262
219
184
160
149
127
81
20
-19
-48
-85
-141
-195
-230
-243
-234
-230
-232
-254
-267
-261
-267
-258
-289
-330
-334
-324
-305
-329
-353
-376
-398
-437
-482
-511
-546
-594
-639
-678
-705
-710
-730
-786
-842
-896
-943
-975
-978
-973
-983
-983
-969
-948
-927
-870
-811
-752
-690
-622
-558
-491
-416
-329
-243
-160
-72
8
42
79
141
209
239
219
187
170
157
150
118
54
-32
-108
-157
-161
-154
-176
-226
-288
-322
-282
-215
-164
-131
-114
-75
-12
95
201
266
292
289
322
395
446
475
472
445
436
433
437
419
372
295
194
144
113
100
73
23
-59
-136
-195
-233
-229
-223
-246
-288
-298
-277
-243
-247
-276
-309
-319
-334
-330
-305
-281
-311
-365
-429
-488
-523
-576
-637
-686
-715
-759
-805
-833
-882
-936
-979
-1014
-1027
-1046
-1048
-1032
-992
-921
-858
-812
-806
-782
-729
-627
-533
-410
-319
-276
-223
-131
-18
60
98
115
124
158
216
247
230
150
72
13
4
-3
-40
-120
-182
-199
-184
-196
-216
-226
-230
-197
-156
-95
-38
22
86
155
239
293
324
346
412
481
520
528
516
498
474
450
446
430
401
366
308
247
202
163
116
76
5
-43
-60
-69
-65
-87
-122
-158
-164
-142
-109
-117
-156
-196
-224
-189
-167
-168
-196
-253
-310
-356
-402
-448
-499
-572
-630
-686
-725
-798
-854
-904
-923
-930
-959
-987
-977
-883
-717
-600
-584
-605
-654
-627
-488
-292
-123
-79
-92
-33
116
272
335
319
268
240
294
414
507
455
300
160
130
162
154
94
-15
-126
-169
-130
-72
-49
-61
-74
-90
-58
58
190
299
384
440
442
468
513
588
663
700
659
621
621
642
685
676
610
540
475
445
422
407
384
292
197
118
81
49
-11
-60
-86
-89
-93
-114
-132
-148
-175
-194
-223
-244
-248
-261
-267
-288
-316
-393
-481
-545
-583
-620
-668
-714
-766
-815
-833
-839
-835
-881
-940
-952
-875
-729
-601
-548
-599
-646
-637
-543
-367
-187
-93
-84
-110
-53
65
192
264
262
213
160
249
403
497
428
248
49
-118
-208
-185
-129
-163
-280
-333
-310
-265
-215
-151
-46
1
51
148
329
512
578
555
554
617
687
731
747
747
670
530
416
392
368
273
178
174
167
73
-25
-31
-26
-122
-262
-322
-259
-174
-143
-112
-75
-65
-74
-58
-22
-21
-89
-169
-185
-176
-228
-344
-472
-563
-672
-803
-919
-1018
-1127
-1242
-1317
-1291
-1222
-1159
-1087
-1051
-1030
-959
-674
-176
243
294
36
-182
-211
-211
-203
-156
-165
-297
-470
-420
-247
-286
-567
-756
-688
-578
-578
-526
-323
-160
-273
-563
-705
-605
-450
-398
-335
-177
-43
70
246
459
526
422
351
457
645
695
608
466
363
282
241
223
220
241
275
346
410
442
436
386
306
271
320
373
385
393
396
356
217
69
-14
-44
-71
-130
-162
-128
-67
-10
-26
-137
-282
-425
-476
-440
-373
-345
-384
-449
-506
-571
-679
-852
-1048
-1158
-1155
-1072
-985
-965
-950
-904
-800
-705
-571
-310
53
305
276
88
-87
-227
-365
-418
-362
-332
-420
-468
-349
-258
-378
-540
-504
-293
-163
-124
-107
-59
-81
-165
-301
-413
-418
-316
-177
-79
46
168
284
388
515
619
581
485
473
547
533
416
307
280
288
332
371
401
415
434
554
681
766
757
716
670
658
665
630
520
455
458
447
382
292
243
204
197
201
199
156
90
9
-64
-137
-225
-329
-397
-378
-299
-240
-334
-448
-561
-641
-785
-880
-927
-966
-946
-857
-697
-581
-523
-432
-128
355
763
795
466
61
-185
-353
-463
-513
-520
-596
-631
-498
-323
-373
-606
-672
-464
-163
0
23
54
73
-9
-245
-471
-504
-314
-100
2
6
-28
47
231
492
657
647
522
441
455
496
446
345
256
273
370
486
554
597
678
808
933
985
949
848
722
656
653
673
620
515
415
362
324
205
108
131
308
463
523
482
391
316
202
96
3
-49
-108
-82
-23
31
-48
-253
-430
-679
-801
-1005
-1030
-1080
-982
-760
-505
-283
-315
-248
27
591
1047
1063
740
360
87
-125
-303
-347
-458
-581
-641
-390
-128
-169
-388
-470
-210
32
103
90
130
241
138
-152
-468
-523
-370
-264
-178
-135
2
162
422
767
990
971
739
608
603
633
528
383
332
397
555
666
796
877
934
962
1008
1082
1108
1053
949
865
829
774
674
558
510
500
464
407
331
360
472
648
767
798
746
634
500
335
148
-18
-89
7
137
192
75
-151
-403
-621
-792
-868
-832
-754
-683
-563
-383
-249
-64
245
834
1296
1269
771
236
-60
-266
-414
-469
-415
-469
-594
-556
-325
-177
-263
-328
-161
77
148
73
103
237
194
-113
-455
-524
-382
-249
-196
-156
-53
96
317
588
858
958
854
729
694
690
572
345
163
122
227
400
630
882
1107
1221
1216
1124
1038
941
868
775
695
637
603
606
614
567
456
336
255
325
527
799
1011
1079
1028
929
782
639
426
186
-6
-89
-3
97
180
140
24
-210
-534
-775
-836
-622
-358
-17
206
399
546
809
1240
1554
1446
871
241
-150
-239
-152
-95
-181
-382
-547
-420
-155
-50
-188
-248
-97
78
115
141
334
425
187
-278
-600
-524
-279
-36
29
47
35
100
303
600
826
795
629
519
505
431
175
-50
-126
-15
137
321
631
937
1135
1097
1031
912
751
573
456
483
564
579
507
431
405
329
262
246
356
529
720
864
977
1087
1067
949
642
361
53
-118
-151
-43
137
178
130
-123
-345
-604
-776
-907
-905
-701
-418
-87
195
507
852
1257
1555
1482
972
290
-234
-434
-447
-336
-245
-306
-462
-491
-263
-89
-162
-372
-378
-199
-61
19
111
195
-17
-430
-807
-851
-636
-433
-237
-101
33
79
137
332
609
759
616
399
250
200
71
-88
-151
-136
-94
6
268
728
1144
1289
1208
1009
809
554
329
174
235
230
157
48
101
207
241
207
206
331
491
684
894
1113
1167
1003
650
337
90
-95
-225
-262
-237
-168
-167
-139
-192
-269
-489
-700
-832
-744
-383
80
523
871
1249
1662
1848
1526
748
-70
-555
-702
-554
-332
-182
-239
-320
-178
126
322
158
-83
-190
-160
-122
-49
174
293
111
-385
-776
-869
-751
-558
-341
-145
-77
-81
76
426
714
639
326
24
-100
-189
-295
-356
-340
-278
-241
-76
325
849
1217
1291
1130
900
673
408
208
125
66
-38
-225
-289
-208
-2
46
-22
-80
-13
201
510
817
1011
1035
849
548
224
-64
-294
-440
-459
-397
-320
-350
-473
-644
-861
-1074
-1210
-1050
-662
-81
446
964
1435
1917
2163
1931
1149
149
-608
-903
-779
-430
-127
-180
-452
-530
-86
367
431
142
36
130
101
-7
1
164
-19
-578
-1064
-1012
-597
-307
-192
-109
49
107
132
300
621
807
570
126
-164
-230
-288
-466
-607
-612
-487
-260
134
714
1180
1336
1164
943
709
456
150
-90
-170
-168
-172
-245
-211
-159
-129
-229
-325
-306
-128
107
408
660
794
666
341
37
-140
-243
-467
-593
-615
-488
-426
-581
-850
-1189
-1431
-1531
-1349
-845
-220
368
845
1445
2150
2598
2317
1268
47
-777
-1053
-964
-668
-354
-291
-498
-617
-364
38
196
98
45
150
283
421
558
560
131
-628
-1287
-1433
-1071
-525
-95
111
156
188
358
649
802
614
171
-197
-271
-181
-164
-298
-475
-642
-689
-460
83
761
1199
1264
1106
939
783
551
218
-123
-395
-528
-566
-503
-363
-323
-414
-587
-633
-446
-148
125
287
454
580
571
400
102
-74
-242
-335
-488
-484
-387
-373
-533
-938
-1258
-1528
-1524
-1298
-724
50
815
1475
2102
2640
2813
2223
1155
68
-577
-764
-664
-401
-385
-514
-675
-422
-5
257
214
128
249
386
514
628
770
662
126
-549
-960
-882
-560
-247
25
247
456
637
915
1218
1323
985
384
-22
-197
-177
-263
-378
-451
-424
-193
194
733
1177
1409
1372
1235
1086
953
792
552
272
-21
-243
-329
-340
-306
-344
-396
-428
-324
-105
189
432
565
599
522
376
156
2
-122
-136
-182
-181
-219
-337
-569
-907
-1292
-1627
-1734
-1505
-945
-214
543
1261
2061
2752
2989
2448
1403
413
-163
-300
-226
-104
-183
-448
-724
-678
-311
53
187
227
431
671
849
913
891
671
184
-362
-680
-636
-384
-112
143
317
417
559
860
1212
1346
1139
739
457
328
184
-113
-442
-634
-616
-398
94
759
1362
1652
1655
1556
1406
1207
917
681
504
371
179
9
-77
-157
-309
-531
-610
-458
-149
165
421
587
639
513
334
133
16
-94
-191
-266
-276
-230
-218
-363
-731
-1285
-1769
-2022
-1845
-1300
-455
471
1338
2078
2533
2552
1968
1032
230
-83
-5
140
114
-109
-479
-756
-837
-681
-492
-297
-28
392
827
1090
1167
996
592
-26
-597
-831
-672
-285
42
290
477
658
838
995
1129
1138
955
686
566
576
470
76
-453
-805
-818
-535
-22
577
1182
1543
1635
1518
1425
1344
1114
867
603
522
446
307
103
-150
-365
-632
-767
-695
-263
229
562
668
593
444
194
-88
-369
-491
-436
-273
-155
-104
-242
-546
-1084
-1600
-1920
-1927
-1607
-1101
-410
401
1288
2022
2323
1976
1135
218
-272
-196
248
599
479
-146
-868
-1197
-1072
-824
-691
-565
-202
360
922
1317
1355
904
60
-748
-1051
-829
-382
-12
197
248
224
332
691
1095
1269
1100
793
686
752
792
554
122
-414
-810
-882
-516
191
853
1235
1311
1262
1177
1134
1083
1107
1066
943
748
597
444
171
-215
-651
-866
-813
-482
-52
404
694
698
396
-13
-291
-370
-351
-326
-276
-218
-173
-265
-468
-852
-1287
-1755
-1952
-1696
-1027
-143
663
1389
1765
1645
955
116
-346
-341
-20
358
579
388
-198
-802
-1150
-1270
-1338
-1321
-999
-428
176
589
806
744
373
-129
-457
-395
-168
-29
-80
-156
-168
-126
-14
184
466
721
859
952
1025
959
628
148
-317
-566
-643
-491
-141
343
793
984
905
709
587
574
696
951
1222
1368
1294
993
534
-54
-601
-952
-996
-769
-394
27
374
528
424
129
-147
-338
-332
-263
-168
-163
-222
-320
-491
-708
-1062
-1370
-1639
-1549
-1100
-353
440
1028
1430
1535
1244
560
-141
-423
-229
236
648
803
471
-250
-926
-1295
-1351
-1374
-1294
-931
-420
-29
144
202
85
-223
-529
-563
-240
147
313
213
-34
-267
-398
-317
-93
157
362
503
650
700
598
253
-125
-392
-464
-368
-166
102
314
431
403
340
269
273
358
592
838
998
1015
868
592
155
-279
-572
-633
-543
-451
-351
-270
-173
-110
-86
-39
-18
-7
-101
-192
-260
-287
-323
-460
-627
-846
-1111
-1324
-1377
-1202
-878
-427
249
1126
1865
1875
1120
107
-498
-442
-8
474
707
535
24
-494
-692
-728
-866
-1096
-1113
-892
-624
-421
-271
-197
-286
-433
-378
-25
364
474
212
-141
-342
-234
118
516
731
593
307
101
66
-15
-193
-368
-337
-133
42
177
252
318
269
136
82
201
487
769
896
886
731
558
394
353
274
98
-142
-303
-319
-372
-551
-787
-897
-730
-471
-127
136
235
89
-357
-676
-900
-676
-420
-187
-189
-488
-851
-1299
-1380
-1236
-797
-234
450
1343
1891
1835
1090
239
-193
-302
-84
206
527
468
39
-269
-470
-546
-865
-1044
-1028
-1040
-1046
-1021
-672
-403
-299
-381
-356
-154
-54
-38
-70
-19
106
306
685
982
1018
651
183
-57
-96
-64
-186
-221
-136
-2
-18
-111
-154
-123
29
204
492
776
959
953
767
444
62
-112
-34
241
425
335
59
-280
-557
-769
-971
-1075
-1062
-756
-347
112
269
131
-269
-744
-1031
-1090
-796
-417
-51
-27
-274
-708
-1106
-1213
-989
-565
37
771
1404
1541
1187
778
546
491
381
409
455
275
-65
-217
-27
25
-219
-481
-469
-539
-909
-1309
-1332
-969
-558
-221
37
226
216
-2
-264
-360
-232
200
873
1495
1660
1277
646
207
60
-1
-25
69
313
506
486
269
-44
-278
-262
9
478
942
1314
1451
1331
1009
606
331
227
329
375
381
188
-37
-344
-618
-854
-976
-939
-823
-589
-410
-190
-170
-193
-344
-440
-538
-552
-477
-388
-276
-332
-412
-481
-463
-364
-325
-207
147
614
831
673
586
779
1052
1117
982
746
265
-258
-465
-115
298
369
310
236
-26
-664
-1295
-1514
-1261
-810
-370
31
267
270
74
-121
-225
-213
92
769
1521
1866
1588
1001
578
449
472
468
535
617
628
455
252
120
111
246
412
583
642
722
822
971
1126
1171
1149
1096
1036
873
560
180
-151
-313
-329
-282
-289
-375
-591
-774
-898
-748
-509
-218
-111
-104
-185
-339
-459
-547
-431
-376
-214
-13
280
313
169
133
404
692
626
428
458
818
1177
1374
1397
1123
527
41
72
459
608
432
382
518
480
17
-523
-777
-717
-513
-370
-251
-227
-136
52
308
456
380
417
793
1396
1663
1471
1166
1071
1192
1201
1126
1027
948
806
586
527
581
701
770
817
877
832
791
793
976
1194
1323
1383
1311
1275
1146
952
685
413
227
69
-76
-236
-417
-582
-711
-711
-595
-350
-243
-339
-525
-671
-650
-599
-463
-380
-328
-248
-54
154
201
175
310
630
789
606
359
335
549
802
958
920
499
5
-165
114
382
272
83
94
241
125
-249
-599
-740
-661
-555
-439
-403
-507
-580
-520
-241
-37
6
95
457
948
1096
969
814
892
1061
1115
1017
867
772
640
509
519
654
769
737
676
654
596
541
548
740
1029
1201
1184
1020
888
772
734
675
602
485
330
131
-159
-419
-619
-664
-597
-478
-367
-420
-597
-789
-819
-797
-734
-628
-473
-336
-262
-153
-58
38
293
758
1132
1055
615
318
349
599
821
1010
902
431
-31
-37
228
224
67
85
321
388
49
-348
-503
-390
-313
-346
-378
-466
-584
-634
-434
-97
102
134
251
567
822
749
563
558
855
1125
1193
1083
904
747
606
538
586
700
763
715
652
620
579
542
569
774
1003
1068
955
798
737
740
790
862
889
788
491
155
-77
-196
-321
-468
-503
-432
-458
-641
-846
-857
-794
-763
-818
-771
-657
-500
-401
-328
-225
-34
365
825
1104
954
615
397
481
710
956
1008
700
177
-83
42
240
175
44
71
130
1
-298
-457
-402
-212
-109
-168
-314
-538
-662
-639
-409
-147
-8
105
284
542
664
637
575
617
754
796
808
758
689
596
527
568
670
749
680
559
413
312
306
378
566
764
846
799
656
592
523
493
546
693
790
661
406
182
71
-21
-161
-282
-341
-324
-470
-672
-946
-1011
-980
-858
-733
-672
-635
-672
-641
-513
-368
-110
282
724
863
600
412
396
608
806
1067
1022
486
-121
-311
-15
260
246
166
119
75
-207
-561
-694
-543
-277
-186
-173
-258
-427
-628
-705
-563
-337
-142
35
221
449
537
579
580
641
658
627
637
603
515
361
284
394
587
733
675
462
213
53
37
178
451
600
557
402
320
278
231
153
181
269
344
247
108
-17
-72
-137
-227
-315
-407
-511
-715
-886
-1026
-1023
-1086
-1120
-1106
-956
-754
-650
-630
-643
-531
-156
275
492
307
85
126
358
673
934
1006
603
-52
-332
-143
141
94
-106
-160
-134
-205
-520
-684
-637
-465
-395
-495
-527
-535
-512
-490
-415
-259
-195
-145
-114
49
246
395
543
696
839
882
802
681
479
318
199
256
471
608
668
525
386
269
158
98
116
290
386
387
338
327
330
264
223
190
226
210
116
48
75
32
10
-169
-194
-218
-247
-427
-662
-763
-906
-974
-1022
-864
-666
-569
-625
-652
-538
-62
382
603
321
100
186
477
810
1020
1163
791
216
-76
168
496
404
128
-9
-39
-130
-381
-481
-385
-188
-148
-350
-523
-626
-564
-448
-232
-10
39
-13
-57
66
267
404
477
591
722
834
896
883
755
534
355
330
442
569
624
534
464
425
455
393
368
413
425
308
148
98
196
301
296
239
172
136
30
-61
-97
-9
0
-33
-169
-194
-221
-239
-369
-505
-631
-858
-1047
-1168
-954
-622
-416
-497
-662
-610
-182
256
476
343
236
236
366
698
1015
1207
769
138
-97
156
441
319
89
10
-15
-129
-401
-499
-419
-312
-306
-455
-468
-463
-405
-363
-257
-56
34
47
66
187
327
403
529
718
908
1001
961
893
772
665
551
488
529
629
678
601
520
521
533
512
504
562
586
491
386
285
253
204
196
214
262
266
175
21
-61
-90
-62
-14
31
87
-23
-189
-359
-439
-473
-596
-706
-805
-795
-743
-661
-557
-524
-534
-418
-56
337
423
256
151
248
586
889
1148
1000
528
52
15
341
507
352
52
-76
-181
-285
-350
-321
-267
-275
-397
-482
-463
-368
-389
-389
-205
80
209
165
187
265
341
385
549
768
961
1002
978
958
926
775
595
602
755
915
853
690
526
548
665
855
891
835
698
568
469
408
368
337
371
357
307
169
118
78
78
22
35
138
241
241
129
-44
-138
-286
-303
-364
-412
-598
-756
-762
-561
-415
-393
-383
-158
173
391
392
172
194
463
969
1199
1207
935
597
338
451
763
869
585
241
69
22
5
-43
-11
-69
-123
-217
-260
-272
-222
-156
-68
84
293
406
377
311
360
505
642
836
981
1044
961
883
905
948
939
883
949
1094
1177
992
718
584
766
1024
1102
1000
919
837
782
742
735
718
653
575
496
490
430
355
250
303
403
527
552
532
443
309
122
29
59
161
121
-138
-403
-499
-442
-426
-412
-355
-204
-60
152
413
604
549
443
551
904
1248
1351
1351
1170
898
756
964
1218
1137
785
556
564
570
421
254
222
247
188
16
-52
20
143
166
210
391
592
664
618
643
770
917
1009
1129
1235
1282
1219
1166
1161
1209
1260
1308
1305
1276
1230
1192
1201
1232
1309
1292
1164
1003
954
998
1038
1004
907
842
800
733
616
489
456
525
611
699
728
752
711
633
511
394
370
434
444
320
94
-101
-243
-357
-379
-295
-126
-78
-151
-152
89
503
786
762
551
464
705
1016
1238
1322
1250
995
685
786
1202
1426
1129
702
587
690
677
470
319
358
420
366
201
77
104
165
293
423
565
659
713
814
877
870
861
1039
1332
1482
1398
1303
1362
1465
1410
1331
1388
1595
1753
1706
1554
1415
1418
1410
1352
1268
1282
1279
1202
1084
1060
1044
952
835
799
878
921
889
851
942
1033
1010
826
775
843
921
797
606
536
505
391
173
49
73
85
66
45
119
226
274
375
499
759
962
939
763
707
952
1278
1418
1406
1305
1162
1053
1176
1451
1482
1198
910
913
990
857
638
559
598
554
416
351
373
392
353
353
484
638
688
645
709
910
1051
1089
1191
1438
1596
1409
1159
1242
1531
1725
1666
1637
1687
1703
1534
1337
1279
1373
1463
1418
1313
1196
1097
969
870
856
926
932
869
806
795
805
723
636
624
743
831
782
637
559
576
553
434
291
258
198
81
-51
-1
78
63
-28
-21
107
155
123
139
406
714
797
650
552
633
888
1131
1317
1366
1185
869
753
1038
1384
1353
944
663
704
744
550
298
277
403
384
190
85
153
192
95
33
199
539
757
752
706
759
849
914
1044
1237
1376
1349
1298
1378
1520
1549
1479
1412
1451
1497
1463
1333
1213
1183
1158
1112
1066
1066
1059
1009
924
908
928
936
856
777
723
681
657
675
732
753
643
499
451
496
489
370
287
303
360
292
164
74
97
64
5
-27
-44
-72
-82
27
187
339
494
646
673
570
495
700
1035
1210
1157
1015
862
692
695
939
1142
956
587
456
535
489
244
125
254
327
156
-48
-27
142
213
208
221
293
378
456
577
690
771
828
919
1066
1119
1105
1069
1128
1271
1338
1284
1210
1213
1247
1200
1095
1015
996
1005
1026
1055
1029
933
816
728
689
662
664
667
665
625
548
461
417
433
432
377
318
321
363
378
321
292
282
266
189
114
63
18
-19
-64
-176
-213
-165
-61
-27
-94
-126
-43
211
510
666
547
301
268
567
836
854
680
616
618
592
635
766
784
582
427
468
533
409
232
216
352
386
261
154
184
261
239
232
342
504
550
544
597
664
615
613
811
1104
1157
987
885
936
1055
1040
1026
1069
1157
1165
1111
1088
1069
1013
987
1026
1037
952
763
654
668
689
597
503
497
544
500
359
292
312
389
418
423
419
409
406
345
277
247
238
198
152
97
74
-29
-169
-180
-56
26
-69
-230
-300
-225
-141
-74
-14
71
131
119
-23
-148
-73
171
411
414
317
233
181
209
353
548
609
483
319
308
358
341
253
227
293
350
275
145
70
32
5
7
98
201
185
99
86
143
194
223
325
483
547
499
443
492
576
655
738
797
806
711
638
657
716
723
595
490
449
472
457
362
299
303
299
228
208
216
206
158
124
141
159
122
63
70
90
30
-88
-106
-32
24
14
-59
-100
-116
-110
-125
-145
-182
-233
-297
-368
-435
-508
-546
-580
-629
-692
-734
-735
-707
-677
-683
-625
-511
-423
-379
-310
-185
-105
-65
40
224
390
456
468
490
513
504
467
452
483
503
456
344
239
150
102
47
-29
-97
-116
-75
-20
-28
-98
-120
-50
60
115
139
185
272
355
374
375
419
470
488
492
520
558
554
527
498
462
437
426
473
479
390
248
179
232
272
263
201
150
90
30
14
28
68
72
87
101
81
47
-5
-22
-24
-18
-48
-117
-250
-394
-497
-560
-606
-703
-815
-899
-923
-932
-959
-1033
-1064
-987
-819
-670
-642
-644
-570
-412
-279
-177
-47
84
129
127
180
291
375
408
384
344
319
287
252
178
121
84
55
43
13
-48
-175
-308
-368
-307
-178
-116
-207
-302
-322
-237
-121
-69
-45
-37
11
68
125
187
236
240
239
293
378
395
315
262
298
425
514
520
484
419
393
390
367
368
398
434
410
318
220
168
159
154
166
196
168
86
4
-68
-123
-165
-175
-230
-334
-444
-476
-474
-502
-600
-703
-706
-671
-689
-783
-812
-751
-655
-580
-582
-584
-558
-519
-467
-396
-305
-240
-229
-241
-184
-91
-36
-91
-150
-113
54
196
244
247
241
237
200
189
256
307
235
117
89
167
185
78
-81
-177
-173
-130
-100
-83
-79
-101
-143
-144
-54
56
102
55
22
61
150
211
253
315
363
399
428
480
536
588
655
731
770
743
685
651
649
651
627
575
519
451
354
264
173
82
-11
-100
-147
-177
-212
-284
-331
-384
-407
-424
-445
-479
-494
-444
-373
-321
-360
-397
-391
-365
-373
-431
-467
-507
-534
-538
-557
-585
-644
-710
-748
-766
-712
-644
-614
-646
-656
-565
-465
-405
-355
-243
-158
-115
-61
37
163
266
308
291
250
201
214
237
231
217
163
107
88
83
60
-17
-88
-132
-90
-48
-60
-109
-123
-60
-7
39
107
189
275
363
419
481
547
624
656
704
781
827
816
793
795
772
728
690
674
633
581
497
427
375
326
263
225
205
198
187
166
153
149
168
198
212
228
271
302
302
287
270
239
224
227
223
176
97
4
-68
-126
-164
-208
-273
-346
-437
-517
-569
-544
-517
-537
-555
-567
-536
-494
-465
-426
-360
-291
-252
-231
-161
-65
-1
29
76
190
300
392
450
506
553
585
592
618
642
609
542
465
455
476
460
418
381
349
337
367
396
431
447
464
496
528
563
604
668
748
808
843
833
838
862
884
896
917
940
931
925
906
900
871
847
849
861
876
860
817
806
819
850
868
884
863
844
815
769
738
723
715
692
657
597
554
516
481
440
433
408
365
325
263
189
109
53
10
-26
-77
-150
-236
-336
-417
-467
-489
-522
-546
-574
-587
-553
-518
-450
-353
-276
-229
-169
-64
59
173
244
338
456
548
591
611
683
773
829
849
864
905
949
931
882
821
778
761
740
711
684
642
595
517
487
491
489
526
538
543
559
613
656
687
730
740
784
867
949
1005
1045
1079
1128
1184
1250
1305
1329
1340
1352
1347
1345
1320
1277
1226
1185
1151
1066
990
954
925
915
879
841
803
746
690
645
612
585
563
511
443
377
309
262
211
145
58
-45
-126
-162
-180
-222
-260
-279
-292
-320
-351
-351
-341
-347
-341
-327
-346
-370
-387
-375
-358
-334
-274
-213
-181
-161
-129
-80
-13
55
147
217
260
278
298
346
421
474
505
526
528
540
560
573
574
559
525
498
484
492
504
490
472
449
429
452
497
563
577
576
591
676
795
885
933
954
970
955
993
1055
1094
1069
1006
982
991
984
944
916
883
852
808
786
764
733
696
649
614
572
510
435
371
336
295
240
177
140
107
44
-23
-74
-75
-70
-59
-43
-33
-55
-98
-154
-185
-172
-170
-159
-173
-207
-218
-222
-240
-293
-354
-393
-418
-424
-435
-448
-448
-440
-475
-509
-510
-493
-481
-470
-419
-383
-350
-296
-242
-207
-172
-92
-16
68
107
144
200
270
375
462
532
583
629
667
706
791
879
910
897
869
877
925
951
939
901
858
843
829
774
718
673
654
669
678
694
686
666
639
625
630
641
649
641
614
579
569
562
560
561
551
516
501
487
466
456
438
425
397
356
309
262
234
227
200
166
148
135
120
60
-14
-52
-51
-54
-71
-98
-126
-124
-137
-147
-154
-149
-161
-208
-249
-267
-291
-327
-338
-344
-324
-331
-371
-426
-473
-482
-516
-534
-565
-592
-612
-608
-565
-527
-494
-470
-454
-416
-304
-198
-114
-22
69
155
207
265
355
461
574
658
718
760
819
863
884
888
906
926
971
1003
980
910
837
787
766
737
688
646
605
568
546
534
521
511
475
456
488
537
574
604
591
579
589
621
644
636
629
635
635
628
627
610
576
573
579
557
532
513
479
441
424
413
381
353
338
305
279
253
220
191
183
174
142
148
139
97
62
18
13
-2
-17
-35
-65
-45
-13
-20
-52
-55
-22
7
-1
-16
-10
10
9
13
24
49
62
60
75
113
165
180
171
176
211
237
266
335
395
430
435
450
484
507
528
562
591
599
624
659
696
746
767
814
878
931
979
1010
1054
1096
1135
1144
1135
1125
1100
1104
1093
1087
1070
1037
1031
1026
1005
975
924
870
845
843
836
838
841
852
857
810
765
759
779
786
793
815
835
832
806
781
763
760
734
708
707
726
719
671
610
563
551
542
499
454
412
382
375
355
365
350
329
305
302
319
319
335
353
381
415
445
448
442
452
462
469
471
478
509
540
523
483
437
394
363
350
338
326
318
297
267
237
215
196
190
185
186
188
187
200
236
258
251
229
242
278
328
382
428
457
486
520
553
607
652
690
738
799
861
898
920
931
932
950
973
955
929
911
886
873
838
791
745
701
656
613
588
572
533
496
463
455
442
420
395
375
359
365
381
407
440
442
430
400
411
436
441
448
449
454
467
456
441
433
432
419
410
429
423
392
349
336
319
299
283
270
267
262
255
268
272
272
274
288
314
322
324
312
318
308
302
308
285
249
208
190
168
146
113
100
60
22
-10
-21
-23
-38
-34
-17
-15
-19
-32
-29
-5
11
16
12
35
55
85
103
111
117
140
171
191
219
229
244
262
285
327
403
455
457
461
485
522
565
596
594
586
578
598
603
587
576
553
531
504
483
471
450
419
394
383
366
328
309
305
290
274
270
278
291
287
293
294
297
333
365
386
413
402
418
434
448
486
506
516
507
499
473
463
439
423
428
401
361
348
357
355
351
328
317
320
317
341
351
338
340
335
334
350
373
385
384
386
401
413
403
390
350
326
312
301
310
299
266
233
201
165
133
101
70
68
56
43
33
-31
-90
-107
-105
-86
-60
-64
-85
-94
-94
-110
-102
-83
-70
-40
5
62
80
82
105
136
187
238
291
336
367
419
468
515
556
577
588
603
611
613
611
589
566
558
529
481
451
419
379
347
330
310
276
244
234
249
273
286
280
276
278
276
290
317
354
378
387
407
432
455
488
529
543
556
551
543
545
550
559
542
526
498
484
469
453
450
445
430
415
412
412
426
437
449
467
467
454
447
441
424
405
381
357
336
323
324
278
234
181
146
135
103
68
32
-3
-21
-50
-91
-128
-162
-184
-194
-206
-203
-194
-186
-177
-189
-202
-206
-186
-150
-133
-131
-140
-116
-73
-25
11
14
19
42
94
141
178
200
214
214
235
269
318
364
388
413
438
453
460
474
505
542
570
582
588
577
556
542
542
526
502
474
446
434
422
408
382
375
376
368
363
369
366
369
384
378
366
371
385
396
438
473
469
495
520
544
541
524
522
518
514
490
462
429
419
417
382
364
340
314
292
249
217
190
175
177
150
130
126
111
87
70
59
45
35
25
0
-21
-28
-30
-34
-48
-62
-53
-59
-67
-83
-112
-127
-129
-120
-124
-125
-142
-169
-190
-190
-185
-170
-168
-156
-150
-166
-188
-194
-183
-138
-107
-92
-85
-108
-117
-123
-97
-62
-43
-25
8
28
68
98
107
130
152
179
203
256
326
369
392
408
437
445
479
523
551
576
576
572
567
562
564
537
520
530
537
538
539
510
459
407
392
393
372
351
325
312
302
288
272
258
251
237
223
238
228
238
241
246
251
250
252
247
244
235
238
224
212
185
168
155
142
125
110
98
96
81
41
6
-30
-55
-80
-109
-121
-151
-160
-162
-165
-183
-217
-249
-259
-245
-244
-233
-234
-248
-248
-239
-227
-200
-176
-145
-156
-177
-178
-177
-167
-158
-174
-168
-146
-124
-110
-120
-144
-171
-169
-157
-136
-115
-112
-118
-112
-96
-77
-69
-44
-22
-13
2
23
72
111
133
135
146
164
184
211
237
252
248
247
257
287
303
321
328
351
368
399
441
448
429
404
403
412
427
421
406
387
363
350
335
310
278
250
203
187
178
149
108
63
35
5
-10
-36
-61
-86
-105
-122
-126
-103
-75
-41
-31
-23
-4
22
44
57
53
69
71
72
89
87
86
85
86
82
87
113
127
147
129
93
79
76
79
62
37
35
29
31
44
49
48
40
24
24
36
50
56
58
72
91
105
98
99
110
134
141
144
147
155
149
155
191
204
212
210
215
250
255
267
259
231
199
183
192
183
198
198
187
160
154
168
177
185
174
164
169
199
229
250
237
203
188
203
228
243
240
238
225
225
239
247
250
251
239
252
267
259
244
214
180
146
135
113
109
98
90
90
67
48
37
25
23
22
8
-3
-13
-22
-30
-41
-36
-42
-44
-52
-52
-44
-38
-31
-34
-26
-5
-11
-19
-7
5
18
26
35
24
11
17
25
42
49
37
27
21
-3
-20
-16
-19
-5
9
22
11
1
4
4
3
-7
-17
-20
-16
8
22
29
28
33
32
22
22
20
15
13
11
4
-8
-31
-49
-76
-92
-104
-119
-139
-150
-162
-188
-195
-210
-233
-258
-247
-250
-254
-264
-277
-284
-291
-272
-238
-216
-208
-208
-214
-204
-164
-127
-89
-69
-87
-91
-81
-52
-28
8
19
21
8
4
23
18
17
28
53
64
54
48
16
-18
-40
-56
-51
-47
-62
-79
-88
-87
-126
-167
-182
-170
-145
-150
-180
-181
-155
-103
-84
-102
-132
-164
-150
-109
-60
-21
-29
-52
-82
-90
-70
-28
0
2
-4
-25
-21
-13
-7
-9
-25
-68
-92
-88
-104
-103
-110
-133
-153
-173
-183
-192
-183
-168
-165
-171
-171
-196
-220
-243
-233
-231
-242
-243
-264
-261
-275
-304
-322
-343
-366
-382
-383
-392
-389
-400
-400
-405
-410
-397
-388
-385
-388
-400
-399
-383
-352
-318
-306
-307
-322
-308
-294
-263
-230
-225
-239
-265
-276
-251
-228
-250
-284
-300
-279
-233
-215
-215
-212
-232
-233
-207
-173
-153
-137
-109
-96
-106
-104
-75
-41
-21
-33
-43
-46
-39
-1
24
26
10
-13
-25
-24
-28
-49
-78
-81
-84
-95
-114
-140
-180
-207
-244
-272
-293
-303
-292
-307
-329
-348
-360
-376
-385
-391
-395
-409
-418
-405
-392
-377
-373
-390
-395
-380
-369
-339
-323
-344
-364
-370
-375
-372
-370
-382
-399
-424
-436
-432
-432
-422
-446
-460
-466
-474
-476
-480
-472
-488
-499
-518
-526
-521
-524
-533
-555
-572
-556
-535
-527
-533
-546
-556
-561
-545
-511
-511
-522
-523
-506
-471
-447
-444
-432
-410
-385
-359
-349
-337
-346
-344
-322
-320
-323
-311
-302
-307
-322
-332
-358
-375
-397
-415
-417
-421
-436
-454
-469
-493
-496
-508
-498
-484
-474
-461
-464
-463
-469
-452
-436
-396
-375
-363
-365
-376
-373
-377
-376
-377
-364
-368
-364
-371
-387
-424
-468
-486
-505
-518
-542
-562
-570
-594
-626
-644
-661
-674
-673
-669
-661
-649
-634
-620
-626
-645
-663
-669
-649
-632
-619
-612
-613
-591
-580
-563
-560
-566
-572
-543
-493
-463
-445
-434
-438
-426
-419
-424
-413
-411
-403
-385
-366
-358
-361
-361
-357
-347
-346
-350
-342
-333
-311
-289
-290
-293
-281
-277
-288
-284
-295
-286
-272
-274
-290
-317
-339
-330
-308
-297
-280
-276
-279
-270
-262
-256
-246
-252
-235
-214
-181
-165
-184
-191
-186
-165
-160
-153
-158
-191
-205
-199
-184
-181
-190
-195
-199
-199
-189
-209
-229
-232
-239
-235
-246
-269
-274
-282
-279
-279
-300
-312
-299
-277
-263
-285
-321
-344
-347
-339
-338
-357
-375
-384
-395
-407
-419
-420
-413
-410
-408
-409
-408
-397
-391
-388
-392
-398
-394
-392
-374
-349
-324
-337
-335
-316
-320
-323
-340
-347
-341
-314
-287
-270
-254
-242
-245
-244
-242
-246
-247
-238
-221
-224
-230
-232
-240
-237
-234
-252
-263
-264
-244
-215
-191
-190
-198
-215
-226
-232
-252
-271
-290
-318
-332
-327
-335
-348
-353
-371
-370
-367
-354
-340
-350
-344
-337
-315
-285
-267
-264
-260
-275
-297
-284
-271
-251
-246
-262
-282
-300
-312
-321
-344
-376
-389
-385
-378
-376
-390
-419
-440
-432
-421
-424
-421
-407
-409
-401
-399
-397
-404
-407
-390
-383
-383
-385
-383
-382
-379
-364
-349
-364
-354
-332
-306
-284
-290
-300
-302
-289
-281
-261
-267
-261
-257
-247
-234
-229
-225
-229
-228
-237
-238
-245
-242
-247
-244
-253
-265
-280
-287
-295
-306
-303
-317
-316
-324
-326
-331
-354
-358
-361
-373
-387
-397
-384
-380
-363
-363
-361
-356
-347
-342
-354
-330
-301
-303
-319
-352
-365
-381
-396
-381
-372
-375
-376
-384
-377
-380
-401
-409
-406
-406
-412
-425
-438
-449
-444
-447
-455
-464
-486
-482
-475
-479
-459
-454
-454
-423
-413
-413
-415
-421
-401
-374
-340
-319
-316
-313
-316
-305
-306
-295
-281
-261
-233
-224
-221
-224
-215
-204
-209
-211
-208
-199
-197
-195
-179
-184
-208
-222
-219
-212
-201
-190
-185
-173
-167
-162
-159
-167
-168
-171
-170
-156
-154
-143
-137
-125
-117
-128
-140
-143
-131
-101
-76
-82
-100
-116
-123
-127
-124
-113
-115
-129
-120
-107
-105
-116
-123
-135
-155
-149
-136
-134
-158
-170
-199
-233
-236
-254
-253
-246
-248
-259
-280
-294
-303
-288
-284
-281
-279
-274
-253
-254
-261
-268
-287
-294
-289
-273
-284
-275
-243
-237
-230
-229
-219
-210
-206
-202
-221
-239
-223
-212
-206
-218
-262
-309
-330
-315
-283
-246
-215
-231
-249
-228
-203
-164
-135
-115
-113
-111
-90
-74
-67
-63
-67
-97
-111
-113
-98
-87
-88
-81
-86
-85
-88
-89
-82
-77
-70
-53
-50
-65
-80
-98
-108
-113
-113
-94
-71
-75
-76
-77
-99
-112
-124
-121
-115
-106
-100
-101
-101
-108
-113
-116
-101
-109
-116
-108
-99
-95
-84
-74
-69
-86
-109
-105
-94
-84
-83
-87
-106
-114
-106
-118
-146
-153
-185
-208
-210
-213
-216
-220
-224
-238
-246
-245
-225
-215
-208
-213
-191
-179
-181
-182
-177
-167
-161
-129
-133
-131
-118
-99
-95
-99
-86
-78
-78
-80
-71
-56
-30
-8
4
11
13
17
23
6
-11
-7
5
20
19
19
14
19
21
43
58
51
56
65
79
94
92
92
77
78
97
92
79
68
63
61
62
60
61
59
45
33
28
26
23
27
29
30
31
23
19
18
24
25
17
21
25
28
14
9
7
3
6
8
10
3
6
7
-2
-16
-17
-8
-19
-22
-29
-40
-60
-72
-81
-78
-75
-66
-56
-44
-34
-43
-50
-61
-71
-71
-56
-27
-12
5
22
16
-3
-22
-44
-50
-39
-34
-29
-33
-42
-38
-39
-28
-10
11
18
38
57
54
53
56
74
91
97
86
80
86
95
111
124
127
123
136
145
165
172
157
145
154
166
161
161
158
144
147
149
146
135
110
104
106
110
117
116
119
124
100
91
89
84
96
92
78
65
59
69
82
78
60
53
38
39
47
65
68
74
75
70
79
80
91
102
96
71
73
67
72
71
67
57
66
77
77
66
53
42
30
21
6
13
8
-12
-21
-31
-33
-37
-43
-61
-57
-54
-51
-39
-39
-41
-24
-15
-5
-16
-14
-5
-4
1
-7
4
4
13
10
24
30
18
17
29
25
16
12
9
30
40
62
49
28
10
17
23
33
49
45
43
31
36
41
62
79
98
85
64
43
22
23
25
39
29
27
26
23
26
15
6
6
11
6
-4
-15
-22
-39
-41
-29
-24
-8
-14
-9
0
-4
-12
-10
-14
-6
-2
-1
-4
-11
-9
5
-2
-22
-28
-35
-45
-51
-51
-56
-53
-46
-48
-42
-36
-38
-29
-37
-42
-36
-24
-18
-26
-25
-25
-31
-26
-26
-33
-51
-59
-76
-88
-78
-64
-51
-55
-53
-43
-40
-48
-47
-65
-56
-45
-19
13
34
50
41
36
30
36
53
61
76
68
57
41
32
26
22
13
-13
-9
12
27
32
14
-25
-51
-44
-33
-27
-24
-22
-17
-11
-11
-20
-33
-43
-44
-43
-32
-13
-1
20
26
19
13
-2
1
18
32
29
23
28
22
23
25
25
18
5
23
29
37
31
13
-5
-23
-33
-25
-11
-2
1
5
10
5
-11
-16
-10
-22
-23
-34
-33
-28
-33
-40
-56
-65
-67
-68
-80
-82
-78
-62
-61
-70
-67
-66
-68
-64
-63
-57
-42
-37
-64
-70
-67
-68
-57
-46
-44
-52
-47
-37
-36
-41
-61
-76
-66
-64
-56
-72
-74
-83
-79
-71
-79
-76
-79
-81
-76
-78
-67
-67
-83
-85
-110
-100
-94
-93
-84
-74
-59
-58
-38
-27
-9
3
2
5
12
17
16
18
34
42
43
32
30
44
41
44
46
36
39
51
53
47
34
24
27
13
2
4
1
-4
-5
-25
-34
-28
-22
-29
-34
-35
-37
-29
-29
-24
-18
-16
-15
6
18
13
23
25
42
47
63
70
60
72
67
82
82
70
80
68
61
57
58
64
63
35
3
-22
-40
-47
-47
-41
-55
-52
-68
-67
-59
-61
-57
-30
6
19
13
-14
-28
-22
-16
-13
-9
6
12
15
14
21
2
-6
23
40
31
20
-7
-22
19
53
76
59
2
-41
-48
-18
30
37
14
-21
-59
-55
-20
22
27
17
-10
-25
-20
-8
1
0
-22
-52
-71
-69
-44
-39
-50
-76
-91
-83
-69
-70
-69
-76
-68
-59
-55
-47
-60
-62
-59
-44
-30
-25
-31
-40
-44
-44
-53
-70
-75
-82
-82
-80
-95
-93
-98
-98
-84
-80
-71
-68
-71
-73
-72
-47
-31
-22
-7
-26
-37
-19
-16
11
9
-32
-63
-56
-33
-23
-40
-91
-133
-147
-142
-118
-104
-121
-129
-127
-124
-122
-117
-121
-122
-104
-94
-104
-94
-101
-109
-112
-111
-108
-99
-89
-95
-92
-111
-121
-119
-131
-151
-159
-163
-154
-117
-109
-104
-109
-127
-134
-132
-135
-154
-162
-158
-143
-149
-152
-165
-176
-181
-193
-199
-209
-207
-194
-178
-160
-154
-154
-144
-150
-141
-133
-130
-139
-155
-149
-164
-160
-150
-143
-156
-149
-149
-145
-134
-131
-127
-147
-151
-170
-174
-177
-172
-180
-180
-198
-216
-219
-222
-229
-244
-248
-255
-244
-248
-251
-260
-258
-272
-276
-274
-288
-272
-272
-270
-263
-275
-278
-285
-278
-262
-251
-244
-240
-252
-266
-270
-280
-269
-273
-264
-257
-253
-236
-230
-232
-242
-258
-280
-282
-260
-245
-242
-256
-269
-269
-261
-248
-242
-246
-247
-236
-219
-204
-191
-182
-170
-172
-170
-172
-176
-159
-148
-144
-156
-171
-164
-177
-181
-188
-216
-240
-257
-248
-228
-211
-208
-225
-245
-247
-253
-266
-270
-265
-259
-256
-262
-265
-261
-273
-287
-293
-289
-288
-280
-279
-279
-283
-279
-268
-245
-245
-255
-247
-258
-255
-247
-222
-207
-207
-211
-224
-235
-232
-240
-228
-223
-211
-206
-220
-212
-209
-203
-199
-193
-193
-192
-186
-182
-199
-211
-212
-217
-223
-230
-237
-245
-244
-260
-281
-278
-282
-291
-286
-290
-271
-256
-261
-288
-284
-271
-261
-256
-257
-260
-259
-256
-250
-249
-244
-222
-193
-174
-187
-196
-199
-197
-187
-200
-212
-218
-218
-207
-218
-230
-257
-276
-280
-266
-262
-269
-263
-272
-296
-290
-300
-284
-256
-255
-255
-274
-273
-292
-294
-304
-297
-286
-282
-267
-250
-243
-267
-278
-272
-271
-272
-272
-279
-282
-272
-262
-272
-275
-274
-268
-261
-260
-246
-227
-208
-210
-239
-252
-275
-281
-281
-275
-268
-267
-270
-282
-282
-305
-305
-306
-312
-295
-275
-263
-250
-249
-247
-236
-241
-241
-261
-254
-245
-213
-194
-185
-202
-230
-236
-259
-265
-267
-275
-284
-283
-293
-293
-299
-302
-317
-317
-318
-337
-327
-326
-324
-302
-288
-274
-269
-266
-265
-262
-253
-258
-231
-219
-221
-225
-245
-237
-233
-228
-238
-247
-242
-217
-207
-210
-228
-254
-256
-255
-246
-245
-231
-229
-216
-203
-213
-216
-224
-214
-198
-174
-158
-154
-157
-156
-170
-178
-171
-174
-153
-130
-121
-135
-155
-183
-195
-207
-199
-198
-194
-177
-178
-186
-178
-166
-159
-151
-162
-156
-160
-155
-125
-109
-115
-133
-144
-145
-158
-169
-176
-183
-185
-175
-153
-141
-146
-146
-151
-136
-138
-133
-112
-105
-105
-109
-96
-84
-81
-86
-64
-52
-50
-36
-47
-56
-57
-71
-73
-74
-71
-75
-76
-73
-73
-78
-80
-101
-121
-123
-119
-109
-115
-107
-120
-121
-126
-147
-154
-176
-173
-164
-162
-156
-156
-161
-163
-177
-174
-172
-173
-167
-172
-178
-168
-173
-195
-190
-195
-193
-199
-206
-208
-213
-204
-206
-204
-204
-194
-189
-216
-213
-218
-229
-240
-225
-215
-220
-220
-218
-219
-228
-215
-217
-213
-229
-236
-232
-230
-236
-230
-230
-243
-236
-242
-229
-230
-248
-251
-262
-268
-271
-261
-259
-259
-256
-254
-259
-263
-267
-268
-267
-272
-269
-254
-267
-271
-274
-290
-290
-282
-255
-252
-261
-274
-298
-297
-301
-319
-328
-322
-321
-315
-321
-324
-316
-322
-306
-302
-284
-267
-269
-280
-295
-284
-277
-288
-290
-288
-306
-287
-278
-281
-288
-279
-258
-252
-230
-242
-262
-264
-232
-204
-198
-220
-265
-300
-315
-305
-274
-260
-263
-298
-313
-314
-297
-265
-259
-244
-283
-311
-286
-273
-255
-256
-272
-307
-313
-306
-299
-299
-304
-307
-317
-321
-324
-330
-323
-309
-286
-271
-265
-280
-292
-292
-293
-282
-259
-240
-222
-219
-237
-261
-276
-283
-271
-263
-247
-229
-241
-252
-257
-272
-277
-277
-252
-236
-230
-229
-237
-217
-195
-161
-148
-148
-152
-138
-117
-87
-81
-108
-134
-145
-145
-147
-158
-177
-200
-210
-196
-185
-181
-178
-174
-178
-186
-184
-163
-149
-133
-130
-127
-114
-113
-109
-102
-87
-74
-68
-50
-34
-13
-1
-36
-47
-61
-71
-66
-63
-56
-45
-28
-15
-19
-31
-43
-43
-49
-52
-47
-55
-52
-55
-53
-43
-35
-32
-27
-39
-39
-17
-16
-12
-7
6
20
21
30
42
36
44
48
33
3
-2
4
27
35
33
21
12
5
3
-5
-11
-3
0
6
8
15
28
31
29
32
15
14
1
4
11
12
18
0
4
-11
-19
-23
-40
-32
-36
-35
-44
-63
-53
-61
-67
-70
-81
-86
-84
-56
-42
-48
-50
-67
-77
-84
-96
-97
-106
-108
-96
-95
-97
-111
-114
-124
-146
-157
-160
-172
-165
-166
-178
-196
-208
-200
-210
-218
-220
-224
-228
-227
-223
-230
-229
-212
-213
-212
-213
-209
-206
-192
-191
-189
-188
-200
-188
-177
-181
-181
-176
-167
-175
-176
-172
-184
-176
-181
-187
-203
-222
-208
-191
-170
-173
-181
-176
-184
-187
-204
-204
-203
-194
-176
-174
-181
-185
-192
-183
-191
-204
-210
-206
-189
-175
-163
-154
-151
-164
-171
-182
-174
-187
-187
-179
-167
-157
-167
-170
-177
-187
-186
-189
-183
-173
-185
-170
-174
-188
-182
-178
-178
-177
-172
-176
-183
-177
-182
-186
-184
-181
-182
-174
-161
-154
-161
-168
-172
-171
-156
-156
-154
-156
-163
-173
-178
-185
-190
-194
-180
-162
-158
-166
-176
-165
-172
-168
-178
-184
-195
-210
-188
-173
-170
-180
-203
-212
-203
-205
-200
-206
-212
-222
-220
-192
-178
-154
-135
-147
-181
-187
-196
-200
-190
-193
-191
-206
-209
-223
-228
-240
-267
-254
-238
-225
-228
-231
-218
-211
-206
-205
-193
-180
-171
-172
-155
-143
-145
-133
-140
-151
-155
-169
-171
-169
-184
-173
-168
-172
-181
-192
-195
-196
-215
-235
-225
-224
-205
-189
-187
-187
-184
-183
-190
-198
-194
-170
-152
-145
-149
-155
-161
-174
-189
-208
-216
-228
-235
-241
-234
-238
-250
-268
-275
-289
-292
-296
-309
-301
-309
-296
-280
-284
-272
-271
-270
-278
-282
-279
-260
-236
-237
-246
-255
-278
-278
-273
-276
-281
-277
-274
-259
-263
-281
-310
-320
-323
-333
-337
-335
-312
-300
-291
-299
-300
-312
-322
-326
-321
-303
-294
-284
-259
-249
-258
-273
-280
-283
-276
-262
-273
-283
-284
-286
-288
-277
-280
-291
-309
-308
-303
-313
-310
-321
-342
-358
-358
-347
-336
-315
-309
-323
-347
-369
-368
-370
-373
-380
-399
-404
-410
-395
-394
-400
-401
-410
-412
-419
-420
-411
-403
-395
-383
-371
-387
-395
-399
-404
-392
-393
-406
-405
-414
-418
-427
-425
-436
-443
-448
-449
-431
-422
-425
-433
-435
-429
-424
-418
-414
-422
-424
-426
-438
-427
-416
-412
-423
-424
-422
-429
-425
-418
-415
-417
-402
-390
-387
-386
-377
-379
-374
-375
-383
-381
-396
-396
-387
-395
-388
-380
-372
-363
-356
-366
-370
-370
-374
-382
-383
-378
-390
-390
-405
-410
-408
-415
-413
-409
-402
-402
-394
-391
-391
-393
-390
-396
-411
-399
-397
-389
-388
-382
-367
-375
-356
-355
-357
-352
-355
-344
-320
-311
-324
-328
-319
-324
-316
-310
-325
-326
-323
-299
-319
-323
-330
-353
-359
-360
-347
-334
-326
-331
-352
-380
-389
-385
-369
-350
-354
-357
-381
-381
-374
-377
-359
-364
-335
-312
-318
-343
-373
-368
-363
-359
-349
-340
-328
-326
-320
-331
-354
-361
-349
-343
-347
-368
-386
-378
-357
-330
-342
-393
-464
-505
-491
-454
-413
-392
-395
-437
-466
-455
-422
-387
-371
-382
-428
-457
-455
-441
-418
-415
-436
-472
-471
-470
-453
-439
-448
-449
-460
-455
-471
-482
-464
-455
-450
-445
-436
-436
-439
-451
-450
-445
-434
-429
-432
-418
-410
-434
-446
-451
-456
-469
-465
-457
-450
-465
-479
-482
-484
-474
-477
-478
-483
-492
-502
-489
-472
-459
-465
-472
-462
-466
-447
-410
-421
-433
-435
-449
-453
-469
-477
-494
-530
-535
-531
-521
-521
-532
-537
-557
-566
-576
-576
-560
-547
-536
-535
-529
-525
-531
-524
-525
-521
-507
-509
-516
-508
-507
-525
-555
-561
-562
-563
-555
-557
-548
-547
-536
-533
-532
-538
-559
-584
-598
-598
-602
-581
-569
-567
-566
-573
-578
-581
-584
-589
-578
-560
-557
-551
-543
-552
-558
-569
-556
-551
-550
-537
-527
-531
-541
-541
-540
-547
-548
-534
-539
-551
-554
-543
-531
-524
-520
-520
-530
-521
-503
-503
-510
-504
-501
-493
-482
-482
-480
-491
-482
-465
-457
-453
-467
-472
-465
-459
-458
-459
-473
-495
-500
-500
-504
-504
-506
-494
-474
-457
-443
-442
-432
-428
-429
-425
-429
-424
-423
-423
-426
-437
-434
-432
-438
-447
-462
-484
-503
-505
-507
-514
-527
-529
-529
-527
-534
-536
-528
-530
-534
-540
-542
-543
-549
-543
-519
-520
-516
-524
-530
-533
-534
-544
-549
-547
-549
-530
-529
-524
-530
-537
-544
-551
-549
-544
-549
-546
-540
-558
-563
-572
-570
-554
-539
-525
-518
-512
-513
-513
-517
-518
-506
-490
-484
-497
-496
-508
-513
-507
-514
-522
-528
-517
-498
-494
-497
-502
-493
-477
-462
-460
-453
-453
-453
-440
-435
-440
-445
-446
-457
-467
-464
-472
-484
-497
-498
-493
-490
-487
-499
-512
-520
-524
-540
-546
-546
-545
-535
-532
-538
-543
-542
-537
-525
-527
-534
-534
-538
-515
-501
-513
-521
-519
-521
-521
-518
-525
-535
-531
-511
-509
-498
-514
-525
-518
-535
-528
-529
-539
-553
-556
-547
-553
-572
-593
-614
-606
-605
-611
-601
-604
-600
-594
-597
-592
-573
-562
-585
-608
-615
-606
-595
-609
-620
-628
-624
-633
-640
-640
-661
-665
-665
-663
-667
-673
-670
-669
-675
-672
-675
-672
-688
-686
-672
-666
-643
-630
-634
-637
-637
-644
-651
-671
-667
-659
-645
-640
-640
-648
-660
-657
-669
-682
-662
-627
-612
-608
-615
-619
-607
-585
-582
-603
-613
-614
-610
-582
-567
-571
-582
-598
-593
-592
-591
-584
-591
-606
-605
-577
-589
-588
-589
-589
-596
-610
-618
-626
-630
-625
-610
-588
-570
-583
-606
-611
-609
-608
-600
-581
-574
-572
-574
-581
-585
-597
-599
-619
-618
-604
-590
-583
-579
-598
-626
-626
-621
-613
-616
-603
-594
-580
-546
-546
-553
-555
-551
-540
-530
-519
-511
-528
-534
-531
-543
-541
-550
-553
-540
-532
-536
-535
-543
-548
-541
-555
-559
-562
-562
-554
-542
-532
-529
-543
-567
-577
-570
-555
-539
-520
-501
-490
-511
-526
-538
-546
-544
-538
-542
-554
-546
-540
-553
-554
-566
-571
-574
-578
-571
-562
-550
-544
-543
-549
-553
-561
-561
-563
-562
-558
-573
-596
-613
-632
-643
-642
-638
-642
-630
-618
-614
-612
-600
-600
-606
-617
-618
-594
-590
-599
-607
-606
-597
-592
-573
-559
-554
-550
-537
-538
-525
-526
-530
-532
-527
-517
-518
-523
-524
-530
-535
-527
-537
-530
-537
-538
-542
-555
-556
-571
-591
-590
-604
-618
-618
-615
-609
-611
-607
-604
-611
-607
-611
-606
-606
-620
-617
-623
-631
-630
-621
-620
-604
-590
-591
-592
-596
-587
-582
-579
-580
-567
-560
-560
-561
-574
-588
-600
-608
-604
-595
-606
-624
-616
-615
-602
-585
-603
-619
-622
-598
-563
-569
-570
-598
-626
-614
-587
-579
-579
-584
-604
-618
-624
-614
-609
-598
-602
-600
-607
-607
-593
-602
-610
-603
-590
-573
-568
-564
-575
-576
-557
-547
-539
-519
-533
-545
-546
-549
-561
-557
-542
-535
-529
-557
-594
-609
-592
-547
-535
-557
-592
-648
-661
-626
-578
-535
-529
-569
-623
-637
-602
-567
-535
-525
-542
-561
-542
-532
-522
-502
-521
-560
-589
-580
-564
-559
-557
-582
-599
-594
-594
-584
-580
-570
-563
-570
-561
-565
-565
-566
-569
-551
-537
-516
-516
-525
-543
-561
-573
-589
-589
-572
-563
-550
-556
-554
-552
-552
-541
-533
-529
-527
-521
-530
-526
-512
-483
-469
-469
-470
-460
-430
-413
-393
-380
-400
-426
-452
-450
-450
-458
-458
-491
-519
-528
-519
-503
-500
-507
-509
-513
-518
-509
-505
-480
-465
-448
-440
-445
-443
-432
-417
-413
-412
-414
-418
-392
-378
-374
-377
-391
-393
-404
-413
-427
-444
-424
-389
-380
-367
-373
-392
-416
-429
-439
-454
-453
-437
-425
-414
-414
-437
-451
-467
-463
-470
-458
-443
-432
-419
-414
-409
-416
-414
-413
-401
-380
-377
-374
-384
-396
-392
-389
-382
-387
-395
-399
-382
-382
-390
-394
-400
-414
-421
-424
-417
-394
-387
-393
-402
-414
-427
-434
-423
-422
-421
-426
-434
-440
-447
-439
-451
-461
-461
-462
-474
-482
-489
-495
-492
-496
-496
-496
-486
-469
-466
-458
-451
-451
-463
-467
-459
-458
-450
-441
-426
-416
-407
-423
-440
-436
-447
-448
-436
-439
-446
-461
-472
-495
-511
-497
-489
-489
-493
-499
-510
-514
-514
-517
-515
-513
-507
-514
-509
-510
-506
-504
-519
-514
-508
-509
-514
-510
-510
-514
-518
-519
-534
-528
-520
-517
-521
-532
-542
-558
-559
-567
-571
-566
-560
-548
-558
-568
-564
-575
-571
-569
-570
-566
-549
-552
-555
-556
-559
-569
-576
-581
-583
-592
-590
-579
-573
-575
-579
-570
-565
-556
-553
-543
-533
-520
-515
-508
-507
-501
-507
-513
-522
-518
-513
-511
-519
-519
-526
-535
-534
-543
-532
-543
-535
-556
-562
-559
-565
-570
-566
-561
-559
-555
-553
-546
-549
-564
-571
-568
-559
-555
-560
-565
-553
-546
-550
-547
-551
-541
-521
-499
-484
-490
-498
-497
-483
-478
-482
-499
-503
-492
-483
-477
-485
-514
-537
-535
-533
-517
-513
-531
-543
-561
-565
-552
-541
-525
-516
-515
-522
-537
-541
-539
-540
-542
-548
-549
-542
-552
-562
-571
-568
-559
-556
-549
-559
-565
-558
-564
-562
-564
-560
-553
-540
-535
-527
-531
-534
-533
-543
-555
-574
-583
-598
-598
-589
-593
-589
-585
-593
-607
-626
-630
-614
-594
-592
-585
-580
-572
-561
-550
-550
-567
-584
-575
-551
-542
-524
-514
-512
-511
-517
-518
-516
-516
-525
-546
-552
-551
-541
-540
-540
-535
-551
-544
-559
-572
-564
-562
-536
-514
-504
-515
-509
-493
-478
-470
-467
-464
-464
-445
-445
-454
-470
-474
-478
-470
-471
-473
-470
-464
-466
-475
-482
-492
-493
-508
-499
-494
-479
-471
-456
-446
-453
-467
-470
-456
-437
-420
-408
-427
-417
-403
-399
-402
-408
-412
-417
-418
-417
-414
-424
-438
-441
-438
-438
-429
-438
-437
-443
-432
-438
-450
-456
-460
-460
-452
-436
-416
-393
-388
-385
-405
-415
-412
-403
-407
-404
-404
-418
-418
-406
-410
-423
-421
-421
-416
-406
-393
-396
-393
-397
-397
-414
-434
-450
-468
-474
-466
-461
-461
-468
-469
-482
-487
-487
-479
-471
-467
-472
-475
-485
-468
-457
-448
-440
-448
-458
-467
-464
-476
-479
-499
-489
-484
-485
-494
-493
-489
-492
-489
-486
-483
-484
-469
-452
-443
-433
-434
-428
-412
-414
-414
-414
-415
-417
-414
-406
-406
-408
-421
-413
-418
-411
-413
-402
-403
-423
-430
-445
-443
-444
-432
-426
-427
-428
-411
-399
-404
-394
-382
-365
-356
-362
-367
-360
-362
-367
-364
-367
-367
-360
-346
-330
-334
-336
-337
-331
-327
-318
-305
-309
-303
-313
-319
-309
-298
-295
-302
-313
-324
-324
-323
-319
-315
-327
-324
-312
-318
-323
-325
-331
-336
-329
-333
-340
-337
-328
-342
-341
-334
-334
-321
-313
-307
-307
-307
-305
-305
-304
-308
-312
-304
-285
-273
-273
-273
-270
-270
-262
-260
-259
-252
-249
-253
-247
-251
-258
-249
-238
-241
-263
-304
-329
-321
-294
-278
-253
-249
-263
-266
-266
-242
-213
-209
-220
-246
-249
-240
-236
-231
-252
-287
-298
-287
-289
-283
-282
-284
-289
-303
-311
-321
-311
-295
-295
-266
-260
-264
-288
-310
-306
-306
-285
-269
-239
-226
-214
-229
-266
-285
-290
-300
-287
-276
-285
-292
-302
-290
-274
-265
-266
-288
-293
-278
-248
-230
-213
-215
-217
-212
-214
-206
-206
-184
-172
-176
-184
-187
-188
-200
-193
-198
-216
-217
-227
-221
-225
-230
-230
-235
-245
-261
-263
-256
-250
-254
-249
-250
-252
-263
-256
-252
-260
-244
-243
-238
-227
-222
-212
-222
-234
-250
-262
-263
-253
-246
-236
-219
-221
-228
-246
-245
-245
-250
-266
-267
-248
-229
-219
-208
-208
-237
-241
-241
-236
-234
-245
-238
-233
-213
-215
-218
-224
-224
-227
-225
-238
-255
-241
-243
-236
-245
-244
-246
-241
-242
-247
-241
-224
-223
-212
-211
-207
-210
-223
-221
-215
-208
-210
-218
-231
-230
-220
-237
-243
-232
-237
-232
-224
-228
-249
-281
-295
-297
-306
-287
-291
-296
-290
-301
-317
-318
-317
-308
-301
-288
-280
-288
-283
-290
-283
-292
-294
-290
-279
-259
-245
-236
-223
-224
-226
-232
-240
-246
-241
-233
-249
-258
-288
-288
-268
-255
-251
-248
-236
-229
-209
-220
-232
-216
-201
-182
-182
-178
-175
-172
-156
-143
-138
-140
-142
-156
-148
-144
-153
-159
-176
-184
-175
-164
-159
