243
241
233
252
260
274
279
282
273
278
301
307
308
317
301
284
277
284
282
282
287
268
265
248
226
225
216
211
211
207
210
209
216
211
197
187
171
159
151
146
155
150
126
102
112
123
121
122
106
93
84
78
72
66
51
24
0
-15
-22
-33
-32
-57
-72
-74
-74
-77
-76
-66
-49
-36
-16
-16
-24
-1
-1
-14
-6
-16
-15
-26
-38
-34
-28
-19
-20
-32
-58
-65
-62
-54
-51
-28
-21
-21
-21
-15
-20
-23
-21
-17
-15
-1
-2
1
17
-4
-5
-9
-8
15
33
40
37
24
10
1
-10
-13
-19
-41
-51
-52
-55
-63
-75
-93
-107
-105
-95
-92
-103
-102
-106
-106
-83
-70
-47
-47
-35
-39
-39
-13
12
44
73
89
105
112
117
112
112
100
75
66
68
80
92
98
71
61
36
41
61
89
112
92
70
67
87
107
138
148
142
146
146
126
123
123
128
110
93
109
128
147
150
133
118
101
102
114
119
134
132
124
106
92
87
94
101
106
116
124
136
139
126
112
117
117
124
130
139
148
170
171
149
139
139
154
181
218
246
243
237
237
243
256
268
267
265
250
252
263
271
285
273
246
220
211
196
184
164
133
133
123
118
106
100
96
77
61
65
67
92
87
82
96
115
108
103
100
87
84
72
73
78
84
64
44
20
3
7
12
-8
-24
-24
-28
-45
-61
-68
-76
-70
-51
-26
6
11
22
36
50
58
42
54
58
63
72
86
105
89
75
76
95
92
83
95
111
114
124
132
117
113
108
124
148
170
202
227
244
238
237
240
240
234
223
216
219
207
199
201
189
194
198
194
193
203
216
212
183
160
156
153
146
135
134
139
137
134
140
162
184
194
206
192
198
219
244
263
265
257
257
247
226
230
253
280
291
289
297
287
306
315
309
298
288
307
311
318
328
318
321
322
325
327
321
321
318
313
307
321
339
355
357
365
372
362
364
377
373
377
367
370
358
351
353
344
320
288
277
273
266
253
261
257
260
254
243
239
234
238
235
241
238
231
238
250
254
258
250
238
238
233
237
249
257
263
266
276
275
281
285
298
311
328
331
329
337
338
339
348
352
345
374
399
412
410
414
431
440
455
470
476
467
480
491
500
495
487
465
442
447
463
474
462
461
449
445
464
471
468
464
469
478
490
485
471
464
476
476
452
460
491
506
503
489
463
447
446
467
490
494
475
455
458
479
516
516
486
452
423
437
486
536
553
549
524
528
557
597
624
643
655
633
629
639
668
684
689
666
662
659
666
675
668
661
635
612
605
639
667
679
655
624
611
625
645
671
676
663
652
633
639
651
658
662
650
622
597
571
546
544
547
527
509
497
481
472
496
499
477
464
457
466
476
492
503
488
468
474
484
524
549
538
530
523
531
539
555
540
512
506
512
506
524
543
533
514
507
509
504
529
548
588
615
619
634
623
645
653
671
678
684
680
686
699
707
717
692
674
662
664
659
682
687
675
673
685
701
704
688
682
658
641
642
651
669
677
685
689
697
687
696
693
693
712
731
748
737
760
776
785
811
831
866
889
902
909
935
934
921
924
923
915
914
915
933
952
971
975
982
977
974
976
973
991
996
1001
996
976
975
995
1003
1009
1012
1019
1034
1033
1024
1002
1005
1020
1030
1035
1043
1060
1073
1094
1093
1085
1080
1094
1106
1122
1159
1188
1177
1153
1123
1099
1092
1085
1104
1114
1134
1134
1122
1105
1093
1078
1075
1062
1041
1048
1052
1072
1070
1059
1054
1032
1038
1047
1053
1063
1076
1068
1062
1043
1035
1035
1021
1001
987
994
999
1026
1040
1037
1017
998
1000
1013
1041
1043
1046
1055
1053
1063
1047
1016
996
983
970
948
930
923
930
928
922
920
899
880
874
870
861
865
855
829
823
792
762
749
737
744
737
737
734
720
713
691
681
682
677
677
690
701
710
706
694
685
694
702
703
718
724
712
687
688
676
664
657
649
627
600
586
577
562
558
544
509
492
486
477
472
462
440
430
433
447
449
427
412
386
379
389
388
372
367
361
340
335
338
352
361
368
364
363
350
347
332
315
301
288
298
275
278
284
291
272
240
226
218
219
241
282
289
273
279
296
323
352
362
361
363
375
374
382
370
360
333
323
316
313
308
303
304
280
283
266
247
219
205
183
167
164
158
160
172
173
171
179
181
186
186
186
169
158
144
129
144
127
116
113
114
101
88
68
59
73
86
95
66
63
76
99
100
91
94
101
108
120
153
170
177
159
141
142
144
142
156
145
110
102
80
66
63
63
64
78
73
50
49
47
56
74
81
91
113
126
121
150
173
177
166
169
169
151
162
156
149
151
143
158
174
175
184
187
189
184
165
154
154
152
150
154
157
165
166
157
156
176
191
202
204
193
195
192
190
198
187
206
211
227
249
251
252
255
242
247
272
285
295
293
315
332
335
329
311
314
326
323
318
318
315
307
307
317
319
313
305
301
307
305
313
316
311
301
286
296
310
315
313
314
305
314
301
304
301
290
291
293
296
297
329
324
314
302
317
322
314
298
284
283
275
283
298
312
314
306
288
276
292
292
290
292
291
292
290
285
273
263
247
230
235
247
253
264
276
284
285
292
299
305
316
310
314
309
300
305
302
293
291
305
311
295
280
276
274
281
282
289
291
276
275
257
258
252
253
268
282
275
278
284
284
290
275
263
240
225
204
195
162
147
135
106
92
95
120
122
116
107
104
98
96
97
104
108
110
104
77
66
61
59
68
68
74
72
60
54
57
72
80
81
77
68
73
87
82
77
80
78
63
51
35
39
53
67
66
62
61
61
62
51
42
28
16
23
25
22
28
18
10
-4
-6
6
27
35
21
-4
-18
-15
-8
-4
-8
-29
-63
-83
-89
-94
-96
-116
-167
-205
-215
-205
-187
-143
-145
-166
-180
-157
-130
-105
-61
-68
-94
-105
-128
-133
-133
-142
-134
-131
-137
-142
-139
-132
-156
-180
-212
-222
-230
-219
-180
-178
-202
-224
-236
-239
-214
-200
-163
-137
-143
-148
-163
-169
-185
-184
-191
-207
-237
-259
-251
-238
-237
-247
-286
-337
-374
-379
-354
-358
-378
-397
-403
-387
-356
-335
-337
-369
-383
-367
-351
-326
-331
-347
-375
-390
-384
-395
-409
-418
-429
-449
-465
-464
-475
-468
-480
-478
-481
-482
-455
-420
-405
-392
-386
-397
-376
-358
-330
-328
-337
-337
-333
-321
-338
-352
-358
-371
-354
-349
-350
-344
-341
-338
-348
-348
-332
-337
-342
-327
-309
-293
-277
-279
-265
-251
-258
-258
-264
-283
-265
-249
-264
-254
-265
-274
-280
-270
-280
-290
-281
-289
-292
-294
-279
-273
-273
-290
-287
-282
-281
-266
-271
-272
-259
-237
-224
-227
-245
-237
-229
-238
-244
-258
-268
-268
-273
-273
-269
-262
-260
-234
-229
-227
-197
-176
-177
-183
-172
-174
-167
-171
-174
-171
-156
-149
-153
-153
-159
-167
-173
-160
-156
-170
-184
-186
-194
-211
-199
-189
-198
-197
-197
-188
-176
-174
-197
-223
-230
-219
-214
-225
-230
-227
-227
-224
-228
-237
-243
-235
-228
-228
-214
-211
-206
-203
-210
-201
-207
-204
-194
-195
-199
-200
-204
-194
-186
-184
-178
-173
-175
-181
-178
-180
-188
-193
-194
-204
-205
-209
-222
-205
-204
-199
-182
-177
-171
-163
-153
-154
-178
-195
-190
-197
-206
-204
-211
-223
-219
-218
-208
-214
-223
-209
-211
-213
-217
-217
-241
-245
-253
-253
-258
-259
-260
-252
-230
-231
-223
-232
-232
-212
-202
-208
-188
-191
-207
-211
-198
-180
-166
-156
-183
-207
-214
-206
-214
-220
-211
-222
-204
-204
-216
-213
-213
-202
-190
-173
-155
-144
-123
-105
-126
-126
-99
-70
-53
-48
-32
-39
-65
-63
-55
-43
-25
-43
-73
-73
-68
-55
-45
-29
-24
-32
-37
-28
-5
17
46
50
52
81
99
144
193
204
173
163
159
179
208
227
255
247
234
230
237
232
235
243
259
270
267
287
284
277
269
272
286
310
358
397
409
418
435
462
492
512
531
531
538
545
565
566
577
583
570
550
547
546
548
564
566
557
560
569
567
583
585
577
565
551
551
561
589
629
652
669
650
642
631
627
626
604
569
551
546
534
524
499
471
450
431
425
434
438
447
462
491
525
534
547
557
549
545
541
547
558
554
561
564
553
542
529
544
552
551
531
523
530
548
559
553
531
519
524
528
548
571
593
600
604
605
606
611
598
592
592
575
557
550
546
531
518
509
512
510
492
486
496
490
489
479
472
482
477
487
502
504
483
483
459
435
433
421
401
394
406
405
388
368
362
351
351
357
363
350
332
323
337
341
327
325
324
315
309
307
314
310
305
304
306
314
322
325
318
312
329
321
303
281
257
247
251
265
249
240
244
235
215
200
183
167
144
139
123
100
98
98
108
108
106
99
100
89
70
56
47
48
46
34
15
24
27
-2
-19
-14
-3
0
-9
-12
-13
-17
4
12
6
-15
-28
-28
-30
-35
-59
-60
-64
-61
-48
-54
-74
-83
-86
-86
-89
-94
-105
-104
-100
-91
-85
-94
-91
-75
-74
-72
-77
-84
-68
-37
-27
-40
-48
-42
-43
-48
-45
-61
-71
-64
-81
-86
-76
-76
-81
-95
-89
-93
-102
-88
-91
-101
-100
-101
-93
-100
-105
-96
-94
-106
-121
-112
-106
-119
-126
-141
-151
-158
-165
-162
-171
-165
-148
-136
-123
-128
-133
-124
-119
-109
-103
-90
-91
-92
-90
-83
-82
-83
-69
-71
-57
-52
-62
-62
-51
-14
14
14
21
21
27
43
65
61
36
27
29
20
29
65
78
74
83
98
131
152
165
170
164
169
165
160
145
139
131
127
128
115
99
86
79
92
105
121
126
120
130
129
138
140
119
119
124
145
143
146
143
160
182
172
160
134
138
146
169
160
141
134
136
155
173
186
181
182
200
223
229
248
270
275
276
291
309
335
350
360
348
344
344
356
352
330
314
302
278
257
246
246
241
225
199
180
181
173
177
176
162
149
140
133
127
128
141
134
134
150
159
162
135
126
131
113
95
76
58
67
86
93
109
112
88
83
78
67
55
50
55
64
73
93
90
97
102
97
99
98
97
97
93
77
94
122
141
151
168
174
173
188
185
176
157
176
188
192
193
195
210
193
171
152
155
138
116
125
133
147
141
129
123
106
95
79
70
67
47
36
39
17
-4
-9
-19
-26
-35
-53
-45
-40
-29
-8
1
-15
-9
12
36
41
54
62
62
90
84
79
92
93
83
80
87
72
58
64
75
69
74
94
103
108
96
76
70
72
73
71
73
77
80
94
100
87
63
50
54
38
29
40
51
59
45
20
5
6
3
10
18
20
19
15
5
-12
-25
-40
-51
-56
-58
-66
-63
-73
-87
-93
-105
-105
-126
-143
-135
-121
-105
-104
-110
-122
-125
-152
-161
-156
-150
-148
-161
-169
-182
-200
-215
-222
-228
-218
-215
-208
-215
-228
-227
-230
-230
-236
-237
-238
-229
-210
-193
-179
-170
-171
-178
-169
-171
-170
-159
-154
-148
-140
-159
-190
-191
-180
-180
-177
-162
-171
-195
-204
-201
-209
-196
-185
-188
-186
-186
-174
-186
-192
-187
-202
-212
-221
-213
-216
-214
-216
-220
-201
-192
-181
-154
-130
-114
-120
-115
-89
-61
-38
-50
-77
-103
-111
-89
-71
-72
-97
-135
-132
-121
-111
-82
-68
-65
-59
-43
-16
16
42
54
50
37
16
4
6
32
34
30
29
40
33
19
11
0
10
14
29
38
51
36
28
28
6
7
26
42
46
46
57
42
30
23
27
24
11
12
9
9
11
19
25
18
-7
-22
-24
-22
-6
-10
-18
-32
-27
-10
-8
0
-12
-16
-19
17
41
49
53
64
67
58
58
33
25
11
3
-11
-8
-12
-15
-33
-53
-71
-86
-85
-73
-71
-85
-85
-79
-71
-69
-57
-51
-49
-56
-53
-43
-59
-46
-38
-43
-54
-56
-62
-67
-65
-66
-61
-65
-66
-78
-81
-92
-95
-92
-98
-112
-102
-91
-98
-98
-76
-64
-66
-34
-15
-8
-12
-23
-37
-28
-4
-2
-9
6
4
3
16
23
36
23
14
14
23
42
54
53
52
56
57
68
74
77
64
48
36
28
21
22
18
4
-18
-10
15
33
47
29
26
28
28
34
49
60
63
67
66
75
78
94
85
67
64
66
79
80
70
67
64
60
43
18
14
19
30
34
43
51
56
56
43
42
44
44
19
17
17
18
18
-9
-13
-7
-1
1
3
0
-5
-4
-3
-2
6
16
18
23
12
13
21
15
29
45
45
34
19
2
12
9
15
6
-22
-32
-36
-35
-48
-54
-60
-65
-70
-76
-77
-75
-80
-68
-63
-57
-51
-38
-17
-31
-55
-47
-57
-73
-95
-102
-88
-100
-103
-85
-70
-69
-60
-47
-56
-61
-65
-58
-57
-59
-62
-61
-67
-92
-86
-91
-84
-78
-69
-46
-51
-46
-34
-19
-7
13
36
17
3
11
24
50
73
82
70
43
44
36
24
42
42
54
63
60
59
65
64
45
40
31
23
27
40
36
25
35
45
49
37
59
61
22
-13
-46
-56
-68
-65
-83
-101
-118
-120
-117
-108
-114
-103
-120
-155
-162
-156
-115
-91
-106
-133
-148
-137
-106
-87
-80
-81
-91
-89
-80
-71
-72
-84
-92
-108
-116
-123
-126
-110
-100
-98
-104
-127
-134
-130
-119
-109
-116
-138
-155
-156
-160
-158
-149
-142
-116
-106
-109
-125
-151
-152
-154
-159
-174
-193
-207
-215
-193
-169
-161
-175
-189
-199
-180
-156
-154
-159
-189
-205
-197
-180
-152
-155
-161
-162
-158
-155
-159
-150
-176
-190
-212
-235
-247
-248
-254
-271
-290
-303
-304
-301
-292
-291
-296
-297
-293
-283
-275
-255
-251
-234
-225
-228
-225
-217
-199
-207
-219
-221
-226
-226
-247
-277
-286
-303
-302
-316
-328
-330
-335
-323
-304
-306
-325
-332
-337
-313
-286
-287
-301
-306
-310
-308
-292
-297
-314
-327
-333
-337
-352
-351
-339
-328
-317
-317
-306
-327
-328
-316
-330
-324
-319
-306
-284
-278
-261
-253
-266
-264
-267
-264
-249
-226
-217
-223
-224
-220
-207
-205
-217
-229
-251
-260
-260
-254
-245
-259
-273
-257
-240
-244
-227
-203
-183
-177
-201
-212
-218
-214
-197
-189
-182
-182
-195
-194
-193
-180
-167
-165
-178
-200
-212
-207
-205
-212
-215
-231
-242
-243
-242
-245
-260
-279
-291
-286
-272
-260
-245
-250
-253
-258
-250
-242
-257
-261
-268
-281
-271
-249
-243
-230
-231
-245
-252
-258
-254
-255
-248
-240
-236
-242
-241
-255
-259
-258
-272
-277
-286
-288
-281
-287
-283
-292
-301
-313
-311
-293
-283
-277
-278
-268
-255
-242
-232
-235
-240
-256
-259
-261
-259
-255
-255
-259
-266
-270
-274
-297
-295
-272
-275
-266
-267
-253
-251
-256
-242
-250
-248
-237
-215
-201
-183
-167
-156
-139
-116
-90
-76
-61
-52
-41
-45
-35
-30
-35
-42
-46
-32
-29
-17
-12
-19
-26
-34
-40
-40
-45
-42
-28
0
20
19
21
30
29
43
50
42
38
28
38
29
18
32
42
57
68
72
79
80
97
115
128
153
155
142
138
145
153
148
151
131
95
87
96
130
155
151
137
124
133
153
183
201
196
177
168
180
199
217
209
202
194
175
161
160
169
179
198
203
187
181
163
144
125
108
114
129
140
163
183
192
212
209
222
241
254
255
236
238
238
242
226
211
183
166
171
154
130
136
144
138
151
157
158
149
150
145
143
165
184
193
218
246
270
266
242
223
221
225
227
217
199
204
212
218
215
217
209
212
228
251
278
285
283
294
307
323
317
311
294
288
297
296
300
281
278
279
291
284
287
290
304
309
299
298
290
285
296
309
304
308
285
289
298
285
279
276
301
314
299
302
287
298
299
297
299
298
310
316
333
335
350
359
370
387
391
372
360
364
365
386
410
419
439
453
459
480
487
508
520
522
534
545
553
556
552
541
548
551
549
544
546
550
553
552
559
559
572
589
599
612
610
604
599
596
606
617
617
621
604
590
581
572
563
552
541
532
518
504
492
499
509
499
505
501
507
509
500
507
515
534
528
532
519
502
496
488
500
502
493
480
460
447
448
449
448
437
429
426
421
416
424
434
425
437
445
444
456
450
432
410
422
435
420
402
378
363
361
368
382
392
387
386
387
383
371
375
378
371
361
369
368
350
331
326
318
323
329
320
317
305
303
302
310
303
290
291
292
304
299
288
277
278
285
280
278
266
262
262
278
298
305
302
304
327
344
342
347
351
346
355
392
416
422
442
441
441
443
446
449
463
464
449
428
413
422
409
409
428
409
413
417
405
399
393
384
370
360
367
375
384
391
374
356
335
321
319
325
318
304
279
270
302
336
337
309
248
215
220
270
311
322
312
265
240
261
311
343
364
371
330
314
333
346
364
362
332
302
295
296
297
295
286
259
240
240
266
288
301
288
266
260
275
293
290
305
299
280
281
301
323
320
303
292
267
248
228
223
242
254
256
218
200
200
221
253
258
244
226
214
223
244
254
225
200
202
211
239
277
312
314
299
282
288
275
285
298
279
263
239
251
262
265
239
205
199
186
203
221
254
280
288
292
286
288
298
300
292
298
319
346
373
399
416
419
401
364
348
357
366
374
368
374
384
374
370
360
356
344
319
323
330
333
340
338
343
354
336
318
309
305
301
301
288
278
282
291
283
264
263
264
286
320
337
339
327
312
309
306
308
311
301
286
266
261
262
258
262
260
238
227
236
250
253
233
208
205
193
205
222
224
235
255
268
253
248
262
273
283
283
274
278
273
262
245
228
200
180
187
201
221
213
215
215
202
197
201
185
178
180
168
179
178
174
168
178
183
171
162
159
166
183
182
172
172
183
195
205
200
184
175
167
170
173
193
209
207
197
179
190
201
209
213
215
197
176
184
191
202
198
183
176
199
204
206
208
202
197
175
160
161
152
141
136
130
118
92
85
77
77
81
82
78
96
117
130
131
118
117
121
133
127
133
126
128
133
134
124
119
120
117
122
121
125
142
157
175
194
188
205
221
224
234
240
263
277
278
288
262
253
257
248
251
253
248
225
219
224
213
202
203
206
219
231
232
244
246
248
260
246
234
225
231
231
226
204
199
215
221
229
237
250
255
252
250
258
264
283
293
293
284
275
287
305
311
296
264
245
256
268
287
315
307
294
298
324
351
362
377
375
369
365
363
379
385
400
408
415
413
407
414
423
419
425
423
398
374
366
363
350
355
348
347
356
378
390
387
399
397
391
399
391
376
356
356
362
356
344
328
314
304
304
296
288
302
315
328
338
340
352
362
376
388
383
371
378
385
406
422
411
401
384
361
343
338
331
302
273
268
262
260
254
233
217
213
220
224
225
227
229
239
266
283
287
284
282
290
303
298
290
290
300
289
282
263
231
215
214
224
220
216
186
171
168
151
150
137
124
125
122
121
121
121
119
119
122
109
96
99
116
119
115
117
102
107
119
117
130
123
138
141
147
150
138
123
112
118
130
126
108
91
113
118
116
120
108
123
117
115
113
98
86
73
54
51
39
46
52
53
44
34
44
40
44
44
48
46
46
48
63
65
67
71
87
118
126
123
127
125
122
112
100
93
77
71
64
68
70
75
87
112
120
116
113
107
92
97
106
105
105
95
93
87
74
54
54
61
48
32
29
43
50
57
68
66
74
83
96
97
114
109
98
105
103
102
82
69
59
57
48
53
45
40
34
33
35
33
35
38
27
9
-2
1
2
14
22
20
29
37
50
63
85
95
112
119
120
115
116
123
116
102
91
97
91
93
89
93
100
86
84
99
113
113
128
137
133
136
135
132
132
141
146
137
138
141
117
108
145
168
160
162
146
139
151
161
170
190
202
189
166
156
151
140
131
120
106
112
115
113
125
134
126
119
131
151
185
207
232
225
215
211
228
253
251
240
226
188
167
184
203
176
142
84
52
73
116
159
177
175
145
123
154
199
240
265
260
240
209
207
202
192
180
144
98
89
104
122
121
109
97
81
81
87
103
115
111
106
97
90
97
103
80
54
31
31
45
50
46
43
20
-4
-3
-5
7
34
32
19
-8
-26
-12
0
27
39
30
6
13
10
27
38
34
35
17
36
74
105
115
104
78
54
42
51
51
35
13
-15
-26
-38
-24
-19
-24
-49
-74
-57
-51
-43
-39
-30
-42
-57
-56
-54
-54
-52
-52
-64
-62
-50
-43
-14
6
4
-8
-19
-19
-27
-43
-59
-74
-90
-81
-82
-98
-114
-130
-151
-165
-174
-162
-152
-136
-126
-120
-121
-120
-110
-113
-86
-65
-57
-64
-59
-44
-55
-82
-90
-98
-102
-85
-73
-51
-69
-77
-60
-32
-11
-4
10
27
54
65
78
97
110
116
113
119
105
89
73
68
58
33
15
7
9
15
23
27
38
35
24
20
15
2
-4
-1
8
22
22
26
17
-1
-4
-11
-5
24
49
68
93
102
106
99
106
100
91
98
119
131
138
145
142
158
152
149
152
154
152
136
140
149
142
139
136
141
136
124
128
125
112
135
170
182
172
172
161
170
194
211
229
229
211
192
180
177
177
162
138
116
106
103
82
69
66
56
37
40
39
40
56
67
68
69
71
71
96
111
110
111
117
121
121
113
107
113
116
114
119
130
136
137
134
124
117
124
125
123
133
126
140
158
157
148
141
140
132
128
122
109
99
111
114
115
125
143
137
144
142
143
158
171
152
135
132
109
101
95
86
76
80
83
61
50
35
23
30
72
76
68
71
76
73
66
61
72
91
130
152
163
170
155
161
171
186
197
198
174
176
185
195
216
203
164
134
128
132
144
150
140
120
108
119
147
176
194
195
177
165
153
162
172
189
209
200
194
176
178
167
163
165
159
162
167
170
171
150
110
88
79
93
108
120
130
140
150
156
150
144
137
129
117
122
134
153
161
169
160
154
142
138
148
160
185
174
161
142
149
172
177
168
170
169
178
208
234
256
273
275
285
281
261
245
243
230
195
172
158
145
141
136
122
95
78
74
87
104
106
122
135
152
169
191
189
183
183
183
181
175
174
180
186
174
164
163
158
161
174
203
213
220
231
233
234
236
239
243
252
266
282
291
297
300
304
299
299
309
313
322
324
332
330
329
341
347
346
332
331
338
360
375
378
368
377
379
398
407
409
414
409
403
400
419
412
400
375
353
347
352
347
338
324
293
282
271
266
279
273
293
294
271
254
245
252
242
233
238
250
249
236
246
250
261
269
293
323
338
360
367
363
356
357
358
370
372
376
386
389
386
390
405
426
418
431
438
433
444
437
424
426
432
436
441
455
457
447
438
433
439
432
451
443
470
437
534
568
485
436
379
392
387
493
454
379
386
332
338
365
379
386
396
394
348
341
364
353
367
346
322
355
343
376
383
416
443
459
478
469
480
471
524
535
518
485
481
475
492
519
455
441
450
431
409
397
400
431
407
430
439
452
463
489
490
503
505
535
507
523
555
533
570
550
556
544
564
543
529
529
511
500
512
477
510
489
487
453
445
431
422
448
415
449
439
450
432
421
422
432
397
401
372
348
392
410
382
430
412
418
477
457
443
456
456
417
459
441
436
452
443
461
444
422
399
432
424
420
450
424
435
441
418
466
505
496
543
530
501
506
507
475
471
498
404
491
437
419
427
401
429
384
406
347
388
372
342
362
286
314
319
295
355
323
382
398
401
456
474
514
493
447
487
420
549
568
408
397
331
373
313
401
489
353
345
307
298
398
350
484
471
420
497
480
592
479
500
598
536
585
576
592
638
579
659
632
621
595
552
616
600
583
550
542
525
483
542
523
524
570
523
551
538
494
538
507
561
562
606
662
645
638
601
627
698
737
757
674
562
533
518
568
580
627
643
606
645
701
657
634
662
717
711
643
590
576
613
589
614
653
634
673
702
701
704
645
682
719
776
822
781
800
765
740
764
793
784
749
760
756
767
744
669
658
691
705
744
726
688
646
666
665
601
578
611
654
664
652
647
572
542
590
610
610
597
645
644
668
695
638
611
618
632
701
796
822
844
796
768
722
722
760
743
731
672
682
681
718
793
759
744
856
860
854
787
769
746
750
810
772
764
801
809
840
866
836
829
760
816
850
862
797
771
827
796
843
800
762
717
757
777
723
689
739
728
781
770
763
715
662
763
693
705
695
746
839
853
791
716
693
650
609
627
634
683
800
788
793
774
836
871
868
858
840
877
819
759
713
630
626
624
674
706
697
783
732
775
753
730
707
661
729
658
657
649
616
596
574
558
525
496
543
552
572
599
590
670
648
681
651
586
589
569
600
582
579
648
582
541
497
459
463
472
540
554
541
504
437
492
480
513
540
438
411
293
299
264
285
393
357
382
376
424
483
487
510
397
383
419
405
448
459
453
421
334
288
278
299
359
338
395
300
306
354
356
380
326
380
367
376
451
402
382
316
289
304
306
357
283
252
288
315
340
327
346
377
387
446
435
424
451
447
455
368
303
253
201
232
265
381
359
380
517
560
572
502
467
398
357
387
388
413
433
417
420
431
439
463
502
551
565
610
649
672
774
783
760
720
681
628
613
617
534
517
533
512
501
529
545
511
520
539
518
496
504
463
413
447
490
563
582
546
515
537
538
553
617
602
507
509
515
469
475
515
530
481
543
571
599
622
563
590
588
564
514
444
471
441
453
422
345
374
384
434
463
423
438
417
450
435
427
475
429
490
469
481
526
470
479
488
488
453
426
482
469
485
484
423
431
406
472
472
425
493
495
479
437
389
361
296
296
285
206
269
268
274
290
290
380
352
406
388
406
492
502
536
470
435
434
434
463
465
529
566
529
497
496
429
403
444
464
467
429
365
311
333
419
494
511
468
405
379
380
424
421
419
381
321
317
334
379
391
419
456
447
430
406
390
416
450
412
367
341
305
303
288
299
283
343
361
321
365
383
423
401
383
373
351
369
326
293
276
217
246
227
269
295
330
332
297
364
348
392
399
422
454
494
478
470
461
431
371
309
306
274
365
411
425
433
448
492
492
480
438
391
412
430
397
355
297
321
323
378
418
435
418
397
454
508
503
489
453
403
404
409
412
320
324
332
335
362
334
309
287
302
296
290
310
337
321
334
313
323
288
297
292
315
300
265
253
247
328
347
379
361
338
294
329
370
381
398
362
307
268
279
307
308
274
218
177
197
232
294
344
319
303
270
240
300
280
272
224
168
158
170
254
209
269
278
253
294
281
320
324
382
320
250
252
222
257
252
237
204
198
240
227
239
225
186
208
191
196
206
201
227
253
263
278
340
328
356
377
406
394
395
359
338
408
428
419
397
383
358
413
478
529
525
555
538
526
558
566
571
537
539
508
510
511
514
503
505
494
485
558
635
638
594
551
442
394
382
417
450
473
525
511
512
522
529
534
530
571
605
604
620
608
635
654
675
681
670
688
654
653
634
612
602
591
575
566
551
534
542
549
582
597
628
580
552
589
581
611
602
558
551
582
674
645
628
611
619
693
681
704
742
758
756
720
680
655
627
644
614
620
663
658
617
551
541
545
542
538
522
588
604
633
622
566
588
590
656
683
711
668
623
600
553
569
533
487
459
447
467
479
494
492
499
511
489
462
434
400
404
407
422
412
405
417
427
444
467
519
529
571
644
689
661
614
544
503
481
424
359
380
416
443
444
443
452
419
439
375
367
320
294
255
208
200
170
207
172
146
192
281
307
361
415
426
403
409
394
341
356
307
268
222
185
161
108
64
34
28
61
101
138
159
133
140
130
135
100
82
96
63
60
105
114
139
179
198
218
264
298
305
349
314
289
274
261
247
228
227
230
232
233
238
191
227
184
153
98
101
110
78
128
76
60
79
109
114
135
120
100
89
87
67
52
31
-30
-37
-34
23
25
33
54
66
77
41
17
-37
-52
-98
-134
-142
-152
-149
-142
-132
-105
-83
-74
-75
-64
-24
-39
-71
-137
-189
-224
-237
-231
-250
-236
-217
-197
-140
-108
-100
-147
-189
-176
-169
-146
-135
-189
-230
-233
-211
-192
-138
-95
-63
-59
-125
-128
-104
-110
-126
-130
-124
-120
-120
-110
-97
-62
-26
4
-10
-12
13
27
-1
-42
-69
-63
-18
-10
-13
-5
-9
-20
-8
-1
-14
-30
-63
-88
-70
-89
-102
-104
-103
-98
-88
-60
-56
14
89
169
179
146
158
198
249
258
263
237
196
189
176
151
164
165
160
129
61
32
34
24
23
5
13
43
70
75
73
109
117
144
157
221
256
296
332
369
417
414
469
460
475
502
524
529
476
486
454
409
349
321
298
282
286
305
356
391
411
426
463
428
431
428
449
424
414
450
423
432
440
471
466
456
461
476
464
432
382
392
375
361
339
336
348
321
328
315
325
306
305
295
269
282
306
334
309
288
281
290
283
252
225
244
228
196
207
203
189
156
157
113
113
125
140
117
45
51
67
78
35
2
32
31
24
47
50
50
31
71
104
106
128
130
178
210
280
334
381
430
479
606
678
731
753
808
827
846
807
773
709
631
577
522
544
482
427
370
373
356
341
343
280
229
208
216
182
144
120
122
134
174
216
273
331
380
456
561
616
607
629
648
629
594
570
523
469
389
362
295
222
140
71
57
18
36
21
12
-36
-43
-59
-101
-129
-209
-221
-297
-342
-397
-419
-445
-460
-416
-380
-345
-314
-296
-318
-315
-327
-307
-355
-362
-388
-389
-354
-386
-366
-337
-238
-154
-39
71
184
370
513
601
691
782
856
892
893
907
905
919
876
792
774
742
666
578
536
500
468
424
383
339
342
350
353
366
379
433
463
538
616
689
783
870
965
1048
1151
1270
1344
1407
1478
1507
1517
1455
1398
1321
1211
1094
963
851
708
591
469
348
259
166
93
21
2
19
22
-4
-72
-97
-88
-80
-67
-67
-67
-122
-140
-165
-179
-202
-247
-296
-346
-369
-349
-354
-431
-468
-504
-535
-554
-508
-419
-318
-211
-94
34
222
395
537
706
864
1030
1151
1277
1321
1358
1322
1275
1199
1085
983
852
772
624
483
326
229
106
19
-23
-113
-172
-210
-205
-204
-163
-113
-36
29
159
310
482
682
882
1093
1300
1532
1711
1880
1992
2029
2052
2065
2031
1943
1846
1698
1506
1318
1134
926
717
542
368
223
123
0
-76
-135
-175
-214
-230
-229
-267
-301
-295
-294
-327
-362
-383
-368
-375
-335
-277
-230
-184
-146
-57
-32
-43
-111
-187
-252
-371
-424
-508
-568
-658
-660
-601
-537
-398
-266
-57
173
439
672
890
1096
1229
1346
1406
1410
1349
1267
1190
1091
988
868
739
599
471
384
297
197
67
-24
-85
-134
-228
-279
-307
-349
-371
-387
-324
-239
-109
37
252
476
745
1041
1299
1561
1787
2007
2150
2249
2273
2255
2211
2128
2008
1846
1694
1501
1334
1171
1013
824
664
523
374
252
108
-22
-143
-234
-335
-405
-467
-495
-518
-495
-439
-370
-308
-226
-129
-73
-16
18
39
19
-8
-46
-97
-189
-327
-456
-576
-652
-718
-792
-903
-964
-916
-788
-654
-541
-435
-224
-5
241
433
607
751
867
960
988
1058
1095
1094
1035
1017
966
948
895
786
672
566
491
346
170
-31
-161
-289
-387
-467
-530
-560
-556
-482
-399
-259
-101
111
328
568
840
1088
1316
1518
1720
1895
2019
2095
2118
2102
2081
2044
1967
1840
1678
1492
1322
1146
955
742
536
349
188
29
-160
-324
-432
-516
-571
-588
-573
-547
-507
-433
-359
-288
-229
-134
-88
-72
-21
2
7
-57
-113
-190
-261
-374
-483
-543
-615
-674
-739
-687
-622
-451
-290
-142
-2
195
469
681
838
918
1042
1099
1164
1175
1156
1120
1066
1006
940
933
926
890
789
682
556
455
303
145
-35
-164
-283
-447
-572
-662
-637
-557
-428
-276
-74
139
401
690
979
1254
1456
1646
1820
2004
2119
2198
2177
2099
2067
2012
1954
1834
1707
1548
1405
1268
1130
975
809
634
452
298
117
-56
-248
-386
-524
-614
-663
-706
-732
-715
-632
-553
-433
-379
-333
-285
-240
-198
-187
-210
-310
-413
-528
-614
-695
-767
-831
-887
-813
-683
-444
-242
-69
122
348
656
848
977
992
1018
1025
1030
928
770
633
519
461
369
328
288
273
235
200
159
131
30
-140
-308
-447
-582
-722
-868
-986
-1008
-922
-777
-626
-422
-173
142
503
866
1194
1478
1730
1928
2080
2168
2165
2079
1972
1875
1786
1695
1559
1404
1257
1144
1049
951
843
719
609
523
405
246
58
-94
-263
-385
-478
-558
-630
-690
-665
-636
-571
-530
-437
-397
-321
-252
-197
-162
-218
-288
-391
-398
-439
-478
-547
-568
-503
-330
-72
103
246
413
710
1019
1269
1370
1378
1390
1362
1286
1156
952
712
506
390
290
178
81
18
-40
-107
-127
-156
-247
-395
-516
-625
-728
-837
-979
-1073
-1096
-1026
-865
-637
-416
-158
175
552
893
1190
1483
1714
1911
2049
2130
2122
2038
1928
1811
1717
1564
1389
1212
1059
940
842
754
632
504
382
280
191
47
-117
-288
-435
-559
-659
-731
-821
-867
-890
-830
-768
-681
-584
-498
-409
-358
-264
-245
-265
-320
-373
-432
-506
-564
-601
-570
-469
-264
-55
145
353
679
1030
1286
1439
1521
1577
1532
1434
1285
1088
842
582
342
140
-14
-133
-228
-348
-436
-464
-457
-511
-650
-785
-889
-1002
-1124
-1241
-1325
-1368
-1348
-1249
-1079
-859
-615
-291
60
425
750
1094
1397
1631
1796
1888
1908
1852
1760
1634
1512
1360
1174
990
854
729
608
509
388
268
169
75
-36
-195
-366
-541
-708
-821
-912
-986
-1050
-1128
-1152
-1139
-1106
-1047
-959
-907
-839
-768
-727
-696
-689
-677
-688
-691
-755
-789
-703
-495
-266
-71
58
226
495
855
1201
1351
1403
1425
1428
1352
1219
1025
805
550
285
56
-144
-249
-345
-492
-676
-769
-785
-807
-915
-1060
-1153
-1205
-1292
-1402
-1443
-1400
-1276
-1124
-945
-744
-491
-180
192
531
816
1084
1293
1487
1597
1709
1778
1746
1639
1488
1395
1285
1173
1049
920
795
701
614
517
432
284
154
43
-129
-325
-485
-602
-747
-866
-956
-1033
-1076
-1071
-1026
-1019
-975
-947
-870
-781
-699
-660
-642
-631
-671
-637
-619
-485
-299
-23
201
390
721
1159
1620
1862
2014
2155
2310
2367
2307
2146
1902
1610
1339
1049
695
383
172
-11
-230
-411
-484
-554
-738
-926
-1050
-1141
-1300
-1474
-1590
-1630
-1626
-1565
-1424
-1249
-1043
-777
-381
49
462
816
1177
1497
1707
1882
1995
2028
1912
1799
1687
1561
1346
1099
927
766
648
548
504
414
330
287
281
194
7
-187
-325
-476
-658
-811
-944
-1110
-1232
-1251
-1276
-1294
-1316
-1241
-1117
-1043
-972
-919
-813
-781
-763
-679
-500
-251
-59
116
279
571
979
1360
1591
1713
1872
2091
2268
2262
2117
1972
1850
1701
1486
1241
993
751
519
272
26
-180
-407
-705
-968
-1182
-1353
-1544
-1722
-1873
-1940
-1884
-1797
-1665
-1508
-1256
-947
-558
-171
178
506
826
1154
1388
1569
1640
1644
1618
1583
1511
1379
1201
1015
869
763
673
576
474
362
264
161
114
-8
-194
-414
-606
-747
-897
-1055
-1247
-1399
-1476
-1469
-1473
-1506
-1494
-1453
-1389
-1330
-1328
-1276
-1208
-1115
-1045
-905
-646
-367
-135
32
343
773
1263
1556
1667
1735
1887
2055
2062
1938
1742
1611
1527
1462
1292
1104
976
882
712
509
406
247
-45
-391
-656
-863
-1114
-1417
-1689
-1843
-1884
-1833
-1711
-1551
-1335
-1038
-615
-164
212
545
910
1284
1520
1731
1855
1855
1788
1754
1723
1566
1364
1169
1040
941
856
764
656
556
435
368
323
195
-51
-322
-534
-762
-987
-1210
-1385
-1573
-1717
-1798
-1841
-1846
-1858
-1812
-1752
-1693
-1648
-1556
-1418
-1326
-1295
-1153
-838
-528
-378
-229
85
533
952
1153
1229
1338
1551
1715
1704
1546
1370
1270
1182
1026
793
637
550
394
172
3
-41
-174
-446
-749
-945
-1062
-1234
-1466
-1673
-1803
-1811
-1707
-1613
-1496
-1304
-1001
-599
-230
71
371
686
944
1164
1368
1483
1469
1392
1360
1331
1253
1112
952
835
772
707
623
504
358
212
128
9
-167
-432
-713
-965
-1209
-1451
-1672
-1907
-2142
-2288
-2324
-2354
-2405
-2426
-2430
-2371
-2285
-2161
-2054
-1924
-1740
-1461
-1101
-810
-566
-274
117
535
869
1070
1222
1362
1476
1528
1473
1307
1148
1046
920
717
502
330
156
-12
-229
-403
-551
-764
-1011
-1203
-1357
-1553
-1724
-1836
-1902
-1945
-1866
-1689
-1493
-1309
-1048
-653
-241
88
348
646
968
1223
1378
1491
1536
1529
1515
1498
1413
1285
1224
1149
1052
958
903
842
715
545
397
285
82
-172
-437
-672
-912
-1145
-1387
-1600
-1816
-1979
-2055
-2109
-2177
-2265
-2245
-2209
-2124
-2063
-1940
-1735
-1488
-1194
-936
-675
-363
70
496
758
925
1095
1310
1465
1483
1435
1344
1289
1201
1097
944
804
668
519
359
198
56
-122
-346
-656
-933
-1179
-1419
-1707
-1952
-2104
-2193
-2163
-2038
-1873
-1675
-1387
-985
-568
-182
160
502
850
1095
1278
1386
1457
1408
1341
1323
1280
1209
1078
1050
1067
1124
1160
1189
1175
1093
1048
997
912
672
373
79
-178
-479
-838
-1145
-1397
-1588
-1738
-1824
-1908
-1975
-1967
-1881
-1754
-1652
-1552
-1361
-1096
-829
-658
-478
-193
141
433
617
771
907
1079
1218
1277
1280
1257
1243
1216
1203
1134
1065
1034
955
801
668
578
434
175
-120
-372
-620
-903
-1178
-1437
-1644
-1736
-1707
-1601
-1487
-1286
-985
-601
-228
92
415
738
1013
1190
1302
1360
1341
1283
1208
1135
1049
963
912
896
947
1009
1092
1197
1261
1297
1322
1345
1250
1069
842
606
388
112
-146
-409
-652
-824
-943
-1067
-1202
-1262
-1226
-1150
-1105
-1091
-936
-681
-420
-264
-94
138
400
689
846
989
1099
1265
1357
1347
1299
1243
1277
1313
1292
1183
1186
1239
1240
1141
1061
1038
933
749
518
298
58
-212
-523
-825
-1038
-1175
-1189
-1170
-1117
-1006
-767
-433
-131
181
536
886
1124
1314
1453
1475
1434
1344
1269
1145
950
787
646
593
600
645
693
706
724
769
856
913
839
678
503
336
147
-34
-267
-536
-774
-889
-951
-1029
-1100
-1136
-1074
-999
-885
-779
-599
-342
-91
60
183
389
636
851
930
986
1018
1077
1088
1059
985
892
855
827
799
727
685
669
639
539
446
418
330
151
-52
-223
-410
-656
-901
-1096
-1245
-1346
-1356
-1284
-1177
-1005
-776
-447
-112
201
481
781
1006
1134
1238
1273
1218
1082
953
771
563
363
233
137
39
18
57
149
221
262
297
372
394
296
131
-81
-315
-584
-840
-1125
-1391
-1618
-1740
-1835
-1892
-1872
-1787
-1618
-1407
-1138
-822
-424
-73
166
428
784
1150
1360
1424
1452
1492
1531
1469
1330
1125
948
827
751
657
513
439
421
397
308
256
216
85
-114
-306
-456
-685
-974
-1244
-1414
-1547
-1594
-1575
-1487
-1308
-1068
-714
-332
49
406
802
1168
1416
1619
1776
1825
1739
1616
1485
1288
1035
805
641
504
426
383
393
423
460
493
579
620
554
447
295
102
-162
-406
-678
-1006
-1311
-1568
-1773
-1965
-2098
-2137
-2095
-2014
-1881
-1570
-1171
-812
-557
-238
218
716
1084
1227
1314
1413
1587
1657
1574
1388
1216
1147
1112
1018
848
774
755
684
556
478
417
242
-11
-269
-468
-727
-1048
-1388
-1690
-1879
-1964
-1979
-1997
-1959
-1795
-1437
-1022
-717
-445
-65
353
621
823
994
1048
1020
946
892
747
559
399
286
224
201
221
256
328
361
457
585
647
555
459
380
247
-2
-285
-566
-872
-1098
-1333
-1544
-1782
-1886
-1930
-1899
-1841
-1762
-1498
-1170
-861
-730
-514
-128
275
542
600
677
797
946
990
911
799
724
749
743
683
614
680
815
818
733
697
748
683
490
289
121
-133
-473
-801
-1122
-1353
-1475
-1480
-1499
-1508
-1405
-1132
-775
-519
-316
-43
289
526
634
730
765
660
518
410
308
171
35
-49
-62
-50
42
168
282
387
515
705
823
821
756
705
595
342
78
-204
-493
-785
-1014
-1178
-1380
-1514
-1547
-1484
-1412
-1339
-1101
-758
-422
-221
-41
279
635
914
954
921
874
910
922
791
617
441
390
393
383
329
376
497
561
542
560
675
659
479
263
131
-18
-302
-631
-924
-1103
-1218
-1231
-1188
-1129
-983
-694
-310
-15
215
472
784
1005
1088
1130
1108
969
741
564
381
151
-93
-288
-368
-384
-306
-204
-93
37
193
416
596
645
554
449
324
127
-103
-398
-668
-953
-1156
-1331
-1472
-1544
-1559
-1469
-1348
-1166
-867
-500
-134
113
304
622
977
1269
1320
1252
1179
1207
1230
1101
865
647
563
563
554
458
435
527
595
553
485
507
470
260
-12
-219
-426
-712
-1038
-1323
-1505
-1575
-1541
-1457
-1324
-1112
-758
-298
121
441
724
1042
1287
1370
1378
1336
1198
967
753
542
284
30
-140
-251
-294
-261
-203
-124
-50
58
198
317
297
156
-8
-197
-431
-745
-1065
-1377
-1701
-1949
-2108
-2202
-2285
-2256
-2124
-1964
-1763
-1434
-1012
-649
-372
-124
217
595
915
1007
985
979
1011
1017
894
732
545
451
464
455
334
280
368
419
344
298
337
276
100
-170
-394
-590
-870
-1220
-1533
-1719
-1822
-1824
-1728
-1590
-1390
-1052
-558
-94
230
561
925
1236
1412
1472
1471
1366
1189
999
780
518
264
91
28
26
59
150
293
431
574
752
896
905
774
630
470
238
-74
-435
-819
-1188
-1446
-1631
-1792
-1910
-1926
-1815
-1656
-1432
-1069
-655
-311
-69
219
602
975
1162
1150
1099
1053
1022
951
822
609
433
400
475
499
432
511
738
868
869
894
957
900
703
500
293
-13
-435
-840
-1121
-1285
-1374
-1363
-1313
-1250
-1071
-692
-167
247
533
838
1186
1430
1542
1597
1530
1318
1053
868
652
356
124
-11
-42
-74
-23
100
247
423
625
849
960
907
826
736
618
359
16
-310
-634
-918
-1171
-1313
-1515
-1613
-1601
-1464
-1324
-1107
-676
-255
54
233
524
917
1241
1358
1260
1174
1102
1011
836
595
353
121
70
102
62
-19
108
350
432
440
494
574
496
329
148
-39
-272
-554
-862
-1095
-1189
-1247
-1211
-1118
-979
-732
-288
189
503
721
999
1296
1421
1423
1353
1182
943
709
481
193
-77
-312
-454
-515
-473
-367
-212
-20
137
318
557
696
635
504
362
190
-86
-415
-755
-1109
-1370
-1527
-1651
-1798
-1803
-1667
-1464
-1223
-906
-466
-58
194
446
813
1259
1485
1412
1287
1251
1254
1107
867
552
254
123
143
106
-39
-35
126
233
234
262
340
324
158
-48
-213
-404
-671
-986
-1239
-1395
-1452
-1402
-1260
-1097
-895
-484
43
478
751
1050
1401
1616
1651
1596
1438
1166
905
666
359
5
-278
-461
-529
-522
-415
-255
-36
142
306
558
748
754
641
535
356
118
-173
-500
-840
-1164
-1334
-1462
-1614
-1698
-1601
-1349
-1107
-913
-576
-81
336
518
732
1085
1416
1527
1432
1328
1294
1281
1160
979
738
543
496
573
553
465
500
704
776
684
648
687
582
311
27
-200
-417
-690
-975
-1220
-1351
-1364
-1243
-1076
-882
-647
-233
280
660
899
1160
1482
1624
1601
1537
1415
1151
866
617
362
35
-201
-347
-377
-336
-234
-67
89
255
409
610
745
741
611
489
309
20
-314
-633
-944
-1222
-1444
-1581
-1696
-1745
-1635
-1431
-1220
-999
-618
-163
180
335
572
928
1275
1374
1239
1133
1144
1139
964
742
562
442
409
447
443
390
472
651
673
571
547
585
459
184
-122
-352
-578
-882
-1210
-1461
-1510
-1490
-1413
-1275
-1050
-743
-290
207
567
778
1044
1334
1434
1366
1285
1138
831
494
183
-55
-302
-493
-636
-682
-589
-408
-195
7
154
276
424
533
483
319
169
-24
-301
-664
-963
-1261
-1486
-1642
-1749
-1820
-1827
-1676
-1437
-1257
-1054
-716
-283
62
208
375
686
1037
1163
1072
952
922
927
857
669
455
309
284
317
273
211
272
412
393
276
227
273
193
-49
-334
-533
-718
-967
-1253
-1475
-1556
-1524
-1412
-1239
-994
-701
-301
187
576
838
1090
1363
1524
1516
1452
1331
1100
833
568
350
117
-104
-227
-257
-181
-62
97
256
387
521
640
738
677
498
319
140
-129
-457
-778
-1073
-1322
-1471
-1571
-1649
-1662
-1553
-1362
-1131
-917
-587
-161
208
419
578
861
1167
1395
1405
1340
1294
1344
1322
1169
988
834
769
779
762
692
667
745
746
659
577
590
465
183
-87
-288
-451
-698
-985
-1221
-1308
-1257
-1166
-1022
-823
-535
-163
285
699
995
1241
1488
1696
1751
1707
1617
1425
1146
920
744
535
311
223
193
243
336
475
569
688
820
940
1002
956
789
576
372
99
-242
-617
-932
-1175
-1360
-1461
-1574
-1621
-1585
-1431
-1285
-1146
-914
-575
-223
47
252
458
687
975
1137
1107
1065
1110
1179
1128
1042
952
909
879
881
840
803
828
835
738
590
538
470
270
-31
-304
-505
-707
-946
-1193
-1339
-1375
-1314
-1197
-1042
-827
-601
-288
92
422
638
821
1020
1158
1164
1111
1030
905
722
570
451
305
195
147
181
242
365
470
562
644
722
766
737
673
497
254
26
-203
-497
-813
-1054
-1259
-1420
-1512
-1605
-1631
-1632
-1550
-1478
-1372
-1198
-989
-705
-449
-283
-188
59
398
641
695
689
794
908
916
855
801
780
718
697
669
584
507
503
451
299
162
84
-27
-213
-412
-587
-738
-941
-1138
-1263
-1303
-1250
-1210
-1123
-948
-710
-452
-158
175
403
568
783
993
1065
1038
977
891
744
622
502
368
248
214
240
321
390
479
574
704
782
751
720
674
554
322
107
-86
-342
-621
-820
-940
-1065
-1144
-1164
-1157
-1160
-1113
-991
-891
-808
-709
-545
-307
-96
-40
38
255
530
668
761
882
940
1009
1113
1177
1101
1018
991
998
916
804
732
724
657
496
325
230
141
-81
-243
-352
-477
-649
-770
-862
-966
-990
-891
-758
-622
-465
-244
9
274
492
624
776
921
1000
998
967
878
732
632
543
406
308
280
263
231
291
420
444
420
425
428
379
281
134
-72
-285
-410
-563
-808
-1011
-1133
-1183
-1196
-1220
-1235
-1243
-1128
-1040
-971
-868
-682
-479
-278
-74
22
197
471
812
942
962
1059
1243
1352
1356
1292
1159
1065
1022
989
863
737
698
643
502
375
328
274
168
-4
-152
-277
-409
-560
-714
-885
-971
-947
-878
-814
-691
-496
-253
33
320
584
765
986
1174
1313
1342
1272
1153
1040
966
848
703
572
501
433
435
499
523
469
469
518
501
426
344
205
-10
-172
-288
-490
-741
-956
-1054
-1151
-1184
-1266
-1291
-1314
-1267
-1244
-1186
-1096
-1031
-924
-712
-475
-354
-277
-80
200
431
545
632
701
794
861
895
865
782
670
648
619
526
438
445
380
249
182
211
161
-34
-237
-388
-551
-762
-985
-1234
-1473
-1567
-1557
-1528
-1472
-1331
-1079
-763
-446
-144
142
396
614
746
829
868
819
710
567
479
328
218
178
165
137
170
334
375
351
371
432
404
278
178
-30
-222
-445
-546
-757
-1002
-1225
-1346
-1375
-1466
-1518
-1552
-1490
-1513
-1520
-1500
-1373
-1332
-1231
-1046
-821
-699
-623
-363
-38
260
379
516
589
683
759
786
723
545
414
374
370
262
190
192
196
76
0
43
-4
-187
-418
-574
-802
-1067
-1359
-1640
-1886
-2032
-2029
-1980
-1862
-1632
-1311
-933
-550
-161
137
406
633
810
869
827
704
532
417
289
119
-4
14
55
98
199
365
504
576
653
691
629
484
373
166
-117
-386
-616
-836
-1066
-1209
-1321
-1350
-1386
-1331
-1319
-1323
-1320
-1301
-1250
-1256
-1271
-1340
-1245
-1086
-913
-865
-676
-413
-71
261
541
703
770
952
1100
1102
992
927
862
747
630
497
481
486
430
265
178
159
65
-134
-351
-611
-958
-1244
-1467
-1742
-2010
-2076
-1983
-1877
-1683
-1386
-1051
-659
-210
256
563
796
975
1043
1036
989
844
615
467
343
236
180
269
358
426
600
792
863
855
872
769
587
400
189
-124
-435
-656
-836
-1059
-1177
-1224
-1263
-1273
-1202
-1130
-1120
-1159
-1233
-1275
-1366
-1442
-1518
-1604
-1570
-1375
-1124
-971
-782
-473
-26
472
780
950
1070
1265
1361
1283
1163
1029
855
690
582
430
346
347
305
128
14
19
-79
-364
-672
-928
-1281
-1638
-1916
-2190
-2426
-2502
-2393
-2211
-1957
-1566
-1144
-703
-252
191
466
664
796
821
780
719
600
387
237
204
154
104
226
351
430
527
720
786
741
652
476
212
-78
-310
-633
-936
-1169
-1283
-1384
-1442
-1455
-1475
-1414
-1380
-1332
-1372
-1375
-1470
-1639
-1796
-1809
-1842
-1941
-1974
-1759
-1426
-1050
-738
-355
58
629
1137
1435
1571
1663
1762
1688
1561
1385
1171
969
836
748
589
619
692
683
505
435
387
152
-202
-546
-884
-1311
-1656
-1901
-2111
-2222
-2161
-1896
-1544
-1132
-659
-139
372
834
1153
1358
1532
1577
1468
1387
1288
1132
954
939
966
976
1028
1229
1381
1416
1439
1523
1451
1258
1008
737
417
70
-150
-435
-600
-738
-746
-775
-755
-734
-735
-686
-719
-748
-850
-967
-1078
-1275
-1402
-1482
-1505
-1505
-1463
-1253
-924
-462
-69
302
636
1034
1519
1831
1916
1863
1863
1857
1698
1514
1335
1203
1014
927
926
867
851
797
712
486
295
91
-326
-771
-1158
-1427
-1761
-2026
-2197
-2192
-2040
-1831
-1503
-1111
-601
-141
233
639
1004
1216
1193
1185
1183
1111
1100
1070
1014
985
1111
1256
1283
1326
1439
1580
1523
1401
1248
1035
798
483
174
-155
-415
-680
-883
-941
-910
-846
-845
-856
-902
-901
-859
-886
-1004
-1180
-1328
-1422
-1571
-1603
-1657
-1573
-1549
-1447
-1247
-981
-527
-176
172
305
543
859
1131
1359
1344
1332
1169
1182
1136
1070
946
796
755
625
593
476
398
246
8
-263
-598
-820
-1172
-1473
-1731
-1883
-1963
-2045
-1996
-1967
-1766
-1444
-1071
-755
-508
-131
159
458
657
828
906
965
1055
1118
1229
1295
1391
1387
1421
1452
1455
1433
1334
1186
932
802
626
402
101
-107
-289
-460
-547
-666
-681
-733
-609
-600
-603
-595
-587
-617
-767
-747
-817
-859
-963
-1031
-1054
-1092
-1034
-1138
-1067
-967
-866
-775
-652
-275
-46
237
377
587
810
1077
1367
1315
1279
1221
1277
1214
1086
953
742
668
561
415
221
165
130
-51
-239
-437
-564
-723
-872
-1077
-1320
-1398
-1375
-1329
-1363
-1269
-1031
-741
-415
-107
228
525
867
1191
1388
1504
1595
1749
1848
1868
1806
1793
1791
1792
1694
1561
1447
1384
1248
1063
922
819
675
498
332
132
47
5
-35
-134
-191
-155
-122
-139
-190
-208
-189
-213
-244
-280
-375
-388
-404
-485
-647
-735
-717
-797
-794
-839
-780
-688
-545
-254
-38
335
497
724
922
1246
1587
1630
1662
1469
1448
1390
1349
1158
807
752
678
660
492
441
392
235
160
-81
-252
-521
-691
-856
-1152
-1319
-1488
-1410
-1370
-1226
-972
-685
-234
99
512
842
1200
1486
1648
1762
1745
1852
1846
1805
1660
1556
1574
1572
1575
1395
1303
1250
1251
1175
985
805
622
507
385
202
12
-106
-139
-174
-191
-206
-232
-217
-179
-189
-247
-288
-334
-424
-556
-573
-679
-685
-793
-806
-930
-940
-842
-900
-819
-850
-695
-668
-444
-169
37
359
423
625
737
1083
1332
1304
1242
1052
1117
1043
974
787
607
622
509
467
257
167
106
14
-120
-457
-660
-875
-952
-1069
-1264
-1394
-1452
-1326
-1158
-850
-575
-293
50
385
672
915
1209
1366
1391
1330
1271
1289
1354
1354
1187
1033
1055
1153
1208
1181
1085
1034
993
921
829
647
495
317
165
-27
-179
-274
-389
-397
-485
-544
-638
-685
-692
-733
-718
-761
-724
-697
-678
-605
-611
-536
-525
-481
-523
-532
-508
-554
-577
-688
-705
-707
-627
-501
-324
-59
200
489
717
951
1233
1479
1593
1474
1275
1106
1009
876
599
345
184
212
221
156
66
10
120
175
110
-115
-322
-405
-477
-548
-743
-864
-910
-810
-591
-428
-189
77
405
715
952
1108
1201
1341
1425
1429
1412
1401
1495
1519
1536
1541
1565
1603
1570
1510
1322
1171
992
799
568
254
-8
-204
-276
-345
-433
-460
-440
-335
-280
-212
-203
-227
-215
-213
-183
-283
-298
-339
-283
-271
-273
-275
-325
-308
-383
-390
-511
-578
-651
-712
-736
-804
-766
-674
-521
-292
-61
186
361
528
651
740
814
754
656
509
377
277
168
75
-3
25
103
177
208
154
100
20
-56
-189
-445
-732
-1004
-1145
-1228
-1297
-1308
-1235
-1037
-773
-499
-236
15
320
590
777
852
844
857
822
829
791
799
832
853
871
872
936
934
892
794
670
550
407
281
122
-48
-194
-274
-289
-332
-354
-399
-444
-465
-435
-441
-513
-599
-631
-594
-586
-575
-605
-553
-500
-451
-436
-457
-449
-477
-499
-576
-672
-787
-929
-988
-1032
-1013
-966
-909
-810
-761
-622
-465
-243
-39
50
119
138
252
245
145
72
-7
33
11
48
-6
-85
-52
-40
46
21
13
-33
-103
-124
-234
-300
-491
-635
-699
-752
-718
-766
-762
-746
-628
-446
-329
-160
-36
142
302
425
519
542
599
637
733
808
851
855
822
823
809
750
641
512
410
326
229
134
5
-124
-210
-230
-242
-303
-320
-327
-345
-329
-321
-329
-397
-405
-374
-294
-213
-181
-159
-163
-63
-27
-12
20
-6
-33
-83
-95
-135
-209
-272
-366
-415
-493
-583
-679
-819
-893
-964
-989
-1057
-1130
-1106
-1070
-963
-883
-768
-657
-548
-378
-248
-68
6
6
44
118
269
361
438
492
501
606
676
754
717
639
564
437
329
129
-109
-351
-504
-597
-667
-662
-613
-505
-368
-211
-93
2
83
139
154
154
115
36
-43
-77
-46
-20
10
43
91
196
325
444
466
437
391
309
290
226
172
81
-15
-45
-72
-72
-112
-110
-87
-56
-44
-123
-142
-149
-156
-163
-184
-164
-187
-172
-178
-177
-265
-427
-561
-715
-855
-1036
-1239
-1444
-1611
-1692
-1725
-1697
-1681
-1672
-1643
-1566
-1462
-1421
-1364
-1329
-1279
-1201
-1122
-1049
-988
-858
-700
-524
-359
-221
-77
2
98
162
172
187
128
119
118
126
87
15
-18
-58
-89
-188
-283
-413
-577
-758
-978
-1123
-1247
-1312
-1312
-1280
-1153
-1023
-883
-726
-549
-366
-234
-135
-74
2
74
98
116
128
178
260
382
486
541
577
588
596
545
483
357
221
87
-35
-143
-240
-274
-318
-335
-350
-334
-310
-320
-312
-364
-384
-431
-478
-527
-592
-553
-555
-540
-535
-512
-495
-562
-566
-610
-637
-694
-786
-843
-957
-973
-1024
-1070
-1113
-1137
-1108
-1138
-1124
-1145
-1140
-1140
-1134
-1119
-1136
-1121
-1038
-927
-813
-713
-553
-378
-210
-62
28
127
253
357
473
517
552
566
588
635
644
672
611
544
428
311
197
3
-137
-300
-380
-432
-466
-473
-457
-373
-318
-254
-208
-194
-138
-76
21
48
89
171
256
397
499
675
846
1039
1222
1334
1400
1403
1410
1346
1248
1104
959
817
694
573
440
324
248
200
156
125
82
37
20
4
-11
-31
-24
18
84
124
171
202
217
232
232
226
147
58
-43
-118
-180
-281
-378
-499
-544
-612
-644
-715
-780
-818
-864
-893
-981
-1026
-1051
-1052
-1000
-947
-864
-763
-611
-434
-275
-124
1
151
292
438
548
619
736
806
864
891
887
902
884
857
711
549
393
218
50
-172
-322
-461
-493
-475
-463
-436
-405
-324
-257
-199
-166
-120
-30
77
185
249
330
420
573
746
897
1009
1072
1128
1212
1229
1187
1111
1040
971
867
768
656
581
535
474
426
404
394
345
304
245
174
124
54
19
-10
-2
32
77
132
178
243
245
231
188
145
76
-25
-111
-243
-346
-445
-532
-601
-647
-691
-713
-746
-782
-841
-875
-899
-933
-996
-1041
-1036
-990
-903
-813
-673
-515
-311
-120
21
155
274
401
518
603
676
749
847
911
1004
1095
1149
1211
1233
1294
1278
1235
1124
980
845
656
475
275
90
-62
-164
-203
-224
-211
-185
-154
-116
-103
-60
-46
44
141
276
442
592
768
927
1132
1294
1464
1593
1693
1734
1717
1669
1570
1464
1320
1190
1088
986
873
761
671
585
504
406
316
219
97
-7
-138
-221
-287
-310
-313
-303
-253
-194
-113
-61
13
41
57
48
14
-55
-124
-156
-196
-225
-283
-332
-344
-346
-354
-390
-461
-515
-544
-575
-619
-657
-710
-709
-667
-609
-523
-468
-356
-250
-120
-15
92
227
313
423
500
601
684
735
766
792
842
856
895
902
929
948
967
995
934
871
767
711
626
531
443
344
273
222
239
252
277
294
321
366
400
424
435
464
508
560
624
692
776
843
903
963
1010
1051
1064
1071
1036
983
915
814
703
591
494
415
341
294
237
176
139
120
80
43
20
-29
-65
-83
-120
-147
-142
-123
-96
-70
-23
35
77
73
72
47
16
-31
-98
-159
-226
-265
-335
-391
-432
-453
-488
-547
-597
-663
-707
-772
-837
-908
-954
-986
-1026
-1043
-1036
-993
-926
-818
-712
-614
-487
-333
-211
-111
-11
126
241
366
491
576
659
713
760
775
788
805
809
797
771
765
749
745
702
617
525
430
345
254
147
18
-92
-188
-259
-291
-262
-217
-176
-99
-47
2
73
137
203
225
237
238
262
319
391
438
439
424
414
459
507
572
618
632
590
509
438
411
390
361
295
236
214
230
255
242
211
170
113
36
-23
-75
-92
-116
-156
-189
-202
-190
-169
-157
-179
-207
-254
-280
-281
-270
-249
-246
-252
-255
-203
-146
-43
24
67
83
103
142
144
169
206
244
254
249
262
293
380
454
494
496
523
553
588
642
654
652
637
645
682
725
795
834
881
926
919
938
951
922
842
769
726
678
645
624
616
601
579
583
565
565
558
570
545
482
450
415
394
354
353
371
405
461
532
608
665
705
716
722
694
678
667
654
624
598
547
523
511
463
428
353
280
207
138
73
45
1
-52
-97
-116
-129
-146
-129
-126
-102
-60
-33
-29
-21
8
44
79
122
173
246
329
381
413
431
420
414
422
415
378
334
283
215
165
130
131
140
137
119
97
55
15
-37
-118
-193
-283
-317
-347
-341
-333
-324
-296
-260
-196
-166
-123
-107
-99
-93
-103
-101
-118
-105
-73
-17
12
54
118
175
248
288
331
325
331
315
276
253
221
186
140
100
65
42
49
44
16
-26
-51
-73
-111
-175
-247
-320
-395
-415
-455
-487
-472
-447
-428
-398
-380
-354
-332
-318
-288
-294
-267
-233
-192
-140
-86
-26
10
53
103
162
215
250
271
277
291
332
347
320
294
284
272
260
237
226
232
213
198
167
145
112
100
87
86
103
131
148
163
176
152
137
137
140
123
114
82
69
52
46
47
45
60
39
58
77
109
139
172
184
174
157
165
171
157
147
111
85
57
31
8
4
-3
-4
-22
-39
-22
-4
28
48
57
46
38
48
74
109
126
156
167
194
213
239
266
310
366
389
412
425
444
440
426
428
460
473
476
483
480
473
473
465
446
470
475
455
405
344
285
252
238
228
215
210
239
283
320
344
349
349
328
326
350
390
420
418
389
389
418
441
472
470
480
510
521
496
477
465
456
453
468
470
468
484
534
538
503
482
427
380
337
313
293
263
213
207
219
195
155
121
112
128
115
72
20
-78
-150
-204
-240
-276
-308
-316
-291
-260
-258
-247
-242
-244
-249
-261
-260
-230
-202
-191
-148
-135
-111
-89
-61
-3
48
109
149
162
154
131
123
116
100
105
118
165
195
196
217
232
257
271
282
280
274
268
265
201
181
167
147
174
175
209
223
243
272
262
257
247
226
222
215
211
253
264
276
291
288
322
350
407
430
440
459
458
462
431
400
386
378
373
377
370
349
339
356
349
345
337
313
306
289
280
242
220
199
171
166
138
139
159
168
167
136
114
105
94
80
66
68
52
48
8
-14
-9
-30
-32
-40
-47
-68
-87
-90
-98
-92
-78
-62
-68
-86
-73
-24
38
67
69
70
71
81
76
108
141
161
190
206
198
157
152
165
184
186
191
222
237
254
215
215
203
209
227
225
262
280
332
352
376
398
422
466
511
553
562
588
628
644
667
686
688
739
772
803
825
848
866
871
872
873
843
836
851
850
822
800
769
737
714
689
680
660
632
587
535
501
457
384
331
319
299
286
312
312
340
338
334
342
340
363
364
379
369
399
419
415
412
390
427
445
476
483
467
445
418
419
388
375
360
362
332
303
283
235
179
148
141
112
102
72
40
7
-24
-69
-82
-97
-100
-91
-101
-94
-100
-80
-18
30
52
63
71
82
141
229
269
330
352
354
366
392
429
448
484
494
488
508
529
538
547
563
557
561
564
550
548
519
493
489
468
453
420
403
367
370
410
430
449
471
497
483
476
508
548
549
560
539
500
478
485
503
524
539
533
516
495
499
492
459
426
375
343
335
319
312
288
278
293
288
279
270
254
232
195
176
189
167
159
158
126
94
69
72
100
119
132
142
151
125
109
133
167
181
197
214
223
258
279
319
297
269
238
183
179
197
216
215
213
191
178
183
170
194
161
106
98
78
108
127
129
133
157
212
251
319
374
413
422
366
355
336
335
348
345
336
342
356
366
391
386
390
374
332
306
263
248
252
253
234
221
231
271
330
370
371
356
337
331
354
332
319
304
284
279
282
264
251
267
273
288
270
268
266
270
278
304
279
271
281
290
300
292
301
315
318
319
349
361
380
375
368
363
360
353
348
343
334
320
319
317
313
299
268
247
213
199
187
208
235
249
228
222
218
222
206
201
202
209
237
225
226
219
242
266
311
354
402
424
429
439
424
392
377
371
389
406
448
476
512
507
486
435
419
439
436
463
431
413
383
374
328
266
268
267
243
217
159
98
51
9
14
15
8
-19
-36
-36
-69
-81
-64
-62
-34
-33
-47
-69
-30
12
38
64
43
68
115
151
173
175
179
184
198
222
230
219
220
237
241
263
294
300
319
334
323
326
313
295
272
225
217
214
230
209
207
229
240
240
244
235
242
252
233
225
190
195
206
215
231
230
201
180
191
213
225
248
229
245
260
262
287
283
296
317
337
345
343
338
336
319
322
310
316
351
380
369
339
327
290
283
238
215
166
125
93
70
62
49
34
-6
-11
-25
-18
-13
-24
-39
-38
-47
-59
-57
-51
-40
-46
-59
-29
42
55
77
66
49
54
73
112
153
162
152
173
201
240
294
331
306
270
259
234
250
273
296
279
248
231
208
188
185
203
198
193
172
132
129
154
153
119
136
167
189
231
250
273
269
277
298
302
327
347
375
390
407
425
439
483
487
466
457
451
448
462
477
486
483
500
497
500
517
527
521
461
416
386
381
404
395
390
396
369
347
325
314
303
278
258
248
229
228
218
208
188
177
142
134
138
108
91
73
94
95
99
113
121
161
200
222
238
255
268
280
272
244
201
197
201
217
213
213
200
199
202
193
176
135
130
136
117
117
135
150
157
171
205
213
227
257
271
277
285
297
302
308
326
321
366
389
371
362
361
356
320
330
329
316
332
356
376
377
380
382
396
388
379
371
390
377
367
368
374
367
365
364
341
333
318
310
279
266
209
189
167
144
94
70
67
28
0
-4
-26
-62
-53
-80
-104
-137
-125
-122
-99
-108
-136
-165
-200
-230
-256
-245
-236
-236
-215
-184
-154
-153
-158
-166
-164
-131
-134
-133
-136
-147
-151
-142
-124
-122
-81
-53
-36
-18
-28
-29
-6
5
25
20
47
59
65
90
110
114
162
205
215
216
210
196
194
193
163
172
180
150
154
125
121
180
176
161
163
180
164
157
147
139
135
148
156
147
141
142
141
126
147
175
215
203
221
238
249
268
268
302
286
310
329
326
318
313
321
319
325
296
272
247
233
240
232
197
161
144
138
111
77
50
14
-10
2
-29
-33
-47
-59
-67
-84
-89
-118
-86
-35
-24
-41
-75
-84
-80
-91
-71
-57
-35
-2
30
52
59
73
67
55
72
87
88
99
111
107
110
108
109
107
91
68
58
36
20
33
21
-14
-21
-69
-108
-115
-105
-71
-64
-52
-114
-138
-126
-108
-51
-34
-53
-87
-108
-88
-78
-51
-83
-114
-119
-121
-100
-100
-140
-187
-192
-187
-157
-109
-73
-55
-61
-88
-81
-61
-28
-4
-9
-41
-58
-65
-70
-55
-49
-78
-103
-130
-165
-190
-205
-214
-219
-240
-279
-315
-318
-324
-324
-331
-350
-362
-378
-362
-343
-308
-300
-298
-324
-314
-286
-290
-260
-243
-250
-254
-232
-234
-247
-267
-310
-300
-302
-301
-313
-307
-320
-337
-322
-349
-346
-346
-333
-300
-260
-262
-259
-255
-258
-248
-241
-239
-236
-252
-274
-275
-275
-271
-285
-297
-317
-336
-361
-364
-369
-382
-416
-432
-416
-415
-410
-464
-488
-480
-466
-464
-458
-464
-451
-442
-400
-357
-355
-352
-347
-328
-340
-328
-325
-328
-317
-282
-279
-259
-255
-235
-234
-241
-235
-238
-236
-248
-257
-298
-323
-324
-309
-321
-325
-343
-336
-326
-350
-357
-384
-394
-380
-369
-387
-400
-395
-400
-378
-354
-342
-332
-302
-284
-275
-265
-264
-232
-216
-205
-186
-153
-126
-100
-97
-101
-95
-87
-69
-58
-50
-55
-77
-82
-92
-98
-108
-123
-112
-105
-111
-150
-169
-174
-203
-232
-248
-234
-221
-194
-180
-159
-151
-171
-145
-134
-126
-98
-83
-93
-112
-121
-127
-113
-78
-60
-50
-69
-72
-97
-118
-117
-123
-116
-101
-81
-64
-55
-42
-47
-77
-93
-80
-83
-70
-71
-62
-78
-109
-110
-115
-109
-127
-133
-97
-86
-70
-73
-80
-79
-121
-166
-196
-191
-191
-193
-189
-180
-186
-170
-147
-135
-142
-134
-116
-98
-79
-90
-84
-77
-43
-43
-50
-32
-16
-11
3
8
-8
-14
20
45
42
50
58
67
67
66
58
37
24
37
17
7
-7
-10
10
18
-6
-1
-10
-24
-20
-35
-33
-21
-19
-16
13
19
32
31
42
59
76
69
57
59
60
91
94
88
101
99
90
86
80
56
41
6
-20
-4
15
17
-19
-49
-80
-90
-84
-71
-80
-102
-107
-107
-85
-66
-49
-87
-115
-141
-154
-148
-163
-179
-185
-204
-225
-229
-276
-294
-299
-312
-303
-284
-265
-271
-254
-256
-284
-291
-288
-302
-314
-308
-291
-265
-250
-225
-206
-194
-197
-199
-247
-274
-271
-257
-262
-265
-254
-256
-232
-230
-218
-210
-197
-175
-160
-162
-156
-160
-177
-187
-191
-207
-195
-184
-152
-114
-134
-131
-156
-169
-195
-217
-202
-222
-243
-250
-252
-256
-245
-243
-258
-273
-285
-299
-290
-263
-245
-239
-219
-228
-240
-234
-230
-224
-224
-221
-215
-205
-183
-199
-221
-237
-240
-248
-235
-238
-239
-226
-219
-218
-234
-248
-262
-267
-284
-314
-313
-312
-316
-316
-336
-359
-345
-347
-349
-353
-361
-363
-376
-391
-393
-396
-387
-392
-373
-355
-346
-328
-316
-323
-333
-320
-301
-295
-288
-260
-241
-240
-224
-203
-214
-215
-203
-177
-169
-146
-130
-136
-118
-119
-129
-129
-119
-121
-122
-79
-57
-64
-94
-101
-102
-101
-108
-100
-94
-108
-81
-69
-75
-90
-113
-101
-98
-98
-96
-99
-108
-102
-106
-118
-139
-189
-209
-211
-223
-217
-197
-202
-211
-200
-202
-195
-195
-188
-201
-214
-218
-224
-222
-229
-235
-247
-247
-263
-271
-261
-267
-272
-274
-274
-281
-285
-304
-342
-360
-369
-396
-420
-428
-440
-456
-473
-484
-492
-500
-503
-527
-549
-554
-539
-530
-528
-531
-512
-487
-489
-501
-509
-499
-512
-489
-475
-467
-462
-460
-433
-427
-417
-408
-391
-394
-398
-400
-404
-398
-395
-379
-374
-389
-386
-378
-370
-391
-394
-409
-435
-446
-468
-461
-453
-462
-459
-469
-479
-466
-476
-483
-480
-455
-460
-461
-447
-447
-446
-423
-406
-411
-420
-428
-438
-441
-436
-429
-446
-447
-457
-454
-445
-443
-433
-426
-417
-402
-385
-377
-388
-406
-438
-451
-436
-410
-358
-326
-322
-331
-337
-351
-378
-401
-381
-353
-374
-400
-421
-413
-379
-351
-362
-412
-456
-481
-474
-448
-414
-415
-433
-430
-445
-412
-366
-336
-302
-297
-317
-305
-283
-268
-250
-244
-264
-289
-275
-256
-215
-193
-200
-190
-215
-197
-166
-151
-119
-142
-166
-180
-174
-131
-105
-102
-96
-81
-43
-16
7
40
34
26
11
-9
-14
-6
14
35
18
3
15
14
18
41
43
37
19
21
35
58
104
93
81
101
115
152
195
226
218
198
170
160
150
137
137
103
72
54
41
57
59
56
59
30
11
6
18
16
40
55
23
27
25
17
14
12
15
11
26
27
12
6
-11
-20
-54
-70
-71
-72
-73
-74
-73
-82
-72
-77
-94
-98
-101
-125
-131
-133
-131
-120
-94
-77
-99
-104
-129
-145
-164
-147
-137
-149
-173
-179
-179
-175
-175
-190
-191
-189
-177
-173
-170
-170
-178
-190
-213
-213
-229
-252
-252
-266
-278
-272
-265
-277
-281
-285
-282
-295
-293
-274
-276
-278
-311
-353
-367
-365
-376
-388
-386
-391
-403
-399
-403
-396
-394
-405
-413
-424
-416
-402
-415
-409
-395
-389
-368
-348
-328
-316
-300
-304
-320
-336
-335
-339
-334
-324
-324
-324
-328
-323
-330
-353
-352
-359
-373
-373
-387
-401
-420
-419
-411
-405
-397
-385
-355
-363
-372
-364
-359
-333
-322
-327
-335
-338
-339
-338
-331
-314
-295
-268
-242
-242
-239
-225
-215
-225
-229
-236
-241
-238
-229
-225
-231
-215
-217
-210
-196
-208
-211
-237
-237
-223
-233
-239
-251
-252
-247
-253
-247
-244
-237
-235
-250
-271
-301
-312
-310
-302
-271
-267
-266
-244
-217
-221
-211
-210
-207
-179
-174
-156
-155
-144
-130
-141
-120
-134
-128
-116
-127
-122
-121
-125
-127
-124
-111
-119
-117
-95
-95
-84
-51
-46
-79
-98
-116
-121
-117
-114
-117
-104
-102
-106
-83
-90
-83
-84
-97
-82
-66
-60
-40
-36
-52
-60
-47
-20
24
75
95
96
104
101
93
110
108
120
103
98
99
107
128
127
117
73
82
84
80
117
130
115
96
77
93
116
148
132
110
74
46
54
67
86
56
32
18
5
-9
-14
-3
-8
-15
-32
-50
-37
-28
-51
-67
-88
-77
-43
-20
3
5
7
25
22
26
45
55
57
53
49
51
67
58
44
34
19
8
10
13
20
13
1
-15
-39
-55
-70
-51
-58
-80
-88
-109
-104
-99
-98
-105
-114
-149
-171
-171
-185
-178
-201
-212
-221
-220
-223
-218
-223
-236
-235
-222
-223
-225
-208
-213
-190
-185
-176
-175
-159
-146
-150
-144
-141
-135
-131
-128
-128
-150
-164
-190
-200
-212
-236
-230
-243
-248
-255
-276
-281
-287
-314
-337
-346
-343
-337
-330
-313
-298
-307
-304
-302
-290
-301
-303
-288
-295
-285
-282
-286
-292
-296
-314
-324
-304
-284
-267
-236
-229
-258
-280
-278
-274
-262
-253
-257
-248
-249
-248
-282
-280
-276
-290
-281
-278
-268
-255
-238
-245
-268
-273
-272
-249
-257
-247
-227
-232
-217
-201
-188
-195
-210
-211
-211
-211
-228
-258
-271
-252
-239
-247
-252
-264
-269
-267
-266
-266
-292
-288
-297
-298
-283
-275
-256
-251
-242
-244
-236
-239
-242
-234
-237
-236
-223
-221
-231
-237
-240
-240
-233
-240
-243
-239
-252
-268
-294
-311
-309
-311
-308
-304
-315
-313
-304
-305
-298
-316
-336
-366
-364
-336
-347
-343
-334
-345
-364
-362
-356
-359
-357
-360
-353
-348
-338
-326
-326
-332
-332
-325
-325
-312
-307
-308
-300
-298
-297
-305
-297
-292
-291
-273
-281
-275
-266
-261
-240
-262
-258
-249
-256
-257
-251
-266
-280
-285
-289
-291
-294
-287
-306
-330
-339
-334
-346
-352
-342
-340
-358
-368
-369
-378
-389
-384
-372
-392
-390
-392
-413
-419
-415
-447
-470
-446
-449
-460
-474
-485
-490
-477
-445
-444
-452
-447
-448
-467
-473
-469
-494
-504
-480
-473
-476
-480
-471
-472
-478
-472
-471
-461
-457
-455
-465
-469
-458
-445
-449
-466
-491
-521
-538
-541
-511
-492
-489
-507
-541
-554
-525
-479
-447
-434
-443
-468
-485
-487
-482
-472
-468
-481
-505
-528
-526
-515
-530
-548
-552
-549
-540
-541
-529
-526
-530
-524
-526
-517
-527
-535
-554
-556
-553
-554
-515
-492
-502
-510
-527
-560
-560
-543
-530
-525
-538
-567
-602
-615
-586
-573
-554
-552
-542
-531
-507
-477
-467
-462
-470
-449
-434
-404
-372
-344
-331
-333
-335
-330
-313
-305
-296
-304
-309
-324
-330
-341
-335
-331
-348
-354
-365
-369
-351
-347
-350
-356
-358
-354
-347
-315
-295
-290
-283
-261
-263
-253
-251
-250
-260
-256
-249
-277
-276
-284
-287
-275
-279
-298
-309
-276
-248
-233
-242
-252
-266
-267
-258
-246
-236
-231
-212
-216
-241
-238
-235
-224
-220
-234
-237
-236
-214
-215
-224
-214
-205
-176
-174
-172
-176
-164
-156
-148
-147
-123
-124
-137
-115
-118
-114
-122
-105
-80
-62
-76
-88
-97
-104
-91
-78
-72
-77
-88
-108
-107
-103
-101
-75
-74
-77
-91
-93
-88
-87
-86
-88
-77
-83
-77
-71
-56
-60
-62
-57
-70
-59
-34
-38
-50
-42
-39
-54
-61
-52
-58
-70
-69
-69
-87
-86
-75
-82
-87
-97
-104
-135
-135
-141
-146
-143
-133
-131
-129
-118
-133
-132
-125
-119
-134
-126
-124
-128
-114
-104
-92
-81
-68
-59
-47
-42
-47
-52
-59
-47
-51
-52
-56
-54
-58
-59
-25
-26
-22
-24
-23
-19
-31
-33
-32
-50
-41
-25
-20
-13
-19
-8
-6
-28
-35
-27
-6
0
-7
-1
16
13
14
11
8
8
8
13
23
32
35
48
45
41
23
24
22
15
6
17
25
17
26
35
19
29
46
45
39
17
0
-9
-24
-29
-27
-16
-23
-44
-60
-87
-101
-97
-112
-121
-113
-104
-88
-86
-95
-97
-99
-96
-88
-102
-98
-91
-109
-118
-122
-114
-92
-63
-46
-33
-34
-46
-38
-29
-4
16
7
-12
-33
-39
-46
-28
-47
-62
-71
-72
-82
-72
-50
-55
-72
-107
-112
-67
-43
-32
-23
-57
-79
-90
-78
-67
-65
-62
-63
-65
-76
-97
-118
-118
-106
-92
-79
-79
-68
-58
-66
-93
-120
-133
-118
-94
-69
-51
-43
-52
-36
-12
-17
-21
-30
-32
-22
-5
-9
-4
-12
-20
-24
-35
-32
-30
-4
5
19
28
7
11
10
25
39
36
32
56
71
86
103
107
98
68
61
51
49
30
26
24
10
20
26
14
6
-3
-12
2
9
31
42
39
49
52
59
67
70
74
80
81
80
76
90
85
77
71
61
39
40
65
60
73
78
65
64
42
24
16
9
5
18
28
50
60
44
52
54
58
42
33
31
26
31
18
20
22
21
27
19
26
38
55
72
60
60
58
55
54
47
66
74
78
74
60
43
33
39
36
42
44
57
57
55
62
50
48
45
33
21
15
-1
-10
-6
5
-7
-15
-28
-31
-25
-29
-35
-41
-41
-38
-40
-38
-25
-31
-36
-47
-28
-15
-12
13
2
-15
-27
-30
-42
-44
-25
-27
-22
-24
-24
-38
-36
-39
-53
-56
-42
-33
-34
-23
-29
-36
-42
-57
-68
-73
-76
-70
-66
-68
-75
-72
-74
-84
-77
-71
-68
-84
-94
-94
-99
-106
-110
-102
-87
-68
-68
-62
-67
-81
-95
-103
-78
-66
-68
-70
-81
-80
-78
-78
-89
-93
-107
-114
-119
-135
-144
-162
-169
-163
-158
-151
-149
-151
-165
-162
-155
-147
-142
-143
-150
-137
-120
-115
-114
-114
-130
-146
-141
-128
-128
-138
-143
-138
-117
-123
-119
-115
-106
-100
-108
-120
-122
-132
-125
-87
-79
-74
-73
-96
-109
-92
-87
-89
-80
-72
-81
-81
-87
-99
-98
-78
-70
-72
-55
-56
-75
-78
-65
-73
-72
-49
-20
-7
14
35
18
-10
-3
18
39
53
46
36
25
31
68
78
54
30
6
-22
9
29
47
62
34
14
7
24
59
67
72
65
42
51
77
101
104
100
72
50
60
69
83
82
65
53
44
52
58
79
89
74
50
50
75
108
118
93
78
59
47
71
110
106
93
83
72
59
51
48
58
68
44
12
-9
-12
21
52
62
43
7
6
42
60
63
58
46
27
37
69
84
82
71
56
43
41
38
29
-9
-40
-55
-64
-60
-60
-58
-69
-92
-133
-128
-117
-90
-72
-62
-55
-76
-101
-104
-107
-117
-131
-131
-120
-111
-95
-102
-116
-142
-160
-182
-195
-200
-211
-211
-212
-219
-229
-222
-208
-207
-219
-250
-280
-288
-280
-266
-255
-270
-275
-282
-300
-302
-298
-300
-317
-326
-339
-339
-332
-342
-343
-347
-350
-349
-339
-324
-327
-326
-327
-317
-312
-299
-296
-300
-299
-311
-312
-316
-319
-309
-302
-294
-299
-318
-319
-311
-298
-289
-288
-282
-276
-266
-254
-254
-230
-232
-235
-230
-226
-222
-228
-223
-225
-226
-231
-210
-193
-171
-157
-166
-163
-146
-119
-95
-94
-115
-131
-156
-175
-174
-193
-211
-203
-189
-174
-166
-158
-168
-177
-200
-209
-207
-218
-218
-215
-216
-229
-238
-233
-235
-236
-226
-220
-221
-226
-215
-207
-190
-174
-169
-182
-204
-196
-177
-157
-154
-143
-124
-110
-96
-98
-98
-99
-128
-142
-153
-162
-170
-170
-170
-161
-164
-180
-188
-196
-198
-196
-164
-152
-152
-146
-141
-117
-113
-110
-111
-110
-86
-90
-101
-98
-108
-110
-112
-106
-92
-79
-88
-77
-62
-65
-61
-59
-72
-90
-105
-114
-105
-95
-111
-113
-112
-110
-108
-116
-119
-117
-114
-118
-120
-125
-116
-131
-150
-159
-168
-177
-186
-189
-204
-218
-225
-242
-253
-240
-234
-222
-219
-219
-190
-175
-171
-187
-199
-198
-187
-188
-188
-168
-165
-176
-183
-174
-159
-148
-145
-143
-137
-153
-167
-153
-160
-169
-197
-211
-216
-217
-211
-218
-231
-266
-279
-283
-271
-266
-271
-275
-292
-287
-265
-234
-209
-206
-228
-240
-245
-248
-245
-235
-227
-238
-241
-236
-250
-259
-275
-273
-264
-280
-284
-286
-281
-295
-291
-290
-299
-289
-280
-266
-281
-277
-272
-270
-250
-257
-263
-278
-286
-282
-283
-274
-267
-264
-272
-277
-276
-282
-291
-278
-260
-251
-238
-222
-215
-208
-188
-178
-165
-154
-136
-109
-90
-78
-75
-65
-72
-62
-69
-72
-78
-93
-83
-88
-79
-79
-69
-74
-85
-70
-47
-30
-6
12
23
48
66
85
107
121
130
148
163
175
185
192
206
214
202
186
167
171
186
199
201
197
188
182
188
202
221
231
233
231
237
241
230
233
253
248
236
241
238
238
227
217
210
210
216
217
225
238
245
224
212
197
203
208
212
227
235
227
224
222
223
228
226
235
238
257
266
271
272
280
274
283
288
279
267
249
254
249
251
251
241
229
222
212
206
206
195
191
178
186
190
171
159
154
161
157
136
141
142
149
158
172
164
159
154
131
130
125
114
125
136
142
135
134
118
101
104
108
113
119
122
122
114
113
102
79
74
58
48
41
42
48
50
59
73
83
103
106
116
130
128
132
140
154
146
148
160
169
192
186
170
162
143
148
139
141
143
143
143
138
146
141
130
115
119
128
125
127
128
120
114
100
100
84
77
71
77
83
80
74
60
57
41
33
28
26
26
20
24
10
6
14
-1
3
5
14
18
27
15
3
12
6
2
17
11
-10
-10
8
10
-15
1
-4
-19
-18
4
-13
-22
-12
-29
-24
-9
-24
-55
-53
-26
-42
-44
-27
-39
-45
-40
-47
-65
-53
-29
-24
-15
-21
-29
-48
-68
-73
-61
-51
-67
-77
-94
-95
-86
-71
-64
-92
-139
-184
-194
-166
-149
-145
-180
-217
-214
-188
-154
-133
-126
-120
-118
-126
-115
-106
-109
-110
-134
-166
-185
-186
-164
-124
-138
-169
-185
-196
-168
-159
-157
-170
-197
-211
-211
-197
-182
-191
-198
-195
-192
-188
-172
-132
-111
-132
-152
-163
-176
-168
-142
-120
-105
-128
-159
-160
-133
-101
-72
-73
-87
-100
-88
-44
-15
-8
-19
-44
-47
-30
7
17
15
6
-12
-35
-48
-59
-73
-81
-120
-128
-126
-110
-112
-112
-109
-137
-138
-128
-104
-86
-83
-95
-110
-110
-109
-90
-77
-63
-47
-53
-53
-34
-14
0
6
-4
-11
-21
-31
-13
-3
7
7
-1
-12
-14
-9
2
-4
-26
-47
-55
-44
-26
-14
-10
-6
-11
-18
-22
-54
-58
-56
-61
-74
-83
-68
-56
-34
-31
-44
-37
-31
-30
-19
-30
-38
-36
-39
-43
-55
-63
-77
-77
-80
-73
-57
-71
-74
-65
-77
-70
-49
-53
-34
-33
-19
-18
-32
-27
-13
-11
-1
-15
-29
-18
-17
-9
0
-1
1
-4
-9
-6
-11
-25
-44
-42
-41
-23
-23
-28
-14
-15
-19
-27
-32
-35
-54
-62
-55
-44
-16
-8
-8
10
3
-9
-23
-40
-51
-41
-38
-49
-60
-67
-86
-99
-114
-126
-136
-138
-133
-152
-149
-146
-150
-148
-155
-149
-142
-127
-132
-133
-142
-150
-161
-162
-167
-164
-168
-170
-161
-163
-150
-140
-151
-167
-173
-189
-197
-198
-186
-187
-198
-205
-195
-185
-184
-190
-194
-195
-190
-190
-181
-177
-185
-193
-204
-216
-230
-237
-238
-225
-216
-195
-177
-186
-184
-175
-184
-171
-162
-150
-145
-159
-151
-147
-148
-154
-159
-148
-147
-157
-177
-190
-201
-208
-228
-237
-244
-252
-233
-227
-216
-220
-229
-252
-281
-294
-298
-293
-276
-283
-304
-294
-298
-303
-283
-289
-308
-313
-315
-303
-296
-294
-301
-316
-328
-307
-276
-246
-230
-234
-232
-240
-239
-227
-225
-231
-242
-285
-312
-321
-312
-299
-315
-353
-381
-410
-432
-408
-379
-367
-365
-377
-385
-377
-345
-340
-354
-372
-384
-377
-365
-358
-361
-367
-374
-382
-403
-413
-409
-402
-392
-389
-414
-440
-440
-446
-456
-470
-472
-473
-462
-447
-444
-434
-436
-428
-408
-400
-407
-419
-434
-426
-413
-423
-441
-464
-475
-476
-471
-481
-483
-488
-503
-501
-499
-494
-485
-494
-493
-495
-494
-466
-440
-437
-414
-391
-382
-375
-387
-388
-394
-408
-412
-418
-437
-440
-452
-463
-467
-473
-465
-457
-439
-432
-425
-413
-419
-406
-386
-381
-369
-374
-375
-373
-357
-355
-358
-363
-357
-354
-346
-353
-363
-358
-353
-338
-330
-328
-326
-324
-308
-305
-315
-309
-332
-349
-364
-350
-325
-312
-318
-316
-319
-315
-301
-297
-295
-284
-258
-264
-265
-272
-265
-255
-256
-256
-271
-282
-264
-255
-249
-253
-257
-249
-244
-242
-230
-228
-246
-236
-239
-237
-230
-220
-240
-251
-240
-231
-229
-229
-233
-230
-216
-209
-201
-193
-194
-189
-184
-186
-181
-167
-158
-146
-142
-131
-112
-104
-95
-102
-99
-91
-97
-90
-77
-69
-76
-74
-54
-49
-54
-64
-67
-54
-47
-25
-15
-8
3
6
-4
-22
-37
-42
-33
-18
-11
-3
-1
-4
-7
-11
-9
-10
6
2
-2
-7
-12
-14
-14
0
-7
2
11
24
27
34
47
66
73
80
84
107
120
131
142
146
151
130
121
110
121
128
135
134
127
130
114
99
104
133
161
173
198
206
202
211
215
221
224
222
207
196
207
200
206
203
197
199
204
219
217
212
204
209
205
220
236
246
251
243
254
253
254
248
255
255
247
246
254
272
274
294
277
256
255
241
242
254
256
257
248
241
222
213
218
204
210
210
203
214
240
237
220
232
240
256
262
271
269
268
261
274
281
291
308
312
326
305
286
281
281
300
298
274
261
250
264
281
299
298
271
237
227
234
259
309
304
285
270
294
324
350
362
355
353
354
361
360
364
360
366
345
347
346
329
335
337
348
348
334
326
336
334
338
337
350
369
366
375
369
368
363
366
385
383
371
359
360
376
389
375
363
355
343
336
354
358
339
325
330
340
373
398
391
397
387
384
408
428
422
426
431
453
470
474
482
448
442
430
412
398
398
397
391
391
373
368
361
369
386
393
397
392
374
378
382
376
382
382
400
391
400
402
380
369
379
380
369
353
337
336
327
332
324
303
300
295
300
309
296
277
254
241
248
277
289
279
277
281
285
303
317
332
329
320
313
319
328
323
340
346
356
368
365
379
388
385
394
380
371
376
383
369
371
382
389
390
397
397
398
414
400
391
383
389
393
396
406
407
397
379
388
391
406
421
423
428
430
434
435
436
437
440
431
418
427
427
436
430
410
398
410
430
445
450
417
413
397
396
387
391
411
414
421
409
415
406
395
384
384
373
380
387
393
397
400
393
369
372
372
366
347
333
326
308
307
310
311
323
322
315
313
317
306
312
337
344
343
338
345
340
323
326
318
308
296
286
284
277
258
248
237
231
230
216
211
211
219
213
211
213
198
183
173
158
158
145
132
118
102
91
88
101
88
97
104
108
95
94
102
110
114
98
79
70
77
84
94
87
81
71
75
78
85
82
76
82
78
76
78
82
77
67
66
84
87
85
98
91
74
75
70
67
94
99
94
118
132
137
127
133
139
134
146
147
148
146
137
129
126
120
117
130
154
180
186
179
170
163
171
189
199
180
166
139
132
157
161
159
136
110
90
99
127
150
166
159
166
169
193
225
241
260
251
248
250
256
253
243
236
229
223
212
232
242
230
227
214
203
199
195
220
215
215
214
219
231
217
213
209
219
229
233
221
211
201
199
210
211
202
184
184
183
181
181
174
145
131
127
147
173
183
186
173
170
178
188
201
206
215
229
230
233
235
240
220
200
190
179
160
162
145
125
120
102
75
62
65
74
87
92
121
135
153
159
159
165
170
186
188
190
198
193
187
177
168
183
188
195
196
212
215
204
214
209
199
189
189
208
218
200
198
200
198
206
218
234
232
231
239
247
242
245
257
267
280
286
277
273
262
278
299
296
293
288
275
270
267
268
280
280
308
317
318
321
313
317
310
314
309
285
286
287
291
282
272
276
268
256
245
247
249
245
255
257
263
268
278
280
279
295
307
336
338
333
339
346
368
376
389
403
399
392
382
373
369
364
355
348
354
359
363
374
386
393
397
403
405
384
374
383
372
362
356
353
373
381
389
409
412
411
402
393
386
396
404
402
406
413
426
420
417
425
440
457
483
503
517
522
515
514
540
544
541
538
524
525
510
511
505
514
527
519
513
502
509
508
518
537
549
547
545
537
537
540
530
519
498
497
486
476
480
480
484
476
481
489
496
500
496
488
467
470
456
460
456
440
423
432
435
433
428
423
417
411
414
409
415
418
407
394
387
387
391
397
402
400
390
380
357
337
337
334
329
317
317
321
329
313
288
292
288
294
297
296
303
297
285
291
295
303
324
330
319
304
291
271
264
268
276
273
255
249
242
250
262
256
243
204
183
171
179
204
212
212
211
214
217
226
230
228
234
227
220
226
232
230
220
203
190
191
171
185
210
212
192
159
141
149
169
170
168
154
157
152
151
160
156
163
162
191
196
189
170
154
144
156
163
143
125
96
116
148
165
175
158
146
180
195
207
208
187
175
201
214
213
223
217
214
209
230
225
226
232
225
208
189
177
163
152
132
136
118
98
111
119
121
116
105
101
100
111
125
132
151
161
156
168
196
182
161
175
191
191
184
172
155
165
177
185
201
176
184
201
218
225
213
194
173
180
181
182
200
200
184
193
213
216
209
202
195
168
162
175
179
200
217
209
184
189
217
220
228
234
238
239
228
236
262
279
260
250
251
243
240
256
284
305
309
296
291
280
288
304
295
289
273
265
267
274
285
292
295
305
287
289
308
310
303
291
313
301
299
318
331
342
336
330
335
361
375
365
355
348
330
340
332
336
344
343
361
367
358
355
375
383
391
367
365
379
384
368
352
346
357
364
348
352
343
325
323
323
317
333
330
329
342
343
341
354
377
401
424
440
466
458
452
464
485
487
491
513
518
512
534
542
547
548
557
539
538
552
543
568
592
591
599
614
600
581
575
553
551
556
553
562
568
559
561
565
554
545
535
540
540
535
538
541
530
523
529
527
537
537
536
535
536
525
522
530
524
509
499
515
506
497
495
463
431
407
397
416
435
428
407
395
377
362
363
362
361
360
381
396
387
385
377
338
341
367
367
359
374
366
