-145
-154
-155
-151
-145
-153
-150
-165
-169
-167
-176
-199
-218
-220
-217
-211
-202
-201
-210
-183
-172
-172
-174
-180
-190
-183
-167
-156
-149
-151
-161
-177
-176
-166
-168
-165
-158
-166
-170
-182
-192
-203
-206
-205
-200
-214
-220
-215
-229
-231
-238
-246
-250
-249
-243
-231
-224
-223
-228
-226
-216
-204
-213
-215
-213
-213
-212
-209
-207
-193
-182
-185
-186
-185
-174
-186
-188
-187
-188
-176
-194
-196
-200
-210
-213
-226
-232
-232
-229
-233
-239
-249
-244
-256
-256
-261
-274
-263
-255
-244
-252
-263
-278
-292
-299
-304
-317
-319
-316
-310
-299
-297
-296
-290
-279
-274
-263
-270
-263
-247
-251
-255
-257
-237
-232
-236
-239
-252
-267
-278
-277
-277
-272
-266
-290
-313
-321
-323
-320
-325
-331
-331
-325
-324
-325
-323
-330
-331
-324
-322
-313
-307
-312
-316
-320
-308
-300
-306
-295
-294
-299
-306
-316
-342
-345
-355
-367
-368
-374
-368
-361
-343
-343
-357
-368
-380
-391
-381
-378
-378
-378
-403
-422
-427
-410
-392
-368
-361
-351
-364
-370
-360
-350
-339
-348
-360
-372
-370
-383
-389
-402
-401
-402
-407
-419
-433
-435
-430
-431
-440
-443
-446
-452
-440
-425
-411
-412
-412
-398
-404
-406
-411
-432
-417
-404
-409
-416
-433
-444
-454
-440
-444
-455
-477
-495
-490
-463
-439
-426
-416
-440
-438
-426
-422
-409
-413
-417
-419
-416
-395
-381
-383
-394
-402
-408
-425
-439
-442
-431
-437
-434
-442
-461
-490
-506
-493
-497
-496
-500
-479
-474
-475
-463
-449
-450
-448
-434
-435
-433
-441
-443
-439
-421
-416
-430
-422
-420
-419
-428
-437
-454
-481
-477
-463
-462
-464
-459
-464
-459
-456
-465
-476
-499
-516
-525
-511
-499
-506
-512
-515
-511
-516
-516
-508
-516
-536
-529
-527
-515
-513
-528
-534
-529
-535
-559
-548
-542
-529
-526
-525
-516
-513
-517
-520
-514
-526
-526
-532
-554
-563
-577
-576
-571
-574
-578
-600
-592
-584
-585
-593
-598
-609
-600
-592
-582
-583
-600
-601
-627
-622
-628
-643
-657
-654
-648
-632
-621
-612
-609
-626
-635
-638
-624
-618
-612
-604
-587
-571
-562
-571
-577
-589
-581
-560
-561
-559
-554
-562
-573
-569
-569
-575
-551
-554
-554
-560
-545
-538
-557
-553
-547
-549
-547
-544
-557
-551
-560
-558
-558
-550
-546
-551
-555
-548
-548
-548
-525
-522
-524
-530
-517
-513
-504
-504
-512
-496
-498
-502
-488
-490
-508
-511
-501
-499
-490
-499
-498
-483
-481
-478
-471
-465
-466
-456
-462
-458
-454
-455
-448
-460
-455
-469
-475
-459
-449
-448
-436
-422
-410
-429
-441
-430
-427
-427
-411
-396
-398
-388
-378
-377
-373
-374
-379
-383
-364
-357
-362
-360
-375
-388
-400
-404
-400
-404
-402
-399
-413
-424
-433
-436
-442
-436
-435
-434
-436
-431
-438
-438
-423
-421
-416
-402
-412
-416
-414
-402
-392
-390
-386
-381
-384
-387
-392
-412
-426
-426
-413
-414
-434
-446
-436
-426
-408
-407
-427
-443
-457
-455
-448
-447
-434
-451
-483
-496
-502
-482
-450
-430
-431
-444
-441
-436
-416
-414
-414
-414
-421
-424
-421
-435
-429
-432
-436
-438
-455
-461
-446
-454
-451
-462
-479
-469
-456
-420
-415
-410
-418
-403
-389
-382
-387
-396
-393
-397
-389
-395
-404
-404
-403
-385
-366
-374
-392
-402
-417
-393
-377
-372
-364
-366
-356
-334
-314
-315
-332
-357
-349
-333
-304
-274
-279
-299
-300
-294
-287
-284
-297
-309
-307
-297
-296
-287
-291
-298
-304
-316
-302
-291
-275
-254
-238
-229
-223
-223
-207
-199
-195
-209
-218
-214
-201
-181
-184
-198
-206
-194
-192
-190
-195
-202
-198
-182
-168
-169
-170
-174
-179
-179
-175
-163
-165
-175
-187
-186
-174
-148
-125
-125
-125
-126
-128
-121
-140
-148
-135
-120
-98
-92
-90
-103
-100
-77
-60
-38
-31
-32
-25
-22
-13
-5
-14
-30
-19
2
24
29
31
39
36
37
48
70
75
94
121
139
135
133
131
133
123
121
136
151
165
167
157
148
152
164
177
187
186
181
196
213
225
223
221
216
233
246
246
251
267
278
273
271
281
277
293
318
329
339
348
358
352
352
347
347
351
348
356
364
373
394
409
416
425
427
424
427
410
410
417
434
445
442
441
445
458
463
479
483
477
491
515
524
534
541
552
560
567
581
574
553
542
541
535
529
528
540
545
558
561
557
568
566
578
586
583
583
579
573
580
593
595
573
566
563
559
553
542
536
531
539
554
566
571
584
577
583
597
613
620
625
618
621
625
625
639
653
651
653
670
667
666
657
660
651
657
650
636
634
634
632
638
632
623
618
614
617
609
594
573
581
577
565
553
540
554
561
587
612
629
638
637
639
633
628
632
634
623
617
616
610
604
604
609
600
599
584
568
556
574
596
595
572
549
553
554
572
568
563
551
545
555
568
577
584
577
577
569
566
567
578
576
563
555
552
543
527
525
522
536
541
544
538
539
550
568
582
590
597
608
607
594
585
578
572
569
580
584
583
562
560
575
590
604
582
570
553
559
581
583
596
602
604
601
599
595
599
599
613
631
644
649
644
639
637
650
658
670
671
674
677
677
667
652
636
624
623
623
633
616
623
630
636
650
642
655
668
674
671
675
681
688
703
714
716
733
730
721
723
706
685
671
662
649
642
648
658
659
655
648
649
650
632
620
592
590
602
615
639
652
648
628
612
603
601
588
579
569
586
602
613
601
601
606
615
620
607
603
600
607
602
605
582
569
567
576
589
590
598
582
565
567
541
532
539
542
545
551
547
536
532
519
505
505
510
508
504
516
508
496
483
464
448
439
442
432
426
415
417
414
430
430
415
408
414
435
445
456
448
443
440
435
431
428
431
435
439
442
426
427
417
414
410
409
404
389
374
372
384
376
379
372
354
344
341
354
344
342
341
334
329
341
351
351
359
344
330
326
343
347
342
330
327
331
311
306
302
300
279
270
267
281
289
279
277
272
262
278
281
291
295
298
296
290
292
278
272
265
273
288
286
285
260
249
248
251
241
234
238
241
247
257
261
271
282
264
280
275
291
308
308
316
303
291
271
283
288
281
255
248
244
233
229
226
238
239
236
248
252
258
276
281
291
291
280
273
292
287
263
260
263
275
285
281
260
241
231
259
272
284
281
273
269
266
253
235
240
245
256
238
220
213
211
219
226
196
177
141
151
175
193
218
194
180
153
147
168
193
207
215
202
202
201
200
212
213
214
203
182
177
176
187
188
183
185
167
165
159
151
166
170
164
168
161
159
188
203
223
227
237
241
225
231
217
222
246
233
215
208
209
221
234
229
215
190
166
176
188
199
182
174
168
172
192
201
201
194
184
202
212
215
216
203
185
173
184
181
186
180
168
150
134
132
127
121
114
100
100
95
97
99
117
117
107
111
118
113
125
129
138
138
140
155
139
148
140
143
139
138
123
100
95
93
98
94
115
113
122
126
125
122
119
98
79
79
70
83
106
108
84
94
87
83
63
58
49
49
62
78
100
89
89
88
101
100
109
95
99
91
102
102
109
110
104
104
114
133
126
131
121
113
111
110
117
115
122
116
118
119
104
102
101
104
110
128
137
139
127
110
93
92
95
79
87
101
102
109
113
105
101
97
117
132
138
161
175
195
207
205
200
190
172
164
185
196
208
214
199
194
178
176
175
173
177
171
163
159
145
139
126
129
121
107
107
103
100
103
113
112
104
88
105
96
101
109
87
88
90
110
110
110
119
121
130
124
114
120
121
120
123
125
129
132
125
117
114
116
106
113
108
118
138
135
131
115
117
122
132
132
122
119
106
97
106
92
99
94
97
111
107
116
112
102
97
118
123
135
132
138
139
147
142
146
164
155
143
116
106
105
122
115
132
127
110
98
98
91
82
86
84
68
52
43
36
39
31
35
30
51
76
69
62
48
42
57
78
96
105
102
107
97
95
92
79
77
79
71
68
54
70
84
101
113
79
48
31
53
91
104
96
56
23
36
49
69
79
80
75
61
66
69
67
58
52
36
34
29
21
15
2
13
-16
-34
-37
-74
-73
-60
-49
-51
-59
-70
-65
-40
-31
-6
-2
1
-1
1
-7
-30
-61
-52
-42
-33
-46
-77
-92
-91
-81
-69
-82
-112
-112
-117
-92
-73
-66
-67
-65
-60
-38
-33
-30
-41
-46
-39
-26
-20
-35
-54
-63
-40
-24
-18
-23
-26
-27
-25
-23
-30
-50
-62
-61
-52
-55
-59
-63
-58
-50
-41
-59
-54
-44
-22
4
7
4
-13
-10
-10
2
5
-7
7
18
24
28
23
12
-2
4
19
38
55
53
57
58
39
35
18
-6
-13
-13
4
11
15
13
3
-5
-19
-38
-46
-55
-60
-45
-23
-22
-19
-22
-26
-26
-10
0
-11
2
6
7
3
-16
2
14
22
31
17
23
25
19
1
0
-4
-11
-7
2
13
12
11
-7
-9
-3
0
-20
7
10
19
20
9
10
-7
-36
-58
-64
-73
-75
-77
-70
-64
-60
-65
-64
-90
-94
-91
-71
-55
-44
-52
-61
-66
-77
-73
-71
-66
-66
-72
-79
-91
-97
-115
-111
-109
-106
-101
-115
-112
-126
-134
-147
-155
-153
-152
-145
-150
-137
-121
-111
-125
-137
-121
-106
-102
-120
-134
-131
-136
-139
-133
-127
-126
-123
-110
-105
-101
-96
-95
-81
-73
-64
-58
-56
-56
-63
-70
-62
-70
-65
-54
-53
-72
-92
-105
-112
-116
-113
-108
-116
-106
-116
-123
-117
-114
-134
-145
-153
-157
-145
-136
-130
-149
-148
-148
-155
-158
-169
-156
-150
-135
-121
-122
-121
-111
-105
-108
-105
-105
-113
-118
-114
-117
-113
-124
-126
-141
-139
-148
-155
-156
-162
-175
-180
-179
-170
-155
-153
-155
-158
-149
-143
-142
-159
-143
-124
-107
-97
-89
-71
-74
-67
-69
-78
-94
-104
-121
-126
-129
-131
-147
-158
-149
-126
-125
-138
-179
-196
-195
-181
-156
-143
-151
-173
-179
-187
-154
-139
-132
-141
-156
-153
-152
-134
-125
-133
-134
-153
-156
-144
-127
-120
-120
-124
-138
-152
-169
-180
-175
-158
-156
-158
-170
-176
-178
-174
-150
-131
-112
-104
-111
-104
-135
-147
-149
-148
-142
-142
-145
-153
-142
-145
-133
-139
-160
-187
-192
-171
-145
-127
-115
-127
-122
-110
-96
-87
-97
-106
-98
-78
-66
-54
-64
-70
-72
-69
-77
-88
-94
-95
-97
-106
-126
-127
-138
-133
-121
-132
-138
-151
-152
-145
-135
-130
-126
-127
-112
-86
-78
-76
-85
-90
-90
-78
-90
-105
-93
-74
-61
-63
-63
-78
-90
-90
-78
-52
-35
-27
-10
-21
-33
-39
-50
-72
-78
-71
-68
-58
-49
-39
-44
-61
-61
-62
-54
-54
-61
-60
-57
-54
-54
-57
-65
-57
-41
-37
-39
-38
-45
-41
-47
-50
-65
-70
-49
-51
-40
-49
-59
-76
-93
-103
-118
-122
-126
-129
-124
-115
-111
-92
-109
-108
-118
-128
-113
-117
-113
-109
-107
-124
-124
-142
-151
-155
-151
-128
-132
-133
-134
-129
-128
-122
-123
-124
-116
-110
-96
-95
-88
-99
-106
-122
-120
-109
-100
-76
-71
-64
-74
-110
-111
-109
-111
-106
-112
-128
-132
-127
-118
-120
-137
-143
-156
-146
-137
-127
-127
-124
-112
-115
-115
-111
-106
-96
-104
-108
-122
-115
-102
-101
-87
-84
-74
-75
-85
-91
-83
-81
-84
-84
-88
-92
-87
-78
-75
-90
-89
-76
-69
-65
-67
-71
-72
-69
-64
-64
-62
-57
-59
-49
-59
-72
-87
-94
-107
-114
-114
-114
-107
-103
-95
-96
-91
-108
-111
-124
-124
-103
-85
-78
-89
-98
-100
-100
-101
-82
-81
-68
-74
-69
-59
-56
-46
-63
-66
-68
-83
-104
-110
-108
-117
-128
-147
-141
-146
-159
-152
-167
-153
-153
-150
-156
-172
-190
-182
-159
-137
-134
-139
-141
-142
-144
-153
-155
-173
-173
-192
-191
-204
-214
-213
-205
-179
-177
-198
-236
-256
-254
-215
-185
-171
-198
-229
-223
-227
-205
-181
-174
-178
-175
-176
-170
-173
-181
-193
-202
-214
-216
-229
-220
-217
-204
-204
-217
-246
-274
-264
-267
-242
-249
-272
-279
-288
-284
-281
-266
-242
-244
-231
-233
-248
-261
-274
-274
-270
-265
-283
-292
-303
-295
-286
-275
-293
-330
-346
-345
-318
-311
-300
-313
-313
-304
-302
-295
-288
-307
-322
-305
-292
-284
-297
-310
-337
-320
-332
-335
-337
-367
-371
-399
-413
-432
-454
-472
-465
-443
-445
-458
-453
-448
-442
-430
-423
-414
-411
-397
-386
-383
-385
-394
-387
-379
-375
-379
-382
-374
-365
-373
-371
-371
-388
-397
-400
-383
-363
-356
-355
-358
-357
-369
-391
-401
-409
-412
-423
-416
-411
-403
-406
-416
-423
-431
-434
-453
-452
-455
-439
-423
-435
-443
-442
-437
-428
-420
-407
-408
-416
-421
-416
-427
-434
-432
-432
-416
-407
-414
-434
-445
-457
-456
-445
-443
-435
-420
-403
-400
-408
-442
-467
-462
-463
-450
-432
-439
-438
-441
-438
-432
-440
-438
-451
-462
-460
-447
-444
-448
-446
-437
-434
-436
-445
-453
-449
-427
-400
-375
-354
-347
-350
-356
-356
-353
-331
-325
-327
-326
-328
-330
-347
-360
-364
-371
-380
-379
-385
-387
-377
-373
-368
-364
-371
-369
-368
-374
-369
-383
-384
-387
-378
-367
-365
-350
-360
-354
-358
-345
-336
-326
-298
-289
-280
-288
-292
-292
-301
-289
-285
-273
-268
-266
-278
-284
-278
-276
-270
-258
-237
-227
-213
-210
-218
-234
-235
-247
-242
-222
-216
-226
-230
-231
-246
-241
-245
-247
-250
-253
-258
-247
-247
-244
-241
-247
-241
-243
-233
-219
-213
-205
-211
-223
-209
-212
-218
-213
-223
-235
-233
-235
-235
-239
-242
-245
-258
-269
-270
-258
-252
-249
-250
-254
-266
-271
-273
-284
-293
-302
-293
-281
-282
-274
-279
-284
-289
-282
-262
-247
-235
-225
-224
-239
-256
-273
-298
-324
-305
-303
-294
-303
-305
-291
-292
-297
-309
-326
-339
-306
-258
-238
-263
-268
-290
-302
-282
-294
-277
-260
-270
-250
-247
-243
-238
-231
-229
-232
-252
-250
-243
-250
-250
-264
-264
-278
-276
-293
-287
-280
-273
-259
-256
-280
-289
-269
-235
-213
-212
-198
-193
-192
-209
-214
-233
-226
-206
-206
-216
-239
-257
-254
-223
-198
-210
-236
-250
-261
-251
-215
-193
-184
-176
-175
-168
-151
-136
-135
-118
-111
-100
-90
-95
-101
-111
-114
-115
-119
-140
-152
-149
-147
-149
-152
-165
-181
-177
-180
-167
-168
-169
-159
-161
-148
-152
-164
-163
-143
-139
-129
-132
-144
-134
-131
-133
-122
-135
-126
-120
-131
-128
-122
-126
-142
-145
-138
-134
-142
-138
-145
-147
-131
-135
-145
-175
-187
-189
-180
-157
-136
-135
-139
-137
-148
-155
-164
-172
-167
-149
-119
-111
-106
-98
-95
-88
-89
-89
-96
-95
-90
-83
-80
-83
-75
-71
-73
-57
-45
-40
-52
-60
-73
-84
-71
-63
-62
-67
-76
-76
-84
-86
-90
-91
-89
-88
-73
-62
-55
-62
-62
-65
-73
-87
-104
-108
-104
-98
-87
-82
-77
-82
-93
-91
-99
-95
-83
-67
-51
-33
-41
-53
-41
-38
-41
-35
-29
-7
-1
-8
-9
-10
-16
-23
-37
-53
-67
-71
-80
-94
-94
-103
-95
-100
-103
-105
-108
-111
-121
-125
-117
-112
-109
-95
-100
-98
-92
-93
-93
-93
-89
-81
-81
-64
-62
-66
-66
-65
-65
-63
-58
-61
-56
-66
-69
-71
-74
-72
-71
-63
-59
-54
-53
-60
-70
-82
-86
-93
-90
-91
-95
-87
-95
-102
-102
-120
-127
-119
-119
-122
-111
-103
-84
-94
-83
-81
-76
-66
-67
-58
-50
-32
-31
-25
-29
-35
-33
-29
-16
-19
-23
-29
-39
-49
-50
-44
-58
-56
-65
-74
-65
-65
-82
-93
-97
-104
-94
-103
-101
-116
-110
-100
-105
-107
-127
-134
-137
-123
-104
-82
-69
-66
-67
-69
-67
-79
-95
-111
-96
-96
-93
-94
-101
-102
-81
-67
-67
-81
-104
-97
-90
-56
-41
-54
-83
-110
-117
-115
-91
-82
-87
-96
-97
-100
-91
-83
-72
-61
-73
-81
-92
-88
-87
-79
-79
-82
-102
-114
-110
-97
-91
-86
-79
-84
-77
-55
-28
-9
7
10
28
34
43
38
38
42
42
49
15
-5
-11
-12
1
14
4
-21
-36
-19
-4
10
9
-1
-8
-4
24
38
28
12
1
8
38
61
65
63
43
15
23
34
36
21
11
7
1
-22
-36
-30
-26
-37
-59
-50
-42
-32
-21
-12
-11
-8
-10
0
26
43
38
19
35
41
41
26
29
44
56
56
30
17
22
-3
-5
10
14
10
13
33
31
18
-10
-12
-21
-37
-36
-30
-14
1
-8
-13
1
-24
-36
-37
-25
-9
6
13
14
10
-22
-12
1
-3
-34
-36
-33
-27
-30
-42
-39
-31
-49
-44
-16
-16
-22
-37
-33
-45
-68
-83
-69
-76
-75
-78
-72
-69
-102
-112
-116
-100
-95
-79
-82
-90
-86
-89
-95
-114
-123
-138
-130
-150
-143
-131
-134
-127
-140
-138
-144
-139
-124
-113
-101
-93
-79
-69
-69
-64
-64
-59
-56
-58
-43
-34
-53
-58
-80
-75
-77
-94
-86
-90
-85
-98
-80
-104
-114
-117
-113
-113
-130
-129
-123
-121
-140
-131
-115
-126
-134
-130
-123
-129
-129
-118
-111
-96
-84
-94
-93
-104
-110
-109
-125
-112
-111
-98
-88
-107
-96
-95
-108
-106
-89
-84
-93
-93
-71
-75
-82
-66
-82
-101
-97
-79
-66
-76
-67
-69
-75
-83
-93
-103
-115
-120
-97
-81
-85
-79
-69
-70
-74
-62
-41
-51
-38
-3
-19
-39
-11
-6
-39
-36
-13
-23
-31
-21
12
11
-11
7
21
-13
-30
0
15
13
10
32
14
-19
-11
-4
-11
-21
-11
11
-1
11
13
-17
-30
1
14
-11
12
27
22
24
27
35
-17
-13
-5
-11
-13
-36
-15
14
31
22
4
-22
-26
-19
20
66
51
31
3
2
2
12
47
47
56
74
62
45
85
98
65
82
98
64
59
100
82
66
76
55
36
32
48
38
36
58
49
29
22
40
20
59
99
71
83
117
106
72
87
83
90
95
87
54
36
53
59
39
43
53
-3
6
60
41
54
103
56
22
75
81
30
74
84
23
65
84
36
16
55
23
15
55
13
-10
13
49
-19
-19
-6
-70
-81
-41
-29
-86
-21
-26
-66
-13
16
-51
-44
18
-8
-1
-7
6
-42
-1
16
-32
-21
15
-19
-36
34
-46
-69
-35
-57
-100
-45
-30
-83
-60
-33
-49
-77
-15
-58
-114
-65
-55
-74
-40
-24
-113
-80
-76
-166
-139
-110
-179
-189
-97
-118
-129
-92
-120
-147
-107
-85
-130
-84
-53
-122
-119
-67
-151
-159
-89
-147
-148
-84
-153
-178
-114
-188
-194
-131
-159
-176
-168
-140
-174
-161
-135
-160
-149
-139
-148
-132
-95
-169
-159
-95
-175
-197
-147
-188
-219
-144
-163
-193
-148
-142
-158
-154
-124
-144
-131
-87
-116
-110
-60
-128
-133
-50
-131
-144
-55
-94
-117
-68
-69
-123
-86
-77
-106
-139
-107
-157
-177
-114
-181
-188
-112
-196
-225
-117
-200
-240
-132
-157
-176
-121
-128
-151
-133
-127
-156
-151
-157
-173
-84
-116
-208
-88
-103
-192
-109
-60
-171
-55
-82
-123
-97
-104
-137
-122
-91
-166
-38
-92
-167
-66
-57
-163
-157
-48
-198
-117
-95
-100
-144
-109
-98
-153
-80
-202
-105
-132
-173
-137
-92
-173
-200
-43
-182
-147
-97
-61
-154
-72
-62
-120
15
-133
-42
-65
-108
-126
-5
-113
-152
1
-122
-101
-91
23
-122
-23
-14
-74
-30
-97
-11
-82
-57
-82
3
-168
-74
-34
-141
-75
-132
-6
-104
-54
-110
-16
-72
-42
-17
-89
-20
-101
-7
-102
-9
-129
-38
-114
-57
35
-102
-96
-33
72
-157
28
-76
-70
-77
-30
-69
-29
-31
-162
-18
-147
-29
-91
-49
-139
-10
-147
-120
-74
-121
-77
-148
-36
-114
-139
-186
-42
-169
-100
-153
-120
-182
-196
-99
-135
-186
-186
-106
-249
-75
-157
-145
-145
-114
-131
-96
-116
-119
-106
-119
-88
-138
-87
-169
-96
-33
-52
-159
-62
-137
-135
-56
-63
-26
-41
-34
-4
-65
8
-7
-48
29
34
2
84
50
-2
143
-28
2
97
1
22
67
29
8
35
-46
-5
23
-36
1
-21
-13
52
3
-18
14
74
-25
57
106
161
45
66
179
50
58
81
106
65
160
49
67
116
66
-40
79
126
45
44
103
120
74
12
34
79
63
21
49
62
84
17
0
116
88
-26
40
147
48
14
-17
75
55
43
28
128
104
78
77
99
153
77
55
119
98
150
32
133
118
109
0
113
100
52
77
-3
155
19
18
61
108
58
11
29
53
67
-135
84
44
-34
-15
14
29
-72
32
-77
-21
-21
-101
-28
22
-37
-101
-30
-76
-24
-119
-124
3
-75
-79
-68
66
-72
-96
-98
88
-88
-96
9
28
-44
-63
-31
-22
-32
-186
-18
52
-138
-32
-99
-56
-61
-151
-129
0
-85
-128
-37
-72
-3
-181
-131
2
-82
-136
-131
-5
-54
-159
-161
31
-157
-145
-26
-27
-77
-79
-97
-81
-30
-156
-42
-53
-91
-170
-80
-68
-115
-115
-89
-61
-116
-61
-103
-28
-174
-64
-137
-130
-125
-162
-91
-181
-104
-171
-145
-225
-112
-197
-127
-196
-168
-78
-227
-108
-93
-93
-144
-89
-63
-88
-81
-111
-24
-34
-71
-97
-28
-72
-82
-46
-50
17
-127
-103
-25
-101
-75
-123
-71
-36
-136
-101
-64
-156
-153
-98
-100
-136
-97
-132
-132
-167
-115
-106
-167
-96
-92
-102
-122
-86
-125
-26
-211
-152
-41
-222
-189
-20
-250
-202
-61
-244
-129
-231
-230
-217
-131
-238
-91
-128
-269
-162
-212
-218
-189
-109
-213
-225
-126
-232
-188
-151
-132
-210
-174
-190
-208
-183
-228
-205
-189
-143
-311
-155
-235
-262
-176
-134
-311
-160
-172
-293
-156
-157
-112
-157
-80
-173
-48
-209
-156
-136
-137
-259
-74
-165
-213
-186
-223
-80
-216
-167
-191
-192
-262
-132
-154
-271
-130
-196
-239
-84
-190
-226
-26
-222
-241
-16
-228
-194
-44
-172
-218
-130
-150
-263
-188
-149
-104
-226
-159
-155
-217
-234
-190
-80
-235
-173
-119
-117
-210
-209
-44
-143
-193
-63
-59
-186
-99
-111
-135
-124
-104
-107
-74
-139
-91
-6
-86
-184
-36
-109
-192
-57
-49
-120
-48
-103
-91
-130
-207
-51
-171
-229
-44
-53
-196
-89
-141
-141
-120
-248
-85
-151
-266
-104
-187
-184
-141
-197
-145
-172
-101
-164
-175
-196
-133
-133
-198
-168
-115
-188
-195
-119
-146
-172
-163
-224
-139
-250
-233
-132
-255
-200
-217
-287
-102
-261
-296
-159
-328
-219
-168
-315
-252
-95
-363
-268
-208
-347
-241
-281
-353
-223
-292
-348
-168
-279
-338
-193
-267
-338
-246
-280
-203
-254
-275
-88
-315
-257
-169
-265
-277
-120
-283
-145
-190
-288
-155
-289
-275
-210
-255
-325
-161
-313
-268
-240
-295
-231
-297
-263
-271
-285
-254
-271
-220
-180
-244
-235
-155
-201
-206
-156
-247
-129
-314
-154
-146
-340
-99
-93
-310
-193
-35
-339
-104
-193
-199
-154
-260
-184
-210
-209
-173
-174
-254
-103
-194
-248
-164
-140
-243
-143
-188
-144
-234
-210
-178
-239
-226
-175
-234
-301
-85
-278
-278
-115
-247
-241
-78
-247
-168
-135
-234
-88
-176
-251
-53
-77
-241
-84
-85
-234
-36
-117
-203
-42
-109
-205
-129
-131
-128
-282
-130
-135
-254
-180
-173
-279
-83
-212
-248
-30
-294
-140
-190
-234
-105
-161
-312
-37
-268
-243
-129
-282
-113
-178
-208
-176
-149
-227
-213
-209
-208
-183
-277
-177
-288
-210
-241
-274
-107
-230
-284
-276
-200
-297
-238
-197
-349
-240
-304
-307
-261
-158
-459
-214
-250
-369
-287
-275
-165
-374
-289
-270
-307
-356
-289
-279
-289
-297
-400
-229
-407
-345
-252
-410
-301
-394
-333
-369
-368
-344
-242
-352
-222
-205
-421
-181
-302
-341
-183
-280
-288
-294
-297
-285
-293
-318
-290
-403
-339
-313
-358
-345
-281
-416
-288
-297
-319
-266
-270
-284
-363
-189
-385
-283
-201
-324
-288
-181
-466
-290
-172
-448
-317
-167
-501
-260
-292
-400
-282
-264
-399
-291
-283
-352
-277
-307
-271
-309
-316
-225
-260
-310
-279
-294
-317
-262
-379
-227
-244
-432
-200
-284
-372
-289
-256
-416
-230
-303
-471
-173
-352
-355
-282
-280
-420
-331
-345
-468
-323
-431
-342
-350
-324
-389
-402
-322
-402
-375
-420
-266
-549
-265
-415
-395
-239
-381
-403
-301
-359
-385
-243
-503
-287
-360
-469
-301
-388
-353
-315
-361
-354
-395
-251
-474
-294
-293
-418
-445
-265
-355
-443
-173
-527
-352
-268
-550
-435
-181
-423
-532
-200
-470
-489
-169
-484
-507
-142
-543
-459
-254
-290
-548
-125
-455
-431
-137
-504
-395
-126
-456
-438
-101
-491
-375
-98
-506
-285
-168
-365
-349
-154
-370
-371
-204
-351
-386
-280
-283
-465
-201
-482
-251
-322
-283
-476
-155
-310
-536
-144
-311
-369
-273
-158
-523
-89
-208
-449
-19
-330
-222
-128
-142
-297
-61
-99
-328
2
-164
-329
-3
-84
-302
27
-198
-215
96
-257
-140
83
-223
-96
5
-179
-178
15
-195
-136
21
-207
-89
2
-174
-120
4
-214
-177
20
-305
35
-148
-210
11
-267
-25
-141
-42
-214
36
-197
-58
-22
-245
126
-274
-75
64
-181
-243
143
-198
-196
149
-195
-72
116
-248
-106
111
-291
-110
67
-241
-171
15
-421
-114
-14
-406
-33
-70
-503
124
-244
-377
39
-226
-295
60
-255
-142
-48
-267
-73
-14
-271
-78
-48
-391
67
-220
-239
-73
-118
-286
43
-206
-283
49
-454
-46
13
-315
53
-68
-373
30
-67
-423
222
-277
-167
108
-338
-30
11
-271
-68
61
-358
95
-126
-288
251
-402
-128
26
-198
-238
117
-370
38
-39
-387
192
-300
-138
-10
9
-229
159
-100
-132
27
-111
-111
11
-28
-136
170
-215
-126
265
-285
-4
157
-214
-112
174
-306
133
-68
-125
147
-110
-62
89
-19
-92
140
-95
214
-66
-77
251
-98
-84
286
-170
98
120
-132
136
169
-362
417
-225
-176
332
-244
-51
219
-177
44
124
-181
268
-104
-99
337
-92
-25
185
-83
184
-30
3
172
20
-58
319
-101
97
144
-150
207
55
-30
283
-24
105
127
101
11
187
-106
316
-110
57
222
-66
179
118
86
6
288
-152
230
29
158
25
268
70
250
152
76
354
43
61
383
163
75
386
101
282
226
-11
472
177
179
298
220
186
258
206
200
266
157
244
55
507
-46
316
302
49
289
269
39
408
106
202
393
45
319
216
150
223
305
85
283
232
230
241
227
182
217
207
226
280
278
139
403
63
381
115
362
222
195
339
249
121
321
145
76
508
-118
369
265
34
216
316
-197
500
62
27
447
18
-20
505
-190
139
467
-156
208
403
-36
110
470
-96
294
300
-83
448
49
168
118
295
-68
326
72
57
345
-141
373
2
208
9
305
-113
366
-20
100
79
183
27
127
128
-82
261
26
-29
162
85
-116
332
-216
275
-207
285
-206
259
-172
257
-146
224
-22
1
275
-222
236
55
44
89
201
-27
195
-84
228
-67
128
86
59
-12
294
-285
339
-18
67
30
196
-170
160
57
-243
361
-177
-63
156
-119
-107
202
-282
170
13
-150
101
9
-71
54
-28
35
33
-190
245
-246
112
-8
-88
-27
49
-109
-224
202
-386
168
-123
-174
-61
58
-402
105
-10
-378
237
-312
-135
-69
-59
-296
160
-296
-39
-86
-104
-147
28
-151
34
-244
-26
-157
-99
-151
-14
-172
-84
-85
-333
116
-430
44
-80
-215
-253
347
-586
166
-10
-175
-14
155
-280
117
-9
-219
157
-201
-11
-114
90
-181
-76
42
-70
-189
28
-245
25
-122
4
-219
82
-152
-147
19
-135
-181
101
-170
-188
231
-394
141
-5
-230
-4
10
-268
56
-72
-259
76
-170
-136
-75
-200
-140
-128
-129
-182
-60
-340
88
-308
-177
13
-142
-237
132
-260
-74
69
-324
16
-22
-212
3
-45
-217
-1
-132
-58
-209
-137
-91
-174
-223
-13
-200
-149
-69
-180
-114
-103
-193
-148
-185
-126
-291
19
-298
-212
16
-409
-57
-283
-248
-72
-228
-353
301
-656
135
-81
-436
110
-203
-324
42
-207
-201
-89
-144
-332
-8
-315
-99
-121
-186
-212
-206
-140
-429
90
-477
-158
-233
-239
-290
-4
-478
-22
-217
-405
-92
-170
-337
8
-278
-340
-37
-237
-338
-41
-315
-183
-54
-421
-6
-226
-307
13
-312
-125
-118
-183
-208
63
-441
108
-223
-326
179
-383
-103
-40
-202
-204
76
-359
9
-132
-312
-30
-238
-141
-267
-91
-179
-205
-148
-281
-178
-178
-244
-198
-179
-166
-175
-286
-90
-147
-293
-128
-164
-268
-139
-254
-169
-51
-379
-55
-116
-167
-302
57
-280
-148
-125
-211
-262
61
-405
-6
-214
-223
-23
-207
-191
16
-280
-97
-40
-263
129
-406
-103
-237
-76
-251
-94
-95
-87
-330
61
-203
-347
166
-324
-88
-104
46
-346
159
-259
4
-133
-112
-50
-137
166
-414
287
-129
-80
-10
69
1
-126
82
-89
23
28
-24
-126
95
-149
-195
128
-221
-142
100
-209
-168
53
-101
-329
194
-222
-105
-25
-67
-102
-40
-178
34
-95
-210
179
-166
-94
50
-160
-103
68
-220
68
-143
-114
-130
51
-127
-43
127
-241
120
-140
-93
10
17
51
-101
172
-182
135
-108
49
66
-45
204
-248
342
-131
-12
198
-31
23
191
-54
-9
102
-24
-19
162
-51
-143
217
-106
-56
261
-159
-28
126
-114
66
73
80
18
71
214
-233
187
57
5
2
284
-271
168
-17
-175
362
-246
176
-140
182
-232
278
-232
273
46
-102
284
-124
102
40
115
-149
211
23
-228
531
-372
263
-18
-19
13
172
-78
-23
287
-291
109
59
-58
-30
55
-34
-86
111
-55
85
78
-68
241
-139
233
-23
189
-16
113
160
-134
295
-198
166
173
-70
198
120
-32
-18
140
-197
243
-94
96
298
-299
408
-152
127
-100
176
-74
167
7
-20
336
-314
252
-53
146
-42
217
-18
61
153
-73
215
57
114
14
323
-208
396
81
-153
431
-198
303
-96
168
77
76
110
-2
347
-199
391
-145
316
2
-31
296
-184
313
-105
354
-115
209
107
-18
42
101
188
-163
435
-210
279
174
-168
333
22
-30
210
208
-244
502
-154
101
223
-74
36
288
-201
215
195
-198
351
67
-162
237
63
-128
448
-120
199
32
83
120
-107
179
2
46
-18
247
-279
271
154
-337
414
-173
64
42
173
-51
32
172
-73
211
27
290
-89
156
179
-15
121
177
80
166
267
-87
396
-11
81
148
183
-217
534
-189
311
106
64
86
71
146
79
154
-11
378
-177
335
37
115
178
92
145
133
75
192
61
66
209
-1
36
333
-203
121
208
-148
229
113
-55
103
233
-133
217
143
15
229
35
78
174
110
0
236
5
47
33
79
86
3
103
-33
79
-53
-82
135
-129
195
-228
61
-66
-4
-148
-74
62
-297
169
-303
94
-195
38
-108
-99
99
-249
175
-223
98
-91
21
-173
33
-58
-207
147
-344
132
-83
6
-84
117
-164
-162
69
-271
64
-179
86
-236
37
-126
-284
220
-373
81
-97
-46
-171
74
-263
-86
-100
-177
20
-333
103
-246
-70
-227
-125
-229
-18
-330
-22
-215
-172
1
-421
151
-445
63
-333
-5
-63
-238
63
-203
83
-497
402
-689
198
-95
-419
94
-289
-57
-361
211
-641
160
-358
-190
-80
-11
-185
-305
283
-574
114
-119
-89
-235
106
-286
-78
121
-306
100
-97
-85
-195
95
-148
-34
-117
59
-160
-167
93
-268
46
-339
131
-212
-135
152
-202
59
-163
74
-68
85
-130
116
-117
-95
203
-374
388
-214
143
-257
336
-259
50
37
-187
306
-447
326
-256
72
24
40
-21
-65
237
-426
282
-73
-352
516
-483
282
-119
-102
-148
288
-437
87
242
-586
490
-344
103
-131
269
-359
356
-206
15
130
-211
208
-156
266
-197
197
-47
-15
26
162
-190
117
103
-307
230
-53
-236
301
-195
-43
191
-20
-234
174
-169
-63
-55
8
-275
270
-362
-24
69
-286
13
-42
-127
-34
-142
-65
99
-212
12
35
-258
89
32
-228
230
-148
-73
134
-132
-190
276
-240
5
184
-423
400
-162
-93
65
3
-242
217
-240
72
-5
-149
83
-173
7
-106
-16
-121
39
123
-375
347
-136
-98
212
-89
-50
219
-226
36
199
-276
265
-126
117
52
35
6
190
-459
525
-463
257
-61
-196
309
-320
99
-166
308
-591
478
-341
87
27
-126
137
-124
200
-398
489
-519
337
-119
-216
289
-209
168
-273
438
-522
479
-379
241
-22
-6
68
-64
133
-194
247
-195
307
-81
96
39
97
40
91
28
85
161
-133
246
-140
88
162
-144
250
-78
-34
-54
170
-261
120
26
-358
289
-152
-78
-124
131
-431
245
-299
6
-21
-53
-223
34
-99
-187
73
-134
52
-226
118
-297
68
-249
7
-118
85
-236
4
28
-268
-10
-97
7
-237
86
-263
126
-206
15
-231
28
93
-551
373
-224
-203
205
-128
-323
297
-180
-209
297
-261
-92
181
-389
147
-190
-33
-255
244
-319
-4
12
-127
13
-30
-122
16
-95
-113
194
-188
128
67
-155
185
-7
-261
484
-470
309
-51
-217
242
3
-490
496
-171
-270
359
-350
73
-3
-163
55
82
-281
312
-146
161
-56
91
123
-137
278
-95
166
120
46
-40
148
-22
-85
269
-223
285
-176
9
81
-118
49
136
-77
142
-97
8
-35
171
-150
275
0
-37
296
-213
247
-88
246
-215
224
-65
124
144
-240
382
-234
70
-74
86
-209
200
-106
-163
427
-544
572
-377
284
-194
9
-49
-120
30
-147
46
-235
285
-521
243
-77
-325
64
-67
-138
-67
161
-407
146
62
-579
389
-97
-320
307
-274
-269
341
-428
-65
326
-533
200
57
-419
154
-115
-150
38
-181
-20
-205
-221
70
-373
33
-176
-119
-25
-123
-282
97
-293
-144
-23
-92
-42
-48
-156
42
-294
82
-9
-317
232
-275
112
-419
265
-442
204
-118
-199
190
-98
-220
66
-7
-314
322
-279
109
55
-161
-33
122
-272
106
-35
6
-106
-19
-181
50
-129
-119
8
-57
-61
-191
150
-350
99
-94
-45
32
-69
11
-231
326
-378
229
-153
6
56
-97
89
-106
338
-350
272
-129
239
-107
-43
226
-348
405
-442
357
-212
153
-221
148
-123
-25
214
-220
165
7
-50
-148
182
-122
134
-36
-84
68
58
-99
148
-156
246
-113
99
62
54
-66
139
-83
109
225
-309
370
5
-2
83
174
-180
223
63
-160
267
-10
-47
116
-21
-39
-55
96
-34
-1
52
11
-78
-39
11
-278
147
-214
-137
124
-367
-54
51
-270
-13
60
-421
244
-293
-147
227
-394
24
25
-288
78
-31
-213
48
-86
-258
168
-160
135
-212
-57
-47
-153
-49
-281
39
-270
-41
-100
-248
-70
-147
-324
-151
-77
-276
-49
-135
-364
-21
-160
-352
-102
-169
-353
-100
-226
-326
47
-510
-53
-295
-367
-104
-250
-442
60
-316
-402
-17
-448
-79
-308
-375
82
-316
-207
-14
-328
-44
-214
-313
-157
28
-675
307
-667
-182
-55
-509
-98
-218
-333
-555
158
-836
229
-724
-75
-296
-390
-266
-93
-472
-137
-20
-477
71
-376
-147
-124
-148
-460
70
-463
-13
-367
41
-517
67
-566
-134
-99
-524
-87
-298
-439
-141
-228
-518
156
-455
-331
-210
-222
-462
56
-593
16
-273
-374
-341
-139
-328
-340
-20
-483
-160
-370
-253
-402
-135
-539
-107
-361
-295
-171
-336
-242
-250
-377
-192
-290
-368
-1
-311
-312
-138
-423
-122
-316
-379
-129
-157
-756
72
-354
-430
-74
-371
-308
-211
-182
-495
-128
-339
-401
-303
-118
-823
187
-464
-624
218
-645
-359
104
-464
-368
106
-794
98
-410
-420
-35
-539
-90
-420
-186
-201
-556
-179
-155
-514
-53
-247
-241
-108
-645
-79
-323
-414
-156
-235
-389
-92
-494
-328
25
-598
-107
-359
5
-592
176
-629
-53
-162
-412
-198
-299
47
-637
402
-699
401
-557
-188
-154
-75
-233
-414
82
-520
164
-796
270
-498
-98
-323
-139
17
-619
-61
-354
-172
-392
31
-382
-10
-359
-340
17
-570
86
-336
-255
270
-596
-29
68
-577
103
38
-563
139
-109
-291
81
147
-314
-76
305
-478
52
-144
-467
7
-35
-759
490
-700
-283
40
-756
103
-135
-432
233
-142
-509
304
-480
-97
-132
-383
10
-183
-198
-218
-163
-112
-446
18
-342
-144
-74
-319
-335
-97
-655
-122
-104
-625
201
-447
-340
-28
-419
-204
195
-354
126
-100
-293
-62
-264
-433
103
-166
-299
-95
-152
-313
-363
-338
-378
-163
-163
-305
-176
-247
-438
-335
-459
-179
-245
-394
54
-180
-397
-46
-467
-78
-146
-282
-29
-241
-170
-149
-460
-56
-155
-405
17
-400
-244
5
-522
-218
-169
-502
-110
-289
-472
-66
-340
-524
-90
-247
-379
-52
-202
-420
90
-441
-332
-29
-263
-252
-197
-367
-55
-488
-420
-82
-370
-220
-259
-435
-130
-323
-529
-44
-273
-258
-262
-246
-223
-274
-254
-267
-43
-111
-333
-188
-113
-216
-242
-188
-254
10
-424
-270
22
-184
-301
-4
-77
-91
-158
-265
-3
-71
-337
15
-193
-16
-195
-319
-2
22
-213
-40
-38
-244
-64
-293
-50
-155
-177
-208
-110
-212
-167
-217
-261
-24
-77
-223
-143
-17
-338
-192
24
-131
-40
-82
-47
-79
-233
-122
-58
-90
0
-32
-24
-49
-262
-279
48
-283
10
30
-109
-117
-173
-297
-114
-53
-252
-58
-140
-124
-238
-195
-259
-69
-147
-188
-161
-12
-180
-265
-100
-111
-58
-45
-12
-1
-185
-237
-46
56
-91
-87
-131
-155
-18
-281
-261
16
-216
-255
26
-241
-243
-232
-271
-154
-158
-283
-159
-231
-168
-78
-335
-206
-173
-244
-223
-13
-169
-270
-180
-166
-227
-313
-169
-212
-163
-281
-246
-191
-275
-232
-176
-205
-236
-249
-302
-204
-213
-259
-239
-119
-192
-166
-231
-168
-105
-327
-179
-65
-195
-274
-276
-212
-289
-233
-319
-276
-195
-353
-287
-242
-278
-291
-313
-319
-186
-326
-394
-179
-187
-366
-265
-321
-210
-227
-261
-224
-158
-238
-329
-216
-191
-222
-346
-175
-183
-275
-338
-268
-284
-212
-301
-345
-252
-338
-417
-318
-314
-376
-382
-411
-334
-359
-439
-331
-388
-394
-317
-387
-308
-278
-343
-286
-249
-330
-265
-346
-251
-296
-374
-277
-314
-302
-300
-322
-368
-348
-515
-461
-386
-453
-490
-415
-365
-548
-586
-556
-539
-477
-553
-490
-384
-538
-590
-568
-549
-492
-437
-516
-280
-437
-460
-534
-418
-393
-513
-409
-387
-364
-391
-332
-346
-321
-354
-439
-381
-273
-390
-360
-277
-282
-332
-358
-463
-355
-430
-478
-267
-389
-336
-435
-337
-430
-356
-407
-280
-258
-375
-240
-281
-245
-323
-305
-305
-214
-317
-308
-260
-363
-399
-393
-329
-300
-435
-391
-563
-577
-627
-629
-758
-623
-687
-777
-755
-794
-885
-967
-797
-761
-634
-665
-667
-684
-721
-544
-514
-430
-245
-122
-130
-92
-245
-334
-276
-178
16
-19
7
-45
-289
-284
-254
-218
-158
-18
-121
-196
-350
-443
-535
-401
-310
-251
-201
-318
-428
-528
-457
-358
-252
-135
-67
-114
-107
-162
-200
-177
52
21
-2
-8
-76
-177
-118
-160
-98
-34
-104
-101
-205
-245
-375
-372
-370
-303
-374
-413
-580
-640
-641
-714
-578
-603
-517
-666
-640
-685
-709
-620
-580
-475
-549
-573
-640
-716
-637
-555
-433
-437
-408
-406
-414
-448
-414
-224
29
109
-7
-79
-227
-181
-114
126
236
298
138
-20
-270
-403
-471
-539
-572
-569
-599
-706
-820
-990
-1057
-1164
-895
-770
-569
-554
-508
-424
-508
-346
-218
-9
161
418
513
502
325
306
290
388
512
445
443
390
124
-74
-117
-118
-173
-253
-277
-412
-539
-614
-631
-603
-545
-456
-412
-474
-408
-560
-481
-409
-282
-253
-198
-302
-459
-570
-703
-696
-806
-801
-1012
-1124
-1255
-1019
-952
-928
-937
-861
-622
-426
-202
-114
83
252
265
218
349
545
511
428
487
523
456
337
152
-37
-229
-562
-728
-778
-821
-1015
-1252
-1357
-1472
-1587
-1413
-1198
-1118
-876
-683
-625
-331
-167
-94
94
329
698
704
745
744
677
695
648
710
583
576
411
170
69
-100
-197
-330
-254
-291
-415
-599
-615
-556
-510
-307
-277
-92
-8
32
-54
63
41
87
109
194
82
-146
-263
-508
-551
-771
-866
-882
-991
-1151
-1369
-1396
-1372
-1234
-1193
-950
-532
-267
-43
-45
30
238
385
608
835
1033
1069
869
668
578
523
451
294
298
140
-156
-656
-1104
-1248
-1317
-1378
-1384
-1396
-1509
-1611
-1656
-1418
-1146
-836
-569
-262
79
238
345
431
767
985
1146
1195
1261
1208
991
717
652
596
564
525
393
198
-124
-393
-476
-412
-354
-293
-297
-299
-325
-313
-298
-207
-56
132
220
303
262
193
84
-7
-35
-106
-101
-235
-518
-762
-1097
-1343
-1429
-1322
-1383
-1534
-1702
-1715
-1524
-1259
-1028
-710
-251
25
215
242
452
684
800
983
1306
1472
1286
837
528
440
340
346
208
69
-259
-811
-1366
-1707
-1756
-1795
-1695
-1651
-1691
-1803
-1833
-1737
-1363
-973
-498
-70
310
575
682
701
855
1183
1344
1490
1423
1255
1006
706
501
363
341
274
143
-28
-360
-684
-901
-836
-588
-426
-374
-407
-503
-456
-388
-181
7
244
343
444
414
310
152
-28
-31
-16
-35
-294
-561
-941
-1214
-1489
-1581
-1607
-1688
-1754
-1912
-2034
-1822
-1416
-1046
-760
-412
167
522
549
476
710
1113
1327
1444
1563
1543
1065
395
124
95
219
54
-174
-415
-850
-1442
-2096
-2264
-2091
-1942
-1838
-1668
-1665
-1734
-1870
-1743
-1202
-518
-8
372
686
758
772
759
995
1289
1408
1371
1112
886
617
298
37
-102
-149
-208
-305
-549
-763
-1025
-1089
-967
-683
-433
-327
-319
-299
-214
-102
24
165
277
428
500
335
324
86
-33
-238
-341
-432
-677
-982
-1332
-1525
-1808
-1823
-1927
-1990
-1992
-2130
-1985
-1580
-1007
-743
-498
-19
503
742
664
782
1144
1443
1553
1530
1480
1225
524
65
-19
47
111
-196
-430
-875
-1379
-1975
-2339
-2246
-2023
-1786
-1773
-1724
-1741
-1838
-1727
-1279
-587
20
467
683
764
880
836
962
1260
1403
1508
1187
821
520
206
75
-134
-109
-201
-282
-583
-869
-1061
-1094
-844
-545
-203
-157
-165
-198
-136
59
268
484
653
687
633
476
234
31
-64
-85
-218
-352
-620
-990
-1401
-1683
-1839
-1823
-1789
-1840
-2001
-2192
-2077
-1678
-1207
-794
-482
204
852
1069
771
675
1027
1297
1534
1750
1826
1368
455
-230
-358
-164
-121
-266
-468
-760
-1250
-1971
-2468
-2521
-2240
-1816
-1645
-1540
-1623
-1836
-1808
-1492
-847
-203
277
749
935
895
723
779
971
1246
1353
1206
898
462
170
-116
-276
-335
-291
-294
-492
-779
-1121
-1267
-1053
-656
-306
-138
-185
-193
-155
-89
56
223
403
460
449
284
29
-154
-339
-399
-455
-559
-802
-1072
-1355
-1662
-1805
-2011
-1997
-1981
-1928
-1914
-1923
-1745
-1405
-1056
-832
-455
243
971
1218
957
683
858
1095
1229
1393
1466
1124
251
-483
-640
-509
-457
-602
-761
-941
-1285
-1816
-2385
-2492
-2223
-1793
-1509
-1384
-1424
-1622
-1673
-1432
-839
-200
364
795
919
858
683
575
851
1063
1184
1132
856
516
130
-141
-366
-405
-393
-257
-310
-633
-963
-1154
-946
-521
-218
-14
73
148
88
29
78
229
450
567
577
415
170
-239
-443
-543
-573
-746
-932
-1141
-1445
-1747
-1899
-1956
-1896
-1854
-1711
-1670
-1689
-1511
-1197
-679
-420
-140
422
1090
1342
954
686
823
1072
1155
1164
1264
1006
224
-578
-891
-709
-543
-613
-744
-978
-1290
-1862
-2330
-2369
-2050
-1548
-1268
-1104
-1166
-1254
-1303
-1150
-617
29
671
987
1087
888
674
612
740
937
1070
983
663
250
-38
-316
-568
-601
-523
-308
-356
-618
-919
-1001
-757
-343
-3
191
350
373
319
141
171
210
438
541
505
291
-14
-419
-714
-890
-954
-1002
-1096
-1277
-1585
-1818
-2134
-2094
-2096
-1838
-1716
-1624
-1404
-990
-550
-476
-508
-83
787
1500
1415
1009
897
919
880
825
1069
1114
535
-267
-729
-828
-807
-986
-1052
-924
-892
-1237
-1866
-2250
-2263
-1948
-1522
-1081
-922
-945
-1152
-1210
-878
-366
193
698
1019
1014
783
570
596
662
804
826
688
483
298
51
-287
-530
-550
-356
-145
-175
-349
-609
-578
-233
31
211
258
453
538
532
330
241
252
259
209
201
31
-256
-565
-914
-1021
-1214
-1338
-1483
-1574
-1670
-1872
-1991
-2056
-1972
-1856
-1881
-1698
-1309
-727
-328
-157
78
560
1096
1031
730
673
1092
1472
1422
1087
558
-223
-723
-738
-385
-225
-574
-1079
-1464
-1527
-1559
-1775
-2063
-2157
-1977
-1663
-1405
-1325
-1414
-1451
-1256
-739
-197
204
482
660
730
615
578
670
798
821
696
508
185
-28
-127
-177
-348
-545
-554
-504
-432
-601
-738
-706
-288
72
156
29
31
255
457
466
327
246
158
210
19
-79
-410
-661
-888
-1066
-1161
-1453
-1476
-1811
-1792
-1837
-1871
-1879
-2100
-1984
-1957
-1601
-1145
-563
-61
139
429
875
978
818
678
1007
1508
1551
1436
1070
536
-305
-883
-717
-445
-284
-683
-1119
-1325
-1483
-1671
-2115
-2173
-2000
-1672
-1353
-1212
-1061
-1238
-1354
-1198
-671
35
489
844
917
783
643
504
630
767
795
784
591
354
10
-294
-437
-336
-169
-184
-246
-374
-572
-677
-632
-204
246
480
375
243
225
272
277
211
276
363
333
65
-275
-699
-934
-1130
-1150
-1143
-1242
-1506
-1902
-2019
-2082
-1883
-1902
-1836
-1857
-1735
-1555
-1244
-758
-326
217
795
1208
1029
645
534
886
1239
1440
1472
1220
456
-524
-1007
-902
-569
-519
-808
-1085
-1202
-1333
-1692
-2138
-2311
-2089
-1636
-1272
-988
-941
-1164
-1459
-1408
-875
-147
535
902
910
631
324
251
338
509
645
630
542
284
-106
-478
-706
-560
-330
-167
-230
-379
-546
-702
-622
-386
80
357
462
418
241
120
85
53
118
149
236
73
-265
-715
-1069
-1230
-1316
-1273
-1364
-1505
-1730
-1966
-2094
-2116
-2051
-1936
-1843
-1594
-1294
-1042
-877
-580
71
839
1280
1106
714
625
888
1237
1389
1461
1216
420
-465
-890
-722
-537
-635
-887
-1100
-1175
-1326
-1649
-2025
-2201
-2044
-1693
-1236
-826
-753
-1033
-1388
-1313
-816
-71
600
936
940
674
352
310
442
621
682
585
460
274
25
-287
-536
-567
-405
-212
-149
-184
-366
-506
-426
-131
283
554
665
607
499
359
296
292
272
317
267
150
-229
-646
-1018
-1223
-1287
-1295
-1304
-1474
-1691
-2000
-2097
-2107
-1933
-1787
-1598
-1460
-1366
-1085
-840
-390
169
930
1487
1322
789
527
832
1218
1471
1605
1415
616
-452
-1001
-886
-532
-462
-665
-995
-1208
-1334
-1537
-1750
-1926
-1804
-1581
-1207
-814
-556
-635
-962
-1078
-879
-201
623
1191
1251
823
435
294
474
641
677
629
423
217
-18
-209
-359
-468
-438
-260
-97
-38
-148
-314
-209
40
369
585
821
859
755
519
373
378
341
369
296
188
-60
-422
-834
-1179
-1358
-1300
-1274
-1355
-1573
-1866
-1978
-2059
-1870
-1664
-1467
-1407
-1316
-968
-537
-85
457
1024
1384
1187
791
730
1034
1383
1533
1584
1270
491
-392
-805
-629
-378
-383
-639
-979
-1173
-1340
-1513
-1765
-1890
-1848
-1690
-1340
-938
-632
-701
-984
-1135
-911
-239
591
1129
1162
805
516
438
573
662
673
581
431
213
-16
-176
-338
-507
-665
-561
-343
-96
-127
-299
-330
-152
175
458
771
899
840
540
276
273
404
555
395
101
-251
-533
-898
-1162
-1342
-1397
-1488
-1632
-1770
-1851
-1856
-1910
-1985
-1897
-1685
-1463
-1207
-883
-472
-10
571
1120
1336
1051
681
704
1080
1517
1812
1796
1268
298
-526
-773
-508
-209
-166
-455
-945
-1307
-1536
-1636
-1781
-1851
-1837
-1684
-1326
-810
-496
-623
-1001
-1218
-899
-69
932
1507
1433
980
540
413
563
838
994
940
673
265
-68
-242
-253
-302
-410
-471
-389
-221
-162
-172
-175
16
293
590
867
1038
1032
834
580
465
503
595
616
418
147
-227
-590
-999
-1237
-1310
-1276
-1284
-1394
-1521
-1723
-1881
-1982
-1932
-1701
-1355
-946
-628
-259
226
835
1207
1091
787
670
934
1347
1782
2099
1949
1156
53
-625
-591
-129
226
211
-241
-851
-1366
-1686
-1700
-1649
-1588
-1608
-1597
-1347
-921
-581
-653
-931
-1138
-820
77
1076
1687
1609
1188
718
482
581
899
1230
1233
959
459
67
-63
-104
-128
-296
-427
-430
-259
-45
57
26
-24
35
270
680
1041
1182
1037
648
284
183
447
726
768
445
-32
-537
-976
-1185
-1216
-1105
-1094
-1289
-1528
-1743
-1833
-1846
-1809
-1687
-1427
-1041
-629
-185
351
847
1024
798
513
555
955
1456
1897
2095
1810
1076
236
-207
-202
96
296
245
-80
-509
-918
-1321
-1594
-1800
-1861
-1817
-1609
-1261
-910
-726
-861
-1127
-1274
-964
-190
753
1412
1532
1337
1031
800
721
847
1078
1245
1184
953
690
455
232
-48
-309
-439
-369
-179
18
158
162
77
36
85
299
541
805
900
763
557
358
363
437
484
366
153
-135
-500
-718
-814
-804
-842
-1030
-1259
-1474
-1609
-1622
-1530
-1362
-1163
-937
-637
-226
300
721
849
706
486
515
806
1328
1827
1992
1715
1102
555
282
351
562
639
502
211
-84
-392
-703
-1009
-1314
-1551
-1642
-1444
-1072
-742
-644
-815
-1077
-1206
-937
-312
414
949
1169
1129
1018
955
972
1086
1213
1291
1224
1113
1068
1112
1034
741
345
45
-69
5
185
396
557
597
526
340
240
239
347
478
543
548
523
544
480
393
200
-9
-231
-385
-376
-299
-156
-206
-428
-777
-1099
-1240
-1224
-1088
-941
-760
-611
-478
-306
-24
390
670
695
515
383
450
767
1241
1612
1735
1454
957
562
492
676
912
981
837
561
253
-54
-363
-568
-770
-982
-1101
-1045
-817
-643
-627
-783
-967
-944
-690
-250
161
499
695
781
800
760
782
923
1115
1180
1164
1184
1283
1318
1213
1038
826
634
463
381
434
619
819
882
759
515
322
191
136
149
171
240
292
288
223
146
22
-181
-396
-527
-459
-310
-205
-209
-360
-540
-707
-826
-884
-893
-791
-645
-501
-394
-207
93
406
543
442
269
216
344
587
940
1245
1339
1195
971
815
804
887
963
955
827
680
460
176
-43
-226
-382
-570
-735
-795
-780
-713
-688
-682
-647
-565
-421
-252
-71
120
327
474
536
608
774
985
1121
1116
1066
1067
1103
1148
1197
1197
1141
1019
849
716
716
817
908
914
812
687
529
367
215
133
114
100
71
49
105
148
66
-125
-325
-360
-290
-199
-113
-105
-127
-231
-343
-469
-564
-570
-521
-437
-355
-213
-41
144
333
442
452
412
418
482
575
703
877
1006
1086
1108
1088
1011
944
927
905
888
831
681
458
221
42
-72
-187
-304
-466
-617
-703
-691
-609
-474
-336
-269
-248
-234
-117
81
257
422
523
633
751
877
1024
1110
1168
1184
1202
1205
1227
1259
1273
1220
1149
1085
997
909
850
839
819
699
500
337
237
207
161
90
72
65
30
-41
-80
-25
30
31
-17
-66
-33
3
-7
-82
-179
-284
-387
-448
-463
-397
-296
-224
-168
-112
34
215
345
449
498
502
465
510
733
1002
1216
1269
1194
1052
954
958
1028
1045
920
692
430
212
65
-15
-149
-344
-575
-741
-784
-726
-591
-529
-535
-564
-553
-472
-324
-120
112
301
399
440
526
701
924
1095
1157
1181
1173
1208
1257
1307
1350
1321
1148
881
681
650
681
624
462
284
191
74
-63
-191
-233
-184
-159
-180
-198
-128
-48
-44
-90
-161
-186
-183
-209
-245
-275
-286
-392
-569
-737
-834
-819
-790
-783
-760
-699
-583
-381
-161
44
130
96
45
106
314
596
874
979
925
825
751
759
783
829
812
672
453
173
-55
-208
-313
-483
-700
-860
-942
-936
-900
-894
-935
-984
-964
-878
-705
-479
-231
-29
95
201
320
494
700
943
1133
1251
1309
1310
1339
1383
1430
1367
1196
973
817
698
589
485
402
353
241
46
-144
-223
-215
-184
-156
-117
-71
-19
29
83
115
116
74
15
-68
-76
-49
-85
-188
-400
-578
-727
-792
-786
-722
-647
-585
-504
-379
-157
76
220
281
308
362
471
653
914
1128
1173
1109
1022
948
930
967
991
960
778
511
216
-49
-209
-320
-411
-529
-659
-809
-942
-992
-969
-964
-938
-853
-710
-497
-281
-44
179
373
534
650
833
1076
1349
1536
1609
1606
1579
1542
1457
1367
1265
1151
983
754
561
448
388
307
142
-54
-198
-285
-304
-234
-79
42
58
12
3
36
129
171
166
91
40
-11
-74
-152
-284
-462
-674
-804
-860
-823
-758
-670
-611
-548
-419
-247
-37
137
282
391
466
566
742
981
1204
1276
1209
1105
1033
1018
1023
1036
985
814
523
175
-148
-364
-477
-561
-686
-862
-1043
-1167
-1231
-1230
-1164
-1060
-910
-735
-573
-364
-79
231
478
626
742
927
1198
1472
1638
1686
1643
1549
1423
1296
1211
1112
958
720
489
331
253
198
100
-70
-258
-404
-484
-405
-242
-67
-22
-53
-85
-80
-15
31
80
88
48
-43
-151
-281
-415
-572
-762
-893
-947
-920
-851
-778
-675
-558
-400
-255
-130
-39
63
185
301
444
655
925
1107
1151
1124
1076
1028
999
1015
1049
990
786
432
47
-254
-449
-556
-703
-882
-1072
-1230
-1336
-1398
-1404
-1365
-1261
-1118
-949
-752
-504
-198
102
325
463
635
877
1166
1400
1524
1560
1548
1502
1398
1274
1114
944
706
459
247
117
53
-33
-165
-341
-516
-675
-770
-742
-647
-539
-479
-422
-361
-264
-197
-189
-239
-294
-330
-340
-376
-435
-524
-713
-878
-1024
-1042
-975
-866
-762
-663
-450
-170
-14
-38
-94
-46
50
231
572
950
1169
1131
990
864
821
863
952
1001
950
780
473
65
-310
-549
-736
-911
-1102
-1229
-1299
-1344
-1369
-1413
-1449
-1403
-1258
-1045
-764
-470
-171
74
251
371
526
739
1037
1325
1521
1592
1574
1516
1438
1323
1160
959
729
507
326
213
171
106
-58
-286
-532
-699
-799
-787
-684
-535
-418
-382
-408
-432
-385
-352
-336
-363
-400
-441
-495
-548
-630
-732
-879
-997
-1068
-1026
-865
-673
-459
-221
-35
-25
-159
-237
-174
16
340
699
931
941
785
620
518
549
637
723
742
640
457
140
-222
-599
-926
-1187
-1360
-1388
-1328
-1258
-1266
-1361
-1525
-1665
-1636
-1422
-1099
-756
-470
-215
-66
48
118
238
424
583
779
972
1173
1291
1279
1130
852
543
291
247
255
249
182
78
-89
-330
-569
-790
-874
-881
-833
-814
-768
-683
-635
-637
-708
-778
-826
-823
-796
-766
-756
-822
-946
-1142
-1304
-1338
-1268
-1112
-969
-795
-580
-280
-73
-94
-222
-326
-292
-141
198
622
871
834
585
354
192
172
294
470
561
512
318
0
-335
-648
-885
-1092
-1228
-1283
-1271
-1212
-1155
-1177
-1321
-1431
-1433
-1255
-963
-656
-329
-111
7
-7
-12
70
231
461
614
759
886
997
1000
870
700
494
317
230
260
380
487
450
239
-82
-394
-580
-622
-555
-439
-350
-349
-433
-548
-654
-747
-848
-930
-976
-968
-909
-860
-872
-995
-1250
-1450
-1522
-1402
-1156
-835
-412
-31
222
196
-43
-234
-227
31
452
932
1257
1244
915
493
193
119
231
432
557
538
389
85
-316
-722
-1012
-1191
-1283
-1226
-1049
-798
-669
-756
-1014
-1270
-1307
-1080
-651
-225
106
296
280
156
16
7
167
395
584
686
730
734
691
586
432
232
118
131
243
404
514
561
442
229
-43
-209
-202
-86
54
76
22
-82
-194
-268
-377
-446
-606
-736
-859
-913
-904
-953
-1035
-1282
-1497
-1647
-1609
-1404
-1131
-798
-464
-106
194
266
159
40
12
199
570
1094
1492
1482
1115
512
76
-102
24
307
480
525
255
-178
-683
-1094
-1333
-1486
-1453
-1311
-1047
-807
-705
-755
-993
-1176
-1167
-818
-293
194
538
616
533
340
155
94
217
441
639
706
685
596
432
167
-146
-370
-398
-184
129
373
451
350
136
-109
-226
-165
40
316
437
429
303
125
-27
-159
-219
-341
-440
-562
-649
-767
-930
-1124
-1413
-1676
-1886
-1874
-1755
-1516
-1235
-916
-499
-67
205
139
-60
-117
67
466
1045
1606
1761
1426
749
137
-151
-31
327
550
488
130
-341
-798
-1163
-1405
-1560
-1653
-1632
-1412
-1099
-802
-728
-902
-1171
-1283
-959
-292
434
919
1011
773
406
188
220
501
810
935
865
628
460
320
175
-68
-356
-567
-567
-316
-14
189
204
51
-159
-262
-145
173
515
717
682
493
343
259
313
324
239
56
-202
-354
-495
-623
-790
-1071
-1355
-1639
-1764
-1717
-1507
-1226
-1049
-856
-534
-72
326
422
374
327
415
760
1251
1769
1874
1513
903
338
113
183
480
640
493
73
-460
-906
-1184
-1314
-1385
-1463
-1454
-1323
-1085
-838
-715
-786
-967
-967
-554
152
879
1309
1306
1004
610
408
484
812
1169
1302
1120
718
402
203
70
-68
-289
-423
-404
-214
-16
61
1
-166
-308
-299
-63
319
613
745
612
386
244
223
372
456
415
133
-166
-415
-562
-653
-799
-987
-1281
-1516
-1632
-1517
-1332
-1110
-915
-656
-279
196
597
636
500
369
488
857
1365
1864
1873
1352
538
-40
-139
95
449
485
150
-399
-935
-1258
-1405
-1383
-1404
-1528
-1603
-1464
-1102
-761
-659
-801
-1035
-978
-441
365
1059
1300
1116
707
349
248
456
838
1116
1114
809
388
90
-88
-194
-338
-488
-540
-482
-326
-261
-313
-434
-537
-511
-368
-48
237
416
356
127
-60
-112
71
230
287
94
-260
-593
-838
-939
-944
-987
-1109
-1397
-1650
-1713
-1600
-1306
-1004
-686
-353
83
536
721
593
414
374
616
1023
1504
1754
1430
666
-152
-539
-471
-139
169
112
-292
-905
-1420
-1658
-1620
-1403
-1266
-1231
-1219
-1075
-818
-648
-618
-709
-728
-461
96
714
1070
1026
680
274
18
86
414
815
1014
882
505
94
-133
-205
-119
-113
-141
-222
-223
-183
-147
-131
-169
-187
-148
-2
188
298
296
187
12
-75
-110
-7
11
-58
-323
-660
-843
-917
-888
-961
-1093
-1308
-1542
-1656
-1641
-1440
-1102
-715
-394
-4
540
1034
1077
753
483
539
957
1464
1922
1875
1153
101
-699
-847
-538
-27
229
-25
-663
-1330
-1673
-1662
-1392
-1132
-1013
-994
-908
-690
-468
-365
-465
-599
-572
-135
570
1153
1230
806
241
-134
-111
227
672
915
834
499
88
-104
-96
66
197
200
102
-9
46
99
125
98
87
221
399
541
483
285
111
-13
-2
60
130
69
-133
-422
-742
-981
-1058
-1019
-1007
-1048
-1168
-1263
-1383
-1464
-1507
-1421
-1051
-583
-117
200
639
1098
1261
972
637
676
1004
1484
1799
1761
1167
232
-570
-905
-669
-227
32
-176
-710
-1177
-1385
-1298
-1213
-1102
-1032
-976
-744
-435
-135
-108
-310
-588
-671
-270
463
1090
1136
637
28
-293
-222
54
337
490
483
347
175
37
-4
-11
-20
-27
19
164
312
339
197
18
9
137
407
540
528
300
94
-1
-86
-90
-153
-179
-292
-483
-778
-1064
-1203
-1165
-1093
-1097
-1249
-1470
-1671
-1791
-1713
-1430
-1000
-594
-269
-15
378
872
1148
923
545
466
813
1329
1643
1590
951
-53
-920
-1176
-803
-240
33
-249
-917
-1536
-1739
-1524
-1185
-963
-900
-921
-834
-635
-419
-353
-441
-554
-515
-171
363
784
770
319
-187
-382
-193
106
318
354
231
82
-57
-98
-88
-45
14
1
-15
-6
15
81
101
173
277
403
463
383
228
69
106
219
345
265
24
-260
-460
-599
-696
-771
-784
-804
-930
-1124
-1326
-1430
-1507
-1494
-1422
-1203
-858
-492
-205
-7
371
894
1287
1229
899
753
951
1371
1676
1666
1213
381
-380
-722
-504
-63
162
-18
-571
-1044
-1202
-1022
-750
-579
-534
-573
-520
-327
-86
67
27
-150
-232
-34
511
1005
1093
677
135
-108
-31
274
461
582
569
517
387
196
112
130
243
294
286
315
387
441
428
366
394
518
697
738
619
487
457
493
473
373
192
66
-62
-191
-379
-543
-657
-685
-739
-850
-1025
-1257
-1330
-1445
-1315
-1077
-731
-448
-288
-81
304
904
1400
1419
1022
750
854
1314
1617
1644
1229
402
-408
-843
-594
-137
67
-153
-637
-1051
-1174
-997
-748
-624
-532
-463
-410
-341
-236
-150
-166
-230
-274
-100
273
651
729
392
-79
-303
-216
0
176
247
297
301
193
20
-111
-70
85
208
255
180
155
90
149
209
339
447
503
463
343
252
238
324
315
189
-40
-217
-338
-456
-565
-715
-806
-847
-972
-1037
-1186
-1329
-1486
-1525
-1405
-1240
-999
-799
-585
-358
-124
299
917
1422
1287
697
419
669
1066
1233
1127
750
-41
-806
-1050
-748
-291
-218
-516
-955
-1122
-902
-681
-578
-630
-626
-560
-419
-204
-83
-68
-261
-471
-495
-213
273
571
469
19
-378
-442
-245
-43
80
204
374
367
194
-89
-173
-85
116
317
375
329
148
74
14
140
321
448
513
419
361
261
212
150
35
18
-23
-13
-125
-347
-572
-737
-737
-795
-807
-915
-1028
-1170
-1333
-1386
-1342
-1187
-999
-760
-409
-98
31
311
810
1374
1309
753
496
637
1044
1131
1065
714
-40
-751
-1093
-793
-423
-356
-573
-764
-705
-566
-499
-532
-587
-553
-421
-187
60
144
-27
-335
-498
-361
30
444
627
445
31
-298
-284
-12
284
414
471
455
360
180
39
18
85
216
371
424
274
93
-36
64
226
437
501
545
589
561
480
324
209
159
175
267
227
51
-231
-554
-699
-835
-730
-723
-761
-961
-1129
-1203
-1179
-1061
-1000
-935
-811
-390
22
335
582
993
1382
1319
818
507
746
1186
1315
1003
565
-39
-635
-906
-741
-376
-337
-507
-735
-657
-432
-298
-312
-504
-507
-417
-139
104
164
43
-270
-417
-354
-95
247
388
325
41
-216
-193
32
324
444
467
404
280
161
91
121
191
283
358
328
244
57
46
133
315
487
511
591
624
681
560
360
232
173
173
139
-4
-206
-521
-738
-864
-843
-786
-898
-1095
-1247
-1258
-1145
-1139
-1110
-1159
-1125
-803
-390
30
183
183
303
694
1213
1316
841
411
329
535
565
420
224
-246
-793
-1162
-1014
-652
-555
-612
-700
-480
-272
-223
-316
-521
-476
-385
-134
18
19
-56
-320
-531
-611
-441
-136
60
193
81
-84
-139
-56
161
262
384
410
369
305
115
35
-2
49
158
156
170
134
198
280
282
345
390
575
711
692
497
201
43
-93
-136
-157
-255
-374
-654
-822
-1023
-1093
-1091
-1125
-1019
-1045
-994
-1080
-1125
-1092
-965
-667
-375
-139
5
105
176
447
889
1303
1154
635
301
342
540
486
343
53
-398
-830
-937
-652
-413
-343
-385
-311
-136
-44
-69
-247
-356
-295
-145
-12
36
5
-116
-356
-539
-560
-380
-46
266
452
295
66
46
237
493
574
553
475
469
494
407
282
197
221
309
384
474
509
621
627
638
667
834
1013
1090
1037
793
514
272
163
118
14
-176
-388
-536
-596
-707
-746
-894
-885
-815
-760
-667
-689
-661
-654
-611
-447
-333
-29
183
196
204
280
773
1204
1332
872
282
157
325
544
556
404
75
-455
-725
-546
-168
16
-105
-125
-18
62
0
-188
-267
-254
-57
81
30
-85
-251
-357
-512
-551
-409
-57
349
531
444
157
-19
108
364
573
572
569
525
392
212
30
15
98
298
479
553
456
369
358
491
642
842
1009
1051
946
694
419
182
92
61
13
-135
-348
-553
-745
-940
-953
-936
-745
-677
-593
-525
-599
-685
-875
-752
-571
-336
-219
-148
-82
-73
-71
97
526
986
1061
546
17
-68
252
434
340
212
19
-207
-429
-430
-310
-314
-308
-187
52
169
-2
-223
-460
-484
-378
-209
-100
-116
-208
-411
-550
-582
-323
69
474
663
545
318
138
217
340
445
479
538
542
371
176
40
39
175
395
603
644
478
410
468
669
779
811
835
827
816
655
335
51
-79
-10
0
-119
-260
-463
-562
-687
-717
-654
-503
-353
-282
-363
-466
-567
-564
-468
-457
-434
-407
-233
-106
-88
-107
-22
358
860
1042
678
187
118
365
525
544
562
467
74
-352
-414
-262
-160
-210
-246
-132
-17
-64
-286
-559
-625
-525
-290
-162
-105
-58
-131
-274
-395
-242
107
570
869
842
546
227
134
211
418
529
558
472
333
180
68
82
147
311
459
545
550
564
664
744
725
678
766
920
926
661
310
101
103
95
74
-25
-108
-209
-366
-546
-621
-514
-303
-217
-248
-379
-456
-457
-433
-362
-430
-482
-554
-465
-241
-46
89
94
159
443
832
1033
810
471
463
603
640
508
434
379
39
-252
-334
-297
-342
-433
-217
29
32
-238
-563
-645
-494
-226
-25
22
16
-17
-40
-85
-43
147
416
688
808
689
428
214
193
309
450
516
520
507
374
180
44
47
171
371
530
599
587
551
500
499
585
699
855
877
749
471
266
150
138
130
94
51
-107
-310
-528
-542
-482
-370
-386
-404
-452
-416
-432
-459
-527
-588
-594
-596
-499
-407
-298
-294
-323
-366
-141
170
537
765
770
502
131
55
237
465
540
442
203
-133
-447
-492
-460
-492
-541
-380
-147
-183
-449
-705
-740
-595
-340
-66
122
163
104
-35
-133
-75
192
504
654
684
602
424
209
167
287
416
475
485
402
259
194
137
104
171
393
688
757
652
478
446
543
676
712
694
695
709
576
309
77
-28
-16
-78
-98
-148
-220
-337
-427
-404
-336
-206
-148
-160
-186
-163
-213
-322
-443
-407
-331
-364
-419
-406
-244
-172
-157
-128
63
283
527
663
674
469
352
443
645
708
520
339
131
-94
-330
-345
-292
-289
-353
-292
-192
-222
-360
-407
-292
-101
98
202
237
267
284
260
187
264
538
744
727
564
388
287
298
406
466
446
424
474
501
439
372
374
477
601
718
759
739
694
671
700
653
609
595
607
577
445
278
121
50
75
121
74
-31
-113
-102
-112
-160
-230
-229
-146
-63
-26
-134
-245
-300
-320
-393
-552
-570
-514
-464
-502
-482
-407
-304
-190
13
245
438
518
521
529
537
585
525
390
202
144
109
-41
-242
-359
-354
-320
-312
-282
-213
-181
-179
-210
-193
-111
-28
0
33
61
124
168
168
171
211
266
274
298
347
336
298
324
438
538
535
491
502
555
531
470
428
457
513
531
543
506
460
361
278
251
274
291
277
221
187
223
225
132
-29
-89
-62
-8
-8
-72
-99
-78
-125
-201
-254
-219
-165
-184
-235
-345
-426
-536
-594
-611
-620
-610
-550
-452
-347
-288
-261
-203
-96
140
330
425
378
309
264
217
204
168
107
-8
-64
-34
-31
-108
-173
-138
-56
-33
-67
-124
-198
-232
-213
-170
-144
-96
-40
-57
-149
-194
-103
66
205
282
323
369
412
450
463
449
477
518
577
584
547
501
454
409
351
327
320
323
317
311
324
303
284
266
272
320
353
332
231
142
134
153
156
113
34
-35
-45
3
46
53
3
-61
-82
-68
-74
-132
-230
-323
-387
-491
-545
-567
-556
-601
-669
-610
-491
-343
-292
-239
-161
-24
70
83
47
23
94
160
176
134
96
60
9
9
31
-10
-54
-55
-6
6
-2
-47
-81
-46
12
14
-50
-84
-20
123
195
200
168
164
199
256
323
281
227
254
357
473
494
455
405
423
508
572
576
553
555
595
606
540
476
448
414
371
331
300
258
206
144
99
132
163
184
153
133
165
200
205
215
291
326
296
211
137
72
-15
-126
-224
-263
-271
-305
-384
-432
-424
-371
-346
-380
-375
-325
-292
-319
-335
-352
-379
-389
-403
-440
-528
-576
-596
-574
-506
-458
-386
-302
-228
-187
-100
21
115
170
190
196
250
336
372
320
267
230
197
139
54
-1
-24
-49
-108
-165
-158
-92
-45
-52
-66
-18
81
183
237
270
319
373
400
393
407
428
409
353
275
216
205
184
127
80
132
176
156
76
40
75
156
225
213
194
175
196
193
156
77
7
15
19
-22
-81
-127
-143
-139
-137
-132
-113
-73
-48
-64
-80
-149
-211
-230
-278
-353
-520
-692
-826
-899
-948
-989
-981
-960
-937
-921
-866
-764
-603
-405
-285
-200
-82
11
126
244
338
379
348
322
331
375
387
285
111
10
3
65
115
120
77
53
21
-6
39
95
124
131
137
149
163
182
198
211
213
211
194
180
217
283
320
333
354
369
380
402
445
497
521
514
481
460
435
401
394
355
306
274
227
162
103
97
92
89
105
131
161
169
207
211
216
220
205
185
150
105
26
-97
-236
-347
-429
-545
-680
-795
-874
-868
-849
-816
-817
-802
-760
-702
-577
-436
-326
-280
-216
-156
-110
-105
-117
-106
-90
-89
-76
-33
16
37
24
36
70
103
170
237
295
300
249
191
150
148
130
87
29
-22
-62
-86
-112
-130
-144
-146
-138
-122
-77
-14
43
88
132
184
260
326
360
350
361
408
457
483
466
458
445
433
411
398
389
377
353
332
354
359
372
329
262
212
208
198
152
85
18
13
-31
-130
-228
-258
-235
-239
-287
-363
-384
-376
-338
-314
-317
-293
-289
-254
-267
-293
-322
-354
-369
-401
-433
-521
-558
-616
-636
-642
-655
-626
-625
-583
-545
-473
-383
-283
-185
-101
-17
28
63
123
189
208
160
123
154
160
109
68
49
5
-63
-139
-159
-161
-168
-180
-196
-182
-155
-95
-45
-9
-9
7
61
130
206
248
262
274
341
411
465
489
492
513
555
615
659
653
628
590
549
491
436
388
318
254
161
84
14
-46
-95
-150
-180
-198
-216
-195
-165
-127
-101
-82
-30
48
172
240
246
237
210
197
188
139
63
-27
-130
-219
-325
-431
-527
-574
-631
-698
-778
-822
-762
-708
-645
-616
-583
-572
-530
-458
-371
-282
-252
-237
-232
-207
-171
-137
-91
-49
-14
15
39
29
-2
24
81
123
140
139
136
133
96
61
54
52
41
25
32
53
63
84
106
141
183
242
281
314
378
442
466
468
521
551
567
560
538
522
486
420
331
274
257
260
225
144
85
74
80
74
72
71
115
181
233
254
259
276
271
278
275
274
245
189
134
107
86
26
-44
-103
-139
-180
-230
-259
-281
-292
-320
-354
-409
-494
-568
-632
-652
-703
-780
-843
-890
-924
-965
-987
-1015
-1004
-968
-891
-848
-808
-755
-685
-578
-528
-458
-394
-274
-144
-65
-16
-5
12
17
26
74
99
86
85
89
40
-35
-69
-71
-73
-98
-102
-79
-32
-5
-11
-15
6
28
20
38
68
104
126
127
124
128
149
195
248
296
308
307
302
312
350
391
412
385
343
315
309
303
272
222
174
123
82
59
63
71
54
33
10
37
72
88
72
68
68
66
68
37
37
-2
-76
-181
-272
-349
-406
-483
-589
-675
-747
-820
-893
-972
-1016
-1020
-1010
-983
-982
-966
-960
-937
-898
-843
-796
-734
-629
-570
-511
-488
-439
-396
-349
-298
-225
-143
-95
-50
0
73
107
124
122
121
136
153
175
166
127
71
34
37
45
44
46
49
74
115
134
176
265
361
406
438
488
541
576
594
621
645
668
663
655
650
621
587
566
581
586
599
584
550
522
510
506
498
493
487
505
481
465
437
399
367
334
343
330
322
315
301
240
168
127
89
57
39
9
-15
-53
-118
-180
-240
-283
-312
-335
-363
-406
-487
-550
-587
-593
-601
-630
-661
-705
-724
-733
-744
-761
-726
-673
-652
-624
-581
-561
-555
-505
-435
-366
-337
-289
-227
-179
-138
-138
-105
-60
7
99
154
155
136
183
226
260
294
315
323
295
286
316
336
330
315
317
336
372
410
463
500
524
551
567
601
655
692
697
675
643
625
607
593
572
522
478
431
405
410
399
386
334
289
242
220
213
192
183
174
132
75
53
22
-17
-41
-55
-72
-79
-89
-107
-126
-164
-184
-188
-192
-225
-277
-301
-309
-311
-363
-435
-498
-512
-509
-538
-572
-646
-710
-770
-792
-790
-788
-805
-852
-856
-875
-892
-912
-872
-858
-854
-830
-799
-744
-717
-660
-610
-540
-509
-473
-379
-274
-200
-147
-59
18
94
187
298
392
452
479
509
569
602
609
626
638
625
588
541
519
501
489
468
470
499
520
528
521
518
525
516
528
562
574
567
545
536
515
476
429
417
417
397
351
320
314
306
278
267
264
280
291
274
257
230
198
156
123
112
96
67
55
65
42
-13
-54
-79
-74
-69
-96
-122
-118
-120
-130
-143
-167
-196
-225
-249
-298
-342
-369
-389
-408
-456
-507
-557
-600
-629
-643
-672
-681
-684
-687
-684
-671
-624
-575
-541
-509
-451
-381
-321
-281
-198
-100
-14
42
99
150
206
248
284
338
391
427
444
469
494
525
541
557
559
562
584
590
594
583
554
519
491
484
469
472
452
435
433
447
455
463
475
468
449
428
448
466
461
452
433
408
385
364
355
340
318
282
250
221
210
202
186
161
135
109
71
60
46
26
-10
-35
-71
-96
-115
-139
-149
-165
-191
-218
-214
-209
-217
-242
-273
-273
-269
-255
-248
-233
-236
-261
-278
-303
-292
-287
-302
-328
-354
-365
-352
-348
-376
-397
-410
-410
-415
-420
-431
-441
-458
-469
-469
-471
-476
-465
-447
-435
-405
-384
-339
-282
-232
-185
-167
-145
-115
-78
-51
8
53
56
89
137
212
208
186
215
264
323
337
338
336
314
303
306
309
294
265
249
252
243
205
160
131
120
112
119
131
133
100
58
32
18
39
42
41
34
22
-10
-41
-43
-52
-79
-116
-125
-118
-117
-132
-166
-199
-248
-266
-288
-290
-285
-299
-313
-329
-355
-374
-367
-326
-288
-251
-222
-227
-229
-240
-225
-209
-192
-198
-190
-194
-213
-219
-243
-255
-275
-263
-242
-261
-295
-312
-298
-291
-295
-313
-341
-347
-359
-369
-378
-390
-404
-433
-442
-440
-420
-411
-397
-386
-353
-307
-283
-245
-219
-178
-141
-80
-46
-18
21
54
103
105
143
182
217
255
291
325
342
354
352
366
388
395
411
392
388
380
387
390
361
346
322
302
262
249
241
238
229
223
224
211
212
191
169
151
127
125
110
135
136
123
101
59
43
37
54
37
8
-10
-14
12
15
5
-9
-8
11
31
50
70
74
69
100
136
159
177
164
146
146
164
175
150
132
96
67
55
51
32
14
0
-17
-20
-51
-75
-101
-114
-113
-115
-123
-146
-157
-176
-192
-219
-268
-280
-266
-260
-273
-282
-316
-317
-297
-299
-286
-284
-274
-257
-228
-200
-187
-157
-117
-85
-53
-16
10
28
40
53
69
101
105
114
134
150
173
175
193
196
228
240
240
243
235
237
216
211
198
202
202
210
204
198
190
171
168
157
147
156
182
196
188
195
192
190
200
176
169
168
162
144
132
129
123
129
120
127
125
115
117
120
139
182
182
175
172
173
183
179
185
199
205
204
214
208
198
189
201
222
230
228
224
220
227
221
203
205
208
207
183
179
166
145
133
119
90
38
16
-10
-39
-55
-97
-146
-169
-195
-215
-253
-290
-331
-341
-332
-335
-357
-377
-386
-376
-349
-305
-264
-241
-203
-163
-122
-81
-39
-18
22
61
113
153
178
203
219
254
249
249
264
261
270
291
302
275
268
279
293
326
321
299
277
264
263
282
300
283
252
229
217
241
282
302
290
280
270
253
260
274
285
287
289
278
280
272
263
262
253
245
231
236
260
286
301
299
261
242
259
283
335
371
384
383
387
400
405
390
379
378
359
332
308
288
284
267
241
201
152
82
42
32
27
17
-22
-68
-114
-129
-147
-167
-189
-217
-238
-262
-255
-247
-254
-291
-335
-354
-382
-397
-416
-424
-434
-445
-444
-452
-450
-445
-437
-430
-416
-389
-365
-316
-288
-252
-238
-214
-169
-131
-77
-47
-15
-13
-2
17
58
83
105
134
155
194
202
222
233
253
287
319
350
380
377
363
373
352
328
317
309
305
299
298
291
302
297
298
297
292
282
272
271
266
262
256
237
225
220
210
204
201
214
192
175
163
181
195
199
177
164
183
189
203
200
187
150
145
126
120
105
80
70
46
32
20
-12
-50
-41
-39
-60
-70
-81
-98
-136
-175
-201
-220
-247
-282
-314
-345
-369
-390
-394
-398
-414
-426
-424
-425
-435
-443
-431
-411
-403
-376
-355
-332
-326
-313
-297
-258
-239
-213
-199
-196
-189
-187
-146
-122
-90
-57
-36
6
38
63
74
122
154
163
186
236
277
287
310
320
349
368
407
450
459
462
454
484
507
531
553
566
562
534
550
540
544
539
508
493
489
501
480
478
475
460
442
412
394
381
382
369
349
328
311
280
275
278
255
242
232
225
235
222
201
174
173
161
156
152
157
160
163
161
145
150
146
150
150
149
147
134
132
149
160
124
95
92
86
84
72
69
50
24
-19
-42
-63
-62
-61
-76
-94
-118
-133
-147
-152
-157
-154
-166
-187
-185
-182
-173
-165
-160
-134
-90
-70
-45
-21
-22
-27
-22
-3
17
47
80
101
122
111
112
145
171
184
192
210
205
242
277
316
328
323
319
301
315
353
403
403
391
389
408
429
447
468
468
443
425
432
458
447
433
403
372
318
295
272
225
225
197
181
139
96
59
48
59
69
83
74
67
44
39
15
-19
-27
-34
-17
-21
-16
-34
-64
-59
-58
-73
-115
-136
-128
-87
-39
-12
-9
-13
-23
-14
-1
0
2
-7
-6
1
-1
-10
-25
-41
-44
-48
-51
-58
-73
-71
-84
-100
-103
-116
-127
-120
-112
-113
-98
-79
-64
-65
-53
-30
-22
5
33
66
75
59
35
26
42
49
52
68
80
96
115
144
162
170
162
153
175
197
237
254
265
275
277
260
221
208
181
172
178
204
223
229
215
196
184
177
204
208
223
218
222
239
251
250
244
229
211
212
211
208
204
211
207
197
179
167
161
174
183
183
177
163
155
161
172
176
145
109
101
105
109
117
107
97
89
79
77
84
100
130
142
149
134
117
127
113
95
83
90
104
116
114
104
103
83
86
102
127
143
141
150
165
174
165
171
166
169
184
200
197
167
156
147
152
148
123
93
57
49
61
53
41
29
24
26
8
-13
-10
-18
-10
4
11
9
-13
-6
-12
-33
-57
-63
-44
-32
-27
-33
-39
-63
-66
-51
-41
-18
0
20
36
42
18
18
42
53
69
71
82
97
111
117
110
102
72
62
79
105
117
123
140
120
108
88
79
82
86
90
89
112
118
129
123
103
82
84
76
79
99
97
96
82
72
57
53
54
40
50
32
18
5
-6
-32
-54
-63
-83
-86
-95
-99
-90
-104
-125
-150
-163
-172
-171
-174
-174
-177
-186
-179
-164
-162
-181
-210
-236
-242
-224
-222
-216
-220
-238
-241
-252
-278
-306
-331
-350
-361
-355
-357
-381
-386
-393
-393
-399
-434
-441
-445
-440
-418
-397
-373
-388
-399
-408
-415
-384
-330
-313
-309
-305
-307
-304
-280
-253
-245
-234
-220
-214
-206
-223
-248
-244
-232
-213
-222
-211
-190
-162
-135
-135
-163
-160
-132
-79
-29
0
13
5
10
21
28
23
23
55
88
93
81
70
72
70
105
113
96
105
90
100
117
130
102
69
61
67
83
81
74
58
48
37
51
60
56
36
10
11
11
11
-5
-45
-77
-101
-117
-115
-124
-134
-139
-154
-179
-196
-208
-205
-207
-179
-179
-189
-189
-201
-199
-207
-221
-217
-214
-220
-209
-208
-205
-215
-230
-250
-283
-299
-312
-312
-313
-292
-277
-273
-286
-297
-306
-296
-287
-313
-314
-315
-289
-262
-243
-226
-226
-218
-206
-201
-206
-190
-172
-145
-106
-92
-84
-59
-36
-13
2
11
3
6
10
43
61
65
58
38
45
41
45
40
25
25
17
9
19
32
21
11
4
1
9
2
-1
-7
0
-2
-29
-19
-22
-15
-23
-29
-46
-62
-65
-80
-89
-110
-138
-141
-134
-143
-148
-172
-178
-169
-164
-167
-166
-178
-207
-229
-231
-251
-260
-272
-273
-280
-289
-300
-319
-330
-344
-350
-358
-349
-367
-368
-378
-380
-389
-411
-417
-419
-413
-415
-419
-416
-401
-387
-376
-372
-369
-357
-344
-321
-302
-280
-268
-267
-246
-222
-199
-192
-204
-195
-198
-187
-186
-200
-194
-200
-202
-213
-205
-209
-191
-194
-192
-185
-184
-166
-157
-145
-150
-155
-151
-148
-137
-123
-117
-117
-104
-96
-105
-112
-115
-111
-106
-79
-62
-39
-19
-16
-18
-12
14
21
37
52
46
63
62
73
74
69
40
27
37
37
32
25
23
0
-17
-52
-65
-80
-85
-92
-123
-130
-151
-172
-180
-184
-172
-183
-204
-220
-224
-226
-215
-215
-234
-219
-218
-190
-194
-186
-178
-171
-148
-147
-155
-172
-173
-160
-142
-149
-164
-140
-117
-85
-83
-92
-108
-122
-108
-78
-34
-25
-16
-30
-37
-28
-20
2
11
3
-7
-6
-2
0
-4
-12
-20
-34
-31
-21
-17
-13
-21
-32
-36
-24
-33
-39
-28
-7
13
1
-15
-28
-6
28
62
80
89
96
85
94
89
96
94
92
102
108
109
98
97
75
67
66
35
36
44
49
51
55
55
31
21
20
25
10
-5
-27
-38
-18
-13
-1
-12
-26
-27
-26
-15
-30
-28
-47
-72
-93
-85
-72
-85
-89
-112
-118
-124
-109
-119
-122
-135
-143
-121
-119
-106
-107
-95
-116
-142
-159
-169
-161
-173
-170
-172
-170
-167
-178
-192
-204
-229
-231
-211
-195
-173
-158
-161
-166
-164
-163
-173
-190
-197
-198
-190
-174
-160
-160
-171
-206
-228
-211
-202
-207
-211
-192
-181
-181
-173
-183
-171
-176
-163
-158
-155
-160
-183
-174
-179
-171
-179
-187
-190
-191
-179
-168
-170
-182
-177
-164
-156
-147
-150
-161
-173
-160
-145
-136
-126
-132
-127
-123
-109
-111
-106
-92
-74
-64
-67
-66
-77
-75
-80
-73
-55
-31
-18
-9
-8
-12
-18
-26
-7
37
67
79
88
95
110
121
121
121
129
135
150
150
167
164
153
153
153
175
165
161
168
178
169
166
167
156
153
153
149
137
157
166
178
183
186
198
192
198
184
165
175
201
226
240
247
249
246
241
240
233
238
234
230
230
226
213
209
214
217
206
200
206
209
214
208
202
198
199
200
213
206
193
194
193
190
181
185
177
182
185
180
186
201
207
218
233
231
245
250
266
274
291
289
292
301
295
291
294
313
311
313
308
312
322
329
343
362
376
376
369
368
370
378
373
367
368
381
371
373
358
332
332
333
341
332
324
308
294
284
281
281
281
291
303
301
285
269
246
218
204
198
190
174
160
156
168
169
165
151
117
108
110
126
134
134
118
96
78
78
96
121
124
112
103
89
87
99
103
86
47
15
6
-3
-24
-27
-29
-38
-65
-60
-83
-97
-100
-108
-100
-119
-121
-125
-105
-83
-56
-35
-11
5
8
7
-1
12
19
13
11
-2
-5
3
6
12
7
6
-14
-12
19
40
66
79
85
81
88
105
110
107
100
84
90
112
129
152
154
147
158
169
168
167
166
161
160
163
170
164
146
155
155
131
136
139
147
145
142
148
148
155
155
169
157
143
125
112
116
125
139
150
140
128
111
89
74
52
34
32
41
63
71
64
58
37
26
17
6
-13
-9
-3
-5
10
12
7
-6
-7
-18
-9
2
5
-2
-3
12
12
15
10
13
7
19
40
37
28
20
4
0
7
16
29
57
72
81
69
43
45
29
19
41
42
52
69
72
76
75
75
72
102
124
139
156
172
189
197
200
181
177
167
165
170
184
200
202
200
194
187
196
190
194
213
221
223
231
238
246
257
257
246
241
242
232
225
222
203
173
148
148
146
152
131
101
88
77
71
65
59
50
44
34
33
16
14
-5
-13
-1
3
4
13
33
38
34
20
25
29
38
42
40
32
21
13
22
23
14
17
14
12
0
-24
-39
-44
-38
-42
-43
-45
-55
-65
-78
-79
-75
-63
-71
-69
-59
-59
-53
-66
-72
-86
-73
-64
-59
-59
-62
-47
-35
-29
-39
-12
3
6
13
24
40
50
54
69
57
47
61
69
81
100
96
75
69
60
65
49
42
39
41
47
38
34
28
9
-2
-4
-3
-7
-14
-13
-33
-49
-39
-36
-19
-28
-30
-34
-29
-20
-19
-18
-9
-19
-36
-46
-53
-74
-102
-121
-131
-128
-131
-137
-142
-142
-144
-147
-165
-184
-190
-183
-168
-158
-171
-202
-238
-257
-248
-222
-202
-196
-206
-223
-239
-233
-226
-234
-232
-241
-257
-270
-267
-267
-278
-296
-292
-298
-305
-307
-303
-288
-286
-280
-296
-304
-294
-269
-244
-235
-213
-201
-184
-182
-188
-201
-198
-189
-172
-158
-145
-144
-140
-122
-124
-134
-155
-178
-183
-167
-144
-125
-113
-118
-122
-102
-87
-94
-107
-123
-126
-110
-102
-83
-67
-68
-63
-65
-62
-60
-56
-72
-83
-94
-109
-114
-140
-150
-157
-152
-141
-129
-112
-107
-109
-77
-55
-54
-45
-41
-35
-24
-21
-23
-38
-52
-58
-68
-60
-50
-56
-60
-74
-94
-109
-120
-120
-90
-90
-100
-97
-99
-97
-94
-104
-131
-149
-147
-119
-114
-106
-109
-133
-147
-157
-156
-164
-170
-184
-179
-167
-165
-153
-163
-170
-170
-167
-176
-187
-196
-195
-209
-213
-211
-211
-216
-217
-211
-208
-215
-220
-233
-255
-254
-243
-241
-258
-273
-265
-245
-230
-236
-252
-263
-269
-268
-266
-249
-250
-251
-250
-234
-240
-259
-271
-279
-282
-288
-288
-271
-267
-254
-251
-261
-249
-251
-233
-213
-190
-169
-149
-129
-123
-121
-130
-137
-135
-127
-112
-102
-122
-131
-148
-155
-150
-160
-164
-167
-169
-182
-184
-205
-225
-244
-240
-240
-236
-239
-230
-223
-212
-202
-201
-195
-185
-157
-166
-176
-184
-178
-171
-158
-152
-162
-165
-158
-160
-168
-166
-167
-146
-138
-140
-141
-169
-165
-174
-192
-184
-198
-195
-192
-206
-228
-244
-251
-250
-251
-259
-250
-253
-244
-241
-246
-275
-301
-308
-324
-303
-284
-263
-249
-254
-252
-257
-256
-229
-214
-210
-192
-175
-169
-163
-156
-141
-145
-142
-131
-125
-121
-128
-119
-109
-113
-123
-140
-158
-145
-140
-140
-145
-160
-165
-177
-177
-185
-180
-198
-207
-198
-197
-192
-197
-198
-207
-202
-201
-194
-184
-176
-179
-190
-189
-187
-196
-211
-215
-218
-212
-205
-205
-206
-191
-171
-169
-176
-198
-220
-219
-201
-178
-168
-171
-185
-202
-208
-211
-217
-212
-222
-232
-226
-212
-201
-189
-181
-187
-210
-215
-203
-202
-216
-228
-253
-270
-273
-301
-317
-322
-307
-300
-293
-308
-313
-289
-263
-230
-225
-213
-202
-203
-200
-201
-200
-191
-193
-194
-199
-206
-212
-221
-217
-201
-208
-227
-247
-257
-257
-233
-208
-204
-211
-215
-201
-182
-174
-178
-185
-189
-198
-196
-184
-165
-157
-153
-169
-185
-194
-198
-193
-197
-205
-211
-215
-223
-236
-240
-244
-245
-249
-245
-258
-256
-239
-226
-214
-204
-187
-185
-199
-213
-225
-233
-206
-192
-172
-159
-163
-158
-154
-151
-170
-190
-203
-188
-164
-151
-152
-146
-160
-180
-184
-188
-214
-244
-249
-240
-217
-209
-223
-228
-237
-249
-244
-243
-255
-271
-281
-258
-249
-242
-250
-261
-262
-263
-246
-248
-258
-258
-259
-268
-274
-271
-276
-277
-274
-268
-262
-266
-279
-280
-292
-313
-315
-314
-306
-299
-274
-255
-253
-252
-258
-258
-248
-230
-219
-215
-214
-212
-209
-219
-234
-250
-248
-234
-222
-209
-205
-186
-179
-171
-173
-175
-172
-162
-157
-164
-142
-126
-114
-106
-120
-132
-128
-119
-113
-100
-118
-127
-134
-145
-155
-156
-160
-161
-172
-174
-167
-173
-173
-167
-144
-126
-116
-126
-115
-115
-112
-94
-88
-73
-54
-37
-43
-48
-51
-40
-28
-27
-27
-28
-23
-22
-28
-33
-38
-45
-39
-40
-27
-25
-44
-44
-45
-51
-57
-59
-42
-35
-27
-36
-39
-42
-46
-60
-52
-52
-60
-55
-52
-47
-47
-57
-70
-74
-67
-59
-48
-28
-11
-3
1
5
11
20
23
40
49
57
65
74
74
70
56
37
52
56
66
71
77
71
59
57
53
60
55
46
31
31
30
22
13
15
12
4
14
13
12
10
6
10
33
34
34
42
37
47
42
39
61
57
67
78
74
48
19
25
21
36
18
5
10
17
40
48
28
-4
-32
-36
-6
33
38
23
-3
-29
-34
-9
-2
15
35
14
-6
-14
-10
8
9
-9
-27
-30
-34
-13
-13
-27
-54
-73
-78
-87
-64
-62
-64
-54
-56
-64
-63
-44
-24
0
12
15
7
-3
-25
-25
-13
-22
-29
-39
-53
-55
-57
-55
-37
-34
-44
-73
-100
-88
-68
-48
-36
-50
-62
-47
-33
-26
-40
-62
-75
-59
-30
-5
8
-1
-12
-27
-27
-17
-4
-31
-50
-58
-66
-69
-56
-50
-68
-78
-86
-85
-74
-58
-47
-21
-18
-5
4
7
8
-15
-27
-35
-54
-47
-45
-40
-10
-11
-24
-46
-61
-78
-93
-82
-84
-72
-68
-66
-65
-70
-77
-74
-83
-88
-82
-81
-78
-61
-71
-80
-74
-86
-95
-100
-109
-105
-109
-113
-95
-93
-97
-102
-117
-117
-100
-85
-72
-74
-87
-112
-107
-115
-129
-125
-123
-125
-120
-124
-133
-122
-127
-135
-130
-128
-125
-133
-140
-125
-126
-132
-136
-151
-159
-152
-132
-122
-116
-123
-126
-133
-147
-158
-154
-147
-148
-140
-142
-137
-135
-147
-151
-172
-180
-185
-171
-145
-132
-115
-104
-112
-115
-120
-123
-106
-105
-95
-99
-108
-111
-118
-119
-113
-111
-125
-138
-139
-136
-143
-160
-182
-187
-195
-172
-160
-147
-134
-138
-134
-139
-145
-144
-137
-125
-121
-116
-107
-103
-92
-78
-68
-63
-59
-57
-57
-60
-59
-65
-82
-84
-91
-85
-80
-93
-100
-102
-102
-111
-112
-117
-116
-120
-126
-136
-148
-143
-133
-130
-135
-146
-154
-159
-172
-171
-170
-173
-165
-164
-165
-169
-175
-184
-176
-183
-172
-167
-162
-168
-173
-174
-175
-162
-141
-117
-120
-114
-126
-152
-158
-164
-163
-168
-174
-167
-154
-166
-184
-196
-185
-186
-188
-191
-213
-213
-224
-229
-226
-241
-242
-233
-240
-239
-234
-227
-220
-200
-179
-164
-154
-142
-146
-151
-138
-144
-151
-156
-147
-139
-142
-160
-155
-141
-127
-124
-138
-158
-159
-144
-116
-99
-127
-151
-177
-172
-157
-143
-126
-140
-131
-127
-122
-119
-120
-115
-120
-128
-144
-145
-149
-143
-150
-171
-187
-199
-208
-229
-231
-219
-213
-206
-208
-227
-228
-223
-196
-168
-149
-129
-126
-128
-139
-145
-155
-164
-159
-158
-146
-152
-158
-159
-159
-170
-190
-216
-235
-234
-215
-201
-190
-198
-218
-210
-200
-185
-174
-175
-201
-204
-198
-200
-197
-214
-215
-207
-202
-207
-223
-230
-250
-253
-252
-245
-244
-248
-247
-243
-231
-240
-238
-240
-224
-213
-217
-213
-202
-190
-174
-186
-211
-202
-200
-191
-187
-188
-177
-183
-194
-193
-208
-223
-236
-246
-252
-259
-244
-234
-228
-228
-234
-245
-263
-275
-287
-298
-306
-292
-273
-261
-259
-278
-287
-296
-294
-286
-292
-294
-304
-298
-276
-274
-284
-291
-284
-286
-283
-309
-318
-330
-330
-334
-346
-352
-363
-363
-371
-364
-362
-365
-376
-402
-415
-404
-410
-416
-410
-417
-415
-411
-423
-416
-422
-429
-430
-428
-438
-438
-442
-440
-430
-431
-430
-441
-452
-462
-459
-455
-449
-444
-432
-432
-442
-456
-466
-462
-456
-435
-436
-432
-418
-413
-421
-429
-414
-398
-395
-392
-387
-383
-388
-394
-387
-370
-354
-354
-359
-373
-366
-351
-344
-340
-350
-355
-359
-350
-348
-343
-326
-310
-293
-279
-266
-260
-270
-277
-283
-281
-268
-269
-269
-271
-289
-291
-287
-291
-285
-287
-282
-279
-273
-281
-290
-292
-286
-276
-268
-263
-250
-248
-248
-253
-254
-257
-263
-267
-274
-271
-265
-266
-275
-277
-284
-286
-283
-284
-282
-261
-243
-232
-205
-202
-210
-205
-204
-192
-187
-184
-169
-157
-158
-150
-153
-161
-158
-153
-147
-159
-172
-178
-176
-176
-170
-158
-158
-149
-146
-154
-152
-162
-162
-170
-169
-181
-196
-183
-167
-167
-187
-196
-188
-186
-176
-177
-180
-181
-170
-155
-146
-134
-125
-116
-104
-115
-134
-140
-143
-131
-128
-127
-128
-137
-141
-127
-131
-144
-171
-180
-167
-147
-110
-105
-110
-132
-144
-126
-105
-79
-76
-72
-71
-69
-73
-66
-65
-68
-93
-97
-83
-78
-65
-64
-70
-73
-88
-101
-108
-108
-102
-86
-75
-79
-83
-87
-82
-67
-52
-50
-31
-42
-47
-49
-44
-43
-43
-43
-53
-56
-59
-52
-44
-53
-54
-61
-97
-108
-90
-88
-79
-83
-96
-112
-115
-105
-107
-94
-107
-122
-110
-108
-101
-86
-83
-100
-111
-108
-111
-116
-116
-108
-124
-138
-139
-139
-125
-117
-106
-110
-124
-129
-125
-112
-87
-78
-76
-54
-54
-45
-51
-59
-45
-45
-36
-40
-35
-37
-30
-20
-31
-39
-44
-51
-60
-72
-56
-32
-22
-22
-25
-32
-35
-36
-45
-44
-62
-59
-47
-50
-41
-45
-45
-48
-49
-42
-51
-56
-62
-59
-44
-31
-29
-41
-43
-38
-24
-14
-21
-31
-42
-35
-22
-10
-15
-31
-35
-26
-11
-3
-10
-28
-43
-67
-70
-64
-69
-58
-37
-28
-30
-35
-32
-35
-28
-19
-20
-13
-2
4
10
10
-5
-14
-7
-4
-7
-3
2
5
7
13
2
1
11
24
44
51
66
75
79
85
72
71
75
80
79
88
78
65
64
53
43
44
35
28
27
31
26
11
4
-10
-16
-12
-16
-21
-18
-16
0
4
8
20
33
47
46
45
36
29
26
26
24
37
42
48
60
52
38
31
24
29
44
46
48
33
15
7
1
3
1
6
11
13
15
8
-13
-17
-23
-36
-29
-11
11
17
8
3
7
7
7
4
8
6
16
18
14
23
27
29
22
20
11
6
-2
-3
-4
-4
-13
-39
-26
-33
-50
-55
-65
-65
-61
-45
-55
-56
-56
-73
-94
-99
-95
-105
-110
-113
-125
-133
-139
-147
-166
-174
-186
-187
-179
-173
-173
-174
-163
-153
-149
-149
-145
-135
-129
-134
-153
-167
-161
-164
-160
-158
-160
-153
-139
-134
-139
-148
-162
-171
-171
-154
-143
-138
-151
-161
-164
-175
-166
-147
-139
-138
-143
-135
-126
-126
-127
-145
-153
-152
-160
-163
-161
-172
-168
-169
-193
-200
-212
-202
-194
-192
-194
-199
-206
-216
-214
-195
-198
-181
-165
-159
-156
-156
-151
-158
-173
-181
-188
-191
-196
-196
-188
-189
-187
-201
-213
-230
-250
-231
-215
-209
-200
-214
-219
-210
-220
-212
-210
-221
-209
-193
-185
-168
-157
-157
-151
-150
-148
-144
-133
-131
-138
-153
-163
-172
-171
-177
-157
-160
-169
-169
-181
-171
-165
-145
-125
-113
-101
-90
-78
-82
-90
-108
-106
-98
-84
-71
-79
-75
-76
-94
-117
-125
-135
-136
-125
-101
-81
-66
-70
-78
-84
-100
-103
-101
-101
-104
-101
-83
-75
-84
-100
-127
-132
-120
-117
-112
-127
-129
-128
-111
-99
-100
-100
-101
-94
-102
-97
-88
-89
-103
-108
-115
-103
-104
-102
-91
-75
-67
-76
-77
-91
-93
-99
-93
-87
-100
-104
-98
-100
-108
-104
-124
-127
-139
-141
-133
-129
-127
-130
-138
-152
-166
-187
-185
-182
-174
-166
-154
-150
-148
-148
-143
-149
-158
-163
-144
-142
-142
-136
-146
-145
-140
-143
-149
-146
-138
-124
-115
-121
-123
-116
-114
-119
-113
-140
-144
-153
-163
-170
-184
-196
-209
-210
-219
-217
-216
-214
-203
-191
-181
-167
-144
-135
-128
-142
-144
-133
-130
-120
-125
-121
-112
-108
-114
-115
-112
-102
-102
-108
-99
-107
-113
-113
-129
-132
-141
-122
-119
-115
-119
-127
-124
-130
-135
-147
-148
-152
-152
-157
-155
-140
-142
-148
-150
-153
-147
-134
-130
-118
-108
-107
-93
-90
-81
-82
-86
-87
-88
-82
-81
-78
-81
-72
-80
-70
-77
-74
-69
-70
-83
-85
-77
-94
-101
-97
-101
-108
-99
-92
-99
-99
-110
-113
-111
-101
-104
-108
-98
-90
-87
-85
-77
-85
-85
-85
-79
-69
-48
-41
-34
-28
-21
-20
-23
-42
-56
-52
-46
-48
-48
-56
-49
-33
-39
-58
-92
-99
-89
-63
-54
-40
-44
-74
-79
-81
-58
-50
-45
-52
-54
-43
-40
-39
-27
-22
-22
-22
-32
-19
-18
-8
-10
-24
-31
-38
-45
-32
-17
-7
-10
-24
-23
-29
-7
15
44
61
73
78
69
73
68
60
72
67
52
49
22
37
51
56
64
52
45
36
56
71
93
110
97
99
99
108
125
128
105
108
109
120
137
126
117
109
107
109
116
128
140
130
127
103
95
91
84
86
72
68
60
64
70
78
84
76
79
100
105
109
96
97
103
101
91
82
98
105
103
102
98
77
67
56
41
48
65
72
76
77
78
78
65
61
64
56
50
61
73
87
100
92
68
63
74
78
71
72
73
86
88
90
98
77
68
57
50
62
73
64
56
45
44
50
39
42
40
33
12
-3
-8
-6
-7
-1
1
-6
-3
3
11
5
-3
-11
-2
1
8
23
21
28
33
43
56
48
51
51
51
70
82
98
103
117
123
125
116
107
94
92
114
125
128
128
140
148
154
153
150
160
173
180
184
171
169
168
166
156
145
145
137
136
147
161
160
155
147
143
139
143
147
161
178
179
179
180
193
191
192
197
188
195
194
196
216
221
222
225
233
230
231
235
232
239
239
242
235
218
200
211
237
247
247
251
251
251
250
246
248
238
232
224
233
253
252
258
259
253
242
245
248
257
251
254
265
281
294
315
326
325
324
329
331
338
336
338
332
328
325
326
333
330
332
326
322
325
336
338
326
301
290
283
288
295
289
281
249
237
230
211
195
181
176
154
166
173
174
162
136
137
152
166
174
188
188
190
194
183
165
155
150
150
152
145
127
120
134
147
149
142
114
106
118
141
177
185
169
141
118
110
119
128
135
127
132
125
132
155
142
147
130
126
127
138
139
135
132
111
94
83
77
89
96
96
103
91
84
86
95
117
132
144
169
178
180
184
176
163
160
159
153
150
139
145
154
173
164
144
116
78
77
84
118
130
136
130
106
101
101
111
112
108
116
122
149
160
145
132
120
134
136
140
148
139
124
104
94
85
83
82
76
75
73
74
75
87
91
92
108
117
146
164
162
156
147
140
122
117
117
115
138
137
150
144
128
106
82
73
89
100
99
112
112
119
119
105
91
78
77
95
106
117
120
121
115
110
100
92
89
88
84
99
118
124
123
126
129
138
135
147
147
130
137
137
144
142
138
122
117
116
102
93
96
88
81
75
71
62
71
94
101
95
94
85
74
81
101
119
124
141
145
154
151
141
136
123
131
129
124
134
133
141
132
126
121
110
101
105
112
118
127
131
142
144
133
131
133
135
144
153
162
150
141
148
141
134
132
127
118
123
123
126
126
119
121
114
122
127
134
135
143
150
141
153
152
164
185
178
160
149
148
149
157
157
152
155
159
165
156
147
144
138
149
148
148
171
166
151
148
148
162
156
153
152
146
144
132
127
128
134
150
143
133
135
133
135
128
128
124
124
125
140
142
143
142
137
148
150
149
152
160
164
161
151
140
130
121
119
115
102
91
73
73
69
65
58
49
38
16
6
0
15
19
6
-20
-36
-46
-46
-43
-51
-65
-59
-36
-16
-12
-14
-26
-39
-28
-10
0
-5
-15
-20
-26
-37
-49
-52
-49
-49
-43
-42
-60
-56
-60
-59
-60
-84
-105
-106
-82
-57
-24
-15
-30
-67
-84
-88
-87
-80
-79
-87
-85
-77
-65
-68
-50
-31
-40
-44
-53
-48
-54
-48
-46
-55
-61
-60
-67
-68
-67
-65
-68
-79
-77
-78
-68
-41
-29
-17
-1
-3
-22
-23
-32
-43
-32
-14
-7
-19
-20
-31
-34
-43
-40
-35
-51
-75
-83
-69
-46
-30
-22
-31
-48
-35
-18
-12
-12
-15
-10
-9
3
22
13
12
-1
-3
-4
-13
-9
-21
-31
-32
-40
-50
-61
-79
-77
-76
-85
-82
-81
-71
-66
-62
-44
-38
-41
-30
-29
-45
-55
-55
-57
-58
-67
-75
-80
-86
-87
-95
-104
-118
-129
-131
-121
-108
-106
-105
-101
-100
-93
-93
-110
-129
-135
-127
-111
-105
-101
-106
-119
-146
-169
-178
-194
-202
-216
-220
-200
-184
-190
-182
-185
-183
-185
-165
-157
-163
-159
-168
-162
-158
-165
-165
-154
-153
-153
-162
-178
-189
-199
-191
-179
-186
-186
-208
-221
-212
-207
-204
-212
-216
-220
-229
-228
-221
-229
-228
-230
-234
-239
-260
-267
-277
-273
-269
-283
-293
-295
-295
-294
-292
-287
-282
-282
-289
-293
-283
-266
-269
-253
-251
-255
-248
-250
-242
-257
-273
-281
-277
-268
-267
-267
-280
-302
-302
-306
-308
-317
-325
-323
-318
-310
-301
-299
-318
-320
-325
-325
-322
-324
-310
-321
-328
-328
-333
-331
-334
-330
-327
-320
-325
-314
-311
-304
-312
-305
-288
-293
-303
-317
-321
-320
-313
-318
-306
-305
-307
-306
-302
-298
-289
-285
-289
-293
-297
-295
-279
-279
-292
-283
-293
-297
-295
-288
-286
-267
-268
-255
-240
-241
-224
-230
-218
-212
-212
-206
-196
-187
-187
-202
-208
-210
-220
-226
-222
-208
-201
-199
-193
-201
-198
-192
-192
-194
-187
-187
-188
