169
165
165
160
160
166
176
182
186
184
190
196
187
178
153
151
149
155
162
164
160
141
131
130
131
141
145
148
149
131
138
149
156
164
164
177
180
157
153
148
150
152
150
157
159
176
175
175
182
185
184
177
164
164
167
167
175
165
148
139
150
158
174
166
162
150
144
137
118
115
122
127
121
119
115
115
101
79
71
63
61
58
49
30
28
19
21
28
24
16
12
3
-15
-14
-10
-9
-3
0
-8
-11
-27
-19
-20
-17
-17
-27
-33
-44
-60
-64
-70
-63
-34
-37
-28
-20
-17
-9
0
22
31
46
33
38
44
23
22
13
7
7
4
0
11
14
1
1
-4
-4
-4
-2
-12
-13
-6
-5
-18
-34
-27
-21
-22
-18
0
-4
0
-8
-25
-32
-34
-41
-47
-45
-64
-81
-93
-105
-116
-116
-120
-155
-179
-188
-197
-175
-156
-144
-121
-124
-120
-133
-135
-146
-165
-163
-159
-166
-190
-200
-217
-231
-244
-236
-218
-212
-201
-199
-207
-215
-217
-212
-200
-204
-227
-241
-227
-215
-203
-214
-222
-267
-303
-288
-252
-212
-197
-201
-235
-233
-220
-201
-161
-137
-151
-179
-209
-230
-228
-214
-182
-184
-200
-197
-191
-185
-170
-186
-224
-254
-279
-277
-245
-213
-209
-234
-266
-296
-296
-286
-268
-234
-224
-204
-179
-169
-170
-176
-178
-162
-181
-189
-191
-186
-187
-204
-220
-260
-244
-214
-198
-177
-181
-206
-210
-196
-157
-112
-87
-84
-98
-95
-77
-53
-34
-11
-12
-46
-58
-65
-91
-113
-136
-171
-175
-168
-162
-149
-152
-150
-153
-154
-157
-143
-119
-98
-71
-63
-66
-56
-51
-63
-64
-65
-73
-80
-88
-101
-127
-161
-178
-186
-188
-186
-195
-194
-196
-213
-234
-245
-248
-241
-224
-217
-222
-210
-189
-187
-180
-175
-176
-165
-166
-175
-169
-170
-175
-186
-198
-197
-190
-198
-188
-192
-215
-213
-204
-197
-194
-184
-185
-173
-175
-177
-181
-203
-211
-197
-187
-194
-204
-218
-222
-227
-245
-246
-223
-216
-210
-225
-246
-239
-209
-198
-185
-171
-175
-167
-167
-151
-141
-139
-143
-160
-178
-185
-178
-172
-161
-173
-192
-205
-223
-217
-217
-228
-236
-248
-260
-264
-255
-239
-229
-214
-214
-204
-196
-204
-208
-223
-236
-233
-223
-225
-243
-259
-266
-278
-297
-311
-313
-319
-319
-332
-337
-319
-299
-278
-278
-272
-283
-292
-291
-297
-287
-290
-289
-287
-288
-293
-295
-277
-280
-276
-289
-307
-319
-325
-319
-332
-338
-352
-356
-364
-373
-370
-355
-348
-350
-337
-325
-324
-317
-320
-321
-319
-313
-298
-287
-279
-285
-299
-286
-282
-286
-280
-270
-268
-262
-257
-267
-278
-268
-275
-269
-275
-281
-276
-278
-265
-259
-273
-278
-267
-253
-234
-226
-225
-223
-220
-226
-226
-212
-203
-211
-226
-213
-213
-224
-219
-231
-249
-253
-245
-244
-252
-260
-254
-262
-259
-243
-240
-231
-238
-235
-234
-216
-201
-205
-187
-165
-144
-138
-133
-140
-152
-148
-154
-160
-163
-182
-186
-183
-171
-180
-213
-230
-238
-240
-237
-211
-193
-195
-189
-189
-188
-141
-111
-100
-108
-126
-132
-133
-115
-115
-126
-125
-127
-139
-132
-135
-125
-131
-123
-116
-126
-118
-117
-117
-118
-113
-112
-113
-91
-69
-58
-51
-49
-31
-13
4
-9
-14
-19
-17
-13
2
8
-7
-32
-52
-50
-34
-27
-38
-29
-48
-50
-43
-14
0
0
7
-9
-15
-6
0
13
46
40
10
1
-16
-12
-27
-45
-62
-108
-122
-121
-110
-98
-102
-118
-125
-111
-95
-92
-84
-78
-68
-39
-22
-5
8
19
15
16
17
17
32
32
23
24
13
5
9
-12
-26
-40
-38
-44
-50
-63
-86
-86
-103
-103
-111
-114
-112
-105
-92
-92
-81
-65
-68
-71
-71
-88
-98
-99
-97
-102
-102
-93
-75
-62
-56
-54
-55
-38
-20
-17
-15
-15
-19
-12
-12
-8
-5
-12
-42
-43
-36
-52
-71
-94
-101
-117
-111
-99
-113
-129
-136
-143
-137
-132
-129
-136
-132
-122
-125
-123
-124
-111
-105
-100
-98
-87
-77
-74
-69
-58
-48
-37
-47
-50
-49
-41
-31
-35
-33
-36
-35
-39
-33
-25
-24
-14
-1
17
15
9
-2
-9
-16
-18
-19
-24
-14
-9
-9
-11
4
-2
-11
-15
-21
-28
-36
-29
-25
-32
-30
-28
-26
-20
-26
-22
-27
-1
1
6
15
7
18
22
18
8
4
-15
-7
-1
14
21
2
3
9
-8
-12
-6
0
12
14
32
49
44
46
45
51
62
65
79
66
41
41
48
55
63
82
81
83
84
75
80
77
71
58
59
53
38
29
41
47
46
54
57
81
88
111
113
111
115
120
126
145
171
177
182
162
153
162
166
174
178
172
148
134
130
111
120
114
112
121
128
145
143
133
117
113
109
119
97
87
89
86
80
74
78
86
94
102
108
110
99
107
121
128
125
100
63
59
75
110
128
132
110
62
70
97
133
179
201
170
151
172
192
214
244
249
214
184
168
172
177
186
194
174
163
161
164
160
158
134
123
123
127
141
157
175
167
155
117
103
116
143
167
169
181
178
173
167
177
181
182
174
142
128
136
167
187
195
172
135
124
153
164
176
152
114
90
84
140
164
173
163
123
89
85
90
103
113
92
54
35
41
38
33
9
-24
-29
0
21
32
21
3
-14
-22
-14
-20
3
14
41
52
43
50
63
92
89
94
100
95
99
85
66
55
47
41
31
26
22
19
8
-6
-21
-25
-25
-33
-34
-40
-33
-26
-32
-35
-31
-19
-6
0
11
6
19
27
14
25
27
26
28
35
42
41
31
30
41
58
74
85
90
106
128
135
143
132
136
146
157
167
154
150
138
133
135
135
123
119
107
101
95
106
119
119
141
136
145
150
160
182
184
188
185
183
197
198
197
203
202
197
183
188
189
186
192
196
192
188
194
192
217
228
239
250
253
263
270
265
254
244
237
231
230
224
214
213
203
209
207
191
186
167
150
136
129
139
156
160
167
166
171
188
185
177
180
189
207
206
202
210
207
210
201
189
179
169
171
176
179
179
181
174
169
183
191
206
215
228
232
235
263
285
286
291
294
299
296
285
280
275
259
262
254
234
223
212
214
208
204
206
219
213
188
175
172
170
168
168
176
178
187
188
165
155
151
163
172
184
178
160
154
154
162
172
195
186
165
155
136
132
133
116
105
114
111
106
106
82
64
35
31
41
37
33
35
50
50
51
60
73
103
118
133
140
139
125
129
125
91
39
22
15
11
40
37
16
-20
-34
-32
-23
15
40
30
24
24
38
73
115
123
104
89
62
48
73
83
84
75
50
42
21
17
10
15
15
17
-1
-14
-33
-57
-68
-72
-66
-62
-61
-55
-44
-47
-48
-41
-52
-55
-64
-75
-76
-68
-62
-73
-96
-108
-124
-136
-119
-101
-87
-85
-76
-63
-62
-59
-34
-6
7
24
20
19
39
54
63
79
66
67
74
56
54
60
62
48
28
8
2
-1
6
10
-11
-8
1
14
22
38
42
40
62
77
99
105
90
77
73
72
66
66
58
47
41
41
55
56
49
42
26
25
29
41
27
24
6
0
19
17
19
36
50
56
75
79
82
79
89
99
99
78
67
71
70
81
78
69
73
75
98
123
134
132
119
109
87
83
78
82
103
106
94
85
81
78
90
88
71
57
54
54
57
53
51
44
40
56
68
78
88
94
96
98
115
126
129
141
148
158
149
133
120
100
93
98
99
103
104
103
117
114
101
95
91
82
65
61
49
57
60
50
59
76
84
73
73
80
78
96
97
96
96
94
100
111
124
125
128
123
120
125
129
133
123
116
118
120
150
163
172
183
182
181
188
188
192
190
188
193
190
170
149
129
107
106
88
82
81
83
88
79
86
77
68
91
107
112
113
110
104
107
124
141
151
165
164
167
157
144
158
161
170
165
169
181
179
174
162
144
125
125
123
138
150
140
126
112
111
116
119
114
126
145
134
123
134
139
125
128
139
132
114
112
107
103
91
97
70
55
52
45
68
82
78
76
79
72
72
69
72
69
52
65
80
70
74
65
56
43
63
80
79
89
85
76
79
73
72
90
105
104
71
36
33
55
57
55
25
-12
-29
-7
34
60
81
87
79
85
119
135
156
165
165
152
147
141
141
140
131
132
129
120
134
145
158
147
117
84
60
69
91
115
132
115
103
91
96
116
120
133
143
163
170
157
151
131
122
125
102
96
109
119
112
95
95
75
68
82
96
96
79
78
68
60
79
104
134
154
147
143
153
159
163
165
167
160
139
136
135
124
108
110
101
104
113
145
161
161
178
172
172
189
216
239
264
272
278
278
269
293
311
321
332
327
337
320
306
293
277
270
286
287
285
289
284
279
275
295
297
297
289
280
278
272
282
295
288
292
298
315
332
338
342
337
345
347
341
339
339
342
343
324
311
304
292
298
300
297
279
271
271
270
249
216
199
194
206
209
214
214
202
194
180
179
168
171
165
160
162
158
166
181
199
229
243
248
245
246
244
232
224
223
216
218
223
224
237
231
224
220
229
233
218
219
207
212
212
203
215
217
215
222
249
264
276
278
287
299
295
285
279
266
270
257
245
239
228
215
199
182
158
151
160
170
178
187
195
195
214
230
234
260
262
270
267
265
274
275
278
285
288
286
290
290
269
255
243
229
223
214
195
180
179
177
178
176
183
183
193
208
213
226
236
245
256
261
262
242
235
226
231
253
231
236
214
201
216
214
211
209
212
215
209
213
210
214
229
221
220
223
219
210
217
221
217
204
199
183
170
172
165
168
158
153
142
130
133
133
120
110
82
72
79
76
75
59
49
42
40
73
79
91
95
97
103
111
123
126
149
170
197
206
214
231
219
215
204
201
203
223
246
253
233
199
181
158
154
161
180
209
212
212
225
245
277
300
313
313
315
307
309
332
353
352
339
328
322
332
329
320
315
319
333
322
332
334
331
319
315
328
339
362
380
390
402
417
415
425
416
405
395
384
371
358
341
329
315
284
241
233
241
253
255
247
240
212
226
250
261
261
247
233
218
246
256
274
299
305
296
282
265
248
263
263
255
217
195
197
194
198
207
186
170
184
189
214
229
249
260
259
289
315
330
337
345
348
341
346
339
348
347
335
335
334
342
343
338
326
320
316
324
326
313
306
305
313
312
311
322
315
316
319
320
335
337
353
356
365
374
372
371
376
378
375
371
382
405
425
446
441
429
431
432
431
431
435
426
416
419
429
426
393
364
358
349
350
348
341
348
345
345
346
350
353
358
369
371
360
359
364
363
360
364
383
397
414
418
428
414
405
400
394
393
375
372
380
371
368
375
359
342
332
315
314
307
304
293
281
269
270
284
280
275
256
244
247
242
228
222
204
202
211
191
190
169
143
111
98
100
88
79
84
101
111
99
94
87
95
104
121
145
155
164
164
182
205
212
228
230
236
241
247
256
263
260
254
259
251
254
251
241
246
243
236
249
261
272
287
289
281
275
292
324
352
367
365
359
367
374
364
355
368
382
380
377
369
367
366
364
376
380
372
375
368
374
389
403
431
443
430
421
401
405
401
394
382
348
328
329
315
288
291
295
291
308
317
294
291
279
254
245
242
256
260
274
272
274
265
256
255
241
260
248
235
214
205
194
192
203
205
221
246
243
224
224
224
226
232
226
199
194
187
202
243
262
244
197
166
152
161
195
236
249
218
210
213
226
243
265
267
228
202
191
195
218
235
217
216
204
202
223
227
227
214
220
217
234
264
309
312
290
276
251
269
304
359
401
435
439
444
454
453
447
447
456
445
435
439
455
467
466
443
415
408
425
447
455
434
411
374
354
373
411
444
464
450
442
454
485
523
532
521
490
477
478
493
498
481
451
418
412
436
440
444
433
425
418
417
425
425
447
453
459
458
458
459
467
475
474
455
441
423
403
392
387
368
338
337
348
351
336
320
289
258
246
251
250
272
280
278
270
263
265
268
275
279
283
277
261
270
282
297
305
288
295
298
307
312
313
320
330
338
352
377
381
373
356
354
358
365
368
367
367
362
373
365
347
347
346
341
332
312
300
285
282
292
298
319
323
323
324
352
384
404
403
413
430
437
452
453
446
449
466
487
520
543
532
520
515
517
522
523
532
537
533
532
530
506
517
531
543
570
581
575
564
554
528
515
517
514
506
502
485
464
464
466
465
442
421
412
405
406
407
415
421
441
439
452
464
458
455
439
435
421
415
404
404
399
399
409
395
373
351
340
345
349
348
348
339
330
330
329
320
319
324
319
325
319
311
291
276
273
266
266
276
285
269
264
268
271
268
269
266
257
254
256
243
232
227
236
241
258
280
281
286
297
317
320
334
349
359
380
401
413
405
400
393
396
389
390
398
387
395
379
372
356
348
343
326
327
333
331
310
297
291
291
290
287
282
285
288
300
310
318
315
307
316
323
326
329
332
343
344
327
297
273
261
261
269
253
232
207
184
187
206
219
225
219
209
195
215
225
240
260
246
237
220
218
223
227
216
209
206
205
201
204
198
172
156
142
139
136
140
120
94
87
81
92
104
114
120
126
134
139
143
134
119
97
86
90
89
85
93
99
87
63
28
30
34
42
42
29
39
39
55
77
82
94
84
60
45
38
45
63
85
89
88
77
75
75
64
62
51
53
53
74
91
87
82
81
80
89
103
114
146
165
173
181
183
182
194
223
223
219
231
218
218
230
225
215
207
213
204
201
197
208
236
240
222
204
195
182
183
182
180
172
180
199
219
214
205
192
192
205
219
225
198
187
193
213
211
209
207
205
213
213
203
188
171
146
132
119
116
117
110
95
80
84
83
73
66
59
61
57
47
48
51
41
25
17
0
1
12
3
-8
-4
5
-14
-20
-33
-46
-47
-60
-48
-48
-35
-19
-13
-4
-3
-2
2
21
38
44
55
66
63
56
46
48
33
43
56
58
50
53
68
69
68
70
55
54
61
49
60
54
47
44
38
32
18
22
7
2
-2
-14
-17
-16
-19
-17
-16
-23
-25
-28
-26
-12
12
22
38
57
74
87
88
84
89
88
86
92
88
94
97
94
75
57
59
60
36
6
-10
-10
3
5
23
24
18
13
20
48
52
60
62
52
51
51
56
43
30
31
34
40
44
43
41
36
26
18
5
5
3
8
17
18
25
28
24
12
17
16
23
26
20
9
10
2
-23
-34
-44
-66
-69
-51
-71
-80
-68
-67
-76
-64
-62
-56
-33
-22
-17
-28
-27
-43
-46
-33
-15
-17
-31
-42
-49
-47
-53
-53
-75
-75
-85
-89
-86
-84
-56
-42
-36
-42
-47
-52
-37
-1
18
17
4
-13
-12
-3
34
50
50
55
66
81
85
119
127
121
123
118
119
122
110
108
99
80
81
74
87
96
102
93
69
46
26
35
46
62
64
66
57
32
15
7
3
14
31
58
73
69
53
49
63
76
74
72
74
81
96
110
125
116
88
70
70
87
80
78
63
31
39
40
56
68
56
55
65
71
79
96
102
107
104
77
63
51
35
32
15
2
-12
-33
-30
-37
-39
-53
-55
-41
-36
-9
17
31
33
29
32
64
104
114
111
103
88
83
77
59
36
13
11
18
15
9
5
-1
3
-5
-25
-44
-52
-45
-21
-10
-11
-11
-12
-13
-11
16
18
15
11
4
1
5
9
-4
6
-9
-4
-5
-10
-14
-23
-21
-13
5
22
38
52
62
68
67
68
86
99
109
116
107
89
77
74
67
55
24
9
-1
-10
8
-4
-7
12
10
11
18
38
59
86
97
90
63
44
42
38
42
33
31
12
1
-4
0
-12
-22
-29
-38
-37
-35
-27
-16
-20
-22
-9
3
26
18
24
21
16
20
16
21
18
23
16
5
0
-5
-14
-29
-35
-64
-69
-75
-62
-46
-26
-18
-29
-8
8
41
61
68
72
72
79
88
75
63
78
87
81
81
73
77
97
99
105
91
71
79
104
110
102
99
105
113
121
130
137
133
133
120
117
109
109
116
110
108
106
108
115
112
117
121
123
130
151
173
157
153
164
170
197
208
209
210
212
194
190
201
179
169
160
162
160
149
144
120
107
100
81
84
85
106
104
88
99
85
95
119
124
141
158
177
157
132
118
97
95
107
107
113
133
137
131
137
168
182
209
244
248
245
235
244
246
248
249
230
220
228
232
241
242
219
208
198
197
205
232
257
254
236
241
252
275
328
348
348
336
332
333
351
377
378
384
381
357
338
338
341
351
356
358
358
347
357
346
343
313
300
307
314
345
366
386
389
382
392
399
407
405
399
399
404
406
399
391
389
377
353
343
347
366
403
418
415
410
432
462
498
520
516
501
494
511
517
540
558
570
554
526
507
481
488
463
441
428
426
424
413
398
374
359
380
396
402
414
410
432
445
457
473
465
467
470
465
474
468
477
481
479
466
451
443
430
422
410
426
434
439
434
419
410
411
431
449
459
465
458
457
458
461
466
449
440
450
452
451
458
450
436
431
427
425
450
452
445
446
440
462
462
452
456
456
476
491
493
495
496
489
483
480
461
441
435
427
435
431
438
435
428
434
436
434
431
443
453
472
479
479
481
475
478
469
469
467
465
459
448
445
449
437
437
451
450
440
439
463
488
493
478
460
460
473
474
486
481
486
480
475
477
465
459
464
473
472
458
472
464
456
464
456
469
475
473
458
447
448
442
448
459
483
494
503
514
516
494
491
506
505
501
491
494
495
504
516
519
508
498
493
497
500
505
514
504
509
508
511
516
508
502
496
481
480
473
480
481
475
463
450
459
460
467
459
468
474
494
497
495
496
491
490
492
494
494
492
496
504
503
500
484
476
463
462
458
469
461
463
474
490
511
516
511
518
535
533
533
550
542
540
560
566
566
554
549
510
479
469
471
474
499
511
506
503
500
504
497
500
497
505
532
540
530
533
545
550
544
542
524
520
539
538
515
496
481
471
478
469
441
404
386
397
439
467
456
425
391
384
401
434
458
456
451
428
415
414
426
431
435
417
384
378
355
343
320
304
304
300
306
323
327
337
325
285
272
270
289
312
323
312
297
262
230
221
224
242
260
281
294
282
271
267
258
258
266
244
247
261
278
300
293
278
245
228
235
265
285
268
234
218
219
243
270
273
265
250
251
260
276
292
290
279
251
230
238
228
223
227
216
220
220
212
219
219
224
250
262
276
287
305
317
317
321
308
323
345
372
385
390
406
398
375
350
332
329
316
320
326
318
300
279
270
249
245
245
254
257
252
250
242
250
243
232
245
255
269
275
268
248
231
222
222
225
232
227
218
216
204
182
166
159
156
159
153
146
151
166
184
183
170
162
143
151
149
152
154
145
140
135
137
115
91
69
45
42
49
55
60
44
14
15
29
43
71
84
100
92
81
76
70
83
96
108
122
112
114
97
91
84
76
62
47
49
54
57
54
61
68
81
75
85
104
125
127
144
150
159
160
154
152
146
151
160
166
171
152
117
109
110
125
151
144
141
144
156
163
165
162
163
192
204
219
230
231
242
253
254
264
271
270
286
284
288
301
285
269
249
246
252
260
253
256
263
264
273
270
273
283
298
309
323
335
354
340
342
337
329
341
342
342
323
317
304
290
281
271
262
254
250
239
224
231
234
237
225
225
229
208
209
203
183
171
150
144
123
111
100
92
87
86
88
70
49
32
18
13
19
25
15
25
47
66
70
60
54
56
91
112
119
122
133
149
125
125
142
151
158
166
166
170
161
145
151
149
151
156
152
173
196
200
177
145
108
100
125
141
191
203
199
206
197
214
262
297
309
333
322
314
331
327
343
348
336
324
313
328
326
332
325
313
310
294
294
288
285
283
267
260
275
292
303
308
320
319
313
312
320
348
333
314
316
315
300
298
293
271
264
262
271
279
289
293
264
268
271
275
294
296
293
287
306
317
342
362
381
398
389
380
362
363
362
341
315
304
305
321
336
330
315
304
293
288
290
309
320
324
351
353
361
364
362
363
372
396
400
385
389
384
390
409
401
402
406
402
389
382
390
376
356
350
347
370
373
386
383
368
370
386
411
428
436
447
447
460
458
445
434
422
419
416
430
420
411
420
432
443
437
429
426
421
417
426
446
452
451
467
483
489
477
469
469
471
473
471
453
431
423
402
384
375
377
396
400
406
406
394
381
382
399
406
408
417
426
418
408
410
410
408
416
412
396
376
362
351
346
337
338
337
324
300
278
265
251
246
237
250
256
261
250
238
254
257
261
265
257
221
210
201
195
201
208
199
182
178
166
165
169
179
189
201
203
198
215
210
218
241
266
281
292
285
263
255
262
275
286
280
250
239
233
237
232
219
220
221
206
204
210
203
212
210
208
225
252
267
268
269
281
292
304
314
313
315
320
340
335
331
337
336
338
349
335
321
327
324
334
350
368
369
369
381
392
404
406
397
398
402
407
410
399
390
379
372
366
352
359
352
347
338
334
317
334
343
337
338
336
328
319
317
308
303
309
328
326
313
304
282
285
302
296
297
291
293
282
253
256
260
264
267
264
245
246
237
229
226
210
192
149
117
108
110
114
98
80
59
52
68
87
133
148
132
124
116
132
152
177
173
153
142
106
99
94
103
115
110
97
86
102
99
98
93
83
87
92
122
146
166
151
137
117
103
118
139
178
205
219
220
202
200
204
212
220
214
187
188
218
253
275
262
232
216
225
255
282
295
272
231
213
218
245
272
286
283
257
239
246
264
280
276
269
244
227
223
226
214
183
164
147
158
195
206
202
201
194
186
190
192
191
205
194
199
184
169
172
166
159
150
140
126
123
115
117
112
101
84
87
83
75
85
79
74
50
33
22
15
7
13
20
19
31
25
25
25
29
23
37
55
57
76
76
60
51
48
50
58
46
26
30
28
35
42
26
48
43
46
39
34
27
7
5
8
18
19
17
11
15
33
38
35
45
53
56
54
70
83
77
84
97
118
130
144
150
153
142
138
140
163
176
200
218
223
234
207
210
223
216
221
219
222
207
190
191
195
206
224
243
255
283
292
303
302
298
277
265
264
263
271
268
267
252
237
240
248
227
193
200
216
222
228
239
242
248
253
248
268
275
279
276
256
254
260
266
273
284
283
277
271
257
241
229
228
220
223
223
227
221
196
180
185
182
199
216
229
244
239
233
229
224
222
227
247
240
231
218
213
218
218
225
213
209
220
233
239
253
248
242
245
235
227
229
210
205
210
234
239
238
226
209
213
212
212
209
229
198
208
206
191
192
195
201
185
186
175
186
191
173
164
158
188
220
235
236
215
192
202
217
209
217
234
223
226
215
217
239
247
267
273
256
246
251
262
268
267
263
276
280
279
262
225
220
209
207
208
219
229
226
210
198
206
261
321
333
324
291
273
267
284
321
318
329
329
322
321
306
300
303
316
339
349
351
351
334
293
287
274
267
282
307
333
330
333
343
344
333
312
318
339
323
331
339
356
372
392
375
337
321
333
350
364
358
337
338
360
365
358
414
487
462
403
397
415
426
425
429
447
512
502
433
377
363
329
316
299
338
405
434
421
386
397
391
397
400
397
386
399
409
424
452
471
466
471
495
500
484
472
468
492
506
503
511
525
517
526
530
530
530
509
511
529
532
537
536
535
517
510
566
608
594
563
540
498
483
500
502
547
556
551
546
506
458
400
402
435
515
592
626
619
632
616
575
564
572
576
584
586
571
579
569
553
541
556
576
556
546
542
531
520
510
503
517
524
531
534
523
543
557
542
535
563
590
594
574
578
588
578
560
540
541
527
490
499
523
549
578
587
574
563
546
527
534
544
553
558
541
530
523
520
515
509
521
537
549
533
519
507
505
518
547
545
513
501
490
482
482
482
504
515
517
526
533
543
541
543
567
589
584
586
586
591
593
589
599
605
595
582
575
553
539
518
522
544
557
563
551
538
535
522
512
511
511
525
551
571
567
549
520
503
490
491
501
497
495
500
508
511
508
488
474
464
459
458
452
437
451
443
445
438
434
438
424
427
421
416
410
386
386
378
346
354
344
340
340
329
298
263
248
230
220
225
219
201
200
184
146
117
115
96
89
96
96
81
55
85
115
137
162
145
134
124
125
108
90
100
100
101
104
93
68
56
52
64
79
71
71
47
27
24
29
40
46
53
41
40
21
-14
0
44
76
92
107
123
120
95
55
32
13
-11
-36
-45
-36
-4
-4
-8
5
10
8
-8
-23
-24
4
26
23
23
37
38
-1
-36
-48
-30
-11
6
-2
-15
-9
-37
-79
-103
-86
-50
-39
-58
-90
-97
-98
-103
-97
-75
-38
-21
-44
-50
-51
-47
-49
-77
-91
-48
-9
11
30
26
4
-37
-61
-65
-56
-29
-20
-16
2
10
0
-4
-14
-34
-38
-36
-30
-15
-18
-41
-74
-86
-95
-103
-108
-87
-66
-56
-20
3
-2
-17
-46
-80
-103
-97
-85
-78
-59
-61
-70
-77
-68
-78
-80
-48
-30
-12
-30
-76
-98
-97
-93
-99
-100
-97
-89
-82
-113
-149
-152
-123
-101
-98
-85
-47
-23
-15
-32
-64
-69
-49
-33
-52
-49
-41
-46
-52
-92
-94
-80
-89
-128
-143
-128
-119
-129
-155
-176
-182
-180
-169
-150
-116
-90
-94
-121
-119
-117
-127
-132
-147
-140
-120
-103
-139
-168
-170
-182
-187
-191
-188
-178
-144
-138
-155
-159
-183
-240
-276
-283
-259
-224
-203
-192
-188
-198
-219
-239
-250
-243
-203
-173
-185
-166
-156
-169
-192
-243
-291
-297
-263
-261
-249
-229
-224
-249
-299
-290
-271
-264
-264
-281
-246
-202
-192
-205
-216
-205
-152
-113
-80
-74
-95
-118
-176
-220
-224
-198
-213
-233
-236
-204
-170
-190
-239
-234
-192
-136
-124
-157
-147
-95
-70
-129
-170
-145
-103
-109
-134
-143
-113
-96
-136
-178
-160
-93
-36
-30
-56
-10
57
40
-46
-118
-155
-140
-121
-126
-126
-84
-26
-60
-97
-113
-79
-12
-1
-26
10
98
107
27
-62
-80
-53
-38
-76
-102
-56
19
30
-12
-19
9
43
-15
-96
-102
-54
-48
-128
-168
-136
-56
-23
-36
-38
-17
11
-13
-68
-74
-53
-80
-118
-104
-42
-8
-65
-156
-195
-161
-141
-181
-215
-207
-182
-191
-229
-250
-216
-174
-186
-209
-189
-147
-131
-200
-275
-263
-174
-95
-104
-131
-137
-134
-199
-271
-316
-280
-222
-182
-151
-104
-58
-97
-167
-186
-110
-41
-8
-33
-46
16
32
-23
-81
-118
-115
-114
-142
-157
-113
-79
-87
-94
-55
-3
3
-39
-79
-65
-21
-38
-74
-37
17
52
46
16
3
43
27
-24
-19
53
114
89
13
-18
22
28
-67
-130
-94
-39
-33
-43
-16
51
111
87
12
-22
-13
-38
-93
-121
-104
-64
-63
-103
-122
-113
-149
-239
-321
-349
-341
-321
-309
-282
-222
-165
-152
-172
-192
-194
-207
-222
-218
-227
-193
-187
-204
-229
-247
-254
-263
-259
-280
-314
-325
-341
-307
-238
-193
-168
-172
-194
-221
-266
-288
-299
-253
-195
-158
-123
-124
-100
-124
-142
-155
-163
-125
-78
-31
21
83
81
42
30
12
-16
-43
-53
-14
42
74
39
-3
31
82
115
122
97
95
111
91
40
29
53
82
94
154
230
297
306
236
148
116
112
96
95
108
140
186
200
178
152
121
84
49
32
56
103
128
136
121
114
127
130
98
82
90
122
130
80
50
44
52
44
33
46
56
70
37
26
10
5
50
83
105
134
161
194
254
314
299
218
163
151
208
281
328
394
499
566
569
550
528
484
493
520
558
591
587
532
498
475
469
490
515
511
537
585
627
696
738
750
771
799
783
744
697
611
539
488
433
408
403
388
373
384
419
478
547
577
539
474
393
355
327
281
245
243
287
310
298
221
200
240
281
237
197
206
241
259
192
83
65
79
41
10
-45
-36
4
55
102
134
172
136
59
19
49
95
94
76
6
-23
12
53
82
210
341
413
478
554
615
680
724
708
698
719
687
601
533
468
430
435
449
471
531
566
547
523
574
688
836
947
979
963
890
793
687
604
531
413
327
285
305
389
425
405
406
451
465
474
459
447
401
326
208
113
53
6
-19
-51
-65
-95
-141
-208
-210
-166
-150
-205
-258
-247
-199
-170
-228
-338
-410
-410
-463
-552
-605
-561
-503
-485
-545
-563
-472
-369
-354
-447
-472
-424
-359
-339
-340
-297
-204
-136
-132
-147
-106
-41
-59
-79
-23
132
319
422
466
504
548
477
291
116
57
97
177
233
269
384
530
595
563
569
631
719
790
794
760
731
683
562
401
306
291
301
302
293
343
481
608
645
630
640
661
665
592
482
406
344
279
196
133
90
56
14
-9
1
60
80
51
9
-36
-31
-40
-106
-190
-254
-237
-220
-255
-312
-346
-338
-343
-388
-447
-451
-422
-426
-405
-373
-355
-374
-416
-464
-435
-336
-292
-264
-207
-89
22
109
173
248
338
377
357
354
427
491
508
413
289
210
143
52
-18
26
174
386
516
577
613
666
708
671
681
759
874
958
945
877
812
697
546
357
237
245
290
351
395
475
569
642
654
639
644
657
647
600
574
563
525
439
307
196
158
147
103
27
-26
-39
-33
-49
-49
-22
-12
-39
-111
-172
-222
-314
-411
-490
-451
-406
-384
-402
-430
-383
-379
-436
-566
-609
-585
-563
-611
-675
-641
-488
-344
-274
-213
-92
65
182
241
302
415
502
521
511
560
586
519
362
161
-1
-93
-168
-206
-94
141
422
666
844
989
1025
939
809
720
738
811
819
751
680
638
589
479
354
284
293
340
392
445
536
617
694
712
711
688
642
553
407
301
272
288
308
301
281
261
204
122
12
-65
-99
-108
-136
-96
-87
-107
-182
-262
-354
-438
-512
-626
-702
-729
-702
-676
-622
-585
-606
-638
-679
-725
-805
-924
-1042
-1094
-1016
-853
-611
-382
-223
-110
28
170
227
271
269
242
284
389
464
434
331
140
-85
-254
-384
-451
-394
-160
192
585
900
1059
1078
990
883
810
801
818
830
804
803
820
771
639
459
322
263
292
359
422
509
583
652
722
788
826
814
766
719
697
690
647
576
495
431
407
393
388
386
378
310
177
51
-1
-5
12
25
38
47
34
-74
-260
-462
-600
-657
-632
-564
-456
-352
-273
-297
-424
-559
-738
-854
-970
-896
-737
-411
-80
168
328
448
524
503
384
219
106
141
253
297
295
234
140
20
-86
-168
-153
-49
144
426
772
1119
1322
1338
1228
1074
946
804
660
521
504
585
670
681
629
552
480
429
382
364
397
482
591
710
826
934
961
927
844
759
692
617
535
470
459
511
576
605
604
583
529
445
341
234
149
66
-7
-54
-36
51
78
26
-172
-363
-560
-704
-867
-904
-886
-684
-528
-365
-410
-521
-731
-914
-1011
-1018
-805
-523
-147
155
350
487
570
536
381
158
37
29
109
138
107
53
-21
-120
-275
-347
-280
-114
113
326
593
901
1163
1273
1235
1129
993
774
453
125
-117
-189
-111
78
308
536
655
622
496
332
230
178
210
324
503
678
771
745
604
415
247
119
51
80
204
358
477
552
581
560
478
311
105
-104
-251
-325
-321
-257
-176
-142
-114
-139
-237
-416
-656
-872
-1026
-1064
-994
-865
-728
-642
-607
-712
-822
-993
-1177
-1305
-1252
-960
-568
-106
238
474
519
450
259
57
-53
-80
-32
23
74
69
-31
-250
-485
-600
-494
-214
149
515
822
1048
1183
1209
1139
992
795
583
366
140
-51
-201
-257
-195
-45
177
415
629
728
739
660
539
466
420
388
373
403
416
384
300
205
86
13
24
103
257
498
697
778
752
655
535
402
216
2
-160
-251
-319
-363
-386
-358
-334
-368
-451
-533
-552
-632
-713
-842
-861
-817
-753
-728
-793
-838
-938
-1030
-1144
-1156
-1028
-758
-401
-26
340
624
710
613
455
302
181
66
1
-60
-119
-255
-498
-778
-941
-910
-694
-289
258
810
1208
1358
1305
1199
1075
864
571
282
145
75
-20
-250
-480
-601
-543
-352
-59
311
634
833
796
683
570
497
401
242
61
-10
-3
-23
-113
-248
-344
-346
-247
-77
191
476
710
798
720
550
349
83
-185
-439
-568
-639
-689
-750
-801
-821
-797
-860
-971
-1050
-1053
-1007
-973
-967
-1010
-1005
-1023
-1104
-1273
-1417
-1500
-1441
-1290
-1126
-866
-558
-146
186
334
246
122
98
44
-67
-211
-306
-380
-465
-708
-1083
-1354
-1399
-1299
-993
-408
337
941
1214
1170
994
843
670
355
30
-120
-131
-187
-384
-679
-928
-1028
-996
-809
-455
21
439
673
698
656
553
370
50
-279
-467
-522
-540
-632
-741
-811
-779
-690
-569
-391
-100
196
391
439
387
215
-41
-389
-745
-998
-1113
-1148
-1174
-1203
-1222
-1203
-1205
-1246
-1310
-1310
-1250
-1171
-1095
-1061
-1067
-1174
-1382
-1629
-1889
-2096
-2152
-2043
-1862
-1538
-989
-268
354
542
403
167
45
-68
-249
-446
-453
-283
-217
-570
-1238
-1817
-2184
-2279
-2012
-1283
-158
1032
1831
2025
1848
1608
1248
703
110
-262
-277
-148
-147
-443
-825
-1153
-1359
-1369
-1095
-541
98
636
935
1102
1191
1149
840
328
-72
-246
-296
-346
-485
-601
-640
-638
-618
-490
-218
138
435
630
741
775
674
326
-176
-599
-829
-919
-939
-978
-1061
-1123
-1189
-1257
-1251
-1176
-988
-851
-719
-672
-630
-706
-808
-1044
-1375
-1687
-1939
-2043
-1978
-1745
-1444
-991
-296
416
815
788
493
230
32
-61
-171
-196
-74
-7
-263
-894
-1501
-1883
-1999
-1797
-1245
-207
978
1884
2173
1986
1668
1280
807
271
-45
-24
120
124
-123
-493
-868
-1196
-1363
-1234
-716
60
784
1221
1386
1411
1295
957
445
-3
-218
-237
-189
-253
-351
-492
-593
-681
-630
-335
81
476
705
858
889
758
358
-254
-779
-1053
-1024
-935
-889
-972
-1159
-1309
-1489
-1543
-1480
-1245
-928
-616
-345
-258
-326
-642
-1130
-1657
-2031
-2149
-2053
-1887
-1621
-1275
-740
-268
-67
-167
-260
-127
25
99
88
81
130
49
-356
-1075
-1755
-2102
-2219
-1997
-1320
-283
733
1368
1521
1354
1169
1005
675
275
42
125
288
204
-128
-669
-1137
-1496
-1648
-1429
-823
-12
678
1116
1286
1267
1105
743
304
-37
-133
-111
-115
-208
-417
-656
-898
-1068
-1084
-789
-229
360
793
1004
991
756
303
-243
-733
-1002
-1022
-1001
-929
-961
-1084
-1376
-1732
-1870
-1844
-1512
-1096
-677
-337
-178
-202
-534
-985
-1506
-2027
-2284
-2251
-1875
-1154
-327
167
42
-339
-583
-640
-502
-247
144
629
1088
1088
295
-892
-1972
-2691
-2899
-2515
-1560
-358
798
1529
1611
1351
987
633
330
302
643
1057
1384
1261
552
-521
-1565
-2214
-2356
-1853
-961
53
967
1565
1693
1403
951
499
276
353
625
894
967
718
145
-497
-1036
-1386
-1434
-1063
-391
398
1085
1452
1424
1072
578
111
-142
-134
-36
-16
-155
-481
-852
-1300
-1673
-1996
-1999
-1718
-1214
-652
-184
48
-19
-343
-696
-1021
-1147
-1125
-1088
-1017
-970
-764
-495
-216
-186
-403
-539
-405
-102
228
520
729
813
729
387
-267
-977
-1456
-1604
-1430
-872
-61
683
1172
1246
989
786
746
783
835
1032
1286
1329
1065
441
-362
-1066
-1467
-1452
-1068
-369
352
909
1209
1187
960
669
473
404
566
839
1014
893
477
-106
-690
-1040
-1164
-1052
-716
-202
294
635
824
842
702
503
229
29
-43
-9
-132
-503
-1015
-1486
-1805
-1986
-2066
-2048
-1853
-1491
-1191
-894
-713
-618
-725
-912
-1114
-1191
-1132
-1022
-1029
-1003
-822
-544
-533
-789
-1022
-1019
-744
-437
-135
140
354
348
1
-584
-1120
-1414
-1452
-1319
-913
-268
323
590
510
269
146
251
492
722
935
1098
1090
809
244
-442
-1081
-1446
-1431
-1051
-408
201
523
506
322
207
239
438
659
852
959
894
627
203
-241
-675
-957
-1020
-864
-509
-122
73
38
-62
-82
5
159
308
406
402
216
-115
-565
-1067
-1517
-1820
-1899
-1872
-1808
-1781
-1739
-1754
-1649
-1558
-1306
-1099
-894
-791
-703
-687
-814
-918
-894
-717
-658
-687
-760
-681
-563
-496
-508
-471
-334
-274
-382
-635
-827
-868
-770
-611
-429
-234
-14
114
104
90
146
337
534
738
995
1153
1164
828
267
-291
-667
-750
-685
-418
-92
167
264
122
-64
-121
68
406
733
1063
1265
1262
955
467
-25
-327
-406
-349
-291
-209
-175
-166
-180
-176
-123
10
249
475
591
590
449
205
-123
-429
-676
-871
-1018
-1232
-1537
-1790
-1919
-1893
-1742
-1504
-1285
-1123
-997
-879
-838
-815
-623
-255
131
161
2
-177
-225
-293
-358
-270
-83
63
-63
-416
-827
-1034
-1030
-927
-715
-243
242
463
351
74
-114
-116
131
447
830
1130
1227
1007
605
295
36
-157
-294
-302
-222
-180
-158
-192
-229
-236
-177
22
270
497
662
724
710
619
580
625
681
576
274
-35
-281
-502
-699
-792
-683
-459
-240
-123
-96
-114
-144
-195
-194
-155
-85
-61
-102
-320
-715
-1204
-1567
-1789
-1905
-1940
-1918
-1764
-1721
-1648
-1628
-1533
-1230
-869
-320
21
192
93
-13
72
39
-33
-154
-86
-12
-152
-434
-835
-1029
-1089
-1045
-869
-479
-78
124
39
-133
-156
58
366
545
683
812
827
697
472
304
198
115
109
123
239
257
142
-110
-341
-365
-267
54
342
485
497
424
358
287
392
617
861
994
931
776
534
263
-45
-292
-354
-228
-134
-128
-268
-369
-435
-491
-432
-257
-51
70
31
-122
-338
-577
-729
-905
-970
-1108
-1282
-1517
-1650
-1737
-1747
-1667
-1401
-968
-529
-254
-192
-168
-23
93
209
376
644
744
469
-41
-631
-984
-1047
-903
-625
-334
-45
-62
-379
-676
-697
-398
23
447
840
1046
1029
703
232
-60
-90
93
260
472
669
637
386
43
-151
-202
-113
68
277
442
413
237
80
110
262
479
677
853
851
753
704
768
876
891
752
525
262
-26
-274
-348
-242
-118
-61
-76
-111
-148
-260
-354
-389
-317
-97
57
143
-15
-260
-661
-1002
-1188
-1222
-1088
-885
-438
-143
-123
-359
-412
-128
78
252
511
956
1322
1309
965
520
323
271
137
-12
83
300
339
207
85
36
82
196
356
456
536
577
630
692
757
787
741
690
530
385
305
467
776
991
1074
968
800
591
409
286
216
295
428
555
612
597
501
342
258
313
522
812
1015
1184
1169
1053
818
565
408
238
145
52
-24
-62
-115
-153
-293
-438
-503
-479
-412
-427
-419
-356
-191
-73
-145
-287
-439
-449
-354
-239
-237
-201
60
331
372
232
279
496
655
662
650
772
1114
1374
1309
1063
907
821
621
440
455
577
732
846
969
928
768
537
393
457
728
1046
1314
1408
1414
1237
1049
954
995
1111
1279
1471
1624
1653
1611
1487
1277
1045
863
863
986
1101
1052
907
863
846
831
738
677
802
947
1143
1242
1364
1406
1334
1240
1081
915
749
609
612
547
425
144
29
-82
-202
-338
-301
-56
213
351
468
600
716
644
564
691
932
985
906
890
1067
1141
937
583
401
625
860
1036
1200
1530
1770
1729
1544
1418
1395
1442
1393
1313
1188
1169
1121
1031
926
826
732
689
728
815
915
1076
1335
1541
1607
1534
1493
1478
1456
1425
1456
1556
1682
1712
1650
1519
1374
1184
1054
1042
1123
1164
1115
1001
859
714
664
689
809
914
996
998
953
989
1068
1137
1173
1094
1003
897
732
544
412
374
421
334
236
151
289
505
526
447
516
1019
1458
1501
1264
1231
1362
1397
1062
818
859
1183
1274
1183
1102
1143
1144
1153
1213
1413
1627
1807
1893
1901
1871
1713
1515
1352
1357
1334
1256
1164
1148
1061
841
652
716
959
1197
1273
1309
1301
1345
1405
1519
1603
1640
1533
1504
1526
1550
1448
1295
1209
1190
1125
1020
954
903
860
726
585
410
391
376
365
268
201
219
264
356
413
377
295
229
330
478
560
566
465
412
302
376
337
267
145
297
577
794
778
723
722
905
997
890
665
634
861
951
899
795
842
837
792
682
734
896
1150
1217
1228
1225
1256
1199
1159
1205
1257
1158
1059
996
946
792
634
552
511
584
666
766
809
853
887
887
867
998
1149
1327
1347
1304
1157
1088
1103
1143
1095
1007
856
725
549
514
502
494
367
230
98
22
-126
-246
-331
-325
-259
-253
-201
-169
-94
-57
33
62
84
134
408
653
794
579
453
556
929
1010
833
661
789
1004
967
769
559
584
694
755
691
711
796
905
831
775
765
836
862
875
861
889
932
947
897
872
826
797
768
796
833
815
794
798
852
852
740
583
476
480
536
591
626
625
607
630
698
759
763
757
822
964
1103
1136
1003
842
679
561
424
361
317
262
132
-86
-219
-315
-316
-348
-341
-447
-569
-666
-602
-533
-427
-399
-239
-96
148
304
420
302
293
507
914
1125
1125
1117
1160
1225
1108
900
693
765
919
961
819
775
776
792
671
610
609
775
919
967
862
814
832
794
714
726
834
864
832
792
769
707
676
694
769
819
836
793
760
732
704
633
586
534
506
478
541
591
552
465
511
644
722
697
660
643
627
576
505
496
477
418
285
62
-127
-355
-516
-600
-664
-706
-828
-856
-882
-779
-735
-777
-820
-695
-417
-80
94
112
161
444
793
890
796
776
954
1160
1160
968
738
758
921
935
731
585
595
655
646
544
532
592
759
800
718
603
556
573
576
510
429
346
394
499
530
459
361
358
383
393
413
458
512
560
614
616
590
557
539
542
557
564
477
361
318
351
398
372
355
346
312
291
167
123
113
167
119
-45
-192
-328
-347
-416
-540
-710
-860
-985
-1053
-1119
-1042
-1100
-1060
-1051
-782
-502
-261
-224
-230
-69
304
613
650
738
898
1192
1201
1111
838
753
762
818
749
716
785
858
795
713
698
694
677
640
654
681
717
737
747
723
643
417
243
190
314
370
338
300
325
328
310
293
318
344
377
413
459
509
579
592
564
548
500
469
503
647
717
651
476
370
322
323
230
144
30
43
1
-115
-271
-396
-415
-481
-562
-664
-750
-816
-840
-825
-800
-834
-869
-951
-849
-788
-615
-500
-392
-224
60
386
507
530
618
857
1100
1179
1110
1107
1173
1253
1128
989
949
943
834
679
665
814
955
1021
902
795
712
695
713
702
710
678
668
678
699
644
522
424
414
397
374
341
411
481
522
518
461
447
480
568
658
733
751
705
717
805
931
938
858
763
741
656
560
467
453
452
351
159
-57
-187
-235
-284
-302
-394
-494
-602
-628
-586
-618
-644
-669
-586
-460
-378
-345
-258
-77
2
-52
-23
256
528
698
764
872
990
1057
1061
999
1050
1180
1296
1361
1395
1400
1277
1119
1087
1096
999
893
884
972
987
944
888
875
837
761
691
695
778
831
855
871
901
862
772
690
721
737
718
697
704
727
708
706
752
768
744
717
791
917
1028
1018
957
928
952
882
813
713
702
613
502
301
223
66
-15
-126
-189
-281
-437
-496
-514
-477
-554
-572
-547
-401
-351
-363
-346
-55
192
307
211
334
580
772
795
828
999
1120
1147
1050
1040
1061
1133
1123
1176
1179
1193
1157
1226
1332
1370
1308
1231
1195
1160
1079
1013
965
875
738
673
747
839
845
751
680
619
636
646
771
876
950
885
766
687
699
723
764
746
751
732
752
753
796
835
842
825
792
848
900
962
909
833
682
554
414
353
305
249
126
-24
-181
-260
-327
-350
-400
-488
-571
-594
-523
-446
-409
-354
-268
-127
74
221
273
339
568
850
1015
1062
1110
1187
1276
1242
1169
1041
1094
1216
1328
1315
1292
1277
1248
1269
1335
1404
1438
1514
1540
1521
1438
1363
1238
1106
996
938
886
851
815
824
782
719
737
795
847
846
856
887
908
922
905
873
839
812
859
899
932
869
863
861
904
835
796
787
861
827
675
543
502
541
464
324
169
72
-21
-123
-257
-337
-453
-483
-598
-605
-644
-616
-622
-622
-628
-602
-532
-377
-213
-60
5
173
469
733
842
871
963
1097
1132
1079
1015
984
1019
998
1020
1003
1032
926
821
800
946
1047
1068
995
993
963
945
940
887
821
702
699
699
643
509
452
455
512
488
423
375
459
552
610
608
629
627
577
559
597
620
578
550
533
559
510
490
503
550
541
419
302
280
318
335
225
98
4
-126
-247
-348
-369
-454
-546
-682
-732
-751
-777
-797
-793
-774
-749
-724
-664
-590
-486
-304
-228
-199
-143
96
351
460
492
533
658
800
876
812
709
747
784
839
795
764
660
569
571
641
653
582
541
556
636
699
676
579
516
527
541
459
380
332
370
421
430
341
218
149
201
276
271
242
242
282
301
299
324
337
353
362
310
311
305
335
296
260
186
128
91
66
30
-31
-102
-180
-243
-358
-400
-416
-429
-507
-625
-722
-837
-891
-907
-898
-901
-914
-905
-880
-855
-813
-765
-621
-406
-279
-280
-258
-42
141
171
82
137
285
394
426
376
362
397
413
427
434
528
560
546
520
472
394
340
376
418
396
287
218
225
256
275
231
174
140
163
179
189
188
191
115
45
67
148
168
131
118
78
43
17
93
119
159
139
140
112
114
74
24
-22
-21
-67
-122
-186
-231
-328
-481
-623
-673
-675
-679
-672
-665
-724
-825
-854
-834
-780
-793
-823
-877
-851
-807
-843
-948
-931
-863
-766
-648
-528
-452
-465
-401
-201
-29
-4
-34
61
221
281
251
163
214
266
317
330
383
439
392
339
381
481
527
477
401
388
360
310
255
262
276
229
106
109
192
275
194
60
27
96
192
209
240
236
226
157
133
135
144
126
119
137
155
140
140
145
113
16
-93
-108
-66
-60
-132
-234
-275
-342
-398
-491
-533
-583
-588
-611
-583
-575
-569
-602
-598
-581
-589
-642
-686
-625
-564
-547
-623
-705
-729
-696
-612
-543
-545
-633
-597
-363
-157
-94
-200
-180
-43
118
161
97
100
164
231
230
223
266
240
213
246
371
440
378
293
300
402
390
274
174
168
192
160
123
99
52
-10
-50
-40
-47
-123
-190
-145
-63
-55
-99
-169
-209
-226
-224
-217
-220
-231
-282
-323
-309
-294
-321
-428
-501
-479
-469
-451
-425
-402
-409
-510
-553
-586
-582
-627
-636
-621
-600
-566
-563
-523
-560
-620
-698
-711
-679
-695
-756
-797
-778
-811
-955
-1054
-1045
-946
-951
-1031
-1024
-837
-614
-541
-565
-506
-363
-291
-307
-274
-181
-64
-18
26
84
116
66
32
92
215
257
197
184
247
316
317
251
203
166
130
90
66
61
15
-46
-95
-119
-160
-234
-282
-300
-302
-308
-287
-261
-244
-294
-367
-428
-419
-369
-352
-352
-375
-366
-366
-356
-382
-367
-353
-356
-355
-302
-226
-203
-235
-253
-295
-287
-265
-258
-250
-226
-216
-249
-285
-375
-455
-518
-565
-656
-737
-808
-857
-928
-998
-1099
-1198
-1219
-1138
-1055
-1102
-1141
-1057
-842
-713
-724
-712
-591
-407
-288
-268
-265
-208
-79
74
167
202
124
54
73
196
286
265
165
129
159
166
144
73
-35
-161
-170
-145
-148
-203
-230
-248
-291
-393
-528
-605
-618
-553
-556
-590
-624
-634
-657
-674
-651
-619
-637
-658
-647
-574
-480
-403
-399
-475
-513
-444
-302
-180
-122
-91
-91
-66
-33
-10
-26
-31
-24
-88
-194
-258
-224
-219
-277
-452
-658
-778
-867
-932
-1012
-1128
-1275
-1386
-1435
-1444
-1458
-1488
-1473
-1367
-1338
-1328
-1274
-1036
-815
-743
-768
-687
-512
-377
-313
-309
-233
-192
-178
-144
-17
95
114
53
58
100
144
103
116
161
181
91
-15
-69
-97
-144
-241
-332
-399
-427
-481
-538
-587
-645
-713
-773
-782
-736
-692
-664
-694
-736
-779
-771
-697
-585
-499
-477
-442
-342
-216
-136
-128
-105
-19
69
125
169
242
297
265
188
119
100
99
52
-21
-109
-194
-286
-343
-420
-528
-721
-933
-1056
-1119
-1181
-1351
-1486
-1567
-1579
-1610
-1651
-1687
-1653
-1565
-1404
-1237
-1173
-1184
-1096
-874
-694
-589
-522
-378
-243
-132
-104
-50
25
100
127
172
289
378
346
279
276
281
247
177
194
206
136
-48
-220
-264
-273
-365
-476
-541
-555
-603
-674
-683
-638
-636
-711
-737
-613
-506
-518
-574
-562
-468
-400
-335
-234
-91
21
82
127
202
281
294
313
381
514
558
492
419
393
347
254
142
92
56
-35
-155
-267
-370
-509
-685
-820
-895
-973
-1089
-1227
-1308
-1372
-1435
-1508
-1594
-1625
-1634
-1620
-1575
-1544
-1489
-1429
-1220
-1049
-899
-874
-766
-578
-400
-273
-149
43
176
205
187
214
295
331
310
338
430
529
456
340
250
228
169
80
39
0
-47
-147
-196
-253
-357
-495
-556
-484
-385
-337
-366
-373
-335
-318
-331
-336
-279
-196
-117
-31
28
56
42
105
213
295
360
403
468
497
521
483
475
470
462
380
312
275
211
95
-47
-153
-243
-314
-412
-495
-628
-753
-879
-964
-1030
-1096
-1177
-1286
-1364
-1393
-1417
-1467
-1498
-1540
-1578
-1563
-1511
-1442
-1407
-1378
-1301
-1196
-1026
-822
-651
-586
-593
-512
-375
-237
-154
-70
28
98
114
74
27
19
3
21
62
104
75
-13
-82
-79
-83
-152
-224
-232
-199
-197
-207
-231
-272
-316
-324
-276
-198
-152
-129
-128
-87
-57
-41
7
69
132
180
210
248
271
282
274
283
324
370
388
411
449
449
388
297
253
226
221
170
101
16
-110
-248
-385
-478
-563
-686
-769
-796
-814
-846
-928
-1014
-1073
-1096
-1118
-1139
-1135
-1129
-1132
-1142
-1118
-1122
-1107
-1074
-1021
-974
-933
-909
-862
-791
-699
-612
-519
-424
-403
-391
-357
-246
-190
-150
-126
-58
-9
-4
-11
22
48
27
19
57
140
177
175
138
130
141
173
163
144
143
146
149
158
195
210
216
198
227
246
212
177
170
193
213
225
236
238
246
239
229
246
280
270
231
194
180
178
165
146
84
8
-78
-153
-178
-207
-271
-360
-423
-464
-481
-510
-572
-628
-640
-658
-691
-707
-722
-726
-764
-784
-787
-807
-840
-831
-810
-796
-816
-819
-820
-817
-824
-825
-785
-764
-776
-810
-781
-697
-613
-593
-555
-489
-426
-370
-323
-215
-129
-76
-39
49
149
197
199
209
280
360
417
427
457
492
505
498
499
511
446
383
364
340
282
222
190
178
152
114
104
75
48
16
-31
-51
-36
-16
-12
-54
-89
-117
-149
-163
-170
-183
-185
-200
-186
-175
-208
-251
-272
-270
-255
-263
-303
-311
-326
-338
-377
-420
-447
-492
-538
-554
-549
-588
-663
-741
-756
-743
-742
-766
-823
-864
-878
-872
-889
-912
-925
-930
-940
-951
-936
-940
-952
-977
-987
-971
-940
-890
-878
-841
-751
-648
-639
-623
-568
-464
-333
-205
-133
-67
23
112
196
218
262
289
347
378
373
330
310
320
297
258
197
148
123
83
19
-79
-132
-146
-160
-176
-215
-285
-345
-357
-347
-346
-379
-393
-377
-341
-310
-296
-291
-269
-233
-236
-250
-252
-243
-207
-198
-211
-244
-280
-293
-290
-295
-308
-340
-380
-395
-403
-416
-463
-525
-560
-568
-605
-671
-720
-715
-724
-746
-768
-800
-858
-914
-920
-914
-897
-904
-923
-919
-893
-886
-933
-969
-970
-963
-936
-917
-893
-896
-906
-890
-852
-774
-690
-608
-537
-464
-378
-296
-192
-142
-105
-75
-18
76
123
146
154
145
120
80
47
9
-34
-83
-138
-155
-196
-248
-302
-369
-407
-458
-475
-475
-469
-439
-400
-351
-334
-344
-347
-331
-336
-325
-310
-295
-273
-280
-306
-324
-331
-315
-302
-313
-327
-349
-353
-351
-343
-342
-344
-357
-379
-394
-403
-421
-476
-525
-536
-535
-532
-546
-562
-562
-592
-652
-708
-716
-690
-690
-697
-682
-650
-657
-688
-699
-682
-651
-660
-682
-706
-705
-715
-703
-710
-742
-757
-783
-765
-741
-713
-708
-713
-674
-617
-549
-490
-472
-467
-464
-437
-399
-374
-368
-350
-339
-335
-340
-357
-357
-349
-325
-312
-301
-288
-300
-296
-294
-301
-308
-333
-339
-317
-318
-310
-331
-350
-338
-327
-303
-295
-298
-303
-309
-345
-370
-371
-353
-330
-321
-320
-329
-335
-324
-328
-308
-281
-304
-340
-365
-355
-360
-364
-353
-339
-361
-405
-404
-409
-403
-428
-455
-430
-407
-398
-393
-374
-397
-427
-451
-462
-465
-489
-494
-493
-498
-515
-553
-589
-623
-670
-727
-759
-742
-708
-723
-789
-846
-866
-869
-860
-849
-848
-839
-862
-855
-836
-806
-782
-789
-757
-708
-662
-642
-622
-565
-516
-497
-491
-480
-449
-430
-430
-425
-418
-420
-442
-443
-421
-396
-393
-410
-371
-305
-268
-242
-211
-198
-200
-201
-214
-219
-222
-219
-203
-196
-219
-243
-244
-229
-202
-214
-258
-288
-293
-289
-291
-299
-342
-354
-331
-296
-290
-322
-344
-338
-307
-270
-250
-263
-283
-318
-335
-342
-354
-363
-379
-393
-412
-447
-457
-469
-484
-487
-516
-540
-581
-609
-632
-646
-681
-734
-791
-833
-848
-867
-852
-830
-835
-844
-864
-889
-894
-884
-897
-913
-926
-914
-908
-945
-954
-945
-953
-968
-951
-895
-838
-788
-763
-758
-731
-695
-664
-621
-572
-546
-537
-529
-478
-419
-367
-342
-315
-271
-231
-196
-169
-160
-200
-248
-253
-245
-211
-225
-257
-284
-298
-324
-343
-330
-333
-340
-343
-321
-297
-261
-238
-253
-271
-272
-305
-336
-322
-296
-265
-242
-239
-232
-248
-244
-263
-288
-320
-347
-367
-385
-395
-405
-423
-457
-488
-524
-531
-514
-500
-500
-523
-543
-533
-520
-543
-585
-620
-659
-683
-679
-673
-692
-722
-765
-812
-834
-844
-899
-963
-1016
-1075
-1121
-1155
-1169
-1173
-1188
-1227
-1262
-1258
-1245
-1208
-1176
-1120
-1072
-1039
-990
-931
-869
-809
-749
-703
-644
-582
-539
-532
-521
-513
-536
-565
-567
-581
-601
-611
-626
-628
-616
-624
-631
-620
-616
-620
-635
-603
-582
-585
-582
-570
-522
-475
-469
-487
-503
-475
-445
-422
-415
-402
-399
-402
-386
-372
-365
-371
-352
-324
-322
-351
-371
-357
-340
-322
-331
-337
-341
-346
-355
-403
-450
-505
-551
-568
-550
-551
-600
-652
-660
-669
-709
-762
-798
-817
-828
-842
-868
-909
-961
-1027
-1080
-1117
-1124
-1130
-1150
-1148
-1157
-1163
-1160
-1137
-1098
-1074
-1071
-1062
-1051
-997
-955
-949
-940
-951
-951
-948
-913
-889
-895
-923
-953
-972
-985
-992
-1008
-1042
-1072
-1108
-1127
-1137
-1119
-1097
-1090
-1062
-1016
-973
-943
-909
-864
-798
-776
-762
-700
-624
-553
-484
-439
-419
-391
-360
-314
-263
-221
-182
-158
-125
-115
-134
-134
-114
-93
-81
-93
-122
-155
-157
-159
-172
-184
-226
-267
-294
-306
-320
-357
-432
-532
-593
-610
-636
-678
-717
-732
-755
-795
-838
-838
-851
-851
-888
-930
-934
-914
-885
-862
-848
-851
-851
-853
-853
-848
-867
-891
-896
-876
-868
-871
-883
-896
-888
-914
-922
-917
-894
-890
-903
-947
-1005
-1045
-1057
-1056
-1066
-1126
-1189
-1239
-1259
-1252
-1218
-1197
-1215
-1243
-1258
-1245
-1196
-1103
-1040
-984
-963
-935
-901
-825
-734
-643
-559
-518
-472
-384
-282
-232
-219
-217
-210
-183
-150
-118
-73
-55
-48
-63
-69
-59
-58
-53
-70
-89
-110
-123
-135
-144
-176
-237
-304
-369
-418
-462
-501
-542
-583
-639
-714
-746
-741
-714
-700
-724
-757
-776
-775
-769
-752
-738
-732
-754
-768
-762
-726
-676
-662
-663
-684
-685
-691
-650
-616
-618
-626
-663
-689
-705
-687
-674
-715
-761
-823
-868
-883
-912
-939
-987
-1016
-1036
-1046
-1024
-1018
-1039
-1062
-1038
-1022
-999
-966
-916
-881
-879
-858
-832
-794
-773
-726
-679
-675
-661
-649
-621
-577
-527
-514
-503
-472
-433
-387
-344
-326
-336
-352
-343
-330
-313
-301
-318
-300
-273
-280
-292
-314
-324
-330
-348
-379
-398
-372
-361
-357
-349
-326
-333
-375
-376
-360
-336
-325
-340
-364
-389
-409
-442
-474
-489
-488
-488
-506
-536
-570
-592
-597
-596
-598
-624
-642
-651
-640
-601
-608
-629
-634
-609
-580
-580
-582
-575
-565
-560
-569
-574
-597
-620
-639
-649
-650
-662
-675
-683
-666
-642
-643
-643
-622
-608
-608
-617
-646
-666
-685
-682
-658
-632
-641
-640
-637
-621
-613
-592
-568
-551
-540
-537
-539
-541
-546
-569
-575
-564
-560
-562
-577
-565
-546
-568
-592
-577
-550
-558
-568
-579
-567
-563
-543
-522
-502
-471
-448
-434
-425
-411
-408
-416
-412
-402
-377
-345
-347
-360
-374
-370
-383
-378
-378
-394
-418
-448
-466
-449
-428
-437
-443
-461
-469
-498
-518
-528
-553
-549
-562
-549
-531
-505
-493
-498
-518
-549
-537
-492
-458
-450
-451
-472
-459
-450
-451
-450
-463
-464
-460
-450
-456
-441
-432
-441
-444
-423
-415
-414
-420
-430
-445
-464
-469
-472
-446
-441
-445
-479
-515
-525
-552
-568
-601
-652
-684
-682
-663
-661
-670
-684
-702
-690
-660
-677
-705
-712
-688
-646
-603
-568
-548
-534
-526
-526
-523
-518
-496
-474
-434
-423
-416
-437
-438
-425
-413
-408
-409
-422
-438
-423
-415
-389
-380
-376
-377
-363
-359
-351
-337
-314
-294
-306
-322
-319
-320
-303
-283
-278
-283
-302
-298
-297
-315
-308
-294
-285
-280
-296
-285
-263
-255
-260
-285
-299
-300
-272
-243
-242
-236
-209
-191
-182
-192
-204
-209
-219
-219
-216
-229
-247
-262
-293
-301
-315
-310
-296
-281
-284
-305
-317
-327
-303
-282
-272
-300
-332
-327
-309
-270
-243
-213
-215
-229
-240
-248
-251
-270
-312
-365
-376
-339
-309
-301
-278
-278
-271
-272
-253
-217
-181
-142
-113
-77
-49
-35
-29
-15
4
25
37
45
44
41
21
2
15
39
53
80
93
82
56
34
33
32
29
29
16
21
34
23
21
-3
-1
27
55
86
106
118
109
93
69
76
114
136
140
129
127
132
126
134
150
177
190
198
188
184
188
169
153
124
129
143
156
160
155
122
102
103
95
82
62
63
83
87
86
74
50
31
11
-6
-3
16
11
1
-7
-14
9
39
55
81
106
95
85
93
101
128
154
183
192
163
164
169
152
147
183
208
236
264
271
283
315
343
345
372
406
423
423
421
418
416
415
383
353
347
348
351
335
306
288
253
233
247
256
251
237
222
248
268
273
276
260
242
246
270
306
332
314
314
329
326
318
297
276
303
351
364
352
338
333
335
345
348
342
331
337
323
346
358
347
328
309
323
316
311
281
271
263
248
242
232
227
196
162
136
119
124
125
136
145
174
197
223
240
240
227
216
214
232
248
242
251
252
270
292
290
305
343
353
381
421
441
439
433
443
420
422
438
436
441
447
440
427
441
463
479
474
469
464
459
470
479
465
438
417
405
388
362
342
337
342
340
338
317
293
300
330
332
313
299
301
305
316
309
289
266
233
242
255
280
304
305
269
248
276
310
358
378
373
347
338
338
301
277
281
293
275
246
245
243
231
235
205
158
120
104
109
105
118
119
128
127
125
134
130
142
128
125
131
147
161
155
152
151
157
169
175
171
175
164
152
149
171
212
235
250
242
236
245
285
326
337
313
282
291
295
324
347
370
359
367
366
352
355
335
294
268
295
315
332
325
293
286
284
308
322
334
358
372
378
375
382
378
382
371
341
332
348
363
345
342
329
340
348
342
333
321
329
336
337
315
309
324
329
334
323
269
238
226
212
221
224
227
230
216
197
163
140
125
115
127
161
169
180
171
181
188
186
192
206
215
209
217
236
249
262
284
291
287
271
261
281
313
321
336
361
376
381
361
335
328
355
378
368
370
363
355
356
332
313
336
381
400
411
396
395
384
379
398
412
425
441
452
453
469
478
490
486
475
477
501
513
513
508
514
513
501
491
484
478
471
464
457
458
467
466
454
431
396
385
386
386
366
352
323
318
305
266
230
199
195
195
203
195
199
174
157
150
141
162
176
203
200
182
155
141
149
162
162
179
196
205
198
200
194
183
198
206
225
242
231
231
243
247
246
235
227
221
230
254
260
253
246
247
256
255
256
272
307
329
334
320
320
314
321
327
326
345
360
372
370
339
342
335
308
325
340
369
379
379
367
358
343
348
351
352
365
359
345
336
326
305
290
282
267
231
227
213
182
176
174
180
190
163
141
131
110
115
119
122
118
122
112
94
84
84
100
91
73
64
60
52
26
8
-6
-8
-12
-20
-37
-67
-97
-125
-141
-159
-181
-184
-161
-153
-127
-118
-139
-155
-163
-158
-125
-88
-62
-47
-57
-83
-114
-118
-96
-78
-67
-63
-58
-40
-23
-22
-31
-49
-44
-29
-5
41
69
62
34
15
-9
2
20
29
52
85
134
158
160
136
105
85
68
58
71
75
94
101
83
40
-7
-22
-5
19
55
100
101
93
94
93
90
87
92
104
117
119
133
127
131
138
136
125
121
121
108
85
54
36
25
17
16
12
-12
-28
-68
-93
-89
-111
-130
-156
-160
-138
-141
-141
-130
-156
-178
-197
-206
-207
-213
-218
-226
-219
-213
-233
-250
-254
-232
-210
-210
-207
-218
-231
-263
-288
-318
-340
-345
-333
-317
-294
-257
-266
-279
-267
-250
-227
-223
-218
-227
-223
-205
-172
-160
-158
-156
-165
-174
-157
-136
-130
-142
-163
-170
-183
-185
-184
-177
-192
-192
-180
-174
-177
-172
-176
-169
-160
-139
-117
-99
-94
-115
-120
-141
-160
-184
-185
-164
-157
-159
-160
-170
-174
-181
-190
-180
-174
-155
-138
-134
-139
-158
-179
-201
-219
-230
-225
-218
-209
-240
-269
-286
-299
-317
-336
-356
-376
-374
-366
-360
-383
-404
-408
-411
-406
-416
-423
-431
-423
-427
-469
-495
-514
-523
-533
-556
-573
-580
-593
-583
-592
-609
-619
-604
-587
-556
-536
-526
-498
-483
-475
-474
-465
-458
-452
-457
-446
-417
-387
-378
-386
-387
-399
-390
-378
-361
-366
-359
-335
-316
-298
-290
-289
-298
-285
-270
-261
-264
-255
-250
-242
-239
-265
-281
-291
-308
-307
-306
-288
-283
-305
-311
-298
-276
-264
-258
-251
-241
-245
-240
-256
-261
-257
-263
-253
-259
-259
-266
-257
-254
-289
-315
-348
-391
-429
-433
-429
-424
-426
-456
-497
-527
-520
-507
-511
-522
-506
-525
-544
-562
-593
-608
-623
-612
-595
-564
-561
-579
-598
-629
-627
-618
-598
-573
-560
-556
-529
-543
-566
-583
-567
-524
-514
-497
-499
-483
-440
-434
-458
-484
-500
-503
-481
-430
-363
-327
-343
-371
-377
-356
-297
-233
-204
-201
-225
-233
-240
-227
-220
-245
-275
-298
-306
-297
-290
-302
-334
-378
-396
-380
-355
-328
-304
-313
-328
-325
-310
-277
-265
-245
-246
-239
-212
-184
-156
-144
-142
-166
-223
-262
-256
-231
-217
-206
-229
-273
-295
-306
-291
-281
-266
-271
-284
-275
-272
-264
-282
-335
-358
-355
-348
-333
-331
-348
-361
-371
-378
-374
-384
-397
-423
-459
-483
-497
-488
-478
-490
-504
-522
-513
-502
-488
-474
-445
-426
-419
-416
-422
-418
-409
-422
-452
-460
-439
-417
-395
-374
-366
-348
-368
-395
-398
-361
-335
-339
-337
-343
-344
-343
-363
-384
-406
-422
-412
-408
-386
-366
-344
-334
-328
-329
-341
-350
-363
-365
-373
-374
-353
-324
-293
-290
-304
-283
-273
-262
-259
-254
-246
-238
-248
-244
-240
-242
-255
-268
-260
-250
-254
-261
-253
-259
-271
-276
-301
-333
-361
-367
-350
-352
-349
-367
-412
-429
-417
-393
-371
-360
-366
-382
-390
-385
-378
-398
-419
-435
-438
-455
-445
-446
-452
-447
-425
-421
-426
-429
-427
-403
-392
-385
-408
-419
-421
-423
-416
-401
-384
-367
-341
-318
-316
-319
-342
-370
-361
-344
-337
-337
-345
-345
-341
-347
-371
-377
-383
-369
-343
-342
-324
-304
-306
-304
-294
-297
-294
-274
-276
-283
-283
-282
-245
-222
-206
-205
-226
-217
-233
-238
-244
-251
-258
-258
-254
-241
-231
-227
-228
-246
-245
-242
-232
-231
-233
-249
-252
-254
-250
-245
-249
-249
-265
-270
-268
-266
-273
-268
-253
-253
-252
-267
-284
-288
-287
-296
-306
-315
-302
-289
-269
-250
-251
-266
-282
-286
-287
-289
-297
-303
-304
-312
-330
-330
-320
-302
-291
-277
-275
-286
-281
-298
-310
-305
-320
-327
-325
-326
-334
-339
-349
-344
-351
-367
-364
-360
-339
-345
-339
-354
-351
-348
-351
-343
-356
-352
-330
-310
-296
-287
-298
-298
-293
-288
-285
-278
-285
-276
-258
-261
-279
-323
-374
-396
-382
-358
-327
-301
-285
-293
-288
-266
-263
-244
-224
-219
-227
-239
-229
-236
-240
-238
-245
-255
-266
-274
-280
-277
-279
-288
-309
-310
-316
-313
-305
-314
-334
-345
-348
-334
-310
-299
-307
-306
-319
-309
-286
-280
-306
-346
-373
-392
-376
-345
-340
-358
-349
-362
-370
-372
-367
-359
-363
-368
-372
-365
-338
-333
-329
-337
-356
-375
-364
-333
-304
-265
-250
-251
-271
-309
-357
-364
-374
-360
-350
-347
-337
-341
-348
-365
-357
-348
-346
-314
-295
-269
-242
-237
-212
-211
-215
-228
-232
-202
-194
-183
-164
-154
-156
-162
-164
-151
-129
-115
-113
-122
-131
-119
-121
-108
-98
-101
-114
-137
-157
-167
-165
-163
-169
-167
-147
-146
-147
-150
-139
-135
-129
-146
-146
-141
-151
-149
-155
-146
-156
-150
-157
-151
-151
-163
-174
-167
-176
-190
-181
-197
-204
-213
-208
-200
-205
-215
-221
-224
-206
-201
-209
-190
-177
-166
-169
-185
-202
-204
-197
-204
-216
-234
-241
-210
-180
-160
-148
-130
-115
-113
-105
-91
-65
-56
-63
-62
-64
-57
-62
-62
-50
-66
-55
-50
-40
-28
-12
1
1
2
-4
-16
-16
-9
14
43
62
74
86
98
105
130
120
97
97
113
115
101
78
69
49
18
-2
-18
-24
-22
-8
7
27
55
76
85
95
104
106
89
86
81
73
68
58
67
78
94
91
80
66
49
46
35
41
42
37
34
34
30
31
25
27
45
67
97
96
90
74
62
55
49
32
35
32
17
2
-19
-23
-1
15
20
28
29
30
28
18
8
18
41
62
69
81
86
100
99
103
124
114
102
82
85
122
127
122
99
67
64
82
104
113
107
96
87
97
134
151
143
132
116
101
110
119
125
114
118
108
125
153
161
146
128
121
100
136
161
173
201
233
238
229
205
202
198
195
178
149
123
113
123
150
160
155
125
63
39
61
111
149
162
168
172
186
198
190
176
160
143
128
127
115
87
70
68
72
63
55
66
66
62
36
2
-7
3
30
69
88
89
86
68
69
102
133
154
189
228
236
233
241
224
206
190
170
150
154
170
186
185
173
152
119
102
108
125
132
120
111
130
167
197
216
229
204
201
214
212
224
231
218
186
169
165
158
133
120
107
99
117
122
115
116
120
136
143
148
157
190
217
231
239
223
228
230
257
274
272
263
251
240
213
188
174
150
134
137
128
113
88
91
79
70
82
99
94
82
83
77
92
98
100
114
121
130
141
141
119
105
94
96
106
123
129
124
134
132
133
140
148
134
130
136
145
154
176
195
190
184
185
174
171
168
162
168
149
136
124
146
138
141
126
106
97
79
79
96
126
136
142
159
176
186
206
206
207
206
194
192
187
193
205
221
232
227
222
207
195
188
203
205
183
174
177
178
154
141
143
158
162
161
158
144
147
153
155
155
147
162
176
166
153
142
125
113
98
73
62
70
93
104
100
107
90
73
66
76
106
120
111
117
111
103
111
96
78
76
78
70
70
58
51
57
60
49
45
38
24
27
19
7
18
48
66
62
54
59
49
30
27
28
29
43
59
59
60
52
42
23
18
30
29
24
11
2
1
4
0
-7
-22
-27
-8
-2
-2
-4
1
13
23
31
17
11
19
10
5
-18
-41
-48
-61
-43
-29
-40
-66
-79
-79
-63
-61
-45
-63
-79
-62
-45
-36
-42
-50
-69
-73
-58
-54
-61
-61
-71
-81
-87
-79
-61
-65
-58
-50
-54
-57
-66
-52
-50
-79
-104
-136
-154
-179
-203
-215
-233
-255
-272
-265
-258
-237
-237
-238
-257
-267
-242
-204
-176
-174
-193
-225
-242
-239
-240
-237
-228
-232
-238
-249
-264
-283
-291
-310
-302
-303
-318
-317
-325
-343
-361
-365
-354
-330
-303
-272
-258
-250
-241
-235
-237
-228
-226
-228
-245
-255
-267
-283
-291
-278
-303
-325
-326
-337
-316
-292
-288
-285
-271
-267
-244
-246
-236
-239
-245
-241
-259
-255
-229
-205
-207
-198
-201
-209
-206
-209
-218
-247
-267
-285
-284
-274
-274
-285
-294
-300
-309
-304
-302
-297
-290
-277
-265
-248
-247
-249
-249
-241
-241
-237
-231
-236
-241
-254
-255
-265
-281
-303
-327
-342
-335
-307
-312
-330
-352
-364
-369
-373
-372
-369
-377
-386
-374
-371
-368
-370
-361
-357
-354
-363
-369
-378
-389
-386
-414
-428
-413
-391
-383
-378
-376
-376
-390
-420
-419
-409
-385
-380
-393
-392
-401
-408
-405
-409
-429
-449
-445
-434
-432
-426
-425
-432
-444
-464
-473
-465
-466
-450
-454
-455
-440
-447
-450
-445
-443
-443
-427
-418
-414
-412
-403
-392
-396
-409
-412
-412
-422
-437
-438
-443
-443
-431
-417
-409
-421
-425
-432
-451
-462
-463
-446
-428
-419
-423
-426
-429
-429
-426
-422
-416
-425
-445
-464
-459
-455
-445
-440
-440
-450
-465
-462
-442
-434
-440
-453
-466
-457
-443
-421
-408
-397
-394
-410
-409
-423
-434
-444
-451
-424
-404
-385
-392
-400
-401
-413
-411
-419
-423
-444
-448
-442
-449
-465
-475
-476
-482
-468
-456
-452
-444
-434
-442
-438
-429
-424
-410
-408
-417
-407
-411
-407
-396
-403
-392
-390
-391
-385
-392
-411
-421
-417
-408
-403
-391
-380
-365
-349
-346
-335
-326
-312
-300
-295
-313
-311
-309
-296
-268
-263
-275
-295
-296
-301
-312
-313
-337
-354
-363
-377
-385
-385
-389
-386
-377
-389
-407
-422
-413
-410
-402
-387
-394
-413
-399
-382
-393
-398
-410
-422
-419
-397
-388
-392
-406
-417
-432
-412
-376
-383
-412
-447
-460
-436
-397
-371
-398
-436
-462
-470
-464
-431
-431
-426
-432
-442
-419
-398
-379
-391
-410
-429
-465
-465
-462
-429
-395
-379
-373
-375
-383
-374
-353
-350
-340
-354
-351
-346
-345
-333
-348
-369
-374
-368
-373
-375
-374
-355
-343
-322
-296
-284
-292
-312
-301
-280
-265
-286
-311
-314
-309
-309
-309
-308
-307
-313
-321
-313
-318
-317
-305
-300
-287
-285
-283
-278
-285
-291
-291
-292
-288
-276
-285
-294
-304
-312
-309
-307
-314
-342
-359
-356
-350
-356
-358
-351
-340
-336
-327
-319
-307
-293
-272
-252
-239
-226
-222
-223
-224
-225
-211
-182
-182
-191
-204
-230
-261
-282
-305
-312
-303
-295
-277
-263
-267
-279
-305
-318
-318
-306
-277
-250
-237
-240
-244
-268
-286
-286
-274
-259
-240
-224
-221
-223
-223
-229
-241
-223
-216
-197
-179
-181
-167
-144
-132
-135
-151
-155
-129
-118
-127
-136
-152
-171
-165
-152
-156
-182
-199
-196
-188
-177
-161
-156
-168
-178
-177
-173
-164
-157
-154
-141
-131
-130
-137
-144
-138
-127
-113
-109
-116
-127
-127
-126
-141
-129
-130
-132
-122
-107
-95
-92
-81
-77
-113
-136
-130
-123
-116
-108
-106
-99
-108
-112
-120
-139
-137
-151
-156
-139
-122
-120
-121
-128
-141
-149
-160
-175
-192
-211
-220
-217
-207
-213
-213
-208
-220
-244
-252
-245
-247
-232
-220
-218
-207
-207
-191
-189
-196
-181
-197
-198
-196
-192
-168
-144
-128
-122
-114
-123
-124
-152
-168
-171
-184
-185
-179
-164
-169
-156
-147
-156
-162
-159
-140
-139
-119
-102
-110
-105
-92
-86
-78
-68
-78
-77
-77
-76
-101
-129
-133
-135
-117
-116
-132
-135
-132
-138
-123
-119
-137
-140
-140
-129
-129
-136
-139
-162
-186
-170
-167
-197
-206
-217
-236
-255
-230
-217
-231
-235
-241
-249
-263
-261
-243
-235
-230
-226
-227
-230
-247
-290
-296
-298
-294
-274
-278
-263
-245
-229
-216
-224
-228
-237
-231
-224
-215
-215
-227
-240
-253
-225
-210
-222
-227
-231
-244
-251
-243
-229
-247
-248
-229
-212
-176
-140
-132
-133
-158
-164
-165
-158
-152
-164
-173
-170
-166
-164
-170
-187
-189
-186
-179
-174
-167
-168
-167
-184
-186
-193
-201
-192
-184
-185
-174
-157
-153
-144
-137
-151
-147
-159
-191
-191
-193
-198
-195
-184
-189
-226
-236
-226
-222
-197
-173
-173
-188
-178
-157
-168
-158
-163
-161
-154
-137
-119
-114
-96
-94
-103
-107
-116
-130
-121
-123
-140
-147
-158
-144
-148
-157
-166
-176
-169
-152
-128
-109
-88
-70
-56
-32
-11
-13
-27
-24
-16
-5
12
21
32
29
12
12
17
22
22
19
6
-3
9
18
25
20
-7
-22
-17
-5
-5
-27
-23
-9
-2
10
1
-15
-11
-10
-5
10
6
15
22
28
33
31
39
43
57
78
85
93
97
95
85
74
76
86
97
114
109
90
68
55
64
68
80
107
107
100
100
97
87
79
68
64
49
65
93
114
133
117
100
104
105
114
118
126
153
175
194
197
199
191
191
187
181
187
205
230
230
219
205
187
183
171
167
156
142
145
172
184
186
181
176
179
171
152
148
160
183
195
193
178
162
173
176
184
182
179
187
198
212
210
198
201
207
235
259
268
272
272
274
271
249
253
289
316
339
347
333
332
321
319
311
320
328
341
356
361
361
362
382
383
379
392
413
421
426
419
400
381
362
359
365
358
357
351
365
379
382
373
374
389
401
413
409
406
399
401
398
393
417
424
437
452
458
455
439
435
434
436
444
448
427
421
415
421
413
408
408
388
374
364
375
392
402
385
356
345
356
352
327
312
296
291
305
308
318
315
315
318
320
342
355
371
395
408
396
371
374
395
419
412
388
376
385
394
414
408
377
341
310
318
353
394
418
416
399
385
383
417
464
481
485
471
440
431
444
454
458
442
408
374
362
358
369
381
361
349
342
366
370
371
380
371
372
375
398
425
430
425
423
435
443
445
460
470
456
436
404
378
384
400
419
429
423
405
411
424
438
429
430
425
446
458
475
517
509
493
484
476
488
510
516
522
517
500
501
512
522
507
479
440
399
402
419
432
431
412
401
385
388
394
395
404
413
423
431
440
444
443
462
463
456
467
458
469
492
508
517
503
478
465
457
469
478
462
455
443
459
476
491
488
492
486
482
502
514
530
546
554
557
535
513
501
487
485
492
502
497
501
494
492
503
509
509
508
527
536
523
511
504
508
499
506
512
504
528
525
501
484
457
455
452
462
465
448
452
454
451
425
401
404
424
443
460
458
456
450
443
430
426
447
452
457
440
429
432
444
447
443
429
436
459
478
493
503
504
497
481
470
468
447
453
446
442
469
475
470
448
439
451
464
463
478
488
487
488
512
536
536
535
530
533
534
545
550
551
545
540
526
512
485
481
505
512
530
511
498
495
494
492
484
485
493
487
475
480
477
