-392
-398
-406
-402
-397
-407
-408
-417
-427
-432
-414
-398
-403
-418
-414
-410
-421
-425
-418
-423
-433
-439
-432
-423
-413
-391
-377
-375
-389
-400
-399
-382
-369
-355
-360
-373
-372
-373
-380
-376
-356
-355
-358
-364
-377
-385
-389
-410
-406
-402
-397
-390
-381
-391
-414
-395
-385
-381
-383
-400
-409
-396
-382
-379
-385
-408
-414
-418
-426
-433
-432
-446
-458
-470
-460
-452
-457
-453
-443
-445
-454
-441
-437
-418
-400
-381
-368
-362
-360
-350
-338
-343
-346
-360
-352
-362
-371
-357
-365
-357
-356
-367
-356
-342
-317
-317
-332
-341
-340
-350
-366
-365
-344
-341
-355
-362
-357
-357
-380
-376
-357
-353
-348
-332
-342
-351
-329
-300
-312
-318
-303
-312
-316
-302
-305
-320
-307
-311
-294
-286
-285
-300
-316
-305
-290
-282
-282
-297
-337
-331
-299
-302
-305
-299
-280
-297
-286
-281
-296
-305
-294
-258
-256
-271
-294
-318
-329
-305
-277
-270
-299
-339
-356
-352
-328
-311
-321
-351
-386
-364
-333
-303
-277
-273
-273
-287
-292
-277
-258
-247
-252
-258
-278
-276
-278
-276
-255
-275
-318
-344
-352
-330
-307
-307
-320
-367
-405
-403
-377
-354
-349
-329
-308
-286
-279
-286
-299
-289
-291
-303
-319
-334
-357
-354
-336
-340
-354
-376
-386
-395
-398
-404
-399
-411
-426
-425
-397
-350
-319
-323
-336
-355
-354
-325
-289
-246
-260
-286
-286
-293
-289
-290
-290
-306
-329
-351
-379
-394
-391
-387
-400
-417
-419
-391
-383
-386
-367
-369
-364
-354
-355
-355
-355
-346
-325
-304
-273
-262
-260
-260
-265
-270
-283
-298
-320
-322
-304
-311
-311
-315
-318
-327
-349
-344
-350
-359
-377
-398
-427
-431
-407
-372
-350
-360
-358
-336
-322
-302
-287
-282
-261
-238
-224
-209
-192
-182
-164
-144
-137
-135
-160
-187
-186
-188
-181
-190
-206
-215
-210
-182
-178
-177
-169
-174
-181
-192
-187
-176
-175
-166
-164
-179
-179
-170
-168
-157
-164
-164
-165
-164
-138
-137
-143
-153
-155
-165
-175
-154
-140
-155
-163
-151
-134
-132
-141
-155
-151
-143
-133
-132
-126
-139
-153
-167
-175
-166
-177
-167
-168
-194
-212
-215
-215
-225
-228
-224
-235
-243
-264
-271
-267
-276
-275
-275
-285
-307
-317
-314
-310
-311
-295
-285
-259
-239
-223
-213
-217
-211
-222
-220
-202
-183
-194
-205
-230
-249
-283
-301
-304
-304
-289
-290
-275
-271
-260
-251
-249
-247
-245
-241
-221
-192
-174
-156
-136
-134
-145
-148
-149
-157
-174
-189
-201
-208
-204
-208
-216
-206
-208
-198
-197
-203
-202
-188
-169
-158
-171
-178
-173
-185
-175
-175
-152
-128
-135
-132
-138
-134
-153
-167
-167
-160
-148
-147
-149
-140
-131
-145
-178
-195
-182
-177
-186
-200
-208
-200
-196
-205
-219
-215
-210
-212
-221
-227
-219
-222
-212
-194
-181
-162
-157
-151
-127
-117
-117
-136
-161
-171
-157
-160
-169
-187
-191
-169
-138
-130
-130
-139
-176
-196
-187
-146
-113
-99
-115
-153
-163
-146
-114
-97
-102
-122
-153
-161
-131
-91
-93
-98
-128
-145
-153
-152
-149
-160
-197
-212
-215
-218
-205
-193
-180
-173
-174
-181
-181
-167
-131
-121
-134
-141
-120
-109
-105
-104
-116
-121
-125
-118
-111
-113
-136
-138
-149
-166
-160
-154
-150
-153
-149
-140
-128
-118
-113
-118
-129
-114
-99
-102
-106
-98
-110
-114
-117
-132
-135
-133
-120
-121
-119
-132
-169
-166
-176
-199
-227
-253
-253
-232
-233
-236
-232
-234
-238
-232
-203
-188
-159
-136
-136
-109
-89
-75
-64
-55
-59
-48
-48
-51
-52
-45
-35
-53
-65
-83
-101
-71
-72
-79
-88
-103
-101
-103
-94
-113
-123
-142
-143
-132
-113
-85
-75
-78
-85
-99
-104
-108
-115
-101
-86
-72
-61
-69
-68
-56
-44
-40
-48
-52
-38
-35
-41
-41
-41
-42
-55
-51
-34
-10
-14
-48
-76
-78
-64
-49
-43
-54
-65
-71
-82
-90
-95
-108
-116
-140
-128
-109
-109
-100
-104
-117
-107
-100
-109
-110
-131
-135
-116
-110
-109
-113
-118
-121
-129
-143
-153
-133
-128
-145
-155
-149
-139
-126
-143
-160
-168
-162
-149
-148
-145
-151
-169
-174
-187
-206
-229
-246
-218
-210
-218
-232
-249
-247
-244
-233
-234
-219
-209
-210
-207
-216
-216
-204
-195
-201
-211
-204
-195
-191
-198
-221
-220
-225
-236
-231
-234
-242
-241
-247
-247
-245
-249
-241
-246
-248
-244
-233
-231
-233
-246
-248
-257
-253
-252
-252
-242
-231
-242
-261
-267
-274
-287
-310
-295
-288
-303
-310
-309
-302
-281
-259
-247
-219
-205
-213
-213
-217
-215
-219
-214
-199
-215
-218
-223
-231
-231
-238
-260
-244
-231
-242
-253
-254
-257
-258
-228
-211
-217
-214
-211
-211
-220
-205
-200
-217
-220
-243
-272
-300
-285
-273
-276
-271
-274
-283
-275
-271
-285
-278
-270
-271
-265
-253
-237
-216
-194
-202
-229
-249
-241
-220
-225
-249
-282
-280
-255
-239
-229
-239
-262
-292
-295
-276
-250
-230
-244
-276
-301
-282
-249
-212
-197
-201
-201
-212
-214
-207
-205
-196
-193
-193
-206
-214
-199
-170
-160
-185
-213
-225
-216
-182
-169
-177
-206
-232
-254
-237
-212
-205
-212
-208
-194
-206
-219
-224
-230
-218
-196
-184
-192
-202
-212
-216
-199
-208
-224
-222
-227
-215
-199
-185
-203
-244
-266
-254
-242
-217
-201
-208
-222
-243
-243
-219
-197
-182
-195
-212
-211
-213
-206
-222
-230
-254
-271
-294
-311
-319
-325
-332
-355
-361
-353
-348
-326
-313
-308
-298
-287
-278
-269
-248
-243
-240
-240
-235
-236
-252
-264
-270
-276
-280
-288
-306
-318
-315
-308
-293
-289
-291
-304
-298
-303
-312
-308
-318
-326
-330
-342
-330
-305
-299
-306
-317
-318
-323
-324
-327
-333
-324
-310
-277
-256
-263
-254
-236
-233
-218
-193
-184
-184
-205
-209
-198
-188
-188
-191
-200
-208
-203
-219
-232
-236
-253
-275
-267
-257
-253
-256
-260
-270
-278
-277
-269
-255
-247
-239
-237
-256
-242
-208
-191
-190
-205
-222
-225
-219
-206
-207
-207
-203
-213
-209
-195
-177
-150
-150
-150
-124
-112
-108
-104
-108
-113
-115
-121
-133
-130
-118
-130
-138
-159
-171
-177
-178
-186
-191
-192
-188
-193
-182
-174
-162
-147
-171
-177
-183
-202
-199
-185
-177
-179
-181
-182
-177
-175
-190
-191
-191
-186
-170
-157
-137
-132
-132
-123
-111
-116
-128
-129
-130
-139
-132
-136
-153
-143
-149
-167
-180
-195
-195
-200
-180
-174
-177
-185
-196
-185
-157
-151
-139
-138
-143
-132
-120
-104
-98
-84
-75
-72
-79
-77
-70
-71
-82
-97
-103
-98
-87
-81
-96
-98
-84
-76
-66
-36
-10
-15
-15
-15
-9
2
4
12
0
-11
-14
-49
-82
-93
-96
-113
-130
-135
-144
-152
-148
-152
-148
-145
-142
-130
-134
-143
-164
-167
-139
-115
-106
-103
-92
-85
-101
-120
-138
-143
-143
-147
-137
-145
-153
-159
-153
-138
-141
-159
-198
-225
-245
-224
-184
-170
-181
-215
-257
-275
-254
-222
-220
-238
-254
-269
-263
-229
-202
-193
-200
-225
-245
-235
-214
-200
-202
-214
-234
-269
-280
-271
-267
-258
-259
-284
-327
-331
-329
-316
-293
-286
-291
-276
-264
-254
-258
-283
-304
-325
-327
-316
-305
-316
-336
-339
-328
-321
-322
-336
-354
-363
-368
-364
-348
-324
-315
-298
-317
-320
-308
-298
-292
-285
-280
-287
-307
-320
-318
-318
-304
-320
-328
-349
-348
-339
-340
-342
-381
-387
-367
-334
-305
-313
-311
-313
-311
-290
-275
-270
-259
-239
-216
-184
-166
-175
-182
-162
-141
-131
-118
-86
-71
-79
-92
-108
-114
-132
-124
-111
-87
-79
-70
-75
-81
-72
-69
-89
-102
-91
-93
-94
-92
-90
-96
-91
-76
-61
-59
-65
-58
-18
-11
-3
21
46
69
82
89
70
72
72
67
60
61
71
65
70
75
109
137
142
134
120
111
124
119
106
105
89
88
79
71
80
93
87
65
67
81
97
97
93
82
84
88
70
60
58
49
42
60
72
75
83
88
82
74
71
70
64
67
102
113
128
140
130
118
117
116
121
122
130
132
132
152
141
133
135
118
99
107
116
117
114
108
108
98
90
80
59
45
46
47
45
44
35
31
30
59
67
87
91
86
74
61
67
85
95
85
79
63
65
86
98
99
111
108
120
123
123
105
87
96
115
128
126
126
137
147
141
135
120
123
119
108
92
102
121
115
101
79
93
103
98
103
127
144
143
155
151
155
144
121
100
98
106
96
101
102
102
110
134
148
123
89
78
49
46
69
63
60
60
72
72
74
82
73
68
74
65
55
57
69
96
94
102
83
67
64
34
28
35
63
64
33
35
58
75
83
61
34
39
55
66
59
28
23
33
70
96
109
91
32
2
-25
-18
8
11
8
-11
-20
-19
6
26
17
2
-8
-8
-5
10
30
33
38
30
11
-14
-36
-37
-43
-61
-87
-111
-96
-57
-43
-31
-41
-69
-76
-77
-74
-81
-69
-42
-25
-21
-47
-63
-46
-26
-6
-24
-52
-66
-74
-45
-16
-18
-21
-38
-53
-20
18
22
15
-12
-5
23
50
94
112
105
80
61
52
56
92
120
103
92
80
64
46
19
1
-8
-8
-20
-13
5
3
-26
-44
-50
-36
-16
-1
28
54
82
75
88
96
107
91
84
70
73
85
69
62
51
58
47
42
16
14
22
31
40
29
5
-24
-40
-47
-46
-45
-63
-83
-99
-100
-63
-49
-51
-66
-82
-72
-81
-74
-53
-51
-52
-52
-43
-17
-13
0
-4
-13
5
-17
-26
-14
11
45
42
36
29
27
33
27
5
7
-25
-52
-48
-49
-48
-43
-47
-63
-83
-107
-106
-100
-96
-109
-118
-118
-113
-98
-82
-62
-46
-57
-99
-114
-115
-102
-91
-100
-111
-123
-126
-121
-153
-155
-136
-151
-140
-143
-143
-157
-154
-152
-171
-165
-171
-159
-163
-141
-142
-170
-184
-176
-153
-154
-152
-157
-157
-175
-194
-214
-204
-202
-220
-253
-268
-282
-282
-274
-245
-231
-236
-231
-231
-222
-189
-190
-212
-224
-240
-244
-223
-193
-204
-217
-237
-239
-249
-254
-249
-254
-244
-258
-272
-264
-248
-237
-253
-282
-302
-323
-335
-354
-358
-356
-359
-374
-376
-367
-357
-353
-348
-353
-347
-325
-307
-289
-289
-265
-262
-249
-233
-240
-252
-275
-278
-274
-269
-254
-248
-248
-252
-281
-286
-263
-239
-227
-228
-217
-195
-193
-201
-182
-168
-168
-194
-216
-242
-235
-250
-255
-231
-221
-205
-206
-208
-210
-211
-233
-240
-231
-209
-191
-168
-173
-180
-168
-164
-148
-132
-132
-111
-111
-111
-127
-138
-139
-131
-108
-113
-125
-166
-183
-164
-157
-163
-182
-201
-207
-185
-167
-173
-185
-203
-210
-205
-181
-156
-155
-158
-154
-154
-141
-128
-119
-107
-126
-136
-155
-150
-124
-133
-135
-169
-202
-204
-192
-172
-170
-145
-158
-185
-194
-174
-155
-166
-184
-179
-165
-158
-119
-113
-129
-145
-178
-155
-134
-136
-141
-155
-127
-113
-90
-85
-94
-90
-94
-79
-69
-76
-56
-49
-75
-84
-89
-59
-19
-4
-4
-20
-23
-28
-17
8
20
30
27
5
-22
-12
10
27
38
21
-8
-17
23
62
87
88
75
89
109
138
168
183
192
220
216
223
215
210
219
227
251
251
233
210
207
211
196
167
154
156
155
184
194
210
216
191
180
177
191
197
192
192
182
168
163
182
189
183
186
156
152
150
147
143
134
123
119
141
173
209
219
218
213
219
194
191
183
178
191
194
215
215
226
209
187
171
150
156
163
169
181
176
179
192
193
201
193
174
156
155
169
159
151
154
143
152
160
164
160
152
140
145
164
181
221
238
219
255
260
296
293
264
264
256
260
260
253
205
168
147
145
170
185
222
237
226
244
234
232
248
245
229
227
236
231
226
193
192
192
156
149
153
184
164
152
142
137
134
131
153
164
181
158
154
147
152
160
152
163
151
139
101
105
91
102
117
144
156
158
154
148
159
159
151
126
103
92
118
136
142
107
67
47
53
70
83
86
87
82
72
69
77
76
76
91
106
125
131
128
115
113
121
145
151
134
117
114
128
112
101
99
80
84
88
72
45
45
55
43
50
87
101
64
37
32
15
47
79
83
98
86
94
105
141
168
163
149
132
136
106
81
63
53
60
61
45
35
60
55
59
91
120
139
175
207
204
194
149
95
61
67
98
114
65
9
-9
0
43
71
79
42
-12
-5
26
76
131
138
133
99
79
85
109
133
94
69
25
1
0
8
45
41
2
-37
-57
-36
-4
7
-10
-49
-105
-107
-76
-68
-98
-142
-161
-183
-186
-185
-187
-194
-170
-176
-181
-201
-237
-230
-213
-204
-209
-200
-197
-226
-279
-273
-239
-249
-290
-323
-313
-268
-249
-241
-232
-260
-294
-291
-247
-190
-172
-209
-248
-258
-223
-198
-198
-230
-279
-289
-307
-317
-301
-279
-286
-308
-313
-300
-257
-214
-205
-210
-241
-261
-238
-208
-194
-190
-201
-196
-213
-212
-207
-199
-210
-206
-199
-209
-220
-242
-264
-268
-242
-215
-216
-239
-253
-245
-239
-243
-229
-228
-245
-259
-258
-240
-218
-207
-220
-237
-264
-275
-267
-265
-265
-243
-214
-211
-216
-223
-229
-253
-258
-282
-307
-314
-313
-303
-312
-341
-352
-349
-316
-304
-306
-327
-321
-313
-327
-342
-337
-323
-332
-351
-367
-372
-372
-358
-342
-324
-312
-306
-293
-287
-266
-251
-242
-251
-281
-285
-292
-270
-245
-232
-224
-215
-206
-214
-211
-191
-162
-147
-156
-164
-190
-199
-224
-246
-236
-214
-201
-218
-221
-218
-205
-200
-228
-216
-200
-183
-164
-166
-187
-229
-277
-305
-283
-273
-255
-277
-287
-287
-291
-305
-310
-297
-303
-297
-296
-277
-271
-254
-241
-235
-212
-181
-152
-145
-167
-193
-169
-136
-104
-118
-162
-193
-200
-215
-190
-184
-224
-260
-293
-302
-287
-256
-256
-272
-315
-303
-270
-233
-217
-203
-196
-214
-242
-268
-255
-238
-256
-264
-269
-258
-251
-258
-232
-236
-240
-238
-247
-246
-222
-214
-194
-216
-225
-234
-218
-202
-229
-239
-231
-222
-232
-242
-265
-250
-225
-197
-191
-232
-280
-287
-259
-242
-232
-240
-259
-294
-316
-300
-284
-279
-289
-277
-262
-228
-213
-184
-171
-185
-189
-170
-129
-103
-105
-124
-132
-144
-143
-138
-143
-164
-184
-179
-141
-97
-63
-83
-101
-136
-188
-203
-166
-88
-42
-61
-113
-131
-136
-95
-57
-39
-22
-20
-14
-8
22
35
37
39
1
-25
-39
-45
-65
-62
-66
-76
-84
-88
-55
-35
-48
-58
-72
-61
-42
-43
-61
-78
-72
-75
-75
-57
-48
-46
-32
-25
1
9
9
11
1
8
31
39
33
6
-13
-25
-2
39
88
105
81
55
23
22
45
42
22
1
-23
-18
-3
-1
2
5
25
53
50
43
27
20
52
65
36
-31
-49
-35
-2
19
18
4
-6
-5
0
12
15
21
12
2
17
46
61
66
32
-6
-18
1
72
126
143
137
122
84
47
43
75
107
89
66
46
53
39
35
23
15
29
51
92
143
186
183
169
145
136
123
114
141
167
162
145
139
156
166
166
161
172
193
210
226
229
205
170
160
173
179
169
174
180
162
111
90
77
98
104
98
118
146
167
163
130
129
161
200
214
197
181
156
162
183
230
224
190
163
180
208
210
195
178
182
172
176
181
161
164
185
218
242
245
222
210
228
222
211
217
243
231
218
243
270
274
235
206
215
244
245
222
223
238
213
203
226
238
225
196
199
223
238
248
233
227
234
257
295
307
299
298
351
371
364
301
255
244
232
247
241
251
224
208
213
208
220
223
236
230
231
234
229
222
233
251
255
275
275
274
253
233
223
215
244
259
228
212
245
263
268
262
260
288
309
318
340
386
400
407
423
434
455
435
398
387
406
429
437
432
426
423
431
471
494
510
510
492
494
526
525
481
429
408
410
399
380
355
340
352
377
381
380
396
415
434
472
520
558
565
560
537
499
505
518
512
486
472
450
433
434
435
436
450
446
455
501
499
473
461
468
488
502
502
483
466
464
495
550
549
508
462
460
483
518
551
547
540
526
511
474
463
473
486
511
514
500
521
539
552
557
537
533
530
535
575
595
580
535
473
478
470
470
477
498
527
537
540
525
523
546
585
575
556
535
534
536
528
510
506
505
491
479
482
490
510
518
488
493
497
491
497
516
531
518
479
459
450
467
469
475
472
474
468
420
390
370
368
352
311
290
297
305
336
323
308
297
288
322
359
400
444
467
454
451
446
437
400
374
388
365
360
353
336
328
306
286
259
242
266
303
339
353
344
347
344
358
373
395
391
350
323
336
342
318
280
265
263
243
230
216
203
193
180
181
210
256
292
318
314
329
346
359
357
318
305
276
248
227
220
201
166
159
152
155
157
168
179
227
266
296
312
315
304
277
269
267
277
267
254
222
191
153
150
168
173
171
163
156
177
251
296
293
290
318
344
333
322
328
347
326
270
247
254
253
212
173
166
172
159
160
195
215
211
196
220
296
355
368
346
295
285
334
362
333
279
235
203
157
137
160
188
172
151
131
159
188
200
214
241
312
331
350
319
309
333
327
297
258
227
185
147
115
119
134
139
106
69
74
120
155
154
138
130
146
137
140
175
198
214
207
171
163
175
164
111
80
93
110
119
99
102
119
120
109
107
115
130
155
171
165
132
101
115
161
194
167
133
102
97
113
134
162
165
141
93
46
36
43
41
7
-13
-13
5
36
43
41
18
15
18
42
59
64
55
29
12
-6
9
12
9
6
-7
22
53
91
106
137
174
164
129
130
146
143
133
98
75
47
38
45
35
21
-9
-46
-59
-54
-40
-20
-28
-33
-15
8
38
69
79
75
63
51
46
60
68
72
51
6
-42
-72
-88
-87
-69
-88
-102
-121
-103
-84
-53
-47
-65
-103
-128
-107
-94
-71
-77
-82
-83
-68
-49
-29
-26
-50
-66
-71
-77
-101
-127
-154
-172
-175
-151
-138
-151
-173
-167
-171
-169
-163
-162
-142
-119
-90
-81
-82
-86
-95
-105
-125
-134
-135
-107
-80
-75
-84
-96
-105
-135
-141
-110
-56
-40
-65
-96
-95
-98
-114
-122
-144
-136
-117
-83
-50
-46
-65
-78
-95
-80
-67
-51
-27
-28
-29
-18
-11
-30
-27
-37
-47
-47
-82
-96
-77
-81
-88
-121
-133
-118
-125
-132
-123
-105
-114
-153
-146
-94
-28
18
44
63
66
48
20
3
3
15
45
84
65
6
-17
13
40
56
52
57
60
52
56
71
92
107
75
52
72
97
120
120
106
76
62
56
89
97
70
45
41
53
52
62
61
91
103
107
104
105
128
156
162
145
137
134
157
149
124
112
111
109
93
112
118
104
96
96
104
118
120
132
154
136
89
62
75
88
83
72
94
97
90
97
90
65
20
34
72
87
83
51
30
7
-1
19
29
23
14
10
-15
-25
-19
5
24
16
15
18
27
12
-1
16
37
25
-3
-17
-9
-16
-40
-34
-23
-11
-23
-35
-58
-80
-84
-101
-98
-98
-92
-112
-135
-128
-124
-117
-132
-154
-162
-171
-185
-187
-176
-160
-149
-165
-203
-220
-218
-208
-182
-191
-169
-161
-167
-170
-205
-229
-250
-276
-294
-309
-321
-329
-334
-323
-323
-320
-310
-298
-313
-328
-321
-302
-306
-279
-250
-262
-287
-333
-359
-369
-350
-342
-362
-379
-404
-436
-446
-426
-424
-439
-445
-430
-404
-370
-344
-326
-343
-362
-374
-366
-321
-300
-301
-316
-341
-366
-383
-403
-396
-388
-392
-389
-389
-381
-391
-379
-377
-392
-430
-452
-427
-410
-384
-401
-445
-497
-526
-493
-436
-372
-342
-350
-349
-353
-360
-359
-329
-327
-345
-357
-383
-384
-398
-413
-448
-493
-530
-541
-527
-520
-515
-514
-531
-561
-572
-557
-520
-481
-424
-395
-382
-379
-393
-386
-358
-340
-346
-388
-434
-445
-459
-462
-453
-441
-453
-494
-498
-468
-416
-382
-377
-383
-400
-395
-378
-341
-320
-353
-383
-390
-384
-370
-366
-387
-410
-413
-415
-382
-340
-319
-343
-393
-428
-441
-447
-408
-392
-396
-379
-375
-395
-408
-373
-337
-320
-326
-345
-341
-322
-320
-319
-293
-280
-269
-267
-252
-223
-192
-189
-213
-252
-301
-310
-302
-300
-305
-302
-318
-353
-354
-368
-372
-373
-386
-372
-358
-344
-302
-285
-291
-295
-296
-274
-259
-247
-260
-281
-284
-253
-230
-225
-213
-197
-189
-194
-212
-224
-251
-283
-310
-330
-331
-320
-314
-323
-303
-297
-296
-282
-278
-267
-256
-237
-212
-187
-182
-191
-214
-250
-265
-286
-299
-299
-273
-281
-304
-318
-298
-265
-270
-285
-309
-322
-346
-341
-334
-331
-326
-344
-343
-349
-359
-379
-390
-381
-350
-332
-326
-294
-290
-297
-306
-315
-334
-366
-357
-354
-356
-381
-402
-408
-418
-421
-437
-453
-464
-461
-469
-475
-448
-424
-423
-432
-442
-463
-476
-458
-420
-378
-374
-380
-388
-394
-405
-419
-402
-394
-394
-379
-394
-419
-436
-454
-458
-471
-475
-453
-432
-439
-430
-429
-431
-439
-433
-427
-414
-422
-430
-419
-416
-433
-431
-390
-377
-370
-373
-370
-356
-360
-373
-393
-394
-385
-382
-360
-370
-400
-415
-394
-371
-371
-389
-402
-366
-339
-334
-337
-315
-286
-290
-305
-315
-300
-283
-284
-268
-271
-276
-306
-337
-332
-320
-300
-305
-320
-346
-365
-372
-366
-367
-378
-392
-403
-401
-379
-356
-353
-373
-359
-330
-297
-264
-266
-268
-283
-298
-309
-292
-271
-229
-202
-221
-256
-301
-312
-300
-275
-279
-302
-306
-287
-249
-255
-281
-307
-320
-315
-306
-262
-250
-269
-279
-288
-284
-261
-240
-233
-244
-277
-296
-285
-273
-275
-274
-266
-277
-298
-282
-264
-230
-204
-178
-169
-196
-234
-234
-195
-158
-157
-180
-218
-263
-262
-252
-237
-225
-204
-172
-143
-140
-162
-200
-238
-264
-261
-248
-257
-254
-263
-277
-267
-258
-272
-302
-304
-300
-288
-260
-229
-224
-254
-297
-300
-261
-217
-200
-201
-189
-184
-210
-245
-253
-248
-259
-262
-261
-250
-233
-238
-261
-299
-316
-323
-324
-320
-313
-304
-339
-357
-367
-348
-351
-369
-374
-362
-342
-351
-370
-385
-349
-308
-295
-299
-282
-265
-253
-252
-230
-227
-273
-315
-319
-278
-258
-261
-282
-294
-303
-315
-335
-340
-343
-354
-366
-356
-326
-316
-301
-298
-304
-310
-312
-304
-317
-338
-349
-317
-295
-291
-307
-317
-316
-317
-312
-307
-304
-295
-304
-327
-323
-315
-311
-324
-353
-352
-321
-303
-318
-366
-402
-408
-406
-387
-367
-335
-326
-355
-355
-339
-333
-347
-371
-363
-317
-280
-278
-291
-310
-329
-331
-319
-328
-341
-339
-359
-382
-384
-370
-363
-367
-378
-387
-361
-329
-306
-304
-323
-324
-327
-334
-331
-344
-355
-336
-304
-288
-305
-346
-385
-389
-372
-376
-367
-376
-395
-408
-414
-386
-359
-343
-339
-344
-324
-310
-303
-318
-325
-347
-347
-336
-338
-325
-318
-321
-326
-302
-273
-263
-269
-292
-304
-279
-263
-279
-282
-282
-255
-234
-239
-241
-255
-257
-267
-250
-232
-232
-251
-257
-243
-234
-236
-227
-220
-224
-220
-204
-175
-156
-137
-125
-112
-95
-86
-78
-71
-71
-84
-72
-68
-73
-77
-80
-84
-70
-38
-33
-52
-85
-113
-109
-86
-62
-65
-78
-70
-53
-46
-36
-31
-38
-22
4
12
-15
-42
-66
-83
-83
-70
-45
-38
-53
-74
-88
-71
-29
-20
-26
-30
-20
-12
-5
-6
4
2
-15
-22
-33
-11
-1
17
-9
-44
-51
-38
-7
-8
-19
-40
-36
-17
14
46
38
33
30
23
44
76
103
84
39
9
36
68
76
90
73
69
73
90
94
126
139
124
111
99
82
83
99
116
128
93
61
46
52
89
105
69
26
-9
3
27
39
23
-3
-4
18
25
22
28
18
40
49
34
-2
-32
-26
-9
0
-9
-38
-52
-61
-64
-54
-36
-38
-61
-55
-32
-1
34
52
38
-7
-53
-69
-62
-56
-62
-100
-134
-143
-147
-144
-137
-142
-167
-190
-187
-173
-163
-155
-135
-134
-137
-141
-142
-111
-101
-111
-117
-92
-59
-27
-20
-40
-52
-56
-59
-75
-90
-113
-122
-124
-111
-130
-159
-174
-186
-187
-164
-138
-117
-123
-126
-107
-98
-84
-80
-102
-99
-90
-81
-66
-71
-83
-97
-114
-114
-108
-97
-94
-105
-118
-124
-113
-120
-122
-119
-83
-51
-26
-10
-8
-1
-4
-11
-25
-17
-12
-25
-22
-26
-34
-54
-49
-60
-75
-69
-62
-37
-30
-46
-56
-63
-33
4
19
22
4
0
17
34
56
60
68
67
61
61
53
65
77
84
81
88
79
58
32
30
40
51
65
65
64
39
14
8
-13
-36
-43
-34
-6
12
2
-16
-34
-56
-70
-26
16
24
12
-2
-4
-9
1
-12
-26
-31
-25
-31
-56
-46
-54
-83
-86
-71
-73
-72
-62
-78
-87
-84
-67
-49
-51
-60
-73
-55
-44
-41
-57
-72
-84
-99
-114
-121
-121
-129
-128
-139
-150
-146
-142
-139
-143
-140
-130
-138
-129
-107
-96
-100
-113
-123
-120
-126
-144
-152
-135
-127
-127
-145
-148
-145
-149
-159
-152
-118
-110
-100
-112
-101
-93
-84
-79
-89
-105
-139
-154
-148
-149
-153
-168
-182
-190
-189
-165
-142
-133
-134
-151
-150
-129
-107
-80
-67
-42
-41
-49
-38
-49
-69
-72
-58
-35
-27
-43
-70
-58
-37
-36
-22
-2
16
13
29
52
49
33
16
39
60
51
17
-7
10
25
44
51
21
-29
-61
-72
-65
-41
-40
-59
-92
-99
-92
-71
-53
-35
-16
-21
-21
-7
8
17
28
26
3
-9
-1
24
27
31
11
-47
-79
-67
-36
-7
10
-2
-16
-38
-41
-23
11
21
28
81
128
134
134
133
113
104
107
103
70
38
54
70
45
17
0
9
15
46
62
81
83
84
90
101
139
138
142
124
95
68
45
16
18
20
12
25
18
5
-11
-7
-8
-14
-16
-29
-38
-34
-19
-6
-6
-31
-49
-63
-47
-31
-29
-31
-17
13
7
18
42
51
51
39
40
74
109
138
149
132
128
129
117
124
129
144
156
162
142
123
112
89
98
103
89
86
102
141
166
164
171
160
161
163
170
188
191
189
183
182
187
198
196
195
196
189
175
174
169
175
181
187
176
158
152
159
166
172
188
197
184
162
166
193
216
208
196
177
174
162
138
123
146
158
127
123
130
148
152
162
169
179
171
167
172
176
166
132
123
135
148
149
127
107
110
112
103
94
88
90
103
118
130
124
128
153
179
200
196
193
186
172
151
162
156
139
106
88
81
69
82
85
71
68
71
70
83
122
141
140
140
158
172
154
129
116
129
117
102
109
115
102
78
69
56
63
87
91
95
95
88
77
52
58
60
57
39
15
13
6
-8
-17
-12
1
4
6
10
25
46
60
71
94
110
135
160
188
208
204
217
234
234
233
220
203
202
215
229
229
217
207
208
228
242
243
247
251
254
272
289
284
247
234
244
261
255
232
213
190
180
175
189
191
162
139
141
143
147
141
153
168
161
165
179
190
194
197
207
222
241
244
261
282
274
266
242
233
223
222
224
203
175
166
178
185
151
82
32
43
78
102
140
148
117
91
97
129
166
199
222
217
205
194
204
230
253
250
238
235
227
207
215
210
187
130
84
100
113
132
125
100
71
42
44
65
99
112
128
150
160
172
156
131
123
137
159
173
153
128
118
102
95
115
117
112
94
99
99
88
76
67
61
59
81
109
140
139
120
97
86
116
158
178
179
169
166
154
141
128
120
89
64
73
98
90
71
52
22
-3
0
22
46
72
68
58
78
93
89
79
74
89
107
125
121
106
81
84
107
115
119
112
95
88
71
65
68
80
73
61
65
66
77
78
58
57
39
22
34
50
59
55
37
27
39
35
49
61
70
69
83
108
120
137
132
119
91
91
105
109
106
88
75
67
63
56
52
63
73
77
82
77
104
122
140
148
147
156
165
175
172
166
165
162
140
142
141
149
154
133
107
111
114
110
128
150
138
126
143
158
162
141
130
123
135
146
153
151
145
150
150
139
151
159
153
143
152
190
186
168
122
104
118
129
159
149
133
120
106
125
154
160
141
135
135
144
159
156
147
131
126
138
160
176
190
186
177
188
197
199
213
207
202
210
212
194
191
198
209
211
204
204
202
214
197
211
211
211
224
224
233
246
239
244
248
243
251
242
223
213
222
225
229
222
211
200
195
195
207
207
204
209
198
189
189
198
207
207
205
209
233
235
243
239
234
245
244
253
248
238
239
243
243
244
213
174
154
127
149
166
181
187
164
135
114
128
127
138
163
196
219
216
202
195
202
194
180
155
160
189
192
188
157
103
59
44
51
77
90
73
38
30
62
96
119
93
67
46
45
82
100
96
70
22
-4
19
65
81
86
75
62
67
87
101
120
123
105
83
69
66
73
98
100
81
57
27
26
62
81
81
69
62
58
42
27
59
98
112
114
128
136
114
82
86
88
94
103
80
66
48
48
47
49
37
33
41
48
45
43
42
44
45
60
87
110
136
134
129
125
111
116
115
96
83
76
80
84
66
31
24
17
29
39
45
54
57
59
62
64
47
50
61
92
109
112
107
113
134
131
123
134
168
170
127
89
51
51
42
36
45
34
7
-6
-5
17
49
33
1
-9
-4
26
41
37
25
4
15
41
60
85
80
56
48
61
72
81
96
111
133
141
127
110
125
153
164
164
148
150
140
127
110
85
70
64
101
127
152
144
133
132
136
136
147
186
203
179
142
148
155
153
147
137
136
137
155
151
154
149
129
131
144
156
161
166
155
153
174
175
171
184
194
194
184
199
202
195
180
181
205
214
223
204
189
187
180
194
207
204
186
172
164
162
184
192
189
181
179
169
167
166
167
142
122
120
127
147
168
170
140
99
78
96
107
137
157
158
137
132
144
160
170
162
177
185
190
172
164
157
147
144
151
172
181
157
119
111
97
90
92
99
119
121
114
98
84
83
69
68
78
99
111
88
76
76
70
45
45
73
94
116
119
110
102
99
87
75
75
112
134
125
130
139
110
91
85
85
96
100
84
68
50
23
9
20
56
71
64
43
32
42
42
48
58
62
54
43
62
84
86
62
51
61
82
74
63
62
71
95
95
108
119
123
115
117
106
88
80
105
123
121
97
56
24
23
55
76
53
31
26
22
31
39
53
56
38
35
73
108
138
142
138
138
132
133
153
180
193
168
120
108
109
117
133
137
123
105
85
88
97
94
79
51
47
62
77
87
81
85
109
128
148
149
149
158
177
182
169
158
150
155
170
180
175
147
109
104
104
104
124
141
135
123
112
137
168
183
153
131
134
129
126
130
138
134
109
103
139
162
168
137
116
89
67
56
47
60
52
39
28
16
23
32
39
58
62
80
85
87
71
72
77
97
138
150
156
114
100
113
147
162
151
140
134
123
116
124
115
87
75
58
71
74
70
48
23
8
25
77
83
82
56
46
59
55
66
66
61
49
46
71
80
71
80
100
94
85
70
54
53
29
16
15
17
21
18
41
64
74
59
67
67
68
62
74
93
89
72
52
31
25
41
59
62
48
31
16
26
39
49
61
71
81
80
73
68
55
16
-13
-6
26
50
55
41
36
39
32
40
64
93
95
115
129
110
84
73
86
111
122
135
131
113
86
63
46
35
28
10
11
12
-5
-30
-55
-78
-80
-82
-61
-39
-35
-33
-48
-55
-49
-34
-23
-18
-25
-37
-51
-66
-88
-100
-104
-102
-86
-87
-89
-112
-142
-176
-174
-148
-130
-117
-133
-134
-144
-131
-120
-141
-155
-156
-139
-116
-115
-128
-128
-134
-130
-133
-129
-139
-145
-145
-136
-118
-116
-99
-89
-96
-90
-74
-86
-82
-94
-94
-84
-71
-62
-67
-76
-83
-74
-85
-75
-44
-35
-35
-39
-62
-91
-95
-72
-47
-31
-33
-60
-65
-57
-74
-101
-109
-109
-113
-122
-118
-87
-78
-75
-77
-53
-32
-18
-11
-27
-41
-68
-59
-26
-8
9
20
-18
-50
-98
-127
-126
-126
-114
-109
-98
-99
-97
-97
-79
-91
-136
-157
-134
-79
-54
-74
-111
-118
-108
-70
-17
-3
-6
-33
-54
-72
-86
-101
-102
-84
-100
-124
-144
-133
-128
-152
-183
-205
-222
-244
-232
-202
-198
-212
-233
-246
-247
-242
-224
-196
-172
-175
-170
-157
-170
-189
-217
-242
-234
-237
-261
-282
-305
-307
-293
-294
-298
-330
-345
-346
-329
-320
-335
-329
-321
-317
-314
-301
-302
-294
-287
-272
-261
-261
-280
-293
-282
-269
-236
-223
-240
-267
-296
-312
-320
-324
-340
-344
-331
-309
-273
-278
-276
-303
-304
-288
-264
-228
-202
-174
-172
-170
-167
-167
-156
-122
-88
-90
-94
-122
-144
-124
-114
-113
-131
-142
-130
-111
-98
-85
-78
-77
-76
-100
-93
-58
-68
-96
-122
-107
-86
-51
-14
-2
3
-25
-58
-78
-79
-57
-50
-29
2
6
5
-7
-21
-18
-16
-5
24
33
38
35
48
53
58
58
61
87
107
94
76
69
62
65
73
91
119
128
131
128
116
120
143
161
173
169
174
186
178
173
174
149
148
147
145
163
161
153
150
151
175
197
207
218
198
178
177
169
179
175
169
184
170
156
137
126
141
158
161
155
149
153
153
124
115
136
150
161
181
178
165
147
139
139
139
144
146
155
149
134
112
119
119
130
154
155
147
142
136
146
168
197
202
200
218
235
247
234
217
210
229
256
257
254
254
231
195
180
184
182
175
161
171
182
171
156
160
173
173
171
188
185
175
159
147
140
134
133
125
137
142
138
139
130
127
108
105
120
132
126
108
91
69
64
61
69
67
62
81
83
54
42
25
11
34
68
69
65
54
2
-16
-1
3
23
44
55
48
23
20
35
22
42
57
63
87
74
47
38
51
39
38
47
63
76
85
92
57
36
35
56
66
51
34
15
-3
13
41
39
8
-13
-26
6
46
41
42
16
-6
0
5
31
50
54
27
0
-28
-23
1
3
9
-11
-44
-57
-42
-42
-56
-94
-117
-131
-148
-151
-115
-87
-102
-121
-162
-161
-136
-100
-78
-53
-30
-31
-26
-34
-46
-21
-9
-9
-33
-49
-56
-46
-40
-57
-76
-107
-124
-133
-112
-102
-107
-133
-142
-141
-137
-101
-52
-51
-77
-104
-109
-88
-63
-51
-54
-53
-58
-56
-59
-61
-53
-83
-99
-102
-111
-123
-115
-89
-84
-120
-162
-147
-118
-101
-97
-91
-82
-86
-88
-67
-51
-45
-37
-26
-2
16
34
55
72
77
78
78
97
98
101
101
113
121
95
87
95
103
112
96
58
46
35
75
102
108
123
130
125
134
133
124
130
111
119
130
157
179
179
188
198
224
225
213
188
168
166
153
140
165
165
152
162
162
176
168
168
173
155
148
129
123
118
106
97
93
99
87
68
76
81
84
100
97
95
93
93
86
78
70
80
66
43
35
27
32
45
50
45
43
43
25
41
52
61
85
68
71
68
67
75
92
117
134
131
100
85
80
71
66
52
31
25
12
3
19
18
-10
-25
-36
-61
-45
-30
-31
-2
-11
-26
-14
3
33
38
30
39
50
31
37
35
30
35
15
-6
-18
-35
-46
-44
-42
-24
-2
8
14
19
0
-13
6
18
17
35
56
81
101
95
80
82
97
98
113
120
114
102
83
82
94
96
93
90
93
104
122
129
124
98
71
81
110
119
115
120
91
96
100
116
140
131
130
140
135
132
144
143
153
160
147
144
145
128
124
135
144
123
112
121
135
129
96
87
91
107
109
113
112
137
169
174
174
161
166
187
210
194
169
157
144
149
149
143
139
134
147
183
209
165
106
58
53
100
150
172
168
147
122
126
174
208
219
203
169
172
184
207
213
219
200
153
138
135
142
119
101
71
39
18
20
55
90
98
83
48
26
33
52
79
111
136
152
168
169
165
148
123
119
124
136
145
129
113
103
116
118
97
99
110
108
104
98
82
101
104
86
87
76
87
90
79
82
83
82
75
86
109
112
98
77
60
38
18
18
13
9
-7
-12
-12
-24
-11
-23
-26
-21
-18
-4
6
20
25
37
50
64
65
66
65
77
66
50
34
36
59
64
71
62
47
35
35
31
38
38
34
22
3
1
1
-2
-3
-28
-30
-20
-14
-24
-24
-38
-46
-58
-74
-52
-32
-22
-45
-45
-34
-23
-14
9
13
10
-5
4
18
3
-5
-16
-15
-30
-35
-22
-1
12
2
-18
-26
-20
-21
-32
-42
-60
-98
-130
-149
-130
-128
-132
-149
-161
-164
-158
-131
-117
-107
-99
-83
-67
-72
-68
-73
-89
-98
-99
-90
-66
-53
-70
-70
-71
-73
-82
-77
-65
-60
-84
-90
-77
-86
-90
-83
-81
-84
-101
-103
-105
-112
-101
-103
-100
-102
-107
-99
-77
-78
-93
-107
-103
-98
-100
-85
-74
-71
-67
-78
-90
-101
-114
-121
-118
-129
-133
-133
-136
-142
-146
-137
-119
-115
-120
-131
-135
-141
-160
-162
-151
-151
-150
-165
-167
-158
-172
-173
-177
-181
-186
-186
-198
-201
-200
-198
-184
-163
-146
-148
-169
-176
-164
-151
-133
-114
-106
-96
-89
-90
-87
-73
-71
-73
-68
-67
-49
-30
-17
-34
-58
-67
-74
-84
-94
-82
-93
-116
-127
-117
-133
-151
-151
-150
-144
-107
-85
-98
-89
-86
-121
-125
-123
-140
-149
-160
-158
-154
-136
-138
-144
-156
-153
-153
-155
-154
-181
-195
-181
-180
-189
-199
-198
-215
-231
-213
-236
-250
-232
-201
-183
-188
-233
-264
-265
-244
-214
-221
-238
-263
-296
-302
-277
-258
-256
-295
-331
-362
-358
-341
-325
-324
-344
-358
-357
-331
-300
-275
-252
-262
-294
-309
-304
-303
-280
-269
-278
-298
-304
-280
-252
-242
-257
-298
-333
-334
-337
-329
-322
-303
-295
-315
-324
-328
-358
-371
-364
-357
-373
-395
-408
-387
-363
-338
-343
-364
-387
-414
-415
-388
-364
-365
-371
-369
-348
-321
-304
-312
-339
-361
-351
-342
-334
-330
-344
-358
-376
-401
-393
-376
-374
-364
-377
-402
-427
-442
-444
-419
-410
-400
-391
-377
-356
-330
-316
-315
-301
-303
-280
-242
-217
-219
-223
-234
-227
-213
-210
-208
-224
-222
-212
-219
-228
-217
-192
-180
-153
-146
-146
-143
-145
-157
-160
-143
-152
-157
-178
-175
-162
-174
-200
-214
-208
-191
-188
-194
-190
-201
-229
-235
-216
-197
-184
-166
-129
-100
-87
-89
-76
-63
-60
-46
-54
-48
-27
-21
-34
-30
-10
-8
-10
-10
-1
-3
-11
-24
-14
30
43
35
32
21
13
2
4
18
27
41
63
89
83
87
93
97
116
139
161
163
160
152
150
145
148
153
147
136
133
134
145
155
148
150
159
156
137
126
132
145
134
121
120
139
142
143
138
126
122
106
106
113
105
86
81
83
72
46
44
65
58
56
55
49
62
57
69
78
84
88
102
111
117
129
121
123
127
141
145
126
123
119
128
136
130
114
99
96
103
96
90
95
103
121
117
126
107
104
116
126
139
127
128
120
124
123
109
109
131
150
129
113
109
99
96
110
121
119
126
124
126
133
128
117
130
137
139
116
104
127
132
127
134
150
174
188
187
196
191
178
175
189
197
206
198
186
185
176
154
139
133
126
138
154
152
141
145
164
180
176
183
187
179
183
190
206
209
221
218
228
237
222
202
203
221
229
221
190
167
159
171
199
209
193
180
149
141
166
197
217
213
196
185
166
176
196
207
208
196
193
181
207
234
230
213
186
146
133
132
137
139
158
149
142
129
119
123
125
158
158
152
165
177
188
176
167
172
186
189
182
185
188
187
169
165
161
164
152
140
137
136
160
167
166
156
148
149
166
181
188
176
158
149
144
148
157
171
168
157
135
104
101
106
95
78
73
65
58
58
47
39
21
20
14
10
20
30
29
16
26
24
10
-7
0
34
40
33
35
37
39
39
40
51
51
43
32
30
28
27
15
-19
-38
-30
-21
-41
-57
-82
-79
-60
-57
-50
-55
-48
-41
-44
-42
-39
-46
-50
-42
-24
-28
-2
28
44
57
61
65
61
52
32
16
17
10
-1
-4
4
16
8
18
6
-13
-18
-34
-34
-29
-25
-14
-27
-33
-52
-53
-48
-55
-52
-51
-60
-47
-34
-40
-30
-32
-39
-51
-71
-84
-78
-66
-75
-87
-88
-77
-60
-66
-68
-63
-54
-38
-43
-40
-48
-57
-76
-96
-107
-109
-92
-75
-45
-41
-38
-43
-54
-45
-62
-67
-67
-67
-68
-87
-120
-141
-137
-146
-150
-162
-190
-206
-203
-219
-234
-246
-244
-224
-209
-201
-192
-193
-197
-202
-193
-191
-190
-217
-240
-239
-247
-253
-272
-295
-319
-328
-338
-323
-312
-318
-319
-319
-302
-292
-294
-289
-248
-211
-193
-190
-201
-197
-193
-172
-170
-181
-176
-190
-188
-178
-171
-174
-180
-179
-157
-149
-154
-162
-172
-161
-149
-138
-129
-135
-140
-131
-121
-111
-100
-83
-82
-87
-53
-12
0
-7
2
9
5
39
61
47
42
39
9
-10
5
26
40
48
58
57
35
45
51
60
91
106
119
127
139
117
102
109
112
112
121
129
125
129
123
99
97
103
140
178
166
112
84
87
121
144
121
94
53
47
66
80
85
76
56
41
51
94
136
152
157
144
140
163
201
208
199
192
146
119
119
115
125
133
115
97
95
82
97
110
129
110
82
111
136
149
141
148
166
152
148
145
146
182
200
187
142
105
90
88
114
118
102
76
52
34
52
90
122
117
97
79
45
52
65
78
82
76
57
51
53
63
54
36
7
-24
-4
7
5
-13
-31
-41
-59
-64
-64
-77
-91
-82
-79
-86
-88
-63
-33
-16
2
2
9
15
25
21
34
45
44
61
66
84
93
79
60
33
18
10
10
-4
-20
-34
-39
-64
-86
-87
-80
-66
-72
-71
-67
-66
-58
-52
-47
-59
-76
-70
-61
-51
-39
-42
-61
-81
-93
-89
-84
-83
-80
-70
-65
-61
-65
-59
-58
-86
-99
-104
-93
-82
-69
-55
-64
-81
-114
-121
-108
-88
-66
-59
-90
-115
-130
-162
-171
-178
-197
-200
-195
-191
-182
-192
-190
-173
-162
-153
-154
-162
-159
-156
-174
-190
-224
-248
-244
-246
-227
-223
-202
-185
-179
-174
-172
-174
-167
-171
-178
-190
-209
-212
-193
-166
-162
-160
-163
-182
-197
-196
-181
-183
-184
-179
-174
-156
-181
-206
-204
-208
-200
-182
-181
-185
-188
-196
-189
-181
-171
-151
-134
-115
-135
-160
-154
-146
-118
-107
-94
-93
-90
-75
-72
-78
-88
-92
-88
-68
-54
-51
-54
-59
-81
-102
-95
-87
-67
-38
-36
-34
-44
-60
-61
-40
-8
16
11
-1
-9
-21
-14
-3
-5
1
23
32
41
50
63
67
55
38
46
62
86
99
91
112
123
113
102
101
115
124
120
116
121
126
130
127
127
104
80
75
54
46
19
16
20
9
8
-3
4
9
6
16
44
38
26
24
27
41
66
104
128
139
143
134
123
108
98
87
72
62
61
74
99
116
99
58
31
32
39
61
80
102
89
70
54
46
67
86
98
94
79
50
31
34
44
54
38
19
2
3
20
24
4
-13
-28
-21
11
33
17
1
-3
5
17
2
-13
-18
-32
-33
-29
-9
17
25
-4
-46
-71
-66
-45
-36
-34
-44
-59
-56
-45
-23
-10
-13
-27
-32
-17
8
46
72
73
66
49
44
54
81
97
87
66
35
9
-3
17
18
6
-17
-49
-50
-50
-61
-89
-118
-115
-101
-79
-58
-53
-59
-61
-59
-43
-27
-21
-16
-7
30
53
69
81
86
87
95
114
126
118
105
115
98
75
44
20
16
26
31
39
62
61
46
24
-1
1
15
7
0
2
23
42
40
25
14
8
14
28
42
43
50
55
43
40
63
71
79
70
64
95
89
82
77
78
89
104
101
87
89
99
122
135
139
136
129
120
125
133
148
161
163
149
141
145
129
140
146
146
131
120
124
120
136
130
106
86
71
67
81
83
99
124
134
148
130
111
106
117
128
134
124
104
96
99
102
100
100
99
92
96
98
97
97
99
98
106
113
110
100
88
66
60
55
48
50
53
47
34
29
13
6
-6
-19
-33
-56
-47
-22
-6
1
-4
-12
-15
-8
-8
-6
-2
10
3
-5
-11
-16
-32
-44
-54
-52
-37
-42
-31
-15
-7
5
7
-5
-22
-40
-36
-16
-25
-40
-56
-72
-83
-68
-49
-47
-54
-63
-87
-94
-96
-98
-88
-101
-103
-83
-80
-73
-57
-71
-85
-77
-83
-81
-78
-73
-70
-81
-78
-77
-79
-91
-68
-56
-63
-82
-108
-114
-127
-113
-122
-128
-141
-164
-187
-192
-182
-175
-188
-197
-195
-199
-180
-174
-174
-185
-192
-193
-205
-212
-220
-227
-234
-223
-211
-196
-185
-167
-158
-154
-152
-169
-167
-158
-152
-188
-240
-267
-270
-239
-223
-237
-287
-332
-352
-336
-313
-308
-304
-317
-349
-369
-349
-312
-288
-293
-290
-299
-302
-273
-254
-247
-242
-261
-292
-309
-311
-298
-299
-344
-398
-421
-420
-394
-379
-377
-376
-420
-448
-435
-413
-397
-381
-372
-357
-344
-355
-370
-376
-361
-342
-333
-348
-367
-396
-394
-381
-365
-344
-364
-382
-385
-382
-371
-375
-376
-380
-369
-349
-329
-301
-303
-333
-359
-372
-384
-367
-347
-342
-350
-344
-340
-328
-321
-329
-322
-352
-364
-383
-378
-383
-404
-405
-403
-399
-406
-383
-367
-342
-332
-322
-316
-308
-308
-306
-297
-286
-266
-256
-257
-252
-255
-260
-264
-271
-282
-300
-301
-300
-285
-288
-302
-334
-340
-309
-274
-277
-292
-302
-334
-329
-320
-279
-259
-242
-245
-264
-258
-237
-224
-211
-196
-206
-184
-163
-121
-119
-125
-122
-120
-91
-83
-61
-62
-35
-25
-39
-53
-56
-75
-95
-79
-73
-74
-94
-105
-96
-81
-62
-53
-75
-80
-79
-64
-33
-30
-19
-15
-1
-6
-7
-18
6
17
2
-2
9
18
33
14
14
-10
-22
-12
-18
12
19
23
26
12
17
50
61
66
70
64
59
70
77
77
89
102
93
88
92
92
109
107
99
89
82
95
88
59
41
45
40
31
16
16
9
4
3
7
-2
19
26
21
35
40
54
42
35
52
43
39
40
14
5
1
13
17
10
10
3
11
23
-7
18
31
24
31
23
44
40
72
95
81
58
47
55
68
86
78
54
70
66
66
72
69
66
70
60
44
62
57
69
67
57
54
62
82
97
100
106
104
121
127
121
108
96
105
120
116
127
111
101
78
65
60
42
51
37
45
50
57
32
25
41
50
34
28
34
45
63
67
68
69
79
85
83
103
139
147
153
146
116
97
120
151
163
135
105
92
98
125
146
136
93
76
86
119
173
191
153
112
78
67
118
168
182
164
158
148
164
200
227
235
213
206
193
191
231
230
222
230
212
202
190
184
179
187
189
181
177
197
228
222
212
212
223
252
265
292
306
266
219
214
225
243
274
256
228
211
219
225
247
249
236
220
238
254
272
296
311
298
281
274
284
305
302
295
283
235
231
236
235
241
249
237
217
204
230
258
393
198
135
226
99
217
229
171
257
280
85
223
194
192
356
214
276
273
251
300
319
385
460
221
226
336
169
322
367
287
429
316
117
278
285
263
377
201
265
258
123
242
157
119
154
148
208
267
228
301
320
294
415
270
63
158
139
212
261
232
316
351
159
191
205
208
309
310
275
264
475
299
194
203
175
295
331
126
283
303
92
268
76
230
502
353
184
157
-21
111
220
57
256
222
195
114
10
53
274
475
236
318
117
79
216
149
284
177
159
210
272
156
218
190
153
206
169
166
170
169
167
96
73
113
157
348
440
658
498
510
291
197
358
50
383
379
196
259
167
-63
351
230
-65
467
68
131
381
-44
128
88
-85
-25
153
-64
80
227
84
226
89
84
92
185
164
118
346
97
185
3
92
38
238
169
325
203
152
245
186
98
213
311
190
134
139
46
53
147
-112
321
272
159
261
138
-135
167
110
-27
225
182
176
282
46
62
65
370
-33
168
305
-54
159
117
21
55
75
-187
197
-7
-186
305
76
270
119
49
101
65
-32
104
109
204
230
-6
8
-254
-261
-29
148
138
346
352
99
-30
-137
-96
161
266
188
350
303
10
-4
-70
-135
-3
234
201
214
175
-15
-5
-139
-207
-57
-130
62
-53
175
-131
-330
-223
-81
-182
218
183
235
320
-176
-39
151
-2
213
371
85
343
7
-190
122
-11
-135
192
152
66
46
-169
-333
23
-302
-127
139
-129
-30
-216
-140
-87
21
-362
100
218
130
131
-210
110
95
-127
95
143
233
145
86
-77
26
-39
-195
65
183
84
-103
-56
-153
-250
-318
-119
113
-4
-33
-96
-41
-191
-302
-174
65
164
40
144
-98
-2
-156
-223
43
254
208
68
97
-176
-229
-375
-194
3
-198
35
-112
-248
-155
-310
-286
-127
-12
-64
39
-65
17
-74
-399
-228
-132
-76
75
113
-64
-130
-222
-347
-147
-70
-50
63
-32
-164
-202
-306
-228
-148
-92
-6
54
-65
-165
-223
-107
-175
-281
-52
-166
-106
-15
-88
-108
-90
-217
-118
51
-29
62
92
15
-41
-78
-64
-2
27
19
-38
61
59
28
53
7
-34
-44
-134
-122
60
73
84
69
-47
-45
-110
-60
132
279
243
217
109
45
-30
-107
20
164
270
167
156
75
22
10
14
108
276
292
150
150
67
96
-9
11
6
97
124
130
268
277
203
146
171
241
299
279
219
250
209
236
250
159
245
233
211
319
433
274
137
240
152
174
233
212
174
170
118
84
100
71
135
263
307
366
351
250
155
81
150
326
422
400
415
425
367
296
203
285
428
481
555
472
396
237
140
43
186
297
299
287
302
304
160
130
105
223
224
281
252
189
65
-90
21
25
169
145
91
103
18
-86
38
181
121
59
-20
50
-8
-144
-34
78
104
23
-17
71
52
31
-31
-6
68
133
128
87
124
74
37
-7
43
183
231
185
184
268
200
102
55
180
310
387
430
551
622
415
408
483
573
562
508
551
556
574
533
379
262
239
280
333
389
325
404
299
198
259
225
241
159
65
77
149
79
51
42
51
125
179
139
142
157
156
143
-44
-26
117
261
201
-116
-200
-109
-78
-157
-190
-10
90
-10
-269
-298
-234
-256
-519
-611
-320
-53
-83
-366
-491
-479
-426
-468
-337
-160
56
77
-35
-36
10
132
129
-18
37
330
616
882
736
587
479
428
443
380
352
461
576
563
381
239
125
-35
-67
-89
40
217
181
40
-115
-254
-278
-288
-423
-392
-313
-132
106
107
-11
-89
-77
119
241
358
489
458
431
354
216
197
230
116
167
115
315
417
130
-90
-269
-223
-126
-140
-269
-175
-225
-524
-601
-703
-665
-617
-741
-835
-680
-728
-821
-834
-941
-809
-766
-779
-733
-557
-441
-431
-346
-324
-192
-129
-88
41
187
318
353
354
269
264
240
261
375
436
358
200
126
128
174
67
-88
-116
-188
-331
-450
-391
-399
-459
-536
-636
-594
-503
-283
-153
-203
-275
18
311
148
16
254
617
643
351
171
476
607
423
368
382
394
487
268
109
120
229
274
230
46
-121
77
57
-72
-154
-311
-294
-197
-223
-157
-176
-413
-573
-689
-802
-759
-647
-826
-866
-981
-1057
-1072
-1249
-1250
-1164
-1153
-1170
-1132
-1108
-1073
-997
-930
-958
-989
-952
-666
-326
-179
-186
-160
-27
93
113
123
135
192
215
169
72
-55
-159
-114
-33
-68
-106
-201
-332
-431
-390
-61
-17
-331
-612
-672
-442
-242
-278
-223
-140
-82
-61
-110
66
316
415
232
-50
16
348
519
376
135
93
260
325
228
182
171
342
356
210
86
35
43
89
32
-53
-69
-211
-198
-148
-261
-393
-554
-598
-558
-562
-762
-1004
-1124
-1090
-1037
-1146
-1383
-1580
-1551
-1456
-1376
-1383
-1420
-1285
-1115
-1062
-1114
-1230
-1134
-908
-632
-456
-383
-167
44
120
105
182
485
793
840
753
710
754
733
500
195
24
-63
-62
-23
-164
-444
-629
-723
-844
-934
-1179
-1201
-817
-108
-115
-762
-910
-473
-233
-396
-655
-347
781
923
417
-28
413
1285
1018
179
162
1055
1591
1077
260
148
547
765
193
-226
45
350
512
-39
-621
-304
-365
-444
-470
-711
-707
-604
-956
-1070
-964
-922
-1052
-1308
-1395
-1360
-1393
-1659
-1732
-1550
-1138
-985
-1324
-1315
-995
-734
-1015
-1219
-839
-333
79
109
-85
-134
-93
91
387
608
754
750
728
724
604
374
232
249
198
67
-38
-141
-302
-687
-1063
-1155
-1103
-979
-941
-1049
-1157
-1226
-1238
-1244
-1135
-887
-670
-494
-489
-568
-383
-106
85
177
172
518
958
700
484
522
782
1008
858
665
564
722
478
157
166
423
479
148
-158
-471
-227
-480
-792
-722
-581
-597
-825
-1380
-1743
-1420
-1449
-1395
-1638
-1725
-1345
-1211
-1379
-1692
-1582
-1116
-771
-932
-1030
-737
-383
-337
-534
-425
-142
85
72
-63
69
386
553
403
263
395
373
63
-125
-186
-232
-244
-402
-500
-645
-860
-1079
-1217
-1211
-1430
-1205
-925
-1171
-1324
-1278
-1175
-1014
-1237
-1321
-751
-452
-463
-400
-358
-163
-67
-53
40
135
272
554
602
285
231
398
615
399
300
369
462
318
-74
143
346
-187
-408
-209
27
-247
-877
-834
-614
-906
-1229
-1273
-1012
-861
-1307
-1454
-1663
-1391
-1152
-1307
-1314
-1270
-1130
-1165
-1284
-1196
-728
-336
-320
-547
-557
-223
193
401
446
369
367
687
776
469
182
280
481
333
78
-125
-139
-225
-507
-665
-772
-738
-994
-1213
-875
-950
-1192
-1192
-1147
-1136
-1100
-1159
-935
-743
-614
-424
-484
-398
-287
-44
35
-108
36
316
417
686
394
-16
377
562
504
377
198
293
342
94
-91
-174
-84
-193
-493
-684
-640
-552
-808
-1067
-1157
-1227
-1132
-1053
-1214
-1275
-1323
-1262
-1363
-1555
-1535
-1252
-903
-699
-708
-948
-871
-588
-466
-246
167
496
572
509
505
540
586
611
644
762
723
637
524
354
76
-277
-412
-257
-149
-345
-558
-694
-801
-1110
-1298
-1100
-800
-732
-920
-738
-804
-1277
-1334
-859
-208
-29
-420
-449
23
62
-269
-296
265
689
653
275
43
206
283
164
-55
-27
157
113
-91
-597
-717
-537
-734
-998
-1031
-1066
-851
-918
-1270
-1277
-1001
-801
-1022
-1315
-1349
-949
-683
-728
-850
-795
-637
-760
-858
-405
229
406
83
-165
0
265
294
249
414
583
481
267
114
99
-30
-260
-293
-138
-157
-314
-515
-661
-723
-718
-744
-759
-814
-889
-771
-783
-896
-1051
-971
-835
-765
-754
-517
-460
-524
-421
-360
-151
-85
-61
-145
-198
-260
-96
-20
32
-117
-374
-555
-716
-653
-711
-733
-645
-751
-1109
-1343
-1259
-815
-611
-804
-1114
-1334
-1312
-988
-611
-528
-621
-712
-811
-969
-929
-341
380
349
-214
-374
6
199
-75
-294
-46
284
179
-164
-129
-48
-444
-808
-660
-261
-323
-746
-1065
-977
-858
-935
-873
-675
-647
-863
-934
-733
-585
-634
-508
-272
-129
-232
-328
-278
-187
-201
-72
173
232
-78
-359
-361
-175
-38
-297
-324
-206
-366
-841
-1005
-963
-1023
-1125
-1033
-913
-1006
-986
-855
-654
-916
-1437
-1441
-627
111
66
-219
-254
-437
-905
-805
344
1439
1074
-152
-555
83
577
384
237
531
541
-162
-616
-215
99
-460
-1085
-845
-344
-540
-1208
-1504
-1318
-1221
-1256
-1108
-832
-914
-1373
-1483
-1154
-845
-750
-637
-494
-423
-563
-624
-282
-1
-116
-270
-113
140
66
-137
-116
-120
-306
-396
-281
-187
-443
-926
-1140
-1142
-1174
-1216
-1075
-922
-958
-1140
-958
-977
-1379
-1620
-960
-55
87
-348
-478
-298
-658
-913
99
1709
1762
160
-805
5
1058
894
581
976
1043
-99
-974
-172
950
560
-657
-854
-330
-398
-1168
-1136
-433
-462
-1272
-1558
-948
-730
-1214
-1416
-935
-552
-889
-1132
-783
-452
-674
-807
-361
14
-274
-701
-473
51
149
-209
-230
-53
-159
-492
-483
-193
-264
-630
-897
-864
-956
-1303
-1376
-1300
-1269
-1122
-687
-650
-1579
-2409
-1834
-432
93
-302
-668
-582
-1003
-1577
-714
1412
2240
558
-1224
-822
678
981
693
1155
1470
197
-1403
-935
889
1324
-65
-952
-587
-491
-1319
-1560
-521
10
-906
-1885
-1599
-927
-990
-1296
-875
-264
-647
-1483
-1396
-485
18
-178
-262
61
52
-497
-650
34
704
701
263
-70
-240
-351
-288
47
323
-31
-665
-1077
-1167
-1123
-966
-725
-751
-1082
-1357
-1131
-885
-1272
-1703
-1364
-425
-266
-692
-960
-676
-840
-1269
-593
1095
1558
-65
-1405
-807
638
871
441
682
794
-239
-1287
-458
1080
1027
-477
-1167
-582
-373
-872
-840
-42
-102
-1245
-1928
-1121
-376
-674
-1090
-687
-372
-1085
-1723
-1202
-37
181
-483
-838
-643
-459
-548
-325
181
400
-38
-579
-423
-64
157
49
76
-8
-249
-601
-692
-564
-534
-367
-337
-533
-864
-715
-208
-148
-944
-1395
-714
141
13
-487
-358
-207
-892
-1276
-119
1599
1292
-616
-1301
-106
864
512
447
947
403
-1259
-1584
310
1549
423
-1288
-1250
-611
-969
-1376
-508
332
-685
-2315
-2225
-745
-217
-789
-1124
-725
-945
-1700
-1507
-218
595
-110
-1074
-1063
-476
-245
-260
71
415
42
-715
-789
-6
451
202
-277
-380
-464
-634
-640
-316
-224
-649
-1195
-1354
-1230
-1069
-447
53
-183
-1540
-2187
-1529
-132
418
169
-246
-669
-1342
-1434
26
1736
1732
-170
-1276
-696
485
872
1038
1290
526
-1046
-1608
-105
1279
758
-659
-1126
-958
-1245
-1446
-738
55
-709
-2057
-2316
-1414
-968
-1173
-1142
-974
-1315
-2107
-1966
-925
-156
-501
-1187
-1302
-1081
-863
-628
-121
190
-196
-875
-865
-152
429
332
-88
-409
-481
-533
-291
-75
91
-369
-897
-1324
-1131
-825
-393
-38
-199
-1041
-2230
-2055
-833
470
191
-632
-1324
-1467
-1653
-863
758
1708
550
-1553
-1859
-412
1011
1258
1165
748
-460
-1585
-851
1155
1949
606
-897
-1163
-753
-664
-361
294
360
-839
-1973
-1798
-770
-79
-239
-684
-1262
-1603
-1613
-919
-154
69
-582
-1434
-1476
-875
-159
-60
-167
-409
-594
-855
-592
133
713
413
-415
-771
-616
-68
236
414
221
-388
-980
-1082
-390
220
450
180
-328
-1097
-1644
-999
396
1285
346
-953
-1458
-874
-388
184
1076
1450
89
-1839
-1637
368
1930
1371
325
-300
-733
-1053
-278
1406
1785
226
-1593
-1577
-511
172
124
162
25
-830
-1813
-1647
-134
855
349
-1009
-1468
-1077
-613
-296
244
657
-68
-1339
-1504
-93
1042
637
-199
-374
-197
-291
-171
580
1063
421
-644
-746
-16
437
294
182
103
-251
-886
-909
-205
325
90
-247
-379
-442
-1021
-1005
-91
869
438
-757
-1050
-481
-81
-62
649
1330
576
-1218
-1370
401
1925
1392
181
-216
-283
-405
-74
1108
1473
188
-1337
-1293
-183
248
-66
-248
-239
-845
-1654
-1576
-342
404
-152
-1267
-1590
-1179
-881
-609
-131
291
-393
-1488
-1490
-190
808
466
-341
-499
-341
-305
-29
713
1185
484
-425
-473
291
658
393
193
185
30
-510
-655
-146
277
-150
-863
-654
-43
-52
-1104
-1352
-438
359
-194
-1031
-745
-177
-404
-911
-172
828
401
-1200
-1166
313
1259
299
-527
3
417
-12
-577
289
820
223
-822
-545
260
188
-544
-599
51
10
-741
-1163
-365
102
-202
-875
-734
-392
-614
-773
-345
362
-99
-1089
-1200
-235
468
76
-502
-478
-272
-302
-133
382
670
137
-287
-166
332
581
356
205
49
21
-3
68
131
-47
-294
-593
-487
127
355
-143
-1226
-1217
-297
340
-19
-492
-390
-388
-901
-707
480
1320
478
-1052
-877
224
1002
556
237
286
-117
-529
-385
556
721
-44
-732
-589
-185
-232
-484
-306
-42
-270
-795
-1051
-382
89
115
-376
-567
-420
-338
-138
162
552
229
-422
-498
199
656
440
48
73
173
52
83
336
569
198
-30
53
364
307
-9
-21
71
110
-171
-216
-157
-209
-553
-636
-546
-212
-126
-219
-477
-1052
-938
-454
347
182
-351
-671
-662
-559
-248
569
964
212
-1036
-809
253
1020
549
137
74
-130
-370
-264
514
625
47
-681
-626
-334
-224
-284
-156
-63
-440
-968
-1105
-428
134
137
-439
-761
-725
-552
-196
276
505
-149
-872
-707
310
835
392
-143
-104
117
149
288
673
798
400
7
153
514
574
301
107
112
71
-186
-282
-195
-165
-289
-633
-726
-832
-457
-193
-195
-747
-1412
-1096
-332
114
-193
-580
-654
-840
-1015
-265
772
848
-556
-1408
-581
611
873
207
7
-198
-651
-687
114
947
437
-768
-1162
-551
-76
-119
-244
-95
-413
-1022
-1160
-341
553
274
-529
-1090
-641
-225
-103
93
281
25
-829
-1054
-209
691
454
-376
-754
-421
-139
-42
146
342
187
-379
-459
-19
514
415
-7
-234
-194
-146
-272
-136
80
7
-578
-982
-807
-377
-367
-282
-211
-404
-1142
-1679
-802
257
334
-708
-1336
-980
-613
-543
-198
413
367
-777
-1341
-455
758
885
-61
-416
-177
-48
-202
-37
562
542
-262
-803
-416
214
233
-116
-38
93
-148
-687
-350
573
838
184
-580
-370
120
374
393
495
316
-297
-575
60
824
684
-99
-489
-79
304
371
328
458
382
-37
-151
218
799
651
116
-142
15
235
79
-37
1
-44
-331
-544
-536
-291
-334
-479
-380
-375
-556
-1105
-957
-421
-26
-326
-758
-764
-591
-620
-579
15
361
39
-835
-649
135
638
340
-140
-56
0
94
161
355
272
11
-137
40
233
140
-12
10
231
91
-75
-213
93
285
279
104
-146
-139
-140
177
371
333
-172
-515
-298
256
539
242
-171
-342
-128
115
390
334
204
77
31
187
308
406
305
210
56
71
38
80
-39
-169
-234
-288
-369
-572
-621
-660
-670
-719
-494
-500
-688
-1233
-1313
-827
-484
-546
-921
-920
-930
-1059
-963
-372
45
-283
-995
-832
-147
173
-9
-202
0
-40
-234
-154
274
484
125
-238
-193
128
156
1
-14
72
-15
-303
-327
6
315
148
-222
-336
-140
-48
-33
56
128
-89
-424
-329
23
207
19
-197
-187
-124
-46
61
186
206
105
-33
-71
141
368
367
111
-149
-217
-97
-9
28
-142
-356
-540
-572
-579
-555
-527
-624
-723
-961
-828
-620
-561
-865
-1226
-1124
-828
-669
-732
-789
-949
-1141
-1219
-634
-70
-91
-820
-1225
-739
-160
84
-76
-152
-318
-595
-498
116
522
367
-162
-402
-233
-42
184
226
303
74
-265
-346
-25
463
420
37
-303
-254
-110
-9
73
142
-87
-429
-472
-155
134
-34
-267
-307
-137
-68
-88
78
206
170
-70
-93
196
374
277
167
137
114
-102
-61
241
352
9
-445
-439
-243
-74
-164
-316
-526
-674
-792
-739
-438
-276
-494
-1106
-1347
-934
-420
-494
-923
-1030
-796
-894
-1125
-764
-119
42
-693
-1016
-500
134
141
-166
27
249
60
-207
136
695
759
230
-8
257
536
453
400
638
545
154
-116
360
863
651
21
-229
72
243
152
59
153
13
-350
-465
-89
207
27
-314
-365
-140
-92
-164
-92
191
338
81
-158
31
474
546
291
279
421
443
181
155
424
496
158
-149
-68
87
-75
-338
-360
-345
-529
-852
-844
-668
-593
-889
-1198
-1362
-1188
-903
-863
-1057
-1267
-1303
-1124
-958
-749
-524
-455
-601
-832
-570
61
462
274
-87
-28
284
517
575
574
617
504
336
264
379
523
459
234
98
-22
-113
-153
46
149
-99
-456
-551
-318
-225
-350
-451
-387
-384
-596
-603
-312
-171
-356
-504
-317
-53
-62
-86
-19
135
205
126
135
305
509
443
279
297
412
418
376
398
371
163
-14
-5
64
63
-122
-385
-593
-652
-700
-735
-647
-635
-873
-1188
-1097
-884
-806
-1105
-1117
-862
-710
-893
-977
-586
-261
-433
-595
-172
273
213
-164
87
595
786
548
355
543
588
627
640
832
760
464
268
419
641
477
207
120
241
80
-76
-56
198
105
-193
-396
-300
-64
-146
-236
-227
-103
-243
-392
-313
-81
-30
-123
-148
-80
61
102
168
191
367
385
287
242
398
617
583
461
344
317
278
299
430
435
247
6
-58
52
77
-58
-172
-265
-407
-606
-557
-435
-468
-693
-907
-964
-924
-731
-658
-854
-1193
-1154
-841
-643
-761
-790
-661
-614
-716
-651
-184
157
24
-348
-241
224
445
326
352
570
533
256
223
555
754
595
301
269
298
231
109
198
329
98
-259
-336
-41
116
-72
-342
-386
-312
-252
-214
-130
-143
-269
-377
-307
-85
-23
-113
-170
-54
56
136
207
286
353
449
504
492
554
680
773
710
685
700
769
802
822
762
612
476
327
299
237
203
-20
-156
-282
-399
-572
-692
-763
-857
-1022
-1132
-1107
-1150
-1207
-1249
-1053
-1038
-1196
-1340
-1170
-863
-819
-942
-899
-648
-510
-540
-494
-164
90
16
-131
53
405
419
255
244
469
480
256
210
417
570
364
41
-18
133
176
62
-70
-82
-181
-330
-322
-105
-36
-330
-574
-483
-212
-164
-275
-277
-160
-155
-205
-123
107
240
151
72
164
426
530
510
458
573
665
640
626
666
707
605
537
515
539
462
341
196
139
171
91
-28
-128
-132
-239
-463
-579
-522
-463
-594
-806
-918
-915
-928
-989
-1029
-1015
-1077
-1171
-1175
-1059
-909
-958
-1067
-1138
-977
-748
-674
-763
-778
-583
-447
-468
-409
-150
36
-22
-167
-7
253
287
134
157
397
490
335
247
402
555
502
353
364
438
383
228
239
406
365
140
42
219
317
176
57
139
209
96
-54
-1
169
161
6
-78
84
256
153
19
132
410
406
176
161
416
591
462
314
362
487
458
364
346
429
324
177
185
285
240
-35
-126
-77
-24
-175
-381
-423
-379
-455
-689
-812
-710
-667
-868
-983
-956
-970
-1132
-1177
-999
-946
-1138
-1324
-1165
-880
-861
-1034
-1096
-813
-588
-649
-751
-600
-301
-252
-317
-196
103
264
179
134
374
599
602
558
663
849
771
631
616
722
748
635
564
480
406
325
308
351
355
122
-141
-151
97
212
-8
-210
-231
-127
-122
-118
-82
-26
-118
-224
-130
74
158
-9
-67
76
248
212
137
237
381
398
304
374
520
543
364
283
429
525
428
237
180
190
197
104
12
-59
-103
-202
-308
-321
-366
-506
-685
-665
-623
-722
-949
-1049
-1005
-1049
-1202
-1254
-1185
-1141
-1239
-1329
-1262
-1222
-1192
-1147
-1083
-1029
-1064
-1080
-930
-699
-584
-684
-699
-530
-378
-341
-296
-69
84
-4
-88
84
384
439
278
228
330
433
390
360
503
562
349
83
101
335
395
246
90
29
10
-58
-17
116
131
-62
-263
-229
-73
21
-15
-61
-40
-57
-90
13
206
277
141
37
194
391
431
374
442
557
527
487
542
674
654
499
412
465
505
408
299
300
385
287
103
-4
106
114
-81
-272
-317
-263
-333
-443
-539
-569
-689
-833
-953
-884
-867
-979
-1175
-1206
-1146
-1219
-1277
-1236
-1111
-1168
-1298
-1243
-1035
-933
-979
-1010
-892
-775
-707
-563
-399
-282
-335
-323
-154
74
238
257
266
325
418
504
653
783
822
656
598
744
865
824
703
701
700
637
492
496
571
543
365
222
232
236
205
164
213
131
9
-59
45
204
218
163
56
80
168
257
298
364
432
393
383
485
630
679
654
638
716
797
811
803
791
821
762
705
674
707
653
519
433
389
387
311
190
105
50
3
-113
-176
-162
-140
-165
-300
-430
-471
-429
-408
-446
-537
-564
-621
-652
-608
-538
-542
-594
-597
-547
-495
-495
-397
-332
-253
-202
-159
-83
2
130
256
316
342
443
601
764
810
878
910
976
1046
1114
1155
1126
1132
1117
1117
1088
1042
1021
1013
957
867
792
742
687
609
555
456
382
312
295
319
281
217
166
161
162
150
155
203
232
238
241
284
372
493
572
618
667
678
695
777
908
968
952
952
990
975
913
880
939
961
841
690
617
693
687
623
520
431
356
259
210
232
197
93
16
-6
-79
-209
-190
-211
-331
-431
-437
-423
-510
-566
-567
-566
-558
-588
-624
-602
-521
-481
-532
-545
-436
-391
-384
-321
-203
-122
-154
-161
-38
125
159
144
229
353
401
412
478
596
643
628
664
749
868
903
900
913
930
951
963
1001
1060
1043
983
958
993
1015
953
916
875
873
866
805
754
734
721
690
638
612
642
641
642
621
571
549
565
611
644
688
699
688
668
688
743
756
745
787
768
743
745
808
885
811
670
590
653
704
636
572
532
496
408
300
327
314
192
23
-61
2
-18
-145
-264
-301
-346
-437
-539
-522
-451
-511
-610
-633
-576
-578
-622
-641
-577
-580
-592
-547
-486
-401
-423
-428
-351
-191
-121
-124
-79
55
155
222
301
388
500
469
564
698
838
940
951
960
1019
1124
1207
1216
1193
1261
1308
1323
1300
1305
1275
1227
1189
1169
1163
1137
1099
1041
996
943
872
771
730
720
679
606
542
542
504
446
403
408
448
427
375
345
380
431
410
354
381
421
437
435
462
484
454
446
464
501
472
402
418
451
437
370
314
333
331
257
190
173
166
114
46
29
17
-47
-114
-113
-97
-112
-178
-240
-240
-230
-221
-256
-298
-298
-284
-307
-307
-250
-189
-226
-262
-209
-129
-102
-105
-56
-40
-37
-36
-21
13
65
60
0
-22
41
153
109
34
53
173
226
180
181
286
353
340
350
437
535
492
487
546
645
693
686
728
782
829
797
781
833
888
873
807
806
855
847
777
753
768
769
697
695
706
679
610
557
551
506
443
391
379
371
327
269
244
226
202
164
151
169
175
180
164
143
138
159
170
156
206
267
284
264
263
274
301
331
315
280
233
212
233
262
254
235
162
98
63
93
136
109
52
-15
-39
-47
-89
-123
-149
-146
-122
-133
-117
-171
-242
-248
-255
-222
-193
-187
-225
-265
-166
-105
-98
-119
-83
-69
-9
67
132
162
174
199
198
330
467
500
440
407
431
572
706
741
639
612
704
763
781
802
830
764
705
703
709
723
727
691
623
569
560
523
496
515
484
386
297
260
272
297
297
206
69
11
26
64
66
47
-13
-95
-143
-107
-65
-45
-100
-180
-195
-157
-44
-7
-12
-44
-50
-24
2
56
85
84
84
97
135
129
151
180
183
126
79
98
165
195
199
203
206
197
195
245
260
257
256
239
228
227
238
222
180
185
222
189
190
191
186
151
118
132
122
104
79
100
112
86
64
31
30
-1
21
14
-15
-40
-34
-64
-98
-91
-52
-93
-191
-153
-126
-126
-179
-155
-109
-101
-121
-132
-123
-67
-17
17
48
93
136
140
150
198
243
280
319
306
290
329
399
388
320
352
348
327
311
344
323
245
208
170
167
157
166
100
43
31
0
-77
-107
-53
-56
-103
-167
-182
-166
-152
-146
-143
-142
-169
-176
-148
-79
-43
-63
-77
-36
14
56
85
127
200
232
210
185
268
329
298
276
300
323
312
298
293
285
260
227
186
150
131
91
7
-7
-33
-92
-131
-175
-199
-262
-299
-322
-390
-440
-405
-416
-472
-488
-450
-441
-468
-412
-417
-432
-466
-415
-354
-322
-276
-246
-211
-180
-120
-102
-45
-57
-71
-34
31
47
16
28
100
131
88
70
89
138
105
100
138
157
145
79
72
108
101
98
95
132
145
112
102
106
162
182
164
177
208
214
192
189
261
294
247
206
198
248
287
284
279
301
351
329
311
342
388
402
380
356
366
377
369
317
291
347
324
241
158
175
230
227
194
154
154
120
58
60
144
150
102
67
68
36
15
27
70
114
83
22
-32
4
-8
-37
-100
-104
-99
-170
-239
-256
-260
-318
-414
-429
-398
-419
-484
-561
-527
-502
-568
-647
-636
-567
-581
-599
-576
-569
-577
-585
-582
-568
-529
-498
-500
-469
-477
-419
-422
-426
-383
-336
-322
-331
-264
-205
-174
-176
-142
-102
-79
-102
-82
-40
13
71
90
107
122
129
161
166
193
251
266
243
265
329
320
276
239
285
301
274
274
321
355
315
279
264
320
325
261
195
197
219
183
162
141
132
98
46
24
10
8
-42
-64
-36
-20
-63
-93
-49
-6
-6
-61
-77
-68
-48
-51
-57
-76
-108
-138
-132
-84
-63
-77
-122
-180
-241
-256
-206
-172
-205
-237
-272
-306
-302
-275
-273
-293
-352
-382
-334
-311
-322
-337
-366
-359
-363
-359
-325
-329
-353
-331
-335
-327
-329
-306
-290
-263
-198
-187
-202
-224
-160
-131
-139
-99
-63
-109
-151
-124
-76
-66
-117
-116
-88
-52
-60
-96
-93
-86
-107
-122
-73
-15
-36
-69
-68
-5
12
22
6
49
86
97
83
105
172
201
192
182
228
272
306
293
332
359
323
288
309
357
342
292
265
271
245
201
150
133
151
120
41
-18
-34
-54
-74
-100
-123
-143
-158
-157
-171
-176
-181
-210
-222
-178
-143
-187
-205
-178
-124
-142
-163
-155
-128
-117
-98
-67
-59
-61
-86
-84
-50
-16
-35
-21
5
-7
-10
-1
-1
0
4
-1
-27
2
25
-17
-57
-36
-17
-62
-72
-50
-55
-94
-100
-85
-104
-122
-84
-68
-91
-75
-60
-37
-17
-25
23
39
44
65
116
132
81
103
141
180
204
222
256
236
202
226
253
266
267
218
198
200
277
297
193
94
121
183
192
153
140
120
62
105
111
102
94
82
58
33
32
23
13
31
55
53
47
12
14
37
46
59
17
-9
-16
7
71
84
33
-23
-34
19
33
19
4
-4
14
26
17
6
-36
-60
-55
-65
-85
-125
-148
-156
-153
-147
-168
-211
-227
-226
-206
-184
-164
-162
-171
-180
-140
-97
-83
-80
-76
-58
-51
-24
-20
-6
23
67
106
121
98
93
132
136
124
128
156
175
146
124
118
154
167
127
100
97
121
136
125
106
102
66
22
26
50
46
23
-11
-43
-59
-21
-30
-62
-97
-102
-103
-105
-87
-69
-60
-94
-66
-42
-22
-22
37
77
39
18
75
124
105
95
111
149
134
150
159
192
199
179
195
216
206
176
169
184
192
196
185
139
141
146
153
109
97
91
60
47
63
97
83
40
32
46
38
32
39
56
50
43
27
53
48
48
51
57
64
65
94
119
133
165
199
172
147
160
197
204
200
213
229
233
224
242
249
243
249
250
247
267
272
257
242
226
196
182
190
200
188
176
150
166
178
177
180
165
147
136
133
128
147
123
75
60
73
51
12
-5
-12
-5
-20
-53
-70
-62
-51
-47
-50
-59
-65
-62
-47
-27
-10
35
38
23
29
82
114
130
125
132
175
170
187
218
229
229
248
259
260
277
348
358
336
355
370
347
339
366
382
345
317
361
382
379
364
371
368
352
360
366
378
397
384
384
377
371
382
358
369
378
376
349
334
346
373
375
363
371
375
368
363
396
380
342
336
335
331
313
333
336
292
294
310
293
276
265
260
246
233
236
222
206
213
214
204
185
190
213
207
216
210
217
239
216
211
203
220
235
235
218
205
170
205
239
218
198
190
194
161
196
261
265
224
221
209
218
279
337
359
326
370
361
358
411
430
443
442
435
425
441
469
478
427
459
461
400
377
428
450
410
400
392
342
323
365
355
336
358
401
383
361
375
355
314
325
355
352
312
289
298
313
325
300
270
267
269
293
300
325
308
288
295
311
331
337
331
307
291
306
287
260
242
222
180
175
189
168
125
83
77
66
45
54
41
33
17
9
5
-31
-45
-38
1
10
5
14
75
124
110
100
127
165
163
198
229
253
262
279
285
264
260
270
260
241
251
277
296
301
278
268
259
258
261
251
235
223
234
235
247
267
276
252
235
202
218
236
266
276
254
307
317
300
298
338
365
361
339
343
377
418
430
439
437
422
438
447
454
503
543
530
480
468
514
536
515
499
496
481
462
459
456
433
410
393
379
360
337
337
309
264
230
201
159
138
117
81
13
-43
-12
0
-22
-60
-67
-48
-84
-91
-67
-63
-43
-15
-29
-65
-89
-59
-47
-54
-38
-32
-29
-28
-10
8
0
4
6
25
30
25
51
58
51
55
46
41
43
89
118
108
92
77
95
131
151
149
150
139
131
114
145
147
112
83
109
110
78
65
35
45
47
65
74
81
88
96
119
130
120
107
137
159
181
211
229
212
214
259
278
233
207
237
263
266
244
257
246
235
248
258
211
186
202
215
226
221
224
199
181
192
192
195
195
179
169
143
145
150
156
133
129
153
158
123
134
194
193
133
140
166
167
167
190
200
160
165
212
225
213
189
188
191
194
203
229
237
218
198
187
174
165
153
150
196
219
209
173
135
129
130
162
151
127
114
101
120
121
115
84
51
43
65
93
91
69
41
29
28
31
62
108
95
66
65
47
49
77
84
88
50
73
93
89
92
104
110
81
76
83
100
100
120
122
86
75
84
117
138
137
133
131
139
148
159
125
125
116
122
94
60
64
71
69
55
67
69
44
31
47
72
71
74
97
94
95
142
174
172
157
134
120
116
145
176
149
112
115
116
100
69
74
76
33
18
15
11
8
19
24
15
20
38
30
57
109
159
178
155
163
167
180
187
184
163
172
195
214
209
186
178
173
165
127
122
102
92
90
120
94
59
39
12
14
-8
-14
-36
-48
-50
-31
-34
-56
-59
-50
-24
-31
-23
-44
-43
-35
-32
2
-2
-6
-8
1
-17
-21
-18
-21
-25
-32
-36
-50
-58
-81
-92
-87
-64
-80
-115
-114
-106
-87
-82
-105
-119
-114
-99
-72
-58
-39
-42
-51
-29
-16
-23
-3
14
40
60
59
53
49
66
83
108
118
120
128
121
125
153
146
148
161
176
191
193
189
186
199
219
211
176
158
155
142
132
148
174
162
162
154
121
94
97
95
94
74
78
78
60
53
36
20
-11
-22
-27
-19
-43
-49
-46
-43
-42
-31
-11
-22
-26
-35
-17
-5
-15
-12
-32
-46
-60
-63
-65
-66
-86
-115
-158
-190
-181
-182
-191
-193
-199
-216
-211
-194
-183
-201
-208
-209
-201
-192
-209
-197
-193
-175
-170
-161
-162
-171
-149
-126
-100
-78
-40
-18
1
31
37
50
67
70
87
111
122
135
153
167
157
145
156
154
145
151
158
140
100
94
117
113
91
77
54
32
50
66
60
46
23
-2
1
23
37
-11
-21
-5
5
17
35
43
43
38
39
51
65
87
96
99
102
85
63
83
102
111
105
76
56
43
46
55
50
19
-17
-47
-33
1
8
-37
-80
-125
-157
-136
-100
-66
-63
-60
-56
-61
-46
-55
-93
-111
-105
-86
-103
-122
-110
-119
-151
-179
-201
-223
-208
-170
-129
-119
-154
-174
-177
-156
-133
-126
-140
-110
-69
-43
-49
-74
-80
-78
-55
-69
-64
-66
-71
-62
-57
-60
-60
-47
-38
-42
-40
-36
-23
-14
-24
-8
-2
0
0
-1
-21
-47
-47
-18
-25
-39
-37
-40
-30
-9
14
6
-15
-22
-18
-22
-32
-31
-26
-27
-21
-27
-47
-44
-37
-24
-31
-36
-29
-17
-2
12
31
30
16
-2
-8
13
11
-5
-2
-15
-21
-25
-50
-66
-88
-91
-64
-63
-49
-50
-71
-88
-101
-104
-113
-131
-161
-156
-147
-128
-125
-133
-180
-187
-171
-165
-144
-133
-119
-114
-83
-47
-36
-39
-26
6
21
18
18
11
24
32
60
69
69
83
93
113
126
117
79
63
77
73
88
79
71
76
101
108
125
120
107
103
90
99
89
115
123
137
123
106
99
95
91
77
77
81
75
62
68
86
74
53
44
29
39
44
55
58
72
95
109
100
107
129
123
125
126
143
143
142
137
114
83
75
85
71
81
87
76
74
56
52
24
-4
-12
-7
-2
5
-13
-33
-22
-5
8
6
-6
-20
-11
-4
-17
-6
10
16
17
27
26
26
11
12
4
20
47
54
49
43
34
20
20
13
44
64
70
60
63
72
91
97
96
104
114
128
117
122
115
133
134
145
151
150
147
132
128
124
120
116
106
107
107
89
74
72
82
95
104
106
113
119
111
97
95
81
67
64
64
60
57
59
40
10
11
30
41
43
60
65
55
57
58
68
74
84
89
87
86
88
80
89
96
101
88
82
117
110
100
63
57
54
45
36
27
18
16
36
38
17
-12
-41
-42
-20
7
24
30
11
-7
-6
21
63
102
120
125
138
141
132
141
149
155
152
150
153
134
108
102
78
61
35
25
22
42
71
67
57
39
41
41
33
42
51
55
78
103
110
110
90
81
97
107
98
87
86
85
87
90
94
95
88
86
100
104
122
119
109
114
127
141
153
166
151
121
91
94
119
140
131
124
128
110
106
86
77
54
24
-13
-11
31
26
32
35
10
-11
-19
-26
-7
12
16
39
50
83
95
87
55
39
66
74
91
96
100
98
111
114
86
76
62
48
45
67
97
102
99
87
87
92
90
84
60
50
90
126
155
160
160
149
166
199
198
199
206
214
226
262
269
261
258
276
299
301
294
277
274
281
272
280
282
279
295
302
321
351
359
370
364
360
382
375
376
392
400
397
420
439
458
465
452
450
448
479
483
475
479
480
486
472
442
430
426
448
459
448
451
471
504
512
523
542
549
551
547
560
583
580
566
553
560
582
601
627
625
647
675
677
673
687
707
697
682
691
700
689
697
719
703
679
677
671
660
664
672
671
667
652
643
628
629
635
659
669
661
652
632
658
657
637
621
614
602
588
563
557
564
555
571
579
578
578
576
579
573
546
549
558
583
617
634
641
630
606
585
584
592
601
568
543
537
534
533
540
555
548
555
568
584
580
570
552
530
524
548
568
546
526
536
553
561
558
550
531
518
537
548
563
533
478
476
494
496
475
462
451
439
435
429
444
456
444
439
452
460
460
446
429
443
467
489
508
515
528
529
523
505
512
535
568
585
597
578
546
528
535
554
550
519
481
496
507
534
522
491
443
417
428
468
495
498
465
428
427
433
455
484
490
482
479
475
499
500
497
513
518
495
461
436
438
458
457
437
432
424
396
406
402
389
353
339
351
375
411
405
392
405
430
433
413
430
473
486
500
501
501
495
502
503
504
508
507
480
460
459
450
431
404
370
336
327
355
387
403
374
333
308
300
313
334
335
317
333
345
351
344
318
292
284
282
265
264
283
283
270
257
249
251
255
276
306
309
304
320
324
311
304
313
321
338
365
368
371
361
353
338
320
303
287
300
298
284
296
296
297
290
266
253
256
274
276
254
233
230
244
262
278
266
250
259
277
292
297
295
287
290
314
342
361
366
355
378
394
427
432
399
370
369
380
384
383
358
364
379
395
386
348
333
318
309
305
306
317
303
287
256
241
252
265
245
222
228
227
222
204
199
197
185
186
173
166
163
165
175
175
170
174
168
166
189
188
187
198
221
223
243
244
236
236
233
227
206
198
191
183
175
159
137
118
114
106
85
78
63
60
66
53
59
49
32
20
19
5
11
26
19
19
23
39
25
27
31
34
34
30
42
41
56
48
31
25
40
68
67
57
67
65
63
49
59
75
78
77
71
88
100
100
95
79
58
52
34
16
9
5
6
7
-2
-23
-30
-28
-4
13
10
5
-4
8
22
35
35
29
16
20
20
38
49
57
64
55
77
93
98
107
101
80
90
72
64
76
82
78
76
71
75
80
65
70
65
65
66
57
54
69
76
60
70
74
72
80
65
49
53
61
80
93
96
97
112
108
112
102
85
93
93
98
90
48
43
68
105
120
112
90
64
49
72
118
144
144
102
92
113
139
182
194
156
124
119
141
192
216
237
232
223
212
198
176
174
178
164
151
145
136
146
169
162
150
126
101
76
81
115
147
149
147
171
179
191
188
166
161
171
186
172
146
139
138
124
128
148
137
129
128
129
141
152
167
155
128
125
135
147
154
164
155
158
172
156
168
166
163
173
153
145
109
86
94
101
92
75
50
45
68
83
106
101
84
94
117
137
157
157
168
170
166
154
152
170
182
198
199
189
175
169
187
192
183
161
158
166
168
181
201
207
205
203
196
191
181
151
117
100
76
71
84
86
93
79
83
94
97
122
121
113
117
118
118
126
138
145
145
125
139
136
132
147
145
131
119
113
92
102
114
121
126
127
124
142
143
135
150
138
108
107
131
140
146
169
162
159
154
152
161
144
134
137
136
106
94
84
74
67
55
55
83
105
113
138
149
150
132
149
174
168
162
165
163
136
125
125
123
124
131
133
135
118
115
110
111
103
75
72
80
106
99
87
80
67
47
41
46
42
39
39
48
44
45
65
68
64
61
61
82
90
93
87
62
34
19
19
21
51
59
52
39
51
72
71
78
74
73
73
76
69
92
113
133
152
159
170
184
197
181
192
208
221
214
203
222
210
210
203
190
187
188
199
217
211
218
229
224
231
244
242
238
247
245
253
253
253
245
263
254
242
224
198
182
170
168
168
167
157
162
159
152
145
137
137
146
166
182
198
213
221
213
237
233
234
245
240
242
232
240
227
220
214
208
226
211
200
186
182
184
201
204
184
171
144
148
178
204
194
149
133
148
165
197
200
176
149
140
148
170
203
220
191
171
164
186
204
198
170
125
116
112
115
94
81
74
61
22
8
14
22
49
43
14
-14
-28
-8
23
33
32
48
68
64
49
36
35
35
32
33
41
43
43
48
57
64
63
62
55
56
55
67
46
29
50
51
56
66
81
82
45
22
21
40
70
103
111
95
104
97
104
102
77
51
57
76
65
78
88
78
78
71
50
24
34
41
26
-3
-28
-30
-31
-29
-25
-24
-26
-44
-37
-33
-14
17
34
41
40
30
12
1
-5
13
35
36
17
-2
-2
9
12
3
-3
-14
-29
-17
5
-2
-32
-38
-34
-26
-14
-14
-34
-47
-40
-10
7
7
17
6
-8
-10
3
17
23
6
-9
-19
-21
-32
-22
-1
12
21
27
33
40
25
20
18
17
16
12
15
16
3
9
-8
-14
4
-8
2
-2
8
33
56
58
37
21
3
12
46
56
71
74
77
111
128
130
111
119
109
98
118
131
137
148
165
145
135
138
148
170
193
198
185
192
198
198
192
183
175
154
137
136
125
129
135
131
132
126
123
139
165
186
185
202
217
222
231
233
234
245
269
277
292
292
256
227
230
227
208
196
194
192
176
162
151
145
143
135
144
145
139
132
132
127
144
169
188
197
203
202
197
196
206
194
178
175
161
150
155
156
155
148
145
169
187
205
219
246
253
243
240
236
232
239
213
210
208
212
229
226
236
239
233
208
199
211
209
206
192
176
170
173
162
133
136
147
137
149
152
173
169
158
176
193
203
183
173
146
133
124
121
120
132
142
138
129
113
111
103
89
90
96
87
72
62
85
112
104
69
34
13
8
52
90
93
43
4
1
11
36
82
88
72
53
43
67
64
70
67
72
61
52
53
69
56
24
-12
-44
-49
-55
-32
-23
-50
-81
-88
-99
-94
-89
-71
-75
-71
-52
-24
4
-3
-19
-32
-23
1
11
17
17
14
31
27
12
-13
-14
-27
-36
-34
-32
-31
-51
-63
-74
-74
-77
-80
-67
-70
-76
-56
-50
-32
-36
-64
-71
-65
-65
-60
-67
-75
-71
-81
-106
-135
-131
-106
-86
-88
-99
-94
-83
-66
-54
-31
-13
6
29
48
59
65
65
82
107
112
121
99
122
140
144
140
104
74
66
73
79
87
94
87
80
75
81
91
92
94
77
93
111
135
150
144
126
104
94
76
60
49
35
21
19
19
26
28
30
47
68
77
83
83
87
87
76
91
77
86
98
112
137
133
125
116
100
100
98
85
67
47
61
74
75
74
57
35
23
10
12
22
25
23
19
-12
-40
-50
-47
-39
-36
-36
-39
-16
23
41
49
53
49
45
29
54
73
83
92
86
71
51
33
40
57
75
82
76
75
52
35
34
20
0
-26
-51
-57
-59
-72
-81
-77
-87
-97
-82
-70
-63
-75
-94
-98
-71
-57
-57
-41
-42
-53
-56
-53
-57
-60
-64
-57
-65
-69
-67
-53
-52
-61
-99
-120
-105
-90
-76
-72
-64
-64
-89
-100
-111
-111
-108
-117
-97
-85
-100
-103
-108
-127
-136
-150
-148
-141
-138
-155
-149
-139
-131
-140
-144
-130
-112
-109
-98
-88
-94
-93
-95
-77
-91
-88
-74
-98
-125
-145
-147
-180
-186
-176
-195
-211
-211
-212
-217
-201
-169
-170
-174
-187
-197
-209
-206
-188
-180
-183
-196
-202
-191
-184
-174
-179
-168
-156
-158
-155
-176
-190
-206
-217
-205
-212
-212
-171
-127
-110
-103
-111
-114
-111
-99
-95
-102
-112
-120
-109
-91
-77
-92
-122
-157
-166
-151
-113
-99
-124
-131
-156
-155
-124
-86
-48
-45
-48
-48
-43
-39
-14
-8
-7
-20
-32
-41
-48
-59
-61
-90
-146
-168
-179
-144
-103
-109
-131
-162
-191
-204
-173
-146
-117
-110
-103
-76
-79
-80
-82
-75
-68
-69
-81
-111
-139
-161
-151
-152
-171
-189
-208
-216
-215
-220
-223
-243
-252
-251
-227
-193
-162
-164
-183
-214
-227
-200
-187
-175
-175
-185
-175
-172
-196
-209
-227
-239
-247
-254
-262
-273
-266
-272
-274
-288
-277
-261
-247
-220
-214
-196
-192
-185
-191
-184
-163
-179
-178
-187
-184
-174
-183
-196
-205
-197
-195
-208
-219
-238
-249
-250
-215
-207
-227
-235
-248
-248
-249
-260
-288
-286
-278
-261
-238
-228
-241
-272
-261
-256
-258
-242
-243
-255
-257
-247
-245
-242
-228
-236
-239
-210
-189
-178
-178
-178
-181
-189
-198
-205
-201
-191
-168
-157
-136
-156
-176
-181
-175
-174
-188
-184
-180
-194
-196
-198
-207
-215
-219
-222
-225
-238
-257
-270
-251
-237
-241
-245
-250
-240
-239
-236
-224
-218
-204
-212
-210
-216
-216
-189
-179
-181
-184
-170
-171
-174
-184
-175
-191
-199
-182
-165
-152
-156
-162
-177
-178
-181
-172
-170
-179
-177
-176
-173
-170
-166
-166
-173
-171
-157
-153
-158
-153
-157
-168
-171
-163
-156
-150
-150
-146
-135
-133
-130
-137
-134
-130
-139
-150
-156
-170
-165
-150
-166
-162
-167
-170
-163
-159
-160
-154
-170
-179
-173
-176
-165
-167
-158
-152
-155
-172
-197
-188
-186
-177
-167
-169
-186
-191
-179
-162
-146
-140
-137
-131
-131
-121
-111
-105
-92
-80
-77
-71
-60
-63
-80
-98
-98
-94
-87
-91
-76
-76
-71
-63
-77
-81
-90
-86
-79
-83
-86
-82
-81
-80
-55
-47
-55
-69
-82
-82
-67
-54
-71
-85
-88
-91
-80
-84
-97
-101
-107
-105
-104
-113
-95
-77
-46
-18
-15
-22
-44
-41
-34
-23
-31
-49
-61
-49
-25
-20
-43
-71
-84
-102
-105
-85
-51
-40
-78
-115
-94
-51
-40
-44
-50
-56
-62
-58
-46
-39
-36
-49
-79
-85
-71
-67
-72
-83
-110
-141
-150
-143
-118
-93
-93
-109
-130
-121
-132
-132
-112
-98
-76
-62
-44
-41
-37
-53
-59
-51
-52
-52
-70
-98
-94
-81
-74
-71
-93
-125
-127
-135
-142
-133
-121
-123
-126
-119
-106
-70
-65
-72
-76
-87
-85
-87
-109
-119
-124
-126
-123
-129
-141
-160
-186
-208
-223
-253
-272
-272
-238
-208
-177
-180
-195
-187
-184
-183
-183
-168
-159
-153
-152
-147
-157
-149
-151
-159
-163
-170
-161
-150
-132
-115
-107
-114
-129
-150
-144
-123
-110
-103
-116
-127
-136
-142
-127
-118
-127
-133
-144
-118
-96
-101
-96
-115
-139
-140
-130
-111
-90
-72
-67
-59
-51
-47
-40
-30
-21
-8
-3
-19
-19
-11
-1
-9
-17
-18
-17
-18
-11
-2
-3
3
-21
-47
-39
-28
-23
-26
-24
-10
6
9
21
36
48
38
25
12
24
35
40
37
22
21
10
23
29
32
39
39
44
64
87
108
120
124
134
153
178
185
177
179
183
171
157
161
169
164
146
143
139
129
119
137
131
132
145
147
158
160
165
154
145
154
167
156
143
159
179
177
179
164
142
136
139
163
164
166
173
203
218
221
223
226
219
219
220
221
234
243
237
225
234
238
225
215
200
201
200
182
182
186
197
202
198
192
207
222
228
228
229
226
229
250
262
270
274
277
269
259
267
265
243
237
237
249
252
259
276
287
288
284
296
289
280
274
283
297
314
325
328
324
305
288
277
301
331
318
317
308
294
298
302
300
276
274
274
271
258
254
250
237
237
254
273
291
266
251
246
237
233
240
246
248
253
252
236
211
180
179
191
192
208
205
204
216
245
272
265
238
221
229
255
285
297
282
236
210
206
230
272
269
273
276
277
289
306
319
331
316
306
295
274
272
265
254
225
196
185
178
186
201
198
196
177
159
155
164
190
198
221
239
258
246
214
215
224
240
232
213
191
187
192
211
200
182
170
155
145
145
155
158
150
147
142
150
187
227
240
208
181
176
214
254
270
261
252
265
274
266
270
261
239
216
193
187
191
204
212
199
158
153
176
193
198
202
211
225
241
267
290
282
275
282
288
309
308
303
314
307
318
314
294
268
256
269
293
289
260
266
277
296
298
302
313
287
263
264
275
290
311
321
305
293
285
291
290
273
264
270
293
312
311
321
321
318
331
339
334
321
309
305
317
320
330
328
315
340
346
352
358
336
318
302
293
284
305
307
299
285
266
256
251
260
263
260
268
274
280
283
285
308
293
282
268
265
279
283
292
277
288
291
305
298
287
307
311
302
294
293
291
302
306
297
280
268
270
272
260
251
234
228
214
203
206
220
225
216
206
193
200
191
169
143
111
97
100
108
107
109
108
97
103
100
121
153
162
155
142
137
145
166
155
144
134
116
99
100
103
91
81
71
52
32
19
26
23
8
-12
-26
-25
-18
-14
-13
-7
-14
-23
-19
-27
-27
-37
-38
-31
-34
-30
-37
-26
-38
-46
-33
-28
-35
-35
-45
-60
-71
-77
-63
-57
-49
-40
-17
-12
-13
-4
-3
-1
10
10
-6
-2
-9
7
19
6
8
-6
-20
-42
-44
-24
-19
-36
-54
-62
-45
-40
-41
-39
-52
-48
-45
-23
-26
-24
-9
12
25
28
28
41
59
73
78
60
46
41
45
63
62
46
25
27
61
76
83
58
8
-25
-26
-13
26
51
29
2
-3
3
33
52
48
42
39
45
48
65
65
58
57
32
34
29
30
44
33
5
-23
-23
-2
-3
11
34
42
27
3
5
25
52
52
63
94
121
144
131
114
106
97
106
102
78
56
63
71
61
58
47
34
23
22
32
48
51
36
31
30
65
101
114
120
112
103
104
99
100
110
117
118
110
84
72
70
56
58
47
23
17
18
34
36
26
6
-2
4
9
23
23
18
23
46
54
56
55
53
55
61
50
36
35
31
26
19
-1
-25
-42
-47
-47
-44
-26
-27
-48
-62
-71
-73
-82
-71
-76
-81
-65
-60
-40
-30
-28
-28
-53
-77
-79
-78
-63
-54
-53
-58
-67
-76
-70
-44
-32
-17
-10
-6
-25
-21
-27
-19
-9
-18
-10
-14
-2
12
24
17
10
10
-18
-5
-6
-10
6
-12
-35
-49
-53
-28
-24
-32
-45
-55
-34
-58
-58
-65
-77
-67
-84
-44
-52
-33
-33
-60
-54
-44
-31
-23
-15
-19
-30
-33
-41
-55
-48
-34
-35
-45
-51
-58
-70
-66
-48
-48
-51
-58
-41
-50
-60
-65
-61
-55
-87
-71
-73
-67
-66
-99
-118
-127
-145
-140
-143
-135
-125
-112
-113
-109
-95
-97
-100
-121
-132
-130
-133
-137
-126
-117
-143
-154
-139
-125
-128
-112
-107
-111
-121
-129
-134
-150
-146
-138
-141
-150
-180
-189
-170
-185
-170
-160
-141
-139
-156
-126
-129
-143
-149
-149
-168
-159
-174
-191
-185
-204
-188
-177
-160
-177
-177
-157
-153
-141
-133
-132
-131
-119
-125
-118
-94
-76
-83
-123
-120
-116
-105
-102
-120
-126
-108
-94
-84
-65
-70
-62
-59
-46
-42
-26
-36
-54
-49
-37
-19
-6
1
-3
14
19
29
35
27
18
0
5
11
40
61
71
74
84
100
92
82
81
114
118
88
86
97
144
180
178
148
118
116
121
158
183
193
180
151
137
146
190
208
201
196
200
195
201
192
181
167
139
139
147
180
181
175
161
129
113
75
67
106
136
160
143
107
96
85
70
104
124
146
167
167
158
136
137
142
154
154
123
96
80
74
102
114
85
63
60
65
64
77
89
81
80
81
109
144
170
153
116
102
115
119
134
140
142
163
144
118
105
106
117
92
66
70
59
65
85
89
94
83
79
76
80
111
111
79
94
110
126
113
87
97
116
124
97
110
138
162
172
172
173
160
156
148
150
168
160
153
141
131
144
129
125
134
121
115
86
89
115
106
99
84
96
108
130
126
105
132
127
148
160
150
182
185
209
215
225
217
207
188
181
218
180
161
140
163
190
208
229
208
202
206
181
176
172
169
170
136
132
147
143
136
117
118
129
144
163
166
194
166
148
134
135
155
171
167
152
165
179
171
172
196
191
198
200
206
187
178
202
193
197
185
182
195
202
226
218
224
226
207
222
228
224
213
208
208
176
163
162
162
178
168
164
141
143
147
155
166
185
194
182
179
168
187
189
196
173
173
205
201
199
173
148
152
143
130
144
149
146
137
95
67
87
102
93
85
81
104
109
103
117
151
169
155
136
146
158
163
169
157
137
130
129
124
141
147
157
159
162
187
219
234
239
233
238
239
247
245
239
236
233
218
229
234
232
236
238
240
254
248
238
233
235
251
220
209
202
191
171
162
184
201
197
172
173
184
185
174
137
146
196
202
204
177
157
167
139
130
131
145
169
194
196
207
204
186
176
169
176
151
141
142
151
159
186
145
107
94
65
77
66
97
98
78
58
60
100
146
180
180
172
175
155
162
178
192
177
156
143
99
98
114
119
114
103
109
121
124
132
136
129
111
98
91
128
142
132
158
177
188
199
212
201
213
233
224
207
196
194
186
179
179
212
214
168
169
160
161
150
154
147
151
165
190
220
218
227
207
189
181
193
207
216
218
225
226
198
166
157
170
156
151
147
141
147
143
139
149
141
142
135
127
126
139
154
118
129
130
149
162
155
154
147
138
130
118
116
108
78
71
53
23
-2
3
26
26
11
-3
-27
-25
-42
-74
-88
-97
-109
-119
-68
-39
-66
-71
-86
-109
-109
-88
-93
-72
-86
-91
-91
-94
-79
-82
-52
-52
-39
-51
-92
-81
-75
-74
-93
-90
-85
-89
-90
-93
-78
-82
-88
-98
-115
-115
-121
-109
-110
-126
-115
-137
-144
-134
-141
-139
-148
-139
-123
-100
-71
-66
-56
-41
-58
-39
-58
-40
-12
-27
-32
-54
-74
-64
-34
-34
-28
-22
-19
-7
21
37
55
61
48
23
16
9
24
37
15
-1
-4
-30
-47
-62
-69
-74
-89
-95
-74
-55
-62
-54
-59
-86
-88
-71
-42
-29
-31
-45
-91
-98
-112
-116
-87
-51
-50
-62
-67
-93
-83
-83
-80
-76
-67
-39
-46
-57
-71
-82
-94
-98
-117
-115
-100
-102
-123
-134
-124
-127
-139
-159
-130
-128
-116
-114
-125
-126
-128
-142
-148
-136
-138
-134
-131
-130
-133
-120
-122
-96
-80
-50
-28
-48
-55
-55
-60
-50
-40
-13
20
8
11
1
8
-3
-3
19
41
58
60
73
66
59
60
30
7
35
28
4
13
27
-5
10
28
0
0
40
98
111
113
128
134
126
124
136
157
177
185
165
162
184
208
227
226
212
208
203
186
181
194
170
166
166
183
201
202
174
104
99
115
142
176
194
187
156
138
151
169
212
212
189
193
170
170
195
173
166
154
143
143
106
116
131
144
129
72
60
79
106
102
106
88
67
54
73
99
113
128
149
137
140
144
128
137
118
119
115
97
86
80
80
95
91
60
20
16
47
82
125
86
60
46
64
100
113
120
118
120
110
132
134
149
137
124
108
114
150
178
167
124
96
101
115
96
103
107
88
92
86
93
134
162
168
190
199
185
196
219
246
263
267
257
246
269
280
278
274
271
292
279
258
223
204
232
253
260
268
232
205
200
202
208
204
173
150
164
190
206
223
222
216
228
230
235
219
209
218
226
241
268
270
271
286
284
281
279
263
275
296
287
267
257
269
288
302
284
295
320
341
331
307
297
313
341
342
349
360
371
365
337
336
358
373
351
356
373
387
397
398
410
425
437
437
424
432
432
418
411
429
477
471
474
482
487
510
524
544
551
577
559
556
559
553
556
537
536
527
527
506
481
478
492
494
489
477
477
487
474
495
469
453
466
442
420
415
399
392
381
376
391
402
397
404
419
438
423
420
440
444
447
452
444
437
426
403
394
376
374
368
366
332
331
342
353
372
367
367
352
365
388
400
382
365
351
347
357
321
307
310
330
366
358
341
342
346
366
382
369
375
403
430
426
415
428
441
445
440
444
479
473
479
481
461
480
461
452
468
462
451
434
445
450
462
442
409
404
412
422
404
404
399
383
368
366
366
358
363
374
397
406
419
405
396
393
392
397
420
446
438
462
488
473
445
424
397
418
437
421
405
406
397
395
403
392
363
324
313
340
371
364
383
355
298
276
289
331
323
303
290
264
259
289
304
302
273
237
245
248
250
248
261
246
216
204
196
196
228
248
236
207
191
201
222
235
240
243
249
270
264
243
247
222
176
191
205
199
175
155
150
137
129
101
108
91
85
84
82
106
116
127
119
116
114
125
128
123
118
125
121
110
100
112
129
129
139
151
135
108
94
78
67
66
70
57
72
55
36
1
3
11
15
45
50
46
66
103
111
127
138
130
126
119
103
104
101
101
119
141
116
86
50
42
62
90
88
82
87
73
69
58
57
66
97
113
108
87
81
87
72
77
92
93
81
56
54
73
76
94
93
97
101
117
116
129
141
129
114
93
87
76
86
64
55
80
96
91
63
43
63
84
80
52
52
58
55
65
62
65
39
44
36
26
44
51
66
74
72
54
49
62
89
103
104
102
95
94
99
108
113
85
62
54
57
84
98
92
95
87
84
58
46
44
39
57
67
87
80
72
56
23
3
3
7
18
19
8
-2
-22
-12
-19
-16
-15
-30
-32
-49
-63
-62
-71
-78
-61
-59
-43
-40
-38
-33
-43
-34
-33
-36
-40
-33
-63
-70
-78
-84
-97
-119
-130
-122
-119
-107
-86
-89
-89
-115
-133
-139
-151
-156
-157
-135
-144
-136
-126
-131
-130
-143
-154
-151
-125
-138
-141
-149
-144
-146
-154
-145
-162
-144
-144
-148
-139
-141
-136
-140
-120
-104
-103
-106
-105
-107
-117
-133
-141
-146
-140
-134
-155
-175
-182
-209
-219
-177
-168
-174
-190
-216
-252
-265
-247
-254
-246
-237
-253
-298
-316
-305
-305
-292
-293
-287
-281
-285
-299
-313
-305
-290
-303
-284
-263
-263
-260
-264
-282
-301
-277
-256
-239
-224
-233
-248
-243
-231
-219
-192
-197
-237
-244
-258
-231
-199
-196
-198
-239
-251
-235
-200
-159
-137
-126
-151
-168
-173
-146
-117
-95
-93
-120
-122
-159
-161
-161
-162
-133
-159
-180
-191
-180
-149
-156
-209
-225
-208
-207
-171
-148
-155
-161
-173
-173
-158
-146
-109
-92
-97
-121
-140
-165
-182
-147
-146
-171
-173
-186
-185
-177
-175
-182
-199
-217
-212
-194
-183
-137
-151
-165
-175
-189
-175
-148
-128
-151
-169
-170
-188
-189
-196
-209
-204
-238
-260
-278
-266
-239
-241
-277
-300
-295
-274
-241
-224
-195
-180
-183
-211
-214
-202
-174
-156
-161
-156
-158
-168
-162
-147
-158
-177
-193
-205
-219
-198
-194
-201
-203
-204
-218
-248
-269
-277
-277
-290
-281
-276
-284
-290
-306
-315
-318
-309
-301
-287
-243
-217
-198
-174
-164
-154
-150
-147
-120
-102
-106
-96
-72
-94
-128
-142
-128
-120
-130
-123
-121
-107
-98
-85
-79
-96
-104
-93
-100
-80
-76
-74
-86
-113
-128
-144
-125
-125
-114
-110
-102
-90
-105
-101
-86
-69
-59
-67
-93
-113
-91
-104
-129
-124
-134
-171
-180
-180
-143
-129
-139
-125
-123
-103
-84
-85
-88
-84
-108
-133
-152
-132
-116
-118
-139
-177
-187
-165
-152
-172
-188
-208
-224
-221
-231
-245
-239
-244
-265
-281
-268
-260
-262
-278
-313
-317
-318
-295
-269
-265
-269
-277
-276
-261
-275
-265
-266
-270
-270
-304
-294
-287
-265
-240
-252
-264
-272
-287
-268
-272
-272
-251
-257
-255
-275
-265
-280
-289
-302
-293
-274
-281
-253
-253
-268
-296
-291
-260
-252
-232
-235
-221
-211
-194
-177
-159
-154
-169
-162
-163
-161
-161
-153
-137
-127
-125
-131
-119
-111
-113
-135
-123
-115
-95
-68
-61
-60
-68
-84
-97
-94
-113
-103
-97
-91
-90
-104
-105
-107
-103
-110
-102
-95
-68
-71
-91
-103
-90
-58
-61
-59
-48
-28
-20
-21
-12
-21
-18
-14
-28
-23
-17
-9
-16
-22
-26
-3
32
31
12
-21
-33
-40
-17
8
9
19
-2
-20
-25
1
35
53
39
22
6
9
12
9
6
5
28
22
21
18
20
-5
-24
-42
-39
-13
-30
-23
-29
-26
-24
-19
-4
-5
21
25
26
43
59
84
65
39
19
-1
-8
-6
-2
-32
-63
-77
-77
-60
-51
-81
-94
-94
-79
-59
-49
-26
-23
-6
-14
-27
-23
1
25
32
10
8
-3
-17
-26
-50
-48
-34
-26
-33
-44
-54
-65
-91
-92
-64
-51
-40
-50
-63
-66
-71
-78
-85
-62
-56
-47
-37
-45
-37
-42
-39
-36
-24
-7
2
-23
-39
-38
-29
-23
-28
-29
-36
-56
-57
-33
-13
22
26
-2
-16
-8
-7
-9
-21
-43
-61
-51
-22
-2
16
32
27
17
-12
-12
4
20
32
37
46
40
56
58
77
91
83
81
92
98
102
104
110
118
104
101
111
121
114
75
41
50
72
92
95
91
85
105
123
136
163
172
202
198
189
186
207
217
214
213
205
201
191
194
198
197
206
211
215
235
250
249
236
225
211
222
226
220
234
233
226
220
224
224
224
248
275
282
259
264
280
297
305
316
320
321
307
287
280
277
284
284
285
280
270
263
256
268
257
259
291
299
307
315
313
297
297
302
338
353
359
350
342
327
308
307
292
299
290
282
267
261
256
242
243
239
247
261
251
261
281
303
329
340
352
346
343
354
353
337
336
349
366
355
331
333
324
319
329
342
343
365
368
346
338
351
363
384
382
408
420
411
408
382
372
358
350
361
365
364
388
376
338
324
308
332
313
303
331
281
287
278
260
268
253
256
241
251
250
217
194
202
226
259
263
259
264
263
264
244
252
286
303
309
306
299
267
246
246
249
250
222
192
206
196
205
193
168
165
155
165
186
222
233
204
173
149
170
217
239
258
262
267
258
250
258
265
281
299
280
258
248
252
238
237
254
240
224
245
261
271
280
245
227
242
263
292
296
296
319
324
325
301
281
307
322
315
279
244
233
242
250
243
222
196
166
145
138
161
181
155
136
137
163
212
249
244
227
189
189
207
230
251
235
204
181
173
187
202
199
166
132
118
96
101
118
101
93
94
90
97
105
131
144
163
192
201
192
201
197
193
203
208
228
241
234
245
257
242
244
251
243
216
192
214
248
233
226
236
239
246
252
253
252
261
259
276
302
322
333
316
310
333
366
365
355
349
362
371
386
406
413
396
371
357
374
377
360
362
352
377
376
374
382
382
421
429
421
411
400
394
405
404
411
427
402
388
370
357
349
366
363
358
362
357
352
331
353
387
389
386
380
392
413
434
440
429
435
444
445
449
452
458
431
389
401
416
413
407
380
381
382
356
332
350
368
386
387
411
448
435
420
385
377
396
392
384
379
371
377
358
326
308
327
332
306
286
280
273
278
291
296
323
339
340
330
325
325
320
321
311
301
303
318
337
331
328
331
310
284
272
278
294
277
278
290
284
257
243
242
254
243
226
223
238
259
261
244
226
249
268
277
287
283
303
309
289
279
275
292
288
291
306
306
297
300
286
269
284
272
258
260
258
252
254
256
254
278
304
319
303
303
304
282
272
279
303
312
327
337
328
302
298
292
297
312
332
344
330
314
300
284
270
277
277
284
296
315
332
339
350
346
351
361
393
408
402
397
376
370
370
365
358
364
346
338
340
351
361
355
333
295
311
344
374
384
378
379
374
388
423
471
474
450
422
405
402
402
427
413
388
363
351
350
358
384
367
371
363
334
341
369
378
377
369
349
338
352
365
371
379
370
372
382
381
391
397
387
373
331
313
316
321
321
331
343
345
345
342
334
337
343
324
350
376
370
376
377
393
407
400
409
426
437
446
437
418
422
413
390
373
327
309
329
352
376
371
366
354
348
343
370
406
398
400
405
397
377
361
353
380
398
404
396
399
443
472
471
445
419
392
368
344
329
335
334
311
287
287
301
326
312
308
317
319
320
322
338
358
375
384
370
376
399
401
394
386
397
410
397
388
389
361
358
348
340
350
347
348
342
353
357
364
381
378
377
380
341
317
301
308
302
291
286
286
322
338
354
357
354
356
345
321
312
317
320
309
291
249
234
240
257
263
270
304
320
315
301
307
308
311
311
323
357
380
353
335
354
354
335
302
282
276
265
270
280
297
295
291
280
257
262
282
286
284
291
298
306
294
291
281
282
256
224
206
200
219
240
241
252
280
291
295
277
251
260
240
220
205
191
191
183
188
191
188
200
207
202
194
188
195
187
178
176
186
195
197
184
190
199
200
202
181
173
157
131
129
119
120
118
121
117
112
109
129
153
168
194
218
245
258
267
263
250
235
256
256
225
232
228
205
209
226
234
241
246
262
224
198
187
174
160
149
163
156
187
198
173
183
215
219
227
256
266
264
265
275
274
273
305
306
299
307
295
298
289
295
274
268
264
281
288
287
301
264
276
312
344
366
363
347
358
394
414
394
391
370
336
312
320
326
318
303
276
265
266
303
323
351
358
329
319
342
345
349
369
374
373
350
328
337
364
359
322
291
283
302
304
277
251
228
202
207
227
246
264
287
276
272
268
248
229
238
259
271
262
247
233
229
242
249
263
266
261
247
270
274
255
218
198
201
212
231
246
244
232
205
174
192
220
249
239
217
192
194
206
216
202
185
168
148
148
154
157
149
126
120
97
101
111
125
120
100
108
104
102
76
78
97
117
129
106
102
93
72
71
63
64
54
56
61
67
82
95
92
91
89
99
97
111
117
111
102
77
85
82
81
65
38
39
34
22
10
30
37
42
91
127
150
136
111
97
111
127
121
106
109
113
93
76
57
69
59
55
67
48
32
30
43
50
52
74
86
82
72
62
36
26
22
5
11
6
-3
-10
-2
8
24
27
29
46
55
66
57
39
33
29
25
25
26
27
33
21
0
2
11
25
39
53
68
85
77
68
80
89
92
70
47
34
27
23
23
3
-25
-38
-33
-32
-33
-42
-52
-56
-69
-71
-40
-33
-14
-10
-21
-13
-25
-26
-17
-26
-34
-37
-40
-26
-9
