160
178
201
207
195
190
182
179
172
173
157
154
147
134
125
91
86
84
69
82
99
97
96
99
105
100
102
114
119
137
141
146
153
157
156
168
183
187
186
179
187
195
204
206
200
191
193
202
211
211
206
199
191
178
165
170
177
176
192
187
179
195
184
183
183
190
200
227
222
217
222
211
192
178
189
185
193
194
186
184
180
185
193
190
174
151
142
159
191
217
203
178
164
152
168
180
193
208
202
212
225
232
247
250
252
268
276
289
294
286
276
267
264
270
258
257
252
254
257
252
250
224
205
206
227
251
263
289
294
299
307
293
280
291
294
320
321
288
268
260
253
257
257
233
220
220
239
246
262
255
248
244
257
278
294
309
306
304
322
333
328
334
324
319
330
340
335
347
347
341
357
362
342
315
313
316
306
302
293
281
293
319
325
332
327
332
359
380
376
351
342
350
359
357
342
329
330
345
348
318
298
288
291
302
307
320
325
328
328
336
338
327
298
280
278
285
306
321
334
325
310
293
270
256
245
233
238
256
267
267
257
240
242
249
261
272
280
294
282
277
281
273
278
280
272
275
264
245
225
219
219
218
215
209
199
200
207
208
210
204
209
223
231
227
236
238
235
242
260
263
253
249
252
259
258
256
249
251
252
253
258
257
259
268
274
279
283
281
279
297
309
305
306
310
332
349
347
334
326
323
321
324
313
308
288
287
297
287
283
283
288
277
271
269
270
275
276
271
262
258
281
298
304
316
308
315
315
330
340
345
336
338
335
330
343
351
353
353
353
354
360
367
365
363
379
385
387
401
400
391
382
372
354
344
351
359
360
353
357
361
363
363
367
358
351
359
355
354
365
379
396
404
413
411
413
409
413
429
448
442
435
428
429
442
426
414
399
375
366
371
367
373
380
364
354
354
374
390
395
405
398
408
415
401
403
393
385
384
368
365
382
391
387
384
376
376
379
387
384
373
382
373
369
365
356
351
350
341
334
323
343
370
389
384
359
339
350
383
404
414
394
369
361
380
383
394
424
418
412
409
423
438
465
468
466
466
448
447
445
438
422
403
381
358
340
336
345
359
355
353
338
335
337
341
355
370
390
399
388
381
372
363
363
363
367
368
364
365
366
379
397
398
374
334
323
337
345
355
355
346
335
335
349
349
352
333
329
324
322
316
315
302
309
315
302
294
278
269
259
260
257
257
252
240
238
225
220
216
203
224
239
246
262
287
312
333
337
337
320
314
324
322
309
283
277
274
282
268
249
240
219
212
217
233
247
243
242
242
252
250
246
239
231
226
238
255
269
254
240
224
207
206
205
216
227
235
257
266
272
269
276
282
290
298
312
311
303
313
310
330
331
347
362
365
390
394
396
391
365
355
345
340
333
330
320
311
317
317
312
318
323
336
368
384
398
399
376
366
349
333
317
312
324
330
345
352
348
361
370
373
370
374
393
404
413
420
437
427
428
422
406
427
450
462
457
450
439
436
449
451
435
432
423
406
399
391
384
378
361
363
359
353
360
380
399
396
411
420
420
433
455
459
463
456
448
454
451
465
464
468
456
455
458
458
460
461
470
481
487
487
480
474
495
505
506
497
504
515
534
546
551
532
519
529
532
525
526
525
511
503
486
471
465
451
438
437
444
450
468
477
478
481
476
485
493
510
515
517
513
496
485
484
489
492
491
499
500
502
500
498
494
481
461
446
460
478
489
490
483
468
469
455
448
446
446
443
436
445
438
443
437
439
436
428
432
433
439
438
440
437
431
429
426
421
412
384
366
363
367
388
382
366
343
323
333
363
398
423
411
379
362
370
394
400
414
426
424
438
452
479
491
478
464
441
422
433
444
450
455
449
432
406
394
381
395
413
405
397
387
381
385
399
436
467
484
514
519
518
521
505
505
517
525
525
516
518
531
546
538
530
517
505
501
510
532
533
548
551
534
534
549
573
584
600
609
631
646
653
679
695
706
739
753
757
756
749
744
726
707
674
655
654
641
653
654
657
672
674
675
690
704
718
746
758
774
774
758
756
759
756
759
760
765
789
796
806
796
790
792
794
812
838
856
859
858
862
855
852
840
812
822
822
821
823
824
822
805
784
767
758
754
742
722
706
709
721
751
758
761
775
793
811
832
839
840
845
858
854
841
837
827
826
802
792
786
776
758
738
728
729
721
719
717
720
730
727
718
729
750
770
785
784
791
786
792
796
800
793
781
775
776
781
787
790
793
792
773
772
746
727
732
742
742
754
754
745
765
774
767
771
788
815
833
830
821
819
804
794
798
795
777
760
747
755
761
779
786
779
778
764
768
758
766
765
755
753
755
752
745
748
728
709
705
709
715
715
716
711
705
700
689
672
663
659
651
662
679
676
664
660
674
679
677
670
650
657
656
636
626
612
600
587
562
547
545
541
535
522
516
511
510
529
518
523
533
545
559
568
581
584
591
589
604
617
620
626
622
628
625
623
619
616
610
602
592
587
590
599
595
576
561
555
563
556
563
556
547
532
508
509
502
477
472
462
466
471
462
470
463
463
458
461
475
489
510
519
527
534
527
522
513
515
523
525
515
502
504
518
547
549
530
496
489
504
527
543
550
527
496
493
517
524
536
540
537
545
542
542
559
573
577
567
562
567
570
561
543
524
503
491
474
459
458
487
499
506
490
473
479
498
524
531
541
562
571
560
539
524
521
529
535
525
518
504
498
495
519
513
473
439
422
426
433
446
447
438
420
414
415
427
429
438
443
447
457
448
475
479
463
443
432
422
421
405
391
379
374
374
367
390
402
414
405
390
391
403
422
439
451
454
459
478
493
468
451
440
451
461
468
460
444
447
446
455
429
406
391
376
364
365
372
390
404
406
405
403
406
383
369
351
334
325
346
363
366
343
331
321
307
301
280
285
294
323
330
343
345
337
331
333
338
338
342
342
351
356
355
353
348
347
354
354
341
324
313
303
298
291
264
263
269
274
282
277
257
245
252
257
256
262
277
283
294
293
284
276
259
249
246
247
249
248
246
258
255
247
248
236
256
278
293
313
328
333
333
333
321
324
331
339
350
347
340
342
331
337
342
348
346
323
319
304
316
312
305
304
302
291
297
292
285
316
325
331
336
347
359
354
346
330
321
305
312
326
352
360
363
376
383
384
379
392
415
432
444
454
454
463
453
461
476
490
498
489
492
483
502
508
508
490
494
496
478
473
465
453
445
441
424
425
427
446
463
471
472
496
492
503
507
513
519
514
520
523
517
511
515
517
518
510
509
515
519
521
530
532
533
541
538
532
519
515
520
521
510
506
501
499
489
473
477
472
484
506
529
542
533
517
528
536
543
567
562
569
567
566
562
562
554
557
559
556
557
537
532
538
553
551
520
494
477
489
524
554
561
563
531
514
533
548
566
576
564
555
545
533
543
552
557
555
538
507
500
509
511
501
500
487
475
467
447
452
445
435
427
419
420
424
430
431
436
460
466
462
451
432
392
379
388
380
369
354
354
350
344
330
326
295
289
283
288
305
319
342
338
328
317
323
339
337
324
318
332
326
328
323
300
281
287
284
256
251
250
242
222
205
197
185
166
152
150
161
178
188
205
209
235
232
226
236
252
269
269
257
238
239
248
239
236
229
220
230
224
204
186
173
161
172
192
200
212
215
224
233
231
231
231
221
218
224
226
244
240
223
215
206
202
186
172
173
172
186
206
217
236
236
229
242
262
267
268
260
256
258
258
242
228
231
234
226
225
215
205
208
198
202
198
197
202
198
215
222
205
198
204
186
194
196
195
210
207
202
179
184
181
171
171
165
167
160
159
158
156
168
165
162
166
169
187
210
230
254
263
273
272
274
273
274
278
274
262
247
239
234
219
209
212
206
206
207
203
196
199
209
205
200
201
204
201
201
210
212
236
246
261
274
259
253
247
262
276
291
295
307
306
319
316
308
314
322
326
327
329
319
308
295
285
295
308
315
310
303
317
321
318
311
314
303
291
276
270
267
268
257
243
246
235
222
216
210
218
223
223
233
238
234
231
224
208
221
201
200
204
209
211
202
185
184
203
199
205
197
188
189
190
197
199
174
161
156
157
147
139
115
97
92
96
102
99
81
71
68
74
70
59
32
13
9
13
17
13
9
9
19
26
20
0
1
9
22
15
16
6
9
37
44
30
3
-44
-68
-43
-15
-4
-15
-44
-70
-79
-67
-57
-35
-33
-39
-35
-41
-23
-15
3
10
-2
-19
-29
-20
-16
0
1
-13
-16
-25
-27
1
13
-3
-22
-45
-55
-36
-2
19
54
92
104
108
108
110
98
95
109
113
108
86
71
67
74
87
75
67
57
61
77
100
133
158
177
180
191
209
203
215
223
213
223
241
258
263
248
243
234
238
241
230
219
208
208
191
175
152
146
161
174
191
201
214
229
250
271
274
288
311
337
342
341
333
326
342
336
326
308
311
313
319
310
281
254
225
230
229
244
260
267
290
301
292
279
278
266
272
277
276
299
315
320
297
282
265
262
269
248
248
245
247
258
277
294
304
325
322
330
338
337
338
341
341
333
327
317
324
329
340
351
341
332
317
317
326
333
339
342
343
347
343
345
343
331
326
317
321
333
331
334
341
338
333
334
329
322
319
315
316
308
309
310
305
293
288
293
301
319
336
348
362
380
382
373
368
372
373
373
371
372
368
349
340
313
285
264
236
234
233
230
227
219
200
181
175
155
142
133
136
142
153
150
151
171
183
180
168
173
172
172
172
169
152
136
131
123
117
100
103
103
90
89
92
101
107
114
121
119
111
122
131
117
115
118
125
106
92
86
84
79
79
76
78
84
69
61
52
60
56
72
78
93
107
100
116
120
125
120
128
145
152
165
178
188
180
172
165
164
164
164
162
149
150
169
190
203
192
193
198
200
212
203
191
158
144
139
133
129
112
106
115
105
98
98
89
100
100
115
129
154
164
161
149
150
162
155
132
116
105
106
109
119
144
149
153
138
107
88
87
109
136
136
128
98
82
89
105
130
171
184
179
200
204
216
233
244
242
222
204
185
187
190
183
179
162
156
153
154
164
182
178
182
186
172
174
169
198
220
224
245
245
221
216
223
222
236
231
219
208
195
183
187
183
165
142
131
124
130
156
177
194
201
193
192
221
225
244
254
242
241
246
245
221
216
203
191
202
187
165
158
156
148
143
118
92
71
66
74
77
72
56
43
50
82
103
104
117
156
185
197
191
177
176
164
149
131
123
127
129
128
105
79
58
53
62
62
75
97
114
110
101
89
63
45
17
9
11
6
22
30
6
-15
-22
-40
-39
-34
-33
-26
-32
-27
-22
-23
-30
-35
-42
-55
-43
-50
-39
-34
-40
-25
-27
-26
-37
-48
-66
-67
-74
-93
-94
-108
-120
-121
-129
-140
-150
-136
-134
-138
-145
-142
-150
-147
-141
-146
-137
-151
-164
-161
-155
-169
-194
-213
-210
-201
-187
-177
-165
-164
-170
-169
-168
-178
-182
-170
-151
-159
-148
-147
-171
-163
-157
-153
-149
-126
-106
-109
-130
-154
-176
-198
-218
-227
-246
-259
-268
-281
-302
-316
-309
-297
-284
-288
-283
-280
-265
-261
-271
-273
-271
-267
-257
-245
-237
-238
-251
-246
-230
-192
-164
-170
-176
-181
-174
-173
-173
-170
-151
-135
-133
-139
-148
-138
-128
-132
-120
-108
-96
-103
-120
-142
-167
-172
-178
-195
-204
-205
-200
-189
-187
-177
-167
-153
-154
-137
-128
-110
-88
-87
-71
-61
-57
-76
-81
-82
-58
-29
-5
21
30
35
30
39
43
44
44
39
21
10
14
16
20
31
26
15
6
23
44
47
52
53
36
24
29
27
2
-17
-5
7
11
2
-26
-38
-52
-36
0
25
43
33
45
40
48
43
21
10
19
11
0
-19
-34
-25
-4
12
4
-9
-24
-23
-5
14
3
-16
-44
-61
-56
-43
-33
-41
-61
-59
-68
-68
-56
-59
-46
-42
-57
-67
-76
-89
-100
-115
-137
-155
-163
-185
-193
-180
-166
-151
-150
-170
-172
-161
-142
-121
-117
-109
-100
-104
-129
-146
-161
-156
-140
-123
-126
-151
-151
-140
-123
-121
-139
-185
-205
-208
-188
-168
-178
-181
-199
-199
-189
-171
-166
-169
-169
-176
-165
-170
-169
-172
-182
-188
-190
-201
-210
-221
-227
-227
-233
-245
-268
-266
-251
-242
-237
-231
-242
-246
-250
-253
-252
-256
-254
-240
-232
-216
-226
-235
-219
-234
-250
-247
-234
-232
-219
-210
-215
-222
-236
-252
-266
-260
-248
-213
-208
-199
-185
-182
-185
-199
-223
-245
-239
-231
-210
-196
-198
-203
-222
-242
-252
-247
-246
-230
-199
-173
-147
-141
-141
-148
-157
-149
-151
-152
-139
-122
-104
-97
-102
-101
-99
-88
-82
-75
-62
-52
-61
-76
-90
-104
-102
-112
-116
-113
-107
-109
-112
-99
-86
-80
-68
-64
-48
-34
-39
-45
-50
-51
-56
-64
-86
-67
-64
-63
-43
-21
-9
-2
5
-4
10
36
49
64
85
90
83
70
61
69
68
61
76
78
72
68
60
48
52
67
71
55
41
42
27
24
27
37
44
44
45
56
75
83
103
110
116
140
147
151
146
137
134
142
138
145
148
151
157
166
183
201
220
224
224
239
263
272
268
262
251
247
255
267
271
267
282
300
310
307
288
278
275
274
261
251
248
232
215
200
196
189
193
194
200
215
230
229
208
200
199
195
191
202
228
229
239
246
233
237
240
250
253
238
244
231
231
230
237
246
235
211
193
195
187
177
163
154
146
138
125
127
123
95
82
70
60
50
47
34
34
47
54
83
83
88
93
105
91
100
104
90
80
81
80
67
61
65
80
81
56
23
-3
-6
19
41
62
55
50
52
64
85
106
94
98
113
110
128
131
146
147
145
128
128
131
139
145
135
127
121
94
57
50
66
84
85
80
58
59
70
100
122
149
179
186
177
179
180
163
153
171
169
159
142
135
146
157
162
165
146
113
126
156
160
171
187
183
181
185
186
175
162
157
165
174
178
182
191
155
130
138
133
112
102
103
97
83
76
44
32
46
70
101
102
122
135
129
135
149
130
140
165
172
186
204
205
184
175
191
187
198
231
245
264
284
283
252
265
287
303
293
323
337
333
365
384
359
351
384
367
345
355
384
370
384
407
381
354
375
393
348
348
350
353
381
408
376
354
386
380
354
371
408
416
431
455
452
441
467
449
418
439
453
394
360
385
368
347
359
346
318
349
369
346
349
366
340
338
369
350
347
362
357
345
343
323
299
295
269
255
272
279
287
313
334
309
283
305
316
284
312
364
358
385
431
388
366
410
368
357
426
415
366
402
359
302
378
371
331
384
397
341
373
401
340
328
378
371
367
380
333
349
384
339
356
400
376
385
400
398
401
386
367
368
360
365
362
323
359
393
313
360
399
288
360
429
340
367
398
316
367
381
335
371
341
362
412
316
348
417
301
310
354
279
298
338
288
301
289
282
260
231
295
315
237
322
360
246
336
370
294
349
391
342
376
377
347
325
281
319
284
240
323
285
257
321
276
272
276
246
267
244
255
273
197
214
242
151
182
198
146
180
177
216
223
196
243
246
223
282
276
289
345
284
300
334
290
311
319
273
323
321
288
326
335
353
340
322
351
246
171
260
201
222
299
190
201
252
201
256
285
257
298
300
329
351
365
413
383
330
406
339
332
433
308
342
351
308
315
280
284
309
263
307
306
253
316
248
270
342
286
370
372
336
386
312
320
321
266
343
308
251
296
201
258
285
168
246
174
130
252
167
213
234
171
216
164
203
219
188
234
191
168
225
164
189
143
147
184
73
197
124
113
202
83
119
89
37
151
6
64
130
-13
139
113
60
158
140
117
157
155
149
92
190
90
69
131
58
97
109
101
88
136
74
110
78
26
48
21
19
61
-2
14
92
-55
23
-41
-126
8
-67
-17
36
7
-4
35
-51
-28
-13
-10
-3
-41
23
-20
-35
-39
-22
-49
-15
-55
-7
8
-46
4
2
-48
-58
-74
-11
-21
-78
-78
13
-115
-131
-142
-47
-40
-118
-70
-25
-77
-110
-33
-111
-14
-118
-138
-32
-65
-136
-67
-59
-144
-124
-134
-124
-154
-128
-130
-72
-114
-137
-79
-111
-144
-85
-160
-93
-95
-134
-97
9
-96
-90
-25
-115
-54
-35
-79
-124
8
-116
-122
-91
-48
-92
-87
-93
-133
-97
-203
-114
-180
-93
-154
-155
-104
-114
-227
-157
1
-228
-94
-122
-55
-57
-102
-152
-5
-48
-196
42
-82
27
-21
-96
58
-14
-84
14
-56
63
45
-96
47
19
-201
133
-45
-91
94
-75
-37
-63
-47
-121
-14
-221
9
11
-186
-78
65
-132
-151
99
-171
35
5
-114
89
-86
-121
51
-56
-110
113
-19
-173
9
-90
-129
-68
-101
-110
39
-139
-122
98
-185
-21
-18
-81
-7
-33
-18
-27
-3
-68
-26
-123
-2
45
-126
-71
38
-121
-214
37
-78
-245
-96
-85
-174
-260
-89
-169
-274
-164
-107
-208
-207
10
-111
-207
-16
-18
-244
-82
-12
-78
-173
-21
-20
-199
-84
52
-174
-181
101
-167
-200
-72
8
-287
-233
-11
-190
-255
-56
-115
-261
-63
-217
-79
-221
-201
24
-297
-281
34
-342
-297
-21
-296
-279
-123
-270
-236
-184
-247
-194
-193
-215
-111
-254
-298
5
-254
-317
78
-280
-217
-85
-349
-229
-179
-288
-125
-233
-247
-74
-451
-137
-162
-292
-180
-278
-279
-214
-266
-230
-191
-304
-162
-290
-262
-168
-314
-234
-222
-320
-186
-231
-280
-149
-326
-220
-221
-362
-211
-262
-413
-178
-305
-416
-184
-345
-321
-281
-229
-271
-316
-239
-209
-423
-203
-217
-348
-166
-284
-238
-192
-342
-218
-144
-395
-139
-221
-345
-130
-215
-293
-114
-259
-295
-152
-365
-136
-236
-312
-149
-248
-259
-162
-419
-229
-315
-365
-125
-367
-231
-176
-367
-216
-143
-450
-58
-324
-232
-24
-309
-31
-138
-287
-20
-123
-262
125
-305
-132
-4
-313
-121
-103
-271
-82
-199
-229
-143
-226
-206
-188
-309
-168
-184
-364
-197
-142
-339
-244
-192
-181
-311
-253
-108
-294
-311
-135
-307
-369
-87
-393
-294
-220
-374
-339
-244
-505
-218
-269
-540
-107
-406
-395
-199
-380
-222
-148
-393
-106
-195
-349
-164
-206
-377
-133
-162
-440
-109
-227
-328
-257
-254
-313
-214
-430
-213
-256
-478
-117
-359
-219
-305
-238
-222
-361
-102
-310
-237
-236
-175
-309
-185
-148
-175
-159
-277
-20
-391
-133
-168
-239
-185
-107
-169
-203
-136
-149
-105
-254
-176
-51
-244
-222
-65
-159
-306
-103
-91
-365
-136
39
-376
-182
41
-428
-195
-139
-376
-129
-332
-136
-127
-447
-45
-239
-299
-106
-291
-92
-192
-319
-32
-289
-301
-6
-416
-138
-244
-251
-121
-348
-75
-235
-267
-217
-238
-354
-95
-389
-106
-182
-290
-170
-279
-152
-299
-227
-227
-107
-462
-30
-397
-227
-225
-318
-281
-204
-448
-167
-142
-534
-1
-390
-363
-163
-406
-145
-199
-375
-144
-218
-336
-141
-393
-102
-320
-315
-102
-392
-190
-290
-215
-228
-310
-193
-321
-425
107
-503
-64
-162
-405
-84
-372
-271
-160
-171
-259
-239
-202
-174
-507
-19
-224
-375
-51
-418
-170
-388
-215
-129
-418
-268
-52
-425
-324
-101
-318
-229
-255
-162
-186
-243
-128
-181
-141
-143
-189
-98
-128
-164
-282
-154
-301
-7
-398
-226
-71
-358
-357
-96
-320
-192
-249
-487
57
-527
-133
-216
-366
-113
-240
-199
-232
-134
-223
-273
-326
-71
-282
-345
-188
-187
-247
-485
119
-535
-203
-69
-370
-287
-102
-265
-477
-52
-241
-294
-224
-115
-269
-221
-251
-160
-204
-231
-9
-101
-301
132
-271
-134
9
-265
-29
41
-299
-5
58
-285
-7
-80
-145
-201
83
-182
-177
93
-229
-35
-90
-256
69
-250
-279
-2
-337
-52
-112
-288
100
-222
-289
93
-232
-72
-146
-102
15
-147
-112
-31
-144
-133
-129
-82
-78
-259
16
-317
-112
-233
-280
-136
-439
-32
-378
-345
-220
-283
-357
-336
-269
-263
-194
-432
-127
-330
-284
-304
-309
-202
-388
-37
-480
-167
-190
-329
-227
-396
-74
-363
-255
-379
23
-578
-53
-287
-296
-170
-259
-132
-314
-76
-278
-65
-391
93
-272
-238
-119
-219
-199
-360
90
-448
-129
-111
-300
-224
-151
-187
-323
-9
-474
-72
-263
-293
-210
-230
-150
-428
-74
-334
-94
-326
-50
-230
-233
-3
-481
-5
-4
-413
-267
241
-505
-129
-5
-227
-46
-241
-92
-107
-225
-57
-290
-61
-135
-264
38
-258
-24
-170
-187
-289
-9
-196
-157
-387
81
-161
-648
172
-273
-382
-80
-234
-388
16
-196
-498
-34
-121
-371
-182
-142
-144
-259
-39
-276
-157
-225
-96
-319
-208
157
-386
-73
66
-318
61
-107
-268
40
60
-384
168
-144
-209
-28
-77
-139
-181
79
-413
71
-437
-39
-185
-367
10
-176
-251
-111
-70
-438
167
-434
62
-11
-145
-158
172
-292
34
-111
27
39
-234
211
-143
77
-290
181
-353
-26
-234
45
-337
-116
38
-332
64
-386
73
-215
-59
-62
73
-209
18
-120
-73
6
-81
-21
4
-75
89
-205
-43
33
-63
-92
-116
86
-152
-204
-68
58
-403
-41
-111
-263
-210
98
-342
-13
47
-268
47
-82
-76
24
37
-144
217
-124
92
-254
216
-189
-129
153
-307
23
-172
-65
-157
-64
-88
-193
-165
-24
-162
-264
105
-266
-147
-6
-252
-21
-140
-9
-265
80
-254
-18
-40
-114
-166
-38
-25
-304
105
-127
-220
-30
-13
-323
1
-138
-90
-238
-22
-127
-296
-66
-182
-208
-115
-213
-59
-153
-277
71
-217
-255
-102
-53
-295
37
-254
-114
-44
-392
118
-309
-136
-177
-69
-478
204
-334
-251
158
-392
0
-105
-133
-321
237
-534
24
-158
-175
-106
-223
-80
-180
-158
-151
-91
-391
188
-497
105
-234
-17
-293
112
-148
-146
-29
2
-215
-181
184
-492
222
-345
129
-361
9
-214
-40
-272
-110
-39
-380
-38
-283
-219
-138
-154
-248
-141
-156
-310
-73
-336
-206
-33
-362
-80
-282
-117
-253
-237
-196
-174
-68
-303
-58
-63
-242
-238
94
-433
-22
-171
-181
-164
45
-418
74
-308
-164
-176
-404
-104
-302
-169
-292
-74
-488
-32
-530
-139
-209
-374
-201
-185
-292
-249
-243
-244
-174
-230
-193
-199
-250
-147
-219
-309
72
-425
62
-400
20
-269
-124
-329
30
-436
34
-220
-317
166
-376
-106
-50
-222
-145
34
-234
-9
-80
-224
80
-339
43
42
-307
10
49
-375
17
34
-418
80
-94
-265
-29
-18
-275
-36
-174
9
-363
-72
-100
-270
-215
-79
-73
-505
143
-302
-51
-322
179
-323
-59
55
-233
67
120
-265
41
214
-368
160
-75
-243
130
-178
-158
58
-281
72
-477
185
-343
-199
-115
-162
-288
-100
-103
-490
103
-289
-182
-337
44
-221
-303
-70
-125
-259
-108
-27
-89
-235
143
-289
-14
-258
105
-343
11
-138
-408
309
-723
191
-296
-296
-143
-219
-428
-95
-271
-318
-40
-403
23
-477
-224
39
-424
-144
-152
-125
-479
33
-191
-323
45
-291
-255
-96
-216
-385
-117
-239
-206
-365
-217
-290
-398
-292
-347
-327
-108
-541
-251
-168
-497
-194
-190
-347
-136
-175
-367
-67
-359
-101
-430
-166
-168
-369
-200
-167
-179
-375
-53
-313
-314
-212
-250
-389
-88
-432
-150
-370
-213
-367
-258
-228
-315
-263
-191
-334
-207
-174
-340
-128
-357
-59
-396
-160
-178
-410
-61
-213
-504
-55
-318
-463
-159
-403
-146
-294
-500
131
-544
-27
-363
-17
-487
95
-234
-338
29
-394
28
-500
50
-412
-57
-383
-140
-119
-350
-214
-253
-149
-438
50
-413
-10
-275
-159
-153
-154
-283
-144
-307
-163
-181
-183
-193
-220
19
-524
63
-314
-308
-76
-288
-142
-270
-19
-309
-122
-238
-16
-363
-12
-124
-251
-65
-131
-222
-120
-44
-308
3
-110
-238
-98
-4
-449
18
-196
-459
91
-415
-169
-141
-342
-265
-29
-553
-77
-172
-570
127
-330
-353
-99
-163
-325
-32
-360
-164
-153
-432
-100
-198
-240
-362
-130
-211
-404
-19
-305
-281
-178
-165
-383
163
-484
-57
-147
-462
-73
-296
-269
-116
-211
-229
-287
-192
-222
-185
-303
58
-434
47
-227
-301
8
-325
-153
-334
52
-464
121
-395
32
-257
-352
92
-348
-226
18
-171
-342
198
-380
-114
12
-376
88
-302
-128
-14
-304
-1
-326
-11
-377
91
-318
26
-412
66
-302
-378
98
-391
-153
-87
-262
-170
-199
-196
-210
-256
-18
-305
-345
73
-423
-203
-192
-474
-111
-224
-450
-39
-234
-406
-55
-357
-91
-359
-203
-171
-314
-258
-50
-454
-241
-23
-564
-53
-317
-110
-258
-293
-53
-390
-191
-58
-364
-263
35
-629
-37
-352
-493
129
-680
-77
-126
-515
-356
-14
-693
-98
-456
-345
-155
-692
57
-472
-436
-92
-354
-347
-209
-398
63
-587
-82
-276
-402
-283
-181
-391
-243
-328
-264
-170
-499
-71
-312
-439
-298
-122
-517
-137
-303
-384
-298
-293
-307
-372
-169
-230
-584
-19
-367
-648
6
-463
-447
-221
-448
-183
-431
-457
-236
-447
-485
-28
-746
-69
-455
-406
-279
-453
-372
-212
-501
-224
-278
-419
-143
-458
-180
-361
-284
-341
-345
-288
-398
-431
-228
-486
-290
-453
-240
-459
-546
-143
-530
-398
-218
-268
-480
-113
-335
-412
-25
-562
-194
-175
-541
-110
-302
-344
-442
-203
-501
-191
-443
-343
-399
-235
-548
-476
-69
-721
-210
-456
-439
-228
-530
-333
-198
-461
-240
-195
-374
-262
7
-515
-101
-37
-509
-225
8
-432
-306
7
-545
-130
-284
-385
-267
-349
-459
-273
-407
-422
-125
-427
-412
-235
-307
-579
-219
-369
-443
-413
-156
-435
-312
-344
-171
-610
-274
-353
-437
-299
-650
-255
-443
-430
-358
-567
-338
-532
-448
-440
-445
-398
-350
-662
-228
-393
-731
-37
-772
-202
-502
-389
-410
-471
-442
-410
-581
-423
-271
-665
-196
-553
-379
-496
-462
-382
-559
-488
-190
-735
-241
-387
-718
-146
-721
-268
-502
-400
-556
-356
-492
-438
-521
-275
-392
-605
-45
-591
-288
-182
-490
-292
-128
-570
-259
-245
-520
31
-540
-147
-135
-422
-236
-219
-437
-265
-375
-393
-324
-424
-396
-363
-470
-443
-400
-439
-452
-368
-442
-370
-352
-378
-332
-234
-369
-245
-299
-335
-326
-209
-516
-173
-355
-372
-231
-275
-315
-521
-121
-559
-282
-436
-307
-447
-386
-356
-436
-317
-423
-226
-535
-171
-411
-421
-252
-398
-324
-325
-252
-351
-176
-315
-343
-82
-430
-193
-273
-203
-424
-204
-329
-285
-285
-311
-205
-325
-184
-327
-224
-429
-30
-451
-54
-315
-111
-119
-401
-61
-212
-220
-206
-125
-258
-113
-133
-88
-302
-48
-172
-295
-13
-244
-109
-159
-329
-155
-296
-305
-176
-320
-263
9
-340
-260
66
-564
123
-276
-270
81
-249
-206
102
-329
-20
9
-468
198
-423
88
-356
-4
-66
-283
-37
-230
-261
-168
-190
-354
235
-520
179
-353
-236
53
-281
-227
-3
-195
-187
-15
-376
169
-449
127
-344
58
-213
-190
-22
-300
50
-271
-174
-217
247
-606
87
-134
-425
121
-379
-2
-300
31
-204
-18
-303
11
-19
-203
-55
-153
6
-264
23
-189
-180
28
-187
-272
130
-124
-145
-44
-280
117
-319
-240
119
-147
-75
-142
-263
125
-182
-338
202
-146
-189
-101
-187
-83
-60
-187
-133
-164
-45
62
-523
107
64
-389
-303
101
-299
-256
-172
-162
-364
-136
-242
-402
192
-406
-302
124
-362
-55
-92
-202
-68
-216
-126
-238
-152
-123
-332
-239
25
-416
-184
35
-375
-195
-211
-294
-212
-324
-234
-215
-344
-232
-472
-302
-384
-303
-221
-277
-139
-292
-309
-94
-265
-428
-60
-355
-161
-255
-305
-39
-343
-337
-90
-437
-145
-190
-347
-201
-227
-390
-344
-420
-132
-487
-430
-9
-401
-400
-192
-305
-319
-294
-439
-202
-460
-230
-252
-354
-328
-293
-424
-312
-266
-317
-222
-397
-155
-395
-464
-281
-235
-554
-295
-126
-555
-266
-450
-294
-437
-421
-205
-429
-293
-302
-437
-389
-331
-396
-237
-359
-248
-200
-606
-150
-238
-503
-183
-189
-304
-288
-176
-312
-430
-256
-343
-420
-159
-311
-390
-165
-448
-341
-392
-552
-109
-464
-292
-224
-289
-456
-253
-413
-320
-324
-363
-243
-313
-144
-418
-347
-325
-265
-257
-337
-122
-99
-410
-239
-156
-375
-244
-221
-246
-280
-315
-256
-409
-223
-321
-485
-218
-367
-385
-289
-306
-284
-433
-478
-255
-291
-350
-289
-251
-344
-323
-323
-245
-161
-321
-247
-150
-220
-235
-218
-323
-204
-278
-406
-238
-189
-350
-296
-208
-321
-280
-315
-259
-259
-285
-265
-308
-299
-226
-274
-349
-280
-167
-377
-299
-66
-386
-350
-77
-371
-258
-202
-448
-224
-303
-404
-352
-227
-325
-394
-308
-307
-378
-480
-290
-374
-354
-264
-356
-467
-369
-334
-560
-372
-216
-444
-424
-247
-251
-344
-279
-302
-237
-353
-405
-274
-340
-334
-341
-428
-415
-359
-411
-377
-283
-372
-421
-431
-299
-309
-513
-332
-288
-359
-463
-302
-263
-414
-370
-278
-381
-365
-353
-404
-264
-376
-403
-376
-323
-303
-335
-346
-174
-279
-397
-264
-287
-341
-407
-345
-280
-324
-346
-380
-362
-339
-428
-372
-371
-378
-404
-515
-324
-320
-379
-443
-255
-260
-464
-397
-320
-365
-329
-323
-357
-355
-374
-339
-354
-367
-340
-439
-487
-406
-381
-492
-459
-365
-414
-473
-485
-428
-501
-432
-354
-327
-341
-314
-331
-361
-318
-325
-272
-325
-199
-244
-298
-248
-261
-339
-269
-259
-246
-118
-280
-271
-293
-396
-446
-421
-299
-320
-275
-294
-391
-348
-409
-479
-412
-405
-366
-352
-299
-307
-362
-468
-457
-407
-413
-362
-383
-362
-415
-449
-492
-438
-410
-454
-367
-335
-345
-428
-462
-426
-317
-307
-326
-265
-271
-277
-273
-293
-294
-245
-232
-98
-87
-162
-132
-195
-156
-90
-103
-116
-99
-153
-229
-248
-248
-270
-194
-173
-161
-191
-302
-313
-343
-298
-273
-237
-247
-249
-189
-257
-222
-254
-228
-120
-81
-97
-73
-76
-98
-131
-102
-50
-73
-8
-127
-87
-118
-295
-219
-267
-386
-402
-439
-489
-579
-583
-673
-673
-707
-615
-736
-762
-592
-686
-705
-598
-534
-553
-453
-405
-330
-371
-219
-202
-247
-191
-143
-142
-172
-68
19
-30
36
56
-128
-131
-111
-116
-30
141
123
79
-4
-200
-299
-332
-221
-99
-112
-81
-116
-273
-357
-338
-411
-356
-85
40
52
56
-31
-172
-194
-147
-69
62
238
279
257
313
189
62
97
283
351
403
450
354
231
102
32
-12
-44
-11
8
-60
-75
-292
-411
-454
-488
-450
-444
-373
-429
-489
-576
-651
-710
-613
-605
-521
-441
-547
-686
-620
-629
-661
-543
-350
-271
-199
-124
-184
-82
29
138
160
223
371
322
249
315
473
454
325
334
258
173
50
-31
-103
-203
-263
-487
-593
-601
-690
-803
-841
-743
-681
-706
-552
-371
-374
-349
-149
-114
81
439
546
650
839
865
833
904
1042
1080
1047
1109
1071
953
813
671
528
459
319
307
228
109
66
-38
-148
-132
-90
-221
-71
24
42
-41
-9
51
46
79
137
147
44
62
62
-92
-211
-272
-386
-436
-509
-531
-783
-721
-816
-804
-735
-670
-568
-370
-196
-146
-15
40
296
459
656
701
802
796
853
1009
1043
978
829
717
655
617
394
165
19
-133
-364
-615
-907
-1082
-1139
-1117
-1039
-1010
-972
-1036
-853
-538
-307
-170
29
278
667
952
1047
1137
1219
1351
1498
1610
1596
1507
1437
1298
1179
1032
837
670
574
540
366
102
-201
-268
-257
-281
-282
-283
-236
-279
-118
-111
-116
-90
-33
110
307
331
378
332
286
259
63
51
-65
-146
-312
-480
-641
-943
-1187
-1235
-1253
-1151
-1085
-1080
-884
-720
-588
-426
-14
267
445
529
748
996
1025
1074
1186
1272
1185
1034
944
834
702
510
257
231
60
-285
-536
-769
-1012
-1328
-1488
-1456
-1293
-1216
-1214
-1061
-815
-697
-487
-28
447
832
1068
1278
1481
1680
1756
1814
1918
2012
2036
1927
1823
1604
1370
1130
837
708
562
384
311
209
60
-103
-141
-210
-137
-49
28
74
230
355
397
495
545
649
693
791
790
808
766
708
657
485
445
236
71
-5
-131
-375
-682
-836
-954
-984
-1106
-1023
-945
-714
-557
-393
-52
162
406
518
921
1343
1555
1461
1486
1545
1575
1484
1437
1445
1223
1010
751
624
579
347
73
-220
-342
-407
-663
-778
-869
-949
-1078
-844
-616
-415
-169
-19
256
576
947
1205
1509
1800
2049
2165
2265
2198
2207
2066
2045
2055
1936
1725
1398
1206
964
759
552
337
269
323
294
287
229
194
117
302
456
590
730
858
1056
1148
1173
1193
1234
1261
1302
1305
1246
1123
1044
813
717
533
359
89
-56
-200
-421
-567
-679
-756
-788
-779
-881
-710
-448
-92
133
566
1054
1273
1167
1156
1413
1705
1800
1885
2142
2074
1689
1200
972
839
629
364
269
423
358
-92
-623
-929
-940
-953
-860
-641
-552
-594
-598
-366
-102
168
400
715
1225
1656
1855
1910
1922
2114
2137
2137
2156
2051
1895
1710
1677
1515
1227
961
703
595
574
491
375
269
380
471
580
563
595
528
597
766
933
1046
1111
1319
1277
1271
1198
1181
1049
1060
987
865
708
598
366
216
23
-121
-299
-443
-481
-620
-571
-788
-864
-937
-807
-774
-705
-534
-178
34
424
824
1088
1132
946
1104
1207
1472
1494
1618
1553
1269
854
466
314
218
39
-62
-62
-34
-140
-544
-786
-938
-785
-796
-850
-762
-567
-392
-411
-288
-21
110
242
522
1015
1399
1560
1569
1618
1708
1685
1518
1390
1391
1416
1335
1158
1059
878
583
319
190
161
159
183
219
302
358
372
311
348
455
627
712
739
826
855
918
871
820
718
737
542
421
293
209
55
-147
-81
-282
-319
-565
-596
-781
-798
-882
-982
-1068
-1114
-1039
-986
-779
-698
-363
-162
247
279
479
622
818
920
906
1087
1096
985
776
723
600
316
-17
-67
-177
-304
-551
-634
-668
-678
-746
-773
-759
-821
-1051
-1147
-931
-636
-420
-260
-12
163
252
203
461
793
1160
1355
1381
1396
1332
1165
910
828
940
1014
969
869
728
479
179
3
-42
49
116
231
325
402
309
142
22
122
271
417
554
539
607
565
588
434
329
279
278
192
76
35
-44
-164
-291
-297
-392
-506
-690
-710
-887
-927
-1002
-1229
-1188
-1100
-963
-1129
-1192
-1000
-794
-319
46
386
526
395
370
399
638
784
764
760
724
608
240
-193
-430
-583
-565
-596
-686
-766
-949
-1093
-1303
-1239
-1161
-1197
-1311
-1433
-1150
-879
-719
-594
-418
-164
-133
22
301
671
894
900
980
1028
960
714
483
424
580
620
484
297
124
-102
-379
-564
-613
-565
-512
-344
-147
36
-31
-189
-297
-120
156
255
328
419
564
519
402
259
105
42
-107
-160
-182
-294
-424
-631
-661
-751
-813
-1032
-1149
-1257
-1308
-1401
-1543
-1568
-1599
-1456
-1448
-1329
-1238
-817
-584
-187
188
488
467
291
453
557
783
769
775
652
414
73
-215
-438
-643
-882
-962
-992
-1068
-1135
-1259
-1382
-1490
-1440
-1473
-1501
-1499
-1266
-995
-835
-673
-513
-317
-156
9
280
551
760
898
963
905
802
634
500
429
451
481
354
290
140
-90
-405
-569
-534
-481
-372
-200
-44
73
118
77
79
78
161
282
485
608
636
579
497
368
185
52
-121
-157
-246
-282
-437
-552
-673
-760
-913
-962
-1106
-1200
-1290
-1340
-1380
-1575
-1505
-1480
-1193
-1146
-1006
-881
-648
-293
15
428
677
727
627
516
566
677
635
515
354
245
-97
-429
-757
-1028
-1233
-1353
-1293
-1337
-1400
-1484
-1533
-1602
-1532
-1320
-1379
-1548
-1498
-1033
-545
-349
-213
-64
28
27
194
522
731
828
825
769
764
537
230
-85
-10
215
168
9
-293
-412
-605
-723
-759
-707
-499
-312
-52
122
223
146
-23
17
183
417
499
531
589
592
490
131
-81
-258
-255
-359
-476
-533
-731
-861
-978
-946
-1047
-1125
-1216
-1251
-1337
-1395
-1520
-1566
-1547
-1261
-959
-850
-780
-696
-283
90
651
818
707
470
471
642
625
606
595
395
-42
-403
-493
-758
-1289
-1506
-1515
-1340
-1537
-1692
-1760
-1732
-1507
-1401
-1273
-1279
-1274
-1168
-981
-551
-237
-87
31
171
387
441
493
563
718
796
721
573
410
226
51
-15
-20
10
-55
-183
-299
-409
-472
-568
-515
-356
-95
144
361
570
567
521
361
428
482
601
736
781
756
538
320
48
-247
-363
-399
-418
-446
-628
-656
-773
-825
-823
-870
-751
-825
-741
-796
-802
-894
-1000
-844
-740
-463
-452
-353
-358
-212
16
295
681
836
756
523
390
382
424
364
317
141
72
-264
-608
-918
-1146
-1144
-1196
-1063
-882
-763
-841
-1000
-840
-772
-885
-1056
-952
-470
-145
115
174
149
47
12
208
472
798
911
920
923
872
702
401
332
434
584
630
537
409
199
16
-163
-285
-243
-98
130
332
468
534
375
250
202
297
464
576
704
706
689
578
301
74
-49
-2
44
-5
-87
-225
-270
-323
-263
-340
-303
-409
-533
-703
-735
-755
-946
-966
-986
-707
-786
-642
-563
-236
34
361
760
824
618
328
554
734
874
739
764
504
113
-272
-480
-660
-1026
-1083
-1022
-943
-1051
-1178
-1241
-1290
-1092
-973
-986
-976
-897
-599
-462
-200
-13
106
209
302
529
603
656
742
854
917
785
555
403
322
328
232
157
121
96
79
-80
-201
-348
-344
-226
-24
218
333
405
401
407
335
335
362
441
526
619
682
595
501
349
186
-37
-192
-131
-157
-176
-310
-278
-355
-451
-511
-606
-652
-814
-804
-846
-754
-971
-1009
-1096
-970
-943
-866
-558
-333
60
247
646
642
421
185
320
564
736
681
552
311
-132
-450
-758
-903
-1047
-1026
-1005
-968
-1002
-1169
-1357
-1338
-1006
-752
-864
-1003
-931
-621
-414
-207
-9
97
138
150
345
518
665
704
702
709
662
459
241
86
139
164
121
41
-50
-132
-272
-336
-460
-468
-337
-86
148
378
474
439
348
296
435
539
712
735
763
756
677
523
240
124
56
-2
-116
-210
-213
-281
-363
-412
-492
-446
-544
-633
-798
-870
-813
-981
-1056
-1118
-931
-747
-701
-567
-404
-150
157
490
896
807
526
324
485
851
848
806
550
312
-91
-526
-720
-894
-991
-1006
-885
-844
-931
-947
-1049
-1053
-991
-904
-830
-764
-480
-199
7
99
102
88
133
325
612
822
884
841
755
575
356
160
69
139
214
159
41
-75
-161
-292
-453
-502
-449
-304
-98
62
198
305
304
310
204
312
397
538
650
669
696
557
485
355
258
74
-50
-193
-137
-226
-330
-474
-534
-550
-731
-785
-900
-973
-1129
-1202
-1168
-1181
-1314
-1361
-1255
-960
-863
-703
-547
-292
-7
415
662
569
355
270
445
543
622
471
300
-127
-452
-767
-888
-1101
-1286
-1337
-1279
-1127
-1178
-1284
-1399
-1135
-894
-873
-1051
-1003
-639
-352
-166
26
132
95
-2
165
424
610
708
602
555
432
245
-70
-235
-133
-86
-134
-254
-265
-292
-445
-562
-633
-590
-448
-199
80
321
519
490
344
306
423
591
688
792
849
750
677
421
213
-38
-146
-193
-364
-413
-503
-496
-617
-711
-850
-885
-961
-978
-1000
-1044
-987
-1107
-1154
-1208
-1108
-1036
-973
-745
-430
-257
34
305
570
463
114
82
158
480
474
491
378
-28
-449
-888
-982
-1102
-1175
-1112
-1088
-948
-968
-978
-1078
-1133
-1087
-1146
-1013
-743
-337
-152
-182
-188
-217
-197
-97
173
474
587
549
465
396
272
8
-191
-249
-79
41
-26
-101
-131
-180
-311
-389
-383
-295
-131
110
305
412
412
409
440
487
572
599
633
653
649
609
515
321
167
4
-112
-239
-371
-353
-442
-417
-570
-568
-588
-683
-693
-829
-821
-994
-1025
-1045
-1069
-1010
-995
-870
-884
-884
-728
-484
-216
159
551
699
404
86
150
355
494
401
401
271
-68
-485
-810
-899
-1019
-1072
-1091
-1000
-844
-789
-881
-1066
-1133
-1180
-1256
-1143
-742
-348
-192
-209
-335
-382
-328
-111
108
318
466
463
424
282
187
-33
-209
-182
-23
57
25
-14
-84
-217
-374
-490
-513
-336
-70
187
253
299
304
327
344
328
348
389
561
570
615
540
417
214
-51
-158
-318
-384
-456
-473
-435
-540
-579
-720
-787
-826
-964
-981
-1131
-1079
-1215
-1250
-1300
-1264
-1037
-947
-785
-723
-483
-115
255
602
604
334
272
292
556
554
637
541
136
-122
-485
-564
-912
-1136
-1184
-1212
-1083
-1226
-1251
-1288
-1199
-1039
-1364
-1485
-1503
-1064
-665
-445
-196
-257
-244
-297
-79
149
343
476
479
495
526
345
76
-215
-263
-192
-156
-78
-117
-136
-351
-533
-720
-766
-621
-417
-194
82
268
375
307
282
291
359
528
583
711
745
743
626
393
172
-103
-313
-435
-442
-402
-449
-535
-656
-811
-914
-1018
-1117
-1086
-1131
-1103
-1210
-1179
-1121
-1033
-904
-907
-765
-606
-254
100
462
735
778
642
493
528
664
749
750
634
429
173
-63
-368
-694
-957
-1085
-1086
-920
-719
-695
-845
-1140
-1368
-1559
-1474
-1139
-725
-430
-319
-236
-221
-151
-51
113
302
476
632
741
748
698
582
404
183
71
147
283
369
325
117
-154
-394
-487
-426
-314
-235
-153
-19
85
184
183
185
155
173
265
366
496
551
615
513
304
37
-223
-360
-454
-413
-435
-447
-490
-625
-755
-959
-1099
-1173
-1190
-1251
-1280
-1295
-1187
-1175
-1069
-1040
-969
-788
-592
-123
196
483
409
308
300
434
612
656
705
622
429
212
58
-124
-355
-662
-881
-1101
-1117
-1000
-933
-986
-1212
-1414
-1601
-1680
-1468
-1234
-964
-791
-647
-471
-344
-98
4
148
296
478
635
702
772
726
615
497
348
229
199
314
327
183
-29
-252
-408
-558
-572
-574
-531
-472
-361
-268
-197
-217
-240
-218
-124
-46
-40
45
167
294
221
63
-165
-317
-475
-592
-688
-605
-529
-520
-638
-873
-1080
-1333
-1402
-1488
-1432
-1481
-1414
-1401
-1409
-1359
-1297
-1143
-1039
-710
-364
-84
-14
13
86
183
236
291
343
336
280
216
138
-38
-207
-448
-714
-877
-932
-836
-826
-907
-1146
-1490
-1729
-1831
-1657
-1472
-1295
-1238
-1188
-1028
-813
-575
-410
-272
-167
-52
180
382
519
618
620
592
463
432
468
529
566
472
283
34
-121
-203
-265
-320
-392
-469
-478
-421
-335
-308
-334
-383
-385
-330
-277
-219
-131
-84
-49
-127
-257
-369
-393
-426
-470
-463
-418
-379
-496
-617
-800
-942
-1104
-1177
-1186
-1103
-1068
-1088
-1138
-1149
-1052
-947
-708
-513
-271
-234
-261
-227
-20
213
331
351
274
237
185
234
289
275
117
-115
-351
-479
-494
-530
-613
-754
-919
-1146
-1347
-1360
-1270
-1155
-1181
-1282
-1323
-1173
-877
-629
-535
-505
-409
-271
-101
107
326
345
324
308
405
531
663
723
600
502
432
371
287
219
127
-35
-193
-202
-187
-179
-265
-344
-404
-482
-506
-506
-487
-462
-433
-412
-451
-437
-460
-482
-524
-605
-624
-663
-567
-505
-441
-484
-629
-838
-967
-1057
-1060
-1086
-1105
-1104
-1138
-1101
-1139
-1074
-1047
-919
-761
-599
-571
-616
-516
-342
-205
-87
-37
-28
-93
-102
-4
19
-44
-213
-340
-483
-514
-543
-617
-729
-810
-963
-1196
-1387
-1447
-1402
-1360
-1312
-1289
-1276
-1211
-1087
-931
-792
-679
-617
-555
-371
-179
-9
30
76
134
219
307
384
461
433
360
218
66
11
-5
-123
-255
-354
-396
-461
-500
-539
-579
-627
-676
-691
-690
-643
-596
-567
-557
-572
-628
-750
-820
-799
-784
-751
-718
-673
-675
-695
-719
-869
-1035
-1224
-1250
-1288
-1261
-1223
-1211
-1152
-1174
-1126
-1111
-935
-792
-682
-721
-695
-577
-420
-263
-165
-71
-129
-220
-285
-212
-133
-149
-252
-386
-488
-518
-476
-492
-666
-924
-1192
-1364
-1378
-1288
-1224
-1267
-1344
-1416
-1402
-1285
-1076
-904
-844
-809
-713
-578
-348
-128
-43
-37
-33
66
202
360
526
591
540
418
295
260
235
239
166
-6
-158
-248
-259
-305
-349
-434
-552
-642
-661
-598
-564
-549
-550
-617
-643
-677
-643
-625
-656
-631
-622
-535
-523
-509
-534
-604
-704
-834
-910
-957
-1001
-1019
-1053
-1089
-1053
-1059
-999
-990
-868
-705
-586
-530
-561
-523
-448
-314
-144
-5
21
-57
-163
-159
-118
-79
-149
-217
-303
-411
-447
-521
-658
-837
-989
-1132
-1244
-1319
-1282
-1263
-1206
-1192
-1199
-1215
-1193
-1022
-871
-741
-647
-551
-429
-313
-152
-75
-56
4
58
173
252
387
448
368
241
111
30
-1
-21
-66
-165
-263
-340
-464
-524
-584
-598
-677
-736
-747
-755
-729
-738
-734
-766
-800
-824
-876
-870
-853
-824
-794
-818
-841
-870
-844
-866
-961
-1058
-1147
-1210
-1322
-1383
-1390
-1380
-1275
-1198
-1106
-1005
-870
-706
-676
-714
-711
-606
-453
-318
-143
-75
-136
-238
-312
-279
-312
-337
-394
-481
-536
-600
-605
-739
-939
-1195
-1493
-1633
-1609
-1405
-1319
-1356
-1421
-1526
-1471
-1340
-1099
-943
-875
-811
-739
-565
-371
-189
-133
-134
-110
-62
78
263
427
456
354
188
5
-68
-78
-114
-218
-316
-400
-481
-525
-563
-634
-775
-913
-969
-920
-796
-697
-701
-785
-853
-883
-907
-877
-810
-765
-778
-798
-747
-700
-681
-758
-856
-1003
-1114
-1197
-1214
-1199
-1195
-1220
-1276
-1278
-1234
-1090
-925
-663
-520
-527
-651
-648
-469
-283
-113
-36
0
-66
-128
-112
-45
-28
-134
-320
-460
-492
-424
-413
-547
-807
-1144
-1464
-1643
-1574
-1371
-1244
-1275
-1382
-1439
-1352
-1142
-929
-812
-727
-653
-529
-318
-59
138
189
156
131
174
311
499
648
661
539
377
219
178
165
133
-27
-205
-285
-319
-316
-375
-473
-622
-740
-772
-720
-619
-560
-582
-653
-733
-764
-747
-742
-703
-684
-643
-620
-584
-568
-605
-648
-781
-909
-1000
-984
-912
-925
-990
-1101
-1171
-1130
-1022
-799
-544
-289
-217
-302
-343
-296
-138
-25
110
208
199
79
17
49
35
-64
-205
-353
-475
-479
-425
-421
-556
-838
-1215
-1526
-1583
-1439
-1268
-1202
-1227
-1253
-1258
-1113
-879
-669
-529
-455
-375
-205
47
284
423
434
382
340
382
506
705
794
729
583
396
246
158
104
-18
-206
-354
-421
-420
-411
-456
-559
-736
-871
-919
-874
-772
-699
-638
-709
-836
-950
-947
-888
-838
-804
-795
-777
-761
-741
-794
-866
-1002
-1115
-1215
-1163
-1094
-1056
-1077
-1121
-1129
-1134
-914
-630
-351
-299
-414
-500
-480
-273
-54
80
89
-68
-192
-262
-198
-155
-247
-414
-655
-781
-810
-689
-623
-783
-1141
-1581
-1827
-1795
-1594
-1382
-1335
-1409
-1504
-1466
-1220
-878
-592
-483
-489
-435
-221
69
341
492
512
417
341
385
536
673
713
629
442
270
161
155
122
-10
-238
-464
-548
-498
-461
-511
-647
-785
-902
-916
-836
-709
-661
-714
-781
-838
-786
-711
-634
-640
-663
-701
-711
-623
-601
-626
-768
-901
-983
-973
-873
-760
-669
-685
-712
-685
-447
-118
125
100
-78
-150
-90
94
340
542
508
243
-22
-85
-30
-35
-164
-390
-646
-809
-822
-796
-773
-772
-1015
-1410
-1748
-1693
-1454
-1237
-1072
-1064
-1072
-1075
-855
-520
-227
-15
95
146
280
524
784
870
886
807
673
646
713
859
841
705
463
208
74
40
-18
-131
-271
-386
-523
-551
-475
-460
-517
-647
-718
-780
-721
-583
-551
-592
-657
-691
-732
-714
-629
-609
-627
-685
-752
-772
-781
-800
-875
-979
-961
-912
-816
-697
-624
-538
-412
-89
251
418
366
212
175
248
385
548
619
520
262
77
14
-99
-241
-446
-672
-907
-986
-900
-912
-1011
-1225
-1520
-1796
-1852
-1603
-1331
-1187
-1124
-1092
-1023
-857
-585
-308
-119
33
129
269
455
664
724
645
565
499
520
571
646
595
457
243
23
-144
-182
-166
-219
-329
-382
-373
-371
-401
-459
-550
-620
-619
-625
-577
-544
-528
-600
-706
-815
-882
-883
-818
-782
-814
-877
-1006
-1023
-1095
-1170
-1335
-1442
-1436
-1307
-1061
-908
-836
-817
-694
-408
31
508
739
586
382
379
562
740
889
897
635
233
1
-64
-135
-301
-563
-916
-1240
-1278
-1185
-1132
-1273
-1531
-1891
-2166
-2080
-1738
-1378
-1177
-1110
-1094
-1033
-795
-419
-79
132
245
325
414
605
760
810
721
589
443
350
387
428
404
238
-13
-257
-365
-361
-329
-377
-448
-464
-478
-413
-362
-322
-369
-422
-464
-488
-446
-409
-360
-427
-536
-681
-835
-877
-916
-884
-914
-978
-1052
-1160
-1200
-1335
-1389
-1503
-1475
-1357
-1196
-968
-821
-606
-320
115
649
912
858
681
677
926
1128
1340
1376
1179
721
324
173
8
-196
-431
-762
-1071
-1251
-1214
-1179
-1196
-1270
-1602
-1952
-2104
-1754
-1352
-1047
-809
-703
-666
-586
-257
97
388
609
674
657
722
903
988
917
796
561
334
234
328
388
327
181
-106
-396
-512
-435
-363
-332
-274
-248
-245
-192
-125
-150
-182
-128
-107
-112
-154
-130
-213
-329
-446
-678
-899
-1040
-1034
-1007
-1028
-1109
-1249
-1400
-1497
-1649
-1636
-1591
-1410
-1276
-1123
-915
-797
-502
-75
524
950
1045
870
746
889
1201
1393
1479
1292
859
373
109
8
-226
-479
-808
-1154
-1348
-1278
-1158
-1265
-1533
-1779
-2040
-2041
-1691
-1215
-958
-834
-706
-638
-492
-189
175
441
654
819
855
846
883
820
652
489
388
252
134
108
69
-61
-232
-453
-672
-712
-575
-429
-398
-339
-263
-235
-237
-235
-220
-180
-56
71
69
38
-28
-171
-399
-649
-803
-966
-1049
-1115
-1144
-1181
-1295
-1424
-1626
-1816
-1933
-1955
-1821
-1543
-1311
-1153
-1106
-954
-726
-332
308
933
1234
1040
861
974
1283
1513
1588
1468
1065
500
197
51
-121
-442
-835
-1221
-1591
-1666
-1573
-1446
-1393
-1482
-1698
-1932
-1799
-1319
-905
-583
-387
-240
-169
38
422
755
1015
1119
1103
1019
1005
1000
834
598
421
174
-26
-99
-53
-81
-253
-426
-687
-761
-672
-419
-202
-48
109
130
142
196
248
232
242
345
405
364
327
156
-52
-344
-550
-806
-971
-1040
-1140
-1185
-1357
-1454
-1692
-1757
-1862
-1892
-1891
-1673
-1317
-1045
-819
-717
-522
-282
288
954
1453
1462
1182
988
1132
1356
1581
1597
1318
757
205
-32
-244
-503
-831
-1154
-1530
-1722
-1589
-1391
-1389
-1497
-1696
-1810
-1705
-1176
-624
-295
-91
30
182
315
607
885
1056
1184
1229
1213
1129
1041
871
593
360
96
-143
-300
-358
-420
-572
-715
-833
-913
-817
-597
-348
-184
-42
97
197
318
394
393
429
531
604
561
410
218
-56
-343
-595
-763
-921
-1003
-1147
-1296
-1445
-1621
-1746
-1908
-1980
-1989
-1935
-1769
-1486
-1225
-1079
-1053
-847
-489
28
632
1191
1430
1163
835
867
1155
1335
1362
1197
779
176
-212
-410
-632
-998
-1328
-1592
-1778
-1771
-1606
-1555
-1566
-1474
-1442
-1429
-1355
-931
-482
-153
210
450
578
551
654
895
1037
1162
1117
999
809
599
390
117
-89
-341
-605
-746
-725
-664
-716
-860
-999
-1098
-971
-668
-364
-106
64
199
210
268
308
296
326
449
535
446
262
-29
-394
-827
-1072
-1259
-1367
-1403
-1483
-1529
-1727
-1805
-1948
-2051
-2001
-2015
-1845
-1630
-1223
-911
-890
-825
-782
-414
171
900
1483
1389
920
470
536
800
939
970
677
114
-555
-896
-1007
-1306
-1629
-1848
-1977
-1996
-1806
-1464
-1400
-1495
-1559
-1557
-1342
-838
-154
181
257
393
526
593
670
897
1054
1083
1114
1037
810
507
220
-83
-335
-464
-585
-721
-757
-768
-860
-984
-1036
-1020
-928
-613
-264
-22
142
258
338
307
346
366
373
473
548
474
213
-69
-391
-733
-1040
-1225
-1368
-1444
-1434
-1531
-1707
-1948
-1982
-1915
-1880
-1742
-1693
-1547
-1377
-1165
-940
-846
-695
-559
-340
129
722
1318
1390
957
469
246
445
588
605
375
-146
-742
-1156
-1317
-1542
-1866
-2042
-2121
-2038
-1918
-1617
-1373
-1325
-1310
-1339
-1088
-708
-127
260
444
550
565
549
499
649
869
954
896
757
539
246
-52
-287
-519
-682
-792
-874
-950
-979
-960
-960
-999
-1001
-884
-582
-189
112
244
297
385
413
414
396
418
471
513
415
157
-164
-447
-707
-980
-1165
-1318
-1420
-1481
-1540
-1639
-1761
-1771
-1732
-1726
-1644
-1543
-1366
-1221
-1035
-908
-798
-582
-448
-285
-96
312
820
1141
1100
602
119
27
193
304
166
-73
-549
-1163
-1497
-1651
-1802
-2059
-2092
-1979
-1928
-1776
-1496
-1281
-1108
-899
-747
-718
-596
-109
276
595
841
835
566
266
393
574
572
582
458
237
-31
-278
-545
-957
-1061
-1075
-1059
-1005
-841
-634
-734
-842
-901
-834
-506
-116
193
351
440
476
313
244
230
303
344
332
208
-54
-261
-511
-732
-1048
-1222
-1411
-1440
-1351
-1291
-1291
-1379
-1402
-1560
-1602
-1504
-1233
-1015
-938
-825
-702
-546
-360
-231
-102
121
577
1103
1287
957
392
109
135
199
198
143
-200
-777
-1272
-1455
-1638
-1886
-1966
-1853
-1726
-1545
-1189
-960
-935
-947
-855
-702
-369
203
708
874
869
811
664
519
572
767
808
782
682
433
132
-177
-435
-669
-726
-676
-686
-695
-660
-633
-706
-782
-752
-572
-238
94
289
359
410
452
428
371
441
507
563
542
328
61
-251
-388
-609
-820
-980
-1147
-1131
-1156
-1129
-1276
-1369
-1343
-1379
-1309
-1236
-1056
-1002
-1039
-902
-775
-526
-363
-269
-92
15
332
646
1078
1248
803
278
-2
152
288
297
229
-222
-836
-1293
-1385
-1422
-1674
-1703
-1556
-1334
-1232
-1108
-929
-748
-414
-281
-256
-204
199
649
863
1020
959
751
434
376
571
676
743
594
317
20
-173
-248
-498
-655
-757
-777
-704
-522
-329
-381
-443
-464
-453
-280
62
416
537
541
521
429
375
330
317
184
149
139
13
-161
-444
-678
-957
-1105
-1115
-1185
-1121
-1084
-1074
-1091
-1203
-1128
-1188
-1118
-1067
-1054
-863
-720
-400
-380
-403
-363
-301
6
234
600
910
943
611
-23
-211
-65
50
11
-182
-430
-938
-1280
-1299
-1397
-1549
-1588
-1336
-1113
-951
-654
-498
-496
-581
-486
-247
84
547
820
811
673
636
560
469
490
592
698
672
558
281
19
-160
-358
-495
-533
-391
-252
-212
-246
-359
-395
-319
-218
-50
151
390
480
511
529
494
469
394
375
313
281
312
229
-22
-308
-498
-602
-744
-820
-923
-939
-898
-891
-926
-969
-851
-823
-828
-926
-904
-879
-751
-507
-383
-299
-328
-247
-145
-55
146
413
772
950
682
197
-156
-91
-5
-50
-114
-287
-600
-974
-1087
-1100
-1204
-1207
-1086
-917
-754
-532
-315
-158
-9
0
-67
-88
259
624
814
914
813
547
219
265
477
573
560
419
273
78
-35
-191
-443
-500
-445
-319
-278
-135
-33
-106
-158
-226
-163
-58
220
463
528
590
529
392
165
65
142
142
237
123
-74
-328
-536
-577
-752
-783
-876
-805
-733
-724
-719
-866
-787
-784
-765
-766
-776
-596
-605
-521
-465
-500
-390
-349
-119
-42
-28
146
366
697
596
161
-232
-303
-134
-92
-80
-185
-517
-877
-1004
-901
-955
-986
-845
-587
-404
-271
-69
-133
-227
-288
-148
61
320
648
639
473
299
202
132
124
311
432
423
383
233
31
-204
-339
-420
-441
-261
-103
-33
-92
-162
-266
-377
-341
-238
-74
148
297
286
196
142
81
14
82
151
136
45
-16
-174
-328
-445
-485
-558
-659
-646
-713
-690
-754
-721
-779
-733
-674
-711
-750
-815
-807
-910
-840
-690
-544
-535
-624
-686
-680
-530
-208
197
592
585
156
-388
-532
-294
-135
-46
-104
-264
-609
-804
-779
-851
-1027
-1029
-758
-450
-322
-204
-187
-215
-128
-60
-40
-128
48
304
412
518
487
297
-39
-159
39
270
441
447
271
57
-81
-194
-309
-344
-180
-56
8
21
30
16
-105
-176
-252
-91
157
401
501
465
365
124
41
14
8
33
63
106
-27
-175
-256
-476
-574
-670
-577
-499
-439
-336
-495
-520
-617
-620
-637
-634
-542
-644
-692
-727
-757
-713
-636
-492
-481
-562
-526
-375
10
378
504
214
-231
-386
-262
-37
109
122
-60
-395
-603
-581
-567
-587
-559
-423
-250
-55
132
88
-115
-266
-275
-123
89
323
426
356
330
245
155
53
85
250
380
532
472
319
84
-76
-143
-118
90
240
294
188
61
19
-16
0
-38
-15
163
330
435
335
217
58
-10
22
76
162
177
168
-2
-138
-253
-270
-333
-402
-355
-388
-386
-470
-507
-465
-476
-474
-615
-747
-758
-836
-816
-899
-1017
-1061
-1082
-893
-923
-923
-826
-734
-509
-361
-17
201
198
92
-173
-215
-76
130
262
141
25
-199
-452
-526
-607
-608
-662
-536
-322
-237
-145
-251
-456
-631
-593
-364
-190
48
203
185
94
-4
-10
-71
25
240
435
563
531
436
251
96
23
5
112
249
318
291
142
26
-107
-152
-63
22
201
390
436
348
205
177
186
176
254
250
299
312
342
294
73
-61
-183
-137
-79
-103
-231
-406
-474
-505
-568
-643
-675
-762
-789
-879
-947
-1123
-1210
-1069
-950
-771
-841
-813
-808
-643
-314
-146
190
408
656
637
383
350
299
465
520
503
455
152
-18
-285
-459
-581
-763
-718
-618
-373
-262
-400
-431
-466
-261
-131
-63
-2
37
321
414
561
485
296
169
167
464
605
651
566
414
288
120
31
-102
-102
59
101
98
22
75
32
-83
-96
-54
174
411
615
668
616
559
406
326
418
533
652
680
647
520
339
168
-31
-133
-68
-126
-233
-437
-522
-590
-748
-729
-910
-849
-825
-787
-837
-1013
-925
-907
-734
-509
-440
-358
-387
-205
-10
138
528
714
913
757
598
568
530
668
535
456
278
37
-133
-353
-486
-701
-853
-769
-591
-296
-113
-159
-373
-604
-512
-221
36
297
394
427
356
266
241
157
218
303
428
512
470
420
227
53
-93
-159
-35
100
249
229
142
71
-39
-21
20
214
476
638
711
652
596
515
485
534
609
687
766
771
688
458
231
40
-36
21
48
2
-213
-435
-668
-794
-801
-737
-709
-737
-732
-704
-681
-797
-848
-880
-747
-594
-536
-389
-324
-234
-236
-156
-19
-7
203
495
784
763
523
391
233
237
207
149
65
-132
-235
-445
-568
-678
-853
-903
-846
-468
-51
170
34
-423
-620
-560
-232
151
424
492
250
74
-74
-133
-182
-61
228
428
548
444
261
-12
-170
-221
-162
101
336
515
451
352
208
20
-44
-22
284
615
842
822
601
429
301
324
367
429
529
531
517
406
283
98
-130
-254
-340
-276
-246
-267
-426
-580
-629
-620
-574
-520
-469
-478
-475
-474
-517
-664
-707
-673
-551
-527
-541
-476
-327
-188
-142
-123
-31
177
373
571
627
567
427
372
332
279
222
96
-65
-171
-170
-242
-424
-559
-608
-598
-530
-377
-268
-201
-138
-219
-393
-509
-328
-148
98
266
274
161
47
171
220
319
422
511
588
551
565
446
318
325
315
353
323
370
351
283
243
161
156
209
342
447
526
612
558
436
340
335
306
308
365
381
356
194
66
-118
-212
-264
-368
-399
-507
-431
-407
-366
-378
-478
-451
-501
-446
-547
-609
-657
-641
-563
-572
-574
-650
-698
-733
-700
-504
-334
-225
-114
8
166
130
128
138
224
300
272
284
131
-23
-215
-292
-353
-527
-610
-682
-611
-572
-549
-547
-671
-782
-884
-781
-629
-455
-309
-252
-200
-163
-40
20
36
59
194
373
486
537
495
390
303
245
240
225
248
242
210
192
141
78
-21
-28
34
98
100
82
75
80
80
84
80
75
79
83
119
54
-13
-38
-83
-117
-155
-144
-138
-169
-210
-281
-319
-358
-351
-329
-316
-349
-444
-554
-656
-691
-731
-787
-903
-970
-972
-923
-870
-911
-915
-852
-652
-417
-251
-117
-57
15
63
42
98
167
191
62
-119
-209
-351
-490
-646
-760
-863
-957
-829
-700
-677
-789
-893
-883
-809
-640
-481
-341
-262
-204
-75
28
75
77
128
248
369
491
511
455
370
358
336
253
200
231
276
290
261
175
66
10
21
28
51
96
182
171
158
151
89
42
35
145
219
282
342
301
242
172
170
166
149
175
190
203
191
123
29
-147
-303
-361
-342
-306
-378
-497
-660
-786
-884
-945
-951
-1025
-1063
-1014
-890
-839
-926
-949
-864
-657
-497
-406
-235
-93
-35
-59
-104
-158
-299
-337
-237
-190
-312
-513
-601
-673
-741
-730
-710
-646
-559
-463
-447
-480
-440
-384
-299
-232
-194
-146
-101
-36
-24
3
34
32
65
88
132
135
148
208
212
206
166
175
199
206
213
207
200
183
192
184
194
199
126
44
107
215
253
193
156
234
304
325
317
338
359
391
439
443
431
384
339
293
206
165
107
47
-63
-217
-324
-446
-545
-637
-695
-781
-850
-881
-920
-984
-1011
-1030
-1100
-1155
-1091
-949
-868
-853
-896
-937
-933
-835
-709
-613
-544
-469
-428
-420
-398
-368
-384
-378
-379
-397
-408
-308
-159
-149
-229
-306
-322
-338
-327
-313
-324
-325
-322
-354
-388
-379
-349
-334
-282
-199
-124
-77
-18
21
14
55
126
215
280
355
398
373
348
333
336
311
294
267
216
216
210
207
145
67
32
29
87
152
227
296
339
380
376
392
377
381
414
434
459
425
395
327
256
168
67
-23
-114
-192
-274
-370
-499
-593
-674
-770
-871
-928
-944
-1009
-1076
-1132
-1206
-1316
-1398
-1388
-1400
-1355
-1220
-1106
-1073
-1101
-1043
-943
-789
-571
-364
-247
-275
-296
-201
-71
-61
-170
-226
-232
-237
-218
-154
-115
-235
-365
-385
-351
-327
-320
-311
-368
-410
-395
-356
-346
-362
-329
-228
-118
-49
-48
-6
61
147
182
218
268
349
439
459
467
456
432
410
416
419
407
378
382
408
404
343
291
278
317
363
391
435
485
514
512
518
514
516
492
507
534
500
428
338
277
231
179
110
7
-100
-211
-316
-418
-491
-593
-719
-788
-821
-856
-916
-970
-1043
-1102
-1126
-1139
-1142
-1135
-1122
-1093
-1034
-952
-923
-956
-939
-897
-827
-724
-594
-541
-594
-627
-581
-530
-566
-589
-568
-511
-504
-514
-502
-467
-409
-363
-292
-291
-312
-325
-329
-334
-331
-298
-292
-320
-356
-331
-283
-268
-258
-209
-138
-38
66
139
190
262
332
375
353
328
367
379
382
372
369
363
342
292
244
227
223
241
273
301
298
281
288
289
287
259
227
206
180
126
55
-8
-63
-134
-215
-293
-366
-390
-408
-434
-474
-543
-632
-716
-729
-708
-700
-741
-770
-759
-754
-788
-862
-932
-990
-1010
-986
-1034
-1089
-1136
-1192
-1234
-1254
-1241
-1300
-1343
-1360
-1341
-1317
-1313
-1280
-1237
-1152
-1100
-1045
-1007
-960
-877
-770
-641
-597
-587
-528
-376
-243
-193
-174
-144
-130
-88
-14
42
60
67
132
174
204
214
234
265
264
279
279
303
326
334
310
251
206
192
215
208
206
218
275
314
322
339
344
326
298
345
396
409
393
391
365
342
333
307
282
264
253
222
161
102
28
-22
-49
-86
-120
-114
-101
-120
-149
-205
-239
-275
-286
-327
-359
-358
-361
-406
-484
-520
-572
-636
-671
-695
-729
-775
-805
-840
-864
-907
-996
-1068
-1107
-1063
-1081
-1128
-1183
-1227
-1240
-1272
-1221
-1184
-1175
-1120
-1042
-962
-952
-904
-789
-633
-517
-409
-298
-210
-126
3
186
311
414
494
560
614
692
760
760
726
667
642
603
566
511
451
390
314
242
191
197
226
240
233
238
269
319
374
403
418
447
456
450
425
441
436
414
398
382
375
339
358
369
343
284
226
186
134
89
60
50
12
-22
-44
-70
-83
-120
-176
-221
-239
-240
-240
-274
-279
-288
-321
-380
-410
-432
-469
-508
-590
-645
-670
-705
-793
-866
-907
-938
-964
-959
-950
-1027
-1099
-1135
-1119
-1098
-1113
-1144
-1137
-1097
-1073
-1072
-1067
-1020
-982
-924
-819
-695
-659
-607
-516
-386
-307
-281
-163
-63
-3
32
98
154
170
203
262
302
305
308
343
384
393
383
364
354
369
399
417
401
375
344
303
277
283
286
284
268
243
263
281
262
215
181
182
169
174
180
168
132
98
76
53
61
65
84
90
76
55
38
41
26
16
-14
-63
-115
-172
-182
-211
-254
-326
-402
-465
-522
-526
-536
-563
-604
-659
-705
-727
-722
-729
-729
-700
-670
-688
-727
-733
-729
-693
-679
-690
-714
-724
-721
-731
-725
-728
-743
-799
-831
-839
-844
-834
-805
-780
-807
-840
-819
-757
-691
-660
-649
-626
-578
-502
-438
-360
-269
-201
-126
-57
-1
57
93
140
203
250
299
337
386
415
409
399
384
394
390
374
403
439
444
408
372
395
392
374
362
358
355
350
355
336
318
290
267
257
245
222
211
205
221
234
189
149
130
103
80
39
-15
-79
-152
-168
-193
-193
-227
-280
-329
-380
-369
-366
-382
-418
-462
-467
-440
-389
-364
-372
-369
-379
-378
-399
-415
-446
-445
-438
-446
-442
-457
-447
-454
-460
-469
-496
-527
-531
-503
-475
-482
-526
-604
-658
-660
-676
-716
-750
-795
-822
-834
-838
-842
-861
-867
-841
-783
-732
-678
-640
-604
-565
-528
-444
-360
-271
-159
-58
23
58
97
159
212
238
281
340
387
432
473
467
420
399
398
403
393
377
315
246
204
165
120
80
69
65
65
32
0
-19
-26
-16
-30
-36
-41
-53
-69
-77
-83
-108
-122
-132
-130
-120
-126
-148
-176
-197
-213
-217
-253
-251
-254
-267
-258
-261
-255
-255
-253
-258
-260
-254
-245
-218
-219
-216
-211
-180
-163
-211
-238
-263
-270
-296
-308
-328
-372
-420
-446
-448
-459
-500
-521
-528
-541
-526
-529
-524
-518
-492
-462
-446
-454
-471
-467
-489
-502
-489
-462
-462
-473
-472
-462
-443
-427
-402
-398
-394
-359
-304
-263
-233
-181
-140
-125
-104
-54
-9
-6
17
69
77
82
107
148
161
154
179
211
210
204
224
244
258
237
250
272
268
250
238
248
239
232
208
187
168
145
121
97
82
69
74
70
51
7
-33
-25
-6
19
23
-2
-32
-39
-15
-1
-8
-8
-12
-22
-3
23
38
26
2
-20
-51
-66
-79
-58
-34
-33
-31
-44
-38
-27
-31
-1
44
72
94
118
124
124
129
137
161
168
170
140
116
106
65
20
-10
-37
-73
-113
-160
-194
-224
-267
-307
-353
-385
-411
-437
-451
-463
-464
-482
-506
-517
-544
-552
-536
-525
-511
-476
-408
-365
-323
-267
-217
-188
-156
-90
-54
-39
0
64
103
109
134
162
190
196
224
240
257
279
288
298
309
322
313
286
254
221
167
138
111
80
47
17
-1
-6
-10
-8
-8
4
8
-8
-17
4
20
21
18
35
63
59
38
10
-25
-52
-35
-17
2
18
20
22
28
26
33
43
58
89
139
162
167
184
189
178
178
174
160
160
167
160
145
112
80
67
52
49
29
-9
-51
-107
-154
-196
-236
-272
-326
-379
-421
-440
-455
-487
-523
-573
-624
-646
-651
-648
-647
-669
-694
-710
-741
-749
-741
-722
-729
-733
-706
-654
-629
-620
-603
-600
-600
-587
-537
-491
-461
-413
-350
-321
-310
-288
-262
-234
-196
-142
-99
-77
-31
2
11
10
9
21
16
33
50
31
5
-13
-24
-19
-18
-21
-20
6
20
38
68
95
99
108
121
145
170
169
183
192
189
173
164
151
146
151
166
162
167
191
204
224
204
182
169
180
187
181
182
162
164
154
137
123
115
110
101
77
74
79
72
65
33
-6
-29
-27
-20
-22
-27
-54
-100
-149
-177
-196
-221
-228
-262
-292
-356
-395
-422
-459
-506
-554
-576
-582
-586
-600
-614
-659
-668
-679
-670
-642
-620
-598
-586
-559
-544
-529
-489
-421
-372
-363
-367
-329
-275
-249
-213
-201
-177
-173
-146
-73
-48
-65
-75
2
96
129
137
182
246
262
272
290
328
331
352
415
452
458
458
470
483
502
476
435
382
375
395
414
437
410
381
334
308
330
353
347
302
279
280
278
236
211
219
219
182
154
168
175
167
152
149
138
126
92
70
67
63
65
48
11
-38
-70
-74
-79
-83
-104
-132
-163
-203
-254
-313
-351
-363
-386
-420
-454
-457
-462
-468
-473
-496
-536
-570
-561
-536
-520
-537
-555
-582
-586
-611
-646
-661
-673
-684
-677
-654
-621
-589
-590
-616
-619
-590
-564
-571
-566
-555
-549
-543
-530
-479
-459
-449
-441
-413
-340
-293
-251
-217
-171
-132
-85
-15
52
101
120
159
218
249
248
259
302
321
324
334
360
373
357
339
325
344
364
392
408
407
417
406
402
391
410
407
362
318
282
289
282
277
240
195
159
129
111
81
32
-10
-25
-24
-32
-76
-93
-106
-128
-120
-123
-128
-121
-130
-134
-158
-166
-177
-178
-181
-173
-186
-220
-252
-267
-261
-269
-285
-317
-318
-308
-295
-289
-278
-276
-286
-273
-265
-262
-286
-301
-311
-330
-342
-361
-378
-395
-399
-397
-392
-387
-386
-373
-336
-297
-294
-301
-287
-269
-248
-221
-197
-152
-114
-85
-76
-66
-48
-23
6
50
85
77
62
94
138
164
183
223
241
239
251
278
304
303
314
345
389
376
363
377
391
386
366
392
385
369
372
399
382
344
346
366
389
381
365
341
335
331
321
315
305
293
278
270
291
287
232
204
173
153
128
87
45
31
28
0
-26
-46
-54
-64
-53
-37
-38
-51
-63
-46
-42
-38
-37
-33
-20
3
19
9
6
7
3
-4
5
5
3
1
9
18
12
-4
-3
-1
5
7
6
4
16
53
41
20
-1
-17
-35
-50
-42
-45
-56
-73
-82
-75
-86
-104
-103
-110
-115
-112
-83
-62
-57
-64
-52
-29
-24
-27
-40
-28
-29
-62
-112
-132
-147
-159
-155
-156
-201
-230
-214
-167
-150
-177
-192
-208
-224
-186
-90
-45
-66
-106
-86
-62
-59
-3
46
50
15
22
76
97
93
79
42
-24
-49
-28
-19
-15
-32
-67
-90
-85
-73
-59
-43
-33
-22
-31
-24
-14
-15
-2
12
9
8
13
7
-17
-28
-37
-68
-64
-49
-37
-56
-63
-63
-55
-51
-45
-43
-55
-42
-10
11
31
59
66
69
60
38
22
14
32
42
35
25
26
17
6
-4
-27
-42
-57
-64
-47
-41
-56
-63
-74
-93
-100
-89
-82
-77
-74
-83
-96
-112
-106
-98
-107
-101
-110
-126
-153
-174
-180
-200
-244
-259
-247
-268
-293
-298
-287
-282
-311
-323
-323
-316
-295
-246
-201
-202
-178
-139
-139
-176
-172
-136
-109
-83
-36
-30
-63
-40
-8
2
7
25
20
0
28
64
102
141
156
151
191
256
295
313
323
335
313
317
342
356
336
338
350
332
306
298
288
270
258
235
209
194
203
218
219
224
226
202
185
172
170
168
177
179
163
153
137
123
94
81
53
42
50
44
39
29
35
41
36
48
35
10
6
11
28
21
-3
-21
-36
-42
-44
-49
-47
-61
-80
-101
-124
-150
-159
-172
-194
-214
-232
-249
-269
-297
-310
-328
-343
-344
-365
-370
-361
-363
-355
-364
-376
-358
-342
-324
-308
-278
-271
-265
-247
-226
-195
-178
-147
-130
-129
-115
-86
-56
-36
-12
-27
-34
-28
-21
-9
9
37
44
31
20
33
45
48
57
72
59
56
108
149
161
155
150
151
159
191
233
253
232
208
195
189
191
192
174
162
152
140
157
150
144
128
127
134
120
112
108
102
88
62
25
-13
-44
-55
-73
-117
-148
-165
-206
-242
-267
-276
-301
-310
-317
-327
-347
-358
-346
-347
-369
-393
-395
-385
-381
-372
-395
-422
-426
-416
-386
-377
-364
-362
-346
-349
-364
-379
-388
-388
-380
-348
-367
-382
-388
-356
-302
-287
-313
-346
-351
-344
-302
-280
-291
-333
-355
-347
-344
-311
-276
-268
-259
-238
-234
-243
-221
-201
-214
-227
-209
-194
-184
-170
-177
-198
-208
-185
-172
-175
-141
-118
-78
-36
-27
-16
1
26
65
108
133
139
134
114
98
79
89
92
72
53
45
31
17
33
42
32
-1
-24
-9
10
39
43
28
13
-16
-17
-11
-1
-19
-60
-88
-103
-92
-100
-130
-176
-226
-257
-283
-287
-290
-306
-347
-379
-399
-404
-416
-425
-417
-433
-456
-450
-430
-411
-402
-392
-383
-363
-344
-340
-324
-309
-310
-306
-304
-279
-251
-248
-246
-243
-239
-250
-270
-285
-291
-270
-261
-240
-216
-212
-224
-244
-257
-257
-244
-226
-233
-245
-245
-238
-216
-221
-231
-252
-263
-268
-259
-257
-260
-242
-251
-249
-269
-275
-246
-233
-193
-169
-159
-166
-184
-202
-194
-167
-141
-117
-136
-156
-174
-182
-186
-198
-207
-205
-195
-188
-181
-193
-220
-225
-240
-269
-284
-274
-269
-283
-268
-270
-292
-287
-279
-293
-325
-337
-341
-350
-359
-353
-364
-374
-389
-403
-406
-397
-377
-361
-360
-365
-367
-363
-359
-343
-345
-345
-338
-329
-325
-327
-324
-324
-335
-345
-352
-334
-313
-332
-349
-372
-398
-421
-443
-447
-434
-424
-410
-409
-415
-401
-402
-406
-389
-373
-332
-284
-253
-257
-268
-270
-268
-263
-252
-246
-251
-236
-232
-232
-247
-285
-310
-336
-352
-341
-317
-312
-334
-360
-366
-364
-357
-357
-361
-355
-365
-350
-341
-346
-346
-345
-347
-350
-344
-346
-325
-288
-285
-303
-320
-332
-308
-290
-274
-240
-231
-226
-229
-239
-265
-255
-222
-191
-166
-162
-162
-153
-128
-100
-102
-96
-84
-84
-70
-60
-44
-45
-47
-52
-78
-89
-85
-73
-58
-58
-68
-83
-81
-76
-76
-77
-80
-68
-51
-36
-37
-45
-70
-57
-54
-28
4
14
32
45
47
34
27
10
15
26
28
6
18
41
52
59
21
-28
-64
-64
-18
12
-3
-35
-65
-90
-76
-55
-53
-61
-74
-87
-97
-91
-75
-73
-93
-117
-142
-153
-169
-166
-161
-166
-160
-183
-197
-202
-192
-190
-199
-194
-195
-195
-197
-194
-177
-154
-139
-138
-151
-153
-158
-158
-157
-151
-145
-140
-113
-117
-124
-134
-118
-101
-108
-116
-135
-143
-140
-104
-72
-54
-49
-62
-65
-65
-46
-34
-16
0
16
38
56
87
99
117
104
95
85
80
79
78
77
76
70
32
9
-1
6
6
8
27
28
36
44
41
33
35
34
27
22
23
14
16
42
52
50
42
40
24
5
9
13
-1
-32
-66
-71
-80
-71
-67
-68
-80
-85
-96
-127
-147
-178
-170
-154
-147
-161
-153
-149
-169
-190
-201
-226
-236
-244
-236
-227
-213
-221
-229
-228
-247
-262
-278
-296
-305
-298
-292
-272
-264
-270
-277
-291
-287
-269
-265
-274
-276
-268
-267
-238
-206
-197
-186
-156
-107
-92
-114
-119
-98
-70
-43
-21
-13
-15
-21
-14
0
-3
-8
-29
-33
-19
4
13
15
35
50
66
78
68
55
53
73
91
83
71
73
74
82
70
53
33
16
2
-17
-18
-25
-25
-24
-13
-13
-29
-46
-39
-36
-45
-44
-43
-51
-52
-67
-102
-116
-120
-128
-126
-106
-90
-83
-89
-97
-122
-136
-140
-122
-100
-89
-78
-98
-139
-166
-176
-206
-208
-201
-201
-210
-221
-225
-214
-205
-210
-217
-219
-209
-202
-181
-152
-142
-129
-146
-158
-164
-161
-135
-123
-110
-105
-100
-92
-82
-78
-72
-52
-19
19
45
67
79
97
128
140
147
160
175
189
220
243
254
268
263
265
278
288
278
279
284
267
268
280
270
266
261
242
242
228
221
226
230
220
192
191
182
184
191
178
178
166
142
131
119
120
129
138
138
142
135
133
121
114
117
98
75
60
61
74
64
58
66
72
97
102
76
52
31
17
26
46
34
-4
-34
-38
-46
-30
-10
-5
-16
-33
-42
-40
-11
11
11
-12
-55
-69
-46
-41
-26
-47
-58
-60
-79
-89
-102
-86
-66
-49
-68
-87
-95
-90
-68
-38
-6
10
17
23
12
15
35
61
70
68
56
52
70
69
77
62
40
7
-15
-35
-25
-24
-30
-29
-26
8
25
30
0
-34
-43
-9
16
38
67
54
39
18
13
2
-15
-39
-56
-56
-56
-43
-52
-56
-47
-41
-37
-44
-32
-41
-52
-57
-50
-58
-50
-43
-33
-24
-35
-47
-72
-72
-78
-69
-59
-46
-52
-52
-73
-103
-134
-154
-134
-117
-109
-109
-110
-95
-96
-102
-113
-128
-130
-117
-110
-110
-116
-97
-99
-100
-92
-74
-81
-108
-94
-100
-79
-71
-51
-48
-44
-30
-34
-30
-33
-25
-12
-4
-8
22
38
52
72
65
66
64
82
89
100
108
103
96
90
78
70
65
70
91
86
56
27
43
43
70
68
46
40
9
8
8
38
22
4
13
7
21
21
24
38
48
27
27
41
62
70
71
75
60
68
75
103
102
110
108
96
80
72
72
69
73
62
52
55
57
58
45
23
22
3
17
29
35
39
31
37
39
52
76
95
102
118
131
137
123
115
113
125
139
142
158
147
134
119
101
95
99
99
98
83
80
86
96
113
112
112
100
93
99
102
101
81
83
98
100
107
107
118
111
119
144
146
154
151
149
149
150
157
152
153
147
131
126
139
155
158
156
167
155
157
168
181
194
185
171
154
156
172
171
151
137
113
105
89
80
75
77
78
65
65
60
31
11
11
9
13
-2
-7
-11
-23
-14
-9
0
6
25
36
30
20
4
-9
-13
-1
11
13
4
-19
-26
-22
-2
12
5
-31
-62
-56
-35
-21
-19
-49
-87
-111
-117
-85
-68
-78
-94
-110
-90
-73
-61
-37
-43
-47
-55
-49
-47
-50
-29
-36
-38
-52
-57
-55
-69
-80
-97
-90
-92
-76
-74
-103
-114
-88
-52
-28
-10
-22
-21
-29
-25
-49
-43
-4
29
37
39
24
11
25
23
42
25
16
0
18
21
38
47
38
42
33
15
14
18
37
67
59
46
44
52
66
72
71
75
69
65
60
67
73
70
76
58
48
41
54
58
49
41
33
50
54
53
51
76
108
116
105
104
97
84
83
74
69
86
96
99
91
79
77
84
76
71
76
84
92
79
89
88
76
57
27
19
18
30
44
72
104
118
116
119
131
126
124
111
108
126
146
188
189
177
166
166
167
149
127
118
130
152
151
148
136
123
124
139
148
153
140
114
107
105
106
94
86
82
90
126
145
139
115
100
119
152
149
131
120
109
125
136
150
143
147
146
122
117
129
153
168
164
151
144
146
142
137
136
126
142
167
165
153
145
153
158
144
155
147
131
143
126
125
145
159
162
152
136
122
117
111
116
113
107
77
76
76
69
73
51
43
47
67
76
78
71
66
81
72
59
58
42
23
24
18
4
-6
-18
-23
-15
-16
-26
-18
-25
-48
-42
-46
-28
-20
-24
-6
-18
-28
-52
-86
-100
-112
-113
-117
-112
-108
-104
-117
-133
-128
-126
-111
-97
-84
-85
-59
-50
-50
-37
-38
-50
-69
-77
-64
-43
-32
-24
-18
-24
-13
-22
-11
13
20
-4
-40
-43
-33
-30
-16
13
11
4
-24
-50
-62
-72
-88
-91
-108
-134
-144
-156
-177
-191
-216
-200
-189
-172
-161
-165
-172
-165
-133
-124
-94
-61
-43
-50
-38
-38
-56
-50
-40
-41
-40
-59
-96
-136
-145
-131
-132
-158
-201
-219
-225
-190
-176
-172
-196
-218
-227
-230
-199
-172
-153
-157
-164
-179
-169
-153
-161
-171
-181
-174
-166
-160
-152
-158
-173
-184
-186
-185
-191
-181
-169
-162
-164
-164
-166
-139
-104
-68
-44
-32
-35
-27
-6
-4
11
4
6
-11
-29
-45
-56
-64
-40
-27
-44
-88
-122
-115
-92
-69
-92
-92
-80
-78
-63
-58
-53
-61
-66
-42
-8
34
58
54
30
20
25
50
72
71
60
41
22
14
-3
-36
-42
-55
-78
-84
-82
-94
-98
-89
-72
-58
-37
-12
15
25
22
38
53
52
59
68
60
48
51
52
39
10
-29
-58
-84
-76
-70
-66
-62
-80
-95
-98
-109
-114
-121
-127
-112
-116
-101
-100
-109
-107
-115
-114
-105
-108
-112
-110
-116
-115
-121
-139
-154
-171
-183
-165
-145
-142
-147
-147
-168
-168
-158
-155
-136
-125
-114
-110
-108
-110
-120
-132
-144
-153
-160
-166
-148
-140
-144
-148
-160
-168
-186
-195
-212
-216
-198
-178
-168
-182
-192
-209
-224
-236
-231
-216
-202
-188
-183
-174
-161
-150
-142
-138
-144
-157
-168
-183
-175
-156
-159
-170
-194
-216
-218
-225
-224
-220
-230
-245
-249
-248
-244
-237
-246
-262
-243
-222
-221
-236
-235
-225
-218
-194
-195
-216
-244
-261
-257
-253
-264
-264
-270
-279
-287
-288
-299
-314
-314
-312
-292
-284
-282
-269
-273
-263
-234
-215
-201
-198
-189
-192
-203
-210
-224
-235
-219
-210
-203
-197
-212
-236
-254
-268
-252
-248
-246
-221
-222
-209
-212
-217
-206
-185
-161
-153
-157
-167
-152
-148
-142
-116
-103
-109
-91
-97
-115
-106
-91
-84
-92
-95
-97
-120
-144
-135
-143
-153
-165
-156
-135
-96
-69
-66
-80
-93
-105
-97
-62
-38
-24
-37
-50
-77
-112
-123
-126
-125
-121
-112
-107
-107
-124
-129
-112
-95
-70
-57
-49
-52
-51
-36
-39
-66
-71
-47
-28
-15
-17
-19
-14
-9
-8
-39
-61
-87
-97
-58
-34
-47
-54
-82
-92
-86
-74
-59
-37
-31
-37
-33
-25
-20
-7
20
18
7
3
5
4
-11
-17
-10
-7
2
-2
-13
-29
-18
-22
-26
-39
-55
-52
-20
14
13
19
27
30
24
29
40
44
52
39
21
16
4
-9
-5
2
1
-11
-47
-60
-56
-24
2
17
5
-13
-33
-36
-15
-14
-18
-10
-1
7
12
8
9
27
44
56
56
48
44
48
60
53
37
14
-26
-14
-4
-14
-23
-30
-47
-66
-67
-54
-50
-51
-22
2
-3
-20
-42
-66
-72
-44
-24
-30
-41
-45
-35
-26
-37
-57
-66
-78
-68
-34
-24
-35
-45
-57
-55
-46
-51
-67
-74
-67
-68
-51
-60
-68
-74
-85
-68
-74
-71
-71
-94
-89
-65
-29
-14
-32
-39
-49
-45
-40
-33
-47
-42
-52
-71
-88
-90
-90
-90
-90
-105
-104
-106
-120
-122
-102
-91
-86
-87
-74
-72
-54
-28
-31
-45
-57
-71
-92
-100
-106
-107
-103
-102
-104
-116
-134
-150
-160
-140
-136
-115
-91
-81
-58
-45
-42
-44
-35
-28
-34
-31
-19
-18
-8
4
11
5
1
-1
14
28
2
-7
6
18
21
13
7
19
29
33
29
33
40
56
73
73
81
89
106
127
127
114
101
92
101
101
83
64
42
40
26
31
42
41
44
49
64
77
79
75
79
82
97
115
118
93
81
81
81
97
108
107
97
93
77
75
73
73
75
65
73
71
61
56
53
66
90
97
113
114
119
128
135
151
166
187
192
208
196
185
191
199
231
242
224
210
213
220
217
214
205
184
170
151
149
158
164
165
179
196
199
215
230
233
218
194
192
193
172
188
192
176
169
177
169
159
171
170
188
199
201
210
218
212
196
189
169
167
179
185
197
176
183
202
213
218
205
172
144
142
141
159
159
151
114
81
62
48
51
60
56
54
64
64
70
77
62
43
20
8
37
61
83
79
71
48
42
46
36
39
42
47
39
9
-12
-35
-39
-12
3
4
-5
-9
-29
-54
-57
-48
-16
-3
-20
-25
-20
-13
-15
-13
-7
-12
-30
-24
-17
-10
-4
0
-5
-19
-32
-28
-27
-36
-36
-47
-29
22
34
49
39
35
47
52
36
20
37
37
42
34
37
19
-9
-5
-6
15
39
37
25
12
10
20
29
40
48
60
49
42
50
62
84
120
131
134
148
147
152
140
117
100
80
73
74
87
104
114
104
95
84
74
65
44
57
41
39
58
77
83
82
98
112
131
148
159
152
165
193
213
217
220
207
204
205
219
221
213
207
187
170
159
158
153
144
142
125
107
101
107
114
121
142
147
146
158
168
187
182
174
162
163
164
171
190
195
197
180
176
177
163
162
154
143
137
154
164
172
170
184
188
193
200
193
226
246
265
289
308
320
333
329
320
330
333
356
370
377
388
374
356
356
354
340
342
364
378
377
360
346
346
354
359
358
362
371
390
396
398
395
387
397
391
386
380
387
398
398
388
368
370
367
377
397
386
370
371
357
348
363
373
363
347
342
337
345
343
354
362
374
359
345
339
319
315
294
277
269
268
257
257
236
232
236
244
264
273
290
293
294
301
316
322
320
323
330
339
359
366
372
355
351
351
345
358
339
319
318
316
306
305
304
307
298
291
286
274
279
282
283
280
276
260
235
222
222
222
241
250
267
293
281
262
253
259
275
275
281
284
285
286
272
259
256
258
269
275
268
263
249
261
277
298
280
233
211
221
247
269
279
248
203
175
177
199
226
249
250
236
237
248
239
249
274
270
284
292
286
283
286
282
285
290
297
298
310
332
318
324
329
310
291
288
299
322
347
354
338
323
310
296
290
267
271
278
266
250
254
241
250
261
251
253
242
246
265
271
278
275
280
280
262
272
267
255
241
222
238
266
276
287
284
262
267
280
285
274
279
282
305
308
308
317
306
321
325
320
325
324
336
355
386
392
389
395
389
400
399
392
387
404
418
443
451
449
467
473
469
471
476
467
475
494
508
518
537
535
525
526
529
527
504
494
492
499
514
522
513
503
481
470
453
458
461
468
476
484
495
499
510
510
508
505
508
512
522
521
511
512
511
499
499
489
490
488
494
492
475
463
460
444
434
431
418
438
442
440
426
424
426
409
415
431
443
448
446
444
441
429
411
411
414
407
401
384
372
357
358
352
338
333
328
336
343
364
367
380
374
373
364
364
384
387
417
429
441
424
394
360
362
381
390
382
353
342
320
297
284
285
296
312
316
294
289
306
317
318
337
354
351
362
364
375
369
349
350
364
385
403
396
386
380
370
371
377
361
342
331
326
319
322
326
327
339
333
329
316
321
318
328
339
345
343
331
319
306
309
304
299
299
272
247
231
224
234
227
219
219
218
213
219
212
205
205
214
253
263
267
263
253
260
252
263
272
264
263
248
243
240
263
268
253
241
220
208
199
196
194
187
173
169
168
163
171
169
189
201
217
238
242
239
240
272
286
306
317
309
303
288
269
252
240
236
260
271
264
277
288
286
297
322
321
305
280
291
316
336
341
340
333
320
324
335
330
326
319
326
334
335
328
322
303
283
268
269
264
250
255
261
272
271
272
280
278
277
277
283
279
261
257
268
276
304
331
341
347
331
319
311
293
280
285
293
289
269
258
246
243
253
252
242
235
224
230
251
279
307
308
307
318
334
362
357
337
336
337
338
336
341
338
334
341
341
333
327
325
315
304
287
269
248
241
242
238
230
225
240
241
244
260
284
295
317
332
332
323
300
296
301
305
314
312
308
311
299
295
285
272
256
252
265
276
294
292
275
268
271
273
268
251
237
227
215
210
209
210
208
201
194
199
196
195
192
191
203
222
233
231
225
209
211
231
234
214
208
208
207
200
192
181
161
172
189
207
205
184
161
149
156
146
153
155
163
170
165
159
160
153
150
169
184
190
197
196
189
177
169
156
138
135
135
126
131
145
147
166
177
161
153
166
182
198
202
206
216
229
245
246
226
228
256
283
303
312
313
307
294
277
279
289
279
275
271
269
261
257
255
256
257
252
244
243
255
256
268
273
294
311
320
339
343
337
325
314
313
329
330
332
340
335
327
308
302
299
286
276
293
303
318
327
340
327
304
286
299
330
345
353
366
370
343
330
316
322
311
315
303
299
306
296
303
311
308
323
319
322
349
369
391
421
430
449
461
462
473
466
482
487
498
499
488
481
469
476
474
455
441
442
449
473
475
478
473
479
490
484
488
472
450
435
425
429
435
423
414
407
420
432
424
425
434
459
481
485
506
514
516
525
523
501
477
463
455
456
447
446
453
475
485
490
480
461
435
416
420
443
455
442
421
393
389
398
432
445
432
425
427
436
435
452
465
455
436
426
430
444
459
436
410
409
408
418
417
432
428
424
428
413
415
404
418
453
474
503
489
464
447
426
404
394
402
411
414
404
385
391
406
423
439
425
394
385
409
450
472
477
479
475
472
465
469
466
457
443
452
467
474
464
451
440
428
433
425
425
409
391
373
380
412
411
414
410
397
393
401
415
431
447
474
488
493
491
491
491
483
470
475
472
469
478
469
483
487
491
489
490
489
487
489
506
528
535
555
562
568
566
562
543
521
508
482
485
487
481
481
470
451
432
427
424
406
400
402
420
446
453
450
449
437
437
467
485
493
496
485
477
470
475
476
490
505
506
501
473
445
427
437
431
419
410
405
393
375
376
370
366
369
377
390
397
415
429
443
450
448
435
432
426
433
436
429
426
408
396
393
400
399
392
377
373
376
368
382
417
449
467
468
469
466
478
493
509
535
555
553
553
545
544
546
529
526
518
501
486
474
475
478
495
499
503
503
503
500
493
496
489
512
527
544
545
539
542
553
570
586
594
593
598
596
605
607
599
581
567
559
556
549
540
522
505
509
513
525
531
542
553
569
571
562
559
561
554
561
570
560
548
535
535
534
536
533
528
531
530
516
515
522
518
510
510
519
524
528
525
541
550
550
550
537
535
541
551
556
553
547
532
535
534
518
496
479
481
469
446
446
429
400
388
373
369
368
345
341
341
341
347
349
355
357
382
423
442
460
476
486
484
469
449
443
435
435
424
410
388
360
353
361
383
387
367
365
365
381
408
425
422
422
418
425
442
454
462
448
460
478
490
491
482
480
458
439
425
419
419
415
413
390
374
370
345
337
344
356
356
364
373
381
404
433
462
466
471
483
489
475
473
467
462
475
469
461
445
409
392
377
374
357
332
308
308
335
359
379
399
402
402
395
395
401
404
408
404
410
428
437
447
447
433
424
437
437
431
414
412
416
409
400
381
357
333
326
314
311
322
343
361
389
401
416
418
425
453
462
470
457
457
442
431
422
421
420
415
420
402
397
374
380
378
393
409
427
431
441
452
460
474
471
478
459
453
471
486
488
479
467
453
440
444
434
415
408
418
425
417
410
403
390
376
371
375
378
378
389
391
398
399
398
405
419
436
443
447
446
430
409
384
367
354
344
352
370
375
372
351
339
340
330
319
313
313
320
332
323
322
321
298
291
302
321
325
324
321
321
334
329
312
297
311
331
352
358
355
356
353
349
337
342
356
380
390
376
381
367
372
373
367
363
360
364
364
361
358
336
323
309
308
307
296
276
274
281
273
272
264
260
275
264
248
259
264
268
272
291
291
290
290
290
297
297
301
305
283
267
260
246
237
224
209
207
206
190
171
150
143
116
123
136
139
140
146
163
167
181
187
181
170
162
143
139
141
147
151
153
146
121
114
106
99
93
103
123
113
107
100
87
89
80
86
102
97
106
114
108
102
117
129
127
121
105
98
107
106
98
92
78
55
41
34
17
5
11
16
34
43
30
25
17
39
58
87
100
108
111
104
85
80
88
75
72
71
67
51
36
37
41
49
42
15
-22
-21
13
41
51
30
14
-9
-9
1
19
38
42
40
55
73
73
84
80
74
76
71
67
71
87
74
56
35
25
20
19
42
46
61
52
30
10
12
21
39
71
95
117
106
98
77
70
78
125
161
184
175
147
137
140
152
147
128
99
90
90
126
147
166
153
134
131
131
142
144
138
143
152
163
181
193
176
175
165
157
143
134
133
131
146
134
113
90
78
69
67
56
38
34
36
55
59
71
89
98
110
118
112
102
104
112
115
121
117
111
110
105
93
87
76
60
60
63
54
52
70
70
72
59
57
52
41
22
20
16
31
45
47
45
31
21
10
-4
-11
-3
-5
-3
4
8
-2
-15
-49
-49
-36
-32
-18
-17
-16
-18
-9
2
-2
-5
-8
-18
-14
-4
0
-8
-14
-17
-18
-35
-52
-49
-53
-39
-29
-32
-48
-73
-91
-84
-69
-76
-66
-64
-58
-77
-85
-95
-98
-97
-102
-106
-118
-110
-112
-107
-118
-123
-138
-151
-150
-147
-132
-130
-129
-112
-103
-103
-102
-94
-89
-86
-81
-78
-101
-106
-128
-137
-107
-98
-87
-103
-122
-130
-136
-139
-137
-137
-133
-142
-150
-164
-175
-189
-200
-225
-239
-223
-209
-199
-208
-211
-214
-209
-195
-173
-165
-154
-150
-140
-144
-138
-130
-121
-115
-108
-122
-135
-129
-133
-120
-125
-145
-161
-158
-155
-137
-128
-125
-141
-143
-141
-143
-121
-109
-103
-99
-85
-88
-77
-68
-80
-87
-81
-77
-69
-60
-54
-39
-54
-62
-79
-70
-49
-36
-34
-41
-44
-66
-61
-49
-45
-45
-43
-49
-58
-50
-38
-27
-39
-53
-62
-69
-68
-67
-63
-61
-70
-85
-94
-111
-126
-134
-131
-120
-108
-87
-85
-91
-89
-91
-89
-60
-47
-40
-54
-67
-71
-109
-118
-127
-137
-131
-138
-144
-147
-149
-130
-112
-126
-148
-166
-174
-152
-118
-109
-130
-151
-176
-176
-174
-153
-118
-104
-96
-90
-74
-48
-36
-23
-19
-33
-47
-64
-60
-50
-64
-84
-108
-127
-122
-140
-124
-129
-150
-146
-164
-168
-165
-149
-117
-96
-67
-56
-68
-63
-66
-70
-68
-65
-54
-57
-76
-108
-129
-132
-130
-132
-150
-184
-194
-173
-163
-151
-147
-162
-163
-170
-165
-148
-152
-159
-160
-155
-158
-154
-157
-179
-194
-200
-191
-204
-212
-226
-254
-278
-289
-290
-289
-295
-283
-273
-271
-262
-260
-279
-289
-267
-242
-211
-198
-187
-194
-203
-218
-216
-213
-220
-216
-219
-205
-200
-191
-195
-216
-215
-223
-237
-237
-230
-213
-200
-211
-205
-206
-182
-184
-200
-208
-228
-218
-196
-168
-154
-146
-171
-175
-191
-194
-199
-215
-221
-206
-182
-164
-160
-174
-164
-167
-142
-125
-120
-118
-120
-130
-151
-141
-134
-136
-120
-113
-107
-92
-93
-112
-109
-108
-122
-125
-132
-115
-102
-94
-93
-105
-108
-100
-98
-84
-77
-77
-83
-94
-103
-120
-139
-150
-155
-152
-133
-121
-126
-117
-124
-132
-126
-130
-138
-143
-128
-101
-69
-49
-40
-40
-33
-43
-50
-42
-24
6
8
2
10
8
13
14
13
6
7
-3
3
4
-10
-25
-39
-49
-55
-51
-56
-48
-47
-34
-24
-21
-6
-1
5
24
31
26
23
31
36
47
55
48
52
58
44
39
34
29
27
28
39
38
36
33
41
53
57
57
58
60
77
106
116
99
101
96
89
87
85
90
90
102
98
85
72
79
89
81
76
74
75
80
90
102
110
119
122
103
107
97
97
102
104
123
134
146
132
123
108
115
119
113
101
86
83
83
87
94
96
90
86
83
90
95
91
88
79
64
69
82
95
79
69
56
50
56
53
51
53
56
57
56
36
11
-2
15
13
10
-2
-1
15
26
29
13
-10
-27
-1
27
48
52
45
28
39
44
42
68
59
49
40
42
55
71
74
76
67
45
47
60
54
50
42
26
18
15
16
14
13
1
-3
-24
-37
-38
-22
5
19
23
30
37
29
22
1
-17
-23
-12
17
21
4
-2
-7
4
-3
2
-17
-32
-5
32
50
70
85
71
61
72
101
101
106
102
96
106
103
104
89
71
70
82
91
90
89
98
111
119
112
108
99
89
109
103
92
83
96
115
120
130
124
118
120
130
137
144
137
129
135
142
157
155
149
159
161
173
168
154
131
132
141
163
180
185
181
162
167
155
131
100
74
59
55
74
88
96
86
84
79
72
78
73
65
61
72
99
110
112
101
95
99
117
117
105
99
102
103
89
94
90
97
120
123
127
123
115
121
121
117
110
105
102
115
123
132
140
124
117
130
129
141
157
164
175
191
185
178
153
121
110
99
99
108
104
102
100
79
78
78
