-253
-247
-252
-249
-231
-232
-220
-216
-223
-213
-213
-212
-205
-196
-179
-184
-175
-180
-189
-191
-188
-189
-203
-215
-202
-197
-196
-192
-187
-186
-199
-214
-247
-253
-270
-288
-284
-292
-298
-305
-313
-322
-335
-348
-337
-342
-326
-314
-313
-298
-297
-292
-299
-313
-321
-320
-307
-299
-269
-266
-280
-287
-304
-293
-287
-296
-293
-275
-259
-238
-238
-245
-257
-278
-271
-259
-259
-241
-231
-234
-230
-219
-208
-216
-238
-241
-225
-216
-218
-225
-233
-238
-228
-227
-227
-234
-238
-243
-245
-237
-247
-257
-269
-279
-294
-290
-278
-274
-261
-247
-237
-239
-249
-245
-266
-269
-270
-271
-266
-262
-257
-281
-303
-300
-304
-305
-293
-302
-306
-304
-303
-294
-281
-291
-292
-295
-303
-296
-298
-296
-304
-305
-311
-305
-300
-291
-285
-274
-254
-251
-262
-265
-272
-278
-283
-283
-272
-281
-274
-268
-257
-245
-252
-256
-255
-254
-252
-248
-249
-238
-243
-228
-231
-235
-233
-244
-246
-250
-250
-232
-218
-219
-229
-247
-244
-241
-233
-230
-223
-225
-225
-215
-209
-216
-220
-216
-206
-200
-203
-216
-224
-237
-238
-247
-258
-248
-248
-256
-261
-253
-249
-242
-236
-243
-244
-250
-243
-240
-241
-243
-238
-224
-226
-235
-241
-236
-233
-233
-231
-238
-225
-212
-202
-204
-204
-192
-203
-197
-188
-159
-158
-154
-155
-154
-138
-138
-139
-134
-118
-110
-117
-132
-147
-156
-159
-141
-111
-101
-108
-120
-139
-152
-148
-135
-115
-122
-132
-151
-152
-134
-152
-171
-172
-141
-105
-90
-94
-112
-109
-101
-94
-88
-69
-68
-74
-69
-80
-88
-86
-75
-52
-44
-70
-91
-99
-67
-24
-6
-36
-78
-125
-133
-113
-64
-28
-16
-42
-70
-81
-56
-2
38
44
25
21
19
26
32
35
5
-18
-13
-6
-2
10
8
-13
-20
-22
-30
-12
2
7
-4
-3
8
10
15
14
4
-18
-13
-7
8
9
3
-19
-22
-30
-51
-68
-82
-78
-87
-89
-94
-92
-104
-108
-109
-110
-96
-102
-82
-60
-50
-35
-41
-50
-50
-54
-32
-33
-30
-23
-23
-13
-12
-9
-45
-75
-107
-117
-112
-110
-89
-104
-121
-123
-120
-127
-127
-113
-113
-98
-96
-95
-98
-100
-95
-71
-57
-69
-80
-86
-76
-65
-69
-78
-92
-112
-116
-136
-136
-142
-141
-137
-119
-117
-129
-129
-133
-129
-136
-151
-169
-161
-148
-142
-136
-122
-127
-142
-149
-147
-154
-162
-159
-146
-145
-141
-137
-139
-147
-149
-157
-157
-159
-169
-177
-180
-179
-192
-202
-204
-210
-203
-191
-191
-192
-201
-213
-240
-239
-233
-219
-224
-221
-219
-233
-218
-223
-219
-227
-238
-234
-224
-197
-184
-191
-193
-215
-228
-229
-254
-256
-248
-247
-238
-246
-258
-269
-270
-251
-243
-227
-209
-213
-214
-220
-233
-225
-217
-209
-208
-208
-199
-201
-211
-235
-252
-268
-286
-306
-308
-314
-309
-296
-295
-298
-295
-291
-277
-263
-257
-256
-246
-240
-232
-234
-252
-255
-266
-249
-237
-239
-237
-231
-231
-229
-232
-223
-206
-204
-213
-237
-244
-246
-234
-226
-230
-239
-258
-273
-281
-286
-298
-292
-274
-255
-248
-257
-271
-285
-277
-268
-264
-264
-257
-249
-254
-250
-242
-226
-214
-187
-192
-198
-192
-178
-173
-177
-196
-212
-227
-224
-208
-217
-219
-220
-220
-222
-216
-216
-216
-212
-200
-190
-189
-178
-172
-173
-180
-191
-183
-186
-184
-175
-162
-180
-192
-198
-218
-223
-229
-227
-234
-222
-207
-199
-207
-205
-202
-203
-194
-207
-211
-218
-211
-199
-196
-181
-179
-153
-145
-152
-148
-151
-144
-142
-136
-131
-138
-147
-156
-142
-133
-134
-138
-156
-168
-167
-153
-149
-137
-131
-143
-155
-151
-128
-100
-97
-87
-87
-97
-92
-81
-86
-72
-67
-74
-60
-62
-51
-66
-73
-78
-72
-77
-83
-90
-91
-81
-82
-90
-96
-100
-105
-107
-100
-86
-68
-49
-42
-54
-71
-75
-84
-98
-92
-83
-84
-80
-71
-68
-86
-93
-95
-97
-89
-84
-87
-80
-72
-76
-85
-78
-65
-59
-49
-48
-43
-14
7
8
-5
-21
-32
-40
-49
-82
-110
-140
-154
-166
-183
-185
-180
-188
-194
-201
-208
-192
-179
-174
-167
-168
-159
-156
-143
-140
-150
-150
-138
-130
-121
-122
-141
-157
-165
-166
-169
-175
-179
-169
-164
-158
-153
-147
-168
-173
-161
-158
-153
-151
-137
-137
-139
-145
-163
-176
-171
-169
-165
-151
-143
-128
-124
-118
-121
-126
-127
-123
-116
-121
-115
-108
-116
-131
-143
-137
-145
-144
-143
-129
-114
-97
-95
-112
-119
-127
-137
-114
-109
-92
-77
-65
-60
-80
-79
-85
-81
-76
-69
-63
-64
-61
-62
-71
-79
-101
-113
-131
-128
-112
-111
-104
-104
-105
-119
-126
-139
-128
-100
-86
-87
-100
-112
-122
-129
-130
-114
-101
-81
-85
-88
-73
-62
-67
-57
-60
-68
-72
-78
-77
-70
-67
-70
-73
-78
-77
-97
-92
-82
-70
-76
-92
-95
-105
-94
-105
-97
-95
-118
-107
-114
-117
-115
-106
-112
-115
-100
-94
-95
-103
-108
-120
-125
-130
-143
-158
-174
-174
-172
-177
-206
-220
-219
-220
-225
-227
-220
-218
-198
-195
-191
-192
-213
-222
-220
-232
-235
-212
-209
-207
-209
-208
-206
-201
-194
-203
-212
-226
-229
-216
-211
-202
-207
-207
-202
-200
-190
-194
-194
-202
-193
-193
-189
-175
-186
-206
-201
-180
-164
-167
-182
-200
-223
-232
-233
-230
-211
-217
-229
-229
-213
-199
-207
-215
-211
-192
-177
-169
-192
-210
-210
-217
-224
-227
-214
-213
-203
-193
-199
-207
-213
-204
-190
-191
-187
-221
-231
-216
-190
-175
-217
-268
-320
-325
-287
-245
-231
-227
-269
-300
-296
-263
-237
-217
-201
-221
-233
-221
-205
-208
-208
-224
-259
-276
-261
-250
-256
-263
-270
-278
-283
-292
-297
-287
-285
-277
-287
-279
-267
-271
-268
-266
-259
-249
-232
-222
-208
-227
-241
-267
-259
-251
-250
-251
-263
-267
-278
-264
-269
-262
-245
-242
-250
-242
-238
-237
-230
-224
-216
-210
-197
-187
-171
-160
-136
-135
-145
-163
-166
-151
-135
-138
-164
-195
-212
-203
-189
-182
-200
-223
-232
-235
-221
-222
-224
-204
-187
-165
-160
-175
-195
-182
-160
-141
-135
-151
-141
-124
-101
-109
-110
-117
-117
-113
-105
-105
-104
-79
-83
-85
-67
-63
-68
-74
-92
-95
-98
-70
-55
-31
-29
-37
-41
-46
-38
-51
-60
-67
-59
-44
-33
-28
-20
-29
-18
-1
1
4
-8
-12
-6
-1
-3
-11
-13
-17
-22
-10
-5
-5
-4
-9
1
5
3
11
28
39
51
56
43
30
39
53
53
58
65
67
68
85
86
87
79
62
63
71
67
70
72
73
85
71
63
68
80
89
103
103
104
117
114
118
105
112
100
106
125
121
137
147
147
142
135
126
122
112
115
118
116
117
115
130
135
139
155
147
137
142
147
152
160
165
164
159
150
149
162
174
172
160
147
138
143
146
143
139
139
124
120
127
120
118
114
106
97
90
95
93
113
115
118
128
125
131
122
128
137
133
132
137
140
135
127
114
107
115
122
108
101
104
105
118
129
139
135
128
141
149
153
162
163
182
196
197
201
187
191
197
205
208
193
191
192
191
184
185
187
186
187
180
158
146
146
141
133
136
125
123
129
129
151
164
165
174
177
187
199
196
198
188
185
186
188
195
187
190
201
215
215
216
211
205
198
187
204
206
208
215
211
201
183
173
164
170
183
191
202
206
213
212
226
258
283
301
295
289
292
275
270
268
269
274
270
273
284
290
279
267
247
258
275
271
276
271
278
283
286
291
285
285
294
301
320
339
361
360
362
365
339
332
335
338
351
360
376
385
379
371
362
362
370
381
396
408
417
415
409
411
411
410
415
427
437
438
452
451
440
420
410
406
389
383
392
389
393
395
397
394
391
382
375
384
387
396
399
407
409
416
421
413
401
411
433
426
436
442
457
465
449
447
438
443
452
454
449
458
467
466
457
449
431
415
429
421
428
438
433
446
462
491
490
478
467
466
480
475
476
485
491
492
480
466
447
447
450
460
458
460
469
461
472
461
452
457
460
473
493
502
506
498
478
473
462
468
482
504
533
536
530
513
501
489
478
477
468
467
452
454
484
487
476
462
451
439
448
456
457
473
467
467
453
448
453
441
459
476
482
474
468
469
461
465
474
478
500
506
509
515
520
537
533
521
531
521
513
516
518
528
520
519
521
515
507
502
503
502
499
497
491
474
453
441
437
446
456
449
443
432
423
425
444
453
451
451
457
450
435
427
429
425
419
410
399
383
373
386
381
397
401
397
404
405
416
413
414
413
419
425
439
434
419
418
401
393
389
390
391
399
388
400
402
386
394
380
389
387
396
400
386
387
386
395
415
417
397
384
414
427
436
441
424
403
390
408
406
408
396
369
367
363
377
402
421
419
419
412
416
433
413
399
414
445
466
478
459
442
443
446
457
469
487
484
483
488
479
465
447
461
485
490
471
434
443
480
533
546
498
447
402
399
431
468
486
486
445
411
413
444
482
496
499
488
480
483
507
514
524
503
467
433
430
443
456
456
442
427
423
410
419
434
442
439
427
440
452
447
438
440
434
446
467
485
483
477
457
427
428
415
404
404
394
394
400
407
385
375
380
377
378
382
381
405
418
427
430
410
409
402
414
431
437
421
410
402
384
386
395
390
357
313
293
311
331
339
329
296
284
268
266
266
274
285
299
305
303
301
292
301
309
310
305
315
332
332
352
346
350
342
334
316
309
314
304
293
299
304
313
317
320
324
318
328
303
302
310
315
317
331
341
343
345
339
320
308
324
328
331
333
342
342
339
358
369
372
378
365
373
370
353
343
325
310
300
305
305
308
311
299
295
290
275
276
279
297
315
319
308
271
267
265
254
253
246
250
261
251
251
248
222
209
195
191
187
188
198
202
206
211
198
196
211
227
250
269
261
257
282
288
278
284
278
283
298
314
318
318
311
305
289
269
266
265
269
275
287
282
288
282
287
274
265
263
247
253
250
257
255
264
273
274
276
289
292
288
292
286
298
322
332
328
327
307
289
270
272
266
272
273
258
243
216
213
211
210
192
189
192
200
204
201
185
170
168
175
189
183
179
162
143
140
140
149
144
133
137
130
134
141
142
141
138
131
136
141
157
172
182
162
165
170
164
167
165
168
166
176
179
183
169
170
154
139
143
139
141
143
154
142
143
128
109
97
103
112
106
99
112
126
118
121
121
133
139
128
123
132
122
117
128
117
121
137
140
166
172
161
147
138
149
148
145
124
114
115
130
137
123
115
106
106
107
115
134
129
117
114
129
155
192
215
209
209
199
186
186
184
174
175
169
178
200
206
190
179
184
184
195
181
170
173
190
190
202
213
220
228
231
243
251
259
276
273
272
276
258
258
254
243
236
228
235
223
213
211
210
204
204
218
220
227
240
242
249
250
252
246
223
224
215
213
247
260
250
234
217
206
194
178
158
138
128
130
108
90
86
73
66
78
66
61
58
66
87
94
86
72
91
113
114
119
124
138
150
139
135
125
109
102
103
109
120
132
142
154
163
161
148
133
129
128
125
126
132
148
154
165
148
139
141
144
152
143
152
166
159
177
176
161
156
152
145
143
144
141
148
144
131
139
143
135
141
137
138
148
151
143
144
138
125
122
127
130
132
136
143
123
112
99
100
100
102
104
92
90
82
78
69
50
50
43
43
52
62
78
71
65
52
32
36
30
43
47
54
63
52
54
55
44
40
40
31
33
36
36
37
45
54
54
52
54
54
59
54
38
24
6
-1
-12
-26
-27
-30
-24
-19
-22
-33
-55
-57
-81
-81
-63
-63
-59
-63
-51
-56
-64
-76
-77
-80
-80
-85
-96
-95
-92
-85
-92
-101
-105
-106
-104
-106
-97
-91
-96
-100
-112
-120
-131
-125
-125
-128
-133
-129
-116
-121
-127
-127
-142
-141
-142
-140
-140
-148
-157
-168
-169
-164
-160
-157
-158
-165
-175
-168
-150
-146
-146
-148
-147
-151
-150
-162
-177
-194
-199
-191
-184
-185
-198
-208
-207
-185
-164
-162
-158
-187
-220
-223
-237
-238
-244
-258
-272
-279
-273
-261
-262
-268
-262
-257
-240
-240
-246
-254
-271
-282
-279
-262
-249
-254
-262
-272
-289
-288
-298
-293
-276
-278
-294
-321
-335
-324
-281
-267
-283
-334
-392
-405
-372
-328
-303
-280
-311
-343
-360
-328
-287
-275
-250
-260
-269
-248
-245
-257
-257
-277
-316
-344
-340
-319
-316
-324
-341
-360
-360
-375
-393
-399
-394
-382
-366
-364
-365
-362
-376
-373
-370
-373
-353
-332
-321
-328
-357
-379
-380
-366
-363
-356
-354
-353
-361
-367
-368
-364
-363
-370
-370
-365
-362
-356
-344
-335
-344
-351
-370
-384
-379
-355
-326
-325
-346
-366
-378
-375
-369
-371
-394
-433
-455
-461
-448
-438
-454
-475
-492
-490
-476
-471
-460
-446
-431
-411
-408
-405
-404
-394
-373
-368
-366
-370
-353
-340
-337
-327
-336
-343
-341
-354
-357
-370
-351
-320
-292
-285
-281
-297
-320
-330
-343
-364
-388
-382
-355
-352
-354
-350
-353
-359
-353
-357
-360
-352
-340
-313
-286
-274
-281
-283
-282
-261
-246
-251
-259
-270
-279
-286
-287
-282
-285
-286
-294
-283
-276
-270
-259
-248
-242
-249
-245
-255
-243
-230
-219
-228
-235
-240
-245
-226
-238
-241
-234
-228
-220
-206
-198
-203
-213
-222
-230
-220
-225
-225
-218
-229
-237
-244
-240
-232
-216
-206
-193
-176
-180
-194
-188
-191
-201
-202
-199
-189
-184
-172
-167
-181
-190
-182
-173
-169
-157
-148
-144
-149
-154
-158
-156
-155
-144
-137
-129
-135
-129
-144
-142
-127
-132
-131
-136
-141
-139
-137
-144
-141
-131
-135
-140
-140
-135
-118
-116
-131
-156
-166
-161
-153
-144
-147
-163
-168
-154
-147
-144
-153
-152
-144
-144
-135
-139
-153
-158
-173
-190
-193
-186
-179
-180
-182
-196
-202
-204
-198
-193
-201
-201
-193
-185
-174
-181
-200
-204
-201
-197
-179
-161
-152
-144
-130
-137
-143
-155
-153
-145
-141
-132
-140
-136
-137
-157
-170
-180
-176
-169
-165
-158
-161
-173
-191
-199
-202
-196
-201
-202
-203
-202
-192
-188
-176
-176
-169
-154
-137
-127
-124
-126
-125
-124
-130
-123
-103
-108
-102
-99
-105
-104
-109
-112
-124
-125
-132
-138
-152
-166
-160
-160
-173
-196
-212
-215
-216
-211
-203
-185
-182
-173
-170
-167
-147
-136
-127
-129
-136
-132
-151
-168
-164
-162
-177
-183
-183
-182
-186
-199
-214
-236
-236
-229
-229
-225
-228
-228
-235
-230
-225
-222
-224
-234
-233
-225
-202
-193
-184
-189
-196
-208
-221
-233
-224
-205
-199
-200
-200
-193
-184
-185
-192
-191
-176
-174
-168
-166
-164
-166
-162
-157
-160
-166
-169
-175
-160
-146
-129
-134
-155
-174
-194
-207
-219
-232
-248
-255
-245
-238
-236
-248
-251
-274
-284
-287
-293
-274
-259
-247
-237
-224
-231
-236
-244
-251
-235
-225
-194
-172
-162
-170
-177
-169
-176
-171
-175
-184
-175
-166
-150
-146
-156
-162
-166
-178
-178
-175
-183
-175
-162
-158
-143
-153
-166
-168
-162
-152
-143
-153
-161
-172
-176
-179
-192
-183
-183
-179
-167
-165
-174
-182
-176
-169
-155
-151
-156
-145
-135
-112
-100
-84
-93
-104
-117
-146
-147
-141
-129
-121
-102
-114
-134
-140
-158
-167
-173
-176
-185
-193
-179
-182
-192
-201
-206
-216
-214
-198
-196
-185
-185
-184
-187
-185
-182
-182
-172
-173
-158
-162
-174
-165
-170
-159
-161
-162
-141
-131
-118
-98
-95
-84
-79
-70
-61
-79
-81
-88
-91
-94
-93
-93
-98
-105
-115
-119
-124
-124
-115
-110
-102
-92
-97
-111
-98
-86
-100
-111
-120
-128
-140
-147
-138
-153
-158
-138
-143
-155
-158
-163
-155
-151
-152
-154
-165
-175
-177
-167
-160
-165
-160
-163
-161
-170
-182
-184
-184
-178
-168
-172
-168
-177
-189
-203
-225
-233
-225
-202
-201
-200
-206
-219
-212
-204
-195
-193
-197
-199
-182
-171
-180
-203
-202
-195
-168
-162
-165
-161
-171
-151
-149
-148
-142
-145
-155
-145
-115
-107
-102
-111
-141
-159
-171
-174
-173
-174
-169
-163
-177
-173
-175
-209
-219
-208
-182
-168
-159
-173
-183
-179
-184
-174
-163
-141
-127
-135
-148
-169
-193
-210
-190
-164
-145
-160
-203
-199
-160
-109
-99
-135
-197
-243
-235
-191
-149
-134
-148
-193
-221
-208
-178
-140
-119
-126
-137
-147
-142
-125
-118
-107
-119
-140
-165
-141
-139
-141
-146
-171
-179
-199
-206
-204
-183
-159
-144
-157
-149
-141
-124
-130
-142
-145
-133
-107
-100
-96
-116
-131
-131
-136
-147
-142
-146
-152
-163
-161
-150
-150
-155
-157
-165
-163
-163
-168
-155
-149
-150
-162
-157
-151
-150
-137
-114
-89
-91
-100
-116
-129
-130
-119
-122
-156
-186
-190
-176
-170
-157
-174
-198
-202
-211
-201
-202
-171
-152
-138
-122
-113
-103
-101
-79
-76
-78
-85
-81
-67
-55
-39
-34
-55
-62
-80
-95
-83
-76
-56
-44
-10
-2
-8
-7
-20
-33
-36
-49
-57
-55
-43
-30
-20
-5
-19
-24
-34
-43
-51
-55
-51
-43
-22
-12
-14
-19
-22
-22
-11
2
-5
-10
-12
-17
-23
-25
-37
-47
-55
-52
-41
-38
-33
-44
-45
-51
-66
-63
-52
-35
-13
-26
-37
-57
-67
-62
-65
-68
-85
-87
-83
-68
-73
-76
-84
-90
-100
-112
-112
-119
-124
-113
-87
-89
-94
-114
-108
-85
-77
-55
-53
-46
-45
-47
-65
-70
-81
-75
-62
-47
-29
-40
-37
-50
-68
-75
-77
-86
-84
-88
-84
-84
-102
-107
-106
-109
-127
-128
-128
-116
-113
-123
-139
-150
-152
-155
-151
-142
-139
-142
-129
-133
-145
-141
-139
-128
-134
-151
-158
-170
-157
-152
-138
-141
-169
-181
-187
-188
-181
-196
-211
-196
-168
-152
-153
-150
-163
-162
-173
-175
-166
-156
-156
-167
-167
-174
-176
-169
-174
-180
-178
-188
-183
-178
-188
-164
-153
-154
-160
-152
-141
-138
-143
-138
-124
-115
-122
-117
-113
-119
-129
-136
-129
-127
-119
-129
-143
-139
-142
-151
-147
-152
-145
-149
-160
-155
-159
-162
-167
-174
-180
-161
-147
-145
-156
-165
-182
-184
-174
-177
-176
-180
-184
-188
-198
-201
-200
-191
-175
-164
-168
-173
-179
-192
-185
-183
-187
-199
-187
-176
-168
-175
-188
-202
-222
-222
-211
-192
-183
-188
-210
-209
-190
-171
-168
-153
-138
-157
-162
-156
-156
-156
-170
-165
-161
-170
-159
-168
-171
-172
-181
-182
-187
-193
-188
-199
-209
-206
-209
-206
-210
-215
-224
-225
-220
-199
-186
-178
-167
-182
-195
-207
-210
-211
-197
-188
-182
-192
-186
-187
-196
-187
-189
-182
-177
-170
-152
-131
-128
-122
-132
-141
-132
-133
-121
-104
-80
-82
-84
-96
-104
-102
-104
-113
-129
-149
-155
-155
-168
-194
-204
-220
-224
-221
-226
-220
-219
-221
-212
-199
-186
-179
-171
-170
-165
-140
-141
-134
-97
-84
-86
-104
-115
-117
-109
-126
-144
-133
-120
-105
-99
-105
-122
-135
-136
-118
-116
-108
-107
-105
-94
-91
-94
-110
-115
-123
-117
-125
-124
-119
-117
-100
-101
-114
-114
-98
-94
-87
-78
-71
-56
-48
-52
-46
-58
-62
-49
-38
-24
-13
-3
8
10
-1
-26
-27
-19
3
15
15
15
6
9
-1
-6
-23
-33
-45
-46
-26
-27
-35
-36
-35
-45
-49
-52
-45
-44
-33
-25
-24
-12
-22
-18
-33
-35
-17
-2
-1
-8
-3
-8
2
1
18
22
42
52
62
74
69
66
41
20
30
29
21
18
4
-4
-3
-11
-12
-10
-9
1
7
14
11
17
25
2
-7
-7
-3
-5
-19
-25
-24
-6
8
14
15
19
31
22
25
17
11
17
9
30
31
39
25
38
50
51
51
45
45
40
41
38
20
18
21
10
18
18
19
23
18
18
15
20
29
23
25
34
38
45
45
39
29
32
39
44
70
80
85
81
79
72
72
75
68
61
71
109
109
119
110
97
99
127
140
137
138
127
98
86
93
92
116
126
128
115
110
121
110
111
128
130
163
175
164
155
160
173
177
173
189
187
180
195
201
199
189
200
212
240
229
199
186
192
243
263
237
174
112
98
144
200
240
256
224
181
163
192
225
255
252
248
228
231
254
247
239
221
197
178
193
205
201
200
180
167
164
169
164
168
179
187
179
201
219
214
211
208
198
190
206
213
208
204
197
168
164
168
186
199
206
209
194
197
191
185
172
170
174
162
157
162
179
189
192
200
198
176
173
179
206
221
205
177
166
171
197
204
179
160
143
140
151
144
130
129
115
103
99
104
113
114
119
126
127
110
94
89
96
103
97
87
81
97
107
95
82
69
68
63
62
55
64
84
84
94
102
94
83
60
45
32
30
42
43
43
47
43
29
21
19
18
10
8
4
10
25
29
26
18
14
8
1
10
19
19
20
10
-12
-20
-23
-33
-21
-16
-20
-14
-15
-18
-4
4
0
1
-9
-13
-15
-20
-32
-40
-39
-42
-42
-41
-40
-44
-55
-47
-56
-49
-55
-60
-62
-64
-62
-72
-65
-59
-47
-59
-74
-80
-59
-32
-26
-22
-26
-34
-35
-37
-37
-32
-29
-30
-16
10
22
17
11
-1
2
-8
-13
-6
-2
-10
-25
-39
-40
-24
-12
-2
-6
-23
-27
-30
-24
-28
-35
-35
-49
-59
-50
-41
-39
-19
-21
-29
-33
-51
-46
-51
-44
-48
-58
-53
-48
-54
-57
-63
-66
-74
-72
-57
-43
-38
-41
-35
-24
-20
-11
1
-1
8
-1
8
9
3
-2
-23
-24
-22
-42
-48
-46
-36
-36
-41
-38
-27
-13
12
15
24
42
51
50
46
52
53
51
63
75
83
103
109
110
110
118
124
141
149
144
138
136
141
149
154
157
144
138
154
168
168
171
168
160
176
184
197
188
187
189
185
197
191
183
171
161
151
152
145
150
146
153
179
179
181
179
182
180
183
184
184
181
181
185
179
180
170
156
161
165
181
179
176
173
175
193
204
232
237
231
220
203
202
204
206
223
207
202
195
194
192
205
205
180
166
171
183
184
172
155
147
145
147
146
142
130
134
147
169
183
212
223
222
214
191
180
189
201
216
221
226
229
229
222
205
182
191
196
203
201
184
191
197
210
191
177
179
173
171
190
201
209
204
188
190
176
178
172
163
149
147
143
134
127
122
118
116
127
130
149
149
164
194
189
192
198
184
191
186
188
194
207
224
219
207
192
193
185
172
177
171
166
174
167
163
146
141
137
141
142
135
148
166
189
189
178
155
139
148
156
175
183
176
177
197
204
203
202
187
194
206
211
205
216
217
221
214
190
191
186
189
191
195
209
224
229
217
200
191
198
202
224
232
211
183
171
165
161
156
151
163
179
176
186
190
164
150
149
149
151
175
188
196
204
219
232
228
232
225
243
255
256
265
260
257
248
244
236
226
226
216
224
247
248
255
255
249
243
238
250
248
249
236
217
218
223
218
206
210
216
227
239
243
237
225
229
236
253
255
261
263
254
243
249
247
244
260
264
256
254
258
242
234
222
223
234
243
245
251
233
210
200
200
207
223
228
237
236
231
243
232
250
251
250
266
275
293
301
298
296
296
284
275
272
273
262
265
271
275
273
275
274
271
275
283
296
304
327
325
318
303
313
323
315
310
303
280
264
272
278
295
289
266
238
223
229
234
243
244
236
226
217
225
202
180
188
213
238
247
231
218
202
203
204
222
244
252
234
222
219
191
185
195
216
230
217
169
157
168
215
240
209
152
91
72
102
147
187
195
154
114
104
128
185
219
223
206
176
178
204
220
223
198
167
142
147
142
147
154
138
136
112
100
92
92
88
102
101
101
113
106
96
81
94
102
125
143
159
161
138
119
130
141
137
130
110
108
107
119
126
120
131
120
125
130
121
139
156
182
198
207
223
225
224
253
279
286
291
290
287
298
303
289
255
221
211
220
243
258
256
255
248
257
251
267
285
294
330
343
354
352
356
350
356
379
385
393
407
428
449
462
473
466
439
412
407
426
434
454
462
464
480
481
476
461
442
448
456
460
473
478
487
492
486
486
486
492
488
491
506
515
523
541
546
552
558
557
578
572
573
568
550
555
572
568
583
578
593
600
600
611
600
594
597
601
584
579
586
600
609
605
602
603
596
598
604
595
591
597
599
609
634
626
615
596
591
579
583
588
594
601
609
624
620
619
623
633
654
669
681
695
702
713
719
720
711
718
713
706
725
733
738
735
717
724
728
722
741
751
755
760
770
774
772
772
765
750
744
734
738
746
752
774
786
779
787
779
777
776
781
803
809
820
821
834
840
826
827
811
801
810
831
838
831
820
823
819
810
802
800
795
800
808
804
789
781
774
765
754
750
754
745
748
757
743
731
732
737
736
734
722
729
734
723
716
689
694
705
707
709
709
722
727
729
720
722
725
719
703
695
695
700
700
698
693
685
696
697
695
690
688
670
677
698
695
689
676
673
657
656
665
669
665
654
634
626
627
627
630
630
627
619
608
606
612
622
626
625
629
627
618
622
619
612
604
599
599
591
606
603
589
565
538
529
534
562
579
584
571
554
542
551
578
602
631
628
612
612
609
619
621
623
601
594
606
614
611
590
568
563
577
577
561
547
534
527
532
531
541
532
521
509
533
560
565
569
569
569
547
543
521
516
516
523
530
526
533
522
518
501
498
482
485
503
509
528
534
520
508
491
484
476
467
483
508
513
517
516
503
490
479
457
438
424
399
387
390
393
372
360
362
347
324
307
300
308
314
328
341
339
329
339
335
323
317
311
317
332
346
349
352
342
332
342
346
328
330
333
330
329
323
314
302
289
272
276
289
307
331
329
314
306
307
312
315
314
325
333
335
340
347
337
327
332
330
327
333
329
328
345
337
333
334
326
321
336
345
354
378
380
369
347
331
327
329
339
345
342
349
355
334
326
312
314
316
317
314
302
296
301
322
322
314
296
287
290
291
292
301
311
314
328
327
328
324
320
332
340
338
343
354
333
316
319
325
341
346
359
364
370
371
352
347
336
342
345
351
365
355
354
346
330
332
323
319
329
325
336
336
323
325
328
330
352
349
360
345
334
325
327
339
333
341
340
345
357
357
364
362
363
372
357
345
335
325
322
322
320
325
326
325
321
327
321
322
335
334
336
338
333
337
332
318
303
287
281
278
265
257
251
252
269
270
265
274
279
282
290
311
327
321
316
310
320
344
354
349
349
364
366
365
371
370
366
389
402
400
397
386
364
351
340
334
336
331
313
309
315
315
322
343
360
367
389
402
401
393
386
368
352
349
354
365
364
375
382
371
368
365
373
382
384
394
387
381
374
375
364
350
329
290
273
279
299
311
307
295
286
281
301
327
358
374
371
353
340
337
343
349
331
323
315
312
315
320
315
320
323
322
319
317
326
326
327
340
341
353
360
340
351
360
358
369
379
386
381
378
355
335
332
346
361
362
356
330
325
338
352
352
347
338
331
341
360
360
360
369
371
371
371
382
403
424
431
419
410
405
411
420
413
389
359
350
348
348
346
356
361
361
358
370
379
380
404
406
424
433
426
429
437
433
426
433
439
446
451
443
428
408
400
392
399
404
403
421
428
437
435
424
414
392
378
363
339
331
347
366
375
365
352
346
330
331
337
344
357
370
375
365
361
355
341
342
353
363
366
355
357
360
369
374
352
343
346
340
335
335
321
310
294
289
284
267
252
247
257
282
290
283
279
269
264
261
267
284
282
286
275
267
259
237
226
222
226
239
231
226
236
255
260
251
271
268
291
322
336
332
316
315
313
301
305
322
316
316
316
326
337
328
324
316
314
325
315
305
307
316
302
309
329
329
327
313
299
297
295
298
302
301
299
294
302
298
298
303
313
326
322
323
323
332
338
336
341
346
331
318
311
298
309
304
295
297
299
301
302
297
294
310
341
344
354
352
358
362
352
347
339
334
320
320
322
328
319
316
311
295
299
300
295
299
292
301
302
301
299
305
318
319
316
317
314
324
341
340
359
376
395
415
419
420
428
424
411
413
421
436
449
440
428
421
405
392
382
371
380
390
397
400
407
392
383
372
369
387
381
383
381
381
379
373
377
381
403
420
415
403
391
374
378
389
400
393
393
394
392
405
401
370
340
318
315
311
316
337
341
331
323
338
359
378
387
386
362
357
349
330
334
331
319
297
288
303
307
284
259
271
282
277
281
263
243
231
229
223
213
217
207
192
196
217
222
226
240
243
233
217
211
210
214
217
222
226
221
219
204
211
205
201
219
217
225
224
236
247
248
251
248
263
267
266
282
291
298
289
277
265
247
227
224
205
183
191
197
195
193
196
201
203
202
191
195
196
198
218
243
256
265
267
264
268
269
271
280
281
297
297
296
294
288
278
268
271
279
278
289
293
293
293
287
285
279
276
278
278
274
290
279
281
264
245
243
246
264
267
270
269
283
275
266
260
262
278
287
273
263
262
246
252
255
249
250
255
264
273
290
295
288
271
241
236
225
223
227
229
214
193
174
158
166
149
137
128
125
119
118
117
119
108
109
113
111
120
108
107
102
112
101
105
101
88
93
94
88
85
90
84
82
79
67
53
64
74
74
73
78
68
58
52
52
41
37
30
15
14
27
35
36
28
27
28
35
39
39
45
46
25
12
7
15
33
37
46
43
60
68
82
97
99
104
114
132
123
98
93
101
96
86
74
53
55
50
59
58
51
56
59
51
50
50
36
49
48
44
44
31
27
22
11
9
2
5
-3
-10
-9
-13
-6
-17
1
0
-4
-5
-19
-14
-19
-11
-24
-11
-11
-18
-3
12
6
-16
-12
4
20
17
16
-7
-9
-1
-1
1
-5
-11
-45
-75
-78
-76
-77
-77
-82
-88
-87
-76
-78
-92
-93
-75
-58
-43
-56
-71
-74
-77
-69
-83
-63
-59
-68
-60
-52
-48
-67
-64
-32
-2
-7
-37
-63
-52
-11
21
-3
-39
-91
-128
-118
-71
-42
-43
-72
-122
-147
-132
-96
-67
-53
-57
-67
-84
-66
-56
-55
-50
-66
-102
-119
-104
-80
-91
-119
-133
-143
-145
-149
-147
-127
-107
-94
-80
-75
-79
-100
-96
-92
-104
-103
-96
-83
-80
-79
-87
-100
-118
-113
-112
-104
-100
-109
-99
-101
-88
-99
-101
-111
-130
-125
-128
-119
-102
-79
-67
-63
-85
-96
-87
-80
-69
-73
-99
-121
-127
-129
-132
-155
-187
-226
-218
-198
-183
-175
-192
-213
-219
-219
-232
-228
-220
-208
-186
-179
-182
-200
-190
-180
-174
-176
-195
-189
-176
-143
-145
-148
-157
-172
-173
-179
-175
-162
-162
-135
-122
-130
-142
-165
-170
-177
-188
-195
-190
-160
-147
-149
-147
-153
-163
-169
-161
-158
-145
-136
-131
-121
-122
-129
-134
-128
-121
-115
-107
-107
-96
-83
-91
-95
-96
-101
-122
-115
-103
-107
-109
-99
-91
-92
-102
-116
-116
-120
-111
-103
-110
-126
-140
-135
-145
-140
-122
-124
-129
-118
-111
-107
-100
-100
-99
-107
-106
-118
-134
-136
-144
-141
-146
-155
-148
-135
-125
-108
-118
-107
-90
-89
-96
-102
-100
-98
-93
-80
-78
-71
-57
-63
-70
-85
-89
-90
-90
-114
-124
-130
-149
-143
-133
-117
-124
-134
-132
-138
-175
-185
-190
-182
-149
-139
-135
-147
-142
-141
-148
-152
-148
-161
-166
-146
-141
-149
-162
-174
-182
-178
-165
-159
-153
-161
-155
-142
-157
-164
-163
-158
-144
-122
-107
-87
-90
-105
-132
-151
-139
-121
-107
-107
-118
-149
-171
-175
-167
-174
-184
-181
-195
-206
-206
-201
-200
-181
-158
-142
-129
-125
-122
-128
-114
-104
-100
-91
-79
-54
-54
-50
-41
-51
-57
-42
-34
-35
-20
-16
-17
-27
-25
-27
-42
-53
-70
-72
-80
-91
-103
-102
-102
-99
-100
-105
-96
-105
-99
-98
-106
-113
-109
-104
-100
-105
-111
-114
-97
-66
-54
-60
-77
-81
-78
-68
-69
-88
-93
-87
-63
-62
-75
-85
-100
-93
-74
-75
-74
-86
-86
-89
-92
-71
-71
-41
-23
-30
-29
-37
-53
-55
-67
-75
-79
-83
-72
-71
-76
-81
-99
-111
-91
-65
-55
-57
-49
-46
-28
-39
-54
-65
-70
-50
-35
-25
-24
-14
-13
-13
-12
-8
-10
-23
-24
-21
-5
0
-6
-4
-20
-33
-36
-38
-18
-11
2
4
0
2
-9
-10
-15
16
38
44
-5
-11
24
73
94
90
65
-1
-22
4
68
84
63
-1
-52
-50
-9
-15
-35
-52
-37
-14
-1
-7
-7
-15
-6
13
47
73
69
62
48
87
129
161
136
99
89
81
98
101
99
105
97
90
78
65
48
44
26
32
49
58
64
63
58
64
67
72
82
83
81
66
76
80
85
85
77
71
73
89
109
119
117
110
113
119
133
126
117
121
123
126
138
140
137
140
136
139
135
139
134
139
142
140
144
143
128
105
103
107
122
135
140
148
163
158
152
143
129
118
121
126
136
144
156
153
152
140
135
148
152
159
151
135
132
125
116
100
114
122
117
126
120
117
126
135
146
135
118
100
101
120
136
147
130
116
107
122
103
92
87
100
121
135
139
117
104
97
122
139
154
148
151
149
152
179
198
185
163
150
168
194
211
225
202
169
166
185
198
201
181
171
159
157
171
173
161
132
130
143
157
152
154
167
175
192
201
198
168
163
190
221
229
230
205
175
170
203
222
221
210
201
218
227
236
247
227
225
238
231
223
218
232
235
218
224
206
191
197
198
204
197
191
178
173
174
167
171
171
181
181
168
132
120
102
122
147
139
115
53
25
41
78
77
41
-4
-19
-22
18
58
37
-21
-54
-40
10
55
68
63
78
126
181
188
173
145
129
149
186
225
206
162
128
117
147
170
162
146
138
136
119
94
45
14
12
25
-9
-41
-80
-99
-83
-90
-80
-89
-109
-141
-136
-80
-30
-16
-50
-74
-58
-13
13
13
-9
-2
48
82
123
142
121
72
40
58
103
139
122
71
40
37
74
95
88
42
7
0
46
97
102
83
51
57
84
125
146
143
139
149
145
149
129
95
86
61
54
51
33
9
-24
-46
-38
-24
-37
-83
-114
-105
-71
-47
-26
-40
-78
-84
-59
-3
12
-23
-51
-53
-11
18
31
-21
-34
-13
50
71
9
-41
-91
-57
6
73
67
-6
-82
-116
-58
-11
-3
-48
-109
-137
-115
-49
-40
-74
-120
-129
-83
-34
13
28
3
-10
-5
25
54
54
28
14
18
25
36
33
7
-26
-51
-64
-72
-51
-47
-66
-64
-58
-23
-17
-18
-28
2
49
108
157
172
167
135
147
176
238
271
246
175
137
142
164
141
89
17
-44
-54
-22
-15
-69
-156
-223
-201
-170
-132
-152
-190
-188
-160
-119
-106
-109
-110
-105
-76
-50
-25
-30
-22
18
19
6
-24
-67
-108
-95
-37
25
6
-76
-159
-167
-110
-22
15
1
-67
-92
-70
-8
80
100
89
38
38
95
172
182
111
15
-7
26
62
68
35
-54
-133
-169
-119
-66
-91
-176
-265
-244
-181
-118
-145
-180
-174
-88
24
84
101
88
102
156
236
299
339
334
318
302
328
362
344
286
216
169
130
91
20
-39
-70
-121
-171
-253
-324
-353
-343
-326
-331
-344
-376
-393
-390
-349
-276
-230
-210
-201
-161
-113
-80
-71
-111
-111
-74
-37
-22
-43
-80
-143
-209
-245
-245
-192
-178
-238
-312
-376
-385
-359
-267
-185
-154
-196
-285
-317
-233
-70
37
38
-12
-17
26
68
99
148
166
124
39
-32
-47
-38
-52
-77
-128
-190
-228
-285
-317
-325
-312
-312
-336
-347
-311
-244
-185
-152
-86
3
85
130
205
311
402
446
465
490
481
491
494
525
501
432
347
247
194
154
128
31
-64
-147
-207
-294
-384
-420
-440
-433
-438
-449
-471
-487
-453
-378
-290
-233
-226
-232
-271
-230
-131
-32
2
-48
-98
-154
-151
-140
-135
-155
-238
-283
-330
-361
-420
-476
-491
-502
-475
-502
-541
-561
-536
-471
-388
-298
-263
-252
-245
-174
-64
54
163
220
250
266
270
285
315
344
332
239
133
35
8
4
-8
-80
-212
-354
-458
-465
-437
-409
-457
-518
-536
-502
-424
-366
-304
-234
-162
-51
77
203
302
364
412
476
596
640
633
590
580
598
584
526
409
306
206
99
14
-39
-126
-238
-375
-473
-483
-459
-470
-511
-551
-580
-540
-468
-398
-349
-331
-336
-342
-278
-175
-100
-96
-124
-120
-118
-125
-174
-209
-259
-322
-381
-439
-477
-568
-685
-785
-841
-862
-888
-892
-885
-858
-847
-850
-821
-740
-607
-469
-412
-415
-386
-264
-73
126
218
210
226
287
381
432
394
358
340
326
243
113
-21
-129
-190
-230
-272
-355
-490
-601
-669
-665
-618
-604
-594
-598
-561
-519
-433
-309
-156
-32
52
126
207
341
472
586
658
712
727
719
698
704
691
662
563
429
324
236
176
66
-51
-160
-246
-341
-431
-512
-567
-599
-610
-638
-661
-683
-671
-634
-571
-506
-505
-517
-515
-442
-351
-308
-306
-374
-368
-310
-265
-321
-418
-431
-410
-407
-515
-593
-684
-675
-579
-446
-451
-632
-738
-683
-455
-261
-209
-311
-431
-383
-137
117
177
87
60
139
255
332
340
286
247
264
284
265
160
8
-103
-95
-23
-14
-168
-378
-501
-437
-330
-294
-315
-365
-369
-308
-176
-63
50
107
172
252
381
522
596
615
631
730
817
865
855
824
771
731
697
692
634
500
336
185
123
96
61
-60
-204
-313
-387
-429
-471
-499
-511
-514
-523
-519
-490
-498
-493
-458
-364
-298
-240
-264
-294
-309
-261
-209
-237
-223
-294
-310
-433
-451
-458
-429
-437
-498
-521
-562
-542
-500
-405
-333
-267
-269
-255
-211
-107
-26
77
151
273
383
406
410
375
432
461
497
487
456
392
227
70
-14
17
42
-71
-267
-430
-441
-390
-393
-417
-429
-431
-426
-367
-243
-90
4
42
91
196
364
494
542
588
661
772
803
794
815
884
895
811
727
667
602
511
412
335
259
121
-59
-211
-279
-318
-379
-490
-583
-619
-621
-631
-647
-651
-623
-591
-565
-537
-511
-468
-459
-441
-372
-296
-319
-410
-483
-452
-427
-438
-525
-575
-615
-630
-707
-808
-881
-912
-802
-709
-667
-758
-816
-788
-609
-371
-191
-193
-299
-286
-90
204
419
489
387
285
323
521
679
672
517
375
291
257
250
197
40
-164
-298
-347
-336
-377
-476
-598
-626
-561
-477
-433
-414
-384
-285
-137
40
190
298
361
445
599
787
925
934
914
942
1042
1098
1098
1040
934
858
794
770
712
591
422
250
127
52
-16
-143
-272
-363
-411
-452
-497
-529
-567
-615
-605
-552
-482
-449
-465
-472
-459
-410
-381
-355
-346
-346
-388
-441
-443
-407
-387
-410
-499
-577
-646
-701
-725
-716
-669
-689
-698
-661
-531
-453
-450
-440
-345
-227
-105
38
164
223
234
300
413
550
643
706
660
567
502
489
474
438
375
248
81
-73
-123
-137
-205
-314
-401
-435
-455
-433
-381
-310
-245
-185
-107
-9
108
220
320
422
563
724
852
937
994
1046
1124
1180
1242
1236
1193
1099
1029
1003
980
917
771
612
456
357
267
182
88
-17
-139
-228
-330
-370
-418
-452
-499
-558
-535
-545
-485
-489
-475
-518
-477
-430
-369
-359
-381
-441
-494
-470
-448
-406
-522
-525
-633
-609
-632
-565
-537
-596
-638
-688
-599
-506
-344
-278
-276
-343
-251
-110
89
209
301
342
356
402
499
700
827
861
786
760
738
722
687
646
569
413
246
149
145
130
53
-63
-124
-137
-108
-94
-118
-113
-45
68
163
287
377
439
482
601
814
1013
1112
1102
1097
1174
1302
1369
1401
1344
1265
1175
1100
1077
1078
1005
847
663
524
409
300
219
132
75
-30
-147
-253
-308
-328
-367
-392
-400
-388
-393
-370
-386
-379
-377
-326
-299
-288
-300
-330
-368
-421
-397
-396
-355
-436
-490
-575
-650
-725
-760
-669
-604
-563
-651
-754
-751
-602
-317
-166
-203
-342
-354
-154
162
473
576
429
277
319
559
782
865
845
751
669
599
621
614
543
384
256
193
148
105
6
-113
-205
-183
-108
-55
-99
-117
-81
3
145
332
465
485
488
577
811
1025
1146
1173
1189
1226
1304
1350
1398
1417
1380
1313
1223
1211
1174
1069
902
732
637
585
486
337
191
103
56
-25
-155
-303
-377
-414
-436
-421
-424
-433
-492
-518
-467
-406
-331
-362
-413
-446
-359
-244
-257
-327
-388
-404
-451
-453
-398
-340
-457
-569
-617
-557
-518
-538
-501
-467
-307
-194
-175
-250
-244
-34
250
471
597
600
499
463
674
1041
1227
1161
991
953
969
986
940
840
758
673
597
471
348
259
179
111
106
203
208
50
-79
13
257
446
504
527
603
708
817
958
1164
1314
1412
1413
1449
1539
1654
1688
1628
1618
1648
1654
1543
1387
1269
1202
1142
1045
920
783
597
432
308
260
227
90
-64
-176
-202
-176
-220
-228
-274
-274
-293
-267
-188
-131
-104
-192
-198
-151
-34
-6
-97
-196
-215
-149
-137
-239
-313
-374
-412
-406
-341
-279
-367
-422
-249
92
262
30
-214
-144
280
705
925
923
673
417
531
1070
1535
1572
1286
1009
903
1039
1258
1338
1126
835
661
575
540
485
412
220
32
-5
104
128
21
-36
51
237
389
470
507
504
507
659
935
1238
1405
1448
1392
1383
1528
1700
1841
1852
1777
1638
1536
1525
1549
1553
1391
1153
900
783
715
643
511
294
133
0
-63
-139
-204
-255
-311
-350
-359
-359
-373
-408
-412
-394
-340
-303
-317
-321
-348
-301
-294
-328
-391
-465
-451
-483
-511
-617
-688
-693
-676
-628
-628
-646
-775
-836
-624
-203
74
-73
-335
-373
-79
353
738
868
633
310
356
809
1244
1303
1069
812
681
716
831
902
748
503
312
216
161
119
39
-139
-282
-236
-82
-55
-164
-221
-102
95
247
352
436
493
581
741
987
1222
1340
1301
1298
1430
1609
1688
1621
1563
1577
1626
1575
1478
1369
1271
1136
975
845
748
601
432
250
158
108
8
-146
-355
-417
-426
-380
-416
-466
-500
-542
-551
-488
-360
-281
-302
-419
-512
-486
-377
-334
-352
-422
-471
-497
-554
-621
-702
-672
-610
-531
-507
-551
-584
-555
-368
-188
-58
-76
-21
53
225
415
589
618
532
656
980
1243
1161
976
920
955
996
1001
980
901
720
514
320
264
311
324
185
-45
-142
-91
1
24
62
164
223
247
311
500
671
780
872
1034
1237
1360
1441
1487
1613
1704
1776
1743
1686
1699
1682
1645
1544
1473
1355
1215
1057
959
903
796
633
427
223
108
71
-10
-99
-195
-254
-319
-362
-373
-376
-404
-447
-440
-405
-328
-328
-366
-451
-463
-414
-359
-394
-477
-582
-656
-614
-566
-530
-675
-759
-862
-749
-573
-357
-244
-317
-422
-491
-309
5
362
493
460
344
288
339
629
1051
1301
1190
893
771
812
952
994
1009
910
729
505
313
211
196
250
209
70
-90
-113
-116
-111
-58
142
320
320
244
272
488
687
859
985
1133
1263
1329
1429
1557
1708
1775
1745
1692
1686
1690
1653
1546
1450
1357
1278
1152
988
852
727
614
452
289
150
72
-23
-139
-238
-256
-255
-335
-440
-511
-502
-473
-395
-371
-370
-434
-492
-544
-530
-455
-307
-282
-422
-642
-721
-687
-663
-639
-627
-549
-598
-668
-774
-742
-595
-329
-56
-12
-101
-234
-191
26
446
850
907
578
344
547
990
1207
1137
1018
915
823
771
832
918
872
657
387
248
226
202
64
-120
-182
-118
-54
-107
-161
-110
13
103
187
325
478
527
552
667
951
1246
1390
1395
1385
1449
1538
1646
1712
1789
1771
1665
1504
1415
1423
1362
1238
1029
916
783
613
374
212
179
125
-9
-233
-388
-455
-459
-479
-523
-596
-636
-694
-698
-704
-628
-596
-616
-692
-713
-642
-634
-647
-733
-808
-833
-840
-816
-851
-938
-982
-1046
-998
-970
-794
-573
-417
-409
-550
-583
-452
-71
328
576
554
315
64
155
629
1233
1402
1060
632
474
661
852
951
863
698
434
194
91
97
97
-7
-166
-251
-223
-216
-308
-374
-216
77
293
269
191
254
452
688
880
1071
1213
1262
1303
1424
1635
1720
1655
1590
1638
1786
1798
1683
1496
1388
1350
1287
1193
1031
859
684
500
409
336
244
6
-241
-333
-295
-243
-354
-530
-673
-720
-683
-659
-651
-630
-685
-732
-804
-769
-755
-745
-764
-787
-815
-852
-940
-986
-965
-829
-757
-863
-954
-973
-684
-426
-136
-154
-345
-535
-348
223
693
828
566
265
144
465
1044
1462
1310
854
474
452
665
893
951
724
389
99
-11
-12
17
12
-121
-285
-350
-291
-260
-303
-244
-19
256
358
302
261
364
586
876
1086
1257
1324
1362
1381
1494
1688
1804
1799
1722
1698
1705
1672
1562
1501
1438
1387
1215
1096
966
840
646
474
358
292
249
63
-104
-262
-261
-303
-336
-400
-456
-473
-520
-545
-552
-503
-486
-522
-558
-541
-590
-623
-691
-636
-663
-757
-783
-750
-657
-788
-805
-885
-758
-615
-434
-253
-226
-195
-303
-300
-105
359
765
855
618
458
431
677
1092
1450
1465
1052
719
643
876
1030
1050
828
485
283
206
198
133
93
0
-99
-162
-75
-43
-113
-146
71
438
633
623
501
577
765
1027
1243
1408
1483
1538
1601
1709
1886
2045
2068
1906
1804
1838
1964
1934
1865
1742
1605
1428
1314
1231
1119
970
745
590
483
413
250
40
-146
-152
-111
-144
-279
-444
-505
-502
-474
-418
-347
-400
-518
-626
-574
-492
-488
-515
-607
-623
-718
-637
-636
-625
-691
-720
-656
-637
-500
-326
-83
-56
-216
-365
-193
171
569
767
753
494
208
328
855
1413
1432
1109
761
626
672
830
985
956
746
452
228
86
80
196
222
35
-155
-178
-147
-190
-196
38
351
541
499
475
532
683
880
1113
1354
1488
1535
1518
1607
1840
2074
2129
2027
1909
1875
1877
1895
1919
1938
1804
1539
1327
1218
1250
1186
1012
741
545
468
401
263
103
13
-71
-175
-284
-288
-319
-345
-462
-502
-483
-432
-390
-501
-578
-654
-605
-580
-600
-589
-690
-786
-934
-858
-717
-619
-707
-866
-838
-655
-362
-243
-194
-265
-277
-212
58
429
647
600
385
334
507
907
1185
1245
1001
766
661
724
820
854
820
637
403
191
150
157
140
37
-65
-141
-202
-217
-197
-86
82
283
408
430
407
482
693
955
1179
1325
1391
1429
1525
1700
1896
1987
1988
1902
1893
1900
1909
1881
1823
1780
1683
1559
1406
1281
1134
1000
839
698
560
429
275
100
17
-71
-127
-258
-336
-382
-438
-461
-528
-521
-589
-567
-596
-623
-682
-735
-739
-873
-879
-839
-706
-809
-963
-1044
-953
-825
-756
-655
-666
-624
-526
-143
79
-43
-338
-263
236
720
952
800
483
202
389
1035
1620
1554
1040
602
486
637
942
1176
1011
572
147
39
86
228
297
165
-111
-309
-204
-88
-26
-25
165
400
570
560
539
668
884
1167
1348
1517
1546
1579
1604
1795
2041
2196
2150
1959
1886
1886
1961
1946
1910
1782
1592
1434
1327
1258
1173
1014
828
611
428
344
249
147
-1
-67
-141
-243
-326
-423
-403
-457
-450
-554
-582
-607
-599
-579
-668
-730
-832
-798
-845
-746
-823
-821
-892
-850
-798
-787
-709
-723
-549
-362
3
20
-208
-433
-231
326
784
970
772
405
89
312
944
1520
1411
856
337
235
493
822
953
691
328
0
-150
-206
-106
37
4
-219
-402
-329
-253
-298
-353
-114
241
496
497
406
424
594
912
1194
1441
1484
1426
1325
1424
1705
1972
2015
1860
1676
1571
1607
1638
1681
1619
1503
1277
1070
933
903
840
663
433
261
167
81
-89
-227
-302
-355
-470
-603
-679
-726
-765
-855
-827
-836
-779
-853
-930
-1046
-1111
-1085
-1096
-1049
-1175
-1199
-1308
-1232
-1132
-1046
-1071
-1198
-1151
-975
-534
-250
-293
-708
-855
-539
86
583
630
342
-174
-275
161
938
1227
920
371
36
53
285
629
690
435
-22
-312
-450
-427
-313
-231
-340
-550
-632
-617
-599
-657
-492
-232
31
73
45
52
144
400
713
1047
1172
1162
1055
1104
1294
1602
1812
1791
1660
1506
1497
1497
1572
1599
1533
1358
1159
1004
900
829
712
558
378
260
136
21
-129
-196
-248
-358
-500
-624
-646
-704
-752
-804
-805
-861
-942
-999
-996
-1008
-1025
-1107
-1189
-1209
-1182
-1142
-1247
-1230
-1164
-1072
-1093
-1177
-1094
-918
-557
-325
-309
-551
-721
-447
119
601
686
447
74
-90
211
824
1152
936
453
153
128
278
522
574
396
43
-202
-345
-404
-324
-244
-266
-395
-454
-466
-548
-596
-387
4
261
244
147
182
330
602
887
1147
1247
1246
1221
1281
1468
1688
1838
1811
1770
1747
1785
1690
1606
1619
1680
1613
1372
1190
1028
914
794
701
632
506
368
176
36
-64
-77
-230
-323
-424
-445
-506
-650
-665
-768
-715
-847
-846
-867
-837
-877
-1015
-1101
-1208
-1175
-1166
-1015
-1005
-1013
-1148
-1220
-1165
-948
-475
-200
-207
-677
-880
-586
104
630
738
487
-40
-315
33
891
1299
1045
439
189
219
430
657
710
521
146
-32
-181
-188
-189
-138
-270
-450
-467
-340
-329
-507
-470
-184
154
247
247
246
354
523
808
1150
1385
1466
1399
1408
1556
1823
2023
2066
1978
1932
1944
1928
1912
1890
1876
1733
1531
1361
1267
1203
1094
912
722
585
477
340
205
130
73
-15
-154
-255
-308
-353
-388
-452
-448
-428
-506
-616
-723
-728
-674
-708
-805
-992
-1073
-1093
-1062
-1020
-994
-950
-1022
-1142
-1125
-863
-425
-288
-500
-783
-743
-300
148
509
521
231
-157
-120
497
1091
1108
658
277
197
378
610
735
544
205
-96
-211
-240
-191
-130
-291
-568
-692
-500
-384
-518
-671
-538
-220
-21
38
76
160
287
480
751
987
1109
1119
1135
1286
1553
1760
1757
1586
1524
1642
1788
1806
1681
1538
1457
1387
1325
1248
1131
955
734
628
571
542
341
106
-23
-7
-6
-159
-354
-494
-466
-510
-550
-620
-626
-699
-814
-879
-896
-825
-910
-1059
-1184
-1172
-1126
-1177
-1320
-1376
-1269
-1172
-1195
-1317
-1246
-1064
-740
-554
-574
-737
-831
-508
-25
435
497
218
-167
-236
272
971
1203
782
278
138
342
525
646
573
294
-32
-180
-148
-186
-267
-399
-504
-585
-510
-405
-528
-730
-658
-204
187
250
78
14
140
469
900
1234
1304
1192
1147
1280
1589
1919
2066
1922
1729
1695
1844
1971
1977
1895
1749
1555
1457
1408
1412
1271
1029
807
669
674
598
471
247
118
72
-28
-160
-242
-276
-353
-478
-517
-514
-499
-605
-741
-811
-803
-758
-829
-977
-1118
-1166
-1178
-1175
-1113
-985
-1028
-1233
-1419
-1297
-865
-420
-243
-559
-976
-1090
-592
123
544
538
122
-313
-401
211
1017
1261
743
105
-91
110
425
587
497
82
-252
-372
-301
-304
-397
-524
-690
-725
-625
-498
-655
-877
-820
-406
-39
57
-65
-170
-53
290
759
1032
1082
986
968
1104
1393
1714
1822
1687
1504
1489
1593
1682
1689
1627
1480
1289
1151
1104
1082
966
828
623
471
366
318
231
86
-27
-137
-235
-333
-415
-427
-494
-595
-618
-648
-660
-822
-868
-923
-918
-928
-1032
-1083
-1257
-1264
-1302
-1288
-1291
-1281
-1210
-1330
-1377
-1323
-1124
-946
-817
-719
-772
-886
-823
-450
-81
103
55
-34
-187
-148
193
588
673
386
118
63
171
236
279
151
-45
-197
-293
-436
-672
-681
-545
-476
-613
-743
-829
-924
-926
-641
-279
-127
-264
-420
-324
-17
410
643
655
539
598
795
1060
1307
1415
1370
1240
1209
1317
1507
1532
1421
1217
1137
1145
1151
1013
791
626
533
446
286
213
111
-17
-212
-312
-311
-395
-519
-692
-737
-792
-767
-767
-846
-939
-1024
-1025
-1106
-1132
-1181
-1195
-1322
-1440
-1470
-1399
-1311
-1337
-1407
-1500
-1543
-1497
-1342
-1177
-1015
-908
-867
-998
-1078
-904
-497
-200
-139
-163
-259
-384
-371
4
434
464
121
-198
-249
-164
-35
25
-73
-296
-501
-680
-863
-940
-767
-606
-744
-1035
-1163
-1043
-981
-920
-744
-460
-350
-446
-476
-268
49
296
389
429
506
631
791
882
1028
1161
1202
1139
1068
1114
1175
1214
1143
1061
1014
947
808
664
628
555
435
208
67
-21
-71
-202
-388
-501
-601
-649
-778
-868
-909
-922
-1002
-1127
-1200
-1213
-1203
-1304
-1433
-1509
-1496
-1502
-1560
-1651
-1702
-1704
-1725
-1717
-1733
-1710
-1704
-1707
-1727
-1595
-1269
-987
-1039
-1357
-1487
-1170
-661
-338
-245
-400
-691
-905
-641
-18
353
175
-295
-602
-627
-451
-223
-175
-403
-695
-878
-993
-1085
-1048
-918
-985
-1189
-1291
-1189
-1145
-1255
-1210
-929
-580
-475
-524
-557
-436
-204
74
283
415
496
523
557
632
890
1133
1190
1055
922
920
976
1015
1009
1012
971
786
559
435
466
477
331
80
-89
-149
-201
-332
-417
-480
-600
-791
-944
-950
-937
-947
-1075
-1237
-1340
-1349
-1296
-1312
-1344
-1408
-1471
-1638
-1715
-1648
-1500
-1514
-1724
-1842
-1776
-1664
-1668
-1690
-1663
-1515
-1340
-1104
-1055
-1196
-1327
-1187
-709
-348
-206
-343
-586
-747
-547
44
451
290
-213
-562
-596
-412
-142
11
-167
-604
-979
-1088
-981
-792
-672
-800
-1110
-1330
-1256
-1003
-852
-816
-780
-662
-557
-465
-360
-195
-1
187
340
406
460
549
671
792
944
1095
1153
1074
955
909
967
1075
1136
1093
905
698
571
609
623
595
417
187
-3
-99
-78
-90
-176
-421
-595
-748
-741
-781
-790
-877
-1021
-1162
-1309
-1199
-1190
-1157
-1309
-1415
-1531
-1563
-1497
-1394
-1368
-1521
-1664
-1753
-1638
-1558
-1437
-1449
-1461
-1471
-1333
-1003
-796
-829
-1060
-1080
-834
-427
-176
-143
-321
-561
-539
-156
312
350
16
-391
-499
-390
-159
9
-87
-388
-733
-852
-816
-691
-574
-611
-891
-1168
-1180
-917
-727
-657
-577
-433
-318
-355
-281
-87
180
339
408
454
530
650
792
962
1088
1193
1207
1148
1047
1087
1227
1345
1280
1123
1030
929
883
802
776
663
493
301
205
165
98
-7
-173
-291
-394
-442
-538
-630
-717
-776
-847
-967
-1010
-1020
-994
-1103
-1227
-1272
-1253
-1182
-1210
-1250
-1365
-1448
-1440
-1428
-1394
-1358
-1368
-1366
-1404
-1298
-1057
-823
-682
-760
-890
-915
-673
-295
-7
58
-112
-340
-337
-5
454
585
300
-52
-219
-110
49
166
139
-88
-377
-527
-485
-422
-410
-471
-624
-773
-777
-617
-509
-572
-546
-303
-56
-34
-102
-37
159
372
543
622
677
704
790
947
1107
1273
1336
1241
1060
1049
1215
1401
1420
1313
1148
1039
991
996
985
871
723
545
397
302
275
250
121
-69
-210
-312
-421
-512
-548
-582
-682
-798
-856
-847
-918
-1039
-1120
-1134
-1118
-1091
-1113
-1180
-1278
-1303
-1254
-1232
-1233
-1283
-1273
-1270
-1161
-1019
-932
-854
-733
-555
-573
-653
-578
-282
8
156
228
181
45
53
408
776
783
468
279
268
318
391
449
414
191
70
-1
-48
-119
-87
-67
-228
-371
-334
-190
-207
-228
-54
230
299
192
148
312
577
764
856
868
926
1062
1221
1339
1449
1543
1580
1483
1417
1491
1646
1708
1605
1486
1411
1396
1328
1263
1224
1202
1060
845
675
639
658
568
375
202
99
-3
-149
-227
-255
-286
-350
-498
-570
-612
-601
-643
-748
-801
-811
-778
-807
-907
-952
-983
-996
-1040
-1038
-1014
-1010
-1028
-1036
-977
-844
-668
-519
-388
-404
-473
-487
-314
43
340
488
380
194
117
326
727
954
798
469
278
287
377
477
526
400
147
-44
-62
-3
-44
-115
-229
-330
-331
-214
-96
-164
-179
-42
196
301
275
311
421
548
659
828
994
1085
1065
1084
1144
1289
1430
1463
1373
1282
1350
1461
1514
1423
1336
1232
1168
1128
1118
1081
908
722
584
542
454
331
175
33
-69
-167
-272
-371
-454
-480
-555
-634
-720
-761
-793
-891
-946
-956
-939
-962
-1037
-1110
-1183
-1191
-1183
-1148
-1161
-1205
-1209
-1235
-1191
-1146
-996
-861
-769
-661
-516
-480
-628
-656
-379
71
305
278
97
-42
34
427
827
819
497
241
253
306
367
472
483
241
-95
-212
-149
-72
-85
-162
-328
-489
-479
-318
-207
-217
-214
-111
19
108
215
292
355
426
563
760
897
971
995
1039
1096
1186
1291
1353
1361
1309
1270
1263
1288
1286
1244
1148
1041
929
814
740
687
614
471
266
90
-6
-50
-104
-221
-355
-509
-636
-729
-740
-775
-855
-951
-1021
-1061
-1071
-1043
-1059
-1091
-1184
-1197
-1248
-1276
-1316
-1338
-1355
-1412
-1361
-1338
-1319
-1380
-1395
-1352
-1301
-1150
-950
-729
-675
-809
-946
-830
-448
-49
133
55
-122
-274
-156
269
715
723
337
-26
-62
162
376
487
365
30
-273
-327
-173
-43
-96
-284
-496
-586
-455
-217
-161
-351
-506
-342
-21
151
127
107
169
276
445
648
786
799
734
749
889
1098
1259
1253
1105
909
900
1066
1227
1223
1062
877
711
616
593
640
578
352
69
-98
-109
-37
-74
-258
-519
-758
-854
-857
-840
-856
-913
-1033
-1182
-1258
-1222
-1171
-1172
-1245
-1286
-1319
-1304
-1322
-1371
-1419
-1457
-1470
-1512
-1503
-1522
-1504
-1499
-1506
-1470
-1425
-1343
-1205
-987
-793
-725
-833
-848
-648
-297
-21
82
71
-60
-89
74
453
670
564
300
132
135
212
337
372
201
-77
-240
-298
-277
-270
-262
-338
-515
-634
-618
-464
-379
-320
-265
-191
-120
-44
79
195
290
333
416
526
620
684
755
821
853
900
946
936
858
819
834
875
866
828
751
577
415
307
325
312
194
-11
-205
-324
-413
-441
-526
-625
-758
-891
-965
-1023
-1049
-1097
-1164
-1225
-1270
-1281
-1325
-1379
-1401
-1360
-1319
-1356
-1431
-1531
-1593
-1630
-1626
-1560
-1514
-1505
-1574
-1604
-1605
-1554
-1470
-1403
-1328
-1288
-1160
-948
-691
-587
-689
-736
-585
-246
59
237
219
95
8
149
519
736
647
365
188
144
222
373
460
308
-45
-275
-304
-181
-141
-168
-315
-543
-654
-561
-370
-364
-416
-380
-219
-102
-33
35
112
187
242
333
426
497
526
584
639
694
727
752
726
642
602
653
728
713
618
479
369
278
200
153
73
-48
-188
-293
-386
-468
-514
-580
-693
-857
-980
-1029
-1036
-1047
-1111
-1178
-1273
-1344
-1353
-1372
-1357
-1402
-1427
-1476
-1503
-1513
-1532
-1497
-1537
-1520
-1575
-1568
-1559
-1547
-1446
-1385
-1277
-1318
-1322
-1340
-1241
-1006
-743
-520
-517
-562
-628
-537
-283
77
352
407
251
44
69
380
810
897
645
309
218
309
381
448
419
295
7
-250
-307
-198
-52
-71
-271
-503
-562
-441
-293
-259
-266
-212
-104
-53
-31
81
220
317
275
302
437
573
672
690
703
691
690
715
741
752
766
768
718
643
557
492
395
260
121
78
33
-111
-264
-370
-435
-530
-626
-670
-743
-868
-1009
-1078
-1062
-1036
-1025
-1133
-1295
-1415
-1433
-1349
-1293
-1280
-1303
-1335
-1413
-1435
-1380
-1279
-1209
-1198
-1218
-1268
-1259
-1192
-1057
-1001
-997
-1032
-1055
-1012
-906
-716
-627
-522
-389
-171
-102
-193
-212
-5
350
582
713
647
504
412
631
1009
1083
910
705
676
601
559
625
723
646
411
255
167
155
162
220
146
0
-62
-12
25
-29
54
263
404
314
167
190
331
411
394
411
477
523
552
596
621
644
627
576
519
514
603
655
594
489
448
440
410
296
168
112
65
1
-104
-178
-228
-328
-448
-564
-646
-730
-828
-891
-904
-897
-964
-1075
-1180
-1220
-1207
-1166
-1143
-1114
-1123
-1121
-1092
-1053
-991
-948
-911
-930
-956
-934
-872
-797
-766
-723
-758
-812
-876
-804
-626
-502
-459
-509
-452
-283
26
257
257
101
10
232
547
851
931
841
631
563
785
1089
1209
1019
801
689
693
722
812
830
633
339
103
91
172
289
212
-8
-253
-316
-179
-83
-77
-128
-129
-142
-153
-106
68
197
148
28
33
227
432
527
484
398
371
443
569
647
638
565
477
388
365
418
447
331
136
-21
-56
-84
-168
-270
-369
-465
-595
-687
-735
-758
-778
-848
-888
-908
-874
-855
-874
-898
-888
-827
-790
-775
-777
-729
-683
-663
-653
-611
-549
-537
-534
-562
-550
-530
-473
-466
-481
-494
-483
-423
-433
-375
-360
-290
-235
-189
-80
14
180
289
415
423
389
414
577
813
913
948
870
824
858
1018
1143
1082
941
850
867
801
735
716
710
575
323
156
112
159
115
2
-166
-268
-254
-209
-189
-248
-254
-196
-106
-103
-94
3
91
120
96
191
331
427
432
474
554
591
610
584
559
517
545
561
545
460
367
305
219
153
102
66
-62
-185
-246
-228
-258
-375
-472
-488
-466
-476
-443
-434
-462
-511
-558
-569
-551
-478
-447
-435
-454
-420
-331
-277
-233
-210
-185
-179
-198
-177
-131
-60
-42
-73
-111
-133
-128
-65
16
46
-13
-95
-119
0
158
224
195
155
262
440
550
528
453
463
579
737
840
881
870
868
867
916
999
1080
1046
917
806
771
839
843
684
461
291
202
179
164
109
-3
-182
-314
-340
-291
-210
-180
-173
-199
-189
-117
-30
35
74
116
165
239
320
421
484
489
484
516
569
568
544
539
570
597
560
487
412
364
313
285
246
212
190
141
65
-6
-20
-23
-40
-107
-136
-137
-156
-147
-130
-102
-107
-91
-47
-35
-49
-35
-18
-3
21
51
86
82
55
53
30
-25
-76
-100
-62
-33
-45
-86
-160
-183
-194
-128
-133
-174
-210
-194
-140
-92
-24
22
64
78
162
218
229
234
348
508
592
651
655
688
692
731
798
805
757
680
686
694
619
506
401
309
156
20
-45
-82
-176
-314
-391
-435
-461
-450
-415
-393
-412
-434
-392
-317
-266
-193
-101
-50
-37
33
178
310
366
365
440
529
588
627
657
702
709
689
669
644
577
512
460
420
372
337
296
205
110
39
29
8
-40
-94
-106
-91
-104
-106
-94
-78
-83
-92
-71
-19
5
10
18
21
11
-15
-26
-66
-117
-136
-76
-23
-58
-170
-249
-263
-245
-209
-241
-268
-337
-415
-478
-507
-463
-441
-476
-553
-600
-557
-490
-413
-350
-328
-365
-390
-278
-71
36
23
15
114
259
311
342
424
525
521
438
448
522
562
527
458
371
261
180
154
93
-28
-132
-186
-268
-400
-489
-477
-453
-539
-623
-627
-572
-569
-577
-503
-398
-338
-300
-218
-143
-59
30
156
264
316
354
411
465
499
540
604
634
607
580
576
600
594
559
510
449
407
363
324
281
250
194
96
11
-32
-16
-34
-97
-159
-189
-209
-243
-270
-308
-323
-309
-308
-317
-366
-412
-432
-453
-468
-429
-380
-412
-509
-600
-633
-598
-555
-524
-548
-685
-831
-890
-817
-678
-600
-651
-828
-924
-872
-730
-632
-660
-746
-773
-685
-497
-323
-251
-262
-262
-147
42
149
182
227
348
459
504
519
599
678
688
652
603
600
581
507
375
246
179
165
130
15
-102
-158
-180
-233
-303
-324
-263
-189
-191
-217
-168
-58
40
79
132
240
395
500
552
646
788
938
1035
1088
1136
1173
1197
1246
1288
1334
1334
1298
1228
1118
1054
1017
992
898
772
669
594
549
480
424
368
275
183
129
109
103
105
91
35
-55
-124
-150
-145
-147
-154
-177
-241
-317
-346
-320
-312
-356
-404
-428
-431
-405
-380
-381
-439
-476
-468
-409
-387
-402
-424
-431
-362
-264
-206
-227
-295
-319
-250
-122
-18
1
3
10
94
226
334
370
316
311
357
463
573
624
615
541
541
610
752
840
844
828
794
771
727
723
767
799
784
700
647
612
593
560
512
487
449
423
414
442
450
435
402
394
438
491
553
572
617
657
680
708
723
788
848
879
897
928
952
929
883
833
837
854
846
759
637
553
524
512
434
300
192
141
130
100
34
-59
-112
-131
-158
-188
-219
-256
-289
-327
-366
-372
-381
-388
-393
-400
-366
-327
-309
-327
-362
-365
-358
-369
-381
-376
-325
-299
-309
-318
-314
-279
-247
-223
-227
-219
-149
-64
-19
-18
-11
8
55
108
138
145
137
172
224
232
187
139
178
276
341
347
292
267
296
338
366
349
351
350
364
416
464
498
481
449
452
532
646
722
742
746
753
742
738
732
766
788
769
737
700
664
601
528
499
481
493
472
408
354
303
280
249
193
119
77
69
70
86
96
30
-41
-87
-94
-77
-54
-24
-11
-38
-95
-88
-77
-56
-10
15
-10
-43
-27
26
82
90
34
-16
-37
-18
-10
-5
15
25
-2
-56
-120
-160
-166
-149
-130
-136
-150
-164
-218
-273
-282
-253
-227
-216
-188
-166
-125
-125
-147
-125
-47
44
84
108
111
152
210
259
315
352
411
444
475
509
556
628
640
617
551
541
579
609
612
599
557
492
452
431
440
421
392
370
337
292
255
233
221
196
172
146
127
109
94
85
52
3
-8
7
-3
-4
-12
-2
-4
-39
-96
-125
-119
-97
-87
-90
-100
-110
-110
-137
-143
-139
-137
-148
-181
-173
-127
-96
-101
-151
-181
-169
-143
-125
-120
-129
-130
-138
-124
-139
-153
-175
-216
-203
-178
-140
-137
-146
-143
-129
-120
-114
-115
-97
-63
-40
-25
-44
-53
-48
-50
-61
-88
-84
-80
-67
-43
-41
-31
-38
-64
-77
-60
-6
22
33
49
101
141
174
203
206
228
245
261
277
318
362
385
394
391
387
371
358
339
319
287
265
247
217
182
130
88
55
28
-1
-29
-79
-133
-182
-221
-265
-292
-323
-365
-381
-395
-384
-366
-363
-364
-365
-371
-357
-322
-276
-237
-215
-216
-242
-232
-208
-197
-181
-186
-185
-188
-184
-176
-182
-194
-212
-238
-267
-269
-290
-301
-323
-346
-369
-413
-427
-436
-433
-436
-441
-445
-453
-466
-480
-476
-468
-466
-464
-450
-462
-456
-447
-428
-393
-377
-375
-381
-394
-369
-334
-302
-296
-320
-333
-327
-293
-273
-259
-257
-248
-247
-263
-254
-225
-197
-182
-209
-228
-229
-210
-191
-185
-189
-195
-193
-182
-178
-184
-189
-220
-233
-249
-255
-250
-261
-291
-311
-347
-381
-391
-406
-440
-494
-519
-519
-516
-519
-527
-554
-576
-568
-532
-475
-425
-413
-412
-389
-344
-303
-251
-222
-212
-198
-175
-124
-78
-50
-35
-30
-19
-7
20
36
35
46
62
62
26
9
-17
-18
-35
-49
-79
-94
-113
-147
-162
-173
-167
-203
-217
-238
-262
-269
-255
-242
-249
-253
-272
-284
-276
-259
-240
-232
-238
-243
-234
-228
-228
-228
-224
-209
-191
-184
-200
-212
-210
-195
-173
-179
-213
-263
-280
-291
-284
-277
-299
-345
-399
-413
-423
-438
-478
-542
-565
-586
-596
-601
-595
-606
-650
-689
-712
-701
-676
-669
-693
-744
-772
-771
-780
-783
-800
-825
-837
-821
-817
-806
-807
-824
-825
-818
-803
-793
-775
-761
-762
-773
-764
-725
-692
-670
-627
-599
-578
-537
-483
-430
-399
-385
-357
-328
-296
-255
-229
-212
-205
-207
-190
-191
-185
-165
-132
-109
-125
-139
-142
-129
-135
-147
-167
-171
-176
-182
-204
-218
-213
-230
-249
-273
-271
-270
-281
-294
-316
-325
-332
-330
-327
-344
-342
-332
-319
-293
-298
-320
-325
-329
-322
-328
-334
-340
-357
-378
-390
-404
-432
-454
-461
-479
-507
-545
-583
-615
-640
-660
-681
-688
-706
-732
-762
-801
-821
-834
-851
-876
-873
-852
-832
-810
-795
-797
-785
-765
-747
-713
-677
-663
-658
-644
-606
-578
-570
-571
-585
-580
-583
-580
-578
-589
-582
-573
-574
-568
-557
-527
-519
-521
-516
-496
-463
-434
-416
-419
-423
-406
-377
-344
-331
-316
-299
-316
-308
-299
-282
-261
-252
-251
-262
-261
-262
-260
-267
-279
-295
-306
-321
-323
-339
-349
-350
-373
-383
-380
-387
-388
-376
-348
-316
-290
-272
-277
-277
-279
-254
-216
-184
-167
-180
-181
-178
-166
-159
-159
-171
-203
-244
-269
-286
-294
-313
-351
-407
-443
-493
-533
-566
-591
-606
-629
-652
-671
-664
-665
-665
-668
-657
-642
-628
-595
-573
-536
-511
-499
-474
-457
-449
-438
-424
-383
-344
-325
-327
-304
-285
-258
-238
-229
-209
-189
-160
-160
-158
-170
-178
-178
-181
-179
-185
-189
-201
-198
-196
-206
-211
-228
-230
-230
-228
-220
-205
-194
-201
-210
-217
-212
-183
-160
-143
-136
-117
-88
-71
-67
-54
-36
-34
-36
-22
-5
-9
5
11
-7
-18
0
12
15
7
-19
-47
-48
-45
-53
-39
-26
-44
-76
-108
-107
-86
-85
-98
-102
-86
-83
-86
-117
-142
-144
-144
-144
-139
-126
-124
-123
-132
-162
-187
-182
-159
-144
-157
-182
-193
-190
-157
-123
-136
-157
-205
-197
-166
-108
-34
7
17
-7
5
48
117
163
192
225
225
238
283
314
345
373
361
328
308
324
355
353
349
359
341
344
328
328
358
376
390
394
388
376
368
361
362
360
373
377
395
404
385
359
344
360
377
388
373
362
359
364
368
361
364
373
383
381
373
372
384
407
407
400
404
390
372
370
374
376
372
350
310
286
284
279
246
191
163
167
175
175
162
135
100
92
54
42
39
32
49
48
59
49
33
43
66
69
63
58
44
53
71
81
71
61
54
46
57
72
91
110
127
131
128
131
135
149
132
119
120
115
143
149
156
179
189
189
192
189
179
169
180
186
182
189
171
154
140
137
130
133
130
102
90
92
88
86
77
58
45
33
35
31
33
37
45
41
15
4
-7
-3
15
9
-12
-24
-38
-45
-54
-53
-58
-59
-61
-53
-42
-46
-55
-77
-94
-110
-122
-136
-141
-133
-130
-123
-134
-155
-151
-144
-136
-133
-137
-132
-145
-168
-188
-195
-183
-188
-192
-192
-207
-203
-182
-172
-170
-165
-156
-145
-133
-110
-99
-98
-110
-100
-80
-78
-79
-99
-101
-93
-86
-69
-62
-56
-62
-60
-68
-77
-97
-93
-104
-119
-129
-139
-148
-155
-155
-173
-201
-207
-197
-176
-162
-174
-195
-217
-231
-216
-207
-201
-207
-209
-213
-221
-232
-260
-263
-271
-293
-300
-292
-289
-307
-325
-339
-348
-344
-332
-342
-342
-351
-360
-356
-344
-332
-348
-347
-363
-361
-373
-389
-398
-398
-393
-399
-398
-415
-417
-404
-395
-373
-374
-372
-358
-349
-342
-340
-340
-314
-301
-300
-293
-281
-273
-259
-248
-245
-228
-226
-221
-209
-194
-172
-125
-94
-78
-60
-44
-14
9
-12
-4
10
18
26
26
32
26
46
62
73
69
47
28
37
45
30
26
4
-3
-14
-25
-27
-35
-48
-67
-66
-59
-45
-43
-41
-55
-53
-55
-41
-13
-6
-19
-48
-53
-59
-69
-66
-63
-68
-92
-91
-94
-90
-105
-136
-139
-142
-131
-132
-138
-146
-146
-161
-181
-184
-189
-198
-196
-190
-194
-204
-205
-221
-237
-271
-298
-307
-311
-317
-328
-328
-327
-325
-336
-350
-368
-387
-385
-372
-361
-350
-358
-360
-362
-334
-324
-324
-329
-339
-305
-270
-234
-205
-199
-206
-207
-190
-193
-193
-185
-176
-171
-151
-155
-163
-132
-125
-140
-153
-151
-128
-107
-85
-57
-53
-47
-50
-50
-48
-45
-48
-57
-40
-31
-32
-57
-69
-83
-89
-90
-103
-99
-94
-85
-73
-96
-141
-169
-192
-198
-211
-200
-184
-180
-180
-181
-184
-208
-231
-247
-269
-249
-217
-209
-209
-210
-201
-200
-185
-186
-174
-167
-167
-153
-159
-166
-158
-167
-182
-186
-197
-202
-197
-191
-186
-192
-196
-215
-239
-242
-251
-239
-235
-237
-251
-280
-306
-316
-318
-323
-337
-333
-329
-348
-341
-338
-341
-343
-346
-341
-349
-339
-331
-323
-311
-303
-293
-282
-278
-256
-245
-223
-199
-189
-163
-160
-155
-164
-159
-152
-155
-146
-141
-136
-141
-158
-174
-191
-211
-227
-252
-278
-292
-302
-302
-308
-309
-322
-355
-381
-395
-393
-370
-348
-345
-362
-367
-377
-372
-356
-356
-350
-353
-352
-354
-343
-343
-338
-330
-337
-322
-316
-324
-333
-337
-334
-336
-334
-350
-364
-363
-356
-357
-354
-349
-357
-363
-363
-363
-365
-374
-373
-356
-352
-355
-372
-381
-388
-388
-384
-398
-402
-406
-407
-407
-413
-424
-425
-424
-432
-427
-430
-426
-419
-420
-416
-399
-388
-376
-373
-362
-370
-374
-342
-313
-290
-276
-276
-284
-270
-253
-219
-193
-176
-173
-194
-189
-172
-165
-160
-167
-163
-169
-180
-154
-178
-195
-194
-172
-157
-166
-193
-236
-242
-248
-253
-249
-233
-230
-229
-213
-213
-232
-243
-217
-203
-190
-199
-236
-246
-218
-175
-152
-167
-217
-259
-258
-229
-162
-131
-124
-171
-202
-205
-194
-140
-123
-128
-150
-169
-168
-153
-158
-165
-193
-226
-247
-247
-210
-208
-220
-242
-268
-271
-289
-280
-257
-244
-241
-245
-258
-263
-256
-242
-252
-260
-261
-254
-222
-208
-209
-245
-275
-288
-292
-282
-281
-283
-283
-288
-283
-271
-284
-285
-282
-279
-275
-267
-255
-247
-233
-210
-203
-188
-197
-205
-186
-162
-144
-147
-150
-165
-174
-164
-173
-195
-223
-241
-227
-221
-205
-226
-244
-265
-272
-267
-272
-256
-249
-227
-226
-214
-216
-225
-218
-218
-206
-204
-200
-188
-155
-126
-121
-135
-141
-151
-152
-139
-132
-129
-102
-59
-51
-39
-37
-45
-50
-59
-49
-56
-45
-32
-29
-20
-22
-37
-38
-28
-27
-23
-36
-40
-38
-38
-24
-8
-20
-23
-21
-15
0
-1
-3
25
36
50
48
43
48
49
56
80
90
101
90
64
50
40
27
33
33
30
18
4
-8
-12
-20
-43
-52
-71
-77
-80
-88
-94
-118
-133
-161
-176
-180
-169
-175
-182
-165
-151
-145
-150
-154
-148
-119
-99
-74
-59
-47
-31
-20
-11
-8
2
12
27
40
49
62
80
86
83
73
91
96
108
112
111
121
134
149
148
146
143
146
154
168
177
197
204
210
214
230
243
248
265
276
302
311
302
306
304
305
308
296
279
279
286
293
311
305
291
287
279
271
276
275
272
276
270
265
262
261
239
223
203
202
209
218
230
227
222
202
189
196
201
212
208
215
223
225
229
213
188
164
152
155
157
165
148
143
144
137
139
132
128
125
124
119
127
123
120
125
122
108
109
120
111
113
102
76
66
72
78
95
113
103
96
108
119
122
134
135
140
136
144
143
142
142
125
116
99
99
98
99
120
141
134
119
104
94
95
83
82
75
77
96
105
108
88
72
68
59
56
72
97
115
132
136
145
160
169
186
196
192
191
188
181
182
177
189
179
172
165
157
149
129
126
136
140
125
127
113
114
115
114
106
101
121
118
101
111
115
113
102
97
88
82
69
51
59
68
78
81
74
62
56
46
36
34
22
15
21
7
2
15
11
20
29
12
11
35
71
116
152
172
176
170
179
182
209
216
205
218
224
220
210
207
205
207
210
217
203
216
222
226
221
217
224
221
214
209
203
206
212
219
228
217
206
186
178
182
191
201
222
220
231
233
237
234
223
229
216
219
240
251
262
265
265
266
264
251
229
236
251
255
253
232
221
212
187
179
161
135
133
115
115
100
94
86
62
49
28
40
46
52
40
39
39
25
16
2
-11
-15
-9
-14
-6
-23
-34
-23
-20
-19
-29
-32
-34
-38
-27
-33
-43
-35
-37
-59
-75
-74
-65
-62
-44
-33
-42
-34
-42
-45
-44
-29
-18
-12
0
12
15
3
8
13
22
33
39
51
45
58
64
61
44
33
31
31
26
18
13
2
1
-16
-22
-39
-46
-60
-56
-57
-69
-76
-96
-103
-91
-101
-121
-135
-143
-127
-114
-121
-126
-123
-129
-116
-93
-79
-80
-97
-89
-91
-96
-101
-96
-117
-124
-146
-168
-176
-185
-207
-219
-215
-224
-228
-235
-239
-245
-250
-257
-270
-282
-285
-304
-316
-323
-328
-322
-330
-331
-323
-332
-326
-306
-299
-301
-299
-288
-288
-283
-271
-262
-262
-260
-247
-225
-203
-206
-205
-194
-186
-179
-165
-158
-161
-153
-143
-149
-158
-160
-183
-192
-191
-185
-176
-164
-171
-197
-205
-201
-177
-181
-182
-165
-159
-139
-137
-143
-163
-173
-188
-198
-187
-169
-173
-160
-161
-178
-201
-241
-228
-196
-194
-215
-223
-234
-202
-165
-156
-180
-218
-267
-279
-248
-201
-154
-150
-162
-202
-205
-165
-123
-104
-84
-101
-105
-84
-68
-50
-58
-73
-102
-137
-153
-142
-135
-160
-189
-201
-214
-215
-227
-231
-214
-211
-219
-229
-231
-221
-231
-219
-212
-198
-175
-164
-166
-164
-172
-192
-192
-169
-146
-138
-118
-126
-134
-141
-141
-127
-136
-132
-144
-147
-150
-170
-168
-161
-143
-142
-153
-157
-144
-126
-99
-95
-108
-136
-166
-153
-154
-146
-169
-212
-230
-227
-193
-161
-189
-208
-216
-208
-191
-188
-180
-173
-172
-163
-148
-155
-148
-161
-169
-183
-192
-195
-195
-176
-181
-193
-204
-223
-234
-256
-270
-269
-276
-271
-275
-282
-285
-298
-312
-332
-351
-354
-358
-342
-333
-328
-316
-315
-319
-328
-326
-323
-336
-341
-336
-338
-327
-325
-322
-313
-316
-316
-310
-310
-294
-295
-286
-286
-285
-282
-281
-290
-295
-285
-249
-239
-260
-269
-282
-285
-295
-294
-285
-274
-267
-266
-279
-301
-290
-303
-320
-326
-330
-324
-311
-296
-300
-316
-335
-348
-363
-367
-358
-362
-358
-369
-378
-404
-412
-413
-408
-380
-374
-353
-363
-356
-346
-350
-349
-339
-332
-325
-323
-330
-322
-323
-331
-326
-345
-357
-362
-358
-346
-362
-367
-368
-380
-387
-400
-399
-407
-409
-411
-417
-419
-417
-414
-409
-408
-414
-414
-414
-406
-403
-411
-401
-400
-388
-362
-342
-326
-333
-340
-353
-336
-310
-304
-305
-296
-284
-291
-289
-290
-297
-301
-291
-259
-245
-233
-223
-209
-211
-212
-209
-214
-204
-194
-201
-201
-197
-210
-227
-229
-231
-230
-224
-219
-215
-210
-219
-238
-250
-253
-267
-257
-238
-239
-237
-217
-217
-224
-209
-211
-196
-191
-179
-177
-165
-147
-141
-134
-153
-164
-180
-188
-175
-186
-180
-182
-180
-177
-165
-161
-163
-161
-151
-126
-121
-115
-126
-130
-121
-105
-113
-115
-112
-122
-119
-145
-153
-158
-142
-122
-111
-91
-93
-103
-102
-94
-106
-123
-135
-123
-110
-112
-124
-144
-152
-148
-135
-127
-117
-105
-108
-113
-98
-89
-72
-53
-26
-6
-31
-26
-33
-36
-30
-36
-30
-37
-29
-17
-26
-32
-34
-35
-36
-38
-59
-64
-64
-76
-86
-109
-122
-124
-120
-129
-136
-125
-121
-126
-126
-134
-151
-150
-150
-153
-145
-154
-160
-152
-163
-173
-184
-188
-207
-209
-175
-162
-159
-169
-167
-158
-141
-118
-117
-124
-132
-109
-91
-87
-78
-76
-86
-110
-116
-122
-115
-103
-130
-146
-147
-153
-166
-177
-188
-193
-197
-190
-179
-174
-163
-148
-142
-144
-146
-139
-130
-119
-102
-96
-92
-80
-79
-85
-92
-100
-106
-112
-103
-93
-90
-70
-51
-49
-49
-63
-77
-64
-52
-53
-49
-41
-27
-18
-16
-24
-21
-34
-35
-22
-21
-12
-19
-18
-36
-25
-29
-30
-32
-34
-39
-41
-44
-55
-63
-78
-89
-102
-96
-99
-101
-107
-98
-100
-102
-105
-112
-127
-141
-141
-141
-155
-158
-161
-177
-193
-202
-209
-212
-209
-220
-222
-234
-226
-209
-223
-229
-253
-264
-266
-275
-275
-273
-269
-261
-272
-291
-290
-280
-253
-237
-220
-211
-200
-193
-193
-183
-182
-179
-158
-142
-144
-136
-128
-127
-123
-125
-121
-117
-112
-105
-89
-95
-96
-85
-79
-64
-73
-87
-84
-90
-74
-50
-45
-41
-48
-53
-46
-33
-24
-19
0
10
12
18
29
41
41
50
44
32
27
19
10
17
22
17
17
4
-5
-14
-27
-41
-47
-45
-53
-52
-68
-79
-75
-73
-69
-80
-83
-104
-117
-127
-123
-123
-119
-117
-132
-150
-171
-167
-161
-157
-151
-165
-163
-158
-160
-161
-158
-153
-158
-152
-141
-133
-148
-160
-145
-134
-130
-135
-138
-165
-170
-166
-161
-136
-124
-138
-154
-163
-174
-171
-161
-161
-171
-159
-179
-178
-173
-195
-188
-182
-170
-167
-179
-186
-201
-198
-202
-204
-186
-173
-173
-160
-160
-177
-204
-205
-173
-143
-131
-148
-158
-162
-118
-84
-102
-141
-184
-202
-177
-126
-95
-90
-113
-168
-183
-154
-120
-105
-95
-103
-134
-131
-119
-132
-140
-148
-164
-184
-200
-180
-179
-180
-193
-206
-219
-217
-223
-224
-200
-189
-191
-191
-188
-176
-167
-179
-182
-190
-179
-153
-130
-132
-150
-171
-185
-188
-190
-189
-206
-212
-220
-228
-224
-231
-255
-250
-259
-261
-250
-247
-235
-230
-212
-214
-223
-223
-226
-227
-208
-197
-190
-186
-196
-195
-202
-204
-241
-274
-296
-286
-256
-239
-233
-253
-278
-286
-282
-274
-253
-235
-210
-202
-186
-179
-198
-193
-173
-157
-153
-162
-161
-142
-119
-111
-133
-156
-158
-171
-182
-182
-197
-198
-190
-175
-167
-178
-172
-183
-189
-193
-201
-190
-189
-173
-175
-180
-169
-171
-171
-178
-184
-193
-193
-195
-188
-184
-176
-176
-170
-155
-145
-132
-120
-100
-103
-103
-112
-114
-107
-117
-119
-96
-79
-74
-69
-63
-70
-81
-98
-118
-124
-115
-103
-89
-77
-97
-103
-90
-90
-77
-82
-97
-84
-78
-68
-69
-82
-113
-131
-139
-141
-135
-123
-115
-111
-103
-107
-107
-99
-83
-76
-50
-15
4
16
17
7
4
-4
-4
2
10
10
12
12
-4
-22
-44
-60
-61
-64
-61
-65
-90
-103
-89
-87
-103
-104
-132
-158
-163
-176
-167
-165
-179
-174
-174
-178
-185
-182
-171
-170
-163
-162
-165
-153
-142
-145
-159
-187
-203
-193
-171
-161
-168
-174
-162
-164
-161
-149
-142
-152
-160
-156
-147
-134
-142
-155
-171
-176
-162
-145
-137
-149
-152
-158
-178
-165
-164
-161
-167
-171
-177
-181
-171
-145
-143
-159
-186
-203
-201
-199
-203
-208
-194
-186
-182
-184
-169
-159
-143
-131
-133
-132
-119
-121
-126
-129
-138
-141
-146
-155
-172
-179
-201
-229
-225
-227
-221
-226
-241
-242
-246
-235
-217
-219
-220
-229
-246
-234
-239
-251
-260
-259
-267
-269
-264
-257
-254
-257
-248
-240
-243
-252
-258
-263
-261
-245
-238
-255
-259
-249
-234
-235
-259
-281
-287
-275
-266
-252
-229
-208
-209
-212
-194
-172
-145
-127
-131
-151
-144
-136
-120
-116
-132
-158
-171
-168
-156
-147
-159
-165
-168
-175
-172
-184
-194
-182
-183
-184
-170
-178
-173
-169
-167
-169
-156
-136
-142
-142
-144
-147
-148
-145
-142
-120
-109
-101
-94
-100
-100
-103
-94
-97
-88
-73
-65
-53
-61
-69
-58
-59
-65
-62
-50
-52
-39
-26
-15
-6
-10
-15
-21
-31
-52
-57
-70
-88
-94
-91
-99
-110
-129
-138
-145
-159
-168
-161
-134
-122
-110
-118
-124
-130
-137
-132
-136
-139
-143
-138
-124
-115
-117
-121
-126
-123
-119
-124
-115
-97
-73
-58
-45
-40
-65
-65
-52
-42
-47
-63
-73
-66
-53
-46
-58
-77
-82
-70
-65
-51
-33
-31
-22
-20
-17
-33
-37
-31
-38
-35
-39
-44
-34
-39
-36
-28
-16
-16
-1
12
25
35
33
38
41
32
25
24
28
36
45
42
39
20
12
23
13
-2
-14
-25
-36
-25
-20
-16
-16
-34
-60
-72
-75
-71
-52
-45
-41
-51
-58
-56
-50
-62
-61
-60
-58
-55
-71
-92
-116
-130
-137
-131
-119
-115
-114
-114
-117
-122
-131
-131
-132
-124
-127
-134
-143
-161
-170
-185
-183
-181
-182
-195
-212
-198
-186
-180
-166
-167
-167
-159
-157
-167
-172
-168
-164
-154
-161
-168
-160
-158
-160
-179
-169
-158
-156
-148
-137
-137
-133
-76
7
35
-48
-145
-195
-159
-59
17
-21
-190
-349
-381
-275
-164
-172
-270
-351
-342
-312
-279
-251
-278
-301
-307
-266
-233
-259
-245
-231
-234
-285
-298
-248
-186
-158
-190
-196
-204
-211
-245
-230
-203
-184
-209
-276
-309
-329
-272
-218
-262
-326
-310
-248
-229
-266
-308
-315
-306
-284
-272
-272
-279
-305
-348
-368
-338
-313
-330
-317
-284
-268
-272
-299
-294
-301
-323
-289
-198
-126
-159
-274
-312
-271
-220
-206
-251
-275
-233
-187
-185
-238
-272
-273
-210
-134
-147
-199
-249
-266
-310
-310
-262
-179
-136
-182
-280
-331
-268
-175
-159
-257
-311
-289
-207
-150
-143
-191
-307
-364
-348
-293
-231
-184
-176
-215
-306
-335
-295
-216
-165
-196
-217
-200
-167
-152
-166
-198
-246
-247
-182
-86
-34
-94
-196
-277
-262
-177
-103
-110
-187
-247
-223
-144
-100
-138
-218
-258
-251
-181
-113
-85
-135
-187
-192
-134
-69
-75
-130
-172
-130
-54
3
-36
-128
-191
-186
-153
-148
-170
-204
-223
-191
-155
-147
-187
-254
-240
-176
-111
-95
-116
-126
-126
-121
-115
-65
-42
-81
-126
-152
-109
-85
-68
-87
-131
-146
-141
-108
-120
-155
-202
-201
-123
-75
-72
-127
-161
-174
-156
-136
-135
-145
-167
-164
-162
-172
-185
-207
-216
-192
-184
-184
-175
-184
-213
-227
-204
-153
-137
-167
-190
-176
-144
-150
-178
-190
-189
-174
-175
-205
-234
-228
-204
-174
-175
-193
-192
-189
-211
-242
-229
-180
-122
-125
-181
-217
-219
-196
-211
-228
-228
-204
-195
-192
-188
-220
-256
-286
-286
-269
-238
-228
-237
-254
-268
-265
-245
-237
-232
-209
-161
-120
-129
-138
-165
-168
-135
-130
-124
-115
-104
-69
-79
-92
-109
-110
-98
-99
-82
-87
-86
-91
-114
-139
-175
-175
-151
-137
-145
-169
-184
-196
-199
-204
-202
-195
-190
-190
-189
-173
-144
-118
-133
-166
-181
-157
-111
-71
-67
-92
-99
-103
-102
-103
-109
-117
-127
-121
-102
-96
-98
-102
-130
-137
-105
-78
-57
-71
-96
-121
-119
-85
-81
-95
-116
-106
-89
-97
-121
-142
-152
-148
-122
-97
-93
-78
-68
-79
-90
-92
-90
-78
-68
-56
-42
-21
-19
-34
-46
-41
-22
9
19
9
9
15
26
26
13
3
12
24
38
26
9
-15
-28
-8
6
41
44
24
12
8
20
25
31
18
20
33
69
71
42
0
-21
-2
10
25
24
15
22
34
23
18
26
33
56
66
72
68
60
52
51
50
40
32
17
6
-5
3
12
21
19
-7
-10
-4
38
75
67
43
29
33
43
43
39
49
52
47
47
56
38
10
-8
-17
-12
0
2
-2
-20
-27
-33
-27
-24
-35
-21
-4
7
7
-4
-14
-21
-13
1
-6
-17
-20
-12
17
27
31
34
23
20
5
5
-9
-19
-27
-35
-37
-34
-19
-24
-24
-45
-57
-38
-22
-11
-9
-14
-12
-32
-42
-62
-66
-66
-87
-103
-102
-102
-86
-100
-118
-100
-109
-116
-127
-129
-122
-115
-105
-76
-71
-51
-47
-58
-66
-55
-36
-33
-47
-59
-72
-101
-108
-99
-103
-103
-105
-91
-76
-68
-64
-84
-112
-141
-127
-113
-106
-97
-113
-129
-113
-84
-81
-96
-106
-114
-102
-85
-80
-92
-92
-80
-61
-53
-50
-48
-50
-40
-45
-38
-28
-35
-64
-77
-78
-63
-37
-39
-44
-38
-18
9
20
7
-13
-40
-32
-9
7
24
9
-3
-20
-18
-11
-16
-18
-27
-16
7
21
23
17
14
-3
3
11
20
20
22
36
36
42
33
30
37
59
71
68
49
24
8
-10
-21
-4
12
18
18
3
-10
-20
-26
-21
-21
-22
-15
-19
-34
-53
-62
-67
-61
-57
-59
-76
-78
-72
-69
-65
-81
-91
-63
-40
-38
-53
-49
-36
-35
-20
-11
1
10
8
-4
-4
-5
8
-2
-6
-10
-15
-11
-5
-12
-20
-31
-30
-29
-27
-26
-18
5
23
25
8
3
16
28
11
14
12
8
25
35
27
9
6
15
32
41
39
38
58
71
76
79
76
85
98
101
92
97
93
95
114
115
111
102
112
118
116
143
122
113
99
82
77
65
84
72
42
20
11
16
31
46
25
10
3
22
41
41
73
90
101
102
83
73
79
83
67
54
70
98
104
115
91
55
50
64
107
123
115
90
66
81
127
152
116
58
9
3
26
81
117
111
79
52
41
53
99
108
104
99
92
101
127
137
134
120
94
77
60
64
72
71
54
59
55
58
44
45
64
78
97
84
78
91
82
74
75
77
88
81
95
87
79
54
21
22
30
50
66
63
44
37
28
45
70
83
90
72
71
78
82
95
94
87
71
64
76
107
121
133
129
99
88
94
112
118
91
43
24
40
67
63
50
34
19
17
22
6
4
20
20
45
60
52
46
52
59
46
38
34
52
75
99
103
89
88
82
90
83
72
70
70
83
76
76
72
51
46
29
42
39
43
35
34
51
57
52
39
20
32
23
9
19
40
66
69
75
81
103
116
119
120
123
142
170
165
153
134
125
128
118
107
111
130
152
162
159
155
161
157
153
145
147
146
137
129
124
115
110
110
94
74
72
82
89
88
75
62
59
71
76
75
74
91
108
98
85
76
75
86
103
125
130
152
174
154
144
123
131
145
156
170
179
192
191
178
155
142
135
143
126
120
114
105
116
114
119
109
98
95
95
84
81
90
101
106
105
118
122
129
139
133
140
147
160
172
156
144
156
170
171
155
142
153
146
153
134
114
101
92
95
85
98
101
115
113
105
84
71
68
71
65
61
55
68
71
36
16
17
23
25
21
2
-21
-35
-28
-17
-16
-32
-28
-24
-30
-24
-7
8
20
13
9
12
31
43
31
27
41
61
67
91
82
50
57
58
41
32
32
36
24
12
23
16
3
-1
-27
-46
-42
-11
-4
-24
-31
-51
-37
-12
-18
-27
-36
-35
-37
-35
-32
-39
-42
-38
-28
-32
-41
-46
-48
-50
-52
-45
-51
-65
-61
-44
-45
-51
-82
-104
-98
-101
-76
-70
-69
-72
-71
-65
-62
-44
-31
-10
-19
-32
-37
-41
-44
-52
-56
-64
-65
-57
-52
-61
-71
-86
-101
-101
-106
-114
-122
-119
-105
-96
-98
-96
-91
-90
-81
-70
-51
-33
-15
-10
0
5
6
9
13
21
27
33
37
42
48
48
52
57
72
58
62
64
54
61
58
63
57
43
45
59
80
107
125
134
119
104
110
103
101
92
65
72
73
70
52
34
31
34
44
42
32
24
33
47
57
43
39
42
30
28
53
62
55
69
62
66
59
40
29
33
23
16
16
24
23
23
10
-15
-38
-51
-38
-35
-33
-25
-21
-4
1
-13
-22
-31
-21
-20
-7
-2
-9
-13
6
11
6
12
10
17
20
20
32
58
51
36
29
29
24
31
37
40
47
45
61
76
69
70
52
43
59
71
87
79
73
72
61
48
60
75
76
65
71
85
78
84
84
79
76
78
90
84
87
103
109
116
112
118
128
134
150
159
160
138
133
128
127
127
133
144
137
129
109
99
103
109
94
81
75
79
80
77
82
70
55
48
43
47
37
17
10
7
15
19
34
30
41
50
35
39
42
61
74
73
55
47
41
37
42
41
47
55
54
55
52
46
39
22
23
12
11
6
-1
10
7
-9
-19
-27
-24
-23
-19
-23
-38
-36
-43
-39
-51
-60
-49
-41
-40
-51
-50
-45
-34
-37
-28
-19
-14
-11
-14
-7
3
0
5
3
1
22
30
39
37
32
44
49
57
61
48
42
44
52
55
63
53
27
6
-8
-10
3
9
-4
4
6
10
12
8
10
17
46
62
65
50
36
41
49
57
63
87
98
104
106
92
74
56
70
91
98
91
62
48
58
97
86
47
-9
-62
-52
-4
44
61
56
18
-12
-17
23
70
80
81
73
79
86
99
106
88
78
37
15
9
7
3
2
-7
-22
-22
-8
14
13
7
10
6
12
23
23
23
23
20
23
31
35
52
52
39
19
15
15
19
21
17
23
13
-9
-29
-32
-31
-17
-8
-20
-29
-20
-4
22
38
38
23
-5
12
40
56
55
39
23
19
31
21
12
-14
-52
-47
-36
-17
-1
-17
-51
-75
-78
-76
-73
-66
-52
-44
-21
-3
-8
-25
-17
-2
11
15
11
12
18
19
10
1
-14
-21
-25
-29
-38
-39
-19
-2
14
25
16
11
-6
-10
-28
-46
-48
-31
-34
-24
-24
-36
-48
-57
-52
-51
-39
-24
-7
-10
-1
2
7
9
8
23
38
53
61
59
52
58
53
44
27
36
44
40
49
46
45
45
34
25
12
20
33
46
51
44
17
-2
-15
-26
-26
-36
-34
-27
-14
-10
-19
-33
-42
-50
-60
-53
-52
-55
-45
-47
-55
-67
-63
-39
-20
8
18
23
25
24
14
9
-3
10
29
52
70
58
49
34
24
7
-3
-2
12
20
13
-10
-39
-52
-56
-65
-59
-60
-56
-69
-84
-86
-97
-90
-85
-73
-66
-67
-89
-97
-84
-83
-77
-94
-94
-71
-45
-42
-64
-86
-94
-87
-66
-58
-53
-63
-66
-78
-85
-83
-93
-87
-85
-73
-73
-72
-69
-73
-79
-80
-87
-91
-94
-97
-116
-122
-127
-138
-140
-121
-125
-132
-113
-127
-114
-109
-113
-125
-123
-121
-118
-104
-104
-101
-96
-85
-80
-69
-59
-55
-44
-42
-32
-20
-13
-6
-9
-6
-32
-41
-45
-62
-68
-81
-72
-70
-64
-60
-75
-82
-75
-62
-60
-51
-48
-50
-53
-58
-55
-48
-37
-44
-58
-56
-60
-55
-70
-70
-66
-48
-24
-11
-22
-41
-51
-46
-26
-18
-33
-52
-56
-54
-35
-37
-42
-54
-57
-51
-43
-35
-26
-25
-35
-46
-54
-37
-14
6
5
-12
-25
-26
-23
-19
-9
-28
-49
-56
-66
-62
-79
-84
-86
-69
-69
-83
-92
-101
-105
-133
-138
-136
-141
-137
-136
-134
-133
-130
-121
-126
-125
-135
-140
-141
-136
-108
-102
-93
-91
-101
-107
-114
-124
-140
-146
-159
-166
-164
-157
-139
-136
-119
-118
-124
-123
-139
-121
-98
-83
-71
-65
-72
-92
-99
-110
-116
-134
-142
-153
-152
-153
-167
-169
-173
-160
-161
-161
-162
-156
-135
-115
-102
-101
-90
-92
-99
-104
-94
-98
-97
-96
-107
-86
-89
-92
-92
-109
-116
-109
-116
-112
-106
-120
-132
-155
-141
-131
-134
-129
-123
-111
-92
-68
-69
-91
-102
-94
-86
-76
-77
-73
-77
-69
-62
-71
-86
-79
-60
-56
-53
-65
-59
-60
-68
-60
-58
-65
-79
-69
-53
-42
-52
-69
-71
-74
-66
-66
-70
-65
-51
-51
-60
-75
-85
-84
-86
-91
-111
-118
-110
-103
-110
-105
-113
-129
-132
-132
-130
-127
-119
-115
-108
-105
-113
-120
-113
-122
-110
-87
-82
-83
-84
-92
-106
-107
-114
-114
-106
-102
-98
-95
-87
-84
-77
-75
-80
-76
-87
-92
-106
-122
-124
-120
-118
-118
-124
-129
-121
-133
-132
-134
-123
-120
-109
-95
-98
-89
-101
-111
-116
-112
-98
-80
-77
-63
-55
-48
-42
-41
-49
-63
-72
-68
-63
-64
-85
-89
-98
-96
-104
-114
-110
-116
-105
-102
-104
-115
-125
-121
-111
-121
-119
-118
-114
-103
-101
-104
-106
-124
-134
-133
-140
-129
-117
-112
-104
-106
-101
-91
-72
-53
-30
-28
-33
-37
-42
-28
-20
-8
-11
2
20
23
28
19
-17
-23
-8
8
36
46
17
1
-13
-8
3
15
12
12
32
44
55
48
49
69
111
144
150
144
126
117
126
129
130
155
172
189
220
218
199
180
189
205
213
212
176
154
169
209
229
212
168
109
97
118
168
204
209
190
169
166
186
229
252
260
259
254
254
278
293
288
289
269
241
241
255
266
283
261
265
248
250
271
265
286
297
287
280
281
297
298
297
300
298
320
321
333
331
314
313
298
296
283
267
284
286
265
254
234
218
212
206
218
217
195
186
178
186
201
213
227
206
198
205
219
250
252
234
191
172
178
180
167
132
106
120
144
155
140
114
87
83
98
112
109
126
140
156
169
160
157
157
179
185
184
166
141
156
179
192
184
158
137
140
152
148
144
157
188
210
214
214
216
208
189
172
175
180
185
187
197
212
214
211
198
186
177
171
168
194
212
218
220
224
215
223
235
230
247
243
214
208
204
207
201
183
179
169
179
181
185
177
177
183
174
154
137
138
152
164
169
148
127
118
115
113
117
103
98
104
118
122
109
98
86
87
81
62
58
65
81
82
57
46
59
91
112
123
120
110
111
106
104
105
102
113
117
127
140
136
127
112
86
83
76
73
82
83
70
56
60
54
61
78
70
64
58
53
55
50
54
53
61
57
49
58
71
99
123
119
115
125
140
144
143
141
151
150
162
178
164
169
170
168
179
176
171
175
180
184
188
191
206
203
206
202
202
203
202
206
189
189
194
172
165
154
143
144
149
146
139
154
176
175
175
163
158
163
158
165
170
190
185
203
200
212
231
241
238
243
254
255
269
272
269
262
262
265
266
256
246
230
219
223
230
232
220
213
206
210
219
223
232
226
226
216
225
221
198
190
187
200
181
173
163
154
170
188
190
197
208
205
201
203
197
191
194
197
201
203
204
190
175
155
151
147
165
169
163
160
159
164
154
165
169
158
152
144
150
144
143
139
136
132
121
121
117
122
111
107
110
121
116
111
106
103
85
70
57
41
46
48
56
58
67
78
75
76
67
56
44
27
31
41
55
63
57
51
41
32
16
16
24
23
7
12
30
23
42
41
17
6
-1
-8
-10
12
16
10
-3
-27
-48
-63
-76
-92
-90
-94
-84
-81
-90
-81
-95
-97
-97
-96
-81
-65
-76
-74
-68
-74
-73
-86
-77
-77
-70
-68
-53
-39
-55
-64
-95
-110
-113
-116
-111
-111
-103
-106
-107
-121
-149
-166
-161
-151
-151
-144
-146
-134
-127
-118
-103
-111
-129
-142
-137
-124
-114
-109
-108
-110
-89
-85
-99
-95
-81
-90
-82
-80
-97
-102
-116
-129
-133
-133
-141
-151
-153
-155
-139
-122
-110
-124
-132
-128
-125
-110
-86
-74
-78
-82
-84
-90
-81
-82
-86
-91
-88
-90
-85
-78
-90
-89
-99
-107
-108
-101
-89
-83
-87
-91
-94
-89
-96
-106
-109
-100
-95
-92
-91
-109
-124
-140
-139
-139
-129
-121
-123
-128
-132
-126
-127
-122
-121
-133
-154
-145
-134
-147
-139
-141
-155
-153
-163
-161
-175
-178
-173
-172
-175
-181
-179
-170
-164
-150
-127
-132
-133
-132
-120
-112
-105
-107
-116
-118
-127
-118
-116
-126
-147
-150
-154
-160
-145
-152
-160
-163
-185
-196
-203
-203
-205
-208
-204
-196
-203
-204
-203
-205
-214
-212
-225
-232
-237
-248
-244
-240
-243
-240
-243
-260
-260
-266
-273
-279
-286
-287
-279
-290
-305
-317
-315
-310
-306
-296
-313
-323
-325
-312
-300
-309
-317
-343
-356
-358
-339
-323
-331
-341
-365
-394
-395
-389
-387
-389
-406
-413
-423
-421
-410
-425
-427
-394
-365
-353
-359
-370
-384
-387
-384
-393
-375
-359
-359
-348
-342
-359
-383
-394
-367
-345
-323
-335
-365
-382
-363
-320
-314
-365
-442
-481
-486
-441
-404
-391
-417
-459
-470
-475
-439
-405
-396
-402
-420
-409
-394
-383
-370
-387
-408
-444
-470
-467
-449
-431
-454
-482
-498
-500
-497
-484
-461
-450
-456
-452
-453
-463
-446
-448
-458
-458
-460
-442
-428
-426
-433
-458
-464
-466
-454
-428
-438
-456
-465
-468
-459
-463
-483
-492
-494
-483
-480
-476
-463
-458
-448
-442
-440
-431
-437
-430
-405
-395
-403
-421
-442
-460
-462
-454
-468
-494
-520
-529
-510
-495
-493
-498
-501
-506
-491
-476
-463
-447
-438
-421
-413
-418
-418
-423
-413
-415
-410
-418
-426
-421
-404
-409
-414
-432
-444
-457
-471
-467
-452
-445
-440
-412
-401
-399
-407
-412
-435
-438
-444
-444
-434
-425
-399
-397
-390
-388
-384
-386
-389
-392
-396
-385
-368
-358
-341
-325
-325
-327
-325
-303
-286
-284
-283
-296
-309
-307
-314
-336
-354
-367
-351
-339
-324
-320
-339
-355
-361
-362
-350
-336
-337
-344
-363
-374
-395
-397
-407
-414
-413
-411
-390
-374
-368
-360
-367
-373
-370
-379
-383
-378
-373
-371
-364
-355
-352
-350
-346
-337
-330
-325
-320
-305
-315
-316
-317
-343
-354
-358
-360
-347
-336
-326
-310
-317
-318
-340
-354
-352
-364
-367
-366
-382
-387
-387
-385
-393
-397
-407
-401
-396
-407
-409
-409
-401
-404
-396
-380
-379
-376
-378
-375
-367
-360
-367
-361
-358
-354
-354
-374
-376
-394
-394
-382
-367
-359
-373
-373
-377
-386
-398
-405
-416
-422
-412
-415
-425
-437
-460
-469
-477
-469
-470
-471
-476
-482
-464
-472
-479
-492
-502
-508
-506
-508
-501
-499
-488
-483
-483
-475
-475
-461
-449
-442
-452
-440
-419
-428
-420
-412
-411
-414
-404
-397
-396
-384
-375
-377
-386
-390
-399
-393
-394
-398
-413
-430
-431
-440
-441
-437
-431
-440
-444
-424
-413
-412
-411
-422
-417
-418
-416
-420
-427
-418
-407
-413
-417
-406
-418
-410
-379
-357
-367
-376
-379
-377
-353
-341
-336
-353
-362
-347
-343
-334
-342
-364
-369
-362
-346
-331
-313
-321
-338
-332
-334
-310
-288
-271
-275
-288
-299
-300
-300
-299
-298
-303
-310
-306
-287
-286
-297
-316
-312
-291
-285
-278
-287
-297
-289
-280
-268
-275
-265
-258
-240
-228
-224
-204
-202
-196
-195
-206
-212
-210
-213
-206
-182
-179
-175
-182
-195
-208
-209
-211
-208
-193
-190
-180
-191
-186
-186
-188
-178
-175
-194
-185
-163
-145
-115
-95
-115
-123
-132
-138
-155
-145
-146
-180
-189
-202
-192
-208
-205
-197
-211
-223
-228
-231
-217
-203
-203
-192
-178
-175
-171
-158
-151
-142
-141
-139
-116
-109
-129
-137
-149
-155
-145
-148
-149
-158
-148
-146
-149
-156
-171
-178
-186
-197
-203
-209
-206
-193
-182
-168
-167
-172
-172
-156
-140
-139
-132
-123
-106
-96
-69
-57
-71
-74
-83
-76
-85
-93
-88
-76
-77
-76
-78
-93
-111
-100
-87
-85
-87
-101
-106
-121
-125
-131
-131
-132
-140
-134
-128
-124
-122
-119
-116
-105
-113
-116
-106
-95
-91
-83
-86
-102
-96
-101
-104
-100
-85
-80
-77
-81
-89
-86
-89
-96
-97
-79
-69
-78
-86
-102
-126
-148
-154
-145
-136
-130
-116
-108
-103
-101
-110
-128
-138
-136
-134
-140
-139
-133
-132
-142
-148
-142
-145
-148
-145
-137
-140
-136
-134
-137
-129
-136
-149
-143
-148
-131
-117
-114
-103
-108
-99
-114
-132
-125
-113
-112
-110
-115
-124
-125
-135
-136
-135
-141
-139
-135
-129
-117
-116
-110
-106
-104
-110
-109
-102
-83
-68
-81
-81
-77
-64
-56
-52
-60
-66
-65
-61
-48
-46
-39
-23
-20
-23
-40
-52
-52
-44
-29
-5
12
24
12
7
9
5
0
12
27
34
31
27
22
14
12
8
14
16
22
9
-16
-16
-14
-17
1
10
0
4
13
32
40
44
45
48
58
77
88
81
75
77
82
88
94
85
96
122
122
122
126
136
145
140
152
148
155
166
164
163
142
120
85
69
89
123
144
163
148
126
139
152
176
196
236
252
229
225
237
244
255
253
240
221
210
231
258
255
254
242
233
232
233
233
237
254
257
267
265
254
228
213
224
224
237
248
274
285
266
245
200
190
204
215
208
203
181
177
190
195
201
202
187
178
185
186
199
208
217
213
180
168
190
196
219
232
216
195
198
213
209
208
191
168
159
158
169
178
174
167
151
135
135
134
133
140
150
158
159
159
151
152
153
150
153
152
147
154
152
141
124
113
100
76
71
63
61
66
77
79
62
56
65
79
70
53
52
68
88
85
67
60
56
36
26
35
24
34
52
71
87
81
81
83
90
84
87
108
99
89
86
82
75
70
78
80
95
107
115
116
115
123
122
129
122
109
111
109
103
99
101
97
95
104
102
95
82
80
74
95
115
106
103
95
95
97
114
114
101
100
104
108
108
117
127
142
148
156
164
165
157
156
145
135
129
127
140
154
164
158
164
148
133
118
100
100
107
105
88
85
72
74
70
64
56
57
61
67
76
76
87
93
100
113
121
123
118
130
152
152
149
157
154
167
192
191
187
168
169
171
175
191
187
168
163
174
171
178
179
178
191
211
223
224
216
201
196
184
192
186
184
183
172
170
154
155
147
145
127
114
112
121
142
148
137
116
111
112
111
117
124
122
122
138
141
148
161
165
164
171
177
176
183
177
173
181
186
173
167
163
163
159
149
151
148
160
165
163
173
179
184
185
175
158
148
169
182
177
173
172
167
159
162
182
194
200
220
220
207
202
193
195
202
203
201
193
190
199
200
184
166
153
144
151
156
168
169
157
161
150
161
182
213
219
198
187
172
170
171
175
175
168
162
165
172
187
203
178
165
164
167
181
183
176
176
172
173
167
162
168
163
163
162
165
163
169
149
125
121
119
124
142
165
156
168
176
170
167
156
148
148
159
159
162
175
183
182
168
162
168
149
137
140
168
190
200
198
171
168
160
133
125
122
105
88
94
84
76
78
62
58
58
58
52
61
70
66
81
84
86
80
80
84
68
79
88
99
94
92
94
89
89
82
72
74
69
65
76
83
75
56
41
35
31
19
20
25
41
62
78
83
75
69
50
42
57
69
70
68
85
90
92
75
74
72
64
71
72
71
59
37
33
46
36
34
33
35
58
62
84
82
69
60
54
62
76
112
117
109
92
86
85
79
88
74
67
67
84
94
98
88
79
74
72
76
84
103
107
105
108
104
107
108
99
104
98
96
106
112
103
94
82
79
94
98
107
110
128
135
126
123
122
112
110
124
114
107
111
107
111
111
109
107
110
106
104
118
114
121
127
119
133
143
146
146
145
157
159
169
167
180
182
179
181
173
187
185
184
193
193
176
171
162
163
157
149
129
129
131
126
140
139
140
131
126
116
108
113
103
109
115
125
135
126
127
126
113
104
103
104
123
126
129
133
135
131
138
136
125
120
113
125
120
140
136
119
129
138
145
141
133
118
111
107
113
114
117
109
96
92
91
102
112
115
115
109
107
118
111
104
119
131
165
188
184
187
175
186
184
189
203
206
207
212
219
209
195
197
199
229
218
176
160
165
187
194
189
142
82
55
57
96
151
179
163
127
112
113
147
179
182
169
153
151
171
182
177
177
144
129
125
138
148
141
131
122
108
105
108
123
133
141
152
138
148
137
134
122
110
113
117
136
128
120
106
79
71
70
67
82
80
64
50
35
41
31
36
39
24
22
15
19
25
33
35
38
33
36
45
57
87
99
87
65
56
55
62
68
39
-9
-52
-74
-63
-40
-35
-42
-50
-59
-64
-67
-56
-42
-42
-24
-9
-15
-22
-29
-21
-24
-19
-21
-14
10
16
25
22
8
-11
-17
-18
-26
-36
-35
-13
-3
6
30
23
7
-8
-24
-23
-17
9
21
19
20
7
-1
-6
-15
-17
-15
-19
-16
-3
6
9
-3
-9
-4
6
23
48
40
40
30
26
31
24
30
32
28
16
6
6
5
0
-13
-8
2
3
9
16
17
-4
-23
-30
-26
-16
-5
0
-7
2
13
22
36
23
19
6
13
15
0
2
7
17
12
-3
-3
-4
20
42
49
58
59
57
58
72
76
63
63
68
85
99
108
109
108
110
100
82
73
75
73
65
66
62
48
56
75
68
59
57
50
56
68
85
84
84
81
81
96
105
102
107
100
95
102
101
95
101
93
78
88
97
97
108
118
111
107
113
108
111
97
108
135
146
158
160
167
154
145
141
143
150
165
181
178
173
166
159
148
155
149
161
155
146
145
147
157
151
139
135
133
146
172
182
184
194
190
194
193
206
207
204
217
223
245
242
251
239
242
233
225
238
227
236
228
224
217
205
211
201
196
188
179
189
196
190
185
165
160
177
184
190
189
197
207
206
208
220
225
237
254
270
263
247
248
272
290
283
292
294
308
319
316
312
302
287
282
291
300
305
308
309
294
299
322
346
378
381
354
333
334
332
336
346
341
333
337
332
330
343
318
316
323
329
334
319
313
310
309
293
274
273
276
280
286
282
301
322
330
325
320
307
300
298
294
296
301
306
317
312
311
285
268
263
265
276
281
283
279
281
292
292
291
290
279
296
318
331
348
353
353
347
344
345
329
320
303
297
294
293
303
314
318
318
310
298
293
293
301
303
308
307
317
328
340
352
349
366
363
381
403
401
399
385
384
382
381
371
378
380
381
394
388
384
378
364
356
361
364
377
393
412
410
404
403
386
390
392
398
401
413
411
405
414
407
407
414
416
425
429
425
411
415
425
429
443
436
427
423
430
437
439
448
444
437
426
421
417
422
421
405
389
374
360
357
363
364
362
364
364
362
358
371
374
371
349
336
338
342
330
317
318
323
313
302
309
299
303
295
296
291
272
261
241
234
228
231
245
252
257
248
242
238
232
229
211
209
218
213
213
215
217
214
193
175
167
177
176
185
209
208
210
223
228
221
223
219
226
219
202
201
202
200
193
177
176
178
190
197
187
190
190
197
193
191
184
178
181
179
173
174
182
194
200
194
187
188
187
183
197
198
196
190
181
168
166
180
188
182
186
192
195
220
201
191
182
166
180
179
191
197
198
191
179
180
186
190
215
223
218
222
225
231
219
231
219
196
188
189
179
182
194
167
134
124
107
111
125
119
111
107
107
122
120
118
123
138
148
156
149
124
114
111
104
101
99
81
81
93
91
75
63
65
67
78
68
48
41
36
52
63
52
25
-18
-45
-40
-11
16
11
-1
-32
-43
-22
8
40
57
46
12
18
43
49
61
59
27
-1
-7
11
23
13
19
8
0
5
-9
-1
18
37
54
71
72
66
51
51
63
63
76
103
117
138
133
122
101
99
101
110
106
93
85
87
95
77
72
68
74
76
68
71
85
105
125
143
134
122
129
141
155
159
149
117
104
104
111
98
75
59
46
48
55
55
48
32
4
11
4
10
23
17
35
42
46
42
44
32
30
44
38
40
44
30
33
31
16
16
12
6
0
-4
8
32
42
58
63
53
38
37
26
9
-1
11
27
31
36
21
25
27
13
-4
-12
-10
-3
25
45
51
48
46
55
68
80
86
83
82
83
84
93
88
86
85
79
73
68
60
68
87
88
87
85
87
91
90
85
73
71
68
75
91
102
93
107
110
106
123
122
110
97
98
89
83
85
78
65
57
51
55
50
47
61
62
73
78
79
94
101
96
94
89
83
65
56
66
82
97
103
97
86
77
70
56
59
60
68
62
49
47
47
48
38
20
9
13
10
16
14
17
5
2
7
0
11
23
27
12
0
9
13
22
16
9
1
-14
-6
-8
2
6
3
1
-4
6
9
1
-5
-8
-14
-4
4
-2
9
-4
-3
11
11
19
8
14
14
18
18
11
19
18
15
37
43
39
60
64
67
68
63
53
62
74
69
63
75
96
109
115
137
145
155
159
157
169
165
160
140
142
141
141
141
125
105
91
78
77
80
81
101
107
121
128
116
119
129
126
128
134
141
124
120
122
125
127
136
128
127
142
149
169
160
163
176
184
191
188
170
170
178
183
185
174
152
129
122
131
135
132
140
127
123
134
155
175
202
209
201
180
179
184
178
186
186
176
168
179
191
188
186
177
172
191
195
189
187
190
189
182
166
166
168
183
195
214
223
223
225
223
222
211
196
201
191
195
196
185
194
201
186
176
164
153
155
175
194
221
234
236
239
235
231
230
224
232
254
260
275
284
289
282
267
259
256
260
254
249
263
263
266
260
249
242
237
244
249
245
253
258
277
298
308
307
308
317
320
313
323
357
380
372
359
346
344
350
352
373
364
370
390
393
395
389
379
360
372
375
367
371
367
371
381
398
401
391
392
382
366
369
396
407
423
424
421
416
422
424
421
424
419
403
399
395
380
392
398
406
415
428
440
455
458
470
462
435
424
412
414
437
461
479
469
450
444
439
442
434
435
442
442
439
435
440
439
412
403
397
390
386
399
418
428
441
434
421
416
413
401
402
401
402
397
387
384
375
369
370
376
391
397
410
415
414
405
401
402
394
398
413
404
387
377
369
358
355
350
329
333
337
339
349
354
351
343
352
348
365
371
363
366
360
366
367
346
348
344
345
345
345
336
335
343
340
332
329
341
353
350
343
340
329
325
332
319
313
316
324
328
321
321
307
304
288
274
272
270
260
255
261
253
240
236
226
231
231
223
216
214
219
211
213
211
210
218
233
249
250
247
248
247
261
261
249
244
233
230
249
254
253
270
251
220
216
205
208
221
214
211
185
190
214
199
188
205
219
224
228
225
220
210
205
204
224
236
235
248
232
210
195
193
201
197
202
198
163
153
167
189
198
167
113
55
48
77
114
147
158
129
108
107
140
185
215
211
187
168
180
205
225
231
214
185
170
168
170
171
180
172
151
131
123
126
137
150
135
138
145
148
166
169
166
172
188
212
221
227
232
200
176
165
154
152
154
150
126
120
134
126
119
114
114
112
114
111
110
123
135
133
123
133
129
130
148
160
147
138
137
131
133
131
115
80
48
25
30
54
67
69
42
13
5
10
16
47
78
86
96
92
83
93
93
92
82
72
83
87
97
111
109
96
82
80
77
70
72
69
75
87
99
104
107
96
89
76
62
60
54
42
47
51
52
41
22
24
22
31
30
30
48
55
59
48
41
34
23
34
52
57
54
61
56
55
51
44
45
28
18
20
27
33
24
14
-8
-18
-10
-2
3
11
15
7
5
-4
-9
-12
-22
-27
-28
-33
-32
-38
-42
-44
-70
-75
-73
-73
-75
-61
-53
-45
-51
-69
-59
-52
-53
-44
-34
-30
-37
-44
-51
-64
-75
-80
-76
-59
-43
-35
-34
-40
-43
-65
-74
-76
-84
-84
-90
-84
-87
-93
-98
-84
-87
-102
-99
-89
-73
-58
-61
-70
-70
-74
-66
-60
-58
-51
-25
-5
-10
-16
-28
-23
-11
-6
-5
-7
-18
-23
-23
-29
-28
-51
-61
-74
-77
-74
-80
-75
-73
-64
-58
-59
-66
-78
-81
-83
-84
-74
-69
-82
-88
-92
-102
-101
-95
-100
-90
-88
-93
-90
-87
-104
-103
-95
-103
-92
-83
-73
-76
-82
-90
-81
-77
-78
-69
-71
-65
-56
-57
-55
-42
-32
-29
-30
-53
-74
-63
-47
-24
-12
-37
-54
-65
-74
-89
-88
-76
-69
-66
-62
-55
-43
-61
-67
-60
-66
-42
-54
-51
-57
-46
-43
-30
4
17
26
36
34
28
33
12
21
34
33
21
10
10
4
20
22
3
-26
-50
-61
-41
-29
-22
-29
-36
-25
-9
28
50
65
77
66
62
75
99
123
116
100
85
84
80
69
67
69
72
84
79
76
70
64
64
65
78
94
98
110
120
132
137
148
174
189
182
164
158
147
167
189
190
191
185
181
181
161
138
126
126
132
133
142
141
142
132
126
127
137
155
158
167
189
208
196
197
168
158
161
145
133
88
82
75
71
86
73
64
58
50
35
18
20
21
26
45
55
54
44
49
59
68
74
79
99
112
98
97
102
79
55
42
27
9
13
33
42
36
32
7
-2
-8
-10
-11
-17
-14
-8
-7
-7
-16
-42
-33
-15
-6
-5
-12
-10
-2
0
-10
-21
-27
-34
-39
-30
-15
-8
-17
-24
-40
-49
-40
-28
-20
-15
-7
2
0
-4
-15
-27
-19
-24
-15
-12
-8
-15
-20
-32
-46
-48
-49
-43
-52
-48
-46
-37
-40
-46
-55
-63
-65
-57
-51
-60
-58
-64
-73
-80
-85
-99
-113
-104
-86
-73
-71
-82
-90
-112
-108
-105
-95
-77
-62
-47
-53
-43
-43
-34
-39
-43
-48
-57
-63
-66
-75
-74
-63
-66
-75
-82
-94
-104
-96
-85
-81
-78
-83
-76
-79
-77
-68
-73
-68
-65
-62
-62
-67
-70
-73
-71
-49
-41
-55
-54
-52
-59
-63
-61
-67
-70
-75
-82
-82
-81
-81
-84
-78
-77
-67
-64
-68
-68
-72
-60
-61
-56
-69
-81
-87
-77
-79
-99
-106
-102
-102
-104
-111
-111
-99
-97
-81
-85
-89
-93
-93
-93
-83
-87
-97
-99
-106
-94
-95
-82
-68
-71
-66
-49
-52
-54
-46
-52
-71
-70
-64
-60
-76
-88
-108
-112
-114
-114
-125
-135
-108
-102
-87
-77
-72
-72
-81
-76
-68
-72
-76
-92
-89
-88
-87
-88
-105
-97
-90
-78
-87
-96
-110
-117
-102
-85
-101
-114
-117
-113
-113
-105
-110
-134
-143
-149
-135
-134
-119
-125
-137
-134
-130
-126
-128
-117
-115
-130
-131
-137
-134
-123
-121
-128
-143
-139
-131
-138
-153
-155
-167
-171
-175
-197
-194
-189
-189
-194
-196
-209
-233
-248
-246
-243
-247
-240
-226
-222
-215
-242
-273
-294
-306
-292
-264
-272
-287
-294
-302
-294
-283
-279
-298
-315
-307
-283
-261
-244
-228
-222
-214
-223
-213
-219
-230
-228
-225
-235
-239
-242
-249
-247
-253
-269
-284
-292
-307
-304
-310
-310
-307
-316
-311
-315
-319
-313
-303
-292
-285
-286
-293
-282
-282
-273
-260
-260
-255
-265
-249
-256
-260
-254
-262
-275
-292
-294
-285
-289
-296
-285
-290
-296
-300
-301
-321
-331
-345
-330
-311
-303
-281
-288
-292
-301
-298
-311
-323
-338
-334
-314
-305
-296
-299
-316
-331
-320
-299
-279
-270
-273
-284
-279
-254
-260
-275
-279
-275
-261
-247
-244
-248
-235
-223
-204
-184
-187
-191
-192
-191
-181
-184
-189
-195
-204
-205
-204
-208
-201
-212
-213
-210
-223
-226
-237
-228
-227
-225
-237
-254
-257
-255
-242
-230
-224
-220
-210
-190
-176
-166
-169
-172
-166
-160
-168
-174
-155
-151
-160
-180
-172
-166
-152
-153
-147
-139
-132
-122
-133
-122
-132
-150
-161
-154
-142
-137
-142
-151
-154
-156
-154
-147
-137
-140
-139
-147
-147
-139
-127
-115
-114
-107
-105
-113
-117
-117
-116
-112
-117
-128
-135
-129
-130
-138
-136
-131
-125
-127
-131
-131
-131
-130
-129
-134
-131
-119
-126
-122
-126
-127
-117
-132
-150
-163
-168
-170
-164
-159
-156
-155
-156
-139
-141
-150
-149
-144
-145
-147
-146
-153
-156
-160
-160
-148
-133
-125
-117
-107
-103
-101
-104
-98
-79
-75
-86
-99
-107
-98
-90
-97
-102
-109
-110
-122
-121
-118
-122
-116
-132
-142
-124
-117
-122
-113
-127
-128
-125
-117
-119
-127
-135
-151
-151
-159
-155
-145
-151
-141
-114
-102
-109
-110
-106
-97
-86
-95
-90
-89
-83
-66
-73
-98
-122
-131
-124
-115
-115
-104
-83
-92
-107
-109
-94
-66
-34
-20
-27
-53
-78
-90
-88
-71
-80
-95
-102
-86
-72
-77
-109
-112
-97
-84
-70
-80
-79
-85
-85
-76
-81
-83
-87
-91
-93
-85
-84
-73
-65
-65
-69
-75
-97
-104
-99
-96
-91
-74
-70
-79
-94
-96
-86
-94
-95
-96
-101
-80
-70
-54
-56
-49
-30
-36
-39
-21
-3
29
49
58
49
35
42
41
30
21
18
