182
179
163
166
166
168
177
179
173
183
188
187
174
173
185
183
177
165
168
165
171
166
150
149
140
148
157
170
167
155
149
129
120
128
129
127
131
130
124
124
111
110
114
119
122
141
152
147
147
134
130
118
106
109
108
104
99
95
107
120
113
108
99
94
99
103
109
121
128
109
99
88
93
107
136
148
152
162
160
169
179
190
184
161
156
170
172
174
169
164
156
161
154
164
182
181
182
178
182
188
184
194
196
203
213
208
216
208
212
212
208
217
219
230
231
232
243
243
239
245
247
252
264
256
250
245
247
252
263
264
261
259
257
257
249
251
252
278
292
290
280
259
243
236
233
244
257
260
251
261
263
273
265
267
270
272
277
267
254
255
260
260
268
265
256
273
291
297
299
293
285
297
308
307
297
283
287
283
279
278
254
246
243
229
239
251
249
243
240
259
273
270
268
250
262
281
290
293
279
275
267
255
263
269
270
275
281
272
269
249
239
261
279
279
261
242
238
250
265
259
247
210
198
203
208
238
237
237
240
246
262
283
307
317
307
285
276
275
272
270
251
240
244
252
237
236
243
241
250
238
234
221
217
228
232
250
252
242
233
217
219
226
249
278
290
282
261
238
237
255
274
277
269
243
228
233
252
273
265
238
213
222
227
237
243
238
244
242
258
268
259
245
241
250
254
251
239
220
217
212
199
194
186
179
179
179
180
169
157
156
154
158
164
164
172
185
201
201
205
209
200
219
242
250
256
259
271
278
279
258
232
233
244
257
265
268
252
228
220
209
213
200
185
189
193
224
233
240
232
232
219
212
218
207
206
203
207
220
230
224
223
220
232
233
245
245
240
249
244
250
243
239
242
241
244
246
246
247
242
249
256
263
266
252
259
261
266
265
256
247
230
225
225
234
237
247
256
246
230
220
207
212
227
228
213
204
192
187
199
206
219
232
246
251
253
256
259
254
255
243
246
243
240
239
227
228
238
248
244
230
232
225
207
211
204
211
207
198
180
160
167
165
162
165
159
175
173
166
171
157
158
160
174
196
203
194
202
202
190
184
174
179
174
179
177
157
155
156
148
138
129
124
125
141
148
143
142
145
160
163
151
147
136
134
145
127
116
109
108
110
94
85
70
66
69
84
73
65
62
60
57
48
56
44
38
32
18
14
12
7
10
16
22
26
24
35
49
38
34
26
23
21
30
20
5
-3
-25
-46
-54
-53
-57
-50
-42
-56
-63
-73
-68
-58
-60
-56
-57
-39
-35
-23
-22
-42
-40
-37
-32
-34
-35
-35
-28
-25
-31
-45
-59
-47
-45
-66
-85
-104
-105
-81
-68
-74
-108
-142
-165
-154
-125
-114
-118
-138
-170
-171
-152
-129
-104
-85
-83
-96
-105
-120
-128
-135
-149
-170
-164
-152
-143
-128
-120
-128
-137
-145
-143
-137
-146
-139
-134
-144
-159
-169
-173
-185
-188
-183
-184
-178
-172
-163
-167
-188
-196
-206
-204
-209
-208
-214
-203
-200
-211
-210
-224
-225
-228
-216
-198
-194
-204
-205
-196
-189
-193
-185
-200
-207
-193
-193
-184
-181
-165
-164
-170
-168
-188
-203
-212
-223
-235
-227
-229
-239
-255
-275
-274
-273
-279
-273
-278
-270
-254
-247
-244
-248
-242
-234
-239
-250
-262
-270
-258
-243
-242
-226
-231
-255
-261
-262
-243
-243
-233
-205
-190
-182
-187
-228
-262
-268
-256
-233
-219
-208
-205
-208
-224
-229
-237
-257
-256
-248
-242
-241
-245
-249
-254
-245
-233
-225
-226
-206
-194
-177
-166
-173
-177
-187
-198
-197
-193
-195
-185
-182
-171
-163
-154
-150
-142
-149
-179
-175
-161
-157
-151
-150
-174
-200
-197
-197
-208
-201
-192
-173
-169
-178
-182
-204
-212
-216
-220
-218
-200
-193
-186
-181
-182
-189
-187
-188
-200
-202
-214
-213
-206
-203
-209
-213
-209
-212
-219
-213
-211
-215
-206
-196
-189
-190
-195
-207
-215
-205
-197
-176
-180
-187
-194
-198
-195
-205
-211
-213
-213
-203
-194
-188
-185
-203
-207
-202
-183
-164
-142
-140
-153
-156
-152
-149
-148
-162
-177
-168
-156
-158
-163
-169
-169
-168
-162
-171
-180
-180
-170
-154
-135
-142
-152
-167
-186
-190
-194
-183
-187
-202
-193
-212
-221
-227
-229
-232
-236
-230
-222
-238
-246
-249
-249
-243
-242
-236
-247
-248
-246
-249
-259
-269
-284
-277
-269
-260
-251
-259
-267
-259
-247
-239
-240
-247
-256
-264
-248
-229
-220
-227
-237
-263
-282
-281
-284
-277
-270
-265
-262
-263
-258
-267
-268
-254
-249
-217
-215
-223
-234
-259
-252
-245
-240
-229
-218
-208
-195
-194
-212
-231
-218
-182
-155
-161
-185
-214
-194
-147
-114
-130
-187
-242
-261
-228
-194
-156
-148
-174
-216
-221
-207
-157
-125
-125
-151
-171
-163
-153
-151
-146
-155
-189
-207
-199
-169
-161
-156
-164
-167
-180
-193
-197
-204
-185
-167
-166
-152
-143
-151
-156
-160
-148
-147
-123
-108
-99
-96
-108
-125
-140
-142
-151
-148
-161
-182
-179
-159
-143
-154
-167
-174
-169
-156
-144
-121
-113
-111
-94
-104
-120
-120
-120
-92
-84
-84
-96
-117
-128
-128
-112
-120
-144
-176
-192
-191
-174
-165
-180
-198
-203
-199
-206
-204
-202
-180
-176
-174
-167
-163
-156
-164
-157
-150
-161
-163
-165
-149
-149
-137
-139
-162
-169
-170
-161
-164
-155
-139
-121
-111
-113
-122
-139
-162
-164
-173
-183
-185
-186
-181
-180
-178
-173
-166
-173
-166
-161
-160
-149
-143
-133
-114
-108
-101
-101
-96
-96
-100
-106
-107
-98
-102
-103
-107
-119
-115
-115
-117
-108
-96
-92
-96
-100
-113
-129
-134
-125
-109
-112
-116
-135
-146
-151
-156
-160
-173
-188
-190
-185
-184
-162
-164
-177
-206
-198
-181
-178
-174
-172
-183
-175
-187
-202
-201
-200
-189
-186
-182
-179
-194
-189
-181
-179
-176
-183
-182
-183
-160
-142
-138
-140
-131
-138
-161
-162
-165
-165
-175
-190
-200
-208
-211
-211
-214
-218
-223
-236
-243
-245
-228
-214
-217
-230
-220
-225
-232
-217
-217
-212
-202
-189
-188
-173
-177
-186
-190
-207
-203
-198
-183
-162
-161
-166
-166
-174
-166
-152
-152
-156
-149
-138
-114
-111
-115
-124
-150
-161
-165
-154
-158
-159
-164
-173
-161
-159
-160
-158
-162
-165
-154
-140
-122
-107
-111
-121
-116
-108
-113
-111
-108
-115
-108
-93
-85
-86
-78
-60
-51
-56
-43
-46
-49
-56
-64
-66
-42
-37
-22
-24
-35
-40
-40
-24
-17
-16
-31
-25
-36
-14
1
10
11
8
1
-2
2
-4
0
-1
12
27
46
61
69
79
85
84
100
108
103
89
87
81
75
66
71
92
109
106
95
73
65
78
93
96
97
103
101
113
115
135
155
166
178
178
177
185
180
177
175
177
172
159
179
193
197
193
185
197
191
182
180
167
168
180
178
178
180
166
153
143
151
161
183
189
199
184
161
157
154
159
161
170
171
173
164
160
163
159
152
155
167
156
174
172
157
155
157
153
143
140
150
160
163
182
190
172
169
176
167
154
143
125
117
116
107
112
111
109
106
106
101
109
103
94
72
71
78
85
88
69
68
77
96
94
106
115
122
118
111
101
108
108
98
98
102
117
123
121
109
80
68
75
70
76
78
83
99
110
114
102
90
88
90
92
91
82
90
95
100
101
94
101
118
123
131
145
143
130
132
129
141
129
117
126
124
140
154
164
170
165
144
140
148
156
163
161
163
169
151
145
146
144
151
156
159
174
184
185
177
171
157
149
148
155
157
158
158
157
161
160
160
165
174
181
201
204
197
174
171
165
167
168
168
181
185
194
207
208
207
213
201
203
210
209
201
209
210
208
209
215
206
194
192
185
206
207
209
209
214
211
209
225
225
215
200
209
219
221
229
227
221
227
247
252
253
260
255
271
286
296
301
302
313
318
320
323
322
316
330
343
342
334
332
346
339
334
340
341
348
345
346
350
343
328
324
306
303
299
288
292
296
309
306
316
316
304
306
310
314
320
319
332
339
322
307
310
332
341
336
347
325
315
318
331
350
346
335
310
279
278
286
296
311
300
288
285
288
305
308
306
305
321
334
323
312
296
288
288
294
309
317
306
312
309
305
281
287
310
312
312
291
273
254
278
305
310
293
244
205
210
245
258
271
267
234
223
239
285
322
309
308
288
266
277
289
313
309
289
248
229
233
232
234
222
203
180
159
141
128
138
161
177
181
179
170
171
164
162
163
171
181
206
207
200
198
187
191
189
184
174
162
151
148
156
160
152
149
145
145
149
156
150
142
140
141
138
133
133
149
167
178
163
153
140
121
135
143
132
99
73
61
64
67
52
30
26
29
35
43
54
70
77
91
81
71
52
43
35
19
24
26
33
29
46
50
46
32
23
26
25
31
24
27
38
46
48
51
37
21
-3
-15
-8
5
14
35
52
53
62
63
58
52
49
28
15
28
38
50
49
55
66
77
91
102
113
108
97
89
92
91
99
103
117
135
138
133
121
121
124
124
105
93
93
110
120
127
112
97
96
89
87
72
73
65
67
68
70
57
44
50
46
47
41
35
43
30
28
34
39
37
33
46
56
65
81
94
96
88
73
68
71
70
71
67
82
101
105
105
90
85
78
82
94
85
73
65
59
64
70
73
76
77
82
68
66
66
79
81
76
91
88
81
93
114
119
121
112
111
108
106
115
109
95
90
100
97
98
101
84
74
73
75
80
86
77
83
83
79
71
74
60
62
80
77
88
79
71
56
57
59
59
48
32
28
32
22
16
3
-20
-22
-30
-20
-33
-35
-1
5
17
29
29
28
29
29
26
28
21
17
18
26
29
22
16
20
24
20
21
18
4
-14
-11
-11
-23
-18
-30
-36
-41
-48
-41
-37
-48
-53
-51
-42
-38
-47
-58
-53
-52
-51
-46
-50
-59
-49
-29
-27
-34
-44
-36
-34
-37
-41
-49
-66
-57
-51
-53
-75
-106
-119
-118
-103
-99
-85
-80
-87
-91
-80
-62
-53
-35
-27
-29
-34
-34
-33
-37
-40
-55
-64
-73
-78
-73
-54
-51
-61
-73
-80
-74
-59
-63
-61
-53
-52
-61
-66
-63
-69
-60
-45
-32
-10
-9
-13
-7
-11
-3
-3
-4
3
7
14
24
26
30
25
9
0
20
25
46
65
54
57
58
68
67
61
56
52
51
74
86
96
101
92
89
85
81
79
53
25
24
40
41
24
12
17
19
12
4
-4
3
19
37
56
50
57
66
50
53
46
59
85
101
122
122
100
88
69
62
70
73
86
94
109
101
90
64
45
42
40
49
66
79
102
94
80
87
74
62
64
74
84
104
101
97
101
107
100
103
102
109
108
106
120
132
126
120
112
103
103
120
138
147
155
150
146
139
140
133
115
115
129
139
135
137
116
111
107
96
104
109
117
125
130
121
98
96
96
87
81
75
70
74
77
92
95
104
92
82
92
99
121
124
132
120
106
103
106
114
122
129
134
148
153
156
154
143
129
121
100
87
90
86
80
67
43
40
34
29
36
35
37
40
46
39
39
41
41
39
23
21
27
45
58
55
50
52
53
62
68
48
57
65
50
52
56
48
43
27
17
14
-10
-11
5
14
12
24
21
20
12
12
17
1
3
-4
-20
-36
-42
-27
-12
-10
-5
-10
-23
-23
-14
-30
-32
-24
-19
-20
-25
-27
-28
-18
-15
-14
1
-7
-20
-11
-6
16
36
39
42
39
18
17
17
43
43
35
12
-23
-17
-19
-9
-9
-18
-26
-31
-19
-8
-14
-9
6
42
69
68
57
40
42
60
76
93
117
108
86
96
87
70
61
94
115
130
122
91
102
135
183
198
161
99
55
67
118
166
185
173
142
136
152
190
229
235
236
210
198
213
240
258
271
253
234
207
219
234
241
229
206
184
176
165
160
165
168
197
200
218
203
210
214
216
215
235
258
254
270
258
230
216
209
217
224
210
207
208
206
224
227
209
201
197
206
220
220
238
255
267
279
280
286
276
307
331
329
321
305
297
280
290
268
247
212
180
181
182
204
216
212
194
186
183
184
191
205
231
244
261
250
253
256
255
265
272
269
255
258
260
263
258
266
263
242
222
201
192
190
207
219
223
223
208
200
187
175
163
157
171
182
184
192
199
201
195
173
157
146
148
150
156
163
167
162
160
166
177
202
214
230
231
231
234
221
212
198
200
199
204
208
208
204
191
192
189
184
191
206
212
214
196
189
180
174
175
170
154
159
161
163
168
154
139
131
115
114
108
104
104
119
121
110
102
86
95
107
129
130
135
129
145
142
130
134
135
135
130
128
140
155
155
152
140
125
117
109
121
122
105
109
112
120
97
88
87
74
70
58
63
70
80
94
96
102
105
108
115
126
120
127
130
137
134
140
162
153
155
171
179
199
222
220
214
220
228
218
227
237
236
242
228
242
249
237
219
209
184
181
198
208
213
220
212
204
196
183
186
177
178
181
197
195
194
200
202
189
186
185
184
196
203
214
214
207
194
199
212
226
238
251
259
257
252
249
233
229
239
250
259
265
258
237
237
244
241
248
238
239
235
247
252
245
237
226
220
224
240
239
243
235
234
242
254
266
268
267
292
297
302
281
273
286
292
285
277
271
266
292
317
311
298
272
249
252
275
295
297
286
263
258
265
279
319
366
362
354
335
322
313
328
339
333
328
318
300
288
279
266
270
271
277
266
256
241
236
234
223
216
228
251
263
273
285
292
300
303
305
306
284
285
278
268
281
273
266
255
235
237
231
214
200
204
220
219
236
238
243
244
243
252
237
243
260
273
297
309
307
300
283
275
270
255
248
234
211
203
204
197
190
188
182
168
166
162
159
169
176
199
218
233
226
215
204
192
194
211
235
249
250
245
244
237
239
231
225
219
212
225
244
254
232
204
177
163
150
156
154
157
167
172
172
162
151
150
164
176
184
167
157
168
177
170
171
167
180
201
207
205
206
212
216
230
221
217
213
229
258
271
276
278
276
254
239
228
236
247
255
252
254
253
239
238
238
234
221
222
232
243
243
240
236
239
237
236
241
240
237
241
253
248
234
214
205
204
215
216
227
238
214
198
179
177
183
195
211
219
222
228
235
243
252
251
244
254
248
244
237
247
246
232
210
201
207
211
230
222
227
224
219
227
239
235
240
243
245
261
263
267
261
257
271
288
292
295
296
292
278
274
277
278
289
286
312
315
310
321
322
336
345
340
351
346
341
334
330
319
313
318
326
320
314
306
298
296
298
306
293
283
275
271
271
284
290
280
284
281
280
269
254
258
246
257
257
261
267
275
274
280
285
282
275
283
280
265
261
258
261
252
253
225
187
199
211
215
227
219
200
198
207
210
203
201
216
216
235
234
221
216
217
216
210
220
233
233
245
255
251
244
239
248
251
257
248
244
248
260
268
272
261
231
194
173
193
197
215
219
193
180
169
196
211
229
237
218
216
226
234
246
253
243
224
198
204
211
199
200
190
197
190
185
184
171
168
197
210
211
193
174
173
152
157
166
199
230
240
236
215
202
213
229
225
223
214
194
203
201
196
187
180
167
161
188
189
201
201
212
225
224
243
235
219
237
233
223
221
222
213
200
203
206
196
201
178
168
188
186
177
164
162
168
179
194
216
206
232
253
258
257
256
259
260
273
271
287
282
293
286
270
262
244
234
229
228
229
243
261
262
254
246
245
239
232
241
235
242
257
263
267
272
276
267
277
272
267
265
272
285
296
321
324
310
307
315
326
340
344
335
323
315
315
320
326
311
303
318
329
330
314
303
306
301
304
306
302
310
320
332
323
300
292
281
262
256
238
223
236
243
248
262
249
240
225
223
229
227
240
235
225
212
213
225
228
242
268
277
276
267
264
272
277
269
264
262
256
253
257
271
279
285
287
275
278
275
263
264
268
254
239
245
230
239
250
242
239
235
236
236
226
206
213
220
218
229
231
218
219
214
213
208
216
227
225
216
209
205
196
188
191
187
184
178
169
180
197
202
195
191
193
198
211
226
219
210
204
204
204
190
186
178
174
183
177
172
151
135
123
118
123
115
115
119
114
117
101
100
97
92
97
87
102
112
113
128
132
130
126
130
143
141
140
112
90
108
111
108
95
72
54
36
25
22
15
27
25
30
29
29
32
24
30
30
36
44
39
32
36
39
48
53
58
63
62
71
70
72
71
72
78
90
78
40
23
23
47
70
71
43
10
-4
-2
13
29
48
50
38
53
69
91
110
128
129
119
117
128
111
98
84
61
67
67
60
65
49
46
43
30
26
15
16
14
15
19
4
5
2
11
-1
-4
12
22
35
40
32
12
9
0
-6
-14
-22
-5
11
11
21
3
-6
6
-1
1
2
2
18
17
19
27
34
48
38
25
17
28
27
27
32
25
1
-15
-40
-61
-58
-56
-60
-56
-43
-40
-47
-34
-34
-45
-43
-34
-21
-19
-21
-18
-16
-11
-14
-11
-13
-15
-16
-5
19
47
42
35
33
27
21
27
32
13
10
16
19
17
14
-5
-27
-45
-47
-34
-23
-22
-25
-28
-35
-46
-75
-96
-96
-91
-83
-69
-65
-59
-61
-56
-61
-61
-49
-43
-18
-4
13
15
9
-5
-22
-22
-17
3
12
4
-1
-10
-4
5
-10
-29
-36
-37
-36
-18
4
0
-22
-34
-40
-57
-58
-62
-58
-60
-59
-68
-67
-88
-108
-117
-123
-116
-119
-99
-102
-94
-86
-93
-98
-104
-108
-99
-98
-105
-100
-108
-125
-126
-132
-138
-143
-150
-146
-139
-125
-129
-120
-121
-129
-136
-153
-159
-155
-147
-150
-156
-155
-165
-180
-182
-193
-206
-203
-200
-190
-177
-180
-182
-196
-204
-211
-208
-205
-206
-194
-195
-188
-180
-165
-160
-166
-161
-165
-157
-156
-147
-141
-133
-125
-127
-133
-143
-141
-134
-141
-155
-160
-162
-153
-140
-140
-154
-156
-157
-145
-131
-140
-151
-155
-150
-137
-139
-152
-160
-173
-176
-187
-182
-179
-193
-184
-191
-174
-167
-172
-178
-193
-185
-176
-179
-176
-176
-179
-163
-161
-170
-178
-201
-214
-213
-195
-185
-172
-167
-190
-214
-221
-220
-217
-209
-220
-231
-235
-226
-219
-239
-255
-242
-219
-201
-200
-209
-221
-223
-219
-214
-202
-183
-184
-184
-183
-194
-186
-173
-147
-127
-127
-157
-194
-185
-157
-125
-128
-166
-228
-275
-269
-228
-173
-153
-168
-204
-220
-216
-179
-153
-136
-135
-151
-177
-181
-162
-141
-142
-167
-194
-206
-194
-174
-161
-161
-187
-199
-208
-220
-224
-206
-182
-174
-168
-168
-170
-174
-179
-179
-181
-178
-177
-172
-173
-181
-180
-206
-220
-211
-210
-209
-217
-235
-255
-244
-237
-247
-252
-254
-243
-235
-223
-217
-205
-190
-176
-164
-155
-162
-160
-135
-121
-134
-145
-152
-158
-157
-155
-185
-232
-266
-283
-271
-263
-253
-252
-268
-275
-277
-271
-269
-262
-242
-230
-225
-223
-212
-197
-188
-201
-195
-210
-197
-190
-185
-183
-178
-168
-178
-186
-202
-207
-210
-214
-189
-171
-159
-169
-177
-195
-211
-211
-218
-221
-220
-218
-211
-209
-207
-205
-204
-215
-237
-225
-218
-215
-207
-186
-182
-176
-175
-162
-149
-134
-127
-124
-119
-127
-140
-160
-154
-139
-124
-113
-119
-139
-137
-131
-123
-138
-157
-181
-184
-167
-163
-154
-168
-178
-196
-216
-215
-228
-230
-219
-230
-227
-231
-233
-252
-254
-269
-286
-282
-277
-267
-272
-270
-291
-309
-322
-309
-292
-287
-275
-264
-263
-255
-251
-263
-262
-269
-268
-259
-250
-243
-247
-245
-241
-239
-245
-261
-260
-265
-260
-253
-250
-247
-240
-236
-239
-243
-251
-245
-234
-222
-212
-202
-199
-200
-203
-220
-219
-216
-210
-198
-180
-186
-188
-162
-160
-150
-155
-161
-161
-155
-138
-136
-144
-148
-150
-147
-141
-134
-116
-104
-94
-79
-68
-73
-72
-83
-94
-108
-105
-112
-116
-129
-140
-153
-169
-184
-189
-169
-164
-151
-148
-139
-143
-156
-149
-139
-143
-145
-143
-130
-108
-97
-100
-103
-94
-95
-101
-86
-76
-69
-76
-82
-82
-87
-84
-94
-110
-106
-109
-110
-104
-103
-112
-129
-134
-139
-155
-155
-158
-165
-164
-176
-166
-173
-191
-192
-195
-177
-171
-172
-178
-173
-158
-170
-156
-136
-134
-114
-111
-108
-112
-126
-121
-113
-122
-118
-125
-145
-141
-140
-137
-136
-149
-150
-165
-176
-162
-148
-129
-140
-150
-153
-133
-109
-83
-58
-67
-79
-96
-102
-100
-80
-83
-104
-107
-114
-106
-112
-126
-123
-119
-113
-112
-118
-128
-135
-156
-171
-179
-180
-162
-149
-150
-133
-115
-106
-92
-97
-83
-92
-117
-118
-122
-118
-117
-119
-127
-156
-165
-175
-181
-187
-191
-186
-193
-197
-189
-182
-173
-173
-179
-174
-175
-178
-173
-148
-131
-135
-141
-171
-176
-175
-170
-182
-211
-237
-256
-251
-252
-249
-255
-257
-274
-280
-282
-272
-244
-227
-218
-209
-213
-204
-191
-192
-193
-193
-182
-178
-169
-181
-191
-198
-198
-189
-193
-212
-221
-228
-224
-221
-222
-215
-227
-240
-238
-233
-233
-229
-216
-195
-181
-190
-210
-235
-238
-228
-215
-223
-235
-233
-224
-206
-211
-238
-249
-243
-233
-218
-202
-196
-190
-186
-186
-182
-176
-166
-160
-149
-154
-157
-166
-179
-189
-199
-209
-206
-202
-202
-208
-208
-189
-190
-196
-205
-212
-206
-199
-196
-201
-194
-186
-178
-172
-183
-199
-200
-195
-209
-210
-196
-194
-193
-183
-177
-180
-183
-173
-176
-172
-177
-180
-182
-185
-190
-190
-184
-168
-152
-153
-145
-148
-145
-123
-130
-131
-130
-123
-106
-118
-124
-125
-140
-133
-144
-157
-165
-174
-173
-171
-165
-160
-160
-158
-163
-170
-150
-150
-144
-137
-135
-135
-143
-148
-142
-129
-124
-129
-136
-139
-140
-140
-130
-128
-131
-123
-111
-115
-131
-139
-135
-117
-100
-94
-107
-124
-141
-153
-146
-158
-152
-148
-146
-137
-127
-117
-123
-121
-133
-157
-157
-158
-150
-135
-120
-129
-150
-149
-149
-144
-155
-157
-149
-134
-129
-127
-129
-126
-128
-129
-124
-142
-151
-153
-158
-151
-146
-165
-187
-204
-203
-192
-192
-193
-192
-190
-198
-196
-194
-191
-193
-196
-192
-182
-170
-174
-176
-171
-173
-169
-167
-163
-170
-170
-168
-175
-176
-165
-152
-133
-119
-114
-107
-114
-114
-112
-86
-76
-101
-112
-120
-115
-86
-88
-88
-110
-135
-116
-103
-79
-58
-58
-73
-74
-47
-32
-14
-1
-9
-22
-22
-36
-45
-55
-65
-82
-101
-98
-105
-101
-89
-90
-107
-111
-110
-100
-92
-79
-68
-77
-76
-88
-95
-102
-98
-80
-60
-39
-58
-63
-57
-49
-38
-51
-83
-87
-78
-56
-29
-25
-27
-41
-55
-67
-66
-72
-73
-78
-76
-56
-37
-33
-30
-32
-40
-40
-24
2
7
1
-20
-44
-52
-60
-67
-74
-78
-78
-78
-62
-61
-64
-83
-93
-77
-63
-46
-30
-22
-26
-33
-39
-51
-53
-48
-40
-20
-12
-17
-30
-36
-28
-49
-50
-49
-49
-44
-58
-69
-78
-102
-106
-128
-138
-139
-131
-121
-122
-112
-121
-116
-119
-116
-123
-145
-136
-127
-114
-99
-94
-85
-92
-90
-82
-78
-59
-57
-72
-78
-85
-79
-79
-81
-79
-80
-71
-68
-72
-78
-90
-99
-83
-71
-60
-60
-73
-74
-80
-81
-85
-101
-116
-102
-114
-122
-122
-118
-101
-99
-91
-101
-103
-108
-99
-106
-114
-107
-116
-125
-135
-138
-140
-126
-109
-93
-96
-109
-103
-99
-81
-74
-78
-79
-76
-70
-72
-84
-84
-78
-83
-68
-75
-76
-69
-73
-59
-43
-64
-71
-64
-62
-57
-53
-43
-44
-44
-50
-53
-51
-43
-31
-24
-31
-26
-23
-27
-19
-20
-24
-16
0
15
15
16
10
7
20
27
23
18
8
11
26
44
49
40
26
2
-8
-19
-20
-15
-17
-3
2
15
11
16
22
17
17
9
17
11
9
5
-13
-22
-27
-36
-43
-49
-48
-47
-38
-23
-8
-10
-18
-11
-6
2
-5
6
8
-4
-10
-18
-23
-30
-29
-13
-7
-6
2
19
29
29
12
0
-5
-16
-16
-20
-21
-28
-39
-39
-30
-26
-30
-42
-33
-18
-14
-12
-8
-2
6
16
25
28
18
22
41
58
73
95
103
91
79
72
70
76
84
86
96
90
80
67
54
58
63
75
80
82
73
68
90
110
134
137
134
126
125
127
116
107
89
73
72
59
49
47
38
36
30
19
8
6
15
30
31
32
32
24
32
34
44
41
44
60
65
65
56
50
51
63
60
62
85
97
106
105
98
87
79
64
59
79
87
85
78
80
90
96
103
97
82
76
83
94
108
120
111
101
68
42
34
39
45
36
36
59
60
39
26
24
34
24
16
4
-2
9
23
35
38
36
44
53
65
69
67
73
92
123
134
136
121
103
92
90
84
78
98
114
113
96
78
49
32
35
49
49
57
63
62
68
73
71
58
52
59
68
75
88
79
78
69
65
71
70
71
75
94
118
130
125
113
104
95
97
113
128
133
141
141
118
109
88
69
58
55
62
79
91
94
97
79
61
59
44
43
42
44
48
59
50
27
15
-8
-20
-34
-22
-8
-1
15
8
18
36
37
43
50
69
82
92
104
85
71
60
66
78
80
87
93
96
104
110
118
122
120
117
123
140
133
127
118
114
110
101
109
108
110
116
127
146
144
143
142
133
126
125
134
135
130
121
120
118
133
144
134
138
139
125
112
111
105
106
109
118
128
122
119
97
97
92
99
103
102
109
111
128
134
134
119
126
123
111
94
100
108
105
110
92
100
101
108
117
125
132
132
127
132
134
141
145
140
139
122
116
137
154
162
162
169
193
199
201
191
174
176
187
200
208
201
199
171
149
140
136
140
140
129
128
127
154
163
143
144
141
155
172
160
145
135
130
140
154
177
192
178
172
188
171
151
146
163
169
191
177
153
158
182
217
202
166
109
75
96
139
179
204
189
156
131
133
158
177
179
181
161
153
169
191
207
200
161
122
113
110
126
131
127
113
91
77
66
83
100
111
106
114
120
116
121
121
112
103
102
105
123
120
107
91
91
86
92
94
68
60
55
62
78
67
43
29
11
8
19
21
37
42
47
51
55
62
76
96
119
122
116
108
100
86
87
90
60
31
12
-4
8
53
64
53
39
50
47
59
77
99
96
99
111
113
123
124
125
124
131
127
133
131
141
146
137
124
106
85
71
57
45
36
54
74
79
76
64
47
32
22
15
12
7
4
5
-2
1
4
-1
-9
-8
-18
-11
4
16
24
40
57
55
62
85
92
108
121
106
100
79
64
58
53
44
31
44
39
52
68
63
54
60
44
40
50
53
71
82
55
26
13
14
21
12
35
32
30
33
21
20
-5
-2
-11
-10
9
6
18
16
10
-10
-8
-3
4
21
38
59
57
67
77
66
62
51
54
47
56
65
63
63
45
36
22
6
6
10
8
3
-1
-4
-12
-20
-21
-40
-59
-72
-78
-72
-76
-71
-70
-80
-78
-73
-61
-55
-50
-38
-39
-38
-34
-25
-10
-2
-11
-33
-38
-30
-25
-19
-19
-22
-32
-28
-35
-36
-42
-53
-55
-53
-48
-33
-47
-69
-78
-90
-81
-75
-68
-72
-64
-71
-96
-115
-130
-117
-103
-109
-109
-102
-103
-109
-106
-110
-124
-133
-133
-110
-93
-88
-75
-73
-69
-76
-85
-79
-77
-73
-52
-47
-57
-71
-75
-77
-80
-82
-85
-99
-109
-114
-141
-146
-157
-158
-163
-163
-152
-161
-154
-143
-136
-133
-126
-115
-107
-104
-113
-118
-111
-116
-119
-106
-109
-104
-95
-86
-84
-77
-79
-91
-98
-97
-95
-105
-100
-96
-96
-93
-100
-112
-139
-176
-173
-153
-141
-130
-123
-136
-142
-157
-147
-130
-122
-104
-106
-103
-107
-118
-114
-116
-133
-130
-124
-128
-134
-142
-150
-165
-155
-148
-151
-163
-177
-173
-175
-162
-162
-155
-144
-153
-134
-117
-93
-81
-69
-65
-79
-85
-99
-116
-118
-102
-103
-94
-91
-100
-109
-116
-114
-116
-118
-97
-77
-79
-67
-73
-68
-65
-67
-72
-64
-52
-45
-23
-11
-6
-22
-53
-59
-71
-77
-70
-81
-82
-82
-86
-104
-107
-90
-103
-100
-103
-101
-87
-87
-92
-86
-83
-69
-76
-68
-72
-65
-60
-58
-28
-23
-14
-18
-36
-54
-57
-70
-87
-96
-97
-89
-87
-87
-98
-118
-130
-143
-156
-152
-142
-136
-140
-149
-152
-164
-177
-168
-169
-172
-162
-144
-143
-147
-143
-152
-151
-154
-148
-138
-137
-133
-142
-144
-143
-143
-138
-134
-136
-136
-136
-126
-119
-130
-122
-130
-138
-139
-134
-119
-115
-105
-108
-115
-132
-141
-141
-154
-164
-172
-179
-194
-191
-203
-213
-226
-235
-241
-254
-252
-246
-242
-234
-233
-252
-248
-243
-248
-251
-245
-238
-227
-236
-244
-243
-249
-252
-248
-227
-229
-233
-228
-217
-211
-213
-217
-235
-262
-253
-247
-237
-241
-264
-281
-286
-267
-272
-287
-310
-326
-299
-298
-298
-289
-284
-283
-298
-298
-309
-312
-306
-291
-279
-287
-286
-306
-307
-305
-303
-284
-268
-268
-263
-268
-251
-266
-243
-262
-243
-290
-242
-191
-117
-151
-270
-287
-293
-113
-122
-58
-236
-269
-334
-242
-170
-177
-239
-319
-320
-321
-326
-359
-387
-365
-298
-335
-331
-408
-377
-354
-256
-250
-280
-327
-334
-257
-206
-162
-146
-110
-115
-139
-201
-201
-125
-94
-69
-209
-222
-309
-253
-267
-293
-317
-439
-393
-491
-467
-514
-568
-547
-597
-492
-479
-415
-485
-544
-510
-461
-327
-303
-249
-337
-429
-449
-348
-202
-176
-219
-288
-353
-341
-352
-336
-359
-395
-446
-454
-374
-307
-345
-431
-450
-341
-224
-149
-110
-104
-108
-143
-182
-174
-148
-111
-69
-68
-111
-307
-398
-376
-244
-205
-332
-439
-541
-555
-637
-638
-545
-461
-343
-403
-388
-468
-426
-292
-135
70
-1
12
-65
29
114
68
100
40
116
-21
-52
-100
-141
-201
-343
-346
-362
-388
-458
-555
-528
-577
-551
-540
-498
-438
-515
-453
-430
-297
-235
-269
-253
-273
-187
-197
-201
-163
-197
-205
-266
-233
-185
-193
-250
-332
-354
-343
-325
-272
-266
-290
-386
-465
-388
-264
-142
-145
-173
-157
-162
-80
-61
2
0
-89
-142
-196
-159
-169
-168
-170
-273
-360
-526
-538
-467
-429
-459
-608
-610
-617
-510
-460
-414
-410
-407
-349
-260
-182
-184
-163
-53
109
160
115
-26
-15
-4
87
76
2
-123
-273
-294
-327
-297
-421
-542
-605
-609
-605
-748
-797
-831
-785
-770
-827
-862
-953
-912
-839
-767
-784
-845
-783
-628
-480
-479
-532
-595
-480
-322
-140
-96
-179
-283
-300
-171
-27
59
77
43
-15
-149
-202
-186
-139
-126
-267
-419
-618
-702
-750
-741
-743
-852
-944
-1049
-1054
-1036
-1000
-918
-872
-801
-772
-713
-611
-428
-253
-143
-51
25
172
292
388
444
450
451
421
430
392
329
237
167
114
-41
-215
-401
-425
-426
-487
-603
-808
-849
-882
-824
-777
-773
-767
-837
-768
-718
-590
-553
-555
-518
-483
-398
-338
-223
-136
-150
-208
-244
-148
50
156
155
-4
-122
-111
-4
213
298
285
97
-36
-68
-47
44
69
60
-118
-313
-463
-522
-479
-460
-515
-634
-765
-836
-864
-803
-704
-654
-605
-592
-527
-455
-371
-238
-103
85
174
242
271
334
459
577
676
654
567
492
475
539
538
464
258
66
-24
-55
-47
-88
-218
-369
-529
-603
-633
-586
-554
-596
-695
-785
-757
-666
-591
-575
-583
-643
-572
-580
-451
-439
-346
-366
-272
-156
-131
-104
-93
121
204
230
157
165
237
345
434
449
361
281
194
191
179
157
71
3
-44
-139
-310
-432
-461
-455
-517
-620
-715
-753
-786
-766
-682
-590
-547
-518
-418
-295
-187
-81
97
236
317
289
382
483
637
694
658
607
576
590
564
526
479
406
332
261
187
42
-92
-176
-179
-247
-390
-565
-642
-628
-605
-582
-634
-670
-772
-817
-750
-663
-628
-664
-635
-609
-572
-518
-453
-242
-82
-62
-188
-119
132
337
434
427
349
282
315
506
592
512
359
305
275
157
7
-138
-160
-147
-279
-515
-682
-744
-801
-836
-870
-899
-954
-986
-901
-760
-677
-677
-568
-340
-140
-104
-106
-13
232
407
423
434
518
651
746
772
723
640
576
454
477
511
481
335
165
50
-76
-185
-327
-342
-363
-480
-638
-787
-785
-767
-744
-766
-825
-875
-956
-914
-815
-747
-738
-785
-763
-727
-749
-658
-459
-49
65
-102
-331
-289
95
415
595
497
268
178
263
521
582
486
370
256
214
-9
-126
-218
-168
-154
-352
-563
-823
-886
-935
-910
-894
-1044
-1158
-1185
-1004
-827
-833
-807
-685
-451
-357
-280
-141
23
184
206
283
348
514
593
684
682
673
673
656
629
585
548
475
434
353
218
29
-125
-201
-221
-293
-483
-670
-794
-799
-807
-838
-919
-950
-928
-946
-967
-1062
-1038
-971
-821
-729
-742
-821
-875
-492
-51
71
-318
-522
-200
304
717
646
435
136
229
571
809
766
481
406
363
289
106
-107
-104
-84
-106
-417
-616
-719
-766
-802
-856
-857
-1010
-1103
-1112
-869
-792
-874
-907
-730
-491
-387
-333
-240
-79
39
93
296
456
578
587
641
736
757
776
719
774
813
743
643
515
488
371
268
113
0
-90
-286
-450
-666
-759
-842
-894
-989
-1066
-1105
-1150
-1153
-1153
-1179
-1189
-1129
-1073
-1049
-1002
-948
-955
-964
-878
-567
-188
47
-84
-309
-361
-15
521
843
766
339
130
236
594
795
697
497
294
146
-144
-424
-461
-400
-305
-485
-772
-1111
-1262
-1244
-1096
-1065
-1196
-1400
-1405
-1199
-935
-815
-851
-743
-584
-335
-183
-10
131
264
393
507
653
727
742
807
857
969
903
820
676
606
602
553
499
331
147
-37
-176
-252
-400
-504
-665
-783
-907
-973
-999
-1037
-1005
-1085
-1091
-1145
-1072
-1025
-1003
-1048
-1076
-1016
-885
-797
-785
-672
-382
12
109
-89
-334
-154
456
976
1053
634
250
175
485
875
845
613
235
116
-12
-184
-409
-538
-494
-557
-730
-1025
-1256
-1318
-1269
-1205
-1202
-1338
-1454
-1392
-1128
-865
-765
-777
-648
-390
-104
9
129
259
390
490
555
721
847
892
880
852
897
775
648
529
476
498
389
282
81
-46
-156
-336
-414
-513
-580
-768
-969
-1044
-1021
-951
-941
-1003
-1052
-1191
-1174
-1109
-987
-906
-994
-981
-1087
-1013
-983
-795
-397
-99
132
-195
-427
-471
85
756
1006
880
343
148
254
714
1079
994
720
268
76
-14
-100
-114
-297
-338
-561
-763
-1029
-1180
-1128
-1118
-1147
-1306
-1445
-1428
-1219
-891
-741
-805
-856
-709
-330
3
198
239
278
404
572
710
866
997
1060
1022
998
978
895
810
785
766
686
485
353
231
125
-48
-196
-265
-345
-498
-736
-874
-884
-842
-849
-912
-955
-988
-1040
-1047
-1005
-885
-881
-932
-961
-905
-824
-738
-466
-124
87
48
-197
-252
-21
626
1034
1051
697
392
427
699
1064
1125
913
520
284
257
148
-28
-235
-337
-365
-494
-813
-1170
-1334
-1236
-1155
-1169
-1322
-1468
-1437
-1280
-966
-803
-732
-708
-485
-153
25
187
239
358
486
606
804
925
1079
984
931
886
894
924
845
779
686
621
517
319
158
-34
-110
-184
-344
-518
-738
-843
-907
-831
-871
-905
-1079
-1091
-1126
-1016
-960
-946
-900
-1104
-1038
-1064
-793
-679
-417
-122
-50
-64
-299
-206
166
788
1212
1052
646
298
501
990
1332
1283
815
468
296
347
224
64
-94
-161
-380
-680
-1004
-1143
-1025
-998
-1028
-1292
-1437
-1465
-1205
-863
-715
-768
-918
-773
-356
-23
147
143
234
265
357
553
793
1097
1076
963
764
800
917
994
1043
929
828
582
394
335
321
312
161
-32
-293
-557
-671
-703
-603
-665
-827
-1067
-1152
-1071
-940
-858
-947
-1027
-1126
-1069
-1002
-865
-781
-702
-495
-195
76
60
-123
-177
185
843
1203
1118
721
510
725
1110
1436
1285
912
537
445
442
279
28
-186
-194
-348
-612
-1026
-1188
-1134
-1060
-1084
-1294
-1389
-1452
-1194
-862
-656
-651
-805
-625
-319
79
267
306
421
378
475
524
853
1132
1152
1014
789
860
894
965
964
943
872
643
410
285
236
206
61
-127
-348
-607
-791
-848
-789
-775
-936
-1077
-1187
-1062
-1042
-1040
-1098
-1116
-1014
-1027
-915
-933
-798
-699
-322
-19
148
-38
-237
-160
391
1050
1226
910
493
412
664
1039
1269
1146
756
479
330
315
90
0
-89
-185
-448
-880
-1119
-1215
-1039
-1046
-1191
-1378
-1483
-1356
-1123
-836
-698
-704
-725
-543
-218
108
239
365
414
461
524
637
961
1162
1171
964
806
857
920
1017
959
891
832
661
534
296
194
78
42
-62
-314
-601
-836
-827
-714
-716
-851
-1118
-1176
-1122
-979
-959
-1039
-1072
-1043
-844
-699
-753
-767
-529
114
379
211
-332
-381
248
1092
1468
993
405
170
611
1154
1373
1150
694
410
354
267
121
-60
-23
-161
-418
-832
-1089
-1111
-1024
-982
-1165
-1376
-1523
-1352
-1031
-734
-666
-710
-636
-418
-90
168
373
483
498
509
568
760
1012
1206
1232
1076
878
795
784
926
1046
1014
783
532
383
316
286
177
38
-127
-334
-532
-700
-728
-738
-707
-793
-947
-1068
-1039
-968
-919
-1004
-1015
-988
-816
-721
-608
-356
-88
224
108
-93
-201
231
869
1306
1148
598
214
488
1048
1456
1272
828
467
400
394
257
190
133
14
-318
-666
-826
-798
-732
-823
-1017
-1290
-1461
-1317
-908
-507
-529
-754
-873
-580
-44
268
386
362
399
407
457
611
866
1134
1089
932
745
684
672
796
909
935
689
419
302
394
460
351
154
-29
-193
-322
-457
-559
-602
-699
-739
-882
-897
-995
-939
-898
-934
-1069
-1147
-969
-738
-646
-538
-313
101
161
-69
-346
-80
610
1203
1248
758
374
411
913
1379
1454
1123
753
626
661
580
456
327
299
50
-249
-609
-770
-753
-728
-768
-1011
-1214
-1312
-1114
-797
-594
-606
-687
-650
-342
27
302
508
510
496
425
554
842
1094
1220
1061
955
817
844
856
914
945
812
648
501
428
406
291
252
152
-3
-243
-481
-555
-557
-550
-632
-761
-866
-963
-1065
-1091
-1045
-949
-964
-926
-942
-807
-565
-71
262
201
-152
-330
170
888
1469
1305
858
433
596
1181
1552
1514
1098
770
636
575
511
390
389
351
98
-253
-543
-560
-500
-532
-619
-810
-943
-987
-762
-430
-346
-370
-423
-249
45
287
427
524
695
741
686
707
944
1179
1300
1201
1092
953
931
1056
1195
1219
1017
834
711
732
746
631
510
425
349
146
-75
-155
-138
-124
-226
-428
-573
-674
-656
-652
-686
-706
-731
-562
-536
-297
-109
250
311
243
118
293
805
1276
1461
1146
817
778
1222
1610
1682
1430
1158
986
918
773
728
648
597
311
56
-99
-128
-141
-330
-464
-565
-626
-552
-420
-155
-141
-208
-256
-111
227
453
623
664
691
691
690
835
1112
1284
1337
1119
1025
975
1042
1146
1148
1176
987
894
850
835
846
679
648
492
423
279
179
133
41
-68
-233
-325
-387
-407
-501
-548
-694
-703
-714
-492
-511
-472
-344
172
371
160
-234
-110
546
1190
1415
969
515
391
993
1552
1707
1347
936
769
787
736
599
507
500
344
-21
-313
-353
-236
-205
-402
-585
-832
-822
-623
-240
-22
-176
-322
-342
16
313
504
597
614
623
464
505
762
1141
1300
1062
825
668
767
899
1088
1123
941
635
497
553
688
648
469
271
126
39
-54
-109
-141
-197
-361
-524
-588
-544
-585
-647
-759
-809
-830
-713
-592
-438
-232
114
182
-5
-236
5
630
1137
1286
841
452
357
923
1534
1650
1281
800
637
646
622
602
468
368
115
-156
-362
-357
-262
-342
-530
-709
-808
-803
-589
-208
35
-95
-284
-251
94
464
687
741
673
537
514
613
952
1147
1129
901
749
770
780
844
883
941
882
656
513
446
571
633
556
376
127
13
-55
-20
-37
-175
-375
-540
-517
-553
-511
-674
-715
-814
-684
-607
-547
-380
-147
246
96
-128
-341
196
783
1172
975
493
190
389
1032
1470
1356
935
595
611
636
602
496
378
237
-66
-363
-444
-260
-206
-457
-820
-960
-945
-695
-413
-46
-72
-317
-508
-262
255
620
765
706
615
521
463
657
975
1203
1082
784
537
516
616
787
881
810
536
245
247
360
557
468
329
140
-19
-117
-165
-90
-121
-282
-439
-600
-535
-623
-588
-684
-672
-670
-575
-472
-416
-139
294
464
138
-246
-80
559
1158
1329
865
365
93
658
1294
1545
1148
652
500
565
612
497
396
406
248
-86
-407
-375
-197
-178
-386
-595
-787
-747
-560
-122
127
-5
-234
-299
131
494
784
855
859
754
631
622
899
1072
1237
1036
917
674
622
633
767
893
792
569
312
351
475
583
417
240
62
38
-27
-77
-186
-294
-435
-479
-576
-578
-725
-758
-757
-647
-475
-539
-317
-198
345
391
333
104
195
708
1073
1290
1002
694
518
775
1199
1285
1059
683
498
535
456
394
183
76
-148
-335
-357
-318
-303
-506
-728
-786
-780
-627
-457
-176
-18
-61
-124
-107
207
532
808
881
863
727
701
794
1036
1140
1107
954
821
758
629
619
648
718
650
372
153
73
214
348
261
36
-194
-198
-172
-98
-183
-367
-593
-637
-588
-554
-683
-748
-685
-485
-376
-523
-381
13
523
465
174
65
420
976
1305
1196
767
434
625
1101
1382
1163
769
533
476
446
283
150
117
65
-245
-562
-625
-442
-365
-506
-671
-736
-732
-625
-368
-7
83
-34
-97
102
426
645
787
897
921
782
693
794
1012
1034
884
751
733
751
621
465
371
481
503
400
159
36
26
156
202
110
-124
-275
-257
-147
-194
-444
-643
-691
-602
-709
-820
-874
-729
-610
-606
-538
-305
29
231
142
105
139
660
962
1174
892
594
546
833
1284
1266
955
614
537
576
436
284
93
-18
-217
-471
-540
-557
-514
-637
-807
-910
-936
-836
-589
-310
-90
-152
-183
-95
234
562
724
838
840
790
749
826
1022
1110
1009
788
624
593
603
601
610
526
437
218
158
208
334
337
178
79
-76
-132
-210
-142
-127
-226
-410
-604
-629
-652
-639
-644
-605
-501
-496
-478
-345
23
401
332
153
80
561
1034
1371
1228
843
618
770
1322
1610
1429
949
594
592
628
577
386
206
70
-240
-437
-497
-375
-425
-589
-774
-782
-751
-585
-330
-23
95
55
-6
190
519
867
1061
1132
1066
957
913
1044
1301
1385
1235
925
761
697
758
741
863
790
602
278
212
395
599
581
375
159
67
46
77
114
86
-19
-247
-442
-540
-539
-551
-449
-324
-284
-508
-517
-106
684
797
396
-21
343
1049
1555
1663
1276
892
755
1255
1740
1814
1403
1006
850
830
728
611
468
447
263
-78
-340
-274
-117
-196
-396
-469
-496
-433
-218
193
492
385
247
253
653
1058
1331
1428
1340
1183
1033
1158
1508
1714
1588
1152
923
904
998
999
918
879
814
662
462
407
558
660
631
449
315
206
238
301
384
267
46
-221
-266
-270
-266
-343
-294
-212
-280
-305
-114
564
757
502
9
287
993
1548
1657
1305
997
893
1323
1808
1909
1618
1175
1024
995
904
793
585
595
400
64
-263
-202
70
3
-283
-526
-608
-487
-214
181
444
307
156
174
614
949
1231
1321
1313
1247
1121
1250
1448
1730
1574
1295
1012
998
1090
1019
987
807
797
672
570
523
463
620
525
507
289
243
292
323
350
132
13
-108
-132
-217
-357
-312
-208
-20
-156
-287
-173
394
732
468
146
265
975
1410
1534
1132
794
795
1314
1825
1767
1349
1028
1012
1097
986
839
593
505
337
62
-141
-79
103
-44
-309
-520
-548
-477
-154
210
421
259
113
251
685
1018
1165
1223
1261
1177
1097
1139
1407
1583
1532
1224
971
857
926
1012
1005
766
545
408
437
483
476
420
336
299
182
135
121
206
197
64
-114
-232
-309
-283
-318
-232
-226
-137
-265
-186
158
642
579
160
-13
501
1163
1501
1342
872
563
717
1354
1736
1555
1034
811
822
869
715
570
431
346
35
-333
-463
-163
-16
-215
-524
-640
-697
-559
-186
307
414
126
-36
194
717
1041
1248
1275
1162
960
942
1208
1519
1563
1306
965
828
796
829
848
857
748
503
223
124
222
423
434
275
-2
-132
-78
57
140
91
-8
-293
-422
-464
-373
-337
-314
-169
-216
-202
-83
455
613
333
32
208
875
1307
1400
962
549
498
1066
1594
1574
1078
717
688
778
704
570
390
295
32
-295
-500
-320
-160
-306
-598
-778
-788
-753
-470
-51
291
151
-131
-120
310
827
1142
1225
1089
835
865
1046
1449
1489
1314
901
742
765
792
768
529
445
311
302
128
30
9
81
99
-69
-249
-380
-327
-262
-192
-250
-402
-620
-768
-795
-711
-509
-332
-408
-412
-125
387
369
-42
-112
376
1062
1246
1093
565
239
478
1181
1580
1260
648
399
474
569
439
249
119
33
-188
-575
-689
-453
-338
-606
-897
-986
-952
-854
-577
-207
-28
-176
-293
-86
359
722
881
1045
1027
903
743
857
1206
1397
1324
878
511
376
408
604
500
377
-6
-231
-321
-270
-58
-87
-84
-311
-462
-559
-495
-330
-333
-377
-513
-723
-788
-850
-648
-500
-305
-454
-490
-71
339
215
-272
-183
555
1190
1224
714
163
69
600
1325
1361
857
340
282
367
359
240
33
-54
-117
-381
-753
-851
-556
-429
-621
-944
-1119
-1067
-782
-354
-60
-119
-390
-435
-141
378
641
776
781
732
697
660
951
1103
1165
893
697
562
472
445
423
428
279
24
-305
-479
-381
-167
-148
-355
-594
-654
-632
-496
-443
-408
-603
-794
-978
-956
-835
-639
-419
-500
-608
-576
-21
241
73
-276
-145
474
1026
1145
616
32
-17
677
1308
1148
477
130
252
361
182
-94
-270
-282
-338
-580
-861
-856
-739
-718
-870
-966
-1087
-1048
-782
-305
-60
-193
-362
-297
76
378
595
710
701
701
611
702
860
970
916
623
535
335
343
209
292
252
104
-181
-449
-449
-333
-157
-287
-505
-693
-668
-601
-531
-526
-536
-658
-822
-962
-933
-783
-579
-393
-510
-560
-279
183
153
-259
-263
238
822
1024
720
220
-112
290
964
1216
762
147
71
194
244
26
-281
-391
-405
-448
-804
-971
-816
-721
-753
-952
-1031
-1117
-943
-464
-76
-63
-347
-325
14
438
609
623
619
666
775
744
713
709
814
804
622
405
154
39
38
155
218
14
-272
-539
-516
-393
-278
-271
-423
-573
-615
-521
-415
-426
-471
-548
-661
-833
-946
-778
-451
-212
-359
-381
-119
104
-107
-331
60
674
1013
775
298
-90
2
631
1144
978
306
-115
-36
111
148
-64
-376
-543
-648
-754
-991
-840
-681
-699
-921
-1088
-1119
-1070
-699
-198
63
-172
-460
-319
220
596
720
652
667
667
679
670
667
805
858
742
428
206
36
120
168
224
43
-228
-509
-580
-370
-209
-207
-352
-521
-599
-620
-458
-294
-273
-365
-584
-664
-819
-692
-488
-194
-196
-349
-143
227
327
-55
-241
223
855
1201
845
251
-100
178
905
1220
858
205
-2
175
281
185
-49
-236
-257
-385
-606
-791
-634
-407
-426
-541
-746
-805
-674
-210
252
314
47
-130
187
687
1019
1064
975
920
900
871
902
1007
1160
1065
781
423
243
295
505
534
331
-25
-235
-263
-118
70
76
-42
-226
-291
-315
-216
-70
66
9
-154
-360
-448
-440
-152
44
133
-147
-257
149
738
834
204
13
376
1087
1377
1103
554
113
386
1033
1378
1023
400
305
416
412
156
-87
-56
10
-115
-455
-652
-435
-318
-272
-311
-368
-501
-506
-16
457
606
330
254
476
857
1040
1093
1139
1172
1121
925
828
938
1123
1121
786
463
269
266
398
381
317
48
-74
-155
-103
0
12
9
-45
-86
-113
-124
-39
21
81
24
-193
-368
-444
-218
4
133
-165
-292
77
633
571
3
-170
405
1121
1318
941
295
-41
325
1070
1378
912
272
111
278
320
93
-129
-153
-29
-201
-555
-731
-483
-283
-267
-388
-524
-632
-486
15
445
488
263
184
417
713
915
1004
1080
1097
928
763
694
925
1027
1010
686
398
223
136
240
222
291
139
-26
-236
-348
-122
125
264
35
-243
-283
-121
69
137
78
40
-260
-424
-504
-211
127
132
-102
-297
176
639
527
-17
-60
544
1170
1242
799
165
25
507
1216
1288
680
158
194
382
236
-66
-201
-93
-70
-335
-695
-774
-513
-288
-229
-296
-462
-565
-372
186
585
610
392
387
584
778
926
1097
1286
1271
991
705
684
885
965
845
577
322
69
29
88
209
165
28
-129
-307
-223
-22
275
250
24
-178
-176
62
211
277
236
121
-85
-354
-363
-217
169
217
-18
-292
42
705
703
145
-203
268
912
1184
929
331
-52
233
960
1296
783
216
105
355
292
-39
-193
-85
75
-120
-550
-759
-531
-226
-118
-147
-340
-537
-507
-25
452
572
443
334
533
645
796
916
1179
1229
907
601
515
773
923
816
582
195
-18
-134
28
108
1
-111
-285
-386
-475
-262
43
162
7
-236
-279
-97
126
194
120
-28
-227
-331
-386
-333
-205
-98
-131
-332
-65
411
491
-43
-367
112
693
1019
767
266
-185
-84
635
1060
759
136
-28
146
81
-183
-335
-148
41
-157
-673
-923
-617
-219
-125
-183
-288
-463
-477
-181
370
583
519
362
412
540
617
837
1073
1190
898
579
456
589
678
653
516
301
51
-111
-82
-21
13
8
-72
-241
-444
-363
-69
192
202
33
-69
-123
14
119
197
97
-114
-319
-418
-433
-353
-255
-202
-373
-360
12
370
122
-365
-278
331
842
879
472
-8
-112
352
939
984
523
64
54
127
43
-181
-195
-16
-32
-396
-855
-803
-354
-79
-187
-396
-521
-538
-363
23
401
532
403
267
307
528
725
941
1073
888
597
356
496
639
709
578
311
109
-84
-25
-15
70
25
-72
-170
-297
-190
-67
114
138
120
95
17
53
117
230
134
-18
-173
-272
-419
-460
-371
-152
-262
-444
-376
119
401
-2
-421
-269
422
970
958
457
-50
-70
527
1111
1131
499
129
215
347
140
-139
-74
177
168
-312
-808
-662
-144
151
16
-226
-404
-565
-339
163
716
697
330
132
311
573
715
884
989
845
606
441
498
667
740
629
368
188
53
0
57
204
334
219
-15
-191
-96
173
402
520
445
294
163
199
263
284
191
123
-18
-189
-452
-582
-546
-370
-297
-409
-690
-513
14
272
-204
-640
-256
334
794
720
391
-78
-50
576
1058
919
378
186
365
387
262
8
-5
126
148
-136
-511
-455
-234
-30
85
-62
-457
-778
-399
319
620
340
-94
-82
162
432
589
656
650
538
413
311
410
512
533
418
243
117
31
95
158
245
248
271
203
92
129
358
600
665
562
442
302
239
227
250
237
132
-73
-296
-477
-589
-665
-629
-536
-503
-701
-842
-525
-46
-67
-536
-701
-226
380
705
537
118
-149
200
896
1168
803
368
501
828
760
370
81
273
573
555
97
-275
-259
-96
48
23
-147
-470
-615
-374
25
147
-116
-354
-269
-13
127
182
263
338
324
258
296
431
563
608
524
427
383
396
492
672
857
835
689
541
614
804
978
1013
917
734
525
405
343
280
242
159
-4
-289
-528
-663
-651
-656
-784
-960
-971
-896
-925
-775
-329
-9
-288
-726
-614
26
668
944
738
312
79
557
1296
1559
1216
895
990
1103
1015
705
559
712
907
748
133
-281
-296
-72
128
115
-212
-741
-952
-701
-250
-94
-308
-518
-442
-233
-92
-31
159
359
483
419
337
331
531
834
994
967
740
684
767
1018
1226
1287
1076
787
775
949
1032
912
761
679
511
295
37
-49
-29
-50
-252
-505
-690
-907
-1049
-1095
-988
-963
-1056
-1179
-1231
-1153
-759
-169
33
-424
-798
-468
318
965
1112
818
409
466
1076
1620
1604
1280
1209
1362
1281
911
581
588
847
873
399
-297
-610
-488
-336
-328
-564
-974
-1322
-1293
-883
-576
-638
-870
-883
-579
-345
-230
-127
104
293
392
404
434
640
920
1121
1103
1016
1021
1081
1128
1143
1159
1143
1068
967
826
720
656
626
533
314
51
-218
-329
-391
-387
-540
-776
-1075
-1216
-1153
-1087
-1130
-1345
-1384
-1285
-1198
-1256
-1238
-1037
-534
-4
50
-470
-813
-371
587
1372
1426
810
203
367
1139
1735
1612
1228
1048
999
775
392
156
151
267
150
-391
-904
-1124
-1192
-1175
-978
-891
-1309
-1797
-1866
-1458
-1010
-798
-731
-810
-862
-738
-373
51
319
407
450
562
729
807
861
1027
1256
1263
1057
860
767
854
986
1049
901
576
282
144
159
206
144
-5
-283
-620
-877
-908
-782
-780
-930
-1091
-1209
-1315
-1343
-1262
-1140
-1135
-1146
-1189
-1151
-1064
-979
-776
-230
338
269
-394
-688
-140
731
1372
1419
950
257
182
871
1479
1393
876
707
743
589
222
-144
-182
-18
-2
-436
-934
-1141
-1163
-1137
-990
-876
-1074
-1365
-1377
-1101
-809
-662
-534
-441
-398
-278
26
392
513
432
403
632
925
1002
934
914
987
1062
1025
944
844
829
877
877
744
521
347
308
318
293
124
-114
-306
-381
-415
-489
-514
-570
-649
-704
-731
-754
-809
-796
-758
-727
-680
-723
-791
-818
-690
-543
-600
-663
-381
230
379
-137
-569
-288
464
1030
1116
727
227
169
704
1272
1267
841
645
776
728
349
-42
-86
113
160
-127
-502
-725
-861
-912
-781
-585
-708
-1047
-1206
-967
-627
-579
-694
-669
-452
-228
-126
37
245
486
652
675
678
666
842
1038
1186
1194
1044
891
793
861
954
960
852
636
473
398
320
249
222
212
30
-182
-280
-310
-365
-464
-466
-449
-511
-645
-822
-911
-907
-839
-786
-896
-1100
-1256
-1177
-1012
-946
-1039
-976
-474
31
-27
-556
-683
-18
881
1321
1051
573
347
697
1348
1707
1425
945
954
1190
1010
469
48
31
215
207
-171
-770
-1156
-1210
-1013
-864
-1027
-1453
-1775
-1577
-1054
-772
-875
-1074
-947
-572
-248
-73
21
210
473
704
763
738
853
1052
1213
1293
1268
1150
993
1015
1162
1220
1077
793
646
691
704
534
271
235
317
191
-84
-325
-393
-450
-532
-608
-738
-877
-1031
-1097
-1088
-1113
-1151
-1253
-1297
-1288
-1270
-1228
-1145
-1006
-937
-919
-757
-268
334
543
213
-89
209
958
1531
1589
1255
857
802
1149
1460
1331
932
776
817
658
188
-294
-532
-469
-380
-466
-803
-1229
-1538
-1605
-1357
-1154
-1162
-1382
-1449
-1234
-1011
-880
-840
-660
-322
-16
179
248
325
443
668
1048
1288
1293
1146
1167
1324
1387
1358
1267
1248
1255
1221
1065
836
642
538
465
397
204
-22
-227
-343
-411
-558
-696
-815
-857
-872
-875
-925
-1031
-1061
-995
-871
-766
-695
-612
-556
-486
-426
-377
-294
-148
14
30
-55
-99
147
624
880
624
109
-14
363
850
1039
806
347
84
337
706
705
380
200
321
373
98
-381
-658
-586
-304
-177
-384
-727
-1015
-1093
-970
-782
-740
-885
-961
-778
-517
-414
-426
-349
-91
217
372
403
437
516
616
748
867
923
881
806
823
827
761
666
614
612
632
569
408
217
112
84
120
150
81
-60
-220
-299
-292
-227
-199
-241
-343
-447
-501
-436
-305
-244
-252
-292
-355
-422
-408
-313
-260
-311
-381
-411
-466
-539
-591
-505
-412
-462
-565
-516
-251
-58
-163
-440
-496
-195
221
375
205
-54
-111
85
287
302
140
13
65
209
225
44
-194
-292
-233
-133
-67
-88
-233
-413
-502
-430
-326
-247
-220
-211
-189
-194
-246
-322
-300
-124
108
235
167
-25
-164
-69
217
447
466
379
356
445
534
557
537
578
716
841
797
617
509
548
628
603
454
284
183
181
171
110
24
-3
26
27
-45
-82
5
114
118
44
22
69
118
83
48
39
99
139
74
-82
-173
-112
-43
-28
-61
-145
-271
-349
-341
-317
-347
-416
-487
-498
-505
-580
-670
-667
-571
-526
-552
-584
-576
-530
-459
-360
-260
-203
-178
-114
-37
57
111
195
250
271
329
396
462
435
388
453
571
625
564
518
540
568
551
533
545
581
583
522
462
407
362
288
253
257
221
138
16
-51
-52
-1
25
13
4
-28
-2
67
159
201
209
266
400
527
531
482
464
523
594
654
628
550
504
534
562
510
459
425
393
329
297
288
225
116
24
-6
-2
-59
-144
-228
-296
-404
-506
-548
-556
-566
-601
-632
-650
-651
-658
-670
-652
-582
-487
-420
-413
-388
-338
-256
-176
-75
69
178
217
213
231
261
339
426
464
459
433
441
413
408
416
389
356
335
322
298
279
278
278
261
268
294
265
194
151
201
274
331
335
306
259
275
355
381
371
357
410
456
449
425
430
474
510
452
380
363
420
477
450
367
294
283
319
364
354
311
293
305
323
352
365
386
375
378
399
368
286
257
300
335
310
210
122
67
60
53
9
-48
-95
-133
-212
-302
-352
-331
-267
-249
-300
-374
-397
-381
-345
-348
-353
-329
-322
-318
-302
-309
-289
-222
-91
32
49
-6
-22
62
172
269
292
310
359
385
357
337
381
435
455
413
350
290
240
251
321
399
393
293
212
213
298
354
349
346
328
301
269
295
374
457
501
474
363
282
307
404
485
503
521
519
548
591
600
623
681
754
750
714
686
676
657
617
593
572
578
559
502
430
341
257
192
188
177
102
45
43
56
42
37
68
94
98
119
141
141
143
152
165
169
185
188
174
160
130
95
84
85
38
-26
-52
-69
-126
-176
-215
-238
-265
-283
-270
-281
-297
-291
-249
-190
-170
-183
-198
-166
-104
-43
2
58
77
71
104
196
273
291
319
372
458
536
591
602
615
655
693
740
787
784
750
701
709
736
756
729
672
613
615
605
535
474
460
465
412
357
343
325
311
292
291
293
275
222
208
298
391
428
400
398
449
515
577
594
586
581
599
612
578
516
442
437
449
409
294
179
129
139
131
47
-12
-26
1
-16
-112
-168
-172
-141
-126
-183
-242
-303
-319
-293
-257
-231
-238
-257
-266
-253
-263
-259
-240
-200
-142
-115
-125
-159
-153
-90
-59
-74
-88
-79
-45
-30
-71
-91
-67
-35
-24
-28
-47
-48
-38
-18
22
54
77
72
65
80
128
197
258
312
319
293
292
339
392
434
453
460
470
454
449
428
414
428
436
420
381
313
308
354
381
351
286
257
238
227
236
250
263
223
181
168
182
183
139
136
174
200
142
42
17
44
85
77
37
-18
-66
-63
-22
33
11
-63
-81
-58
-59
-107
-143
-133
-89
-64
-102
-169
-179
-153
-159
-171
-163
-168
-202
-204
-168
-136
-143
-145
-137
-127
-117
-88
-44
-12
-5
6
32
74
95
83
92
130
163
111
63
70
97
82
29
-33
-80
-142
-198
-195
-154
-137
-188
-245
-268
-253
-232
-211
-172
-127
-100
-63
-1
53
111
187
274
323
327
326
352
397
431
463
466
399
319
300
343
371
355
312
270
204
137
102
97
88
49
-1
-78
-135
-166
-181
-197
-203
-224
-271
-309
-334
-307
-251
-194
-144
-144
-157
-149
-111
-62
-18
17
42
73
95
85
65
77
127
144
107
53
3
-5
-1
-27
-89
-119
-109
-129
-188
-249
-253
-212
-177
-205
-282
-335
-337
-304
-319
-328
-305
-302
-298
-291
-262
-230
-187
-116
-23
34
28
68
160
228
245
251
276
338
365
356
337
321
305
259
243
262
237
173
114
99
89
50
-15
-60
-66
-86
-113
-133
-154
-193
-229
-221
-166
-145
-179
-199
-173
-118
-80
-83
-58
5
83
133
137
154
174
241
303
311
274
228
210
193
175
151
109
46
-14
-57
-80
-117
-153
-165
-187
-185
-178
-199
-217
-218
-183
-155
-147
-170
-220
-248
-223
-161
-142
-177
-211
-235
-222
-200
-185
-181
-179
-148
-122
-103
-81
-57
-14
56
116
131
139
185
212
203
183
169
160
136
148
166
175
150
109
75
50
66
90
117
109
82
54
57
89
112
102
68
41
26
37
58
99
101
87
34
-1
18
66
88
38
-3
-29
-26
-11
-7
-38
-104
-142
-139
-130
-117
-118
-148
-164
-163
-157
-146
-128
-75
-33
-5
29
72
105
129
146
163
175
189
173
133
91
83
76
20
-43
-97
-114
-124
-163
-240
-267
-228
-205
-227
-260
-248
-209
-163
-142
-122
-88
-38
22
62
89
105
127
191
275
335
319
269
266
336
403
413
379
343
312
318
331
320
284
244
203
165
140
88
39
10
-3
-12
-47
-98
-163
-206
-204
-194
-206
-257
-295
-281
-240
-238
-259
-285
-273
-249
-230
-250
-256
-201
-132
-57
-28
-32
-51
-36
-7
24
45
31
4
13
49
64
14
-69
-109
-117
-110
-150
-220
-276
-316
-341
-389
-457
-510
-547
-566
-549
-552
-570
-570
-562
-515
-466
-463
-430
-356
-301
-265
-217
-157
-107
-63
-33
-13
8
30
38
44
49
63
70
61
29
7
-20
-31
-30
-68
-104
-120
-129
-163
-206
-235
-272
-310
-320
-321
-324
-329
-348
-334
-295
-266
-266
-289
-281
-232
-165
-150
-169
-164
-130
-99
-91
-82
-63
-39
-38
-50
-66
-88
-95
-102
-88
-82
-97
-133
-159
-182
-192
-211
-242
-286
-338
-359
-411
-437
-468
-481
-496
-535
-564
-587
-584
-567
-554
-524
-509
-498
-490
-475
-429
-381
-360
-369
-338
-292
-271
-269
-256
-223
-198
-187
-185
-181
-184
-166
-143
-137
-145
-144
-142
-154
-159
-181
-188
-190
-207
-230
-239
-242
-251
-272
-263
-240
-233
-212
-209
-183
-166
-149
-131
-136
-136
-118
-84
-60
-62
-62
-68
-54
-23
-14
-24
-40
-35
-9
25
31
19
17
27
18
4
-11
-3
14
36
37
8
-22
-22
-28
-36
-35
-40
-38
-45
-38
-35
-48
-73
-102
-137
-158
-179
-194
-186
-183
-208
-243
-275
-290
-289
-273
-266
-269
-288
-295
-287
-269
-262
-236
-206
-215
-219
-219
-206
-179
-175
-173
-161
-134
-98
-90
-117
-130
-108
-81
-36
-12
-13
-25
-19
-11
-25
-44
-47
-44
-53
-89
-107
-92
-104
-141
-181
-184
-180
-187
-210
-197
-174
-180
-198
-203
-184
-160
-162
-149
-105
-81
-55
-30
-4
25
38
49
83
127
157
151
141
154
190
214
209
188
138
107
90
81
59
24
-6
-39
-57
-89
-130
-163
-178
-178
-172
-173
-183
-201
-220
-196
-169
-147
-145
-164
-175
-157
-130
-119
-117
-126
-117
-102
-94
-104
-103
-75
-36
-4
-4
-11
-2
3
35
41
38
28
7
13
-4
-23
-56
-90
-97
-124
-138
-166
-190
-188
-174
-174
-228
-270
-277
-258
-255
-263
-251
-219
-181
-160
-151
-151
-147
-111
-66
-35
-15
-14
-3
23
46
42
34
37
62
75
48
17
4
11
8
-14
-37
-50
-88
-117
-119
-102
-77
-85
-101
-109
-114
-134
-131
-127
-116
-106
-89
-87
-96
-97
-99
-94
-79
-64
-68
-80
-72
-50
-34
-28
-43
-57
-61
-51
-48
-46
-40
-50
-46
-33
-38
-49
-50
-62
-46
-33
-41
-46
-75
-102
-103
-103
-104
-103
-96
-89
-75
-56
-59
-60
-77
-84
-69
-49
-54
-59
-65
-59
-58
-63
-70
-60
-68
-61
-58
-69
-67
-78
-66
-59
-55
-68
-79
-93
-101
-104
-86
-67
-64
-66
-74
-67
-68
-63
-56
-54
-39
-41
-36
-15
-11
-13
-16
-28
-12
3
13
25
23
18
30
35
34
26
43
59
47
41
20
-1
-12
3
30
27
5
-31
-51
-51
-48
-38
-40
-43
-52
-61
-64
-66
-65
-82
-90
-69
-69
-71
-63
-53
-44
-40
-39
-45
-41
-48
-61
-76
-64
-58
-67
-78
-82
-97
-91
-95
-120
-122
-128
-130
-137
-151
-160
-163
-167
-166
-163
-165
-154
-148
-159
-153
-140
-135
-144
-155
-146
-132
-121
-113
-122
-132
-120
-97
-89
-102
-110
-115
-113
-98
-85
-68
-65
-73
-100
-116
-104
-76
-47
-37
-78
-115
-87
-67
-51
-47
-36
-38
-53
-46
-39
-41
-46
-49
-70
-90
-93
-71
-55
-58
-62
-68
-80
-93
-87
-87
-80
-62
-57
-66
-91
-102
-99
-125
-150
-155
-131
-109
-108
-126
-156
-166
-169
-173
-169
-154
-165
-190
-199
-183
-180
-178
-172
-168
-155
-159
-163
-178
-154
-128
-116
-112
-115
-110
-106
-83
-53
-34
-46
-46
-43
-25
-15
-20
-31
-53
-56
-50
-37
-33
-18
-11
-7
10
16
32
55
64
74
91
113
109
99
110
96
101
106
97
103
127
135
117
100
94
87
75
58
54
53
73
86
86
67
46
46
38
42
38
42
62
88
88
80
60
35
35
28
20
11
21
29
33
36
27
12
-14
-28
-21
-3
-15
-51
-73
-75
-80
-106
-127
-149
-155
-157
-156
-143
-168
-197
-205
-207
-192
-206
-220
-198
-172
-147
-139
-144
-156
-133
-117
-91
-69
-61
-60
-31
1
7
2
-26
-25
-5
7
26
26
7
-10
-16
-9
3
5
12
26
32
45
33
34
35
33
25
13
-5
-20
-26
-21
-10
-9
-5
-9
-23
-29
-24
-29
-15
-16
-4
-15
-32
-20
-14
-7
-9
-21
-37
-34
-20
-6
-4
-1
11
32
32
26
27
30
35
40
37
11
3
3
-3
-23
-52
-70
-100
-121
-135
-164
-175
-195
-186
-180
-202
-218
-238
-226
-198
-181
-177
-179
-179
-190
-184
-173
-180
-180
-188
-179
-159
-158
-174
-188
-195
-188
-172
-162
-154
-163
-149
-131
-118
-132
-150
-157
-159
-163
-160
-151
-145
-136
-133
-134
-150
-167
-177
-182
-166
-159
-165
-193
-204
-203
-186
-181
-184
-193
-227
-242
-243
-241
-240
-213
-226
-240
-233
-222
-195
-180
-171
-154
-133
-120
-114
-116
-110
-91
-75
-82
-91
-77
-83
-87
-77
-86
-101
-92
-92
-105
-110
-128
-133
-141
-132
-117
-124
-144
-175
-200
-214
-210
-208
-210
-218
-233
-236
-230
-206
-178
-166
-167
-175
-166
-160
-153
-141
-142
-168
-180
-178
-169
-159
-149
-143
-142
-133
-143
-148
-142
-139
-147
-152
-146
-138
-137
-152
-169
-165
-162
-151
-148
-155
-157
-161
-165
-173
-171
-168
-160
-154
-133
-108
-116
-131
-128
-109
-83
-74
-60
-31
-29
-21
-6
12
25
30
23
31
42
39
56
73
85
65
31
16
11
9
-4
-20
-20
-18
-36
-62
-60
-60
-75
-75
-77
-79
-88
-108
-100
-88
-90
-82
-92
-115
-129
-129
-133
-123
-92
-95
-108
-116
-129
-140
-154
-156
-161
-157
-130
-121
-126
-132
-168
-192
-198
-207
-208
-203
-201
-191
-196
-214
-214
-230
-246
-260
-273
-270
-246
-240
-244
-252
-267
-265
-245
-227
-225
-220
-210
-197
-207
-222
-219
-226
-233
-222
-200
-191
-184
-177
-175
-163
-150
-150
-166
-188
-172
-138
-105
-91
-109
-138
-149
-136
-120
-125
-135
-130
-125
-132
-137
-137
-157
-142
-137
-156
-160
-160
-164
-153
-139
-152
-171
-199
-214
-198
-187
-180
-177
-192
-199
-201
-208
-210
-203
-203
-209
-206
-204
-208
-188
-173
-188
-196
-213
-217
-208
-200
-172
-160
-151
-155
-160
-160
-164
-163
-156
-155
-149
-148
-144
-142
-146
-155
-159
-158
-153
-136
-130
-121
-123
-129
-128
-115
-97
-88
-88
-91
-76
-63
-66
-63
-58
-45
-44
-52
-39
-35
-30
-34
-39
-22
-24
-9
-13
-20
-23
-30
-19
-12
-9
-8
-13
-27
-28
-36
-52
-60
-79
-89
-98
-105
-103
-87
-93
-105
-120
-134
-116
-111
-118
-117
-112
-119
-106
-124
-127
-125
-126
-115
-122
-110
-105
-125
-126
-101
-89
-83
-107
-111
-115
-129
-120
-133
-140
-131
-147
-160
-158
-165
-186
-205
-203
-183
-169
-181
-185
-221
-242
-238
-239
-219
-202
-187
-202
-207
-214
-241
-246
-229
-207
-177
-172
-204
-206
-170
-112
-86
-108
-147
-184
-196
-153
-103
-44
-31
-45
-71
-83
-50
1
50
40
39
21
21
54
68
65
51
35
24
35
44
37
30
15
9
7
-19
-45
-42
-26
-11
1
20
24
32
31
17
6
16
30
36
46
37
20
15
27
42
51
50
50
43
49
57
67
61
39
31
27
20
27
38
53
48
41
42
41
29
9
21
41
41
30
11
-4
-1
2
-25
-79
-123
-169
-155
-128
-125
-142
-153
-171
-188
-203
-211
-201
-189
-161
-139
-140
-158
-163
-159
-149
-133
-111
-111
-113
-100
-82
-67
-64
-70
-81
-90
-93
-102
-91
-67
-38
-21
-27
-36
-51
-69
-78
-81
-80
-71
-59
-55
-72
-71
-66
-65
-62
-80
-93
-99
-93
-88
-86
-80
-81
-90
-87
-71
-40
-13
-11
-13
-19
-8
-11
-16
-20
-30
-41
-32
-28
-25
1
3
9
2
-14
-15
-15
0
-3
0
-5
-9
-20
-34
-56
-73
-66
-36
-29
-30
-46
-49
-60
-84
-97
-98
-98
-103
-105
-114
-114
-120
-126
-126
-113
-98
-91
-72
-64
-67
-58
-48
-45
-54
-55
-61
-57
-32
-22
-31
-27
-38
-41
-47
-52
-49
-45
-57
-51
-54
-51
-47
-54
-51
-54
-60
-42
-26
-31
-20
-18
-15
-12
-12
-7
10
19
17
22
13
1
-5
4
8
16
11
-13
-4
9
20
28
26
3
-10
-12
15
28
11
2
-2
6
6
1
-10
-30
-53
-40
-20
-13
-13
-17
-32
-39
-49
-71
-69
-65
-68
-74
-70
-64
-54
-42
-34
-48
-66
-77
-69
-53
-52
-47
-35
-29
-35
-49
-48
-52
-50
-44
-50
-52
-55
-61
-65
-82
-91
-99
-95
-89
-82
-79
-90
-88
-91
-104
-106
-108
-105
-98
-99
-88
-103
-115
-120
-124
-116
-118
-116
-116
-120
-113
-101
-89
-68
-67
-62
-50
-49
-47
-41
-34
-15
-6
-22
-42
-68
-74
-56
-56
-62
-76
-99
-100
-94
-87
-72
-68
-65
-69
-63
-57
-37
-10
-9
-8
-25
-27
-30
-25
-13
10
0
-13
-13
-34
-21
-50
-52
-45
-37
-32
-49
-54
-67
-73
-81
-76
-73
-65
-55
-51
-43
-43
-39
-40
-52
-66
-79
-84
-81
-88
-97
-94
-99
-98
-110
-124
-128
-125
-137
-139
-122
-110
-110
-106
-103
-106
-93
-100
-114
-109
-107
-92
-79
-63
-53
-45
-53
-76
-75
-78
-82
-101
-113
-108
-102
-90
-104
-118
-114
-119
-122
-109
-105
-106
-102
-82
-73
-59
-47
-35
-19
-18
-24
-32
-13
-4
-2
-4
-10
-13
8
7
-3
-3
-8
-11
-12
-12
-7
-23
-31
-32
-39
-45
-37
-34
-43
-30
-22
-27
-43
-58
-62
-60
-58
-54
-49
-51
-39
-40
-33
-19
-25
-11
-3
-5
-4
-13
-15
-16
-23
-37
-49
-48
-26
-6
-3
-4
-22
-34
-38
-39
-43
-58
-57
-43
-30
-34
-31
-29
-29
-14
-19
-27
-32
-31
-28
-16
-3
2
2
11
11
28
33
42
48
50
39
24
27
16
17
20
37
38
41
31
15
6
-11
-14
-11
-9
2
3
-13
-23
-38
-44
-50
-76
-86
-102
-102
-109
-112
-109
-127
-122
-115
-108
-111
-99
-85
-78
-75
-74
-71
-70
-60
-60
-53
-52
-50
-46
-46
-53
-54
-49
-47
-46
-56
-53
-51
-63
-73
-80
-87
-95
-101
-108
-110
-117
-134
-149
-144
-142
-142
-133
-124
-127
-117
-106
-94
-96
-100
-98
-112
-106
-116
-112
-96
-86
-69
-64
-71
-75
-68
-66
-71
-89
-94
-82
-77
-73
-87
-105
-100
-99
-110
-110
-101
-103
-109
-113
-119
-122
-121
-116
-105
-109
-105
-103
-98
-104
-94
-112
-131
-121
-126
-117
-110
-110
-125
-134
-141
-131
-123
-115
-118
-138
-146
-152
-163
-170
-179
-198
-196
-186
-181
-188
-186
-171
-169
-170
-188
-193
-194
-190
-184
-182
-186
-184
-176
-171
-174
-181
-211
-223
-199
-186
-174
-152
-166
-186
-181
-157
-142
-127
-117
-138
-156
-148
-146
-145
-137
-157
-199
-215
-202
-191
-202
-208
-214
-227
-223
-236
-245
-236
-237
-235
-225
-221
-214
-211
-214
-220
-219
-204
-186
-161
-157
-155
-170
-181
-176
-183
-178
-163
-173
-181
-192
-211
-209
-194
-180
-188
-195
-191
-177
-143
-125
-114
-103
-107
-107
-97
-110
-95
-80
-80
-79
-90
-89
-107
-114
-116
-132
-137
-134
-135
-123
-124
-122
-139
-156
-152
-157
-147
-139
-125
-123
-117
-118
-122
-120
-126
-138
-135
-137
-135
-130
-119
-128
-142
-152
-179
-197
-206
-202
-195
-174
-159
-150
-140
-146
-153
-155
-163
-173
-169
-172
-170
-145
-132
-132
-162
-179
-179
-184
-185
-187
-176
-177
-173
-163
-175
-190
-199
-195
-190
-186
-190
-199
-195
-192
-195
-197
-188
-176
-165
-163
-108
93
117
-147
-388
-312
-109
-17
-42
-129
-210
-220
-175
-107
-6
9
33
-3
-117
-250
-275
-124
-43
-86
-228
-294
-203
-77
-36
-116
-174
-206
-177
-203
-139
47
90
-172
-358
-224
-8
80
54
-19
-195
-244
-162
-21
-4
-105
-112
-50
-59
-147
-168
-211
-242
-164
-43
-75
-247
-257
-92
-31
-177
-236
-136
-87
-89
-23
15
-126
-214
-119
23
16
-39
-63
-149
-208
-166
-78
-90
-153
-182
-118
-43
-77
-146
-187
-169
-131
-44
12
-44
-163
-154
-87
-105
-118
-116
-94
-75
14
-21
-118
-168
-94
-17
4
-26
-61
-102
-150
-158
-121
-59
-92
-126
-112
-73
-143
-195
-178
-137
-139
-134
-92
-82
-155
-203
-150
-125
-140
-124
-73
-70
-97
-105
-100
-140
-140
-50
3
-30
-84
-88
-80
-109
-122
-82
-67
-124
-118
-52
-83
-219
-242
-149
-106
-126
-120
-99
-139
-170
-168
-151
-141
-136
-113
-67
-55
-100
-126
-145
-169
-129
-51
-42
-74
-111
-107
-112
-131
-100
-79
-111
-150
-94
-47
-63
-115
-113
-97
-112
-96
-50
-26
-64
-74
-42
-48
-79
-33
35
64
50
6
-5
-18
-1
24
9
-17
-23
-13
-1
-10
-23
-16
-15
-4
17
10
-52
-88
-81
-67
-76
-91
-60
-52
-87
-91
-71
-66
-82
-74
-49
-40
-62
-72
-90
-112
-122
-88
-52
-77
-104
-95
-56
-67
-67
-64
-52
-27
-13
5
-16
-36
-60
-57
-44
-51
-49
-44
-33
-43
-43
-48
-56
-59
-70
-81
-82
-98
-105
-91
-73
-97
-131
-161
-166
-149
-152
-168
-155
-132
-120
-123
-129
-108
-99
-119
-158
-138
-96
-94
-105
-99
-87
-94
-115
-123
-105
-103
-110
-110
-96
-81
-68
-58
-82
-81
-62
-71
-80
-98
-98
-94
-104
-97
-40
-9
-46
-86
-89
-76
-71
-63
-38
-32
-49
-43
-41
-43
-60
-38
-11
-10
-15
-30
-62
-109
-130
-139
-115
-112
-129
-140
-125
-111
-134
-155
-168
-177
-157
-107
-76
-69
-101
-124
-128
-117
-89
-91
-99
-105
-102
-119
-140
-122
-107
-74
-80
-90
-118
-136
-136
-140
-137
-123
-107
-102
-106
-130
-148
-152
-150
-134
-117
-101
-99
-143
-182
-194
-196
-164
-147
-132
-119
-115
-129
-173
-194
-196
-175
-175
-150
-126
-148
-184
-211
-192
-184
-182
-179
-166
-157
-178
-197
-193
-179
-165
-137
-132
-135
-128
-124
-124
-129
-119
-102
-94
-111
-113
-106
-104
-129
-141
-130
-117
-109
-118
-135
-152
-151
-146
-141
-145
-145
-145
-124
-122
-127
-120
-109
-97
-102
-102
-90
-75
-65
-73
-81
-87
-91
-85
-96
-106
-82
-62
-67
-68
-57
-79
-104
-107
-85
-52
-37
-47
-71
-60
-69
-66
-57
-47
-30
-25
-44
-57
-76
-77
-61
-76
-78
-46
-15
-34
-79
-91
-95
-104
-91
-71
-62
-78
-82
-62
-77
-115
-118
-91
-73
-63
-58
-85
-117
-123
-119
-123
-108
-93
-85
-84
-98
-121
-139
-148
-117
-72
-74
-117
-128
-105
-89
-72
-85
-103
-151
-188
-157
-95
-28
-17
-50
-93
-87
-48
5
32
23
2
-24
-21
-4
3
-3
-25
-55
-58
-47
-42
-52
-56
-58
-74
-99
-114
-107
-93
-62
-63
-60
-47
-54
-73
-79
-66
-63
-48
-32
-6
7
-18
-43
-59
-54
-40
-47
-58
-69
-80
-91
-81
-74
-73
-81
-106
-94
-75
-77
-102
-114
-80
-73
-95
-80
-58
-60
-62
-46
-52
-44
-47
-52
-44
-55
-62
-93
-132
-157
-142
-124
-103
-103
-111
-121
-125
-137
-143
-123
-117
-73
-55
-52
-66
-82
-63
-70
-77
-88
-81
-70
-72
-51
-18
-15
-59
-90
-74
-70
-71
-73
-53
-44
-39
-42
-63
-73
-81
-95
-122
-132
-134
-140
-150
-139
-132
-144
-161
-188
-201
-191
-198
-211
-201
-179
-168
-173
-174
-185
-190
-176
-151
-138
-145
-156
-147
-149
-167
-163
-155
-153
-156
-154
-133
-114
-121
-129
-160
-177
-185
-174
-149
-155
-154
-166
-179
-181
-172
-170
-192
-195
-200
-206
-204
-183
-169
-191
-211
-203
-195
-195
-198
-206
-199
-188
-188
-201
-213
-216
-194
-185
-177
-170
-177
-180
-172
-161
-153
-149
-134
-146
-160
-158
-136
-137
-161
-187
-228
-220
-202
-196
-201
-224
-227
-229
-241
-223
-225
-235
-236
-240
-229
-226
-246
-270
-283
-260
-254
-278
-267
-246
-240
-248
-256
-236
-229
-218
-196
-189
-212
-247
-269
-264
-243
-217
-213
-225
-247
-272
-281
-269
-242
-233
-237
-232
-210
-191
-201
-237
-261
-252
-222
-211
-226
-221
-210
-216
-239
-239
-237
-220
-209
-220
-223
-232
-230
-240
-237
-214
-214
-221
-220
-209
-214
-211
-199
-204
-203
-194
-204
-226
-230
-224
-228
-231
-231
-218
-204
-205
-211
-235
-255
-245
-249
-262
-264
-258
-246
-256
-273
-288
-281
-269
-255
-260
-254
-242
-271
-287
-284
-274
-280
-290
-283
-264
-270
-277
-280
-277
-275
-284
-264
-249
-255
-264
-267
-277
-279
-271
-257
-260
-266
-251
-255
-275
-300
-309
-316
-305
-300
-280
-274
-297
-289
-284
-271
-252
-248
-246
-243
-236
-230
-230
-228
-234
-241
-219
-215
-229
-236
-243
-244
-240
-220
-215
-235
-246
-238
-215
-214
-241
-250
-254
-261
-258
-241
-220
-223
-231
-224
-232
-248
-271
-275
-273
-277
-259
-238
-233
-247
-250
-246
-248
-265
-260
-240
-241
-235
-219
-232
-239
-234
-211
-192
-215
-226
-215
-197
-174
-163
-163
-161
-166
-170
-172
-177
-192
-221
-236
-233
-213
-217
-238
-241
-240
-244
-258
-267
-260
-244
-246
-244
-237
-223
-234
-242
-239
-222
-208
-199
-199
-209
-213
-222
-231
-240
-230
-210
-206
-201
-194
-174
-171
-190
-208
-216
-199
-201
-216
-209
-199
-192
-178
-179
-204
-242
-239
-232
-236
-232
-222
-219
-235
-233
-241
-255
-252
-249
-233
-225
-231
-244
-241
-249
-258
-244
-247
-272
-270
-259
-258
-257
-236
-225
-242
-251
-259
-253
-233
-234
-224
-202
-182
-182
-208
-219
-221
-206
-191
-193
-208
-209
-180
-177
-213
-236
-248
-252
-241
-214
-199
-196
-196
-207
-200
-214
-213
-195
-168
-171
-186
-192
-190
-188
-195
-190
-191
-193
-199
-191
-172
-179
-177
-167
-179
-181
-167
-165
-165
-170
-158
-146
-148
-141
-130
-138
-164
-172
-189
-185
-168
-153
-138
-143
-161
-165
-147
-123
-122
-114
-108
-114
-110
-99
-92
-102
-119
-112
-100
-100
-107
-111
-113
-128
-121
-122
-126
-131
-135
-139
-154
-159
-163
-161
-166
-178
-181
-169
-176
-183
-192
-201
-189
-179
-167
-168
-173
-177
-162
-171
-180
-181
-185
-166
-154
-160
-167
-171
-173
-171
-158
-158
-153
-134
-144
-156
-166
-162
-163
-150
-130
-134
-144
-146
-144
-153
-177
-181
-163
-154
-156
-151
-160
-172
-177
-171
-153
-149
-169
-174
-164
-166
-164
-152
-152
-157
-165
-155
-141
-146
-142
-146
-149
-155
-145
-140
-142
-139
-130
-126
-128
-120
-109
-94
-98
-107
-117
-126
-123
-111
-118
-132
-147
-180
-196
-162
-135
-129
-141
-172
-181
-166
-134
-104
-75
-62
-63
-75
-70
-77
-82
-67
-78
-101
-108
-109
-94
-108
-124
-132
-138
-142
-145
-139
-136
-120
-116
-109
-106
-108
-121
-132
-139
-145
-145
-136
-126
-130
-112
-114
-135
-156
-161
-143
-143
-145
-156
-157
-157
-149
-144
-155
-154
-164
-153
-154
-145
-137
-130
-110
-110
-116
-116
-125
-142
-126
-125
-122
-134
-135
-134
-147
-160
-191
-198
-194
-196
-182
-181
-189
-188
-210
-209
-200
-177
-146
-146
-137
-138
-146
-144
-124
-118
-115
-106
-100
-77
-63
-70
-80
-88
-87
-96
-107
-107
-113
-106
-112
-109
-116
-119
-111
-116
-141
-161
-160
-155
-165
-167
-161
-153
-148
-161
-181
-183
-177
-179
-173
-163
-164
-155
-160
-160
-152
-159
-150
-137
-113
-110
-118
-136
-140
-143
-136
-144
-146
-150
-154
-140
-152
-154
-158
-153
-136
-141
-152
-155
-139
-124
-134
-144
-156
-156
-163
-170
-165
-156
-158
-150
-143
-138
-128
-138
-135
-139
-138
-139
-148
-157
-157
-156
-153
-139
-133
-135
-127
-115
-102
-102
-98
-89
-92
-83
-78
-76
-76
-69
-61
-52
-42
-37
-49
-56
-70
-85
-80
-72
-76
-72
-81
-78
-68
-75
-76
-85
-111
-105
-99
-98
-99
-122
-117
-133
-145
-150
-153
-140
-124
-125
-112
-119
-119
-117
-116
-101
-97
-96
-96
-93
-86
-88
-84
-85
-82
-81
-78
-85
-89
-79
-84
-83
-82
-58
-49
-53
-51
-60
-59
-61
-51
-63
-68
-61
-66
-62
-71
-85
-99
-112
-110
-104
-95
-94
-102
-107
-102
-98
-95
-96
-79
-78
-82
-69
-59
-56
-55
-43
-37
-56
-45
-34
-28
-14
-15
-25
-21
-27
-45
-57
-50
-50
-60
-58
-73
-75
-74
-73
-87
-78
-73
-69
-73
-75
-63
-76
-62
-47
-51
-55
-62
-55
-63
-68
-53
-63
-69
-70
-62
-57
-59
-69
-71
-60
-60
-68
-72
-60
-44
-31
-22
-34
-57
-81
-88
-70
-54
-46
-48
-56
-70
-67
-55
-35
-9
-13
-28
-24
-26
-18
-10
-24
-33
-50
-43
-49
-56
-69
-87
-77
-89
-81
-81
-87
-85
-91
-82
-98
-105
-110
-112
-109
-109
-101
-99
-85
-72
-67
-66
-84
-88
-98
-95
-91
-86
-91
-89
-82
-99
-101
-101
-98
-83
-64
-64
-52
-35
-45
-44
-45
-58
-70
-72
-74
-62
-43
-34
-41
-59
-68
-63
-65
-68
-78
-102
-116
-134
-142
-148
-148
-156
-168
-181
-188
-181
-182
-163
-153
-146
-129
-138
-127
-140
-136
-130
-137
-136
-124
-117
-121
-118
-117
-108
-108
-110
-112
-104
-93
-95
-91
-89
-115
-146
-152
-165
-167
-152
-157
-150
-143
-150
-160
-170
-178
-178
-165
-165
-164
-157
-160
-148
-151
-163
-160
-159
-150
-142
-133
-150
-161
-165
-164
-147
-150
-131
-132
-139
-130
-127
-126
-106
-95
-106
-126
-139
-122
-112
-84
-91
-103
-120
-140
-144
-141
-144
-140
-140
-136
-134
-133
-142
-141
-139
-160
-155
-160
-134
-117
-114
-120
-132
-117
-125
-128
-133
-127
-115
-122
-128
-130
-137
-146
-151
-146
-142
-149
-134
-123
-120
-125
-140
-145
-148
-155
-164
-184
-196
-189
-197
-208
-217
-217
-216
-222
-232
-238
-228
-212
-203
-193
-208
-206
-210
-210
-208
-200
-201
-204
-195
-192
-188
-182
-181
-189
-185
-177
-169
-173
-177
-183
-181
-176
-180
-185
-190
-207
-209
-205
-197
-184
-175
-171
-172
-171
-173
-176
-165
-158
-173
-171
-184
-177
-178
-187
-177
-186
-183
-172
-176
-172
-167
-189
-180
-178
-179
-177
-184
-176
-181
-184
-189
-196
-192
-190
-190
-187
-202
-178
-160
-175
-177
-189
-206
-210
-175
-152
-157
-172
-191
-222
-228
-210
-220
-222
-208
-215
-236
-248
-253
-292
-290
-268
-244
-217
-217
-227
-248
-240
-223
-224
-217
-198
-190
-202
-214
-240
-273
-285
-254
-235
-220
-236
-270
-264
-251
-212
-190
-216
-279
-331
-329
-306
-263
-237
-233
-269
-298
-311
-293
-232
-204
-218
-238
-257
-248
-220
-210
-206
-232
-278
-294
-281
-278
-284
-300
-320
-343
-368
-370
-360
-346
-334
-316
-305
-320
-324
-335
-348
-331
-320
-294
-276
-264
-265
-287
-309
-329
-327
-324
-314
-310
-319
-327
-335
-324
-321
-332
-342
-345
-345
-325
-314
-312
-313
-314
-302
-282
-260
-254
-242
-236
-240
-241
-248
-266
-287
-279
-269
-276
-314
-333
-346
-334
-301
-291
-297
-324
-334
-337
-330
-320
-306
-298
-293
-285
-283
-283
-280
-281
-265
-259
-260
-257
-249
-234
-216
-212
-225
-260
-283
-287
-287
-278
-270
-258
-242
-245
-254
-274
-302
-305
-304
-296
-289
-286
-294
-306
-303
-299
-300
-305
-314
-327
-332
-333
-334
-330
-333
-322
-317
-324
-304
-296
-294
-293
-289
-284
-277
-284
-285
-284
-295
-296
-292
-286
-289
-283
-279
-280
-295
-305
-306
-287
-281
-284
-285
-281
-287
-302
-297
-295
-303
-320
-325
-305
-298
-291
-278
-267
-267
-280
-291
-295
-301
-289
-280
-276
-263
-258
-262
-269
-283
-266
-244
-232
-218
-207
-214
-215
-220
-234
-244
-252
-265
-251
-223
-216
-212
-218
-243
-252
-245
-244
-251
-255
-260
-251
-238
-247
-250
-258
-252
-259
-264
-239
-225
-218
-209
-222
-217
-223
-233
-237
-231
-225
-230
-226
-226
-221
-219
-204
-203
-211
-220
-217
-203
-204
-202
-196
-198
-205
-204
-193
-185
-185
-184
-184
-181
-187
-186
-196
-191
-192
-201
-205
-210
-214
-233
-244
-251
-241
-229
-231
-227
-245
-255
-254
-261
-257
-251
-233
-224
-233
-223
-230
-216
-216
-209
-196
-191
-184
-177
-174
-176
-174
-169
-159
-148
-140
-147
-145
-139
-143
-138
-135
-144
-144
-147
-156
-179
-182
-191
-204
-213
-221
-215
-217
-230
-232
-233
-234
-219
-212
-210
-215
-214
-226
-218
-212
-212
-205
-187
-182
-199
-206
-213
-207
-193
-201
-215
-220
-219
-209
-198
-174
-184
-212
-233
-246
-238
-232
-209
-200
-210
-209
-202
-191
-164
-145
-134
-136
-143
-129
-131
-141
-146
-152
-151
-157
-161
-164
-160
-170
-177
-183
-181
-183
-169
-175
-203
-214
-223
-220
-213
-194
-193
-195
-173
-150
-142
-145
-148
-146
-138
-141
-133
-129
-125
-124
-132
-135
-151
-155
-158
-164
-163
-163
-145
-136
-148
-135
-117
-108
-106
-107
-110
-121
-118
-114
-102
-88
-77
-89
-103
-112
-110
-125
-134
-152
-166
-165
-153
-151
-172
-179
-180
-183
-189
-186
-187
-184
-186
-179
-166
-148
-130
-113
-111
-110
-112
-87
-71
-63
-53
-64
-62
-81
-86
-90
-103
-106
-102
-74
-60
-58
-60
-78
-91
-96
-93
-101
-116
-111
-100
-96
-87
-92
-115
-129
-136
-147
-145
-147
-134
-136
-128
-116
-140
-157
-175
-183
-183
-174
-173
-178
-179
-174
-169
-165
-168
-160
-168
-162
-146
-128
-116
-130
-152
-173
-186
-185
-171
-151
-137
-145
-150
-152
-152
-146
-144
-150
-150
-133
-120
-112
-99
-104
-115
-124
-129
-122
-111
-119
-119
-112
-108
-102
-117
-118
-120
-115
-106
-104
-103
-114
-111
-119
-122
-124
-123
-113
-97
-94
-89
-86
-100
-99
-100
-91
-95
-88
-84
-92
-82
-74
-77
-76
-80
-96
-99
-103
-87
-90
-99
-98
-102
-107
-106
-122
-132
-132
-125
-118
-115
-109
-113
-104
-109
-111
-112
-118
-125
-113
-112
-122
-123
-153
-172
-177
-190
-176
-180
-181
-169
-175
-161
-152
-158
-164
-169
-155
-140
-131
-131
-133
-139
-136
-133
-117
-113
-115
-117
-131
-130
-134
-138
-141
-140
-136
-147
-147
-145
-142
-142
-142
-146
-138
-121
-122
-108
-108
-119
-124
-117
-101
-112
-112
-122
-138
-115
-98
-99
-98
-107
-132
-168
-177
-178
-190
-188
-181
-192
-192
-196
-197
-216
-219
-200
-187
-168
-167
-165
-182
-195
-194
-195
-185
-164
-159
-158
-157
-157
-170
-183
-173
-174
-161
-158
-170
-166
-149
-112
-101
-124
-178
-223
-230
-190
-136
-109
-107
-147
-176
-172
-158
-125
-103
-106
-110
-122
-103
-88
-72
-71
-91
-117
-144
-133
-110
-96
-104
-113
-143
-153
-146
-142
-127
-116
-111
-96
-74
-74
-86
-89
-93
-100
-103
-104
-94
-81
-77
-92
-104
-116
-117
-112
-104
-116
-145
-142
-141
-136
-121
-125
-119
-130
-126
-124
-124
-117
-111
-95
-88
-86
-73
-61
-56
-49
-42
-53
-70
-78
-85
-71
-76
-102
-133
-147
-145
-132
-119
-115
-123
-137
-126
-112
-107
-99
-87
-77
-63
-64
-63
-69
-61
-43
-26
-13
-14
-13
-13
-15
-20
-35
-38
-34
-61
-73
-81
-88
-87
-82
-85
-89
-85
-100
-109
-114
-124
-126
-116
-100
-91
-93
-96
-99
-105
-115
-114
-122
-128
-112
-107
-97
-99
-100
-107
-107
-86
-67
-64
-74
-84
-80
-80
-77
-77
-87
-87
-93
-98
-96
-95
-95
-103
-103
-112
-115
-106
-99
-87
-93
-92
-101
-110
-116
-114
-103
-91
-91
-99
-106
-96
-94
-101
-113
-119
-120
-126
-125
-131
-128
-131
-140
-139
-151
-153
-138
-130
-121
-118
-108
-106
-109
-95
-97
-83
-89
-99
-85
-68
-54
-49
-47
-61
-73
-88
-74
-78
-75
-74
-93
-102
-106
-106
-102
-86
-108
-112
-106
-119
-115
-112
-117
-109
-106
-94
-98
-88
-79
-76
-69
-61
-48
-31
-8
-9
2
7
13
20
27
33
45
56
49
39
40
39
37
32
41
59
73
75
63
54
38
28
31
39
54
47
46
38
26
16
14
27
42
38
28
23
24
17
10
3
7
4
-2
-2
20
34
32
39
50
61
65
71
61
73
81
77
84
86
79
84
85
66
54
53
54
52
41
43
31
25
26
12
5
2
7
30
25
20
13
13
25
30
27
1
-9
-6
-1
2
-5
-4
9
27
41
28
27
27
33
36
46
39
37
50
48
50
26
10
2
-3
2
6
28
35
32
25
16
24
31
50
70
77
71
52
38
37
37
38
32
15
8
14
10
-4
-19
-36
-41
-26
0
-2
-18
-25
-34
-36
-25
-17
-11
-7
2
-1
3
8
2
-11
-18
-12
-27
-31
-36
-19
-15
-12
-9
-20
-29
-35
-42
-41
-24
-10
-4
13
27
23
26
15
17
25
26
39
52
68
93
91
78
58
44
30
22
11
-5
-9
-9
-11
-24
-30
-31
-41
-53
-59
-55
-60
-60
-55
-59
-33
-34
-32
-41
-45
-26
-22
-22
-27
-12
-11
-11
-5
-4
-1
-8
-3
-4
3
9
1
-3
-19
-36
-46
-32
-33
-23
-11
-18
-18
-19
-12
-16
-18
-38
-41
-24
-25
-24
-22
-19
-10
-20
-26
-17
-3
15
30
25
19
9
12
12
-1
-12
-26
-28
-25
-7
6
1
5
9
14
22
35
48
55
55
50
47
38
37
37
25
17
21
20
5
21
25
26
29
24
36
42
50
53
71
61
58
57
59
71
63
61
64
74
74
80
77
71
54
56
69
77
82
88
97
110
112
117
114
127
126
117
113
107
108
108
118
114
120
117
108
97
95
107
132
142
143
139
122
129
119
114
107
109
101
98
97
86
93
100
95
90
93
101
117
110
103
85
81
97
109
111
117
116
111
114
116
126
132
127
118
118
112
115
126
124
108
101
93
101
103
106
114
110
103
100
99
98
122
129
117
119
117
131
141
153
155
168
182
176
191
186
168
158
175
196
201
202
185
163
163
187
194
189
182
150
118
127
143
148
157
157
143
120
106
109
99
102
108
128
154
147
127
103
86
90
101
120
134
134
141
144
111
89
80
85
114
125
110
80
64
66
84
99
75
18
-36
-49
-16
24
62
61
26
-3
-12
14
54
83
93
91
76
81
106
123
126
117
85
82
93
104
123
106
83
79
60
51
65
60
66
71
78
85
82
95
93
92
92
96
105
117
128
135
136
118
108
115
111
110
106
87
81
86
93
93
88
74
64
59
49
43
34
42
62
67
60
58
55
67
87
84
68
42
30
39
57
54
30
-2
-8
15
28
55
41
17
7
4
16
17
26
41
59
65
70
57
38
51
51
60
54
47
60
79
86
79
63
43
33
30
28
20
16
15
27
40
47
19
4
13
-4
-13
-24
-20
-5
10
32
26
16
12
10
5
-4
-5
2
11
25
16
22
8
13
25
32
47
57
70
69
69
80
71
62
60
53
46
49
44
35
25
7
-5
-14
-17
-12
11
22
29
30
22
19
5
-5
0
-11
-7
5
-8
-5
-2
-10
-22
-14
-4
5
16
9
9
32
24
23
30
53
68
60
45
37
40
43
33
20
28
36
53
56
51
49
47
38
35
21
5
0
4
10
6
-3
-13
-14
-3
9
9
-19
-25
-22
-16
-5
-8
-6
-18
-16
-29
-36
-30
-15
-14
-14
3
11
21
5
6
12
-11
-29
-43
-31
-17
-10
0
-15
-26
-18
-6
-2
5
2
1
3
8
15
9
1
-2
4
11
28
24
7
-2
-14
-18
-4
8
-4
-19
-17
-26
-14
-2
-4
8
17
17
13
15
16
22
19
29
45
56
69
69
60
56
61
64
78
85
96
94
92
70
49
53
39
42
33
23
7
-4
3
-7
-11
-10
-6
5
-4
-16
-18
-20
-16
-13
-3
-10
-3
-7
-19
-17
-12
-9
4
21
14
6
1
0
-6
-10
-31
-34
-31
-29
-15
-5
-5
-26
-46
-71
-58
-43
-22
-2
-13
-14
-23
-15
-7
9
28
33
23
25
28
23
21
22
21
-2
19
28
34
29
2
-6
-24
-26
-30
-25
-30
-41
-53
-64
-72
-78
-79
-81
-66
-48
-43
-39
-37
-27
-17
-20
-23
-37
-33
-24
-15
-10
-17
-26
-35
-43
-45
-61
-44
-32
-31
-27
-19
-21
-31
-16
-27
-16
0
6
15
45
64
70
60
38
21
13
3
-8
-23
-34
-27
-28
-32
-39
-39
-52
-64
-59
-58
-49
-33
-16
-9
-6
5
10
18
25
43
57
74
89
90
110
94
81
65
70
74
79
75
55
51
40
31
23
11
4
9
19
24
10
12
15
15
22
22
17
7
1
-6
-11
-12
-13
-8
0
-13
-8
0
-3
13
20
7
-6
-17
-10
7
12
19
17
10
12
22
23
27
18
5
-5
-8
-10
-5
6
20
20
4
-5
-3
-7
-10
-10
-10
-10
-5
1
0
-9
-15
-29
-23
-32
-39
-39
-32
-18
-4
8
10
20
25
32
47
51
50
58
45
44
28
6
3
23
28
35
43
44
54
51
66
71
72
66
63
66
48
47
46
57
51
56
48
37
37
50
68
55
52
58
68
63
57
47
49
49
47
60
67
73
86
91
101
119
118
113
119
116
105
109
110
107
106
107
111
115
116
112
122
125
123
122
129
139
145
153
155
160
170
175
177
177
173
174
174
181
179
179
184
196
199
205
199
185
183
188
202
196
188
182
202
230
250
250
246
247
263
254
252
244
229
216
230
250
249
252
226
206
198
179
164
174
178
162
164
165
174
190
190
199
212
228
241
239
227
216
204
197
198
219
234
229
228
222
220
210
212
232
262
265
239
221
229
265
300
288
268
209
174
178
196
234
247
256
214
197
202
225
246
260
260
244
247
265
266
264
267
230
212
209
219
247
240
206
190
177
185
193
196
201
209
215
210
217
216
200
184
187
199
207
223
227
243
259
252
242
223
221
228
246
238
220
221
220
219
205
191
176
173
181
184
198
213
224
227
228
219
219
232
249
265
263
242
231
228
230
235
232
212
190
189
194
198
208
192
185
180
177
186
198
226
250
255
273
266
265
278
297
292
299
302
312
328
338
343
323
315
300
297
304
303
294
287
287
290
299
304
297
296
283
275
266
267
288
289
298
303
310
304
296
295
296
284
305
330
326
335
342
340
343
348
356
369
391
384
377
380
377
387
389
390
384
386
379
383
383
357
349
353
339
344
346
354
359
365
364
353
357
365
364
356
359
343
340
358
359
349
349
338
326
332
351
337
335
344
339
342
354
368
383
389
400
417
428
423
431
425
411
416
403
414
421
416
432
436
435
426
418
411
400
397
399
407
418
408
394
390
385
397
394
383
375
370
370
367
358
362
358
358
371
367
365
374
369
368
368
378
385
387
391
405
389
368
371
369
379
390
396
381
381
381
368
353
341
333
338
345
360
362
353
352
345
335
341
356
346
340
330
327
331
335
338
341
325
313
311
312
327
321
324
324
322
341
347
346
340
342
351
348
343
350
356
351
356
363
363
366
374
366
352
347
328
318
310
308
308
303
291
274
254
245
237
230
230
251
261
260
256
243
239
227
231
218
198
192
189
178
175
184
188
190
200
201
195
186
180
196
195
196
196
176
179
182
199
185
158
143
141
160
159
173
172
184
183
172
175
206
231
240
243
241
221
209
204
205
207
194
200
203
218
233
232
217
207
214
235
251
243
231
231
232
232
240
240
240
242
256
254
268
281
275
266
261
249
246
236
250
261
257
255
238
219
199
197
205
203
206
220
223
246
257
265
259
262
262
263
262
269
277
274
291
285
282
273
264
255
252
250
225
206
207
214
214
226
232
241
228
215
217
223
219
211
222
223
225
224
222
226
217
232
244
255
268
263
279
288
266
269
258
264
270
267
276
283
287
279
267
258
243
230
224
220
214
219
215
197
182
177
176
185
194
188
193
184
186
196
196
204
202
208
211
229
235
216
208
198
201
215
214
205
208
216
235
250
255
265
253
237
230
229
241
261
271
265
259
245
232
231
225
233
243
240
242
236
244
236
236
242
239
242
236
240
247
259
254
251
231
236
238
235
237
244
235
225
217
212
226
221
225
226
223
220
218
215
228
219
204
190
179
191
188
188
183
175
186
185
179
176
161
136
125
140
140
134
133
118
120
117
111
120
110
116
135
133
136
136
135
122
124
120
116
124
119
107
99
95
101
110
117
135
139
146
167
172
166
159
164
168
178
187
187
190
189
179
159
155
149
144
155
169
176
174
167
170
175
186
188
194
192
174
172
180
178
170
182
194
205
207
211
203
194
190
210
219
220
225
203
179
175
185
192
189
181
139
119
131
128
141
131
124
106
89
94
96
87
87
106
123
123
101
78
66
67
68
68
79
89
84
91
97
75
42
27
35
61
74
60
48
37
60
98
93
47
-8
-38
-27
28
55
82
74
37
36
32
65
110
110
105
85
77
66
76
91
82
35
0
-3
22
43
58
52
17
10
-4
1
7
22
24
15
22
21
25
16
20
24
28
44
61
91
104
101
77
54
47
43
61
64
67
65
70
61
57
56
58
66
65
79
79
94
103
111
111
114
107
89
94
114
128
111
87
58
47
66
69
54
32
3
2
25
57
63
56
38
26
35
46
55
65
81
84
89
87
83
94
86
88
93
105
115
116
128
113
111
103
85
78
74
56
51
47
58
67
89
91
74
56
33
30
15
17
7
24
26
31
27
13
2
-15
-17
-17
6
-11
-11
-20
-20
-16
-7
16
7
16
24
27
28
28
22
26
32
33
35
32
29
37
38
42
39
17
6
5
9
13
19
23
12
9
11
24
15
6
4
13
36
46
57
53
57
59
64
68
60
60
51
61
81
86
80
70
74
85
105
116
110
120
125
134
140
125
121
129
138
140
144
159
167
161
154
139
128
113
115
125
114
109
97
73
84
84
83
79
78
78
89
109
103
99
95
92
91
88
77
83
104
122
110
112
113
119
135
134
129
130
143
150
156
160
146
122
121
122
128
141
140
154
175
172
188
184
178
155
131
130
127
125
137
137
132
122
102
93
87
100
118
127
134
134
126
112
126
108
104
93
100
99
109
131
135
146
138
155
168
171
153
148
149
157
157
142
124
100
109
114
112
111
98
87
82
81
76
59
53
46
58
78
78
78
69
49
39
38
52
50
43
38
32
29
41
46
45
42
40
54
51
59
72
83
80
76
64
48
51
70
86
81
48
17
2
11
25
37
57
39
34
39
46
64
87
93
102
91
75
75
73
66
52
53
46
44
52
48
50
57
46
46
36
42
57
64
63
64
67
55
47
46
41
49
67
70
85
88
75
57
47
50
49
64
71
75
78
84
85
78
81
82
79
92
104
106
112
106
100
86
89
82
74
66
65
77
102
117
120
114
99
95
83
81
72
49
33
25
30
33
26
38
29
17
19
33
37
46
68
77
65
76
72
72
66
67
83
86
113
120
117
112
88
83
91
86
81
90
108
125
144
149
122
77
74
95
105
117
108
104
114
125
121
96
78
55
69
83
91
84
81
91
90
89
87
87
84
90
103
102
95
79
66
57
42
41
44
39
29
32
39
60
55
54
28
-2
-3
12
16
21
28
18
4
-10
-13
-25
-44
-45
-46
-35
-20
-24
-29
-48
-56
-55
-44
-30
-14
-8
-13
3
-8
-15
-16
-21
-22
-23
-16
-7
-2
-10
-24
-21
-11
-17
-14
-24
-27
-18
-15
-22
-32
-38
-31
-27
-18
-12
-16
-16
-25
-37
-45
-22
-24
-37
-49
-57
-47
-64
-64
-67
-87
-92
-95
-100
-97
-92
-95
-94
-94
-104
-113
-109
-104
-88
-81
-84
-92
-103
-102
-112
-116
-110
-92
-90
-94
-99
-110
-106
-107
-101
-110
-110
-103
-110
-116
-118
-111
-106
-106
-110
-112
-130
-129
-123
-108
-107
-114
-120
-122
-127
-128
-115
-117
-125
-128
-144
-134
-133
-148
-144
-130
-116
-105
-88
-84
-89
-108
-85
-85
-86
-79
-100
-110
-129
-131
-119
-121
-125
-153
-176
-163
-161
-158
-142
-142
-143
-152
-150
-139
-148
-152
-125
-104
-99
-106
-129
-151
-165
-157
-160
-150
-132
-134
-127
-129
-152
-176
-164
-137
-111
-90
-109
-130
-135
-114
-80
-87
-121
-176
-201
-164
-121
-78
-47
-60
-110
-117
-101
-65
-22
-13
-13
-26
-32
-14
30
43
42
11
-14
-13
7
22
16
4
-20
-34
-47
-50
-35
-21
-10
-5
-7
-8
-2
12
16
17
23
38
50
45
44
30
22
23
19
23
10
10
-9
-19
-23
-24
-33
-37
-47
-58
-42
-37
-29
-27
-24
-9
-4
3
7
-6
2
18
29
32
27
4
-10
-6
-7
-8
-30
-62
-66
-58
-53
-41
-32
-62
-73
-67
-48
-6
16
31
48
55
54
51
58
73
92
98
102
104
113
134
134
131
115
94
78
79
58
58
71
97
112
125
124
103
85
84
80
82
95
103
102
99
