-176
-176
-163
-170
-169
-167
-164
-162
-170
-157
-152
-147
-128
-115
-114
-113
-101
-93
-94
-93
-106
-109
-100
-91
-84
-86
-83
-81
-89
-85
-65
-49
-30
-22
-33
-29
-28
-23
-43
-51
-52
-49
-39
-44
-39
-42
-48
-41
-42
-47
-43
-26
-15
0
2
-5
-12
-19
-28
-25
-31
-31
-33
-44
-32
-34
-24
-18
-5
6
0
-7
-2
-10
-11
-24
-38
-36
-43
-39
-34
-10
-20
-24
-19
-15
-23
-34
-48
-50
-36
-37
-32
-41
-44
-38
-44
-54
-55
-70
-84
-71
-64
-59
-52
-53
-58
-60
-58
-44
-39
-43
-39
-30
-41
-39
-33
-35
-40
-60
-67
-60
-73
-71
-77
-92
-81
-73
-80
-102
-118
-126
-146
-154
-146
-154
-163
-167
-177
-184
-184
-181
-194
-200
-201
-196
-189
-195
-208
-226
-226
-215
-204
-198
-183
-167
-168
-154
-158
-174
-184
-190
-200
-200
-215
-236
-249
-236
-209
-199
-210
-240
-271
-270
-248
-226
-206
-218
-253
-288
-301
-269
-261
-242
-246
-264
-272
-269
-241
-230
-225
-242
-252
-269
-265
-269
-267
-258
-251
-245
-247
-262
-281
-282
-281
-289
-286
-286
-286
-282
-278
-262
-260
-242
-219
-222
-227
-240
-234
-215
-207
-202
-216
-224
-219
-220
-208
-219
-242
-257
-255
-248
-260
-262
-264
-259
-245
-222
-210
-216
-226
-246
-249
-235
-209
-188
-201
-216
-234
-257
-259
-251
-259
-287
-304
-305
-293
-303
-312
-326
-340
-349
-356
-354
-343
-327
-302
-299
-297
-291
-285
-278
-273
-262
-259
-253
-258
-255
-259
-247
-249
-255
-256
-282
-294
-317
-312
-306
-294
-275
-275
-270
-273
-275
-292
-306
-317
-328
-329
-324
-318
-313
-292
-278
-276
-277
-272
-279
-288
-293
-285
-279
-271
-255
-261
-262
-260
-263
-246
-250
-257
-260
-267
-272
-275
-271
-264
-269
-265
-263
-271
-285
-299
-289
-286
-285
-280
-269
-276
-284
-286
-284
-275
-296
-305
-312
-309
-286
-271
-254
-257
-266
-270
-279
-282
-281
-290
-299
-304
-301
-301
-297
-300
-307
-300
-294
-290
-290
-284
-268
-278
-271
-272
-284
-290
-305
-296
-281
-265
-267
-259
-267
-273
-286
-307
-320
-317
-319
-318
-316
-306
-293
-308
-327
-330
-320
-307
-306
-308
-298
-284
-282
-288
-279
-270
-247
-237
-227
-227
-221
-217
-211
-209
-210
-197
-201
-198
-193
-178
-169
-176
-164
-176
-187
-186
-198
-200
-210
-215
-205
-200
-182
-188
-186
-176
-181
-171
-179
-186
-178
-174
-174
-169
-184
-192
-190
-179
-181
-179
-163
-177
-180
-175
-183
-192
-187
-192
-187
-177
-181
-183
-173
-168
-164
-160
-159
-153
-152
-160
-161
-160
-150
-125
-124
-124
-139
-150
-154
-169
-186
-177
-167
-173
-181
-196
-192
-211
-231
-238
-247
-245
-243
-242
-251
-272
-273
-268
-259
-248
-247
-241
-228
-219
-215
-224
-237
-236
-238
-234
-236
-250
-255
-252
-256
-252
-269
-290
-312
-305
-288
-264
-246
-256
-279
-297
-293
-277
-255
-256
-269
-289
-296
-298
-269
-253
-260
-273
-278
-286
-294
-304
-297
-299
-303
-307
-324
-318
-320
-334
-346
-324
-322
-319
-311
-327
-319
-306
-278
-258
-251
-240
-245
-247
-252
-254
-263
-249
-237
-222
-223
-238
-256
-248
-239
-228
-247
-265
-256
-257
-242
-207
-191
-194
-204
-211
-212
-209
-195
-177
-161
-172
-180
-183
-184
-172
-174
-166
-162
-179
-172
-183
-186
-175
-190
-200
-220
-234
-230
-204
-181
-177
-184
-180
-166
-154
-143
-144
-154
-149
-129
-117
-124
-113
-107
-103
-94
-92
-87
-90
-91
-85
-70
-69
-79
-81
-77
-64
-49
-30
-25
-32
-40
-37
-46
-69
-87
-91
-93
-82
-60
-50
-53
-50
-46
-65
-88
-95
-102
-108
-95
-83
-66
-59
-58
-61
-69
-69
-56
-51
-48
-21
-23
-20
-19
-27
-33
-17
-15
-23
-37
-54
-65
-75
-67
-78
-91
-96
-100
-109
-89
-85
-93
-102
-101
-93
-99
-114
-127
-126
-116
-135
-144
-141
-140
-141
-154
-162
-172
-169
-156
-156
-158
-142
-150
-147
-159
-164
-164
-160
-149
-139
-139
-143
-154
-164
-179
-195
-196
-205
-215
-216
-208
-214
-212
-212
-212
-213
-223
-226
-224
-233
-233
-238
-235
-237
-261
-255
-250
-254
-254
-243
-234
-238
-236
-241
-240
-254
-247
-234
-229
-218
-213
-207
-210
-220
-218
-199
-189
-187
-192
-197
-179
-181
-198
-198
-193
-185
-186
-188
-186
-178
-172
-171
-166
-159
-160
-143
-130
-143
-144
-148
-162
-164
-161
-161
-168
-179
-166
-144
-135
-123
-103
-76
-62
-47
-49
-33
-28
-37
-45
-49
-21
-20
-12
-7
-17
-33
-28
-5
-11
-14
-4
-16
-14
-6
7
1
-8
-6
-4
-12
-11
-6
-22
-22
-19
-15
5
22
20
4
-5
-3
2
18
19
19
26
31
32
34
46
51
50
38
33
37
34
27
19
21
14
9
-9
-5
13
19
0
-33
-58
-63
-47
-21
-18
-20
-41
-70
-72
-51
-38
-12
-13
-13
-27
-26
-2
17
39
33
22
12
1
8
5
3
10
-4
-9
-18
-28
-24
-2
0
-6
-2
13
52
71
84
94
99
98
124
127
126
159
182
182
160
141
138
150
163
175
181
179
165
158
160
172
165
161
162
175
189
204
200
194
179
196
228
268
310
295
290
280
287
311
317
307
283
269
255
253
266
264
281
274
258
268
254
262
285
298
306
303
294
275
292
295
284
282
275
269
257
259
257
255
254
261
242
226
221
210
214
220
248
251
255
257
247
241
237
242
232
238
238
261
260
262
257
247
258
233
224
225
211
214
210
211
213
214
213
197
192
195
195
185
182
176
169
155
161
167
170
168
179
186
166
155
141
135
134
152
165
164
152
151
155
163
154
144
129
127
128
128
142
159
180
176
173
152
145
144
148
146
156
160
142
144
151
163
175
173
176
183
187
191
188
197
211
195
185
193
187
200
213
211
201
187
183
161
154
154
136
135
134
154
144
133
127
116
129
126
125
126
130
130
138
143
152
160
164
174
172
184
191
211
203
208
224
228
237
238
245
246
254
261
270
263
261
264
262
263
256
243
249
235
233
227
229
243
243
247
238
234
238
254
254
256
254
247
248
253
242
241
245
258
278
295
304
315
322
320
324
337
350
353
363
365
382
397
399
401
394
403
412
417
416
411
407
409
401
393
372
377
371
347
364
358
360
358
344
331
320
317
314
317
309
302
301
296
309
326
346
361
366
369
373
373
376
376
372
375
372
375
371
379
383
388
385
381
367
348
359
379
407
425
427
395
359
359
367
380
386
384
386
393
387
385
390
399
388
370
362
339
340
350
348
345
328
314
296
292
288
275
277
286
287
289
280
275
283
277
280
287
303
307
301
298
295
300
312
313
314
312
300
278
271
272
288
299
303
309
311
325
346
357
354
345
333
336
345
359
378
392
380
348
335
326
332
340
352
345
342
340
346
339
336
337
319
307
287
294
303
323
322
316
312
302
307
322
332
343
329
315
315
313
306
296
294
307
310
310
297
310
308
305
306
301
299
306
311
303
293
299
314
318
320
309
300
282
279
276
302
317
319
325
332
326
308
324
306
291
289
292
300
323
345
357
366
360
363
379
391
380
384
385
393
392
383
392
408
407
409
426
422
433
437
446
452
443
441
448
439
442
447
454
435
418
419
417
418
414
433
424
423
426
430
436
424
417
406
402
405
408
402
415
413
407
403
391
387
398
417
423
432
433
433
426
416
398
386
399
409
417
412
429
424
428
420
426
424
401
390
384
392
391
392
401
387
370
376
377
380
387
379
384
387
385
394
405
403
399
398
395
407
428
429
427
429
412
410
406
395
374
375
370
379
382
369
364
361
374
376
382
383
376
377
372
372
379
373
371
368
377
377
385
384
377
374
368
369
361
359
358
361
367
369
364
371
374
364
364
373
372
368
378
388
368
349
352
354
345
346
355
345
350
359
374
360
362
371
362
364
365
355
347
355
356
344
356
356
339
348
363
354
342
341
349
352
378
390
389
386
401
419
424
426
424
416
426
441
431
423
413
413
425
431
417
413
429
455
463
442
404
385
390
393
406
401
396
391
368
375
399
424
452
448
443
439
433
447
460
471
474
458
456
451
452
456
454
461
455
445
453
461
465
479
469
450
440
449
473
489
513
508
511
510
504
496
494
516
518
508
504
497
499
515
526
518
507
486
461
456
469
489
505
512
512
531
555
552
556
528
536
562
591
631
643
644
633
617
622
629
627
625
622
627
623
624
633
626
627
613
596
592
591
607
620
618
610
615
616
627
644
650
653
656
672
694
721
731
732
729
728
739
731
720
722
725
732
751
756
768
775
769
788
787
798
808
810
795
787
818
844
855
866
868
868
885
904
910
904
905
907
922
934
959
974
984
991
1003
999
993
999
998
1006
1020
1016
1013
1020
1032
1051
1070
1058
1043
1050
1059
1069
1081
1097
1096
1097
1081
1086
1079
1094
1102
1099
1084
1074
1075
1084
1100
1102
1086
1069
1055
1040
1042
1038
1051
1050
1035
1032
1016
1009
996
990
984
972
971
964
969
963
979
975
963
968
966
976
990
993
983
971
958
943
924
911
903
896
882
886
893
888
881
867
864
866
864
863
860
859
852
843
841
839
841
851
832
821
819
817
820
837
856
857
851
851
855
851
863
854
839
832
831
831
837
841
844
835
823
821
832
828
823
817
815
821
804
804
813
815
820
819
811
816
818
824
837
855
854
854
859
873
894
914
925
926
917
920
944
948
953
949
965
978
987
1011
1005
994
991
997
994
992
1011
1026
1025
1013
1005
994
993
1001
998
1000
995
980
953
945
945
942
948
949
960
963
957
939
919
934
951
972
988
1003
997
994
1008
1004
987
972
961
960
966
956
944
953
968
972
976
978
960
956
979
1016
1059
1056
1029
1001
984
1001
1031
1043
1028
1014
1003
1017
1027
1037
1053
1044
1038
1037
1050
1057
1058
1067
1061
1048
1024
1014
1020
1003
992
997
1006
1004
1010
1007
1000
1009
1023
1050
1072
1094
1102
1103
1095
1075
1068
1068
1084
1090
1076
1072
1060
1049
1049
1031
1014
1000
986
978
988
997
992
989
976
960
950
957
965
983
989
986
979
972
958
947
947
933
950
961
963
957
953
956
946
937
928
902
901
899
903
892
888
888
871
877
876
866
863
863
868
866
863
860
860
869
867
863
842
843
846
853
853
852
855
839
828
826
833
830
832
837
841
836
828
794
770
754
746
752
763
762
748
747
740
732
714
693
669
649
638
656
662
669
667
663
651
639
635
619
611
612
608
609
592
590
590
574
570
571
559
527
527
513
508
489
462
451
446
452
466
473
464
445
429
432
433
434
441
438
421
414
417
412
394
373
365
362
363
373
377
388
400
400
389
371
368
380
393
416
424
438
432
423
421
416
413
408
412
431
440
435
446
437
435
430
432
431
425
430
430
438
437
446
450
458
455
457
459
470
482
486
499
503
489
483
503
493
495
490
479
473
471
481
476
483
481
486
480
483
489
501
505
503
520
516
514
509
498
509
521
532
529
520
516
504
499
505
499
504
517
524
530
528
520
505
506
502
502
487
474
490
500
502
499
504
526
520
532
543
544
550
573
591
593
599
600
581
571
587
596
588
581
585
579
578
586
582
571
558
581
587
594
595
571
567
569
579
574
591
592
567
558
572
582
581
589
568
568
590
606
615
612
629
630
627
636
630
609
615
619
628
630
602
589
596
619
645
639
611
580
568
571
598
604
604
572
541
518
530
558
575
581
582
590
593
614
626
636
641
634
631
628
620
627
621
613
601
590
577
577
578
580
600
584
563
554
574
601
597
613
627
646
659
660
655
670
688
715
742
729
717
712
711
726
729
725
719
712
712
726
744
744
721
724
732
735
749
741
715
706
709
713
733
750
749
733
707
704
711
713
695
678
658
637
632
623
626
616
596
588
577
573
581
598
607
598
591
574
590
593
584
574
551
552
565
566
544
528
524
522
497
481
465
455
449
447
442
447
462
456
462
473
463
464
465
471
459
454
461
452
452
446
437
437
438
422
405
402
390
395
420
430
416
417
429
441
445
442
428
399
389
394
391
401
408
410
411
421
417
402
391
386
388
395
394
391
380
363
369
375
375
362
349
323
307
305
322
320
314
317
303
292
283
282
281
291
282
277
290
258
252
257
257
256
248
262
257
258
278
279
277
266
265
257
267
276
294
310
312
299
284
275
270
270
264
246
236
236
230
243
237
235
225
235
239
238
248
264
272
276
286
287
299
317
324
323
314
306
296
316
332
324
317
330
342
342
336
320
304
295
301
285
296
291
287
297
290
288
279
283
284
295
293
292
280
274
283
278
278
270
252
247
246
246
240
239
232
228
227
238
247
248
246
255
265
273
291
298
312
304
303
312
315
297
289
283
282
267
265
283
294
311
311
301
278
276
272
277
287
285
282
270
263
269
267
243
259
265
270
274
269
273
276
288
309
344
367
381
402
395
396
400
394
406
417
418
420
407
393
381
372
383
388
379
356
342
349
380
407
405
391
366
348
351
362
372
370
369
370
366
377
394
401
409
396
392
393
398
397
381
375
377
379
377
379
379
393
387
391
387
376
368
369
381
393
415
433
438
438
427
416
411
420
416
426
437
428
421
403
403
414
429
435
438
435
428
426
430
444
451
455
448
448
452
467
485
485
486
483
492
489
489
492
490
488
489
471
458
468
467
474
460
446
437
419
424
431
412
406
400
402
424
432
433
436
433
437
440
447
446
447
459
458
435
421
422
426
425
415
409
411
414
413
407
410
415
423
425
433
443
435
414
407
397
396
413
429
462
476
485
481
472
470
456
465
454
448
453
454
471
471
472
469
458
450
442
433
439
448
451
436
426
424
424
429
444
448
434
430
442
449
428
424
413
423
419
422
442
428
429
413
410
421
422
428
429
418
414
412
403
405
382
349
343
342
338
339
343
346
349
349
346
337
334
344
346
352
364
372
377
386
385
380
381
373
380
393
398
408
412
411
419
409
392
365
356
340
341
358
343
331
321
337
348
359
355
361
359
346
340
342
349
352
340
330
329
312
300
302
314
314
316
327
320
318
308
305
302
295
284
278
265
260
277
293
305
280
273
276
269
265
260
260
253
250
237
243
247
266
271
269
265
263
253
242
240
236
230
228
230
228
233
229
218
212
210
201
198
213
228
221
229
234
241
228
233
247
244
241
234
215
212
217
218
215
210
233
223
210
201
193
191
206
213
203
208
206
199
179
186
189
188
181
152
134
143
160
163
168
177
187
168
176
184
187
191
187
190
206
198
176
167
195
224
231
204
183
172
170
194
228
234
214
198
169
190
214
239
266
259
270
265
262
278
280
294
287
275
269
269
282
290
288
291
277
260
266
255
261
262
251
236
226
230
241
255
258
249
243
241
233
223
222
231
232
217
222
215
218
220
224
233
219
207
185
189
210
213
195
181
180
194
219
224
214
194
183
180
203
238
250
252
233
227
221
225
231
204
184
162
176
182
169
172
150
140
144
136
141
152
170
168
163
167
176
189
199
203
211
221
212
210
209
227
235
249
258
256
250
242
234
226
233
255
289
303
293
295
289
284
291
276
264
251
259
270
262
261
273
281
299
296
295
275
266
275
285
294
287
284
268
270
286
296
306
300
296
284
263
261
267
270
259
253
248
248
250
247
237
217
222
241
240
251
243
255
264
267
257
245
245
218
214
235
238
236
238
221
212
194
184
195
199
192
184
163
147
142
144
151
159
154
145
143
149
146
135
131
143
153
137
136
135
137
127
119
100
92
86
87
83
63
70
70
60
64
62
39
40
45
38
42
40
41
44
52
52
46
55
59
63
76
76
86
81
85
94
97
103
108
109
102
107
118
128
135
128
117
105
93
86
77
69
64
67
73
92
81
80
92
91
78
78
83
91
90
86
80
82
78
77
76
72
77
70
66
68
75
75
71
73
85
96
106
108
114
119
120
121
108
100
105
106
105
103
96
96
101
105
93
82
75
64
57
42
34
38
34
30
17
8
13
13
16
33
47
48
46
35
20
31
54
61
68
86
107
103
100
92
83
85
89
97
94
94
89
84
83
77
67
34
14
7
28
59
69
54
31
15
17
44
47
48
36
13
20
25
41
64
54
31
3
4
10
8
-6
-12
-19
-40
-52
-46
-49
-54
-48
-36
-48
-54
-52
-63
-62
-53
-31
-17
-6
-5
-3
10
16
7
-7
-4
-1
-9
-19
-20
-12
-1
6
18
18
3
5
12
24
47
69
79
67
63
61
63
61
58
61
61
64
42
37
37
31
31
30
44
42
49
50
50
45
30
30
19
16
20
6
-9
-28
-24
-16
-2
2
0
-7
-10
-17
-27
-25
-35
-25
-18
-12
-4
5
7
21
11
-1
-20
-34
-26
-32
-26
-26
-12
-13
-16
-20
-19
-22
-39
-51
-48
-36
-19
-5
3
9
-4
-22
-36
-46
-44
-59
-66
-59
-45
-24
-6
4
7
1
2
6
3
18
31
47
50
57
38
29
18
27
35
26
16
7
-5
-6
4
4
13
14
22
31
38
50
54
55
46
49
57
57
58
40
33
24
10
1
-16
-27
-35
-25
-25
-14
-9
-21
-32
-27
-20
-12
4
11
25
32
43
45
31
21
14
14
22
23
25
21
34
37
28
22
28
36
34
37
35
51
48
52
49
50
58
58
65
72
95
80
79
80
68
72
80
78
72
72
63
68
48
43
40
46
55
54
55
41
47
59
64
62
65
61
53
46
40
30
29
40
40
45
49
42
47
39
28
25
21
29
35
36
31
25
13
2
-4
-9
3
1
3
2
0
-3
-11
-22
-24
-18
-6
-8
3
15
5
-4
-9
-5
-19
-18
-20
-15
-27
-34
-47
-62
-59
-67
-74
-80
-67
-68
-83
-84
-95
-103
-110
-105
-108
-110
-100
-99
-109
-124
-111
-106
-90
-73
-75
-76
-77
-69
-63
-68
-70
-70
-73
-69
-81
-102
-102
-111
-110
-102
-105
-109
-111
-113
-100
-112
-132
-156
-192
-179
-164
-138
-126
-130
-144
-155
-141
-117
-91
-67
-60
-53
-61
-49
-34
-26
-22
-17
-22
-43
-46
-52
-54
-58
-53
-59
-59
-47
-48
-29
-26
-25
-33
-32
-18
-3
30
40
41
54
53
49
65
78
91
105
107
104
90
97
119
122
110
96
69
65
84
107
121
120
133
132
156
181
192
197
166
167
187
202
234
234
223
209
192
185
203
202
186
168
150
140
127
136
139
127
148
146
148
156
185
202
210
237
255
255
258
262
269
275
271
269
277
287
297
319
326
331
308
282
270
264
270
269
278
294
309
298
290
282
273
270
263
266
262
262
266
271
269
267
270
264
265
262
260
260
265
272
282
296
310
323
318
302
302
300
299
295
275
285
280
289
288
283
297
301
307
295
293
286
277
282
281
272
267
268
260
273
283
289
274
261
265
265
281
297
307
303
276
275
282
276
283
275
262
267
261
258
251
251
246
232
225
232
238
239
256
277
292
289
291
287
295
311
330
334
322
320
314
308
306
303
307
304
294
288
297
285
277
274
284
291
284
284
272
275
273
274
273
274
276
285
290
281
286
297
302
293
299
295
289
298
291
293
298
291
281
278
272
284
297
309
311
316
312
299
311
314
322
324
329
325
316
308
303
308
322
316
320
327
332
346
337
355
359
357
356
358
358
375
385
390
403
407
419
415
415
417
425
430
431
429
429
428
428
424
402
413
432
444
448
436
421
401
403
409
421
430
424
396
371
354
341
348
353
360
362
378
393
381
369
359
363
380
408
420
425
434
427
436
414
397
390
383
395
394
393
385
389
392
399
386
375
367
363
394
416
425
410
377
354
355
376
391
384
376
365
379
396
405
394
398
391
391
392
389
395
385
370
352
343
341
342
338
337
336
321
312
295
285
286
295
312
326
330
335
316
305
296
285
285
290
310
307
297
270
246
235
244
252
243
222
204
198
224
229
238
234
232
224
208
224
226
220
207
218
220
214
191
168
166
172
180
182
179
167
168
173
159
152
131
123
134
144
155
161
156
163
164
159
167
163
158
170
176
186
190
188
189
184
179
162
156
151
167
166
166
165
144
132
113
112
117
127
129
131
145
132
122
110
83
66
65
70
89
106
95
79
70
45
28
28
24
21
42
74
98
97
81
60
44
51
57
58
56
55
67
64
62
71
66
72
77
84
77
95
104
94
75
47
34
32
41
38
26
26
30
16
16
14
11
17
16
29
16
4
18
4
-9
-14
-18
-15
-17
-18
-24
-14
-3
-7
-15
-28
-31
-25
-12
-6
10
4
-6
-7
-28
-39
-40
-45
-28
-22
-19
-24
-32
-35
-56
-68
-71
-83
-99
-110
-108
-104
-100
-101
-111
-98
-93
-103
-98
-105
-102
-101
-107
-107
-92
-73
-81
-99
-124
-121
-110
-104
-94
-97
-97
-92
-104
-101
-94
-92
-103
-117
-117
-122
-121
-122
-123
-118
-111
-98
-99
-99
-94
-105
-102
-95
-99
-102
-113
-121
-112
-111
-105
-123
-119
-116
-141
-142
-156
-158
-158
-138
-142
-143
-151
-156
-159
-173
-174
-182
-169
-158
-161
-156
-172
-180
-188
-191
-189
-172
-174
-165
-172
-189
-186
-189
-175
-185
-169
-172
-184
-189
-210
-228
-231
-223
-225
-227
-234
-220
-235
-240
-218
-201
-202
-194
-197
-216
-215
-202
-188
-183
-167
-152
-142
-131
-133
-142
-154
-154
-149
-146
-146
-160
-150
-144
-124
-122
-135
-142
-157
-142
-124
-117
-136
-145
-155
-151
-135
-107
-96
-100
-95
-96
-85
-72
-58
-68
-75
-76
-85
-83
-99
-95
-92
-93
-96
-110
-120
-135
-118
-105
-102
-106
-116
-124
-109
-77
-70
-72
-64
-58
-58
-64
-73
-81
-83
-70
-60
-66
-92
-104
-94
-76
-64
-69
-93
-117
-120
-116
-102
-97
-96
-98
-102
-86
-69
-62
-66
-77
-82
-58
-41
-20
-28
-56
-75
-76
-64
-74
-87
-92
-107
-122
-138
-162
-177
-189
-185
-199
-205
-196
-200
-185
-177
-185
-183
-174
-181
-162
-160
-167
-174
-174
-180
-186
-191
-200
-202
-197
-188
-196
-213
-216
-225
-220
-209
-193
-180
-182
-177
-168
-161
-174
-194
-230
-226
-217
-210
-199
-202
-191
-198
-195
-190
-190
-188
-194
-204
-198
-169
-159
-143
-138
-134
-141
-134
-121
-113
-107
-102
-103
-105
-101
-95
-84
-88
-76
-73
-76
-89
-90
-93
-99
-107
-109
-113
-126
-125
-111
-83
-72
-82
-97
-110
-111
-94
-81
-79
-63
-58
-78
-96
-120
-135
-138
-123
-117
-120
-119
-127
-137
-155
-164
-175
-178
-178
-177
-161
-130
-130
-142
-149
-157
-161
-157
-132
-124
-126
-139
-146
-169
-174
-182
-181
-180
-178
-170
-176
-187
-197
-182
-181
-182
-183
-184
-186
-175
-167
-171
-173
-189
-178
-166
-175
-166
-153
-139
-128
-118
-109
-122
-132
-140
-148
-151
-155
-151
-167
-176
-164
-145
-140
-143
-141
-131
-130
-130
-138
-134
-129
-111
-108
-130
-126
-151
-168
-169
-191
-200
-206
-205
-205
-193
-198
-199
-203
-197
-180
-171
-177
-182
-195
-204
-203
-224
-226
-234
-229
-213
-219
-200
-206
-203
-201
-199
-202
-221
-240
-254
-253
-245
-227
-242
-262
-274
-298
-295
-290
-295
-290
-301
-322
-331
-324
-320
-339
-347
-334
-336
-342
-329
-348
-374
-385
-398
-388
-373
-349
-350
-343
-331
-355
-365
-357
-349
-345
-351
-373
-404
-417
-401
-391
-378
-400
-425
-463
-476
-452
-407
-396
-421
-448
-486
-485
-462
-437
-430
-444
-450
-453
-447
-431
-422
-431
-430
-432
-446
-440
-445
-449
-450
-459
-475
-493
-509
-525
-520
-504
-493
-498
-525
-543
-538
-516
-484
-465
-450
-436
-426
-433
-435
-444
-444
-429
-425
-428
-442
-454
-445
-426
-413
-397
-418
-442
-452
-437
-403
-392
-385
-397
-410
-408
-399
-397
-403
-414
-430
-424
-403
-388
-391
-409
-424
-440
-447
-458
-462
-468
-459
-463
-478
-492
-523
-530
-523
-526
-540
-547
-546
-535
-540
-543
-536
-525
-520
-500
-487
-501
-506
-523
-517
-518
-514
-512
-535
-549
-546
-536
-533
-530
-548
-567
-578
-573
-556
-547
-539
-540
-535
-540
-549
-556
-578
-584
-579
-554
-519
-504
-524
-547
-556
-570
-583
-593
-598
-599
-596
-584
-563
-560
-562
-563
-560
-542
-540
-535
-538
-533
-520
-507
-500
-509
-514
-530
-521
-527
-527
-541
-553
-554
-552
-540
-539
-519
-536
-550
-543
-534
-550
-561
-551
-559
-563
-571
-565
-566
-573
-566
-574
-598
-602
-611
-616
-610
-606
-599
-604
-604
-587
-567
-556
-560
-572
-567
-558
-548
-541
-534
-537
-548
-558
-563
-563
-563
-565
-570
-580
-589
-589
-596
-599
-605
-603
-607
-614
-614
-618
-610
-616
-618
-623
-623
-636
-638
-618
-610
-597
-598
-600
-595
-583
-563
-568
-581
-592
-593
-586
-577
-582
-593
-586
-569
-559
-570
-585
-607
-614
-613
-609
-607
-617
-618
-631
-630
-645
-660
-665
-662
-667
-667
-665
-672
-693
-712
-716
-712
-701
-693
-691
-700
-687
-691
-704
-709
-712
-712
-698
-683
-687
-684
-676
-676
-665
-658
-650
-639
-620
-607
-608
-613
-602
-604
-611
-608
-597
-593
-601
-591
-610
-624
-626
-612
-607
-614
-633
-650
-656
-647
-651
-658
-660
-664
-656
-650
-638
-640
-658
-647
-643
-634
-633
-646
-657
-661
-660
-641
-629
-621
-605
-597
-587
-572
-584
-607
-619
-624
-604
-612
-619
-642
-643
-616
-605
-615
-644
-659
-649
-634
-602
-589
-607
-628
-643
-640
-642
-630
-613
-613
-621
-615
-606
-588
-585
-579
-588
-596
-613
-619
-597
-601
-598
-623
-629
-644
-669
-674
-672
-663
-657
-653
-685
-694
-681
-663
-638
-625
-610
-598
-602
-607
-624
-629
-631
-622
-620
-621
-620
-622
-609
-586
-569
-566
-574
-580
-578
-567
-551
-542
-532
-540
-537
-520
-521
-519
-539
-560
-553
-530
-508
-499
-501
-504
-506
-494
-491
-504
-509
-526
-532
-521
-518
-523
-534
-535
-527
-534
-548
-551
-524
-497
-489
-500
-506
-490
-479
-464
-446
-468
-483
-479
-467
-467
-453
-449
-455
-447
-437
-444
-467
-471
-466
-454
-442
-427
-426
-428
-422
-439
-455
-467
-484
-478
-491
-493
-478
-454
-438
-425
-435
-429
-427
-426
-416
-421
-415
-407
-383
-364
-369
-376
-374
-376
-355
-348
-339
-317
-319
-323
-317
-308
-285
-268
-260
-246
-248
-269
-280
-264
-252
-237
-219
-230
-244
-244
-232
-211
-200
-188
-188
-199
-196
-211
-211
-211
-220
-229
-232
-246
-246
-248
-242
-225
-234
-238
-242
-253
-243
-242
-248
-268
-277
-269
-264
-247
-235
-228
-218
-209
-236
-247
-241
-230
-214
-200
-194
-212
-230
-235
-235
-244
-248
-259
-268
-265
-273
-269
-269
-278
-281
-280
-292
-293
-291
-281
-269
-262
-259
-246
-227
-210
-195
-194
-198
-203
-199
-184
-168
-164
-180
-187
-187
-188
-180
-179
-182
-180
-181
-187
-195
-199
-206
-212
-220
-208
-191
-182
-173
-173
-160
-152
-145
-135
-143
-141
-137
-124
-112
-103
-107
-119
-122
-127
-135
-138
-135
-115
-94
-89
-92
-87
-82
-73
-79
-74
-68
-67
-56
-57
-60
-69
-56
-66
-66
-46
-51
-69
-81
-60
-53
-67
-81
-91
-91
-85
-82
-76
-77
-64
-65
-84
-93
-92
-83
-75
-100
-106
-76
-71
-66
-67
-70
-50
-36
-37
-27
-21
-11
-11
-15
-22
-40
-62
-68
-63
-65
-77
-97
-108
-98
-70
-83
-119
-153
-184
-159
-126
-110
-109
-136
-162
-169
-169
-149
-113
-103
-112
-117
-111
-101
-93
-88
-81
-84
-101
-111
-119
-134
-136
-137
-144
-170
-186
-191
-189
-181
-174
-177
-188
-195
-193
-168
-147
-133
-118
-102
-102
-126
-150
-171
-163
-160
-149
-158
-198
-221
-233
-223
-211
-210
-204
-220
-233
-232
-231
-213
-214
-210
-201
-193
-197
-208
-210
-210
-217
-214
-199
-192
-195
-204
-230
-248
-250
-245
-263
-291
-298
-321
-315
-315
-334
-336
-341
-339
-327
-343
-341
-344
-328
-318
-319
-328
-331
-311
-291
-283
-296
-316
-336
-334
-327
-322
-324
-328
-334
-343
-346
-349
-363
-382
-401
-402
-399
-395
-386
-375
-382
-396
-389
-393
-399
-415
-420
-410
-380
-358
-366
-385
-394
-395
-406
-417
-429
-445
-431
-412
-393
-391
-380
-383
-392
-377
-366
-346
-340
-346
-349
-341
-344
-342
-342
-333
-329
-318
-332
-339
-338
-342
-352
-363
-358
-358
-343
-321
-317
-348
-369
-384
-397
-414
-421
-421
-405
-406
-411
-424
-441
-446
-457
-469
-478
-487
-489
-486
-476
-474
-481
-505
-514
-512
-504
-494
-489
-470
-468
-463
-453
-460
-469
-463
-456
-442
-424
-426
-430
-444
-443
-447
-454
-464
-485
-485
-498
-498
-504
-520
-506
-512
-509
-481
-482
-478
-473
-480
-471
-463
-453
-459
-443
-421
-417
-420
-428
-426
-409
-397
-413
-405
-394
-374
-365
-368
-375
-374
-379
-372
-353
-351
-340
-350
-339
-353
-355
-355
-368
-375
-375
-377
-374
-375
-375
-369
-365
-371
-374
-376
-357
-346
-343
-345
-361
-362
-365
-380
-383
-377
-372
-362
-345
-343
-351
-344
-332
-331
-319
-308
-285
-279
-291
-305
-320
-314
-299
-286
-292
-289
-287
-270
-263
-264
-280
-287
-287
-268
-261
-249
-241
-253
-274
-295
-299
-291
-289
-301
-314
-313
-298
-285
-279
-277
-274
-264
-246
-243
-230
-231
-227
-223
-222
-232
-235
-239
-243
-237
-246
-264
-273
-251
-216
-199
-220
-252
-278
-297
-279
-257
-238
-241
-268
-282
-288
-279
-251
-240
-235
-248
-258
-247
-242
-244
-252
-251
-277
-296
-299
-296
-296
-297
-285
-289
-311
-332
-335
-319
-315
-310
-321
-319
-317
-316
-304
-293
-281
-286
-289
-294
-305
-334
-353
-361
-348
-339
-333
-351
-356
-339
-329
-305
-304
-327
-360
-361
-333
-316
-302
-299
-298
-306
-293
-270
-265
-273
-283
-292
-277
-257
-251
-266
-277
-286
-299
-302
-312
-326
-329
-327
-336
-342
-359
-372
-372
-363
-361
-354
-350
-348
-332
-336
-333
-335
-356
-339
-311
-284
-269
-279
-281
-280
-274
-262
-263
-253
-259
-246
-212
-219
-241
-260
-260
-262
-261
-246
-234
-229
-229
-242
-256
-275
-281
-289
-307
-303
-287
-274
-284
-284
-295
-297
-312
-322
-339
-349
-341
-339
-329
-321
-327
-338
-322
-313
-322
-339
-341
-336
-336
-341
-356
-356
-357
-365
-357
-357
-367
-371
-390
-397
-391
-401
-402
-417
-430
-418
-407
-399
-397
-396
-398
-401
-409
-402
-384
-394
-383
-402
-414
-430
-451
-465
-493
-504
-506
-490
-492
-487
-479
-463
-467
-478
-489
-474
-453
-443
-429
-419
-420
-428
-431
-433
-423
-409
-400
-405
-427
-444
-446
-460
-461
-450
-443
-433
-443
-473
-478
-481
-491
-484
-469
-464
-471
-484
-490
-490
-493
-492
-498
-498
-486
-484
-477
-481
-494
-504
-517
-516
-507
-508
-505
-503
-501
-515
-530
-533
-529
-513
-508
-500
-486
-501
-510
-513
-516
-508
-495
-468
-458
-471
-476
-480
-482
-492
-503
-488
-475
-455
-444
-456
-467
-476
-477
-474
-473
-462
-448
-442
-443
-446
-432
-439
-432
-425
-431
-424
-411
-409
-401
-407
-417
-434
-445
-425
-420
-425
-437
-451
-448
-436
-422
-418
-413
-426
-438
-436
-438
-434
-437
-451
-471
-491
-486
-483
-486
-496
-514
-506
-500
-483
-479
-489
-504
-502
-494
-477
-459
-459
-460
-467
-488
-511
-525
-539
-547
-536
-546
-554
-572
-561
-530
-534
-548
-565
-576
-585
-567
-553
-552
-566
-589
-604
-598
-586
-578
-562
-562
-553
-550
-554
-555
-561
-563
-566
-578
-591
-602
-609
-619
-632
-645
-655
-669
-683
-697
-692
-680
-696
-713
-724
-726
-720
-713
-698
-667
-649
-646
-652
-645
-642
-643
-637
-639
-635
-637
-655
-661
-647
-644
-628
-629
-636
-655
-660
-657
-649
-621
-601
-607
-616
-600
-601
-580
-574
-566
-558
-536
-532
-517
-504
-518
-511
-521
-517
-515
-524
-523
-523
-528
-530
-538
-549
-547
-541
-532
-525
-520
-507
-501
-501
-522
-525
-521
-532
-517
-489
-487
-506
-505
-513
-503
-498
-512
-519
-504
-500
-517
-523
-518
-519
-556
-554
-555
-543
-550
-546
-535
-543
-564
-594
-577
-573
-576
-602
-607
-578
-551
-559
-561
-583
-581
-606
-641
-630
-601
-588
-608
-600
-575
-559
-550
-554
-546
-528
-524
-539
-533
-521
-535
-514
-517
-513
-514
-500
-498
-501
-512
-537
-553
-559
-550
-548
-540
-543
-553
-542
-542
-554
-556
-558
-568
-561
-559
-546
-531
-536
-546
-542
-539
-535
-522
-499
-498
-523
-514
-502
-487
-483
-476
-469
-457
-457
-470
-466
-454
-447
-428
-402
-410
-438
-468
-459
-445
-438
-462
-461
-455
-463
-464
-471
-473
-483
-478
-471
-459
-466
-469
-483
-489
-488
-492
-486
-504
-486
-462
-455
-453
-446
-435
-422
-406
-401
-404
-394
-384
-359
-341
-360
-369
-355
-338
-353
-348
-344
-351
-346
-347
-354
-347
-361
-375
-366
-354
-353
-356
-351
-337
-328
-327
-326
-333
-346
-362
-355
-332
-313
-309
-303
-307
-318
-331
-354
-363
-360
-342
-317
-323
-325
-328
-331
-326
-312
-291
-292
-294
-267
-260
-252
-238
-259
-255
-243
-235
-232
-231
-224
-233
-236
-242
-243
-235
-244
-243
-253
-268
-271
-271
-287
-287
-286
-292
-297
-288
-304
-317
-318
-284
-269
-279
-277
-300
-287
-270
-239
-217
-211
-189
-198
-180
-168
-157
-162
-169
-178
-171
-158
-169
-159
-141
-127
-148
-166
-216
-233
-229
-214
-203
-223
-262
-288
-299
-314
-325
-311
-280
-262
-263
-291
-289
-275
-254
-227
-202
-171
-156
-134
-88
-64
-28
-4
1
34
50
64
78
84
82
66
56
47
41
39
31
15
31
29
6
-24
-54
-87
-73
-69
-81
-102
-137
-132
-110
-82
-46
-41
-53
-46
-11
46
68
91
118
166
216
238
240
274
317
327
309
319
354
366
371
358
373
369
331
304
326
351
327
255
220
243
259
241
216
195
183
169
167
202
212
224
210
240
280
310
293
279
316
348
361
335
348
364
403
416
434
411
400
394
410
436
439
436
395
390
409
424
421
419
388
365
342
333
340
367
364
352
349
350
346
338
342
349
335
313
281
296
346
348
355
336
340
332
320
330
349
365
357
343
364
381
376
372
386
400
385
367
360
350
337
338
326
330
315
309
286
261
265
271
268
261
230
226
238
253
246
217
205
202
228
213
207
191
202
225
253
255
240
229
236
248
240
231
230
240
246
266
254
235
235
213
209
227
238
241
221
216
194
176
166
151
148
127
136
142
133
129
133
141
162
157
138
132
150
169
158
154
166
171
172
164
170
182
163
138
135
153
151
134
117
96
85
88
79
66
57
41
26
34
70
76
75
63
74
85
86
67
60
70
73
47
30
31
56
78
74
77
66
81
87
86
64
58
38
39
51
81
72
28
23
25
57
54
53
55
71
107
118
106
83
79
86
123
146
138
102
83
98
116
105
84
70
80
85
85
104
109
98
91
92
104
86
74
75
100
132
137
118
97
89
102
112
119
158
167
148
124
135
160
170
141
116
107
125
109
92
86
99
107
108
92
77
61
32
48
79
93
70
43
9
26
28
11
13
35
49
50
39
33
57
82
89
68
68
64
57
45
51
54
57
21
-1
12
30
37
2
-14
-15
10
8
22
27
50
59
67
71
86
78
73
67
91
112
115
84
67
82
70
77
59
66
50
30
23
44
74
81
73
70
77
95
83
68
53
42
37
41
83
93
61
20
5
-2
14
5
-22
-19
4
2
-16
-20
-12
-12
-31
-46
-27
-5
11
23
25
43
27
29
58
116
130
93
69
68
95
108
118
119
127
115
103
95
92
68
32
47
58
45
5
17
38
85
57
3
-17
-1
15
11
36
58
86
59
40
21
41
47
34
14
1
16
21
53
48
55
15
-23
-25
12
32
4
-15
-54
-38
-36
-43
-42
-42
-59
-55
-36
-31
-59
-82
-95
-84
-41
-62
-81
-84
-73
-53
-55
-78
-91
-101
-75
-67
-60
-50
-57
-68
-95
-125
-136
-147
-148
-134
-124
-120
-122
-123
-132
-125
-124
-134
-148
-123
-92
-87
-91
-107
-105
-102
-101
-99
-123
-92
-70
-84
-106
-135
-134
-105
-101
-107
-113
-118
-121
-146
-146
-132
-135
-156
-160
-161
-152
-141
-158
-146
-133
-137
-135
-137
-122
-129
-124
-125
-101
-100
-105
-112
-97
-100
-133
-132
-128
-110
-125
-134
-132
-100
-135
-171
-173
-145
-134
-150
-176
-179
-148
-158
-159
-163
-144
-146
-154
-177
-168
-127
-119
-92
-106
-105
-116
-110
-136
-102
-75
-70
-83
-123
-114
-82
-47
-50
-54
-74
-87
-57
-7
26
4
-30
-54
-38
-14
-23
-20
-15
-14
-20
-30
-25
-24
-34
-45
-59
-52
-29
-34
-62
-58
-57
-62
-106
-114
-57
-27
-28
-84
-108
-78
-28
-41
-66
-55
-50
-44
-46
-31
-9
-12
-36
-41
-16
-31
-76
-74
-34
1
-27
-72
-76
-36
-19
-28
-45
-58
-73
-109
-108
-58
5
-17
-72
-116
-117
-76
-44
-42
-11
-11
-59
-74
-58
-41
-32
-41
-76
-80
-116
-152
-136
-110
-74
-116
-161
-182
-166
-145
-141
-130
-140
-158
-190
-186
-152
-92
-75
-124
-179
-183
-154
-138
-127
-119
-126
-169
-189
-190
-144
-112
-138
-164
-181
-186
-194
-201
-197
-163
-158
-212
-243
-247
-220
-211
-213
-243
-257
-239
-257
-246
-215
-212
-255
-299
-293
-259
-230
-246
-272
-280
-275
-263
-264
-257
-242
-259
-299
-284
-271
-254
-258
-262
-259
-252
-266
-298
-284
-249
-220
-261
-306
-317
-280
-278
-278
-261
-238
-229
-240
-268
-258
-224
-235
-243
-245
-223
-214
-192
-208
-199
-200
-239
-244
-231
-215
-207
-215
-229
-197
-156
-191
-253
-254
-260
-257
-267
-296
-279
-273
-315
-344
-328
-319
-377
-408
-391
-344
-366
-421
-450
-430
-415
-431
-457
-443
-437
-472
-455
-432
-384
-411
-427
-406
-357
-303
-303
-306
-267
-209
-220
-241
-205
-155
-145
-157
-178
-187
-198
-217
-243
-214
-215
-272
-326
-334
-320
-318
-354
-400
-432
-453
-462
-480
-458
-452
-465
-496
-468
-407
-383
-398
-428
-415
-365
-337
-326
-294
-251
-242
-262
-233
-202
-164
-155
-171
-203
-219
-225
-245
-273
-306
-349
-372
-396
-447
-527
-594
-609
-633
-644
-670
-725
-772
-778
-756
-704
-658
-666
-681
-649
-577
-477
-400
-369
-339
-284
-236
-170
-109
-79
-72
-45
-36
-22
-20
-40
-50
-51
-64
-111
-178
-224
-277
-305
-336
-383
-435
-478
-510
-523
-541
-553
-578
-600
-608
-589
-527
-471
-430
-417
-369
-313
-257
-222
-181
-112
-36
4
22
53
74
85
88
98
88
50
12
-13
-19
-37
-97
-188
-250
-302
-374
-463
-512
-547
-560
-630
-704
-767
-782
-781
-790
-802
-821
-830
-836
-816
-789
-767
-798
-793
-742
-629
-529
-506
-520
-521
-506
-420
-356
-287
-248
-223
-197
-204
-168
-125
-79
-93
-129
-164
-186
-183
-186
-211
-230
-268
-355
-443
-503
-480
-483
-544
-628
-685
-697
-676
-651
-643
-664
-683
-690
-639
-541
-470
-411
-409
-382
-325
-277
-245
-189
-111
-61
-31
-34
-31
-16
20
38
49
41
28
2
-53
-121
-180
-219
-284
-347
-424
-478
-567
-628
-675
-698
-701
-764
-869
-926
-929
-937
-948
-962
-957
-977
-976
-990
-962
-930
-915
-891
-842
-777
-701
-656
-620
-563
-510
-472
-442
-344
-282
-244
-268
-265
-219
-188
-193
-227
-230
-234
-271
-340
-378
-424
-484
-565
-618
-641
-665
-769
-847
-854
-860
-867
-918
-941
-921
-879
-846
-787
-703
-656
-636
-557
-448
-345
-300
-275
-183
-52
32
52
74
112
129
99
85
114
129
85
52
45
32
-53
-182
-276
-311
-346
-412
-467
-508
-563
-616
-673
-743
-764
-818
-824
-834
-841
-846
-868
-848
-879
-838
-838
-826
-818
-832
-802
-730
-633
-632
-628
-556
-438
-397
-350
-315
-200
-126
-135
-134
-73
31
21
-31
-28
37
40
-50
-175
-208
-217
-275
-386
-439
-470
-567
-663
-722
-699
-728
-800
-863
-829
-770
-748
-731
-650
-554
-520
-491
-397
-253
-150
-85
-50
35
122
191
238
267
295
321
315
300
288
271
215
132
80
15
-34
-106
-187
-259
-314
-385
-486
-575
-636
-661
-708
-759
-815
-842
-872
-864
-866
-883
-915
-925
-900
-851
-859
-866
-853
-835
-816
-777
-696
-637
-564
-582
-553
-480
-370
-334
-272
-201
-165
-158
-189
-160
-81
-12
-78
-92
-72
-36
-80
-161
-224
-244
-273
-367
-461
-517
-550
-632
-682
-723
-728
-784
-833
-851
-831
-782
-738
-681
-629
-567
-534
-457
-337
-216
-152
-104
-60
32
138
192
234
266
276
283
287
267
251
225
177
108
37
-47
-90
-136
-204
-298
-381
-436
-471
-522
-604
-645
-695
-726
-761
-764
-762
-778
-833
-859
-847
-846
-821
-822
-827
-862
-903
-893
-791
-716
-700
-715
-684
-641
-594
-516
-388
-288
-283
-330
-316
-186
-107
-76
-38
17
32
23
16
89
118
51
-47
-84
-72
-136
-252
-346
-378
-451
-559
-631
-621
-612
-667
-789
-827
-773
-707
-671
-647
-579
-537
-461
-372
-221
-97
-38
-19
48
151
244
300
337
396
442
432
386
411
457
441
340
255
238
214
121
37
3
-25
-101
-218
-265
-292
-329
-432
-479
-461
-474
-549
-620
-632
-613
-638
-693
-701
-685
-726
-806
-760
-647
-602
-691
-757
-707
-588
-541
-508
-410
-265
-207
-252
-264
-179
-44
37
100
156
189
157
107
145
275
345
270
152
78
84
74
23
-45
-132
-255
-370
-415
-390
-363
-405
-516
-602
-625
-607
-559
-501
-411
-382
-353
-323
-237
-102
1
67
112
177
233
282
373
475
520
521
477
461
473
484
473
449
392
306
225
176
151
98
10
-82
-138
-174
-230
-314
-386
-427
-483
-495
-517
-528
-570
-578
-581
-631
-633
-641
-633
-641
-661
-699
-680
-664
-612
-626
-634
-657
-653
-591
-513
-425
-381
-350
-347
-299
-225
-134
-87
-26
13
68
77
85
161
237
259
133
36
46
97
68
-20
-129
-227
-321
-375
-399
-393
-442
-570
-661
-708
-640
-599
-591
-588
-570
-540
-481
-378
-271
-181
-141
-54
27
114
147
228
336
411
423
388
408
446
465
425
403
369
304
190
155
149
139
58
-45
-106
-155
-210
-295
-334
-398
-466
-537
-565
-562
-568
-609
-672
-699
-708
-722
-752
-749
-746
-782
-764
-723
-690
-700
-705
-677
-616
-520
-451
-353
-283
-249
-249
-173
-64
62
125
211
288
290
248
251
372
485
435
247
174
228
259
167
54
-56
-155
-259
-328
-333
-347
-473
-641
-682
-619
-565
-595
-607
-553
-475
-466
-441
-351
-212
-81
-1
107
190
254
281
391
539
654
650
618
631
662
625
589
583
548
478
353
295
271
237
123
13
-56
-134
-235
-308
-346
-357
-407
-529
-598
-591
-556
-601
-651
-647
-661
-682
-719
-700
-702
-690
-704
-691
-656
-646
-676
-646
-551
-504
-439
-382
-281
-273
-282
-265
-130
50
108
96
105
198
248
273
325
421
415
303
184
185
222
177
84
-44
-129
-234
-313
-328
-292
-356
-511
-660
-659
-572
-507
-499
-522
-459
-418
-327
-214
-82
16
68
138
259
354
420
476
579
685
705
671
635
680
687
660
603
543
478
397
320
264
158
77
-30
-120
-157
-210
-299
-418
-495
-569
-589
-578
-572
-596
-656
-760
-801
-765
-745
-754
-785
-760
-751
-781
-785
-799
-729
-705
-653
-597
-503
-433
-391
-355
-304
-258
-220
-149
-67
35
96
151
144
169
210
257
280
237
145
66
87
90
53
-14
-94
-210
-276
-325
-341
-367
-424
-523
-610
-601
-546
-531
-544
-531
-475
-387
-325
-263
-185
-75
15
122
186
240
285
382
505
578
594
551
536
586
630
602
526
453
390
336
263
190
129
48
-61
-156
-238
-320
-414
-466
-517
-577
-674
-743
-761
-735
-769
-852
-864
-863
-826
-846
-840
-828
-806
-798
-818
-756
-715
-677
-681
-613
-502
-406
-418
-400
-353
-242
-161
-147
-88
-1
148
198
190
161
220
325
384
282
163
116
159
191
134
25
-128
-212
-259
-216
-227
-298
-446
-529
-500
-425
-394
-433
-450
-389
-281
-208
-136
-87
-7
81
189
280
350
402
483
583
692
721
682
661
672
706
731
707
625
509
440
375
336
298
230
142
33
-41
-110
-164
-241
-293
-321
-382
-423
-479
-450
-475
-461
-491
-485
-494
-526
-532
-507
-455
-428
-418
-429
-384
-370
-292
-246
-166
-115
-62
-25
-9
21
97
182
234
305
403
454
381
376
430
555
575
419
294
293
371
317
220
108
5
-101
-151
-166
-154
-245
-438
-551
-509
-411
-436
-480
-459
-365
-273
-214
-173
-89
-12
87
196
346
415
416
462
554
672
670
641
642
684
695
669
591
556
485
436
357
292
246
146
68
-15
-83
-156
-238
-331
-400
-497
-544
-605
-572
-558
-652
-702
-763
-727
-691
-656
-639
-622
-624
-656
-701
-630
-561
-517
-479
-466
-388
-326
-238
-176
-139
-133
-142
-50
109
223
283
280
247
274
346
448
430
315
184
168
257
238
88
-75
-162
-204
-239
-279
-324
-411
-527
-617
-586
-513
-508
-547
-569
-504
-425
-374
-304
-152
-25
26
58
150
260
356
463
552
639
614
558
554
620
669
611
553
482
420
367
300
280
231
108
-53
-172
-188
-187
-278
-402
-504
-531
-562
-596
-638
-666
-696
-741
-735
-703
-665
-684
-737
-777
-718
-673
-634
-657
-620
-540
-469
-433
-420
-300
-147
-45
-79
-126
-111
0
111
245
357
367
248
131
237
451
552
355
131
99
192
181
44
-90
-187
-267
-333
-337
-346
-420
-585
-670
-621
-507
-514
-570
-526
-426
-367
-389
-375
-272
-96
-4
44
73
149
209
311
440
528
524
436
447
524
635
606
503
384
387
371
319
247
200
124
-17
-99
-178
-197
-310
-404
-479
-490
-577
-656
-689
-680
-695
-776
-830
-862
-846
-849
-839
-844
-815
-855
-833
-800
-701
-624
-611
-550
-471
-271
-174
-146
-187
-121
-16
129
234
349
413
318
219
217
432
526
415
167
85
121
104
-17
-140
-210
-294
-418
-527
-525
-556
-640
-776
-792
-755
-744
-766
-728
-606
-510
-498
-523
-421
-273
-158
-102
-10
71
97
114
229
390
480
445
378
384
412
424
342
311
307
270
142
46
-15
-51
-128
-223
-295
-347
-444
-597
-658
-678
-688
-753
-834
-868
-908
-933
-993
-975
-963
-1000
-1069
-1132
-1068
-967
-898
-895
-878
-853
-773
-691
-538
-339
-193
-190
-307
-271
-95
90
154
181
208
189
123
106
238
369
311
85
-50
-72
-84
-202
-309
-399
-485
-578
-648
-679
-733
-833
-912
-855
-768
-740
-824
-798
-659
-512
-448
-440
-368
-246
-126
-47
39
99
115
128
214
309
368
317
246
241
250
238
142
77
64
66
-23
-132
-205
-235
-302
-392
-483
-570
-660
-773
-832
-832
-821
-872
-961
-1050
-1065
-1102
-1091
-1111
-1101
-1097
-1094
-1112
-1062
-964
-895
-887
-875
-779
-691
-540
-399
-200
-137
-239
-336
-224
72
285
325
214
111
18
42
204
429
423
126
-229
-309
-144
-40
-125
-342
-540
-716
-810
-794
-648
-587
-702
-903
-949
-827
-658
-571
-522
-442
-382
-361
-292
-94
77
169
125
120
176
308
410
487
554
539
438
310
280
314
340
300
229
132
17
-103
-161
-149
-149
-225
-403
-539
-629
-618
-598
-628
-683
-720
-836
-858
-900
-853
-846
-875
-916
-943
-924
-928
-912
-850
-758
-743
-714
-722
-651
-586
-387
-118
50
-44
-246
-216
94
419
553
542
392
205
73
247
631
860
599
71
-195
-126
73
63
-86
-295
-470
-693
-825
-782
-579
-508
-641
-818
-886
-774
-625
-402
-230
-110
-185
-242
-162
136
418
526
475
412
445
528
657
770
825
740
587
435
442
464
476
403
285
142
-21
-140
-186
-196
-211
-276
-427
-572
-708
-712
-661
-592
-629
-754
-871
-921
-843
-759
-674
-746
-847
-942
-881
-757
-653
-634
-662
-651
-615
-535
-431
-196
-8
118
-18
-110
-9
259
457
549
650
643
438
153
207
604
939
753
274
-40
-32
58
58
35
-78
-277
-552
-686
-631
-488
-447
-467
-494
-515
-566
-522
-256
18
135
30
-34
87
337
567
682
734
696
608
609
772
960
998
845
698
594
562
571
561
570
476
327
151
32
-4
-12
-67
-134
-298
-442
-550
-563
-515
-488
-527
-650
-722
-775
-760
-700
-627
-644
-732
-812
-800
-718
-642
-585
-586
-564
-536
-432
-284
-106
63
134
107
36
134
356
610
692
713
663
516
347
361
633
875
782
363
38
-14
72
65
-37
-178
-372
-592
-743
-777
-732
-674
-678
-701
-767
-760
-667
-415
-129
26
-6
-71
48
314
587
720
787
769
763
751
838
971
1061
994
845
703
642
620
592
573
480
318
88
-55
-98
-62
-114
-235
-388
-504
-558
-618
-636
-697
-686
-767
-772
-792
-806
-829
-869
-834
-813
-753
-775
-713
-723
-638
-606
-523
-499
-459
-347
-114
194
253
95
-96
102
450
734
729
697
645
483
326
415
815
979
698
121
-87
-17
89
-40
-195
-324
-500
-755
-963
-932
-823
-722
-798
-827
-891
-844
-725
-399
-73
19
-86
-156
72
442
760
821
832
794
815
872
1015
1185
1188
1053
850
775
779
791
713
615
468
310
92
-76
-139
-134
-131
-266
-463
-682
-795
-818
-742
-670
-672
-839
-1030
-1093
-1005
-839
-827
-876
-969
-971
-895
-807
-713
-687
-682
-630
-537
-402
-168
134
313
133
-126
-39
415
799
807
696
584
469
297
359
760
1028
705
71
-223
-95
26
-135
-322
-431
-546
-837
-1067
-1064
-953
-1012
-1156
-1111
-933
-911
-995
-849
-446
-108
-137
-262
-132
278
601
669
688
780
858
836
874
1045
1207
1151
937
789
771
745
635
539
498
396
164
-108
-245
-263
-297
-372
-487
-678
-873
-1015
-1005
-915
-853
-902
-1045
-1143
-1184
-1129
-1080
-1017
-973
-978
-1020
-1026
-934
-801
-698
-641
-564
-532
-443
-198
236
415
140
-157
32
555
899
897
773
620
374
309
593
1060
1032
459
-52
-89
71
-59
-273
-356
-355
-575
-949
-1210
-1139
-1004
-993
-1053
-1011
-998
-1120
-1049
-684
-191
-69
-228
-277
54
509
736
786
851
948
1000
1014
1088
1245
1278
1216
1079
967
882
753
643
602
560
408
135
-126
-246
-300
-295
-379
-572
-872
-1141
-1184
-1112
-1009
-1069
-1171
-1297
-1401
-1416
-1335
-1245
-1238
-1255
-1287
-1170
-1134
-1074
-1028
-831
-676
-623
-592
-366
-19
188
111
-80
50
387
704
789
790
733
483
239
304
766
1007
631
-27
-315
-259
-216
-435
-583
-641
-821
-1170
-1495
-1480
-1332
-1243
-1349
-1389
-1359
-1331
-1348
-1154
-763
-451
-417
-524
-350
24
389
530
625
704
733
743
861
1078
1218
1142
958
816
765
785
706
620
484
315
124
-54
-172
-281
-399
-464
-553
-726
-999
-1223
-1242
-1157
-1114
-1173
-1297
-1406
-1513
-1529
-1452
-1371
-1275
-1278
-1258
-1247
-1243
-1199
-1057
-790
-585
-564
-519
-251
82
201
-12
-51
256
689
856
840
856
775
517
352
648
1118
1135
528
14
-75
87
-4
-246
-389
-492
-768
-1194
-1353
-1245
-1106
-1202
-1307
-1307
-1216
-1245
-1213
-933
-553
-358
-455
-428
-126
313
558
650
718
828
888
975
1166
1360
1379
1233
1113
1058
1085
1039
939
795
643
462
285
119
-36
-190
-304
-374
-480
-721
-992
-1119
-1112
-1060
-1092
-1196
-1321
-1439
-1465
-1429
-1327
-1232
-1247
-1287
-1292
-1277
-1241
-1162
-904
-712
-636
-650
-499
-136
136
94
-90
-5
362
715
825
899
866
660
374
428
897
1181
886
225
-68
26
51
-229
-477
-535
-651
-972
-1262
-1298
-1267
-1358
-1510
-1447
-1262
-1265
-1448
-1422
-1013
-584
-491
-602
-535
-188
171
377
510
629
711
712
803
1036
1258
1253
1063
938
916
926
856
757
682
579
369
110
-80
-210
-290
-368
-430
-634
-928
-1187
-1247
-1197
-1117
-1124
-1266
-1478
-1661
-1664
-1549
-1415
-1398
-1435
-1460
-1448
-1469
-1403
-1177
-898
-791
-862
-788
-411
-43
23
-189
-172
172
558
696
752
814
692
381
296
665
1128
1034
450
7
-24
16
-149
-339
-325
-410
-787
-1247
-1396
-1257
-1172
-1286
-1435
-1411
-1370
-1444
-1457
-1170
-780
-619
-694
-678
-414
-91
133
294
497
623
605
618
823
1093
1187
1048
884
855
879
879
788
719
613
435
268
109
-46
-190
-308
-348
-447
-668
-934
-1099
-1110
-1065
-1049
-1136
-1295
-1486
-1589
-1566
-1448
-1362
-1379
-1409
-1407
-1374
-1404
-1347
-1149
-902
-763
-762
-605
-302
-43
-80
-237
-102
298
625
751
797
799
599
315
429
949
1332
1031
405
93
124
142
-55
-181
-207
-400
-841
-1220
-1266
-1106
-1071
-1208
-1308
-1307
-1316
-1418
-1301
-924
-565
-498
-659
-609
-286
89
312
455
587
623
623
752
1039
1302
1295
1115
974
971
1033
1015
943
873
749
559
318
133
23
-17
-34
-146
-389
-704
-907
-931
-860
-800
-856
-1051
-1288
-1425
-1394
-1222
-1124
-1198
-1311
-1339
-1292
-1257
-1215
-1048
-829
-695
-708
-695
-426
-126
26
-44
-59
192
474
622
749
891
901
582
341
577
1085
1282
852
337
149
169
76
-111
-157
-185
-471
-892
-1141
-1076
-953
-1012
-1141
-1196
-1164
-1227
-1301
-1094
-701
-441
-494
-615
-457
-112
183
365
520
650
630
583
723
1038
1266
1229
1011
903
896
951
955
938
901
763
525
250
96
68
100
62
-113
-442
-724
-875
-896
-860
-810
-847
-1045
-1284
-1430
-1342
-1188
-1106
-1177
-1263
-1317
-1321
-1289
-1134
-891
-752
-772
-855
-723
-361
33
154
-56
-200
14
428
690
817
898
798
452
288
590
1101
1200
727
279
182
250
111
-119
-158
-124
-306
-697
-999
-1036
-969
-973
-992
-958
-923
-1085
-1223
-998
-506
-197
-297
-447
-329
50
401
580
688
805
808
808
933
1204
1412
1363
1214
1078
1084
1136
1111
1058
1020
947
740
450
234
204
306
373
158
-167
-429
-571
-589
-583
-498
-527
-717
-985
-1147
-1063
-885
-820
-860
-882
-894
-959
-1087
-986
-733
-468
-403
-494
-461
-256
76
290
310
255
333
523
756
958
1174
1226
939
604
665
1184
1510
1269
699
365
361
418
324
191
90
-59
-329
-657
-742
-694
-644
-705
-744
-717
-790
-890
-786
-413
-68
-7
-156
-145
146
545
753
829
897
974
1025
1096
1307
1509
1539
1350
1202
1232
1385
1401
1258
1118
1084
987
713
490
474
607
561
259
-63
-178
-239
-329
-369
-327
-354
-551
-812
-877
-749
-666
-731
-819
-798
-759
-864
-934
-792
-618
-520
-520
-450
-304
-162
129
413
586
476
328
472
833
1152
1360
1459
1306
880
636
1018
1647
1866
1324
649
438
626
758
597
428
343
131
-262
-538
-512
-290
-273
-416
-569
-616
-566
-479
-226
89
249
163
72
260
679
999
1114
1108
1154
1221
1265
1464
1702
1832
1707
1456
1362
1488
1674
1678
1516
1353
1156
907
716
728
890
794
437
62
-101
-57
-74
-129
-181
-270
-461
-647
-721
-671
-627
-643
-604
-580
-626
-778
-808
-659
-463
-378
-340
-335
-318
-228
25
435
685
616
371
371
673
1041
1275
1392
1381
1076
677
689
1246
1725
1537
833
350
391
551
492
317
278
173
-198
-634
-732
-508
-305
-402
-659
-822
-801
-691
-519
-216
46
81
-44
-4
312
697
900
959
1017
1094
1201
1297
1509
1684
1671
1482
1340
1377
1452
1463
1325
1210
1129
945
688
531
538
566
396
156
-44
-157
-251
-334
-344
-398
-494
-634
-724
-729
-740
-726
-679
-682
-751
-859
-870
-733
-578
-464
-418
-383
-344
-296
-140
156
528
712
551
310
408
824
1242
1448
1478
1297
875
616
907
1517
1730
1253
578
304
425
508
400
279
162
-118
-555
-830
-736
-497
-449
-659
-867
-881
-792
-686
-496
-184
49
18
-54
97
480
836
976
1007
1056
1119
1204
1363
1546
1631
1531
1335
1247
1291
1353
1327
1186
992
812
616
500
491
507
389
105
-162
-265
-262
-298
-443
-595
-674
-713
-733
-807
-864
-872
-871
-827
-841
-851
-845
-824
-731
-606
-553
-552
-556
-409
-160
110
344
409
306
155
311
720
1043
1146
1146
1073
796
522
652
1197
1541
1236
555
139
174
311
268
132
-30
-304
-733
-1024
-983
-734
-638
-840
-1081
-1134
-1044
-950
-772
-448
-181
-155
-234
-153
170
535
776
854
919
955
985
1116
1344
1499
1452
1266
1093
1073
1126
1121
1027
881
726
510
263
136
129
124
-59
-324
-494
-578
-678
-834
-881
-865
-856
-954
-1057
-1092
-1071
-1087
-1150
-1135
-1055
-1001
-1048
-1091
-1009
-877
-799
-769
-671
-536
-390
-249
-13
220
268
160
177
469
794
994
1049
936
612
339
508
1026
1289
931
279
-97
-72
36
-2
-149
-321
-604
-967
-1187
-1154
-1011
-991
-1130
-1243
-1222
-1129
-1014
-819
-509
-268
-216
-206
-71
226
535
730
837
885
931
992
1107
1267
1373
1330
1171
1027
1006
1012
960
833
723
630
461
265
155
156
55
-133
-306
-430
-575
-750
-832
-794
-781
-876
-1017
-1093
-1062
-1077
-1103
-1062
-1005
-978
-1043
-1029
-914
-776
-701
-712
-629
-485
-355
-254
-142
112
366
444
364
313
478
778
1029
1159
1048
712
362
407
885
1219
986
392
-34
-82
-26
-69
-182
-327
-521
-842
-1115
-1183
-1059
-957
-996
-1080
-1092
-1061
-994
-822
-566
-265
-119
-69
6
192
496
701
783
824
927
1061
1161
1217
1264
1230
1169
1104
1061
1009
904
763
636
537
437
264
77
-80
-195
-291
-389
-509
-635
-760
-835
-924
-970
-988
-980
-988
-1056
-1138
-1151
-1084
-1028
-1025
-1014
-980
-967
-946
-876
-748
-641
-577
-569
-578
-466
-196
178
477
452
172
-60
123
623
1003
1104
966
633
237
110
519
1048
1071
512
-111
-327
-214
-137
-183
-307
-496
-835
-1218
-1310
-1090
-801
-777
-981
-1101
-1030
-865
-694
-465
-177
44
57
56
221
499
727
866
994
1096
1077
992
1014
1178
1329
1292
1124
914
785
776
724
653
574
427
194
-56
-175
-175
-166
-242
-468
-681
-809
-873
-885
-893
-897
-931
-1028
-1075
-1070
-1000
-941
-959
-1017
-1018
-941
-855
-842
-807
-740
-621
-537
-486
-459
-369
-214
81
373
463
269
47
115
490
867
1038
943
637
247
110
456
976
1072
599
-42
-315
-269
-149
-115
-213
-447
-785
-1115
-1178
-975
-768
-752
-882
-901
-813
-744
-667
-462
-129
109
136
92
136
330
554
765
961
1034
944
812
844
1033
1173
1135
999
877
791
691
565
484
476
420
219
-52
-199
-212
-229
-311
-396
-527
-734
-899
-926
-794
-694
-718
-823
-928
-891
-791
-752
-766
-766
-752
-749
-779
-741
-669
-614
-563
-525
-447
-403
-422
-377
-276
-60
148
298
289
94
-67
27
342
679
798
682
444
227
197
395
668
762
530
138
-135
-174
-76
-53
-140
-322
-521
-665
-718
-625
-482
-411
-451
-553
-544
-430
-291
-125
69
212
258
256
339
508
687
794
861
919
965
957
945
1006
1105
1116
985
808
700
684
682
632
536
431
286
98
-18
-34
-30
-94
-246
-405
-472
-450
-441
-452
-500
-557
-610
-628
-580
-481
-440
-480
-557
-635
-650
-568
-456
-385
-387
-463
-513
-443
-312
-241
-174
-134
-137
-184
-123
59
178
129
11
-8
112
298
483
551
417
197
95
228
438
474
308
78
-42
-40
-51
-84
-118
-131
-175
-292
-377
-394
-363
-331
-300
-247
-210
-249
-283
-211
-43
122
213
250
239
260
340
467
636
737
769
739
697
757
850
878
845
756
677
632
585
515
436
373
279
152
18
-76
-104
-126
-165
-232
-303
-357
-397
-420
-385
-351
-353
-404
-408
-345
-297
-326
-339
-266
-206
-208
-253
-268
-254
-246
-217
-195
-209
-293
-408
-427
-334
-197
-124
-162
-217
-244
-236
-138
-15
109
201
289
337
296
251
280
455
655
727
638
532
509
579
637
608
536
451
384
356
345
289
182
78
18
-8
3
11
0
-58
-116
-65
77
219
264
250
224
266
371
506
652
738
759
739
737
766
802
851
869
819
752
682
617
550
506
463
388
297
194
95
28
23
67
64
-31
-141
-197
-187
-133
-67
-8
-21
-99
-196
-230
-184
-119
-89
-130
-222
-324
-396
-404
-416
-450
-493
-584
-700
-791
-782
-709
-644
-603
-575
-573
-611
-606
-473
-233
-18
79
109
193
309
396
530
749
932
964
881
830
873
880
824
723
670
634
476
266
142
120
42
-136
-288
-319
-312
-361
-452
-462
-390
-334
-322
-287
-172
-62
-26
-13
87
240
357
436
491
572
636
600
540
549
622
656
615
532
475
438
363
317
292
257
200
140
109
121
127
64
13
22
33
57
61
67
66
34
-47
-111
-119
-77
-76
-167
-302
-424
-530
-609
-667
-701
-736
-824
-932
-968
-959
-952
-997
-1042
-1019
-916
-790
-722
-639
-553
-438
-307
-161
-4
128
213
302
404
536
650
721
767
800
840
854
849
803
720
611
493
411
349
280
174
18
-139
-217
-232
-249
-269
-297
-310
-345
-383
-378
-332
-258
-148
-41
35
63
46
64
170
338
475
526
511
502
538
606
666
688
684
667
635
616
617
632
622
615
589
544
497
479
458
422
390
369
359
342
281
187
125
109
71
5
-57
-96
-148
-249
-324
-332
-306
-308
-368
-433
-447
-451
-453
-431
-372
-322
-323
-350
-365
-309
-227
-179
-179
-197
-161
-96
-62
-58
-43
-10
1
18
55
63
51
30
38
69
81
63
43
51
85
121
130
127
88
59
61
108
163
180
135
92
104
169
270
341
358
306
259
287
412
549
633
637
602
559
579
669
768
827
804
746
716
723
753
797
835
798
709
631
590
600
625
620
579
524
452
404
389
384
361
331
325
327
313
277
244
242
292
340
347
328
307
307
361
445
475
433
356
325
365
419
433
391
317
249
210
217
239
228
155
44
-39
-72
-98
-123
-164
-223
-273
-322
-349
-352
-354
-343
-364
-392
-415
-412
-378
-337
-308
-290
-287
-304
-280
-192
-118
-84
-63
-54
-14
60
120
163
201
234
247
263
332
397
439
446
448
476
542
600
603
577
590
624
642
650
645
639
629
624
595
565
562
576
560
533
474
395
352
329
352
377
346
301
272
282
333
382
387
376
377
376
416
472
530
578
603
588
560
532
512
511
513
505
469
402
328
287
243
200
139
89
31
-51
-111
-153
-190
-217
-249
-287
-294
-303
-317
-329
-302
-254
-217
-229
-255
-252
-201
-118
-61
-37
-30
-41
-63
-45
5
67
71
29
-3
23
68
64
37
26
28
20
5
24
58
83
84
87
120
117
84
58
81
144
201
207
204
210
192
203
212
259
267
264
291
342
397
429
465
494
525
555
582
614
675
713
745
784
817
843
850
852
857
855
838
811
789
767
734
676
631
590
559
533
476
411
333
287
236
178
128
75
9
-50
-90
-106
-123
-168
-197
-203
-187
-182
-162
-119
-75
-19
2
28
61
113
155
187
231
285
314
329
339
362
384
396
392
360
353
321
288
236
216
224
224
187
125
70
40
33
45
46
28
3
-23
-14
-15
-11
0
10
36
46
40
59
105
167
200
227
241
263
290
323
381
439
465
466
485
509
545
590
625
627
620
609
590
584
600
645
658
612
549
512
509
535
542
501
434
361
313
296
285
286
252
166
86
46
59
66
63
51
44
30
22
45
82
111
126
141
160
194
217
234
255
304
356
373
369
376
385
387
374
372
384
361
338
312
302
293
258
226
192
174
152
109
74
68
85
70
58
55
45
40
40
43
73
112
129
145
165
198
245
311
381
436
461
460
459
493
555
634
680
685
653
600
582
603
649
658
599
525
490
494
515
530
508
454
400
330
291
324
357
346
301
273
254
239
232
234
229
223
205
176
143
138
157
179
194
193
188
192
212
246
300
343
358
322
304
347
419
478
515
511
485
467
466
481
509
526
500
458
404
380
381
403
401
352
303
249
209
213
210
198
206
215
206
206
219
258
302
314
339
385
442
486
525
553
582
623
683
736
734
726
747
799
845
868
871
867
861
820
805
821
827
813
773
735
717
674
635
622
594
573
536
477
429
413
417
412
369
333
327
307
283
261
231
230
242
246
250
262
270
265
288
319
334
340
328
340
372
415
434
455
477
477
476
474
493
525
542
536
538
539
529
535
536
546
555
540
508
471
442
422
401
390
371
338
317
300
312
311
300
273
237
266
312
350
374
383
401
422
448
507
582
618
639
644
669
719
781
830
851
842
810
786
800
828
833
816
786
734
698
689
671
650
592
535
495
467
458
457
440
415
393
369
349
343
343
347
357
356
343
328
291
301
327
348
352
341
323
315
336
372
376
362
356
329
322
327
351
369
377
377
360
346
355
395
425
425
408
415
433
448
462
449
433
410
388
373
371
365
364
343
305
282
255
253
252
269
282
297
304
311
333
362
425
481
513
528
553
596
661
708
756
783
769
769
802
838
875
895
899
895
892
899
907
924
923
910
900
879
859
851
831
798
782
783
765
742
743
749
748
758
757
736
719
726
740
759
780
780
781
777
768
766
789
806
800
773
744
734
741
753
763
754
728
705
694
705
712
717
699
665
647
616
598
575
550
534
519
497
470
449
476
491
476
431
376
365
384
426
432
409
365
326
321
323
341
366
367
373
382
404
431
456
468
479
489
521
565
604
614
595
595
598
611
611
591
585
593
609
599
591
580
575
575
578
583
578
565
545
550
542
520
506
503
510
523
523
520
505
500
513
527
532
523
516
519
536
571
590
597
596
595
597
622
663
685
687
675
684
686
707
723
721
723
726
718
695
664
643
620
589
550
503
483
483
486
457
424
396
390
393
392
381
371
360
355
347
348
347
341
324
298
302
321
333
340
355
364
362
353
348
351
358
351
362
362
385
409
433
446
435
430
406
393
393
406
438
447
436
421
399
394
393
389
362
348
364
381
380
363
348
348
358
375
390
388
374
375
377
377
390
393
403
414
433
456
477
481
474
465
455
485
503
490
470
481
496
511
512
495
482
472
483
480
468
460
445
431
398
362
347
319
281
248
235
230
221
201
185
166
150
151
164
166
170
188
216
217
205
210
207
226
226
231
252
256
256
249
246
252
243
240
232
226
249
248
255
262
262
265
251
255
244
231
230
232
229
212
189
192
209
210
185
147
135
114
121
117
100
103
102
103
107
122
130
139
158
178
210
236
251
279
323
358
387
410
432
437
452
463
475
469
460
451
421
421
425
437
439
409
380
368
352
326
309
305
319
306
276
258
247
250
246
233
235
231
233
222
215
201
194
186
179
175
195
226
226
233
233
251
279
291
309
299
291
303
312
321
320
318
315
321
322
321
305
299
283
272
275
273
268
258
243
220
210
218
215
201
194
187
205
200
163
115
89
87
86
79
81
89
99
106
122
128
114
121
122
156
205
234
241
232
244
257
286
326
348
364
360
336
332
342
358
371
354
330
314
289
263
232
217
199
160
130
99
85
81
62
52
21
3
0
11
45
47
54
45
45
61
71
71
64
55
56
64
84
105
122
127
116
113
117
147
153
169
184
179
172
158
166
177
199
195
180
154
114
100
109
126
134
117
84
55
47
58
67
67
55
46
45
46
54
62
77
98
100
97
95
106
125
152
160
164
171
199
227
242
239
230
228
246
267
274
278
266
270
269
267
262
258
246
243
245
236
225
218
195
170
157
135
116
87
62
40
33
26
12
-15
-28
-25
-36
-50
-62
-72
-75
-49
-2
11
11
24
33
49
75
92
98
101
107
105
105
84
81
88
90
93
85
88
78
71
48
16
4
3
-12
-33
-60
-71
-76
-93
-93
-93
-97
-104
-87
-85
-87
-62
-41
-41
-46
-52
-48
-39
-19
-5
3
34
52
62
74
77
88
107
122
141
144
158
165
175
177
162
151
135
136
140
145
137
135
111
95
86
73
65
53
48
42
19
0
15
20
21
2
-11
-24
-30
-21
-24
-16
-9
14
35
54
78
78
78
79
93
107
131
141
133
153
170
177
189
177
141
108
78
71
75
58
34
14
-17
-51
-65
-82
-93
-107
-137
-159
-172
-174
-180
-185
-193
-201
-186
-169
-157
-140
-125
-116
-96
-70
-62
-48
-48
-33
-15
-6
4
15
42
71
83
94
98
103
113
110
113
114
103
93
96
97
103
84
74
54
31
20
10
9
-6
-4
-17
-35
-52
-74
-94
-104
-119
-141
-146
-139
-110
-94
-87
-82
-78
-43
-7
20
54
68
94
111
110
113
119
135
155
153
137
135
132
144
147
138
103
57
27
30
31
34
7
-40
-81
-108
-112
-127
-141
-157
-174
-189
-199
-211
-213
-215
-214
-231
-239
-228
-236
-232
-243
-256
-269
-258
-248
-246
-223
-199
-193
-190
-201
-202
-198
-189
-163
-155
-123
-98
-107
-118
-123
-149
-162
-152
-148
-141
-145
-168
-186
-174
-156
-155
-180
-196
-203
-202
-190
-193
-172
-166
-158
-151
-144
-131
-121
-108
-99
-62
-35
-31
-47
-50
-38
-6
23
25
9
5
15
38
51
52
61
26
28
42
63
97
106
108
95
84
95
107
113
118
113
112
96
74
45
32
26
18
11
-2
4
-6
-21
-50
-52
-68
-79
-81
-66
-56
-54
-34
-16
4
12
15
10
6
19
48
70
83
92
82
83
97
96
103
103
109
114
128
123
110
101
96
91
79
83
84
77
55
60
61
60
44
32
35
53
86
92
99
103
92
104
121
118
124
142
156
168
180
176
156
155
150
166
164
163
181
186
186
174
163
147
144
126
107
100
99
106
117
127
130
122
91
55
45
64
84
93
87
92
73
45
25
12
24
11
5
5
-10
-17
-27
-41
-56
-52
-58
-53
-50
-52
-48
-51
-51
-52
-61
-53
-36
-17
2
9
7
-10
1
13
24
25
17
12
8
17
31
29
26
23
26
38
32
22
6
1
16
27
17
11
-8
-8
14
11
18
22
27
50
74
94
102
91
97
106
105
97
104
107
117
109
93
70
47
38
35
41
52
57
52
47
56
57
50
52
44
47
34
26
33
37
28
16
27
39
40
37
30
16
-6
1
19
15
0
-4
-20
-17
3
10
2
-9
-18
-14
-12
-12
-5
-8
-6
-15
-10
-6
-19
-19
-3
18
31
40
37
18
28
20
10
-11
-32
-12
-2
-9
-33
-49
-45
-29
-2
-4
-37
-67
-72
-62
-22
-8
-8
-42
-93
-95
-88
-62
-42
-24
-25
-32
-32
-19
28
51
52
46
49
68
94
105
107
77
56
61
60
45
44
39
31
30
6
1
10
23
42
55
49
39
51
53
46
32
18
15
19
12
4
6
-7
-4
2
1
-3
-13
-28
-25
-24
-12
20
24
23
19
25
29
26
5
-19
-13
-4
7
9
-1
-27
-46
-60
-68
-79
-94
-102
-122
-145
-164
-188
-198
-204
-211
-219
-237
-240
-230
-213
-192
-182
-166
-161
-148
-132
-121
-137
-148
-139
-128
-120
-100
-85
-76
-77
-79
-82
-81
-72
-64
-55
-36
-9
0
21
24
36
26
20
14
11
10
12
30
46
49
36
30
12
6
-2
-2
-3
-1
-6
-5
3
14
10
2
9
19
26
15
1
-9
-24
-26
-16
-23
-10
-3
-4
-11
-23
-40
-49
-38
-35
-27
-17
-21
-16
-18
-17
-14
-25
-34
-32
-37
-33
-40
-43
-47
-44
-45
-55
-86
-111
-115
-129
-125
-133
-142
-152
-142
-138
-147
-139
-147
-145
-139
-135
-141
-132
-126
-124
-130
-136
-129
-107
-91
-82
-89
-71
-70
-57
-41
-38
-23
-15
4
14
20
16
13
17
22
19
27
24
23
34
47
46
52
61
55
73
73
74
73
58
73
76
85
91
88
83
69
76
76
68
55
52
59
66
64
60
58
48
44
54
52
52
46
44
54
56
57
62
72
70
75
73
71
68
77
88
87
83
68
63
68
75
77
62
70
85
90
82
50
34
32
32
18
11
15
-2
-18
-20
-19
-28
-43
-57
-35
-13
-4
7
1
-16
-27
-22
-10
-5
9
18
7
3
5
12
8
4
-4
3
16
31
36
18
13
8
27
53
63
66
76
73
56
41
24
5
-5
-14
-20
-19
-23
-16
-12
10
12
-6
-23
-30
-9
20
46
47
31
16
18
31
37
51
36
23
29
18
9
1
-5
-20
-25
-18
3
6
-2
-15
-27
-28
-46
-51
-73
-82
-74
-62
-41
-62
-93
-123
-132
-125
-95
-74
-68
-80
-104
-118
-141
-155
-148
-143
-137
-140
-144
-137
-137
-133
-129
-129
-128
-129
-116
-92
-82
-72
-68
-76
-63
-45
-31
-26
-7
-19
-19
-11
-8
9
11
1
-5
-2
-2
-8
-18
-14
-6
-13
-19
-34
-45
-34
-9
-8
-20
-18
-8
5
34
58
74
107
153
181
199
189
179
179
172
176
188
193
198
207
205
203
189
156
140
147
156
169
175
175
165
155
140
124
102
74
51
51
50
48
38
31
5
-11
-13
-29
-28
-32
-31
-40
-32
-16
-21
-12
-10
-3
0
1
-2
-2
14
18
20
17
10
11
22
28
39
43
23
1
-6
-11
3
5
-18
-28
-44
-42
-41
-40
-52
-73
-80
-88
-91
-86
-85
-105
-127
-133
-143
-155
-161
-162
-146
-139
-130
-122
-107
-95
-99
-94
-91
-98
-92
-87
-82
-75
-56
-54
-48
-56
-54
-36
-23
-14
-29
-35
-45
-56
-72
-78
-93
-112
-137
-148
-155
-169
-162
-169
-180
-185
-193
-199
-207
-196
-179
-182
-170
-167
-156
-148
-136
-143
-137
-117
-115
-117
-110
-107
-109
-115
-117
-104
-106
-115
-124
-118
-120
-126
-128
-122
-125
-126
-124
-141
-136
-141
-134
-130
-138
-147
-166
-181
-204
-213
-208
-201
-203
-207
-220
-239
-255
-274
-272
-270
-274
-281
-282
-267
-252
-248
-238
-229
-228
-223
-214
-208
-197
-190
-180
-171
-179
-185
-184
-178
-165
-154
-154
-174
-184
-177
-168
-165
-173
-198
-201
-210
-216
-222
-226
-232
-232
-224
-229
-226
-231
-238
-229
-208
-189
-186
-203
-210
-206
-195
-176
-170
-153
-135
-126
-119
-116
-117
-126
-142
-138
-134
-136
-131
-140
-136
-124
-117
-130
-145
-167
-165
-143
-123
-114
-128
-149
-167
-172
-157
-130
-107
-97
-109
-124
-123
-107
-112
-108
-113
-142
-150
-158
-157
-165
-161
-158
-154
-160
-156
-133
-116
-93
-98
-96
-96
-95
-86
-54
-31
-6
14
27
26
32
32
32
49
50
53
40
21
16
19
38
41
16
-14
-24
-10
18
18
24
14
12
31
48
78
83
88
86
102
123
152
169
171
178
177
204
199
180
166
159
145
131
130
125
130
118
110
110
104
116
131
140
143
139
136
144
148
140
145
157
157
150
158
179
188
197
191
180
173
166
164
161
146
155
166
179
184
183
187
180
185
184
180
171
166
171
192
209
216
227
224
201
205
212
198
183
179
192
208
230
227
221
233
239
255
254
259
250
252
262
276
296
295
296
302
310
297
299
297
299
293
298
304
293
294
299
309
308
299
294
295
290
292
285
291
289
284
277
277
274
255
240
239
237
239
245
249
250
251
244
245
238
220
217
222
226
225
222
218
213
197
202
196
188
193
213
203
204
194
188
201
208
212
210
212
211
206
199
192
195
193
184
190
180
179
174
181
169
156
147
147
164
161
158
173
176
167
168
172
181
175
165
146
136
123
113
111
111
101
86
88
75
80
72
70
68
65
79
86
88
83
70
56
51
40
35
58
70
71
70
46
34
18
0
-2
-6
3
3
5
-18
-27
-30
-32
-33
-35
-14
-2
17
22
20
24
13
-2
-2
-8
-8
-13
-14
-21
-18
-38
-35
-42
-59
-69
-78
-56
-48
-44
-58
-69
-74
-79
-75
-75
-70
-73
-64
-60
-62
-56
-67
-73
-64
-45
-21
-3
-4
5
4
3
-10
-27
-26
-12
2
-8
-37
-58
-55
-36
-20
-33
-61
-103
-118
-105
-67
-40
-44
-71
-94
-95
-77
-65
-48
-46
-54
-48
-46
-36
-39
-17
-10
-14
-16
-29
-23
-26
-39
-34
-41
-61
-64
-70
-76
-60
-73
-79
-93
-109
-111
-97
-78
-67
-46
-42
-53
-70
-78
-106
-125
-122
-117
-114
-123
-134
-145
-146
-127
-127
-148
-160
-174
-169
-156
-150
-144
-137
-121
-119
-115
-106
-101
-113
-125
-115
-102
-83
-86
-81
-78
-73
-65
-69
-78
-89
-93
-88
-91
-100
-129
-144
-143
-140
-132
-139
-146
-152
-151
-146
-143
-146
-140
-126
-109
-100
-110
-119
-139
-146
-141
-125
-113
-104
-87
-95
-97
-112
-128
-144
-138
-118
-94
-73
-74
-63
-74
-54
-51
-65
-79
-109
-113
-117
-102
-97
-85
-71
-89
-106
-106
-111
-126
-127
-116
-108
-103
-107
-121
-126
-129
-127
-121
-123
-121
-116
-113
-106
-96
-91
-104
-100
-81
-81
-87
-97
-100
-112
-101
-82
-84
-95
-91
-84
-68
-56
-72
-96
-106
-99
-95
-96
-88
-92
-97
-106
-110
-109
-125
-123
-129
-126
-128
-137
-145
-141
-136
-130
-128
-126
-137
-143
-151
-148
-141
-128
-111
-120
-132
-141
-143
-144
-140
-154
-157
-159
-165
-169
-167
-173
-176
-190
-205
-202
-189
-180
-181
-192
-184
-180
-179
-170
-163
-164
-173
-162
-165
-172
-166
-171
-178
-177
-177
-171
-173
-169
-165
-169
-182
-195
-191
-197
-199
-192
-186
-184
-182
-192
-191
-192
-199
-191
-181
-162
-153
-149
-144
-149
-133
-142
-150
-157
-167
-176
-177
-168
-176
-187
-203
-229
-234
-231
-228
-222
-227
-229
-225
-211
-221
-211
-198
-186
-168
-171
-173
-161
-158
-161
-163
-163
-183
-188
-171
-166
-176
-178
-170
-185
-180
-161
-168
-182
-189
-181
-191
-173
-174
-185
-188
-204
-202
-211
-214
-206
-215
-211
-197
-188
-173
-182
-108
71
98
-85
-217
-170
-71
-99
-98
-23
-99
-341
-377
-138
-17
-184
-368
-270
-91
-126
-304
-366
-308
-260
-279
-257
-215
-203
-224
-230
-191
-199
-256
-233
-143
-104
-133
-144
-129
-183
-222
-126
-17
-56
-190
-247
-194
-186
-210
-178
-128
-183
-283
-285
-247
-274
-341
-355
-297
-297
-312
-238
-231
-331
-320
-257
-283
-339
-351
-273
-259
-292
-246
-237
-297
-344
-282
-190
-227
-328
-392
-341
-231
-271
-376
-342
-185
-173
-305
-376
-253
-91
-147
-265
-328
-266
-115
-102
-203
-217
-176
-211
-231
-151
-155
-273
-309
-181
-106
-253
-313
-163
-46
-147
-271
-249
-198
-208
-168
-56
-95
-257
-342
-143
-12
-150
-251
-208
-81
-146
-266
-203
-133
-154
-195
-134
-151
-176
-154
-147
-122
-132
-85
13
-4
-63
-70
-97
-190
-155
-87
-20
-84
-256
-255
-171
-156
-242
-263
-176
-163
-271
-345
-255
-165
-219
-311
-262
-187
-163
-184
-233
-169
-127
-147
-162
-171
-110
-100
-170
-181
-103
-62
-110
-150
-127
-74
-102
-166
-166
-148
-81
-94
-207
-229
-182
-164
-203
-234
-187
-159
-178
-179
-160
-166
-225
-246
-213
-174
-177
-196
-214
-236
-245
-235
-186
-181
-220
-228
-223
-183
-149
-155
-179
-213
-213
-164
-108
-171
-226
-198
-164
-168
-165
-135
-134
-195
-264
-262
-218
-181
-197
-228
-238
-214
-207
-200
-213
-248
-249
-242
-205
-154
-154
-180
-192
-157
-121
-153
-182
-143
-72
-45
-75
-91
-53
-16
-33
-74
-41
21
18
-64
-89
-24
18
-23
-88
-49
35
36
-37
-38
29
12
-59
-68
14
43
-15
-72
-63
4
9
-49
-71
-4
29
-17
-43
-20
13
-6
-60
-56
11
38
-23
-63
2
60
5
-66
-61
-8
5
-46
-71
-22
20
-32
-95
-82
-18
3
-21
-34
-5
-13
-64
-77
-70
-66
-62
-52
-58
-76
-111
-160
-204
-182
-138
-123
-137
-150
-134
-128
-152
-174
-162
-100
-60
-43
-61
-105
-137
-136
-125
-129
-118
-92
-111
-167
-180
-156
-139
-150
-149
-149
-143
-142
-125
-123
-145
-129
-141
-156
-146
-145
-155
-189
-204
-206
-215
-202
-168
-142
-143
-157
-167
-183
-219
-210
-210
-205
-196
-220
-234
-250
-265
-269
-269
-266
-271
-248
-238
-257
-269
-259
-237
-195
-163
-179
-198
-198
-218
-244
-242
-202
-167
-195
-240
-254
-254
-260
-256
-269
-292
-293
-276
-278
-291
-281
-262
-244
-246
-247
-260
-249
-236
-244
-247
-229
-202
-201
-230
-249
-222
-212
-252
-295
-279
-234
-228
-284
-282
-282
-325
-351
-320
-270
-271
-287
-291
-280
-293
-294
-285
-272
-246
-219
-215
-230
-237
-265
-286
-287
-264
-247
-248
-252
-282
-270
-264
-276
-297
-308
-299
-304
-311
-317
-284
-277
-287
-276
-268
-283
-304
-303
-278
-253
-243
-245
-253
-283
-304
-305
-303
-300
-326
-334
-306
-275
-270
-253
-243
-228
-214
-217
-214
-191
-190
-220
-218
-193
-184
-201
-217
-204
-190
-213
-240
-252
-255
-258
-268
-269
-280
-303
-314
-316
-321
-325
-312
-322
-370
-366
-337
-333
-369
-392
-363
-362
-366
-381
-385
-404
-419
-415
-388
-344
-329
-345
-362
-348
-358
-389
-390
-373
-372
-385
-380
-348
-360
-390
-400
-389
-381
-383
-362
-370
-403
-445
-450
-427
-419
-443
-460
-420
-418
-471
-471
-436
-454
-506
-510
-468
-457
-493
-508
-481
-473
-465
-459
-436
-410
-446
-459
-436
-428
-435
-431
-420
-403
-409
-420
-426
-441
-437
-416
-411
-428
-431
-440
-446
-459
-465
-466
-469
-469
-470
-476
-473
-472
-476
-474
-476
-460
-450
-461
-449
-425
-426
-441
-419
-407
-438
-452
-419
-385
-406
-446
-430
-395
-382
-397
-404
-389
-399
-403
-398
-372
-357
-347
-355
-347
-330
-336
-347
-342
-329
-321
-313
-317
-348
-359
-332
-321
-340
-335
-327
-338
-367
-373
-366
-363
-381
-397
-380
-361
-358
-367
-365
-357
-354
-348
-347
-353
-339
-339
-342
-349
-333
-328
-349
-360
-321
-323
-380
-408
-398
-384
-397
-406
-404
-392
-391
-370
-353
-380
-415
-424
-397
-371
-354
-350
-365
-387
-396
-387
-346
-335
-345
-348
-338
-335
-333
-322
-314
-317
-341
-347
-353
-343
-344
-342
-348
-358
-352
-377
-381
-379
-350
-336
-337
-359
-375
-339
-323
-301
-276
-265
-262
-275
-290
-296
-293
-282
-271
-264
-282
-305
-321
-318
-313
-324
-331
-329
-343
-331
-298
-278
-278
-290
-302
-304
-290
-263
-271
-303
-294
-263
-254
-239
-219
-216
-224
-225
-206
-212
-215
-216
-221
-218
-219
-221
-210
-209
-230
-251
-251
-240
-243
-247
-235
-230
-236
-236
-242
-234
-238
-235
-218
-236
-267
-259
-240
-244
-240
-242
-239
-233
-246
-249
-240
-253
-252
-219
-199
-209
-222
-216
-191
-188
-203
-225
-244
-258
-270
-244
-229
-247
-267
-280
-281
-286
-286
-282
-286
-289
-269
-249
-256
-273
-279
-262
-244
-229
-211
-215
-226
-233
-228
-225
-228
-200
-175
-165
-164
-172
-172
-154
-151
-185
-217
-182
-168
-192
-212
-193
-180
-206
-209
-215
-231
-219
-212
-205
-201
-208
-207
-220
-217
-214
-232
-234
-230
-237
-243
-252
-242
-228
-228
-238
-242
-245
-227
-216
-234
-241
-223
-218
-227
-244
-242
-233
-250
-258
-265
-265
-268
-274
-293
-307
-303
-291
-281
-287
-283
-288
-288
-298
-297
-307
-321
-331
-335
-338
-345
-353
-350
-351
-350
-363
-357
-332
-325
-333
-346
-342
-339
-346
-356
-355
-359
-351
-334
-334
-347
-352
-356
-354
-364
-348
-330
-318
-318
-340
-328
-322
-319
-333
-314
-296
-299
-303
-313
-303
-305
-324
-324
-314
-313
-321
-345
-331
-325
-327
-333
-330
-302
-283
-293
-309
-297
-280
-275
-265
-245
-227
-241
-251
-235
-235
-235
-221
-219
-216
-223
-243
-242
-231
-213
-208
-216
-215
-227
-244
-243
-242
-235
-233
-236
-247
-243
-224
-227
-250
-274
-254
-239
-240
-251
-255
-253
-240
-221
-209
-188
-176
-168
-165
-158
-179
-199
-211
-208
-203
-210
-238
-251
-252
-257
-252
-253
-244
-288
-334
-324
-274
-223
-230
-261
-280
-289
-272
-246
-213
-204
-218
-219
-215
-188
-181
-197
-217
-239
-253
-259
-249
-248
-258
-281
-298
-306
-321
-333
-322
-316
-317
-301
-284
-302
-335
-333
-316
-289
-267
-255
-241
-248
-246
-262
-271
-279
-278
-252
-245
-239
-254
-258
-242
-224
-227
-229
-244
-251
-239
-223
-199
-188
-176
-188
-194
-182
-170
-161
-152
-158
-149
-140
-138
-125
-134
-137
-133
-125
-139
-154
-147
-129
-133
-140
-147
-155
-151
-150
-144
-131
-134
-139
-138
-125
-108
-92
-101
-89
-74
-90
-86
-95
-88
-91
-80
-70
-63
-63
-67
-73
-88
-105
-122
-147
-161
-138
-132
-146
-167
-176
-156
-148
-150
-160
-172
-201
-216
-216
-209
-185
-186
-204
-225
-229
-217
-217
-232
-241
-237
-221
-187
-176
-185
-186
-192
-190
-176
-158
-163
-175
-175
-170
-162
-151
-151
-147
-140
-130
-116
-122
-140
-141
-147
-139
-134
-135
-140
-162
-152
-138
-127
-127
-132
-126
-135
-148
-142
-132
-123
-138
-147
-148
-154
-156
-158
-163
-161
-151
-139
-139
-140
-155
-158
-149
-154
-146
-128
-96
-95
-107
-108
-94
-99
-107
-111
-112
-106
-113
-120
-121
-114
-131
-145
-148
-139
-142
-163
-189
-197
-203
-207
-213
-210
-230
-234
-236
-222
-211
-207
-204
-200
-207
-207
-187
-169
-160
-169
-173
-177
-170
-157
-148
-139
-136
-144
-161
-179
-178
-182
-177
-169
-164
-162
-166
-180
-192
-189
-199
-200
-203
-196
-198
-198
-205
-209
-211
-215
-226
-225
-232
-239
-235
-249
-253
-261
-269
-274
-288
-297
-290
-277
-277
-258
-251
-267
-265
-258
-260
-249
-256
-242
-218
-207
-202
-202
-207
-208
-201
-190
-189
-198
-189
-173
-147
-148
-167
-177
-172
-193
-182
-178
-199
-210
-218
-214
-209
-211
-221
-217
-215
-206
-204
-206
-208
-202
-210
-208
-205
-203
-197
-191
-160
-148
-146
-146
-144
-160
-158
-140
-114
-117
-138
-140
-119
-93
-87
-97
-116
-141
-159
-139
-103
-98
-112
-136
-150
-169
-166
-144
-126
-116
-121
-132
-138
-122
-115
-113
-133
-136
-130
-122
-126
-136
-151
-173
-172
-169
-175
-170
-155
-160
-166
-191
-199
-183
-152
-130
-107
-96
-88
-88
-86
-85
-100
-96
-82
-67
-66
-78
-99
-112
-104
-87
-80
-105
-123
-130
-114
-73
-54
-47
-47
-49
-30
-10
2
-8
-52
-77
-67
-38
-15
3
-7
-19
-29
-28
-20
-37
-42
-56
-54
-62
-65
-68
-72
-44
-43
-58
-65
-52
-47
-27
4
25
18
20
42
57
52
13
10
7
10
1
-12
-12
-24
-27
-27
-43
-62
-79
-103
-98
-90
-64
-44
-53
-44
-40
-47
-58
-65
-61
-58
-62
-56
-42
-18
-24
-26
-22
-14
3
-5
-8
-41
-28
13
33
31
31
39
30
41
49
57
62
64
50
43
41
26
18
28
34
33
25
27
19
13
5
9
-1
-17
0
25
24
8
-1
0
-11
-2
14
25
33
33
39
53
67
56
38
44
53
46
32
25
32
30
26
44
47
46
59
65
79
87
97
104
101
87
79
82
92
114
127
136
123
98
86
88
79
77
67
75
78
69
64
54
51
52
51
44
55
50
43
56
63
61
72
84
93
99
104
105
108
113
114
120
134
134
137
146
142
142
129
130
137
127
121
111
107
106
98
93
82
74
69
60
67
70
70
63
55
62
66
65
60
60
67
69
57
43
46
41
29
18
33
51
62
70
71
75
82
88
93
100
94
101
101
87
102
117
132
128
124
127
125
117
118
129
128
132
107
96
104
117
124
111
117
112
99
91
87
93
96
96
104
119
135
148
135
134
140
152
173
185
176
178
183
187
178
155
152
143
137
139
134
127
131
140
155
144
124
101
92
116
155
180
173
152
132
133
132
147
156
155
150
151
153
153
157
158
160
155
144
127
148
151
154
155
140
140
128
125
114
104
106
106
97
92
101
116
144
168
188
205
233
239
222
182
169
178
176
180
163
139
125
110
100
102
91
75
67
74
93
112
132
133
140
146
159
173
171
173
166
175
180
184
179
153
140
138
133
133
125
117
111
112
112
90
57
61
62
65
62
50
51
49
56
60
77
91
91
86
93
91
88
70
48
51
62
68
56
60
60
74
76
74
76
63
68
82
103
108
110
98
96
111
95
87
73
62
51
68
84
97
107
93
99
104
96
91
92
90
104
118
140
163
168
164
161
165
166
176
175
163
149
165
163
156
155
157
157
152
158
161
155
147
145
142
150
159
153
153
152
142
138
146
152
151
154
163
177
187
201
189
188
186
162
155
146
147
162
175
190
186
183
178
156
159
170
178
203
221
230
234
215
205
196
188
194
207
221
231
220
213
203
203
200
197
187
167
171
167
156
162
157
143
135
134
137
136
133
141
130
123
143
158
175
176
177
175
179
184
194
195
196
196
207
213
201
205
208
214
217
231
241
260
265
259
259
260
257
259
264
256
256
259
267
279
285
276
272
285
293
289
291
292
299
310
301
309
314
332
327
328
332
336
339
340
340
342
345
341
356
378
395
391
371
369
378
373
374
377
376
384
394
401
405
401
395
380
371
391
393
399
382
383
387
379
373
360
356
343
343
336
353
379
378
375
365
368
389
408
419
415
418
422
418
403
398
404
410
406
415
408
404
393
410
416
415
395
362
356
378
423
451
454
424
406
398
409
427
439
444
431
412
423
437
439
452
452
439
419
419
409
393
383
380
359
356
343
336
336
343
355
349
334
327
338
347
361
378
383
372
367
357
333
321
324
320
328
328
302
281
281
295
317
309
282
267
266
279
292
311
314
302
294
303
309
317
323
302
289
305
320
331
323
310
292
298
305
303
288
283
283
272
277
274
257
257
254
261
251
248
255
265
281
295
313
318
333
339
357
366
367
368
368
379
387
375
365
372
377
388
374
372
374
358
366
380
383
391
386
386
384
377
362
333
328
331
334
356
370
377
394
394
405
401
395
388
393
413
427
441
441
435
429
435
440
458
462
463
475
484
505
519
531
528
531
528
531
539
534
538
538
539
530
524
521
522
530
537
537
535
524
512
518
534
539
547
556
557
552
565
554
534
519
521
535
539
549
547
550
549
545
544
550
546
571
597
620
620
609
608
606
607
623
639
644
640
630
631
614
610
611
615
619
620
621
620
617
605
617
631
646
647
643
653
657
672
681
685
693
689
685
686
700
705
702
703
705
716
742
748
749
754
755
759
764
768
772
773
775
775
782
790
799
793
785
800
813
818
816
813
804
804
797
792
790
790
783
779
772
768
767
754
736
722
712
710
715
711
709
713
710
715
721
732
724
728
728
741
757
749
760
774
780
772
773
779
777
783
792
799
801
808
797
776
762
759
759
750
756
755
748
745
744
741
745
742
715
698
695
693
703
705
690
696
692
695
701
691
700
700
700
708
691
667
640
616
620
619
611
595
586
602
623
634
601
564
538
544
574
613
626
606
570
537
545
558
588
595
587
580
579
571
557
564
562
562
567
564
555
545
534
528
516
503
491
480
477
491
495
496
492
477
471
486
505
524
532
549
549
548
525
505
493
503
527
538
540
523
523
512
499
507
495
465
449
443
447
449
453
456
459
458
473
479
480
479
458
459
477
495
498
509
494
476
475
459
455
448
445
440
441
436
433
424
422
426
413
407
404
400
395
406
402
409
423
434
445
446
447
452
449
442
453
458
457
441
433
442
449
433
416
406
394
390
393
395
402
406
416
427
423
409
392
361
339
344
368
381
381
361
356
359
355
348
333
339
337
346
362
369
365
366
382
401
424
424
421
413
418
416
401
371
364
363
361
364
363
349
341
331
314
317
312
307
314
316
323
330
325
326
319
313
322
316
313
332
353
359
353
347
339
337
332
331
338
338
337
344
366
362
349
337
339
343
353
366
366
380
377
367
366
368
370
384
393
381
368
347
346
355
340
338
344
335
332
328
337
328
318
312
314
316
327
335
332
329
321
328
338
349
363
374
378
367
352
353
356
361
371
382
367
366
376
396
395
396
405
407
411
415
410
386
382
374
366
369
356
350
356
349
350
322
304
305
309
313
306
305
316
319
309
303
295
300
309
313
320
315
315
319
319
318
311
315
321
332
344
354
360
368
381
384
399
406
401
394
386
374
363
347
339
338
341
327
308
296
290
308
289
274
278
272
273
281
273
249
241
247
248
255
245
232
230
233
264
275
267
279
282
282
281
260
229
211
213
232
241
230
216
200
211
211
219
183
136
115
124
162
185
195
169
145
130
136
150
155
167
161
154
144
131
135
144
147
148
145
130
127
128
134
124
112
111
98
80
87
78
70
72
54
38
46
60
87
109
123
124
126
129
120
101
81
76
91
98
96
86
79
85
78
84
62
30
31
32
49
75
83
83
62
43
61
77
88
69
51
62
82
105
112
98
95
87
79
69
54
41
25
17
11
11
14
3
3
3
9
8
24
35
44
63
62
86
111
131
148
150
139
140
128
132
140
137
124
124
118
108
112
103
89
71
79
96
119
128
119
102
97
99
96
98
97
101
99
112
130
136
136
124
116
121
114
102
91
83
103
126
132
113
96
80
76
80
91
82
82
86
96
104
122
130
125
140
154
156
148
123
106
91
76
73
62
55
55
86
85
72
61
44
27
11
17
16
12
11
8
15
3
-7
-18
-32
-25
-16
-3
-8
-9
-19
-14
1
-13
-32
-45
-41
-27
-19
-15
3
-5
-18
-38
-36
-19
-12
-6
-17
-38
-38
-41
-52
-52
-50
-63
-73
-71
-78
-90
-87
-86
-84
-86
-108
-110
-105
-108
-107
-107
-110
-114
-106
-88
-70
-81
-92
-93
-69
-49
-49
-45
-53
-38
-33
-36
-35
-35
-41
-46
-48
-36
-34
-29
-34
-26
-18
0
5
7
2
-12
-5
-17
-18
-21
-39
-43
-43
-47
-42
-36
-41
-49
-34
-34
-35
-34
-35
-24
-12
-14
-14
-27
-14
0
-2
-8
-7
3
13
37
42
37
35
32
31
26
40
46
55
59
54
57
55
60
46
36
28
46
50
18
6
2
15
17
3
-2
-13
-21
-24
-15
-19
-27
-31
-34
-17
7
26
27
31
37
38
22
10
-7
-14
-15
-2
0
-4
5
13
31
33
28
10
6
9
27
42
41
22
-8
-13
3
15
40
43
15
3
2
5
4
12
3
-9
-22
-20
-14
-10
-12
-19
-34
-45
-58
-61
-60
-41
-35
-29
-35
-48
-46
-49
-14
2
31
40
50
38
26
14
6
16
19
31
18
5
-14
-20
-4
7
-4
-19
-31
-37
-19
1
25
27
12
10
32
55
57
52
41
42
56
64
71
76
65
61
66
77
83
78
68
64
52
46
38
34
42
43
54
47
34
37
36
42
41
47
52
65
87
103
102
88
78
67
77
90
88
82
61
60
54
39
25
12
23
33
48
55
61
58
70
74
81
61
27
3
3
14
25
30
25
27
15
8
-10
-8
-3
10
31
59
79
85
81
69
76
74
77
78
76
87
99
94
83
62
57
62
70
88
80
80
81
81
81
71
68
51
42
45
53
67
65
51
37
39
39
34
36
41
38
37
37
33
17
-9
-11
-1
2
11
8
5
14
20
24
24
18
35
55
57
63
81
75
57
43
24
39
38
39
39
27
-2
-4
1
-11
-15
-30
-34
-46
-53
-57
-50
-44
-60
-77
-77
-73
-54
-48
-32
-38
-46
-37
-58
-43
-40
-42
-47
-40
-34
-33
-37
-39
-55
-61
-64
-65
-57
-41
-36
-49
-38
-37
-45
-42
-58
-77
-84
-78
-77
-96
-100
-105
-104
-107
-116
-140
-144
-150
-152
-142
-131
-118
-119
-131
-150
-145
-142
-148
-142
-137
-143
-134
-136
-129
-130
-138
-128
-120
-99
-103
-99
-95
-91
-100
-93
-84
-80
-74
-77
-80
-86
-99
-105
-109
-112
-111
-96
-106
-117
-130
-134
-137
-143
-146
-157
-161
-164
-162
-171
-181
-183
-167
-154
-152
-139
-140
-132
-125
-120
-113
-112
-106
-95
-76
-78
-91
-101
-103
-99
-99
-121
-128
-131
-128
-110
-101
-116
-146
-180
-178
-160
-140
-124
-124
-121
-135
-141
-147
-126
-106
-99
-100
-104
-105
-100
-97
-108
-122
-136
-139
-148
-157
-150
-143
-145
-159
-158
-162
-165
-158
-150
-138
-130
-125
-125
-107
-91
-70
-63
-51
-48
-57
-69
-82
-93
-83
-69
-56
-54
-67
-74
-75
-62
-49
-52
-61
-76
-80
-67
-60
-59
-61
-59
-53
-29
-27
-25
-31
-33
-21
-8
8
10
1
1
-1
6
12
1
6
-14
-22
-28
-32
-34
-46
-35
-34
-43
-49
-42
-32
-22
-13
-7
-8
-2
13
12
27
39
28
16
18
24
29
25
27
39
35
32
34
26
21
18
30
31
23
24
22
12
4
-12
-26
-37
-26
-28
-20
-10
-4
8
0
12
15
22
15
10
24
39
49
49
44
31
28
34
42
51
51
44
38
42
46
47
50
49
39
41
39
34
20
13
5
1
2
-6
-9
-14
-23
-23
-29
-40
-42
-44
-56
-46
-46
-41
-28
-9
-6
-4
-20
-22
-27
-34
-20
-10
4
9
3
11
23
23
24
16
20
30
47
53
60
66
52
40
25
32
50
67
77
