-319
-338
-348
-354
-346
-350
-337
-325
-328
-334
-330
-313
-294
-266
-248
-268
-278
-293
-285
-272
-263
-249
-237
-235
-221
-198
-200
-205
-215
-224
-202
-197
-205
-200
-206
-207
-198
-181
-160
-154
-154
-150
-139
-123
-120
-115
-116
-122
-120
-124
-125
-115
-102
-90
-70
-74
-84
-96
-91
-90
-102
-112
-114
-107
-108
-94
-82
-80
-84
-93
-100
-100
-86
-77
-65
-31
-40
-42
-53
-63
-67
-93
-107
-123
-156
-164
-153
-147
-147
-171
-180
-180
-170
-155
-157
-142
-131
-118
-103
-119
-110
-96
-93
-80
-82
-81
-85
-92
-86
-90
-95
-92
-95
-112
-125
-133
-139
-135
-139
-153
-160
-159
-172
-171
-178
-205
-207
-195
-183
-186
-183
-198
-219
-213
-205
-198
-203
-206
-202
-207
-202
-213
-213
-211
-206
-203
-201
-204
-205
-188
-186
-190
-204
-217
-205
-181
-168
-168
-155
-158
-161
-163
-166
-176
-173
-173
-161
-143
-144
-151
-157
-155
-169
-183
-181
-174
-170
-175
-183
-178
-183
-189
-195
-200
-208
-212
-207
-206
-196
-191
-191
-198
-198
-220
-229
-231
-232
-219
-211
-209
-212
-212
-213
-202
-198
-198
-191
-182
-177
-183
-189
-201
-204
-207
-223
-226
-234
-221
-214
-229
-236
-247
-252
-259
-272
-274
-270
-264
-256
-250
-258
-265
-265
-261
-255
-252
-234
-232
-229
-231
-242
-245
-237
-230
-226
-230
-238
-238
-229
-224
-245
-257
-267
-260
-270
-276
-285
-292
-289
-285
-278
-283
-280
-274
-252
-257
-259
-264
-272
-264
-272
-280
-286
-297
-297
-295
-298
-290
-292
-283
-274
-272
-276
-291
-286
-274
-263
-256
-257
-263
-268
-275
-274
-267
-279
-275
-259
-247
-255
-266
-262
-246
-241
-232
-233
-245
-243
-249
-254
-259
-258
-265
-270
-273
-288
-297
-290
-293
-300
-296
-295
-281
-269
-258
-268
-275
-263
-256
-269
-284
-300
-302
-304
-306
-300
-299
-303
-294
-277
-270
-292
-303
-286
-276
-269
-289
-301
-300
-287
-257
-252
-260
-298
-333
-336
-327
-294
-289
-285
-286
-293
-271
-251
-241
-246
-241
-247
-253
-249
-260
-270
-264
-275
-287
-284
-298
-284
-275
-256
-252
-263
-275
-286
-274
-263
-241
-216
-221
-229
-238
-244
-230
-229
-209
-176
-172
-169
-194
-218
-224
-221
-195
-201
-212
-224
-229
-227
-222
-219
-214
-226
-233
-235
-237
-223
-236
-242
-234
-219
-202
-198
-210
-225
-237
-236
-222
-211
-224
-244
-263
-281
-287
-287
-304
-332
-350
-349
-336
-347
-345
-347
-339
-323
-318
-311
-306
-294
-280
-269
-281
-304
-302
-285
-269
-265
-269
-262
-271
-270
-265
-287
-301
-306
-278
-265
-250
-264
-269
-261
-264
-260
-277
-296
-306
-307
-303
-297
-289
-283
-286
-297
-322
-332
-333
-327
-302
-292
-293
-292
-293
-303
-306
-297
-296
-283
-285
-290
-298
-303
-290
-291
-292
-291
-292
-303
-310
-328
-327
-335
-336
-327
-327
-324
-324
-317
-308
-302
-308
-305
-321
-337
-356
-376
-372
-370
-368
-385
-387
-384
-399
-405
-400
-405
-402
-405
-407
-408
-413
-421
-421
-408
-407
-390
-383
-372
-374
-378
-361
-352
-347
-361
-373
-377
-358
-343
-329
-323
-312
-305
-319
-316
-309
-294
-295
-297
-281
-282
-294
-300
-294
-296
-286
-295
-316
-317
-314
-314
-323
-325
-327
-331
-320
-314
-320
-317
-307
-289
-282
-286
-290
-305
-290
-294
-283
-264
-263
-272
-277
-281
-283
-279
-287
-294
-294
-285
-281
-273
-273
-279
-267
-272
-277
-273
-262
-254
-265
-260
-262
-260
-262
-261
-265
-258
-254
-255
-256
-254
-241
-225
-227
-231
-219
-205
-184
-186
-192
-197
-185
-161
-145
-139
-142
-132
-120
-97
-84
-80
-72
-68
-58
-53
-40
-40
-36
-35
-51
-55
-62
-67
-75
-64
-58
-64
-63
-59
-62
-67
-56
-40
-28
-22
-14
-16
-8
3
-6
-12
3
12
21
33
57
58
57
78
106
122
135
142
136
142
148
143
140
155
175
182
178
170
157
168
175
176
175
170
161
187
200
215
247
266
282
273
258
244
252
245
249
251
242
241
243
259
263
249
230
237
249
265
273
268
265
256
265
267
262
253
232
219
220
228
233
235
233
242
236
231
227
213
207
212
213
217
215
214
222
220
207
194
195
198
205
201
195
190
192
184
179
178
182
179
181
203
196
173
155
149
141
128
129
113
107
89
74
77
62
46
35
16
0
-7
-2
9
12
37
50
58
56
58
60
69
90
99
117
130
126
119
96
83
66
53
57
53
56
57
67
38
13
-6
-17
-6
5
2
-8
-9
8
17
18
18
-1
-11
-25
-16
-14
-17
-28
-19
-11
-11
-4
-7
0
10
18
9
6
-10
-15
-19
-24
-10
-1
17
38
43
42
50
62
62
53
65
59
72
94
100
118
99
80
71
70
76
84
86
88
87
95
100
109
109
108
105
94
104
100
105
117
110
109
108
108
101
101
113
130
142
138
125
113
89
81
85
67
66
69
85
95
91
91
94
100
94
81
75
77
83
91
67
58
49
17
19
21
6
12
18
1
-12
-5
-8
-6
-7
-11
-10
-13
-5
-6
2
5
-4
-4
20
24
21
19
14
20
8
-5
-10
-16
-20
-18
-27
-29
-38
-39
-28
-36
-43
-45
-41
-35
-34
-35
-38
-29
-26
-20
-17
-19
-30
-39
-38
-31
-29
-40
-38
-31
-37
-49
-56
-51
-42
-38
-19
-30
-42
-54
-59
-46
-44
-45
-61
-64
-49
-17
-28
-35
-45
-70
-83
-62
-47
-60
-80
-102
-119
-138
-134
-136
-139
-152
-165
-181
-197
-191
-204
-225
-216
-202
-200
-190
-197
-216
-228
-233
-243
-246
-228
-227
-233
-231
-249
-270
-291
-291
-264
-253
-246
-287
-307
-295
-249
-216
-240
-301
-366
-379
-351
-298
-277
-285
-323
-366
-365
-343
-298
-273
-280
-294
-329
-339
-330
-325
-318
-330
-348
-382
-394
-397
-392
-394
-413
-412
-419
-420
-434
-436
-419
-405
-389
-377
-387
-391
-392
-387
-369
-347
-338
-323
-324
-340
-352
-355
-352
-350
-347
-342
-351
-340
-337
-343
-343
-354
-357
-345
-329
-341
-343
-356
-352
-331
-313
-310
-322
-335
-341
-333
-333
-310
-306
-312
-325
-342
-328
-325
-342
-382
-403
-403
-392
-379
-373
-384
-395
-403
-413
-417
-394
-367
-355
-336
-331
-333
-349
-344
-346
-359
-350
-346
-356
-332
-311
-311
-335
-367
-380
-386
-384
-378
-368
-348
-327
-315
-312
-314
-334
-335
-335
-344
-358
-357
-336
-325
-317
-326
-342
-349
-358
-364
-364
-365
-360
-348
-329
-329
-336
-333
-347
-337
-325
-310
-304
-319
-307
-297
-298
-291
-282
-268
-265
-256
-245
-253
-238
-232
-234
-234
-249
-248
-245
-230
-219
-217
-207
-210
-226
-228
-224
-220
-217
-221
-225
-219
-214
-217
-225
-245
-256
-274
-267
-259
-254
-237
-237
-233
-220
-218
-213
-198
-187
-164
-146
-162
-167
-171
-160
-165
-166
-154
-161
-147
-134
-143
-143
-147
-170
-171
-170
-175
-173
-180
-187
-184
-176
-167
-172
-174
-178
-171
-169
-178
-183
-176
-160
-155
-159
-166
-179
-180
-177
-173
-158
-161
-171
-164
-159
-141
-146
-158
-178
-179
-164
-159
-126
-123
-121
-116
-130
-135
-135
-140
-139
-132
-134
-138
-123
-136
-143
-158
-170
-172
-178
-182
-184
-186
-187
-202
-210
-204
-195
-195
-208
-214
-195
-177
-160
-150
-169
-174
-164
-157
-132
-115
-104
-104
-80
-81
-102
-93
-81
-78
-70
-60
-53
-36
-32
-17
-39
-59
-66
-52
-55
-61
-57
-68
-80
-97
-103
-113
-113
-114
-108
-85
-80
-71
-73
-85
-85
-85
-75
-70
-89
-102
-100
-102
-89
-85
-88
-88
-74
-37
-29
-52
-71
-76
-75
-56
-51
-72
-92
-99
-83
-75
-75
-87
-89
-89
-84
-76
-59
-51
-66
-78
-80
-58
-49
-33
-32
-36
-46
-41
-45
-42
-29
-37
-30
-41
-40
-34
-33
-26
-35
-34
-36
-40
-48
-62
-61
-62
-45
-17
-6
-3
-2
-7
8
23
38
38
53
50
38
33
23
28
40
53
61
52
39
44
38
44
38
39
44
50
66
57
57
55
63
66
65
58
62
76
107
131
135
131
111
107
97
98
83
51
36
26
32
24
24
22
15
2
3
3
5
14
13
40
43
59
62
48
53
48
46
43
42
43
28
20
18
3
0
-9
-1
16
12
22
28
19
-7
-27
-29
-36
-30
-22
-19
-11
-13
-4
-23
-28
-38
-35
-19
-13
-2
-6
-9
-9
-7
-27
-23
-32
-40
-30
-21
-12
-17
-16
-20
-38
-48
-52
-28
-25
-21
-31
-45
-50
-60
-75
-97
-101
-95
-64
-42
-33
-48
-62
-85
-91
-99
-105
-99
-101
-111
-111
-111
-112
-110
-123
-121
-125
-122
-128
-149
-149
-152
-151
-154
-159
-148
-153
-160
-154
-143
-139
-139
-133
-144
-144
-145
-144
-140
-129
-122
-121
-113
-129
-128
-121
-140
-148
-168
-185
-186
-195
-195
-187
-194
-201
-204
-200
-208
-223
-226
-229
-229
-230
-230
-236
-236
-244
-239
-236
-231
-224
-211
-201
-194
-191
-193
-192
-207
-203
-207
-218
-233
-237
-250
-270
-279
-294
-293
-300
-311
-322
-328
-327
-322
-315
-306
-314
-314
-318
-329
-319
-321
-325
-320
-328
-335
-332
-329
-334
-335
-329
-320
-306
-302
-309
-309
-308
-318
-311
-305
-297
-295
-290
-281
-290
-294
-304
-299
-293
-279
-266
-265
-258
-261
-257
-259
-273
-283
-281
-280
-305
-321
-331
-332
-323
-322
-325
-329
-331
-330
-333
-342
-331
-327
-322
-328
-322
-313
-321
-319
-323
-328
-321
-314
-298
-291
-297
-286
-271
-259
-250
-258
-272
-259
-248
-244
-238
-253
-255
-233
-212
-226
-253
-269
-265
-245
-220
-197
-187
-197
-203
-194
-164
-130
-103
-79
-82
-89
-93
-96
-104
-119
-129
-134
-131
-127
-146
-138
-143
-154
-149
-149
-144
-144
-132
-121
-123
-102
-96
-122
-132
-137
-142
-132
-116
-87
-74
-82
-101
-126
-133
-140
-119
-114
-111
-119
-128
-130
-126
-118
-112
-120
-133
-121
-113
-114
-101
-96
-99
-103
-107
-108
-107
-102
-100
-90
-96
-103
-112
-123
-137
-149
-154
-157
-173
-196
-199
-194
-198
-207
-208
-208
-209
-188
-160
-161
-154
-132
-127
-129
-124
-119
-111
-125
-110
-105
-105
-94
-103
-107
-113
-121
-132
-139
-148
-141
-137
-137
-138
-140
-140
-145
-152
-172
-185
-189
-191
-179
-167
-166
-171
-181
-205
-225
-224
-223
-214
-204
-191
-178
-164
-147
-151
-153
-158
-154
-139
-130
-107
-93
-98
-107
-119
-108
-101
-103
-100
-101
-100
-101
-106
-104
-103
-106
-101
-93
-87
-89
-93
-90
-99
-114
-121
-124
-114
-118
-128
-119
-106
-95
-105
-107
-116
-112
-118
-130
-121
-135
-137
-126
-129
-127
-109
-101
-87
-70
-66
-62
-67
-54
-44
-48
-53
-59
-69
-61
-47
-37
-35
-36
-32
-40
-59
-75
-68
-82
-96
-100
-98
-110
-129
-129
-138
-147
-156
-173
-185
-188
-188
-182
-174
-180
-172
-175
-183
-182
-177
-165
-157
-149
-156
-158
-161
-151
-153
-155
-159
-182
-194
-197
-204
-218
-215
-209
-201
-207
-209
-213
-221
-217
-216
-219
-214
-208
-197
-187
-189
-204
-220
-236
-248
-245
-248
-259
-276
-273
-264
-268
-286
-304
-298
-287
-271
-255
-263
-274
-269
-264
-249
-230
-230
-220
-213
-203
-190
-184
-176
-181
-187
-192
-194
-203
-195
-196
-217
-230
-235
-238
-234
-233
-241
-259
-254
-258
-270
-277
-292
-297
-298
-276
-265
-261
-267
-289
-299
-304
-292
-284
-295
-294
-298
-303
-296
-288
-283
-274
-277
-271
-287
-310
-312
-315
-301
-304
-301
-314
-302
-275
-279
-293
-304
-311
-332
-326
-323
-309
-301
-307
-323
-322
-301
-282
-268
-259
-260
-285
-293
-306
-306
-305
-305
-321
-347
-349
-350
-346
-371
-392
-395
-391
-383
-377
-383
-390
-392
-408
-406
-388
-394
-396
-388
-379
-382
-385
-372
-370
-369
-389
-397
-405
-412
-398
-391
-389
-383
-393
-408
-410
-418
-423
-431
-432
-435
-416
-392
-377
-374
-381
-383
-387
-386
-378
-374
-344
-324
-322
-322
-325
-330
-349
-374
-385
-391
-410
-403
-394
-382
-384
-384
-399
-412
-421
-432
-434
-442
-438
-430
-425
-423
-421
-416
-414
-401
-384
-384
-362
-349
-351
-357
-363
-370
-367
-373
-389
-401
-412
-406
-401
-395
-400
-411
-418
-423
-435
-437
-428
-409
-389
-381
-391
-408
-409
-421
-419
-408
-413
-404
-405
-398
-376
-376
-378
-354
-347
-352
-356
-357
-367
-361
-357
-361
-370
-379
-379
-373
-364
-361
-350
-359
-361
-359
-371
-370
-376
-361
-349
-340
-334
-337
-339
-356
-371
-397
-394
-391
-388
-380
-382
-370
-373
-363
-372
-379
-391
-391
-387
-388
-384
-395
-403
-408
-415
-414
-403
-397
-397
-382
-372
-381
-411
-417
-415
-406
-392
-389
-393
-402
-398
-394
-392
-389
-398
-406
-417
-426
-416
-426
-424
-430
-447
-444
-448
-455
-456
-465
-474
-484
-498
-494
-492
-480
-471
-457
-443
-436
-442
-445
-446
-440
-437
-444
-458
-449
-439
-430
-436
-452
-462
-476
-482
-471
-463
-469
-490
-500
-505
-509
-501
-508
-509
-508
-511
-508
-514
-532
-531
-523
-522
-516
-508
-512
-512
-506
-498
-500
-510
-517
-506
-501
-501
-522
-526
-522
-511
-505
-504
-491
-494
-482
-473
-479
-486
-495
-476
-457
-455
-465
-468
-459
-455
-442
-468
-497
-486
-490
-476
-468
-473
-498
-521
-520
-533
-509
-498
-508
-529
-541
-531
-520
-504
-490
-502
-511
-496
-492
-490
-499
-514
-513
-517
-509
-507
-514
-503
-495
-488
-499
-503
-504
-499
-490
-511
-527
-542
-514
-484
-482
-511
-571
-609
-613
-580
-548
-542
-555
-577
-595
-571
-548
-525
-530
-526
-546
-561
-537
-519
-505
-506
-541
-571
-579
-576
-551
-556
-557
-558
-564
-568
-578
-580
-574
-577
-554
-538
-529
-530
-546
-562
-571
-567
-560
-542
-530
-514
-511
-537
-557
-567
-564
-562
-566
-562
-573
-579
-577
-591
-604
-612
-606
-613
-629
-627
-625
-607
-581
-564
-568
-571
-577
-574
-556
-544
-540
-570
-594
-595
-598
-602
-609
-638
-656
-651
-643
-635
-649
-660
-678
-685
-679
-670
-657
-633
-615
-610
-592
-590
-597
-590
-580
-569
-543
-542
-533
-536
-529
-536
-553
-570
-575
-574
-572
-557
-562
-556
-552
-551
-541
-550
-561
-565
-577
-580
-584
-582
-563
-552
-549
-543
-549
-560
-565
-587
-592
-585
-594
-586
-552
-532
-522
-523
-537
-543
-546
-539
-546
-545
-558
-571
-555
-544
-534
-545
-563
-575
-568
-544
-524
-536
-539
-549
-543
-529
-517
-501
-508
-506
-516
-530
-529
-535
-535
-534
-527
-524
-528
-511
-507
-499
-495
-494
-492
-492
-487
-492
-497
-488
-488
-501
-491
-499
-507
-493
-460
-435
-415
-387
-374
-372
-382
-389
-385
-384
-380
-369
-357
-342
-331
-340
-343
-350
-348
-356
-359
-367
-372
-372
-383
-378
-375
-359
-363
-375
-397
-393
-380
-375
-365
-368
-367
-370
-359
-349
-347
-344
-342
-349
-369
-362
-355
-347
-327
-322
-329
-339
-352
-352
-351
-340
-327
-326
-329
-328
-313
-320
-335
-339
-343
-338
-340
-341
-330
-337
-345
-355
-372
-369
-373
-367
-386
-406
-406
-411
-390
-383
-387
-401
-400
-388
-370
-358
-364
-353
-359
-348
-345
-340
-330
-332
-326
-319
-316
-312
-289
-276
-282
-290
-279
-279
-263
-255
-268
-276
-284
-275
-280
-295
-311
-325
-335
-335
-341
-355
-369
-383
-371
-356
-349
-347
-355
-359
-349
-343
-341
-341
-346
-350
-339
-322
-334
-335
-324
-324
-306
-295
-293
-292
-281
-276
-268
-273
-285
-288
-297
-290
-271
-275
-294
-316
-339
-329
-316
-303
-278
-283
-285
-279
-286
-273
-246
-223
-221
-234
-248
-253
-258
-250
-239
-255
-262
-259
-246
-247
-242
-246
-245
-243
-240
-245
-253
-262
-268
-270
-282
-296
-289
-277
-273
-263
-265
-252
-227
-218
-212
-205
-227
-231
-228
-225
-218
-216
-209
-211
-218
-242
-273
-284
-299
-302
-286
-282
-266
-264
-259
-262
-260
-265
-280
-268
-250
-245
-238
-242
-242
-243
-249
-254
-259
-260
-270
-284
-280
-287
-294
-295
-306
-304
-310
-328
-352
-366
-354
-344
-314
-293
-278
-273
-263
-260
-274
-266
-274
-270
-243
-223
-218
-230
-261
-277
-290
-285
-294
-292
-286
-278
-273
-283
-284
-292
-298
-301
-293
-278
-262
-243
-229
-233
-240
-241
-241
-248
-236
-227
-216
-204
-201
-202
-198
-192
-195
-197
-200
-187
-193
-180
-173
-174
-168
-165
-169
-174
-178
-177
-168
-148
-134
-127
-113
-120
-123
-122
-118
-102
-96
-92
-96
-103
-114
-123
-130
-136
-135
-132
-124
-116
-104
-103
-115
-114
-118
-121
-125
-118
-109
-86
-78
-65
-76
-104
-105
-102
-70
-65
-66
-66
-65
-71
-91
-106
-102
-96
-78
-63
-46
-43
-44
-28
-37
-28
-36
-50
-56
-55
-53
-68
-80
-89
-93
-93
-97
-109
-115
-115
-105
-106
-110
-96
-88
-87
-78
-86
-73
-70
-75
-68
-70
-56
-40
-40
-45
-39
-40
-27
-30
-33
-34
-40
-40
-38
-36
-41
-52
-60
-57
-47
-48
-51
-57
-54
-48
-49
-45
-59
-60
-54
-46
-30
-21
-8
-18
-3
-5
16
27
12
2
-14
-9
-11
-2
5
3
2
1
13
18
12
12
10
25
30
35
32
30
26
27
16
17
19
8
12
17
14
4
2
-22
-46
-51
-46
-53
-58
-49
-57
-56
-58
-53
-42
-28
-20
-19
-12
-6
-14
-12
-11
-21
-18
-15
-21
-31
-33
-36
-24
-25
-25
-22
-16
-11
-5
-18
-16
-9
-5
4
-24
-43
-82
-101
-81
-47
-22
-21
-28
-67
-80
-68
-50
-28
-25
-23
-43
-42
-34
-38
-20
-25
-43
-68
-82
-73
-66
-72
-72
-61
-64
-69
-81
-82
-77
-63
-38
-30
-29
-55
-77
-76
-70
-73
-62
-38
-29
-13
-24
-57
-79
-85
-82
-71
-63
-79
-79
-98
-117
-97
-99
-87
-92
-93
-95
-98
-73
-54
-34
-28
-35
-42
-40
-37
-34
-20
-21
-34
-38
-36
-31
-43
-46
-77
-96
-103
-93
-87
-92
-101
-123
-124
-133
-126
-122
-117
-99
-92
-90
-74
-70
-68
-74
-74
-56
-54
-49
-46
-33
-26
-37
-44
-57
-71
-75
-68
-66
-42
-35
-22
-25
-41
-43
-65
-92
-119
-120
-103
-80
-65
-68
-69
-80
-93
-90
-91
-84
-81
-58
-30
-8
-10
-27
-35
-39
-33
-36
-23
-27
-23
-28
-36
-40
-43
-44
-42
-20
-23
-26
-22
-22
-19
-24
-29
-31
-35
-35
-31
-30
-44
-67
-82
-77
-77
-78
-71
-60
-53
-51
-41
-45
-50
-59
-66
-64
-44
-35
-53
-57
-43
-37
-48
-45
-39
-35
-18
-3
8
11
2
13
10
17
9
0
14
23
35
35
39
29
22
10
0
-20
-45
-48
-33
-41
-47
-52
-66
-73
-72
-69
-77
-72
-79
-75
-88
-94
-77
-67
-54
-68
-68
-57
-43
-41
-48
-53
-62
-50
-31
-36
-56
-67
-61
-73
-81
-67
-67
-59
-63
-74
-82
-86
-76
-79
-78
-60
-46
-44
-43
-43
-64
-83
-97
-105
-108
-116
-124
-148
-159
-165
-173
-167
-169
-161
-167
-169
-152
-138
-126
-135
-153
-146
-144
-143
-151
-154
-152
-150
-144
-147
-141
-131
-116
-115
-115
-119
-121
-115
-110
-125
-144
-142
-156
-156
-158
-159
-154
-162
-164
-182
-204
-217
-239
-227
-207
-201
-197
-206
-220
-245
-260
-241
-237
-245
-243
-240
-247
-239
-230
-235
-228
-218
-213
-218
-226
-245
-243
-233
-244
-250
-246
-244
-247
-231
-229
-239
-259
-284
-280
-283
-273
-268
-277
-293
-296
-288
-281
-260
-235
-237
-247
-259
-261
-253
-247
-232
-244
-250
-244
-224
-225
-231
-238
-251
-239
-222
-232
-243
-244
-249
-242
-232
-224
-215
-221
-220
-209
-172
-158
-153
-147
-154
-145
-172
-182
-186
-171
-157
-166
-144
-150
-152
-154
-151
-153
-159
-139
-134
-130
-136
-129
-139
-145
-130
-133
-137
-146
-138
-118
-116
-113
-123
-134
-139
-145
-151
-151
-148
-176
-188
-187
-180
-199
-213
-205
-205
-203
-198
-194
-196
-188
-191
-172
-156
-139
-140
-127
-132
-129
-107
-97
-92
-88
-91
-96
-94
-84
-96
-100
-100
-102
-85
-78
-77
-78
-91
-96
-100
-109
-102
-97
-78
-77
-74
-72
-75
-81
-98
-110
-106
-113
-118
-119
-110
-101
-99
-119
-136
-133
-121
-107
-110
-115
-119
-123
-120
-124
-132
-149
-156
-137
-124
-117
-110
-112
-110
-113
-107
-102
-83
-60
-54
-54
-61
-76
-94
-97
-98
-100
-101
-99
-108
-108
-105
-100
-109
-120
-122
-119
-105
-105
-97
-91
-99
-98
-91
-95
-91
-88
-80
-65
-66
-75
-96
-99
-88
-78
-85
-106
-106
-89
-90
-94
-99
-95
-83
-96
-90
-96
-104
-93
-79
-80
-91
-116
-124
-132
-145
-153
-148
-137
-140
-140
-126
-116
-127
-136
-133
-115
-94
-87
-80
-68
-55
-42
-48
-40
-45
-44
-41
-48
-38
-62
-87
-86
-90
-93
-107
-109
-112
-126
-128
-120
-108
-102
-97
-89
-82
-71
-71
-70
-68
-59
-44
-39
-31
-24
-1
3
16
38
46
69
91
92
99
118
132
144
155
167
183
200
208
204
228
242
247
264
262
259
271
280
288
293
293
281
264
263
262
264
270
252
225
226
211
221
225
212
221
238
247
255
261
273
270
269
279
296
284
267
267
260
267
274
294
309
315
326
327
334
332
330
344
351
355
355
355
362
372
400
405
403
369
333
337
351
375
372
366
336
321
329
355
374
397
398
372
361
374
385
380
383
358
319
305
304
317
318
304
293
291
292
298
282
280
300
304
317
297
302
274
264
274
276
284
296
327
320
313
281
262
257
252
252
255
254
256
247
242
243
247
244
234
230
232
232
253
268
277
282
289
286
284
300
302
290
297
301
284
293
291
299
293
279
254
240
249
249
252
265
268
262
247
247
269
278
274
267
270
252
238
236
242
239
239
232
238
247
264
270
263
249
233
224
208
215
219
238
228
231
236
240
231
202
186
163
163
161
182
191
178
164
153
153
144
145
150
153
147
134
127
140
151
147
136
136
138
145
141
136
137
140
135
121
100
106
104
94
82
83
94
92
81
79
79
80
88
93
107
111
107
98
96
92
81
78
95
111
118
94
78
67
67
76
71
73
62
49
39
55
59
78
79
67
55
64
80
87
89
88
93
103
93
91
90
96
116
116
122
127
138
143
145
140
133
139
138
128
127
118
123
132
146
155
147
131
112
116
117
123
124
141
164
161
156
169
175
177
174
160
176
184
211
231
233
214
200
199
216
226
219
228
237
237
245
247
239
241
247
242
238
256
268
257
248
224
205
196
202
212
220
215
197
180
175
180
188
200
207
227
228
232
234
232
222
212
216
239
259
273
284
280
288
275
269
274
296
298
313
321
326
338
336
346
342
338
326
314
335
328
313
319
303
285
272
279
282
280
294
298
310
324
323
315
302
310
327
332
317
318
314
302
302
314
321
318
336
355
372
357
345
355
376
381
372
358
345
345
352
380
375
360
339
355
385
404
415
399
393
403
418
442
481
488
481
476
471
469
459
463
481
481
480
494
490
474
471
474
479
493
501
484
473
467
475
494
500
509
507
506
497
524
543
543
567
580
574
550
553
556
559
557
553
552
563
566
550
535
504
481
462
456
466
471
476
479
475
474
472
467
480
471
490
498
507
515
513
508
501
502
497
483
485
450
439
445
434
451
444
431
426
416
413
403
415
449
460
466
457
446
459
471
472
483
477
462
466
471
489
490
473
476
462
441
432
423
415
426
434
430
412
406
406
415
405
409
411
421
454
467
471
446
443
437
438
443
444
463
472
470
468
468
461
460
466
471
475
457
462
459
447
434
417
415
416
422
430
437
448
436
432
424
410
405
401
407
398
418
421
406
386
375
377
359
357
353
366
366
368
372
366
357
362
369
380
395
389
385
372
389
388
378
371
370
371
381
389
387
381
376
378
371
387
377
364
374
389
403
400
383
386
394
400
404
392
388
385
393
417
418
412
409
408
413
418
420
424
429
433
438
435
428
426
434
441
440
441
459
454
455
468
465
471
472
462
473
491
496
501
502
496
491
471
482
499
485
478
466
456
455
470
468
456
454
461
477
504
517
512
504
497
502
510
520
523
524
526
530
524
535
538
537
541
556
554
567
591
598
597
594
596
608
614
620
621
615
596
578
573
596
603
605
619
609
606
614
617
605
599
580
558
556
560
564
556
564
573
604
630
632
645
643
647
648
653
677
695
705
691
678
669
671
684
679
680
696
712
726
744
746
746
756
776
789
768
750
729
737
735
723
683
645
655
665
677
681
683
670
659
672
679
687
708
720
720
711
702
695
691
701
696
690
673
675
686
678
702
704
697
696
695
692
691
693
695
695
681
657
630
625
614
624
627
651
660
654
659
632
617
618
626
637
629
621
622
618
609
605
603
594
585
603
614
621
629
638
661
683
687
679
669
666
683
681
672
660
664
654
656
653
637
617
596
607
633
659
656
659
636
621
632
642
670
673
685
704
711
696
692
689
692
715
723
726
740
744
757
758
752
739
725
737
758
760
764
761
758
777
768
769
762
760
763
769
780
794
794
795
819
809
801
785
788
792
791
782
791
797
807
799
806
798
796
799
794
789
786
779
765
765
777
775
770
780
783
787
777
766
757
759
761
774
768
763
745
741
751
759
750
716
694
699
714
735
744
732
722
702
700
685
676
671
670
663
651
643
626
629
649
666
675
693
701
718
714
715
724
708
718
718
716
717
698
700
697
716
745
752
732
721
728
730
711
693
680
671
683
697
729
729
707
684
658
652
655
688
704
712
703
688
682
683
695
688
681
691
710
736
749
730
695
672
679
691
699
701
690
660
646
624
595
575
546
529
509
494
478
470
459
431
400
372
362
345
323
309
298
289
271
269
259
257
241
220
212
222
251
258
252
247
243
245
268
289
323
326
341
342
358
390
399
414
412
412
424
465
487
510
497
480
463
476
506
524
518
509
493
496
511
520
534
515
500
498
516
531
565
577
584
589
594
591
591
612
612
612
621
617
632
629
636
633
613
621
633
652
639
618
589
562
559
564
554
516
482
456
450
423
391
361
326
316
286
266
237
203
185
175
157
154
146
133
113
94
62
45
42
46
49
37
14
1
21
19
7
-10
-13
-12
2
11
21
27
8
2
0
18
53
74
111
152
197
216
221
218
222
218
220
252
296
324
299
249
221
207
207
221
249
260
256
248
240
257
261
262
278
304
351
414
442
448
440
440
483
550
612
658
692
699
701
687
654
614
595
600
597
583
565
533
480
415
360
326
305
315
328
324
304
267
212
176
138
119
98
78
79
60
11
-44
-104
-164
-200
-233
-249
-232
-245
-271
-292
-329
-375
-423
-426
-417
-411
-403
-364
-325
-317
-322
-340
-330
-292
-227
-168
-123
-105
-99
-48
33
119
151
155
147
156
197
252
284
267
242
235
220
196
157
124
105
123
155
160
122
73
47
32
60
98
148
207
245
256
265
275
298
330
375
422
478
506
528
531
507
480
459
455
455
478
468
427
385
350
310
260
221
194
162
146
136
97
49
-17
-76
-101
-107
-104
-106
-117
-128
-142
-172
-225
-269
-287
-310
-322
-337
-381
-425
-483
-530
-574
-628
-656
-668
-686
-716
-752
-781
-831
-881
-889
-844
-794
-779
-764
-746
-708
-654
-566
-485
-444
-426
-387
-302
-183
-85
-39
-47
-65
-45
24
97
141
150
105
37
-26
-35
-29
-36
-75
-112
-118
-122
-121
-131
-152
-182
-210
-178
-113
-50
-31
-37
-26
2
49
97
162
230
279
315
335
356
358
348
347
357
374
374
352
320
281
225
165
130
73
21
-19
-39
-59
-91
-137
-199
-230
-242
-249
-267
-279
-297
-328
-352
-383
-424
-430
-437
-439
-448
-482
-534
-570
-606
-626
-676
-724
-746
-800
-854
-917
-976
-1019
-1019
-1045
-1049
-1064
-1054
-1060
-1054
-997
-955
-897
-843
-768
-732
-692
-644
-547
-439
-372
-284
-226
-193
-164
-113
-56
5
40
39
24
-29
-85
-100
-81
-100
-161
-211
-243
-267
-272
-254
-265
-311
-338
-334
-283
-201
-124
-81
-79
-99
-80
10
123
221
265
259
250
294
358
378
388
364
342
350
363
355
320
236
154
86
27
4
-25
-80
-124
-176
-214
-230
-240
-237
-278
-311
-324
-336
-319
-318
-335
-356
-397
-423
-437
-448
-453
-473
-526
-595
-652
-694
-730
-771
-839
-921
-992
-1023
-1043
-1044
-1050
-1071
-1072
-1086
-1083
-1066
-1007
-934
-870
-792
-704
-635
-581
-525
-421
-329
-267
-175
-55
75
131
148
159
176
201
243
293
297
237
159
122
132
136
95
33
13
5
-13
-42
-47
-49
-30
19
110
189
205
194
212
299
371
418
467
546
609
637
661
662
661
634
630
649
652
642
611
587
539
462
389
314
283
260
234
206
155
121
68
19
0
-7
-13
-40
-27
-31
-39
-68
-126
-172
-195
-201
-227
-245
-279
-297
-350
-394
-448
-497
-559
-615
-651
-695
-730
-797
-823
-867
-893
-909
-889
-868
-877
-857
-848
-780
-704
-628
-568
-501
-444
-405
-303
-170
-28
59
142
191
230
266
323
398
407
427
433
428
380
322
298
269
248
211
179
150
103
48
43
62
76
79
91
146
195
262
314
352
379
418
467
545
613
646
647
639
659
672
675
661
649
603
573
557
531
485
404
324
251
206
168
127
89
28
-11
-51
-87
-119
-152
-178
-183
-166
-198
-208
-211
-221
-224
-254
-298
-335
-353
-389
-426
-482
-550
-596
-618
-646
-669
-738
-857
-936
-979
-987
-988
-971
-958
-996
-1048
-1038
-996
-937
-870
-781
-720
-724
-673
-540
-404
-320
-268
-224
-163
-74
42
181
257
245
222
261
331
400
416
359
262
177
188
233
253
201
120
71
28
49
90
124
127
150
197
235
270
293
343
396
434
472
530
594
641
666
647
612
610
648
660
653
629
625
623
626
609
549
462
353
291
269
264
219
168
114
62
10
-28
-74
-101
-135
-155
-154
-181
-208
-260
-309
-351
-386
-432
-463
-495
-538
-578
-629
-683
-754
-818
-855
-880
-943
-1017
-1061
-1099
-1081
-1088
-1094
-1114
-1155
-1148
-1094
-995
-921
-867
-821
-769
-699
-600
-475
-346
-234
-159
-76
25
141
208
279
320
333
345
389
439
406
328
235
179
150
134
117
76
16
-52
-79
-86
-66
-60
-71
-62
9
103
182
256
278
279
310
386
485
578
627
623
579
581
602
605
601
569
540
501
469
463
425
344
253
169
104
62
14
-19
-63
-127
-190
-252
-279
-295
-319
-351
-385
-423
-444
-478
-500
-519
-544
-578
-623
-681
-706
-740
-806
-880
-933
-965
-1013
-1062
-1102
-1159
-1249
-1279
-1279
-1245
-1259
-1277
-1316
-1327
-1283
-1193
-1076
-992
-937
-898
-815
-740
-622
-488
-367
-302
-240
-137
-13
101
163
234
266
279
307
382
438
398
278
187
169
166
178
175
138
65
-11
-20
18
48
53
32
49
100
171
239
297
332
349
367
432
519
579
598
585
584
573
566
557
567
546
501
454
409
381
334
268
204
137
63
21
-6
-43
-117
-197
-236
-262
-273
-296
-337
-366
-378
-383
-391
-395
-427
-464
-509
-538
-560
-599
-662
-712
-747
-810
-852
-894
-918
-969
-1036
-1080
-1121
-1138
-1132
-1078
-1066
-1076
-1117
-1039
-904
-789
-733
-726
-637
-556
-434
-291
-108
-23
-10
64
227
377
440
511
573
624
625
667
728
734
637
521
493
508
549
542
513
430
328
252
252
311
366
405
423
461
513
563
622
689
696
669
695
807
943
1012
997
945
913
915
936
958
960
909
844
822
802
775
715
623
531
430
379
383
370
348
269
181
126
93
75
53
54
39
8
-14
-20
-43
-83
-139
-218
-303
-359
-377
-394
-419
-482
-584
-651
-701
-748
-807
-844
-843
-855
-837
-821
-784
-816
-830
-785
-688
-579
-529
-468
-407
-323
-204
-30
122
188
198
266
419
557
653
712
750
721
694
756
837
801
664
577
572
591
594
574
516
411
295
253
294
346
352
367
395
421
467
532
594
636
645
669
738
857
959
994
975
952
929
924
929
916
867
829
782
732
700
642
562
450
352
277
214
193
168
139
59
-27
-84
-114
-150
-175
-164
-163
-191
-222
-227
-240
-263
-303
-370
-448
-493
-505
-542
-602
-698
-801
-908
-995
-1038
-1078
-1109
-1148
-1157
-1144
-1137
-1130
-1104
-1040
-947
-871
-809
-720
-621
-508
-369
-233
-86
12
68
137
267
403
506
594
669
731
753
771
803
780
652
501
452
491
528
516
475
391
269
195
221
292
322
344
375
451
535
628
685
691
704
725
794
890
990
1085
1134
1092
1044
1071
1106
1040
950
953
984
926
840
760
682
544
357
252
240
252
173
87
19
-18
-92
-184
-195
-160
-128
-126
-89
-91
-123
-204
-248
-265
-312
-382
-407
-363
-380
-522
-709
-842
-952
-1042
-1135
-1130
-1072
-1009
-952
-856
-711
-572
-387
-153
51
75
13
40
176
260
295
412
493
379
189
172
281
242
65
25
241
459
435
284
210
138
-46
-232
-152
132
339
380
343
381
417
420
484
725
971
1074
1127
1238
1371
1302
1105
951
963
1029
1078
1164
1221
1151
934
777
721
695
658
656
748
858
925
864
736
611
513
467
467
519
521
488
420
352
246
132
23
-4
23
34
-18
-70
-137
-210
-282
-390
-485
-556
-579
-615
-691
-761
-866
-945
-1010
-998
-983
-1017
-1135
-1178
-1145
-1020
-873
-706
-486
-357
-238
-22
240
264
126
63
142
135
16
27
165
169
-135
-364
-317
-239
-363
-406
-131
225
429
382
247
64
-189
-423
-455
-129
306
546
508
398
380
397
418
514
759
991
1096
1106
1113
1067
850
600
449
498
672
868
947
905
786
589
430
374
464
615
702
724
761
746
603
397
234
172
143
124
162
221
240
135
-35
-176
-231
-286
-340
-331
-234
-123
-149
-261
-400
-472
-593
-746
-815
-861
-903
-1056
-1100
-1113
-1133
-1316
-1540
-1584
-1396
-1108
-927
-776
-659
-513
-384
-51
377
590
378
-24
-167
-179
-246
-324
-160
-68
-298
-613
-651
-535
-568
-671
-545
-101
400
726
737
486
84
-407
-776
-688
-73
560
687
477
271
229
171
222
480
846
1106
1195
1222
1126
937
610
397
321
488
829
1141
1262
1146
904
631
508
557
725
866
894
907
890
820
639
455
266
121
68
130
221
308
364
343
232
80
-25
-63
-64
-83
-50
-34
-24
-169
-332
-552
-662
-790
-916
-1023
-1101
-1089
-1177
-1267
-1398
-1425
-1456
-1382
-1223
-915
-682
-555
-518
-345
12
402
688
733
512
116
-184
-324
-355
-312
-237
-276
-471
-655
-632
-507
-485
-487
-168
420
924
943
590
103
-320
-682
-750
-371
191
500
401
287
306
401
434
538
801
1121
1262
1248
1143
1030
845
617
480
520
736
926
1074
1096
1061
962
839
755
785
819
824
785
767
764
663
524
358
278
217
200
233
341
445
498
414
230
42
-69
-131
-156
-118
-98
-171
-301
-540
-705
-817
-870
-909
-973
-1031
-1193
-1392
-1620
-1735
-1782
-1628
-1385
-1006
-705
-576
-583
-634
-438
44
769
1146
855
190
-362
-633
-810
-761
-468
-249
-471
-850
-858
-584
-536
-775
-712
-252
364
624
714
626
329
-299
-914
-1031
-711
-201
21
171
230
255
202
176
293
504
780
1010
1142
1039
791
553
443
469
489
553
672
868
1098
1205
1215
1068
874
715
657
710
831
949
934
788
574
374
245
174
224
326
407
403
332
309
370
351
242
85
-42
-66
-128
-110
-177
-283
-513
-773
-999
-1102
-1148
-1228
-1341
-1391
-1404
-1430
-1471
-1464
-1352
-1215
-1040
-855
-649
-577
-457
-55
695
1083
759
-39
-598
-918
-1117
-1047
-588
-229
-469
-1036
-1174
-838
-716
-888
-791
-138
467
569
426
339
79
-620
-1350
-1448
-930
-306
-43
4
-28
-93
-259
-226
107
559
817
828
816
791
688
489
339
344
391
455
587
905
1187
1241
1083
847
664
493
457
459
568
593
575
376
214
107
67
55
103
254
410
542
590
579
397
181
-19
-153
-103
-108
-104
-220
-373
-492
-710
-844
-1029
-1046
-1096
-1174
-1347
-1590
-1625
-1644
-1641
-1648
-1438
-1010
-704
-582
-527
-349
-27
400
823
818
219
-581
-1232
-1366
-1161
-704
-417
-546
-897
-1108
-812
-518
-357
-336
-86
282
463
578
635
572
-47
-978
-1528
-1368
-712
-174
171
244
119
-123
-121
328
854
1069
910
822
861
940
857
761
665
511
442
618
1151
1594
1655
1338
1031
896
769
789
841
960
935
769
594
555
570
576
481
474
529
679
842
942
984
828
614
266
124
185
324
278
109
-21
-136
-273
-516
-611
-733
-821
-979
-1045
-1066
-1158
-1284
-1506
-1531
-1318
-887
-503
-247
-113
-10
279
699
911
606
-88
-766
-1092
-1176
-961
-576
-286
-495
-949
-1077
-816
-480
-459
-356
-21
355
662
861
1009
543
-412
-1393
-1663
-1230
-541
51
243
222
-54
-229
-107
365
771
834
778
773
911
902
754
521
325
260
367
835
1441
1834
1759
1397
1044
859
804
771
821
879
884
814
748
776
696
526
344
396
631
929
1184
1351
1324
1059
740
434
355
285
270
184
92
-5
-179
-293
-406
-526
-685
-865
-946
-1014
-1039
-1160
-1339
-1360
-1253
-986
-713
-343
-11
201
441
807
1220
1188
556
-310
-1002
-1283
-1234
-818
-380
-365
-718
-978
-711
-409
-355
-438
-204
189
495
830
1092
1043
315
-627
-1266
-1308
-922
-543
-193
120
281
243
222
430
641
695
605
630
807
982
959
822
704
547
409
469
839
1400
1872
1995
1724
1345
1049
846
715
674
749
804
865
895
998
974
798
661
729
1042
1235
1376
1384
1420
1236
870
496
284
280
225
184
142
309
287
175
-117
-348
-608
-838
-840
-757
-618
-672
-779
-823
-592
-265
-60
77
625
1498
2196
2046
1182
199
-535
-965
-1181
-867
-396
-304
-721
-964
-622
-225
-146
-329
-194
159
503
761
1079
1225
751
-147
-953
-1132
-907
-496
-120
208
345
295
335
563
812
763
514
403
583
787
835
813
715
587
435
492
843
1344
1810
2004
1944
1651
1332
1023
801
719
633
625
568
655
767
832
754
590
611
784
1056
1251
1386
1434
1286
1002
637
408
238
217
143
205
223
387
359
170
-272
-722
-924
-970
-691
-543
-459
-642
-738
-674
-469
-142
133
511
982
1574
1863
1541
629
-430
-1196
-1491
-1265
-805
-553
-793
-1032
-925
-566
-428
-499
-442
-213
91
341
695
829
498
-263
-937
-1216
-1253
-1125
-849
-400
-85
-37
-50
131
416
424
212
-19
36
160
190
101
102
152
165
248
517
991
1382
1543
1462
1285
1108
971
849
663
498
327
338
392
457
409
311
276
271
441
673
1063
1322
1379
1208
859
539
219
92
34
1
-9
1
80
60
-126
-375
-735
-930
-1071
-1030
-776
-652
-535
-669
-559
-467
-273
-32
326
1032
1692
1983
1521
598
-213
-847
-1134
-1166
-903
-742
-926
-1126
-974
-493
-316
-497
-631
-395
8
463
814
882
432
-324
-937
-1179
-1107
-917
-642
-384
-276
-290
-156
226
554
584
392
260
260
267
198
46
-88
-219
-191
45
526
1052
1430
1615
1544
1331
1082
929
894
827
676
547
501
570
576
518
326
155
130
309
707
1135
1462
1535
1403
1111
795
547
394
377
304
222
203
255
261
59
-263
-614
-836
-876
-771
-518
-317
-316
-357
-353
-87
223
578
1002
1549
2068
1991
1340
472
-190
-644
-840
-660
-405
-484
-842
-970
-595
-185
-176
-422
-416
-97
333
826
1162
1103
495
-262
-795
-936
-847
-658
-381
-162
-146
-238
-121
252
553
511
278
184
279
336
269
75
-81
-274
-318
-85
491
1097
1482
1526
1329
1104
972
1007
1014
927
695
651
702
836
793
573
256
-30
-73
86
560
1040
1405
1431
1209
933
691
554
443
480
489
531
459
504
292
68
-398
-707
-891
-958
-773
-667
-308
-202
-23
-15
146
389
823
1578
2351
2570
1891
830
17
-314
-504
-556
-462
-436
-798
-1108
-885
-311
-19
-286
-417
-186
324
750
987
1045
667
101
-494
-675
-590
-491
-418
-385
-290
-270
-138
128
398
466
263
89
91
196
200
92
-65
-246
-317
-205
166
601
978
1135
1046
789
559
531
621
734
642
605
604
657
598
508
383
171
16
-19
269
644
967
1017
869
644
420
389
386
442
424
375
412
432
483
321
-39
-484
-844
-1035
-1042
-917
-597
-299
47
245
436
610
916
1661
2362
2526
1753
862
263
7
-135
-189
-96
-352
-867
-1136
-768
-191
-62
-268
-415
-231
91
579
1062
1287
1080
495
1
-304
-280
-196
-40
14
-55
-143
-51
241
390
371
263
255
246
218
116
77
37
-117
-264
-184
267
830
1236
1248
901
421
137
196
409
627
678
708
704
721
705
614
473
303
216
317
562
863
1106
1180
934
473
145
15
158
235
290
377
521
665
570
481
142
-327
-926
-1229
-1067
-702
-267
-25
202
308
367
573
1178
2003
2424
2008
1196
592
401
308
237
246
75
-458
-1060
-1052
-575
-213
-236
-338
-178
40
336
649
908
816
335
-108
-317
-100
226
512
493
118
-287
-333
81
537
644
422
228
210
219
94
-82
-234
-308
-295
-124
271
760
1138
1174
871
415
35
-42
129
360
433
411
358
341
255
182
75
91
89
236
443
704
830
815
716
438
161
-137
-202
-172
-116
-128
-41
83
130
1
-70
-167
-338
-654
-869
-960
-805
-449
59
488
749
825
1075
1567
1904
1621
885
345
213
418
662
892
705
80
-709
-948
-611
-207
-127
-168
8
265
502
605
655
639
413
83
-226
-125
294
765
845
416
-59
-238
74
453
669
622
487
386
342
242
82
-94
-211
-257
-95
373
1003
1525
1620
1351
848
425
141
115
278
468
530
440
302
112
-33
-129
-82
22
218
428
728
924
920
698
418
190
43
-6
21
38
-20
-61
-214
-263
-402
-413
-538
-562
-579
-497
-318
-172
26
121
260
438
903
1611
2152
1946
1101
250
-104
-46
306
827
1159
907
210
-221
-75
185
130
-94
-31
243
640
974
1218
1204
794
178
-370
-333
206
976
1338
1149
598
205
336
700
998
984
861
734
666
608
491
404
270
153
71
276
838
1551
1972
1801
1257
741
568
627
761
834
882
801
604
413
253
178
111
154
308
584
893
1098
1168
963
683
386
276
269
300
354
359
310
125
-42
-218
-347
-485
-487
-391
-233
-71
109
459
639
680
552
887
1646
2382
2308
1459
608
239
252
422
790
1094
900
232
-182
31
544
689
547
426
499
678
843
969
983
948
722
352
134
312
854
1182
1086
660
396
576
1032
1416
1440
1258
982
809
652
494
451
531
665
702
811
1061
1454
1746
1693
1303
915
807
890
1087
1210
1289
1122
694
186
-100
-23
195
363
426
532
762
960
1001
804
536
389
313
419
426
349
152
8
-110
-252
-428
-582
-566
-548
-460
-400
-165
202
621
962
1064
1059
1205
1510
1743
1416
754
263
175
377
614
919
805
225
-475
-531
53
580
754
661
677
712
650
663
702
718
454
148
122
420
1005
1393
1372
857
242
2
335
1088
1627
1673
1385
1041
779
529
320
270
410
658
860
1104
1394
1650
1659
1315
970
828
1027
1222
1261
1234
1092
869
423
76
-80
47
257
351
422
399
477
552
623
572
490
412
461
423
416
174
-76
-306
-429
-517
-686
-751
-779
-638
-590
-403
-212
252
712
1147
1374
1650
2039
2124
1531
551
-80
-178
-33
194
600
844
409
-516
-1006
-666
55
495
642
761
922
996
877
606
393
234
87
-88
64
672
1360
1515
996
313
41
329
916
1345
1463
1316
1096
823
492
286
338
620
849
920
1033
1260
1527
1550
1309
1044
1031
1309
1524
1516
1230
990
780
603
396
252
283
419
512
475
347
255
307
458
667
801
885
784
713
663
513
232
-49
-14
15
-88
-476
-823
-815
-640
-303
-78
368
703
1037
1207
1453
1851
2336
2349
1711
866
490
434
424
511
637
527
-107
-531
-394
202
485
539
639
880
1064
960
910
803
678
329
73
213
630
1111
1284
1111
653
308
457
1080
1708
1796
1391
970
806
806
788
876
1098
1302
1336
1280
1336
1582
1816
1773
1536
1441
1633
1893
1860
1510
1104
858
793
784
797
823
868
856
726
575
556
657
889
1035
1140
1063
885
732
697
709
651
405
266
165
149
-102
-489
-736
-753
-368
63
524
814
1073
1372
1795
2209
2201
1676
1209
1157
1347
1238
1040
884
535
-188
-824
-675
-27
519
684
769
919
905
682
461
549
873
977
857
639
745
973
1062
795
419
371
771
1433
1805
1708
1287
853
622
529
541
739
1093
1324
1240
1019
927
1078
1379
1664
1860
1923
1962
1958
1821
1555
1231
953
815
841
849
829
666
477
299
246
373
578
900
1082
1175
913
730
529
606
741
933
924
709
409
-21
-278
-521
-500
-552
-404
-145
299
633
735
781
1084
1778
2211
1995
1517
1483
1664
1532
1069
854
761
369
-171
-255
192
432
349
154
235
491
652
702
602
731
933
1031
815
628
645
747
792
635
549
736
1220
1674
1699
1317
885
711
719
672
616
618
780
844
777
692
768
1041
1312
1529
1586
1688
1743
1768
1618
1513
1488
1459
1243
947
745
565
373
189
193
301
462
503
518
517
627
678
737
683
831
782
831
623
477
146
-133
-305
-523
-441
-435
-118
34
224
247
288
493
1116
1937
2388
1944
1387
1211
1434
1447
1202
1123
870
414
-168
-127
234
369
300
299
579
694
530
260
217
477
647
699
666
871
1067
1087
889
644
593
811
1187
1561
1630
1409
1062
910
939
924
840
780
842
799
673
537
705
1089
1529
1753
1769
1735
1733
1620
1478
1435
1671
1823
1771
1452
1113
811
480
313
287
475
595
695
638
608
521
487
464
625
898
1107
1127
822
525
246
129
-145
-384
-404
-183
117
223
280
280
530
1019
1666
1865
1521
1111
1196
1531
1656
1644
1527
1119
276
-211
1
475
380
56
129
568
778
432
-30
-214
127
479
483
325
392
614
534
323
326
666
1064
1267
1285
1082
843
608
552
659
822
853
667
453
294
246
203
229
373
593
815
957
1079
1224
1269
1201
1111
1130
1209
1201
1009
678
416
341
470
592
519
331
101
-72
-200
-176
31
313
499
542
447
379
240
141
60
79
29
-129
-302
-428
-390
-336
-131
5
239
577
1232
1635
1346
747
639
1150
1523
1606
1595
1438
731
12
-28
501
732
435
191
301
593
595
299
77
237
623
669
379
185
287
379
362
430
746
1170
1447
1530
1381
1152
958
914
975
1105
1157
984
659
352
224
272
462
616
720
702
696
773
970
1174
1207
1264
1315
1373
1230
1042
863
740
639
565
552
587
535
370
177
90
175
272
366
307
271
175
204
211
279
404
423
274
-114
-321
-402
-204
-82
64
95
235
439
812
1190
1214
970
763
993
1258
1381
1424
1399
968
270
61
519
985
807
437
340
551
611
468
326
441
755
865
663
308
257
444
608
592
547
729
1102
1482
1626
1572
1529
1579
1660
1654
1547
1383
1149
882
689
659
754
835
869
808
716
713
845
1089
1183
1251
1297
1428
1483
1343
1153
1003
979
914
880
777
670
539
482
507
524
552
558
516
399
401
512
561
506
400
436
488
366
156
34
115
253
297
330
419
708
1088
1382
1380
1069
869
1039
1397
1608
1630
1565
1136
469
231
606
1041
899
569
508
725
899
749
526
471
728
989
892
684
604
683
656
512
567
806
1126
1246
1231
1240
1318
1509
1650
1767
1855
1791
1521
1074
806
783
886
989
946
823
638
529
601
767
944
1008
1041
1072
1101
1095
1029
1014
950
900
786
671
515
365
252
244
266
330
342
351
187
16
-52
43
163
173
186
138
50
-135
-180
-14
119
126
65
79
258
587
1062
1171
837
468
624
1076
1232
1173
1057
753
201
-63
292
710
578
112
-128
68
267
316
301
355
500
502
393
217
206
376
570
570
405
250
369
671
911
911
768
757
915
1166
1289
1316
1255
1042
800
597
571
602
592
483
261
141
216
370
375
259
268
404
524
512
411
435
496
581
480
318
140
51
37
91
82
13
-103
-200
-299
-382
-387
-415
-415
-496
-479
-464
-493
-648
-684
-615
-431
-516
-552
-519
-198
265
776
934
465
-135
-183
354
821
943
878
556
-105
-530
-266
322
341
-152
-439
-268
-24
-12
-123
-166
-125
-19
6
-78
-86
63
216
196
101
162
377
593
609
501
429
531
741
910
1048
1158
1169
965
693
577
654
701
684
512
339
170
158
227
319
327
257
203
216
248
202
195
250
371
394
306
111
1
-9
52
117
81
69
23
-19
-209
-335
-371
-372
-430
-507
-522
-458
-564
-664
-689
-534
-461
-493
-517
-400
6
606
926
690
199
93
396
607
711
797
744
183
-443
-282
349
536
16
-414
-357
-125
-36
-126
-77
129
286
169
-96
-140
94
335
379
254
204
300
549
756
755
651
591
719
843
922
1027
1122
1126
973
826
818
930
962
842
670
552
498
544
565
539
420
368
380
405
432
428
406
381
431
468
397
254
131
148
236
282
234
191
190
133
-21
-68
-71
-95
-198
-280
-350
-448
-500
-446
-306
-228
-288
-397
-413
-90
449
866
784
312
121
425
863
1005
915
786
390
-205
-349
168
682
502
-8
-169
-14
138
40
-11
105
312
353
115
-44
46
246
299
171
137
214
456
681
792
774
723
813
949
1018
1094
1112
1148
1100
1030
990
997
1050
989
825
632
571
695
820
754
555
354
360
378
383
344
314
360
375
443
432
343
225
146
219
319
366
359
262
180
35
0
2
-60
-183
-296
-268
-366
-483
-538
-454
-322
-323
-348
-328
-266
47
454
829
690
320
237
532
873
903
837
781
414
-39
-210
182
500
258
-148
-327
-79
123
78
19
49
244
199
61
70
239
390
292
208
226
376
600
715
735
712
794
965
1103
1194
1256
1244
1211
1126
1152
1210
1250
1170
984
823
733
717
754
822
823
731
616
577
583
595
546
483
463
492
511
530
477
413
347
344
375
435
436
408
339
300
225
138
27
-22
-15
-68
-307
-480
-537
-369
-222
-184
-219
-211
-99
186
559
848
726
398
347
721
1098
1071
881
695
382
63
56
461
626
321
-106
-226
-28
109
89
67
181
303
168
-45
13
308
471
371
289
348
436
520
646
754
747
750
841
1012
1146
1188
1156
1111
1090
1127
1198
1244
1141
974
825
776
794
795
769
653
515
431
452
503
448
367
325
346
352
310
316
336
343
309
281
321
352
290
203
181
262
294
226
173
101
94
-93
-276
-407
-334
-202
-160
-200
-179
-205
-130
76
586
902
707
287
243
725
1095
994
765
590
344
-39
-43
399
633
325
-207
-326
-50
165
176
120
206
271
173
62
106
266
319
266
260
348
417
466
544
642
669
677
729
819
923
955
994
964
983
1022
1042
983
848
765
794
774
723
648
634
574
473
405
348
262
142
93
133
126
89
58
54
53
-35
-41
-8
99
117
36
-13
30
113
91
7
-34
-71
-129
-265
-406
-485
-513
-429
-410
-369
-402
-438
-434
-307
8
411
503
217
-78
141
588
695
523
422
376
-4
-337
-85
441
428
-190
-590
-406
-73
-18
-127
-152
-105
-119
-188
-153
-41
21
-81
-163
-116
29
125
185
271
326
331
382
481
586
616
636
731
785
724
566
469
479
534
573
506
350
226
240
313
307
192
80
-18
-76
-119
-167
-252
-288
-249
-244
-258
-289
-299
-325
-260
-208
-260
-368
-277
-108
-45
-202
-326
-370
-402
-554
-693
-727
-677
-653
-681
-668
-621
-603
-623
-596
-387
-14
219
77
-198
-176
191
411
326
268
281
20
-426
-385
212
498
55
-563
-660
-317
-17
-33
-239
-361
-319
-263
-317
-319
-184
-105
-211
-388
-376
-211
12
151
146
117
155
341
431
400
410
579
647
495
363
414
517
488
395
312
192
82
86
192
214
87
-84
-141
-130
-177
-328
-457
-466
-417
-355
-397
-429
-473
-449
-411
-422
-512
-539
-416
-212
-202
-345
-471
-458
-476
-623
-773
-824
-827
-864
-874
-854
-805
-823
-849
-805
-655
-520
-351
-168
-52
-228
-459
-354
60
345
272
57
-121
-344
-394
-87
324
266
-251
-565
-396
-80
-75
-220
-268
-274
-383
-516
-498
-344
-265
-338
-479
-482
-334
-217
-120
-37
75
122
88
142
309
461
485
381
301
277
332
408
480
472
373
228
127
94
145
156
95
-26
-92
-115
-148
-200
-261
-289
-303
-343
-411
-398
-282
-185
-182
-260
-323
-314
-236
-154
-127
-201
-290
-345
-397
-461
-567
-666
-748
-797
-806
-820
-856
-861
-750
-592
-568
-662
-609
-298
26
-49
-441
-563
-198
217
258
111
65
-25
-286
-297
234
664
391
-224
-420
-125
145
113
-52
-201
-240
-268
-372
-418
-328
-188
-215
-343
-389
-344
-235
-52
131
143
69
150
352
443
417
464
546
535
429
411
498
580
581
504
367
254
201
224
242
237
191
65
-95
-198
-147
-51
-55
-181
-269
-296
-282
-247
-184
-115
-62
-105
-109
-119
-63
-73
-107
-130
-95
-130
-304
-529
-610
-567
-538
-604
-769
-798
-719
-626
-665
-761
-749
-591
-417
-228
-146
-235
-492
-527
-138
332
464
252
89
93
130
266
540
661
379
-36
-75
182
328
247
133
13
-189
-387
-418
-311
-175
-103
-149
-351
-549
-469
-144
205
285
107
-72
-23
292
564
552
432
395
446
464
478
603
666
539
339
226
210
196
252
300
208
-30
-174
-90
28
11
-127
-197
-250
-277
-253
-133
5
47
-16
-118
-135
-101
-72
-55
-45
-21
-72
-213
-337
-385
-434
-541
-636
-663
-686
-729
-822
-876
-907
-902
-879
-829
-787
-679
-471
-274
-338
-568
-548
-96
372
393
178
141
228
190
208
513
813
574
45
-191
3
239
200
-14
-192
-253
-282
-410
-502
-391
-216
-248
-435
-465
-285
-123
-45
-2
54
94
147
273
384
423
457
512
493
437
476
628
706
604
360
213
261
368
383
241
55
-68
-74
-30
-34
-79
-146
-165
-118
-20
36
-30
-103
-74
72
144
37
-86
-102
-57
-55
-155
-245
-305
-349
-419
-485
-555
-676
-818
-882
-858
-842
-939
-1052
-1141
-1139
-1091
-1030
-972
-884
-688
-481
-350
-401
-520
-416
-11
388
442
295
183
161
201
395
633
615
282
-41
-107
21
146
76
-160
-349
-341
-274
-369
-519
-518
-392
-394
-467
-491
-403
-255
-132
-94
-92
-22
101
186
185
211
368
563
627
479
320
353
509
561
446
331
320
354
270
121
49
134
254
213
100
77
138
163
148
162
214
213
157
73
28
50
135
169
86
5
-83
-109
-139
-193
-263
-325
-403
-502
-539
-548
-642
-815
-936
-914
-884
-945
-1031
-1018
-887
-762
-677
-626
-475
-293
-261
-345
-281
5
248
287
222
204
205
231
299
341
266
139
109
146
136
39
-75
-158
-179
-166
-157
-201
-293
-372
-436
-460
-419
-405
-383
-299
-161
-111
-200
-238
-78
157
278
259
212
215
262
329
382
401
354
288
277
308
351
392
398
387
364
369
432
459
409
348
347
377
362
315
250
192
140
94
38
30
45
30
-56
-159
-235
-300
-343
-333
-306
-321
-387
-482
-567
-631
-645
-640
-682
-765
-820
-809
-770
-769
-823
-843
-783
-661
-582
-584
-585
-520
-401
-318
-292
-266
-210
-120
-34
26
79
134
146
117
154
268
342
317
259
279
332
314
196
84
52
102
148
90
-11
-50
-18
6
-6
18
81
112
85
98
186
284
264
211
243
362
452
431
424
502
624
679
707
771
841
866
843
849
898
962
923
838
779
781
811
794
705
583
503
493
491
436
387
333
270
206
218
277
288
232
171
158
168
137
107
112
100
37
-34
-88
-142
-164
-164
-175
-244
-261
-191
-165
-183
-188
-125
-98
-122
-90
36
127
142
204
325
353
274
247
351
507
568
549
501
475
521
635
719
703
605
508
482
523
532
502
471
408
321
280
302
379
409
325
230
248
404
550
553
464
416
470
577
699
784
824
835
809
784
855
1011
1094
1020
913
886
936
957
922
868
806
765
739
693
618
537
473
419
401
397
359
312
279
274
300
326
315
250
192
187
225
238
213
166
98
17
-68
-145
-205
-247
-306
-400
-503
-590
-611
-549
-494
-498
-521
-508
-472
-455
-405
-314
-218
-178
-150
-130
-142
-103
47
187
219
219
244
236
146
181
350
438
324
178
161
201
252
273
227
132
10
-37
70
198
223
139
54
68
182
291
343
324
324
390
465
491
537
632
661
617
600
694
801
813
762
747
774
786
734
676
681
709
722
640
587
606
629
585
495
465
517
511
438
414
427
428
398
401
440
441
358
261
219
213
226
185
121
55
15
-13
-53
-136
-242
-327
-371
-354
-359
-391
-451
-496
-532
-545
-516
-431
-366
-374
-403
-362
-226
-109
-41
-24
-15
44
181
327
392
410
437
486
482
482
554
638
645
549
472
461
502
529
494
429
354
313
301
307
353
362
318
293
353
458
517
505
477
491
554
636
700
729
738
715
691
706
791
841
819
810
856
881
828
773
808
889
879
808
750
709
708
728
715
658
611
619
630
597
570
563
526
469
440
425
427
413
354
265
174
121
91
63
-16
-104
-180
-241
-332
-445
-506
-519
-529
-579
-651
-679
-654
-627
-585
-518
-473
-463
-447
-368
-261
-162
-55
31
82
104
164
277
384
415
433
467
476
480
505
546
531
481
467
453
427
402
359
282
205
169
178
193
193
199
160
144
203
314
397
415
424
482
545
568
600
649
707
765
791
798
825
841
830
810
812
843
868
865
850
856
856
840
779
737
742
739
729
675
624
571
500
434
386
352
287
217
131
82
43
-3
-78
-127
-150
-211
-311
-419
-484
-508
-544
-629
-748
-856
-913
-988
-1041
-1068
-1062
-1064
-1115
-1173
-1146
-1051
-948
-890
-854
-836
-779
-655
-513
-386
-284
-171
-122
-119
-75
56
190
171
119
138
196
184
147
162
151
62
-37
-65
-53
-83
-151
-210
-268
-295
-242
-183
-198
-234
-227
-190
-109
9
138
239
241
254
312
398
502
550
561
558
565
595
619
652
670
660
624
601
596
602
574
512
451
417
424
385
329
272
229
178
137
108
46
-4
-59
-101
-116
-125
-142
-175
-203
-262
-309
-346
-393
-472
-538
-593
-661
-700
-738
-794
-902
-981
-1004
-1014
-1047
-1069
-1063
-1054
-1053
-1059
-1027
-956
-818
-700
-639
-602
-574
-503
-386
-267
-191
-167
-100
-6
50
58
58
113
148
112
79
120
149
89
22
17
29
22
-4
-57
-101
-88
-32
-21
-41
-50
-8
72
117
162
234
341
431
484
541
593
645
683
722
765
770
736
698
701
689
688
684
664
612
546
531
526
525
464
379
324
311
340
321
255
196
149
113
82
71
61
14
-47
-105
-123
-134
-163
-211
-267
-317
-353
-378
-400
-437
-489
-555
-578
-578
-601
-660
-711
-745
-757
-762
-784
-812
-856
-911
-936
-918
-895
-877
-855
-828
-815
-778
-702
-625
-537
-486
-456
-404
-351
-296
-241
-183
-139
-122
-94
-5
73
103
130
175
231
242
231
250
300
333
330
313
337
375
390
392
407
458
491
529
570
608
663
712
731
738
764
784
798
786
777
763
737
715
694
689
660
615
548
510
502
531
550
529
501
457
420
386
371
353
324
267
200
157
122
80
43
32
23
-15
-66
-84
-96
-117
-144
-158
-177
-224
-275
-322
-331
-364
-440
-519
-561
-598
-655
-705
-750
-742
-729
-746
-783
-828
-862
-863
-880
-892
-903
-932
-940
-903
-846
-769
-714
-679
-619
-546
-448
-354
-276
-205
-111
-15
63
140
208
257
314
404
519
604
623
593
601
644
697
727
726
697
604
516
520
551
525
481
449
436
422
433
437
423
415
406
409
437
466
469
438
414
406
404
396
355
324
340
382
409
410
377
346
315
285
287
263
230
173
118
86
25
-5
-40
-95
-125
-157
-190
-233
-240
-241
-263
-292
-321
-333
-367
-393
-412
-428
-464
-506
-566
-629
-678
-708
-724
-791
-848
-868
-903
-927
-941
-938
-958
-1004
-1037
-1029
-1001
-952
-918
-929
-925
-871
-783
-695
-612
-533
-469
-404
-330
-233
-126
-11
89
127
158
212
281
334
359
383
406
432
463
494
508
512
491
451
435
444
470
445
358
275
231
228
240
227
178
138
146
190
217
247
248
229
210
229
277
298
325
336
338
315
288
288
294
289
248
225
236
234
226
164
101
46
17
-2
-18
-47
-79
-110
-168
-232
-289
-315
-331
-357
-400
-435
-451
-478
-486
-508
-530
-534
-557
-579
-582
-562
-538
-564
-615
-638
-632
-603
-610
-639
-668
-677
-660
-662
-688
-687
-685
-695
-691
-671
-636
-611
-603
-588
-528
-466
-424
-357
-291
-209
-174
-126
-68
16
87
125
162
182
223
286
348
392
406
412
409
424
465
498
514
499
480
464
475
513
511
484
450
438
437
450
471
480
439
389
380
406
432
432
413
382
374
379
389
389
368
335
309
301
296
280
263
229
187
158
158
160
114
75
23
-22
-59
-88
-105
-134
-156
-201
-251
-258
-249
-257
-269
-273
-275
-265
-242
-224
-219
-232
-240
-245
-229
-222
-235
-266
-298
-292
-269
-276
-281
-305
-315
-314
-308
-303
-312
-328
-362
-374
-385
-394
-381
-381
-383
-392
-405
-385
-330
-269
-226
-179
-156
-134
-88
-25
53
148
188
205
229
293
345
377
405
429
456
466
487
523
546
552
554
548
538
527
510
479
460
460
442
392
331
281
252
225
179
125
98
97
79
55
10
-21
-43
-56
-43
-19
-30
-54
-73
-82
-55
-47
-54
-85
-114
-119
-123
-106
-94
-106
-150
-183
-178
-168
-181
-211
-237
-267
-289
-314
-317
-313
-337
-374
-432
-456
-439
-400
-378
-394
-415
-412
-421
-414
-405
-413
-402
-386
-362
-338
-327
-347
-378
-392
-378
-358
-350
-353
-353
-370
-386
-399
-410
-441
-470
-448
-415
-400
-406
-374
-326
-284
-249
-249
-231
-193
-140
-79
-15
48
57
69
91
106
122
160
189
206
209
219
242
242
239
244
240
205
196
189
181
157
106
78
64
53
47
40
47
36
17
-1
0
17
17
25
24
20
49
74
71
46
15
-8
-27
-11
-5
-12
-27
-54
-78
-92
-104
-120
-142
-134
-143
-183
-214
-230
-240
-246
-241
-243
-229
-234
-221
-209
-202
-181
-189
-201
-196
-166
-121
-110
-118
-124
-123
-94
-68
-43
-38
-44
-41
-61
-79
-84
-102
-113
-138
-153
-167
-174
-168
-163
-169
-186
-202
-224
-225
-202
-181
-171
-184
-191
-183
-154
-120
-118
-115
-104
-71
-29
-2
28
50
70
82
80
104
144
173
175
189
212
217
235
242
245
245
258
272
270
273
271
259
241
221
207
192
195
205
201
195
177
146
118
106
103
87
88
78
69
58
55
48
33
10
-13
-13
-2
16
40
70
94
115
140
147
136
121
126
155
183
196
193
181
152
134
117
127
146
155
153
144
151
160
158
151
166
169
154
147
151
166
148
113
89
84
94
97
72
55
58
57
42
45
43
33
20
-9
-37
-45
-39
-36
-53
-91
-148
-203
-237
-249
-230
-211
-235
-266
-287
-274
-249
-216
-182
-184
-178
-148
-110
-55
-15
4
29
35
59
81
93
120
148
159
165
167
151
134
121
125
143
140
110
64
33
30
37
44
31
13
6
10
20
42
52
45
33
56
76
75
65
47
54
77
94
114
119
121
117
115
111
107
107
105
95
112
147
156
153
121
113
123
132
119
121
149
172
168
165
143
130
132
128
127
105
75
62
48
40
42
41
34
27
30
17
-17
-48
-67
-62
-48
-63
-92
-143
-161
-183
-199
-201
-207
-240
-269
-283
-300
-314
-344
-358
-404
-419
-419
-427
-417
-410
-414
-419
-407
-382
-370
-369
-346
-309
-274
-231
-179
-136
-112
-112
-112
-94
-40
11
49
92
98
89
102
140
172
191
200
199
212
227
239
251
240
228
218
233
261
277
273
269
257
244
231
223
218
236
250
256
264
243
227
231
238
238
231
232
238
249
234
224
242
253
250
233
214
214
216
218
212
192
169
144
129
131
121
105
105
98
100
97
81
51
18
18
30
22
9
-2
-3
-3
-14
-47
-87
-135
-171
-185
-210
-247
-297
-344
-390
-423
-447
-480
-513
-561
-590
-604
-625
-650
-683
-688
-685
-680
-688
-697
-687
-686
-668
-636
-608
-586
-574
-529
-495
-454
-434
-418
-394
-360
-296
-251
-221
-228
-231
-214
-171
-137
-137
-106
-84
-93
-101
-98
-80
-64
-63
-70
-73
-69
-55
-53
-45
-48
-51
-53
-48
-25
-8
-3
-8
8
21
20
22
15
19
32
49
47
45
33
16
-4
-10
5
21
21
-8
-20
-28
-12
-14
-34
-61
-69
-78
-93
-104
-130
-136
-175
-219
-246
-274
-296
-306
-326
-364
-379
-406
-406
-402
-401
-428
-461
-452
-447
-457
-467
-486
-502
-527
-550
-554
-565
-589
-573
-574
-595
-608
-617
-598
-571
-565
-589
-619
-621
-601
-550
-537
-559
-591
-605
-590
-563
-529
-503
-482
-483
-457
-432
-382
-342
-321
-290
-261
-222
-192
-157
-128
-106
-83
-61
-12
12
33
76
117
158
161
170
172
200
245
271
300
309
303
296
311
307
322
349
359
354
336
307
288
295
306
316
290
231
187
167
164
159
138
100
55
16
-5
-7
-24
-45
-58
-65
-66
-64
-71
-99
-132
-149
-152
-140
-136
-152
-176
-212
-241
-251
-255
-278
-287
-283
-282
-286
-289
-274
-277
-286
-295
-309
-305
-281
-259
-244
-247
-257
-270
-275
-262
-258
-260
-258
-231
-230
-244
-256
-276
-298
-294
-287
-288
-270
-278
-283
-297
-295
-290
-301
-319
-311
-298
-264
-235
-226
-221
-195
-152
-137
-151
-157
-138
-114
-60
-16
35
66
67
78
92
95
104
135
163
193
219
233
233
236
219
205
213
221
235
243
243
235
219
220
229
225
228
231
218
209
181
147
121
91
76
65
72
98
92
71
40
22
23
29
35
27
10
2
-5
-19
-21
-29
-25
-32
-42
-37
-42
-29
-10
3
-18
-39
-43
-36
-24
-24
-23
-25
-36
-26
-21
-30
-42
-45
-67
-92
-91
-99
-102
-107
-133
-156
-138
-115
-109
-126
-141
-150
-152
-160
-165
-155
-133
-146
-146
-140
-133
-113
-118
-121
-132
-111
-83
-75
-67
-49
-34
-46
-55
-72
-74
-69
-67
-43
-22
-12
-7
-3
3
26
48
61
65
73
92
113
121
104
94
96
100
94
99
112
118
103
97
80
82
91
103
108
101
113
137
128
119
121
124
138
143
157
167
167
160
150
135
137
132
137
129
124
108
92
72
60
65
45
29
6
-19
-29
-32
-28
-40
-61
-78
-79
-56
-42
-13
5
7
23
35
59
70
83
89
84
112
123
140
157
156
154
165
180
189
182
165
164
170
168
155
122
99
108
114
84
54
18
0
-6
-2
14
20
17
4
3
6
36
54
77
107
94
76
69
78
96
103
103
99
100
107
112
94
73
67
61
82
96
80
46
23
13
13
12
4
-17
-32
-33
-27
-10
25
32
31
21
13
46
58
91
107
118
132
134
129
127
128
128
125
145
157
184
209
237
254
257
261
268
294
299
322
349
353
357
360
354
347
351
347
343
323
303
291
281
273
261
257
236
215
215
200
195
183
173
170
163
173
168
168
154
151
154
165
192
202
222
227
211
209
203
186
179
176
168
168
157
156
143
124
115
90
84
67
50
48
53
46
38
23
3
-7
-25
-44
-55
-49
-53
-46
-46
-56
-61
-90
-113
-107
-116
-114
-95
-102
-98
-119
-131
-137
-131
-102
-84
-70
-66
-60
-70
-81
-64
-69
-76
-69
-26
6
33
50
45
41
54
72
92
130
153
159
152
163
181
206
226
230
244
266
284
295
307
325
331
332
331
328
339
353
365
371
368
341
302
285
285
299
310
307
299
295
294
287
287
284
276
248
224
202
207
206
193
168
147
135
131
130
124
109
93
86
90
86
66
52
42
29
23
8
-18
-37
-63
-74
-96
-110
-122
-138
-135
-139
-160
-170
-182
-175
-170
-186
-187
-204
-212
-205
-196
-189
-195
-205
-206
-206
-203
-199
-170
-160
-176
-186
-168
-151
-134
-120
-109
-115
-132
-126
-108
-79
-53
-44
-45
-34
-28
-27
-31
-20
-20
-24
-17
18
41
55
42
41
52
67
87
86
131
150
135
136
137
125
109
121
149
172
178
155
129
107
102
119
130
149
159
149
153
183
186
171
170
185
220
234
234
230
220
200
162
158
165
181
194
203
189
149
120
120
118
102
48
-24
-63
-47
-8
-19
-88
-191
-268
-285
-238
-207
-189
-207
-261
-290
-277
-245
-211
-182
-170
-190
-194
-189
-193
-179
-175
-193
-226
-256
-254
-227
-218
-224
-234
-230
-219
-241
-244
-250
-235
-213
-198
-197
-206
-215
-224
-203
-196
-179
-155
-161
-152
-132
-126
-119
-109
-92
-74
-57
-41
-51
-51
-46
-54
-37
-28
3
7
9
-2
-13
7
12
25
34
42
50
55
75
84
79
67
45
33
30
39
54
33
2
-4
16
40
48
38
22
34
49
55
50
64
86
99
113
104
94
80
82
81
78
68
45
31
35
29
13
-18
-33
-52
-85
-96
-103
-107
-110
-112
-115
-110
-128
-157
-180
-191
-198
-197
-171
-167
-172
-155
-156
-156
-164
-160
-151
-140
-121
-116
-100
-87
-78
-68
-55
-42
-42
-60
-69
-69
-61
-35
-40
-41
-39
-49
-49
-61
-61
-56
-46
-40
-32
-38
-60
-66
-78
-76
-89
-102
-122
-123
-104
-102
-111
-150
-159
-156
-140
-109
-116
-132
-129
-136
-145
-153
-161
-159
-146
-137
-128
-135
-131
-130
-127
-103
-87
-71
-64
-36
-28
-38
-63
-88
-87
-72
-48
-39
-46
-60
-59
-59
-61
-84
-116
-138
-148
-113
-79
-87
-129
-145
-134
-126
-115
-118
-114
-114
-108
-95
-85
-80
-79
-75
-61
-59
-52
-35
-15
12
31
19
21
36
37
33
23
30
52
72
81
91
83
72
75
74
80
77
80
77
74
98
117
125
131
128
145
157
168
190
210
216
206
199
211
227
231
229
227
214
232
252
249
248
245
240
226
218
216
207
196
187
196
208
191
191
189
192
194
193
194
193
193
181
172
173
161
147
137
129
114
98
112
121
125
119
103
85
84
108
130
148
134
128
123
128
127
114
107
83
89
97
117
123
111
118
129
149
153
155
155
163
182
186
177
171
172
192
212
226
218
203
201
222
219
211
203
190
180
174
178
200
228
237
225
215
211
208
199
195
191
186
180
166
163
158
157
145
126
125
134
144
143
140
134
121
110
104
105
89
82
76
93
107
109
92
60
46
21
17
14
12
5
4
-1
1
-13
-33
-52
-78
-77
-78
-67
-81
-87
-93
-90
-84
-88
-101
-121
-131
-132
-134
-125
-131
-142
-142
-151
-157
-177
-189
-196
-191
-197
-196
-202
-213
-205
-197
-187
-194
-200
-193
-167
-144
-97
-54
-53
-43
-27
-14
10
10
9
21
29
49
63
53
37
53
55
58
39
41
69
104
108
93
56
19
29
26
21
11
17
41
40
44
26
11
-6
-11
-5
-10
-18
-20
-35
-41
-44
-66
-80
-86
-93
-100
-111
-114
-112
-117
-121
-139
-159
-178
-182
-176
-172
-162
-163
-172
-207
-220
-221
-218
-217
-226
-209
-203
-213
-238
-256
-273
-283
-287
-285
-283
-273
-260
-257
-261
-258
-267
-256
-252
-258
-256
-258
-264
-262
-239
-227
-230
-244
-254
-250
-239
-224
-226
-227
-229
-231
-223
-217
-213
-214
-217
-217
-202
-182
-163
-147
-145
-137
-124
-134
-130
-137
-133
-127
-121
-110
-102
-98
-104
-95
-96
-80
-59
-61
-65
-75
-92
-111
-99
-80
-71
-63
-66
-69
-69
-79
-80
-78
-88
-97
-107
-114
-117
-111
-114
-134
-151
-146
-153
-156
-155
-166
-183
-193
-179
-170
-157
-173
-200
-212
-221
-223
-211
-201
-213
-214
-234
-239
-229
-225
-213
-237
-252
-257
-259
-249
-249
-255
-284
-303
-301
-289
-283
-279
-286
-298
-294
-287
-264
-264
-280
-306
-307
-292
-292
-294
-306
-311
-324
-327
-308
-307
-313
-335
-350
-362
-339
-324
-298
-272
-257
-247
-243
-208
-198
-195
-185
-169
-146
-121
-120
-126
-124
-110
-111
-105
-74
-63
-60
-43
-38
-48
-59
-57
-37
-15
-11
-37
-54
-57
-30
-9
-17
-44
-96
-116
-92
-44
-7
-10
-40
-85
-98
-86
-48
-24
-18
-26
-45
-43
-29
-19
-19
-33
-65
-76
-82
-83
-70
-75
-82
-100
-104
-107
-117
-122
-103
-71
-66
-63
-85
-95
-89
-96
-96
-104
-106
-92
-100
-106
-120
-143
-179
-203
-196
-215
-201
-218
-235
-246
-259
-260
-286
-284
-292
-316
-318
-314
-305
-285
-270
-264
-263
-270
-270
-260
-245
-227
-222
-229
-251
-273
-279
-271
-274
-296
-327
-345
-338
-318
-303
-314
-322
-339
-353
-349
-339
-322
-305
-290
-287
-308
-312
-301
-303
-305
-301
-306
-299
-293
-299
-300
-310
-318
-316
-322
-318
-295
-280
-273
-275
-261
-244
-240
-246
-247
-270
-280
-281
-270
-245
-220
-222
-227
-231
-244
-244
-249
-248
-256
-239
-218
-208
-210
-225
-237
-255
-253
-241
-233
-226
-237
-253
-253
-256
-263
-272
-290
-290
-288
-289
-288
-289
-284
-287
-295
-317
-317
-304
-302
-296
-308
-315
-325
-316
-321
-324
-308
-294
-295
-303
-313
-319
-316
-307
-321
-332
-357
-365
-350
-358
-361
-363
-370
-382
-389
-405
-386
-362
-351
-353
-366
-386
-408
-411
-394
-386
-391
-386
-385
-397
-412
-412
-422
-412
-412
-413
-410
-404
-407
-407
-417
-416
-394
-389
-396
-414
-421
-407
-391
-397
-399
-405
-408
-406
-399
-396
-399
-401
-399
-392
-396
-395
-390
-386
-378
-378
-378
-389
-395
-395
-380
-373
-372
-375
-386
-392
-409
-417
-417
-415
-414
-411
-399
-396
-397
-408
-413
-436
-440
-438
-437
-431
-447
-446
-466
-487
-499
-508
-506
-512
-509
-509
-514
-508
-512
-520
-521
-527
-542
-538
-532
-524
-507
-503
-491
-505
-517
-520
-531
-525
-517
-513
-540
-544
-549
-562
-574
-574
-592
-608
-619
-627
-628
-619
-623
-635
-636
-640
-650
-641
-626
-630
-617
-628
-630
-616
-610
-598
-594
-595
-596
-603
-610
-610
-608
-607
-594
-584
-574
-563
-564
-566
-560
-541
-549
-543
-543
-562
-550
-544
-550
-569
-588
-606
-587
-573
-559
-553
-556
-553
-562
-562
-548
-516
-503
-500
-502
-500
-507
-511
-497
-497
-507
-521
-530
-521
-504
-488
-473
-466
-456
-444
-449
-448
-458
-453
-448
-452
-452
-452
-451
-457
-448
-453
-440
-418
-411
-402
-404
-421
-429
-448
-459
-449
-455
-447
-449
-467
-476
-481
-499
-521
-520
-501
-479
-460
-463
-454
-463
-468
-472
-478
-464
-462
-452
-449
-445
-438
-455
-475
-495
-506
-494
-506
-529
-528
-521
-513
-512
-506
-508
-511
-504
-504
-492
-488
-481
-459
-441
-428
-412
-401
-396
-374
-360
-347
-337
-318
-315
-317
-314
-336
-343
-344
-343
-343
-332
-313
-304
-305
-299
-322
-337
-323
-317
-303
-299
-292
-284
-283
-276
-280
-298
-314
-314
-318
-315
-313
-300
-290
-284
-280
-294
-298
-277
-253
-241
-221
-227
-227
-240
-240
-241
-251
-248
-238
-222
-212
-185
-167
-156
-156
-163
-165
-155
-134
-113
-102
-101
-106
-125
-134
-143
-153
-154
-166
-168
-167
-171
-168
-154
-158
-169
-194
-205
-201
-209
-204
-196
-189
-189
-193
-195
-182
-180
-178
-170
-169
-168
-157
-152
-150
-155
-153
-141
-118
-104
-97
-96
-103
-98
-114
-107
-103
-97
-92
-92
-100
-99
-89
-81
-74
-88
-87
-96
-85
-69
-57
-50
-62
-75
-87
-93
-98
-95
-89
-97
-92
-80
-69
-71
-72
-74
-85
-75
-50
-35
-17
-20
-19
-15
-28
-26
-23
-9
-14
-29
-34
-31
-23
-6
5
6
14
21
33
44
51
43
43
31
25
22
38
37
46
41
27
28
27
44
57
68
61
64
82
79
85
92
85
94
96
110
131
161
150
125
113
134
153
152
177
167
148
136
153
156
155
147
116
102
99
115
113
114
126
134
130
143
171
179
187
206
222
239
237
226
222
223
236
249
245
257
253
251
263
267
272
273
304
324
332
305
265
253
281
336
358
317
250
199
188
234
264
303
282
232
210
226
263
305
347
341
292
262
264
288
302
311
308
267
258
255
252
249
252
241
234
228
209
194
193
219
235
228
219
198
188
196
185
176
178
189
185
170
159
138
135
130
117
116
116
129
112
94
101
96
89
96
93
84
70
51
57
74
103
108
103
92
91
86
94
108
89
76
59
32
36
42
35
19
-10
-16
-2
34
47
31
19
8
15
20
37
66
78
91
93
94
80
82
101
95
89
95
90
102
125
123
107
82
61
42
29
34
26
25
38
42
42
50
34
9
-17
-25
-35
-21
1
-4
0
3
-5
-19
-13
-11
-18
-30
-42
-42
-36
-23
-15
-14
-21
-29
-22
-21
-30
-37
-47
-56
-71
-78
-70
-65
-74
-88
-110
-122
-128
-110
-119
-131
-139
-138
-129
-136
-123
-118
-128
-148
-149
-157
-152
-139
-149
-158
-152
-143
-124
-119
-125
-129
-138
-152
-173
-177
-185
-179
-167
-166
-163
-169
-182
-186
-174
-165
-137
-130
-130
-147
-173
-185
-189
-193
-186
-165
-167
-169
-167
-159
-171
-192
-208
-223
-230
-217
-216
-230
-243
-241
-226
-212
-218
-233
-241
-246
-238
-237
-238
-237
-226
-220
-217
-215
-191
-185
-198
-214
-230
-230
-223
-206
-196
-189
-211
-215
-216
-200
-183
-188
-190
-209
-224
-225
-213
-208
-208
-204
-193
-191
-181
-162
-141
-146
-146
-144
-137
-136
-138
-135
-134
-133
-134
-125
-115
-101
-99
-89
-102
-113
-89
-77
-66
-89
-113
-126
-117
-106
-114
-88
-94
-102
-97
-98
-92
-95
-76
-73
-67
-59
-65
-59
-79
-84
-88
-95
-96
-100
-105
-129
-126
-130
-140
-149
-164
-164
-167
-161
-150
-145
-150
-158
-156
-154
-137
-136
-135
-137
-136
-138
-150
-147
-139
-129
-122
-107
-114
-111
-110
-121
-118
-128
-139
-152
-167
-162
-152
-178
-182
-210
-236
-238
-224
-205
-206
-214
-226
-228
-226
-212
-193
-177
-199
-215
-216
-219
-203
-204
-203
-210
-219
-217
-204
-200
-203
-218
-213
-200
-208
-223
-252
-270
-276
-262
-272
-277
-280
-297
-301
-302
-304
-307
-305
-295
-293
-301
-304
-317
-320
-337
-339
-324
-308
-305
-301
-308
-317
-319
-333
-316
-307
-299
-285
-292
-302
-302
-306
-306
-306
-319
-317
-295
-290
-299
-324
-330
-345
-361
-362
-359
-367
-390
-415
-429
-432
-434
-430
-431
-439
-464
-479
-469
-446
-434
-411
-389
-374
-374
-367
-355
-341
-326
-322
-321
-332
-340
-346
-337
-345
-351
-360
-363
-366
-358
-350
-346
-354
-348
-344
-364
-353
-349
-349
-346
-338
-315
-309
-309
-312
-315
-317
-321
-312
-301
-305
-293
-285
-276
-280
-298
-304
-315
-307
-293
-293
-288
-282
-286
-279
-289
-282
-276
-276
-266
-266
-256
-244
-229
-213
-199
-197
-199
-204
-195
-186
-177
-158
-162
-185
-204
-211
-221
-220
-214
-206
-216
-220
-217
-218
-213
-231
-244
-253
-263
-270
-257
-252
-259
-267
-269
-276
-293
-300
-293
-293
-293
-296
-308
-324
-334
-331
-322
-303
-308
-315
-325
-337
-333
-315
-310
-307
-319
-321
-322
-335
-324
-324
-320
-314
-312
-327
-327
-320
-330
-342
-343
-343
-332
-314
-301
-300
-303
-298
-300
-286
-275
-266
-263
-264
-271
-266
-273
-279
-278
-277
-289
-305
-292
-292
-298
-295
-295
-299
-287
-284
-282
-275
-258
-250
-239
-230
-227
-223
-214
-204
-184
-166
-166
-161
-167
-174
-166
-163
-157
-149
-145
-148
-150
-145
-139
-145
-163
-176
-164
-154
-158
-160
-164
-182
-180
-188
-179
-188
-183
-159
-154
-154
-154
-147
-144
-146
-147
-140
-145
-147
-164
-175
-192
-208
-217
-213
-212
-214
-214
-208
-205
-213
-204
-196
-195
-196
-199
-186
-181
-193
-197
-210
-214
-207
-198
-197
-210
-191
-164
-163
-169
-190
-194
-208
-202
-190
-189
-193
-206
-200
-193
-187
-186
-206
-215
-212
-196
-171
-163
-162
-166
-152
-147
-114
-91
-76
-80
-88
-75
-72
-66
-58
-54
-56
-57
-71
-61
-47
-42
-44
-57
-66
-81
-83
-77
-81
-64
-49
-23
-20
-44
-46
-43
-44
-38
-16
-4
10
12
-19
-50
-59
-60
-45
-29
-35
-45
-72
-78
-54
-43
-45
-61
-70
-59
-47
-33
-24
-18
-13
-1
0
9
16
15
35
35
34
11
7
-7
-7
0
-14
-29
-41
-42
-45
-49
-37
-40
-53
-75
-72
-51
-31
-20
-9
23
38
44
46
48
52
79
87
80
82
99
110
115
125
121
112
108
108
114
133
143
152
155
149
133
127
126
111
110
98
129
149
144
140
136
122
119
127
121
127
141
165
191
207
198
193
185
181
191
194
195
193
184
191
193
182
173
178
169
166
167
180
186
198
199
209
219
213
210
204
221
225
214
191
175
154
149
161
168
167
164
161
155
146
146
137
141
146
140
135
115
101
81
74
78
72
66
66
81
92
98
98
88
85
94
91
91
95
104
105
100
107
95
93
83
89
105
112
114
90
73
63
58
53
46
45
38
28
18
12
21
25
13
14
15
9
6
5
12
7
3
-9
-10
-14
-7
-12
-11
-18
-39
-39
-31
-36
-26
-22
-15
-16
-24
-27
-26
-11
-8
-4
4
-3
-3
3
-7
-16
-19
-19
-20
-26
-38
-38
-34
-42
-49
-46
-48
-47
-49
-43
-41
-49
-33
-46
-45
-38
-42
-38
-49
-52
-64
-57
-46
-48
-38
-40
-34
-33
-37
-36
-31
-43
-43
-44
-57
-58
-70
-74
-78
-81
-76
-84
-90
-93
-105
-111
-123
-131
-128
-107
-95
-87
-87
-90
-103
-104
-78
-93
-108
-128
-128
-124
-133
-138
-145
-134
-122
-115
-119
-121
-132
-139
-137
-137
-137
-152
-148
-140
-132
-125
-130
-145
-159
-157
-150
-152
-137
-137
