12
2
-10
-14
-27
-29
-16
-7
13
24
32
26
28
22
16
11
6
-7
-20
-7
-18
-10
-4
-12
-15
-27
-36
-24
-12
-22
-24
-25
-30
-35
-46
-44
-40
-21
-10
-7
-5
-1
-8
-22
-24
-25
-18
-5
2
16
15
-5
-22
-24
-19
-8
3
6
14
2
4
-4
-20
-34
-43
-44
-41
-39
-44
-43
-43
-50
-58
-49
-45
-33
-22
-19
-19
-14
-34
-45
-44
-45
-36
-40
-31
-28
-22
-20
-32
-50
-48
-54
-61
-46
-73
-90
-92
-97
-66
-58
-68
-75
-88
-88
-71
-74
-73
-78
-79
-80
-71
-78
-90
-96
-110
-88
-76
-69
-75
-75
-73
-62
-58
-67
-86
-94
-71
-75
-71
-69
-73
-81
-89
-91
-85
-102
-85
-81
-87
-71
-75
-55
-62
-72
-54
-45
-48
-44
-41
-39
-60
-85
-82
-80
-96
-88
-94
-105
-95
-90
-74
-56
-65
-63
-68
-85
-69
-56
-45
-37
-24
-24
-24
-17
-5
24
41
50
44
42
49
67
87
88
101
97
101
113
110
76
49
49
50
67
88
112
118
130
147
153
162
178
191
207
226
249
243
229
237
238
218
207
209
204
201
208
222
206
188
172
178
184
191
178
157
153
161
179
187
178
158
142
137
153
167
164
153
164
160
161
181
219
227
227
224
208
194
191
211
231
230
223
214
202
188
169
157
167
175
175
170
160
158
142
131
124
129
146
136
157
168
192
199
190
190
194
186
170
164
146
158
160
179
191
177
177
167
154
137
144
154
149
147
144
161
165
182
196
186
181
187
188
205
222
223
207
188
175
167
157
144
111
86
91
66
44
45
42
22
6
-16
-28
-8
7
16
36
50
34
32
35
33
40
44
44
53
47
51
43
34
22
25
27
17
19
26
20
23
25
20
18
-3
-16
-11
0
17
30
40
43
46
33
21
27
24
42
56
38
42
44
25
3
2
10
-1
-6
-21
-39
-31
-37
-36
-47
-62
-75
-67
-51
-43
-24
-7
-10
-29
-30
-26
-24
-32
-33
-33
-26
-22
-44
-61
-76
-73
-81
-91
-93
-97
-97
-102
-87
-89
-83
-96
-100
-85
-87
-76
-82
-95
-87
-72
-78
-94
-111
-97
-90
-88
-72
-83
-96
-101
-110
-101
-63
-50
-36
-34
-19
0
-14
-5
-5
3
5
1
2
14
23
22
25
23
29
12
6
3
-2
-16
-2
10
22
21
7
10
13
38
40
51
55
70
75
60
64
94
116
120
120
117
122
117
118
125
138
139
138
143
154
137
119
135
158
169
151
142
148
168
170
167
167
190
177
175
184
199
198
193
196
211
224
209
202
205
221
231
231
234
249
255
240
238
249
251
254
244
258
279
273
266
303
344
343
331
326
325
314
326
330
340
352
323
284
275
265
267
266
288
301
281
260
274
297
280
271
277
313
318
288
256
268
280
250
221
257
259
223
221
242
215
172
175
220
246
222
175
158
202
218
234
222
177
119
78
103
176
189
158
136
108
120
128
169
221
212
173
161
161
147
155
155
168
127
74
68
94
98
79
94
68
60
33
33
55
50
43
34
15
12
8
2
7
-24
-25
9
31
27
29
2
-4
-16
-2
11
8
-27
-43
-28
-33
-13
-44
-34
-8
-29
-29
-49
-47
-29
-23
19
37
17
37
18
25
62
71
66
46
29
32
22
13
-11
-37
-58
-81
-42
-20
-38
-57
-87
-82
-86
-86
-83
-52
-33
-40
-23
-15
-28
-28
9
4
19
-13
16
50
65
44
36
25
12
-8
-18
0
-9
15
-4
25
23
-3
4
1
-25
-71
-60
-42
-57
-71
-37
-35
-75
-78
-59
-81
-97
-105
-82
-60
-77
-72
-46
-47
-67
-40
-27
-22
-34
-15
-7
-17
-24
-21
4
-16
-12
5
21
5
20
31
31
34
8
22
53
61
63
73
50
26
21
4
-8
-18
-4
8
-12
-10
13
-1
-28
-12
-5
0
-44
-38
25
-20
-43
-21
-11
-41
-38
-11
-3
-29
-19
20
-25
-40
-26
-20
-52
-49
3
25
-33
-6
36
-11
-41
-25
-21
-49
-59
-31
-13
-108
-95
-46
-85
-100
-101
-84
-70
-156
-135
-61
-158
-149
-76
-158
-182
-133
-137
-115
-128
-118
-89
-111
-117
-43
-43
-115
-77
-107
-78
-141
-107
-4
-120
-143
-67
-89
-186
-134
-115
-119
-139
-130
-90
-135
-138
-118
-78
-165
-148
-101
-117
-169
-140
-104
-164
-191
-148
-136
-192
-196
-166
-141
-207
-159
-138
-226
-227
-184
-174
-244
-262
-164
-203
-240
-179
-188
-195
-233
-219
-160
-211
-229
-160
-259
-236
-213
-209
-260
-243
-205
-264
-223
-248
-250
-248
-268
-290
-231
-307
-259
-232
-299
-240
-268
-258
-283
-249
-333
-274
-251
-288
-295
-259
-282
-329
-168
-301
-266
-191
-246
-387
-173
-262
-339
-217
-301
-282
-271
-245
-344
-267
-344
-316
-301
-270
-309
-291
-246
-363
-240
-236
-319
-231
-229
-310
-218
-276
-304
-289
-322
-301
-299
-302
-319
-302
-309
-350
-307
-337
-392
-336
-369
-347
-339
-358
-306
-346
-340
-365
-337
-326
-368
-329
-269
-338
-287
-306
-322
-269
-376
-319
-332
-356
-303
-310
-367
-293
-325
-397
-347
-382
-410
-309
-344
-363
-231
-343
-307
-235
-304
-284
-218
-302
-184
-202
-275
-123
-246
-272
-201
-279
-308
-173
-365
-221
-163
-318
-191
-198
-287
-254
-193
-348
-210
-257
-291
-201
-266
-213
-216
-234
-239
-147
-298
-164
-164
-211
-120
-181
-193
-151
-171
-247
-88
-214
-224
-88
-219
-195
-73
-277
-209
-149
-289
-132
-135
-246
-92
-116
-174
-33
-158
-113
-108
-171
-125
-109
-140
-125
-80
-194
-82
-134
-178
-47
-138
-132
-3
-151
-81
-17
-214
-30
-88
-134
-12
-103
-79
-4
-90
-49
-38
-98
-33
-74
-57
-6
-25
-60
23
-88
-27
-40
-122
-37
-42
-74
-50
-8
-87
53
-141
-69
-5
-191
-25
-61
-108
-47
-42
-143
-81
-16
-134
-93
-34
-30
-136
-46
-82
-112
-28
-187
-114
-27
-83
-110
-22
-36
-93
-72
8
-126
-59
1
-98
-95
40
-91
-57
-39
-121
4
-88
-85
-110
45
-100
-96
23
-51
-46
-11
-45
-134
84
-143
-51
3
-112
46
-12
-78
-32
142
-146
46
20
-17
42
-29
45
-8
67
-29
114
-11
21
-10
76
-5
74
3
-33
106
-64
69
-33
7
22
34
-130
53
9
-56
30
6
32
16
51
-35
119
-22
38
5
61
-20
73
58
0
71
39
58
64
96
0
182
7
131
116
-31
152
108
-57
141
112
30
162
0
40
113
-54
17
110
-50
-61
70
-17
-55
97
-97
-13
103
-29
27
127
-107
110
120
-77
107
109
19
52
172
30
22
183
57
89
150
83
74
162
128
126
266
117
73
101
135
74
207
181
195
62
249
93
132
306
173
264
249
227
219
352
111
349
226
202
165
268
162
246
232
107
252
45
261
151
165
274
208
209
214
203
222
292
132
271
234
209
266
293
186
264
301
99
259
189
167
241
183
140
302
100
188
287
34
295
196
63
272
200
44
463
58
153
352
6
326
241
195
257
314
45
354
155
228
265
98
225
102
228
169
176
59
231
105
77
183
176
232
171
173
196
252
105
240
258
83
316
102
183
325
74
293
186
149
221
198
159
140
229
115
218
167
246
167
188
246
121
190
111
239
98
293
142
174
251
41
232
178
120
170
223
88
244
193
114
281
102
237
327
170
335
328
142
374
243
185
395
170
293
356
250
260
399
141
264
324
178
272
236
244
262
292
198
332
52
253
160
97
285
69
249
171
157
188
171
72
210
88
110
239
-27
298
85
54
302
49
165
284
80
330
213
101
389
110
250
303
163
287
251
245
297
268
311
170
303
262
97
447
141
173
410
71
243
263
187
258
110
260
191
45
289
139
125
278
104
246
154
154
266
79
310
166
108
340
100
262
233
139
330
172
103
345
157
140
257
140
225
118
244
195
284
199
212
304
304
167
236
279
131
300
93
350
118
292
168
132
275
197
76
305
199
97
361
93
229
254
141
205
226
207
92
291
219
113
304
172
259
229
276
146
308
194
153
243
114
326
51
267
169
172
225
199
142
285
158
138
234
69
234
61
175
73
117
208
61
150
228
-34
331
6
88
232
-45
158
115
66
162
46
141
144
53
215
-2
153
92
45
165
62
87
45
23
175
-76
79
139
-152
222
-70
68
130
44
-62
149
0
68
90
55
173
24
138
-18
141
96
-10
60
102
-98
127
-44
35
92
-47
44
-10
125
-89
0
62
17
-30
78
-103
44
44
-194
80
53
-72
-2
-22
-65
-3
-165
-79
-52
-148
-20
-178
-48
-69
-190
-80
-117
-190
-12
-197
-170
-36
-146
-133
-102
-49
-147
-131
-69
-35
-197
22
-25
-225
175
-221
-119
68
-103
-135
-73
16
-221
-77
-53
-222
-117
-103
-251
-121
-180
-124
-155
-100
-164
-152
-96
-186
-192
-29
-80
-251
18
-98
-160
-165
-83
-185
-139
-217
-137
-159
-140
-56
-333
88
-261
-242
-21
-193
-189
-198
-23
-251
-81
-55
-260
-37
-202
-223
-90
-177
-82
-158
-51
-187
-42
-96
-130
-129
-33
-72
-148
-87
-25
-223
-143
-29
-262
-38
-197
-70
-128
-77
-67
-69
-59
-84
63
-113
-58
68
-116
9
-45
-87
42
-126
-79
-79
-39
-144
-97
-80
-96
-93
-23
-210
-7
-165
-58
-91
-142
-91
-27
-188
-41
-70
-150
29
-147
-23
-124
32
-235
-21
-102
-170
-173
-70
-168
-83
-97
-136
32
-146
-43
-26
-110
-49
-27
-113
-52
-113
-78
-39
-164
-18
-36
-212
-18
-177
-20
-155
-93
-73
-116
-127
-154
-25
-234
18
-234
-46
-45
-185
16
-200
-51
-53
-52
-114
6
-79
-17
-149
-52
-39
-120
43
-174
-58
40
-173
-3
-46
-108
19
-55
-158
66
-6
-148
94
-64
-20
-98
82
-120
76
-41
-45
34
-35
-60
-129
74
-127
-95
-11
-77
-128
75
-126
-152
106
-98
-154
83
-28
-89
26
-122
25
-4
-93
26
-67
11
-49
-109
64
-48
-48
-57
-31
-94
-60
45
-210
61
4
-177
-60
-29
-132
-77
-58
-166
66
-74
-119
-80
-17
-65
-195
118
-65
-117
80
-82
-55
-39
-55
-216
62
29
-259
106
-128
-31
104
-94
-26
-7
-126
-242
249
-140
57
-9
-38
-68
11
-38
73
126
-160
147
28
-46
58
116
-69
90
-93
-110
15
-67
-61
-3
-154
-14
-218
5
-216
46
-59
-103
44
-70
70
-188
156
-151
20
-72
52
-47
20
25
-74
-23
-59
-79
-70
26
-240
64
-52
-226
115
-268
7
-177
22
-141
-123
-53
-128
-12
-152
94
-183
69
-220
40
41
-187
105
-20
-160
12
-4
-190
78
-240
-150
30
-207
-8
-154
-70
-213
-25
-145
-136
-32
-117
-44
-201
28
-56
-208
-18
-1
-107
-84
29
-81
-30
73
-179
116
-173
-142
27
-129
-248
94
-312
2
-28
-330
190
-352
-62
-126
-189
-194
-17
-133
-127
-33
-290
-31
-193
-132
-242
-82
-138
-179
-87
-196
27
-254
-51
-144
-37
-156
-91
-119
33
-210
-117
63
-240
46
-153
-10
28
-61
93
-109
-35
95
-110
-73
47
13
-175
127
-101
-65
-16
-144
-91
58
-218
-44
37
-146
12
-29
-45
-64
24
-204
-40
-36
-139
-114
-56
-120
-39
-139
-55
-52
-55
12
-113
57
-59
-42
9
-67
56
-117
7
22
-59
-23
55
-32
29
5
-41
183
-175
84
45
-93
65
32
-108
65
4
-77
80
21
-89
55
136
-307
261
36
-168
134
6
-54
183
-118
114
21
-115
162
-65
104
85
-13
-12
201
-160
194
194
-201
283
225
-302
325
19
-103
298
-144
121
224
-205
182
80
-106
221
-175
119
21
-46
5
57
-198
223
-276
143
-15
-29
150
-180
230
-40
-87
110
125
-145
225
-89
53
121
-53
34
142
-68
140
22
-16
181
-52
88
53
140
-21
189
-15
73
235
-103
162
85
-30
162
18
-59
173
-162
103
-13
-9
137
-20
125
-135
297
-122
155
39
-38
1
103
-110
86
-5
-60
118
-100
81
-99
132
-101
91
37
-20
97
-196
195
-77
-6
-127
91
-168
44
41
-134
108
-14
8
-165
307
-225
186
134
-59
80
161
-124
52
160
-160
74
47
-50
17
38
-155
63
-70
-134
106
-144
18
-23
-246
153
-86
-135
74
39
-133
129
-107
245
-119
184
1
41
49
-78
76
-40
67
95
-13
29
138
-44
101
-70
190
39
-19
108
226
-20
115
54
218
-118
86
192
-123
281
-65
220
11
83
128
38
-62
328
-185
123
131
-144
275
-37
-104
308
-181
60
107
-84
253
-205
304
-81
110
98
34
-20
284
-169
274
213
-122
476
-211
406
-97
190
163
98
147
231
4
240
257
-142
499
-108
210
138
9
264
53
243
136
184
140
215
-3
347
10
210
269
-48
401
-47
309
38
337
-43
448
61
229
246
89
470
-141
525
53
380
-35
683
-129
399
238
123
513
-125
501
123
270
278
376
83
502
78
293
395
36
538
76
388
216
396
252
206
534
158
393
288
415
186
575
134
604
325
417
478
365
472
385
522
268
637
165
618
234
554
342
461
412
384
432
426
538
157
766
164
528
405
464
313
600
272
438
538
175
582
259
567
251
514
397
512
306
535
413
401
485
385
463
455
401
297
562
175
720
219
380
546
387
247
620
207
533
407
306
567
312
390
483
328
397
497
230
580
250
485
314
385
336
486
220
481
491
169
558
366
316
436
387
339
460
211
541
291
279
436
259
369
353
311
351
443
134
578
278
354
437
282
465
159
665
-29
712
226
393
543
170
437
480
314
292
706
-109
777
-58
437
359
73
448
169
324
274
372
124
627
-41
564
383
40
711
100
320
393
336
246
426
368
193
660
24
565
207
328
360
358
174
549
89
416
452
92
570
42
264
270
278
237
420
148
391
183
253
302
317
407
197
385
296
213
371
255
420
217
229
433
36
440
243
248
375
85
280
283
88
327
163
211
311
50
531
75
335
257
181
313
240
308
307
349
240
272
313
221
285
305
276
282
219
361
314
49
536
174
97
615
-63
416
349
187
271
439
85
404
356
289
437
346
311
293
378
156
426
248
187
366
61
274
269
130
260
373
-40
434
206
113
516
-49
504
210
278
383
298
207
454
213
269
456
290
305
476
221
395
226
215
406
171
336
269
273
319
248
229
433
122
309
353
61
391
158
318
281
282
282
257
272
291
214
213
290
180
301
223
328
212
217
284
168
327
301
66
494
85
280
345
135
426
199
393
159
421
152
315
173
410
168
182
527
-1
461
169
320
182
312
172
298
209
241
215
191
157
269
102
48
379
45
221
158
125
232
211
71
235
237
57
245
283
82
294
276
66
278
257
-10
285
228
-32
304
115
139
180
179
102
229
74
76
187
164
46
154
143
114
78
134
134
5
114
118
-48
215
-68
180
74
-35
213
45
13
217
89
55
218
99
141
139
218
127
202
208
-8
482
-156
377
210
83
243
236
49
300
66
117
371
-45
357
160
241
52
325
151
77
352
156
23
373
134
105
256
174
121
215
258
110
244
184
103
254
201
-78
505
-197
319
160
58
371
-45
290
280
-25
213
289
-31
359
-70
384
183
-44
488
-27
173
359
-86
383
169
88
277
10
205
135
51
241
44
244
56
71
313
17
153
155
39
249
-77
93
217
-88
156
272
-54
227
194
78
342
107
242
282
230
335
144
331
163
196
346
134
350
124
215
277
109
276
196
329
184
417
97
487
193
409
321
436
186
397
460
25
684
270
259
498
341
284
408
349
240
502
169
411
328
249
422
220
445
156
562
120
550
339
272
592
312
371
531
377
301
705
37
681
492
164
583
526
135
583
326
329
413
275
367
532
230
451
499
197
507
406
338
407
410
295
501
320
501
329
375
350
356
288
397
318
187
563
-37
489
233
174
302
245
132
348
84
306
271
100
370
207
168
380
150
285
362
91
353
290
127
255
267
96
236
94
253
70
316
85
144
296
144
67
219
59
-11
282
54
-4
264
160
-261
513
-51
-34
402
-122
43
304
-155
57
345
-270
251
68
-78
270
-57
28
331
-200
167
177
-31
94
121
4
170
1
95
315
-84
165
106
67
114
14
227
55
155
92
58
184
-39
199
-29
63
136
-30
80
153
-103
146
22
-108
277
-176
219
-52
105
163
-111
210
31
78
-79
189
-42
39
135
-76
125
-42
37
-104
238
-155
139
191
-328
514
-253
170
47
88
107
-55
54
120
8
-43
244
-216
306
-88
-104
345
-112
-7
106
11
32
-68
66
135
-73
133
11
5
283
-208
261
35
10
106
127
113
63
44
80
201
-83
199
76
97
-37
214
-111
247
-40
67
191
-65
80
45
120
-111
299
-121
126
190
-241
268
49
-191
384
-120
112
129
-23
73
196
31
-20
358
-65
59
160
88
-59
253
-96
186
122
-40
174
103
61
43
216
-4
275
-99
264
116
5
188
18
143
54
-20
115
190
-245
168
144
-192
153
-5
2
169
31
-163
351
-119
-69
221
-33
168
-43
75
78
187
-167
193
131
-51
296
-109
151
120
-67
-75
328
47
-84
271
132
-74
143
135
-75
310
-224
166
180
-22
83
81
194
-128
187
155
223
-13
99
280
4
28
317
-56
249
169
-132
382
50
-83
225
43
-74
230
-136
260
24
19
352
-175
378
49
-16
449
-95
263
261
12
373
151
153
289
195
151
157
266
269
28
108
458
-201
243
316
67
171
69
163
141
154
20
375
-15
42
302
46
125
314
-75
408
148
-17
311
9
206
346
-94
272
220
-81
202
154
252
-84
222
97
47
166
174
188
305
83
165
212
11
400
108
209
299
135
300
161
85
329
285
179
321
229
253
216
244
197
281
109
79
184
197
48
7
162
94
129
216
298
0
288
121
-50
484
-55
55
271
226
165
65
160
195
80
180
399
197
274
32
262
244
112
276
129
337
259
169
290
189
207
339
216
474
258
140
304
280
316
204
134
257
151
115
240
141
113
80
321
106
149
198
98
136
209
59
321
189
149
290
239
279
223
107
422
128
267
368
184
343
212
178
409
150
255
409
80
546
209
296
326
325
264
377
260
227
388
72
411
202
252
164
237
279
193
196
136
303
113
163
427
77
90
352
56
134
365
62
259
371
105
282
300
168
219
279
251
261
192
158
82
254
236
143
241
188
195
208
167
188
207
182
234
186
276
173
82
255
231
64
163
243
141
254
195
162
243
157
155
208
265
193
168
169
216
188
134
180
226
224
198
232
257
257
241
280
234
280
232
203
235
244
246
229
189
215
240
151
278
174
165
220
181
206
157
239
99
88
210
106
91
111
160
187
161
122
201
198
119
245
220
223
295
275
200
260
249
268
220
201
246
172
184
244
119
159
133
218
195
171
171
118
88
139
122
9
95
147
77
77
137
119
111
130
125
198
114
99
161
123
130
93
111
162
114
96
123
58
81
78
38
128
49
28
119
20
8
-33
64
69
-14
24
21
92
110
37
89
70
18
33
70
50
18
18
58
143
67
28
71
93
-7
68
37
23
56
45
53
118
22
-76
43
54
91
107
155
127
73
52
76
75
53
92
52
27
51
10
20
17
84
71
53
101
40
-26
64
17
6
99
153
60
58
44
19
99
75
136
184
188
166
186
114
64
108
132
163
199
159
113
121
78
117
81
145
101
147
178
138
99
179
104
159
219
175
150
138
158
133
168
204
189
189
271
204
182
216
245
221
282
357
304
276
290
309
344
294
328
454
348
365
392
367
306
282
324
393
385
349
382
385
303
293
277
284
291
253
263
352
276
191
257
225
159
195
192
187
180
134
154
195
136
145
153
137
188
132
137
186
188
190
247
281
294
320
354
419
386
366
399
401
404
372
374
331
339
282
285
279
237
307
311
239
269
241
213
161
290
269
284
334
331
375
377
386
403
453
477
526
507
595
538
483
554
497
504
482
466
505
431
394
391
316
235
259
175
173
134
50
111
40
-14
-17
32
-62
-16
70
42
144
122
225
140
170
179
157
345
372
380
476
443
402
449
488
575
509
547
591
602
516
522
503
468
482
543
691
599
431
303
214
273
261
293
319
331
160
115
133
165
126
137
270
424
404
413
432
384
416
519
681
720
871
882
869
932
934
898
967
999
1067
1099
1047
950
871
779
785
763
733
737
660
584
535
482
430
402
380
531
529
492
417
319
315
283
331
409
451
352
296
162
81
61
80
160
187
149
64
37
98
169
288
385
431
501
560
713
853
916
889
846
910
1004
1032
1013
957
867
708
667
663
526
398
239
47
-51
-207
-258
-281
-346
-354
-368
-298
-265
-166
-123
101
271
455
562
603
844
928
1054
1151
1217
1233
1216
1249
1232
1151
1093
946
844
831
666
566
495
440
259
192
236
163
134
207
182
190
197
276
368
428
499
489
525
622
602
612
588
509
437
387
256
152
-27
-179
-345
-484
-523
-664
-565
-635
-674
-722
-613
-423
-240
-44
73
245
380
608
805
985
1000
1020
1020
1097
1114
1095
1012
825
664
544
494
328
87
-205
-442
-617
-815
-837
-937
-986
-961
-953
-884
-809
-597
-416
-125
186
437
634
798
984
1167
1315
1430
1499
1496
1507
1519
1415
1224
1038
892
736
635
547
338
214
30
-57
-88
-103
-118
-169
-64
-29
70
115
197
322
367
497
560
565
564
554
572
513
462
292
183
27
-109
-227
-422
-528
-732
-883
-1017
-1146
-1115
-1064
-1000
-883
-804
-521
-251
16
222
423
634
837
969
1047
1136
1126
1062
989
997
1023
751
447
254
66
-113
-273
-484
-703
-878
-1116
-1264
-1303
-1329
-1252
-1103
-935
-815
-686
-479
-196
154
534
802
992
1331
1493
1491
1443
1450
1457
1394
1371
1322
1120
790
583
354
219
118
-54
-78
-90
-197
-282
-261
-201
-102
60
186
311
497
500
589
742
764
827
908
914
880
780
652
489
415
255
120
-18
-200
-371
-609
-809
-930
-933
-987
-947
-884
-790
-633
-575
-390
-71
300
635
863
1126
1287
1348
1313
1330
1413
1378
1317
1145
1033
890
495
164
-35
-164
-281
-433
-475
-619
-833
-1089
-1255
-1231
-1098
-895
-674
-407
-270
-219
-56
206
622
964
1198
1445
1642
1680
1529
1406
1352
1296
1222
1119
1040
795
472
214
-19
-17
-45
-126
-112
-12
-22
-163
-73
54
352
570
706
780
885
854
895
1025
1076
1157
1068
1041
874
720
520
282
208
111
20
-120
-286
-428
-673
-799
-897
-904
-869
-863
-769
-637
-463
-283
-211
92
389
774
1031
1146
1277
1212
1259
1250
1216
1187
1040
864
679
543
335
12
-251
-386
-377
-455
-542
-570
-747
-884
-1038
-1066
-954
-777
-499
-290
-43
56
139
268
549
877
1137
1330
1404
1442
1347
1134
1000
995
923
849
694
520
316
101
-49
-86
-88
-54
25
106
161
141
215
279
543
760
896
984
996
983
994
998
1001
988
979
951
827
657
397
167
22
-11
-13
-29
-141
-344
-513
-568
-609
-572
-550
-573
-578
-436
-331
-181
-31
121
361
617
1008
1138
1215
1169
1155
1202
1169
1161
1110
964
765
552
430
264
28
-113
-146
-126
-214
-314
-431
-500
-589
-748
-717
-580
-329
-96
90
250
272
345
541
839
1153
1383
1543
1580
1544
1390
1154
1026
978
961
954
862
684
423
275
161
192
216
330
432
555
545
540
594
620
836
980
1183
1228
1214
1214
1095
1044
981
990
1050
980
871
645
399
233
109
88
151
159
87
-106
-200
-321
-400
-420
-491
-373
-272
-98
18
104
140
164
422
842
1242
1439
1496
1346
1160
1108
1106
1155
1216
1161
1023
819
614
368
84
-53
-1
156
181
112
-76
-282
-514
-649
-586
-361
-51
206
408
376
296
263
439
789
1160
1469
1591
1543
1408
1184
952
852
860
987
1010
962
718
448
227
185
276
377
573
663
692
649
549
570
577
821
1024
1181
1188
1032
892
750
754
827
885
943
841
639
423
176
104
59
117
130
93
-25
-174
-313
-458
-465
-454
-409
-357
-332
-236
-217
-157
-155
7
256
599
952
1169
1191
1051
886
856
936
1076
1105
965
801
589
374
122
16
-49
-46
28
-37
-131
-290
-442
-553
-704
-678
-514
-238
54
264
311
207
193
316
644
1072
1350
1470
1400
1244
1051
834
732
711
778
792
725
547
310
89
18
38
196
353
482
529
543
434
387
452
607
824
995
1010
915
779
625
588
575
644
628
646
567
350
180
-26
-84
-53
36
34
-24
-64
-196
-244
-399
-457
-442
-401
-263
-136
-36
-58
-128
-64
113
511
876
1128
1147
862
735
667
770
861
885
894
665
460
191
13
-140
-288
-163
-20
119
20
-219
-404
-561
-615
-639
-497
-203
106
279
295
235
130
160
433
799
1163
1288
1259
1092
921
717
582
582
661
777
776
596
354
144
51
119
287
443
531
587
531
437
392
382
553
730
909
937
837
683
526
497
550
586
683
692
591
395
142
-13
-67
47
118
119
76
-26
-130
-331
-448
-473
-449
-389
-405
-329
-258
-250
-270
-231
-12
274
662
980
1074
969
694
648
748
879
1055
1062
896
585
284
99
-40
-108
-146
-45
108
10
-150
-391
-556
-628
-685
-549
-396
-106
85
153
116
-40
31
205
609
959
1070
1134
961
810
637
531
479
545
676
717
635
445
181
96
94
177
354
337
515
454
494
352
308
461
604
868
806
791
632
536
528
532
656
713
719
666
468
249
97
15
183
202
261
109
-79
-209
-397
-364
-457
-397
-408
-429
-328
-263
-222
-274
-219
20
401
875
1196
1230
960
670
681
865
1109
1214
1165
948
575
348
153
12
-91
-108
64
150
146
-127
-495
-686
-738
-638
-531
-333
-41
129
164
45
-14
60
289
701
1065
1299
1265
1060
834
634
573
620
747
859
844
697
410
162
63
145
265
418
524
582
469
385
270
284
454
729
939
931
823
602
497
471
574
688
797
804
691
492
239
-6
-104
-14
113
186
79
-66
-308
-530
-702
-705
-642
-590
-462
-438
-335
-415
-383
-277
34
517
944
1255
1220
945
725
777
932
1100
1182
1128
836
459
161
-15
-137
-242
-208
-103
-42
-200
-445
-686
-783
-795
-791
-706
-501
-181
47
123
43
-39
52
279
713
1078
1234
1166
989
791
609
478
454
536
633
643
448
199
-44
-115
-40
48
247
341
434
371
284
177
251
431
646
825
838
754
594
434
354
393
454
509
535
426
173
-145
-385
-446
-371
-214
-198
-288
-518
-740
-869
-939
-906
-879
-794
-617
-495
-468
-507
-421
-182
249
771
1231
1323
1071
771
733
893
1083
1243
1265
1073
650
251
16
-131
-234
-290
-205
-72
-89
-349
-704
-916
-976
-928
-801
-572
-232
-49
-34
-72
-92
-22
153
542
925
1193
1247
1075
825
495
422
420
592
714
663
528
233
20
-90
-28
128
211
355
377
394
356
261
233
307
541
771
823
790
613
478
359
345
432
478
554
447
284
19
-209
-357
-363
-217
-120
-121
-280
-496
-663
-839
-850
-913
-779
-581
-444
-315
-335
-271
-127
232
823
1323
1563
1344
1039
982
1131
1343
1433
1471
1263
841
481
263
165
-15
-116
-95
-34
-46
-259
-534
-729
-840
-840
-791
-532
-177
93
235
221
223
224
385
756
1190
1522
1560
1455
1164
892
675
617
741
870
857
688
446
227
120
67
147
240
426
526
539
554
495
530
536
732
943
1015
1025
869
781
660
569
600
605
651
514
304
93
-184
-229
-286
-193
-150
-268
-423
-665
-826
-848
-843
-841
-793
-665
-480
-395
-245
-97
237
663
1175
1559
1447
1173
967
1058
1250
1440
1536
1308
819
242
-39
-127
-200
-282
-341
-309
-311
-406
-678
-971
-1088
-1128
-1035
-783
-375
-20
35
-68
-125
-16
248
629
999
1246
1315
1256
1101
835
554
332
279
382
452
397
145
-110
-280
-307
-259
-152
-21
75
218
272
303
238
254
400
561
719
715
666
530
392
277
227
224
207
144
-55
-270
-503
-659
-735
-735
-731
-791
-840
-998
-1180
-1331
-1450
-1405
-1324
-1148
-966
-798
-627
-467
-146
349
885
1114
984
782
782
950
1063
1109
1077
790
290
-161
-353
-402
-511
-675
-807
-801
-812
-919
-1123
-1348
-1400
-1453
-1398
-1196
-851
-521
-447
-459
-486
-315
27
446
763
839
833
730
645
484
246
61
-80
-142
-213
-273
-429
-571
-678
-715
-662
-599
-459
-334
-200
-83
14
34
87
222
357
447
415
341
259
184
109
30
-30
-127
-287
-506
-716
-844
-952
-1015
-1085
-1147
-1112
-1135
-1188
-1359
-1490
-1664
-1735
-1573
-1304
-969
-808
-720
-499
-75
516
872
882
660
525
679
932
1251
1313
1012
419
-203
-426
-445
-420
-542
-711
-793
-909
-999
-1151
-1240
-1266
-1237
-1165
-1144
-1000
-769
-550
-447
-377
-237
-28
299
646
887
981
943
854
712
553
412
283
176
12
-171
-342
-482
-524
-518
-475
-470
-483
-379
-204
56
173
250
257
352
523
657
722
691
638
540
411
301
246
198
96
-118
-329
-519
-671
-757
-835
-863
-961
-1079
-1183
-1268
-1213
-1239
-1264
-1293
-1187
-996
-816
-593
-380
18
512
952
1082
884
708
686
912
1183
1421
1436
1062
473
-67
-268
-310
-319
-354
-423
-479
-604
-798
-1070
-1241
-1274
-1181
-1000
-785
-526
-403
-427
-504
-452
-202
152
580
921
1125
1143
1044
858
650
516
445
489
495
359
97
-251
-474
-647
-649
-577
-417
-250
-153
-37
-46
-32
-16
65
283
526
712
681
585
484
387
325
226
197
171
144
17
-217
-463
-687
-840
-986
-993
-976
-967
-1038
-1176
-1356
-1520
-1549
-1451
-1222
-1007
-790
-642
-406
29
509
834
818
670
580
707
1019
1350
1509
1275
740
166
-133
-230
-234
-261
-352
-469
-683
-832
-995
-1104
-1226
-1273
-1291
-1188
-884
-617
-426
-473
-543
-563
-338
83
545
947
1132
1184
1056
864
683
571
608
666
650
452
178
-62
-315
-471
-567
-557
-513
-378
-224
-107
-35
-71
-92
-34
131
340
482
542
537
483
437
379
342
310
287
243
96
-53
-227
-407
-543
-657
-718
-805
-910
-1003
-1146
-1278
-1351
-1306
-1190
-1095
-985
-819
-543
-158
299
697
803
709
607
649
899
1233
1488
1472
1153
711
375
224
113
14
-76
-185
-321
-473
-606
-766
-881
-1031
-1157
-1145
-983
-686
-491
-448
-470
-446
-296
-45
260
577
882
1119
1212
1195
1095
1006
931
871
824
749
664
512
353
143
-63
-239
-349
-343
-265
-132
-50
-25
-30
-28
12
67
173
278
404
473
510
488
429
382
330
307
292
239
104
-51
-182
-335
-450
-529
-616
-700
-867
-1045
-1208
-1241
-1173
-1136
-1073
-994
-798
-513
-124
289
536
583
478
482
652
946
1262
1388
1287
973
664
447
333
264
183
63
-73
-216
-363
-507
-668
-816
-955
-1092
-1114
-973
-771
-634
-598
-604
-583
-429
-145
199
502
738
891
968
1016
1045
1058
1037
985
875
739
653
578
474
295
78
-115
-273
-344
-352
-324
-317
-369
-394
-431
-404
-420
-401
-343
-237
-83
8
64
63
37
39
66
39
-28
-97
-138
-193
-273
-404
-542
-675
-818
-976
-1142
-1265
-1329
-1345
-1337
-1272
-1118
-851
-529
-202
19
91
94
102
220
486
832
1103
1095
859
586
371
235
140
95
40
-45
-177
-342
-495
-672
-838
-983
-1121
-1174
-1110
-944
-792
-723
-731
-771
-698
-510
-236
67
358
580
709
735
716
743
842
921
889
818
743
686
626
493
324
106
-86
-222
-271
-284
-286
-306
-356
-404
-473
-515
-533
-485
-393
-284
-220
-155
-106
-48
51
131
161
108
53
8
-4
-4
-61
-145
-268
-365
-516
-726
-882
-953
-978
-1042
-1084
-1029
-794
-465
-153
24
50
9
3
148
416
740
984
1023
815
533
354
273
232
183
129
57
-47
-175
-300
-442
-583
-745
-919
-978
-873
-684
-528
-511
-583
-658
-632
-492
-294
-29
214
446
604
659
688
713
778
833
841
819
823
871
878
801
641
413
198
16
-69
-75
-58
-78
-176
-301
-431
-507
-548
-541
-486
-373
-240
-168
-127
-111
-82
-33
24
38
78
128
161
143
37
-79
-247
-332
-402
-519
-632
-762
-836
-949
-1027
-1029
-936
-674
-392
-103
-5
-20
-68
-40
138
399
727
902
865
656
428
293
185
126
77
21
-90
-263
-430
-583
-656
-730
-875
-1020
-1093
-981
-790
-662
-617
-640
-643
-562
-412
-175
59
312
454
522
548
550
594
666
694
648
592
584
624
612
521
350
163
-68
-245
-342
-324
-293
-323
-405
-539
-656
-743
-767
-754
-705
-630
-568
-499
-459
-404
-345
-313
-308
-324
-281
-260
-261
-310
-398
-519
-641
-744
-857
-954
-1058
-1121
-1201
-1281
-1303
-1220
-991
-691
-396
-260
-262
-321
-336
-240
-7
330
542
575
417
186
-21
-184
-256
-309
-323
-383
-487
-648
-847
-1022
-1193
-1316
-1409
-1389
-1245
-1023
-814
-733
-743
-770
-698
-544
-311
-26
267
489
560
519
452
460
552
628
648
599
548
516
433
343
226
93
-94
-243
-328
-379
-399
-468
-541
-617
-687
-743
-772
-765
-716
-648
-595
-552
-513
-464
-407
-347
-305
-272
-227
-229
-206
-254
-339
-506
-653
-739
-801
-861
-943
-1003
-1082
-1133
-1131
-1001
-773
-469
-160
-55
-76
-116
-73
65
278
543
712
692
522
329
157
28
-62
-183
-312
-463
-571
-662
-788
-931
-1101
-1269
-1418
-1442
-1297
-1042
-755
-585
-534
-537
-483
-316
-64
246
521
722
823
807
754
705
720
736
734
708
695
698
638
471
240
30
-108
-157
-195
-192
-164
-189
-300
-471
-604
-654
-623
-578
-510
-429
-350
-290
-285
-305
-315
-282
-246
-199
-113
-62
-54
-142
-305
-486
-640
-680
-703
-705
-761
-829
-912
-991
-960
-827
-516
-156
104
218
218
230
276
412
634
861
966
881
658
409
223
102
49
-59
-213
-420
-630
-859
-1048
-1187
-1327
-1403
-1453
-1408
-1286
-1092
-923
-811
-700
-570
-323
-43
250
532
773
950
982
950
905
915
964
983
957
872
771
654
520
302
98
-74
-175
-213
-241
-249
-295
-379
-476
-564
-608
-587
-520
-424
-333
-247
-218
-227
-258
-294
-296
-258
-174
-129
-84
-116
-186
-302
-470
-639
-788
-829
-825
-759
-742
-748
-790
-831
-707
-445
-61
282
456
455
414
484
680
960
1226
1345
1231
989
726
549
435
360
267
97
-142
-400
-672
-901
-1085
-1244
-1386
-1452
-1360
-1152
-905
-699
-572
-494
-350
-78
306
709
1089
1383
1530
1576
1586
1592
1633
1657
1604
1520
1431
1342
1233
1061
841
572
323
167
121
156
202
214
149
35
-98
-177
-149
-34
102
211
268
296
323
337
347
271
178
107
119
197
214
198
68
-111
-305
-476
-565
-579
-506
-452
-435
-404
-332
-128
199
575
818
862
862
918
1065
1330
1688
1970
1970
1714
1381
1132
999
930
885
752
497
187
-185
-534
-847
-1049
-1230
-1397
-1418
-1252
-970
-739
-620
-622
-590
-385
16
523
1024
1458
1741
1831
1788
1737
1782
1879
1950
1911
1782
1651
1509
1320
1058
760
471
246
103
78
138
205
215
95
-93
-226
-241
-152
-2
165
278
354
364
323
280
251
276
233
195
170
144
100
-17
-181
-400
-596
-721
-788
-780
-733
-675
-648
-637
-504
-222
204
593
758
720
683
794
1026
1330
1660
1865
1807
1526
1179
921
761
701
594
389
96
-252
-614
-980
-1263
-1502
-1676
-1792
-1796
-1649
-1422
-1185
-1059
-1006
-922
-661
-225
281
786
1187
1432
1496
1442
1398
1430
1556
1652
1612
1464
1281
1071
854
595
274
-9
-215
-298
-326
-289
-252
-265
-354
-509
-599
-539
-313
-62
65
72
25
4
27
40
48
3
-72
-191
-307
-383
-492
-612
-798
-984
-1176
-1281
-1324
-1350
-1346
-1351
-1326
-1210
-927
-462
67
434
472
358
322
495
843
1287
1667
1746
1508
1112
760
525
419
395
287
37
-321
-699
-1049
-1367
-1660
-1937
-2145
-2177
-2009
-1727
-1463
-1295
-1256
-1237
-1082
-677
-120
477
973
1303
1476
1481
1424
1398
1476
1595
1628
1538
1400
1225
1003
736
380
11
-281
-398
-365
-291
-257
-310
-368
-431
-446
-399
-274
-88
106
233
298
334
350
352
317
249
134
34
-57
-112
-251
-461
-732
-991
-1187
-1301
-1309
-1300
-1285
-1278
-1290
-1256
-1109
-731
-184
396
748
802
718
727
938
1284
1656
1910
1859
1549
1168
866
710
601
498
245
-141
-543
-923
-1214
-1465
-1698
-1980
-2188
-2240
-2063
-1729
-1403
-1159
-1061
-983
-753
-322
260
834
1310
1586
1690
1695
1641
1653
1726
1754
1655
1464
1293
1106
914
620
236
-139
-381
-439
-362
-231
-197
-255
-352
-401
-365
-250
-34
186
333
374
371
374
398
401
364
260
147
36
-82
-239
-501
-780
-1073
-1263
-1350
-1377
-1343
-1370
-1386
-1432
-1397
-1179
-720
-25
591
869
803
660
703
965
1428
1894
2122
1957
1552
1156
891
734
684
598
383
41
-351
-744
-1131
-1457
-1772
-2073
-2222
-2102
-1807
-1489
-1282
-1235
-1269
-1200
-847
-241
420
1010
1380
1525
1495
1413
1421
1508
1641
1660
1559
1382
1188
988
726
411
50
-271
-435
-400
-259
-139
-135
-296
-467
-517
-420
-181
123
397
506
434
337
221
245
311
328
278
133
44
-106
-293
-563
-886
-1149
-1350
-1364
-1320
-1247
-1243
-1298
-1345
-1334
-1116
-638
43
672
958
919
782
782
1010
1416
1867
2084
1936
1538
1131
891
759
676
553
350
81
-253
-611
-961
-1276
-1542
-1779
-1893
-1820
-1536
-1211
-1029
-1004
-1054
-979
-630
-39
584
1085
1416
1561
1557
1487
1449
1531
1664
1713
1625
1455
1262
1051
796
493
196
-17
-83
-32
105
192
175
50
-95
-94
45
305
539
696
739
736
738
705
676
594
533
416
305
200
83
-78
-337
-680
-988
-1212
-1281
-1244
-1127
-1006
-915
-898
-902
-733
-288
386
1006
1244
1160
1052
1126
1367
1731
2091
2179
1909
1461
1107
903
826
808
677
409
37
-302
-592
-827
-985
-1215
-1493
-1649
-1574
-1274
-934
-686
-687
-799
-751
-406
183
775
1245
1488
1539
1516
1449
1446
1528
1659
1663
1538
1353
1158
991
768
472
159
-28
-32
87
243
364
339
195
58
62
249
567
880
1044
988
849
696
607
572
572
560
443
260
26
-172
-409
-646
-907
-1114
-1198
-1195
-1139
-1100
-1059
-984
-878
-732
-476
37
722
1279
1419
1255
1102
1136
1383
1762
2079
2085
1706
1161
720
490
405
394
326
133
-170
-500
-797
-1026
-1165
-1323
-1463
-1491
-1322
-995
-675
-502
-555
-658
-575
-171
401
968
1346
1461
1396
1248
1103
1056
1171
1328
1339
1170
930
687
532
384
175
-37
-170
-115
54
257
388
366
246
137
157
338
642
976
1107
1068
900
709
555
427
414
369
309
101
-229
-555
-882
-1043
-1212
-1316
-1342
-1357
-1284
-1281
-1180
-1056
-878
-582
-254
359
1019
1482
1504
1256
1153
1185
1475
1871
2150
2044
1499
930
460
185
94
74
37
-169
-428
-727
-1023
-1209
-1367
-1471
-1534
-1375
-981
-584
-269
-251
-409
-552
-396
126
736
1262
1486
1498
1345
1107
931
847
926
1022
1043
919
699
465
243
60
-126
-235
-179
17
276
449
507
435
368
401
548
779
1013
1181
1173
1043
876
745
638
515
397
218
22
-197
-404
-626
-901
-1134
-1352
-1483
-1495
-1395
-1247
-1166
-1089
-1046
-879
-502
86
822
1433
1681
1515
1247
1214
1436
1825
2185
2275
1924
1271
701
352
189
139
91
-24
-240
-475
-761
-1050
-1262
-1403
-1462
-1384
-1062
-602
-207
-42
-149
-329
-321
90
748
1392
1779
1801
1630
1381
1187
1048
1004
1073
1088
1048
918
694
412
140
-61
-224
-197
0
295
537
631
586
473
452
639
954
1283
1498
1526
1344
1122
973
899
809
696
554
331
71
-261
-555
-884
-1104
-1241
-1336
-1332
-1358
-1332
-1331
-1272
-1124
-895
-533
-103
508
1163
1673
1804
1557
1379
1418
1721
2166
2501
2432
1827
1063
476
171
108
99
67
-139
-439
-759
-1075
-1243
-1304
-1309
-1303
-1159
-781
-320
48
128
-4
-123
11
506
1122
1637
1862
1815
1610
1323
1080
913
899
986
1000
926
706
453
181
-33
-183
-255
-143
105
411
597
644
598
582
666
896
1196
1471
1627
1578
1392
1151
1014
904
824
719
559
307
-9
-330
-645
-909
-1113
-1266
-1349
-1374
-1340
-1304
-1232
-1136
-1007
-794
-488
-89
413
1064
1712
2007
1823
1472
1367
1595
1988
2335
2376
1962
1235
560
149
-9
-27
-44
-141
-368
-658
-942
-1199
-1344
-1372
-1290
-1095
-742
-311
18
142
67
-6
117
538
1161
1666
1908
1846
1620
1342
1085
909
851
924
971
875
650
347
72
-145
-256
-259
-121
103
381
576
678
697
700
853
1098
1410
1624
1706
1675
1513
1365
1205
1095
975
855
706
410
70
-297
-594
-776
-930
-1012
-1156
-1249
-1221
-1161
-1018
-952
-812
-585
-299
96
537
1200
1874
2245
2140
1705
1543
1689
2117
2487
2553
2188
1390
672
227
100
142
126
31
-260
-539
-777
-984
-1091
-1179
-1134
-977
-616
-125
231
419
341
213
236
570
1200
1774
2088
2053
1835
1573
1298
1095
949
987
1075
1037
856
543
255
12
-88
-60
8
239
506
741
865
896
948
1029
1246
1519
1738
1863
1862
1777
1544
1328
1160
1053
956
797
581
226
-106
-405
-631
-788
-893
-951
-1019
-969
-932
-912
-894
-763
-494
-226
102
453
956
1593
2121
2297
2005
1654
1608
1890
2313
2508
2390
1836
1071
439
131
135
196
210
66
-184
-424
-688
-881
-1007
-991
-837
-566
-180
166
426
480
376
315
469
966
1558
2001
2085
1890
1588
1315
1125
968
960
1025
1057
922
599
267
-16
-113
-86
24
174
375
615
775
863
835
868
975
1259
1571
1724
1726
1507
1288
1066
937
904
809
718
456
114
-295
-654
-763
-844
-816
-922
-1068
-1163
-1212
-1106
-1088
-938
-687
-382
-14
193
514
913
1454
1905
1895
1702
1470
1572
1821
2033
2098
1723
1155
486
89
43
62
86
-127
-396
-683
-889
-938
-1006
-944
-922
-846
-673
-450
-49
208
370
338
299
514
899
1399
1652
1659
1514
1269
1108
902
755
707
727
698
507
263
13
-137
-156
-110
-22
74
271
523
713
838
864
933
1102
1357
1568
1630
1538
1411
1215
1046
912
826
726
506
223
-152
-449
-635
-745
-807
-932
-1038
-1148
-1167
-1120
-1089
-955
-796
-545
-333
-188
27
348
826
1327
1770
1957
1794
1482
1331
1472
1692
1784
1701
1330
764
224
-68
-191
-282
-341
-421
-497
-578
-742
-984
-1203
-1254
-1117
-801
-385
-21
162
161
69
89
322
717
1158
1414
1502
1385
1173
973
786
655
531
548
565
496
302
17
-217
-346
-255
-105
44
242
457
654
716
693
692
806
1033
1304
1416
1381
1227
1016
746
528
434
380
289
122
-150
-489
-796
-1026
-1140
-1181
-1101
-1068
-1061
-1114
-1146
-1145
-1082
-880
-593
-327
-98
70
328
669
1090
1460
1572
1408
1120
1048
1203
1375
1388
1144
712
174
-214
-364
-427
-508
-666
-800
-912
-974
-1012
-1142
-1225
-1221
-1036
-800
-528
-231
-76
-26
-57
-21
148
448
782
978
1007
905
787
656
456
282
168
185
239
192
17
-194
-334
-384
-329
-180
-11
173
295
358
397
484
637
749
843
876
926
894
773
537
253
94
10
-32
-170
-370
-594
-862
-1051
-1268
-1318
-1322
-1241
-1138
-1175
-1180
-1223
-1155
-1084
-981
-758
-572
-354
-201
39
372
674
1019
1123
1016
739
597
733
891
1014
899
561
33
-453
-648
-736
-769
-865
-978
-1059
-1136
-1161
-1324
-1439
-1431
-1314
-1083
-831
-518
-311
-196
-227
-318
-231
-9
337
596
744
738
574
397
146
-7
-72
23
125
79
-4
-183
-341
-424
-384
-192
-67
79
143
176
252
339
443
481
585
645
636
529
369
192
16
-110
-214
-241
-339
-509
-783
-1075
-1237
-1313
-1211
-1168
-1121
-1132
-1130
-1147
-1210
-1172
-1069
-817
-574
-360
-269
-271
-159
74
463
784
948
918
635
397
312
455
572
503
300
-101
-456
-720
-838
-887
-978
-969
-889
-716
-635
-685
-754
-861
-805
-672
-403
-91
79
114
-78
-201
-298
-249
-21
188
417
434
318
70
-164
-228
-221
-66
76
237
295
211
120
-54
-46
80
273
456
526
631
652
644
622
499
473
431
426
386
265
162
-99
-337
-531
-586
-546
-590
-647
-807
-988
-1027
-1047
-895
-790
-641
-557
-703
-782
-858
-743
-626
-575
-425
-415
-345
-418
-435
-251
-14
362
524
596
485
203
117
138
365
414
285
87
-245
-476
-702
-816
-890
-940
-825
-728
-605
-593
-704
-768
-880
-831
-720
-526
-248
-148
-122
-332
-486
-469
-278
72
283
393
304
168
56
-19
18
67
235
400
447
334
154
41
5
21
116
249
338
418
427
356
197
63
-1
31
129
193
143
-15
-216
-389
-516
-557
-569
-527
-538
-561
-700
-824
-884
-876
-760
-680
-617
-618
-676
-715
-817
-828
-796
-772
-735
-741
-632
-549
-443
-291
-104
182
360
462
460
395
412
429
530
434
232
42
-148
-315
-535
-654
-743
-818
-794
-750
-667
-642
-642
-670
-771
-803
-718
-522
-296
-128
-42
-79
-138
-113
-35
178
386
545
615
591
554
426
354
326
374
473
501
453
325
245
224
252
339
400
475
503
523
484
408
422
385
382
375
360
347
281
166
-11
-175
-195
-160
-99
-107
-189
-264
-333
-345
-294
-245
-184
-178
-177
-243
-380
-457
-541
-578
-651
-666
-543
-434
-355
-333
-275
-67
262
592
720
748
727
724
703
652
642
525
338
138
-53
-234
-518
-709
-795
-750
-664
-620
-571
-594
-619
-716
-736
-614
-407
-123
36
116
109
48
142
322
583
750
824
819
730
694
571
456
393
404
455
435
413
268
176
132
123
155
209
377
458
520
532
404
357
367
485
557
559
578
461
344
176
68
12
4
37
6
-75
-134
-201
-253
-359
-389
-297
-222
-186
-321
-488
-663
-741
-740
-681
-576
-463
-401
-345
-280
-149
80
424
756
953
999
937
880
827
704
534
363
174
-5
-183
-362
-626
-879
-971
-882
-719
-618
-545
-513
-520
-470
-373
-233
-81
107
267
374
444
485
512
566
646
698
678
648
618
570
460
314
212
200
257
270
271
247
225
213
242
271
316
419
515
574
588
557
541
542
547
542
519
473
395
279
160
55
-47
-102
-144
-131
-129
-152
-194
-326
-403
-470
-385
-256
-181
-219
-447
-603
-702
-690
-577
-528
-414
-370
-272
-184
-183
-11
151
438
602
625
587
435
378
267
84
-92
-344
-477
-624
-673
-730
-894
-958
-947
-778
-629
-559
-459
-400
-304
-204
-111
-4
41
148
209
186
149
107
107
125
114
92
16
-26
-53
-70
-103
-161
-132
-75
-3
39
46
65
38
67
109
170
227
259
318
308
275
205
183
178
138
84
11
-20
-44
-93
-134
-271
-353
-423
-402
-341
-324
-344
-415
-461
-498
-472
-434
-388
-409
-447
-530
-607
-644
-629
-568
-508
-486
-425
-400
-373
-379
-376
-309
-191
-3
85
-1
-176
-351
-420
-460
-533
-608
-643
-631
-648
-643
-641
-687
-633
-465
-204
6
74
106
35
-45
-77
-80
-34
-9
-5
-76
-218
-349
-439
-441
-366
-286
-256
-221
-203
-153
-98
-75
-67
6
109
222
291
331
367
358
334
268
165
76
51
109
161
100
-44
-203
-254
-232
-192
-170
-196
-212
-221
-249
-287
-332
-324
-245
-179
-137
-125
-184
-250
-290
-280
-266
-281
-270
-299
-364
-450
-557
-623
-660
-641
-601
-646
-676
-773
-834
-809
-759
-647
-545
-494
-555
-670
-712
-656
-515
-400
-380
-375
-325
-221
-110
-23
40
64
104
127
129
69
-29
-137
-237
-305
-380
-460
-508
-536
-580
-636
-673
-639
-510
-348
-201
-125
-71
-48
10
114
203
284
380
443
453
407
300
199
140
114
108
64
-21
-118
-220
-307
-392
-421
-367
-274
-194
-203
-224
-241
-223
-156
-100
-33
14
64
101
118
149
122
113
98
50
-3
-86
-123
-185
-259
-391
-532
-625
-702
-744
-834
-963
-1118
-1247
-1244
-1194
-1167
-1206
-1169
-985
-777
-582
-481
-393
-288
-119
73
218
338
390
409
381
360
322
281
200
87
-32
-158
-317
-492
-632
-736
-793
-803
-813
-815
-792
-731
-685
-645
-538
-375
-184
-74
-22
34
98
202
270
275
215
153
119
94
44
-45
-124
-196
-251
-334
-387
-418
-415
-356
-333
-311
-286
-251
-211
-149
-87
-10
75
130
180
185
177
145
109
77
62
74
66
20
-76
-189
-303
-378
-442
-508
-605
-718
-801
-880
-946
-1006
-1063
-1129
-1173
-1166
-1146
-1129
-1129
-1098
-1000
-883
-715
-561
-378
-216
-112
-68
-61
-16
53
138
170
114
23
-58
-139
-181
-239
-292
-348
-363
-313
-287
-319
-398
-426
-425
-396
-334
-300
-265
-272
-273
-271
-283
-286
-260
-215
-198
-174
-187
-178
-142
-121
-109
-98
-83
-44
9
52
48
38
40
77
112
125
138
133
141
155
165
160
157
172
194
200
190
145
102
79
79
55
12
-36
-97
-144
-192
-269
-346
-377
-378
-354
-368
-422
-482
-514
-508
-508
-497
-489
-500
-498
-497
-504
-508
-513
-512
-495
-458
-443
-488
-537
-565
-544
-520
-501
-539
-582
-600
-580
-538
-507
-479
-459
-374
-288
-199
-118
-51
-6
57
125
137
157
143
64
2
-46
-110
-183
-266
-355
-446
-490
-521
-528
-530
-528
-511
-478
-413
-370
-294
-197
-99
1
79
142
186
239
293
323
341
374
389
384
378
345
298
241
188
148
103
35
-43
-94
-148
-221
-309
-418
-501
-520
-530
-526
-514
-495
-463
-435
-402
-388
-327
-274
-197
-127
-67
-41
-71
-112
-175
-205
-239
-285
-376
-502
-618
-735
-849
-966
-1053
-1085
-1153
-1204
-1201
-1177
-1126
-1069
-1028
-989
-937
-826
-667
-534
-452
-393
-364
-349
-311
-260
-221
-232
-253
-313
-371
-401
-430
-483
-491
-499
-524
-541
-558
-561
-576
-574
-564
-547
-506
-455
-397
-358
-326
-309
-301
-274
-243
-196
-143
-114
-111
-88
-65
-40
-18
0
10
2
-12
4
11
-24
-74
-125
-170
-214
-260
-296
-313
-332
-366
-386
-393
-388
-374
-359
-329
-282
-235
-216
-198
-186
-188
-171
-165
-166
-164
-174
-210
-268
-329
-400
-476
-524
-561
-623
-685
-761
-840
-887
-926
-944
-930
-962
-1000
-1014
-1039
-1035
-1006
-972
-960
-944
-955
-983
-969
-921
-915
-910
-894
-881
-852
-768
-678
-583
-483
-436
-403
-332
-250
-191
-155
-133
-148
-166
-184
-193
-223
-280
-361
-444
-488
-512
-525
-544
-537
-528
-553
-544
-512
-439
-362
-290
-231
-185
-108
-39
19
44
59
65
57
61
68
72
57
34
12
-6
-14
-28
-43
-48
-59
-73
-92
-104
-120
-131
-129
-124
-107
-104
-106
-111
-118
-114
-92
-64
-35
-3
-12
-35
-37
-53
-83
-123
-158
-213
-271
-338
-406
-474
-587
-736
-835
-919
-987
-1059
-1135
-1212
-1266
-1272
-1263
-1225
-1183
-1105
-1040
-978
-888
-760
-657
-570
-475
-346
-270
-197
-99
-9
44
72
99
90
103
129
100
81
69
-4
-115
-164
-182
-213
-253
-276
-307
-311
-270
-270
-259
-248
-229
-193
-141
-60
-10
20
58
109
165
190
201
209
217
269
319
353
366
347
316
294
315
370
399
404
391
329
281
263
272
272
246
197
125
90
77
74
50
24
26
11
14
16
-18
-39
-79
-113
-158
-200
-233
-274
-318
-360
-455
-558
-642
-701
-752
-812
-894
-987
-1055
-1125
-1167
-1187
-1185
-1208
-1209
-1177
-1125
-1059
-1005
-950
-919
-873
-808
-689
-557
-493
-429
-387
-317
-245
-146
-65
32
101
103
103
131
136
117
115
62
-26
-79
-92
-111
-143
-171
-217
-264
-279
-268
-261
-207
-165
-142
-93
-12
57
137
234
280
345
431
519
585
643
715
735
748
760
747
722
707
685
662
625
583
525
464
399
335
275
214
164
141
136
137
140
126
105
106
92
86
65
57
41
40
33
5
-27
-57
-64
-94
-125
-179
-246
-300
-326
-369
-405
-479
-541
-576
-609
-632
-678
-701
-743
-750
-768
-759
-747
-741
-717
-676
-604
-571
-510
-447
-373
-330
-282
-238
-182
-120
-80
-27
42
89
95
133
164
155
130
135
152
158
172
162
158
157
149
166
193
221
259
299
337
368
393
437
461
489
536
589
649
680
702
699
684
670
673
655
654
664
655
639
608
599
589
588
567
530
468
424
398
374
363
327
297
236
166
118
85
48
26
7
-43
-91
-121
-132
-138
-131
-142
-153
-153
-145
-130
-119
-119
-155
-183
-221
-241
-275
-313
-357
-410
-465
-521
-565
-623
-659
-706
-753
-812
-836
-882
-913
-944
-970
-940
-908
-886
-857
-811
-740
-652
-575
-507
-435
-330
-254
-196
-104
-6
86
185
282
351
395
440
474
541
589
633
652
678
679
624
617
595
563
539
510
488
487
522
539
546
560
558
575
639
714
769
812
847
883
912
931
918
898
911
905
881
859
825
781
721
654
588
543
542
548
540
501
460
443
446
440
406
387
387
400
445
445
412
365
298
277
280
298
299
271
246
185
161
155
165
157
131
70
-11
-47
-89
-124
-163
-197
-268
-292
-301
-302
-309
-353
-377
-407
-406
-440
-450
-451
-438
-418
-366
-288
-244
-153
-85
3
61
151
236
328
405
460
489
521
576
626
726
810
861
877
892
897
918
937
926
947
968
971
964
939
918
874
844
819
796
800
815
815
819
822
798
795
800
825
829
854
872
876
909
934
948
949
961
965
982
992
990
968
949
918
895
889
848
808
766
736
706
682
668
645
619
579
550
548
542
543
541
531
502
505
519
521
530
515
471
441
421
393
363
337
320
296
275
240
200
144
107
69
42
44
47
48
40
43
25
28
17
45
84
106
135
157
209
255
302
334
382
410
469
550
629
702
735
769
780
812
842
882
911
961
1011
1044
1062
1041
1034
1007
992
1003
1042
1071
1072
1074
1074
1072
1033
1011
1022
1045
1077
1091
1089
1086
1070
1047
1042
1042
1041
1045
1073
1102
1127
1120
1095
1073
1042
1038
1059
1085
1102
1094
1073
1054
1034
1004
964
931
917
908
872
836
800
767
701
661
627
591
585
586
566
536
523
499
510
529
556
547
554
584
604
651
654
657
646
637
631
633
638
632
606
538
476
419
409
371
327
289
243
214
196
173
137
127
117
117
108
126
125
144
182
233
287
328
377
424
484
543
614
676
735
787
828
880
924
979
1018
1034
1049
1056
1054
1063
1072
1061
1033
1006
974
951
930
919
894
884
881
896
871
840
831
808
806
800
803
788
789
795
774
746
725
704
691
697
689
677
680
673
637
629
618
598
593
581
564
549
533
516
517
521
514
500
499
507
504
502
497
490
461
473
462
474
487
489
474
485
503
506
512
492
488
482
495
482
487
473
437
412
404
391
385
383
356
300
254
230
199
158
135
105
83
79
65
61
31
41
69
102
171
196
208
251
323
378
420
458
508
530
568
632
654
684
710
765
766
762
736
715
706
700
708
685
652
607
593
565
570
562
556
526
503
520
520
518
533
557
563
577
590
621
652
682
704
689
694
711
721
712
717
703
682
656
616
599
567
538
503
479
473
489
500
490
458
434
419
430
448
442
439
432
437
437
442
463
485
498
506
513
506
501
498
485
487
501
536
539
540
535
512
481
456
430
399
388
395
401
368
334
305
282
252
238
208
171
143
131
130
110
100
64
27
4
24
28
34
31
41
46
47
69
104
127
161
203
242
264
302
339
371
404
425
471
525
570
593
626
628
624
627
633
618
614
608
611
619
611
609
575
559
520
509
508
510
484
463
463
448
447
431
433
430
428
444
462
457
469
471
455
440
413
416
422
419
419
415
412
392
380
382
380
354
347
332
341
343
334
341
333
348
376
412
434
428
429
436
452
465
491
501
488
476
475
443
431
407
401
397
369
340
313
288
248
189
120
77
51
29
22
1
-46
-82
-114
-137
-154
-171
-179
-175
-166
-167
-183
-211
-228
-225
-211
-186
-157
-143
-125
-104
-69
-19
-8
29
77
121
152
206
262
290
306
333
354
339
354
364
390
401
411
399
399
410
381
333
314
315
299
284
275
241
216
218
206
212
212
220
226
249
267
255
240
234
238
247
254
251
241
244
248
254
254
241
223
214
245
244
225
216
226
245
238
228
207
213
217
218
181
164
164
155
173
163
137
105
89
87
129
147
127
82
51
25
22
16
9
-12
-25
-52
-86
-103
-137
-169
-210
-254
-288
-310
-317
-343
-372
-418
-462
-475
-501
-542
-562
-586
-618
-620
-624
-641
-667
-696
-699
-668
-657
-646
-619
-575
-536
-505
-434
-396
-375
-332
-305
-271
-228
-189
-144
-87
-58
-51
-34
-7
-18
-9
24
31
37
66
84
89
80
86
82
79
96
101
100
89
93
115
124
127
133
109
85
82
111
120
92
77
66
54
52
65
62
40
9
-12
-17
-16
-16
-19
-6
10
3
-4
0
-19
-27
-47
-61
-65
-68
-64
-68
-53
-53
-69
-84
-95
-102
-97
-91
-100
-91
-106
-127
-159
-200
-223
-249
-268
-292
-316
-354
-404
-460
-516
-578
-598
-611
-638
-652
-667
-685
-719
-746
-760
-784
-763
-742
-734
-719
-711
-721
-734
-735
-734
-705
-669
-628
-592
-558
-526
-512
-490
-468
-451
-417
-372
-329
-293
-259
-241
-238
-212
-192
-180
-162
-117
-108
-106
-64
-32
-28
-11
6
13
36
61
89
111
133
114
114
122
105
96
76
63
65
55
36
34
29
24
6
7
1
-2
14
31
47
36
34
6
-16
-26
-45
-54
-71
-79
-118
-142
-156
-176
-199
-217
-233
-254
-277
-303
-315
-341
-355
-372
-366
-356
-350
-360
-371
-381
-391
-382
-391
-394
-397
-398
-405
-395
-394
-415
-436
-451
-466
-476
-477
-487
-503
-510
-538
-550
-564
-566
-575
-583
-592
-615
-651
-664
-661
-671
-670
-648
-629
-641
-639
-635
-618
-606
-610
-605
-604
-587
-572
-540
-514
-478
-445
-432
-428
-380
-316
-283
-242
-211
-183
-172
-135
-107
-84
-63
-29
-2
12
38
58
67
61
75
62
74
80
103
105
80
41
-6
-11
-7
-4
-21
-46
-97
-108
-124
-106
-107
-145
-172
-215
-220
-226
-246
-282
-294
-305
-318
-329
-343
-363
-397
-385
-381
-400
-412
-423
-433
-423
-409
-405
-418
-429
-412
-402
-410
-430
-465
-475
-458
-451
-429
-414
-425
-430
-438
-435
-439
-437
-426
-412
-413
-435
-451
-452
-462
-494
-523
-546
-541
-539
-541
-550
-577
-615
-643
-648
-650
-630
-621
-594
-569
-588
-605
-620
-603
-602
-576
-533
-490
-454
-440
-415
-413
-400
-364
-300
-254
-234
-220
-211
-177
-147
-90
-68
-58
-86
-76
-36
-3
15
2
6
15
45
71
103
92
78
68
69
78
76
65
47
50
30
11
-14
-26
-18
-18
-19
-20
-17
-30
-46
-51
-56
-66
-53
-48
-44
-37
-53
-68
-78
-50
-35
-29
-22
-26
-42
-50
-42
-41
-42
-47
-46
-31
-23
-28
-32
-26
-23
-32
-32
-30
-39
-57
-66
-52
-41
-30
-21
-12
-20
-14
-20
-34
-43
-36
-9
-19
-20
-39
-42
-48
-56
-60
-82
-103
-110
-98
-88
-103
-113
-109
-113
-121
-118
-101
-105
-129
-129
-121
-124
-132
-126
-116
-111
-110
-102
-98
-104
-102
-112
-119
-134
-119
-89
-77
-56
-70
-80
-96
-104
-81
-62
-74
-75
-70
-78
-58
-57
-46
-22
-19
-15
6
42
51
64
89
105
92
101
132
160
169
142
158
168
184
196
206
175
157
133
93
79
58
60
51
46
31
33
14
-10
-28
-27
-28
-49
-54
-65
-38
-32
-35
-35
-36
-3
6
26
34
29
17
19
43
38
58
57
30
5
-11
-7
-24
-26
-38
-43
-51
-53
-68
-83
-102
-119
-118
-127
-122
-123
-127
-129
-159
-168
-176
-183
-189
-193
-210
-228
-240
-261
-260
-265
-273
-292
-272
-262
-249
-236
-240
-226
-227
-224
-227
-221
-219
-216
-218
-212
-194
-186
-179
-183
-168
-181
-201
-171
-157
-145
-142
-138
-132
-102
-80
-59
-41
-31
-33
-21
-15
-24
1
41
76
89
105
113
110
137
159
170
180
199
221
238
254
265
280
293
294
310
308
307
305
311
328
336
325
320
309
291
290
275
277
240
236
241
239
248
256
242
220
214
217
245
278
295
271
232
196
182
186
179
172
158
140
128
107
101
81
61
41
28
26
28
21
-1
-7
-39
-64
-88
-110
-128
-145
-159
-168
-179
-197
-206
-218
-244
-265
-273
-264
-259
-248
-239
-240
-237
-239
-244
-246
-252
-245
-219
-219
-227
-202
-182
-164
-161
-165
-179
-168
-147
-138
-112
-86
-91
-104
-105
-112
-82
-67
-31
-29
-34
-36
-37
-2
13
24
25
37
46
64
89
101
90
94
120
133
147
155
161
167
174
172
172
169
171
175
172
171
183
188
165
135
123
139
147
162
183
173
148
151
149
152
159
167
174
176
181
178
158
135
118
101
75
71
58
58
52
50
32
16
13
-8
1
6
-10
-10
-24
-36
-44
-51
-70
-51
-63
-60
-58
-51
-53
-76
-76
-76
-77
-94
-90
-95
-95
-80
-75
-99
-86
-74
-84
-79
-86
-71
-46
-28
-33
-6
4
3
14
19
19
32
53
79
106
112
112
104
113
110
114
129
139
144
142
124
98
96
96
94
95
102
114
141
161
165
170
180
173
177
197
199
185
179
186
183
184
189
185
174
194
208
199
192
189
183
197
192
187
183
159
164
169
172
175
182
185
166
164
155
120
99
88
103
108
102
91
75
57
33
29
20
13
5
-6
-37
-48
-54
-57
-77
-94
-102
-114
-110
-97
-94
-109
-106
-102
-97
-96
-98
-91
-69
-49
-48
-55
-63
-78
-78
-74
-73
-71
-60
-46
-39
-31
-18
-11
-3
-4
6
17
26
50
96
92
77
98
89
108
115
122
116
117
127
113
96
98
105
102
125
116
121
130
143
151
172
193
164
136
128
128
132
157
194
217
199
214
209
204
211
224
260
283
290
271
269
264
275
286
288
287
279
250
252
260
286
301
281
266
254
285
292
322
331
311
283
274
271
253
260
249
219
183
186
172
148
127
106
99
94
96
97
90
86
86
105
103
89
87
74
77
92
93
104
124
140
133
122
118
104
103
129
152
163
155
145
133
118
124
138
157
177
188
186
189
173
190
218
248
269
260
268
280
294
298
292
282
254
257
269
280
272
252
234
211
207
211
222
219
226
216
223
226
219
231
244
260
269
265
251
242
258
259
261
266
276
279
291
303
293
294
281
274
269
264
268
285
290
278
285
289
290
289
267
246
237
232
232
258
285
288
271
267
262
271
284
292
295
311
332
341
347
364
384
398
402
403
410
412
406
397
408
424
437
426
426
432
434
433
420
419
426
435
443
441
431
421
424
438
434
419
406
387
379
385
385
396
400
404
399
391
381
373
395
407
407
402
391
393
397
405
408
406
410
421
446
444
441
431
437
434
436
438
441
449
459
469
468
487
480
469
484
479
465
451
463
470
470
473
449
439
443
452
451
436
409
391
395
399
413
417
426
414
407
419
407
427
430
445
450
443
455
470
492
508
510
510
512
517
537
546
553
557
561
563
568
568
585
617
623
628
608
604
628
654
653
645
666
678
684
671
653
656
634
635
635
626
619
610
610
595
596
591
591
576
575
553
546
556
556
537
538
556
556
550
545
549
552
556
554
553
566
576
578
563
546
546
550
552
561
577
559
539
538
529
521
506
497
491
510
540
546
549
554
525
508
517
516
503
494
497
506
499
489
490
499
509
521
499
463
454
460
482
480
467
471
487
502
506
516
499
474
468
471
500
507
540
558
555
556
554
582
612
624
610
614
611
602
607
594
587
578
562
557
548
537
527
526
523
519
520
514
502
490
492
488
480
476
479
472
465
460
447
444
439
445
438
431
416
392
379
364
368
374
385
385
376
352
335
329
334
335
319
322
326
337
314
293
280
256
245
244
251
263
273
268
242
211
183
182
209
203
178
156
127
114
107
105
97
83
64
48
52
55
66
62
65
73
74
68
74
99
105
110
119
137
144
151
154
155
148
153
150
142
151
161
169
171
175
163
158
160
159
172
171
161
175
186
194
191
188
169
150
157
167
172
164
157
163
165
143
134
142
158
156
154
142
130
119
114
120
112
108
101
105
115
115
103
108
108
75
66
51
20
-4
-9
-12
-15
-19
-42
-58
-73
-99
-119
-140
-159
-158
-156
-147
-156
-153
-129
-142
-162
-164
-171
-157
-153
-141
-141
-152
-164
-174
-162
-163
-158
-149
-154
-155
-171
-183
-176
-165
-172
-190
-196
-195
-189
-172
-164
-176
-184
-201
-221
-222
-209
-218
-221
-220
-211
-210
-225
-232
-249
-246
-241
-248
-256
-254
-231
-208
-183
-178
-177
-180
-188
-175
-165
-149
-123
-137
-134
-132
-121
-107
-129
-144
-152
-159
-153
-141
-141
-139
-133
-135
-141
-135
-130
-130
-122
-108
-109
-112
-100
-91
-100
-104
-102
-107
-102
-105
-101
-120
-114
-107
-128
-124
-141
-154
-149
-140
-115
-105
-112
-138
-152
-151
-162
-160
-148
-160
-168
-170
-164
-158
-173
-173
-183
-192
-183
-178
-186
-194
-200
-201
-197
-197
-212
-233
-253
-261
-258
-246
-241
-261
-270
-270
-280
-274
-252
-252
-249
-248
-238
-234
-231
-223
-221
-233
-238
-212
-189
-188
-194
-200
-201
-195
-215
-204
-202
-193
-192
-192
-187
-199
-197
-194
-194
-199
-227
-241
-228
-203
-198
-190
-187
-201
-186
-158
-134
-129
-111
-121
-142
-147
-151
-154
-165
-166
-167
-188
-204
-224
-232
-248
-258
-254
-249
-244
-244
-245
-256
-258
-246
-225
-228
-244
-262
-253
-239
-242
-235
-215
-196
-189
-190
-213
-238
-257
-247
-229
-244
-255
-285
-312
-316
-311
-311
-320
-332
-353
-347
-331
-325
-317
-319
-322
-328
-331
-319
-318
-323
-322
-316
-316
-317
-317
-328
-330
-337
-342
-335
-336
-316
-299
-286
-288
-300
-307
-298
-285
-265
-257
-243
-233
-237
-242
-261
