53
82
106
119
121
123
115
126
142
100
56
43
46
52
46
7
-24
-1
16
36
45
25
19
41
63
62
79
106
116
93
66
54
53
55
41
23
55
87
81
91
119
105
72
85
82
83
86
84
42
1
0
33
37
31
56
88
65
34
59
26
-24
-76
-107
-95
-91
-79
-102
-69
-66
-88
-87
-67
-23
-16
-19
-12
3
-34
-29
-11
34
31
-16
-32
-32
-42
-58
-57
-49
-58
-66
-73
-82
-98
-117
-120
-159
-176
-184
-188
-176
-166
-163
-154
-141
-136
-139
-171
-209
-214
-207
-198
-219
-232
-219
-214
-223
-199
-189
-172
-152
-195
-197
-195
-150
-161
-180
-187
-209
-215
-223
-196
-180
-140
-101
-102
-114
-131
-115
-153
-147
-111
-88
-133
-136
-91
-84
-94
-104
-63
-62
-88
-124
-142
-133
-143
-140
-131
-130
-128
-180
-242
-235
-237
-250
-263
-230
-214
-199
-181
-173
-152
-167
-202
-213
-207
-219
-195
-164
-130
-108
-89
-100
-88
-82
-94
-53
-22
-44
-63
-39
-39
-51
-52
-54
-59
-77
-94
-111
-139
-159
-181
-176
-154
-152
-156
-118
-78
-67
-73
-106
-90
-66
-46
-55
-77
-108
-130
-115
-117
-112
-121
-116
-109
-106
-123
-125
-126
-118
-72
-106
-134
-138
-100
-109
-121
-147
-155
-134
-126
-83
-80
-68
-70
-67
-69
-67
-93
-73
-49
-53
-39
-49
-58
-72
-59
-76
-60
-37
-31
-19
-26
-40
-60
-116
-99
-76
-77
-98
-92
-63
-20
-4
-69
-53
-18
-7
-12
-10
-21
6
17
32
50
48
36
21
55
88
79
90
97
112
127
151
157
129
122
102
114
116
125
74
8
9
-15
-42
-60
-23
7
10
-21
-56
-58
-29
-22
-27
-24
-1
45
73
80
66
60
63
77
127
123
131
166
191
172
119
162
163
188
186
183
153
141
169
178
185
202
199
185
192
198
224
190
164
129
110
89
71
64
50
59
45
-4
-13
5
-22
-21
10
40
24
-7
-16
3
2
13
43
72
71
83
57
15
20
4
31
70
88
104
112
140
124
88
68
64
63
52
70
51
10
-15
-17
-49
-77
-104
-118
-104
-87
-108
-125
-125
-112
-88
-139
-139
-123
-99
-116
-112
-107
-120
-101
-116
-95
-83
-103
-124
-121
-87
-60
-64
-51
-40
-63
-90
-75
-66
-38
-37
-48
-37
-49
-66
-57
-35
-36
-20
-6
-9
-17
-18
-30
-79
-99
-90
-65
-36
-10
-21
-34
-38
-22
17
57
81
70
43
45
66
68
80
91
96
90
90
123
130
108
122
110
108
102
84
97
70
32
10
43
51
28
21
26
17
4
-14
-18
15
26
1
13
9
2
-8
-12
0
20
19
-53
-76
-67
-44
-72
-84
-77
-66
-15
-40
-67
-70
-70
-61
-57
-56
-28
-25
-32
-34
-46
-27
-25
-16
-43
-70
-59
-24
3
-15
-27
-25
-25
-34
-46
-35
-31
-18
-51
-103
-113
-125
-83
-93
-94
-123
-142
-149
-157
-141
-164
-152
-127
-121
-117
-115
-122
-76
-24
-45
-87
-64
-42
-21
-9
4
-4
-26
-14
-20
-18
-24
-21
-14
-40
-65
-63
-44
-49
-32
-11
-30
-15
-26
-56
-94
-128
-136
-120
-119
-135
-100
-89
-66
-71
-59
-45
-41
-61
-61
-42
-36
-26
-36
-22
-17
-10
-10
-3
-7
-10
-10
-6
-10
-3
7
25
19
-20
-18
-2
-12
-7
-4
-13
-8
4
20
11
-7
-4
5
-10
-20
-11
-19
-39
-35
-22
6
4
-25
-27
-16
-24
-54
-25
-5
0
20
38
42
69
81
84
109
97
40
-1
31
28
30
5
-49
-68
-62
-37
-16
-25
-49
-54
-64
-20
11
25
34
17
3
3
0
-53
-75
-102
-131
-121
-120
-107
-93
-109
-106
-72
-90
-98
-80
-36
-28
-22
31
4
4
7
14
11
5
1
-22
-23
1
-7
-27
-31
-23
-10
0
15
6
10
-48
-103
-111
-77
-37
-15
-5
21
-8
-19
-7
-19
-32
-43
-3
7
1
-15
-21
-30
-33
-1
25
37
69
90
99
95
59
64
65
60
61
61
83
83
120
139
101
97
74
33
9
29
50
63
68
58
26
9
30
33
85
147
158
159
152
129
119
131
141
135
134
137
124
127
93
74
78
61
55
46
43
54
76
107
162
195
215
223
210
221
241
261
276
257
197
159
147
156
181
187
151
142
144
145
162
170
164
144
144
140
145
145
142
179
209
227
191
148
167
190
180
142
141
172
182
177
179
183
156
157
162
158
139
108
132
146
123
107
121
152
146
149
157
187
186
184
188
166
158
132
145
167
170
164
183
194
179
145
129
133
109
119
136
147
164
175
178
194
183
140
124
104
88
118
118
100
79
59
64
68
71
64
20
6
-21
-48
-46
-39
-67
-73
-55
-20
5
25
57
53
45
18
43
57
61
48
31
-10
-17
-16
-22
-42
-40
-6
-20
-14
-24
-68
-95
-71
-40
-25
-32
-65
-65
-60
-27
-9
-32
-43
-66
-41
-32
-62
-80
-56
-53
-47
-71
-85
-67
-54
-64
-69
-88
-118
-110
-108
-120
-90
-49
-57
-62
-70
-82
-97
-80
-59
-18
-12
-14
9
2
17
6
-13
-16
-24
-28
-39
-40
-59
-52
-43
-61
-62
-55
-67
-78
-65
-83
-115
-134
-143
-126
-146
-114
-120
-126
-105
-135
-112
-100
-99
-103
-109
-158
-168
-167
-147
-151
-160
-139
-154
-175
-186
-166
-143
-126
-134
-139
-126
-80
-45
-43
-40
-57
-69
-83
-95
-93
-92
-118
-107
-83
-81
-113
-117
-111
-146
-163
-183
-159
-169
-149
-166
-199
-183
-191
-199
-189
-187
-201
-210
-199
-178
-173
-187
-194
-194
-213
-211
-216
-212
-239
-277
-283
-264
-261
-265
-239
-247
-254
-245
-226
-221
-245
-253
-247
-243
-268
-261
-252
-220
-224
-242
-237
-235
-232
-236
-232
-213
-188
-194
-185
-131
-119
-107
-93
-106
-131
-131
-128
-170
-172
-196
-224
-213
-195
-182
-190
-198
-211
-208
-198
-193
-180
-158
-141
-158
-175
-171
-167
-130
-104
-115
-156
-188
-207
-205
-229
-228
-230
-241
-242
-245
-256
-254
-256
-285
-279
-290
-289
-282
-298
-309
-290
-247
-215
-197
-168
-159
-180
-166
-150
-154
-178
-163
-153
-132
-103
-98
-81
-75
-59
-89
-116
-117
-120
-122
-122
-111
-116
-121
-145
-133
-103
-83
-104
-111
-106
-112
-103
-98
-101
-91
-66
-91
-91
-82
-97
-120
-156
-151
-180
-213
-188
-173
-172
-195
-219
-214
-194
-178
-177
-173
-178
-185
-171
-178
-156
-139
-136
-134
-130
-115
-94
-76
-28
-21
-25
-23
-20
-16
-17
16
27
6
-13
-14
-16
-14
-30
-19
-31
-57
-65
-68
-54
-48
-26
-13
-27
-45
-49
-55
-53
-61
-81
-106
-124
-151
-180
-161
-140
-133
-96
-77
-69
-77
-83
-83
-87
-76
-64
-58
-75
-45
-18
24
34
5
-3
5
-3
-21
-27
-12
21
13
5
3
-12
-24
-13
-34
-59
-44
-70
-62
-15
-3
-24
-11
-12
-45
-67
-66
-60
-52
-48
-59
-68
-67
-68
-59
-46
-24
-7
12
-7
-40
-48
-62
-89
-87
-77
-86
-65
-58
-36
-15
18
43
33
30
29
23
17
24
19
17
-2
-40
-67
-126
-143
-139
-131
-108
-80
-73
-82
-62
-54
-66
-66
-53
-45
-59
-57
-51
-72
-72
-65
-22
-16
-42
-51
-81
-112
-134
-145
-149
-112
-98
-71
-69
-66
-58
-48
-62
-95
-101
-119
-106
-100
-64
-54
-74
-95
-105
-135
-141
-113
-94
-61
-65
-74
-92
-109
-113
-105
-85
-106
-106
-114
-98
-93
-113
-127
-107
-86
-77
-73
-67
-74
-90
-38
-11
-15
-27
-40
-64
-61
-33
-39
-38
-43
-50
-57
-78
-120
-131
-118
-110
-80
-66
-72
-78
-77
-85
-57
-46
-8
-16
-14
6
5
-6
-29
-11
-3
6
8
20
34
32
5
-3
11
-11
-25
-41
-48
-18
9
24
-19
-87
-143
-171
-178
-161
-149
-147
-155
-214
-241
-222
-184
-137
-134
-155
-196
-204
-181
-181
-166
-135
-136
-156
-154
-191
-216
-209
-213
-223
-231
-224
-190
-167
-165
-138
-142
-160
-153
-133
-112
-150
-157
-149
-129
-93
-97
-104
-127
-112
-90
-76
-81
-84
-101
-127
-139
-163
-172
-168
-159
-172
-210
-198
-181
-177
-173
-173
-187
-202
-205
-163
-108
-94
-79
-99
-138
-146
-129
-114
-118
-114
-110
-112
-118
-98
-82
-69
-50
-86
-85
-92
-89
-72
-51
-27
-4
26
28
-4
-36
-31
-26
29
70
108
122
119
134
139
162
192
206
168
121
95
87
71
79
62
41
43
39
45
72
87
48
20
24
11
24
59
60
67
52
42
22
9
-20
-29
-76
-79
-97
-101
-91
-95
-70
-65
-39
-39
-30
-20
-22
-3
19
15
36
47
35
38
43
18
-21
-34
-32
-85
-111
-89
-99
-77
-66
-72
-77
-88
-51
-71
-67
-61
-76
-61
-75
-78
-101
-117
-119
-88
-62
-64
-84
-115
-118
-109
-105
-75
-66
-26
-3
-3
10
14
28
37
48
37
4
-30
-8
-9
-24
-31
-28
-27
-30
-44
-66
-65
-33
-19
-19
-26
-28
-15
-27
-28
-2
5
1
-3
-16
-20
-58
-82
-89
-68
-40
-58
-77
-96
-81
-76
-87
-73
-101
-123
-108
-101
-63
-57
-75
-70
-24
6
-35
-46
-79
-106
-105
-111
-127
-115
-86
-81
-84
-85
-71
-62
-69
-97
-115
-111
-83
-58
-74
-78
-66
-45
-40
-61
-96
-120
-136
-149
-114
-91
-90
-80
-72
-56
-50
-39
-13
-25
-32
-46
-50
-37
-41
-25
16
22
14
3
7
36
30
30
28
49
43
35
21
3
-5
-1
6
28
35
11
5
-5
-19
-26
5
16
26
51
51
29
7
17
-3
-6
32
51
44
37
50
59
50
57
77
92
91
42
52
53
42
71
79
85
69
62
55
37
38
32
29
-8
-20
-7
7
35
44
52
67
77
74
45
29
40
23
22
-1
-20
-24
-18
-25
-31
-3
18
42
45
18
-24
-30
-36
-42
-48
-51
-90
-87
-50
-18
-1
7
-6
-27
-50
-70
-77
-86
-71
-27
1
13
10
13
-10
-53
-34
-24
-4
-10
-44
-67
-75
-56
-61
-60
-31
-31
-33
-52
-48
-8
16
10
-18
-31
-15
-4
-8
-10
-3
12
-8
4
15
13
1
-27
-24
-7
3
-4
12
27
40
31
40
28
32
45
48
34
28
32
40
52
82
111
135
122
76
74
60
91
80
88
113
116
77
35
18
-4
4
8
12
-31
-48
-46
-28
-12
-12
-28
-28
-18
-3
-20
-40
-39
-43
-71
-101
-95
-91
-99
-103
-110
-136
-135
-123
-117
-121
-108
-62
-48
-43
-27
-37
-28
-29
-75
-108
-135
-122
-120
-155
-146
-153
-162
-149
-106
-116
-144
-120
-142
-158
-179
-173
-160
-149
-120
-99
-116
-111
-108
-88
-78
-93
-111
-124
-98
-90
-74
-62
-61
-62
-88
-105
-107
-101
-112
-94
-49
-30
-42
-51
-37
-35
-47
-75
-83
-79
-59
-38
-12
-15
-7
-14
-21
-21
-31
15
48
86
96
94
99
115
130
134
109
95
89
70
50
65
76
67
79
71
78
66
78
93
100
85
75
78
83
53
55
63
54
57
66
55
9
28
36
86
110
91
107
119
101
93
83
112
145
154
155
160
178
161
156
145
150
143
131
133
130
111
104
98
91
83
67
71
42
2
-7
-15
-16
6
25
38
40
30
41
46
40
53
57
40
42
46
15
-5
-6
-22
-40
-14
13
16
14
6
-15
-8
14
42
74
71
34
5
-4
-13
-7
10
3
-1
2
-20
-23
-28
-44
-71
-93
-82
-81
-99
-92
-61
-54
-65
-53
-61
-90
-134
-126
-94
-74
-60
-35
-17
-14
11
3
5
26
22
-20
-45
-43
-28
-20
27
54
51
29
39
37
0
17
7
-9
-30
-11
-1
-6
-7
-2
-8
-35
-21
9
30
15
41
55
57
53
20
-5
21
69
115
132
105
68
37
51
59
72
67
33
31
35
11
-22
22
54
55
28
4
13
40
64
93
106
92
109
138
152
138
104
87
48
20
15
2
-14
-9
-14
-24
-27
-25
-43
-90
-113
-96
-56
-17
-2
0
-3
-8
-9
-26
-52
-33
23
46
50
80
81
48
-6
-59
-77
-100
-77
-35
37
72
60
52
30
4
-5
-20
-23
-9
-3
-21
-43
-45
-36
-24
-42
-85
-94
-77
-79
-94
-101
-106
-129
-138
-132
-125
-117
-118
-114
-110
-109
-93
-71
-91
-103
-121
-159
-161
-135
-116
-102
-79
-72
-51
-49
-98
-148
-165
-168
-157
-148
-156
-174
-197
-214
-252
-266
-257
-272
-292
-324
-365
-345
-333
-329
-316
-293
-292
-303
-302
-306
-288
-292
-258
-242
-248
-237
-235
-226
-225
-232
-219
-211
-213
-230
-238
-216
-198
-210
-209
-213
-223
-216
-207
-233
-277
-282
-286
-283
-267
-267
-241
-218
-222
-242
-243
-222
-202
-206
-260
-274
-272
-271
-270
-294
-335
-335
-334
-306
-272
-262
-255
-282
-271
-266
-272
-276
-294
-310
-294
-281
-273
-282
-330
-349
-314
-263
-256
-258
-266
-257
-258
-272
-272
-245
-228
-255
-267
-284
-273
-280
-250
-199
-167
-186
-193
-192
-202
-172
-183
-192
-162
-135
-144
-136
-132
-128
-136
-147
-161
-168
-176
-183
-198
-221
-204
-203
-190
-223
-261
-274
-279
-275
-255
-209
-220
-238
-250
-263
-261
-255
-252
-251
-247
-228
-217
-245
-261
-285
-313
-342
-355
-344
-327
-333
-355
-358
-363
-388
-386
-362
-392
-406
-401
-391
-374
-406
-417
-404
-373
-359
-322
-314
-317
-334
-381
-407
-402
-395
-366
-344
-347
-342
-365
-373
-369
-369
-380
-374
-372
-381
-388
-348
-310
-272
-246
-265
-286
-277
-289
-301
-291
-307
-315
-318
-317
-335
-347
-343
-348
-361
-341
-303
-292
-289
-284
-275
-270
-254
-249
-232
-220
-244
-232
-238
-230
-243
-212
-198
-228
-210
-187
-130
-152
-221
-216
-243
-273
-255
-224
-233
-264
-277
-280
-278
-236
-208
-191
-185
-168
-154
-152
-158
-169
-143
-113
-70
-47
-47
-83
-96
-79
-59
-69
-94
-118
-130
-140
-151
-138
-106
-99
-74
-68
-64
-57
-82
-90
-91
-65
-68
-78
-85
-110
-117
-98
-68
-30
-25
-15
-28
-53
-72
-80
-82
-108
-110
-139
-168
-168
-179
-216
-241
-250
-274
-289
-293
-286
-256
-245
-259
-254
-262
-279
-291
-324
-325
-318
-332
-340
-345
-336
-313
-273
-247
-244
-248
-249
-258
-298
-307
-297
-292
-293
-273
-273
-283
-240
-211
-220
-236
-249
-292
-301
-285
-299
-293
-266
-253
-240
-242
-244
-209
-218
-189
-205
-231
-196
-171
-160
-165
-131
-103
-121
-131
-132
-112
-109
-102
-91
-67
-44
-53
-52
-19
-7
-7
12
23
30
10
1
-3
-1
21
39
50
38
38
57
64
71
55
47
30
27
61
80
90
93
84
71
67
65
84
103
110
86
85
107
103
106
100
105
102
139
154
162
164
143
124
88
90
80
57
54
65
77
93
92
77
54
78
84
69
91
111
115
149
158
148
135
95
81
84
79
50
22
16
6
18
19
0
10
-12
-1
19
27
29
49
50
25
13
14
55
62
63
46
39
41
51
92
103
96
82
69
66
75
83
39
7
4
-5
-28
-21
44
72
83
50
-13
-35
-28
-17
-32
-48
-62
-71
-74
-77
-103
-97
-78
-43
-13
22
61
86
98
90
93
107
148
149
140
149
126
97
82
81
87
97
80
46
-7
13
71
84
91
58
25
13
42
99
139
169
141
94
88
94
115
138
145
139
138
136
149
143
133
103
94
107
125
141
147
151
149
146
139
149
169
180
170
136
128
145
144
129
101
81
45
59
101
111
139
121
101
129
157
221
219
199
174
166
169
156
181
204
200
187
155
114
102
118
156
153
175
171
181
170
152
203
216
212
195
201
224
248
212
199
185
192
205
187
228
250
214
208
191
180
200
210
226
229
236
254
301
320
332
324
286
291
311
337
375
395
427
459
465
434
409
364
313
310
320
318
330
325
322
331
346
330
289
298
310
336
368
381
386
367
359
374
360
334
324
313
306
285
303
293
297
322
341
385
426
434
407
368
340
349
336
331
335
313
300
315
326
348
362
372
373
364
347
342
359
347
330
321
333
324
304
317
290
277
267
264
265
281
297
296
297
246
217
183
187
195
198
175
178
172
180
176
155
155
157
184
180
213
285
289
286
278
254
237
208
205
192
202
203
191
171
150
168
171
167
181
177
159
133
110
125
116
89
59
67
98
80
49
47
48
24
-7
-25
-48
-58
-52
-47
-34
-18
1
7
6
16
12
13
2
4
15
15
20
5
-14
12
50
49
38
35
66
93
99
99
98
111
123
101
101
111
112
119
90
57
17
3
9
6
-25
-34
-25
-14
-17
-20
-11
0
25
38
59
68
80
98
126
122
114
125
65
9
30
36
26
30
54
66
74
77
56
26
12
-5
5
26
-25
-41
-25
-12
-7
-13
-4
-3
-5
-9
-20
3
39
52
46
52
31
26
58
48
60
49
45
44
51
63
67
92
116
116
106
131
167
131
103
106
113
141
157
141
126
113
112
124
103
116
107
120
137
128
135
151
155
159
163
172
170
162
140
119
122
95
89
74
72
59
65
79
73
89
99
89
60
60
85
97
94
77
62
46
34
68
67
71
90
60
37
33
51
36
71
86
91
73
103
130
123
130
150
176
153
147
141
123
102
116
129
108
100
80
60
44
35
44
12
-3
7
33
28
-2
-15
-27
-30
-46
-63
-44
-12
-20
-6
10
-17
-39
-45
-25
-43
-37
-6
21
23
3
-19
-39
-35
-17
-5
31
74
76
49
59
50
28
0
-26
-8
19
59
74
52
36
24
1
-3
3
3
17
51
31
20
2
18
51
27
38
67
52
51
36
21
24
49
66
71
100
90
116
115
102
87
58
30
13
-3
-18
-13
32
30
49
61
55
50
41
38
24
24
9
-4
-6
-29
-14
-8
-4
12
22
5
-4
-11
-36
-22
-34
-24
-40
-29
4
12
32
69
49
7
-27
-23
-24
-15
-18
-27
-37
-48
-37
-41
-35
-55
-74
-51
-56
-38
-10
-6
12
-17
-35
-38
-4
0
16
3
-32
-51
-80
-85
-99
-102
-99
-80
-48
-5
-18
-31
-6
-2
7
20
24
-1
-1
-17
-19
-5
-43
-36
-59
-61
-44
-55
-38
2
39
21
-9
-2
15
38
50
29
-7
-36
-55
-45
-20
-20
-20
10
16
7
-34
-46
-5
14
23
25
16
0
0
8
25
11
7
59
82
73
76
114
110
76
59
21
27
52
62
62
55
52
59
88
105
116
126
111
104
131
155
144
136
126
100
101
128
115
101
97
127
152
122
110
107
99
103
80
69
64
67
93
110
140
172
172
116
99
118
113
90
83
87
113
145
146
145
140
139
156
149
164
152
130
133
144
148
138
112
91
95
132
170
179
179
138
123
129
144
140
132
123
120
105
76
78
65
72
47
42
50
35
26
22
78
61
25
2
-36
-29
-12
-22
-1
52
61
47
60
74
81
111
123
141
162
126
99
108
143
153
131
125
121
117
84
54
84
78
67
70
47
33
18
28
37
62
47
10
-16
11
64
99
126
129
109
106
128
146
171
135
104
107
104
107
90
75
98
79
43
12
-27
-31
-21
-6
33
41
33
32
25
-5
-22
-32
-30
-4
6
4
-10
4
19
-10
-39
-54
-43
-38
-2
7
10
7
33
70
66
59
45
64
55
44
-23
-65
-85
-105
-86
-78
-47
-44
-74
-95
-115
-118
-124
-83
-94
-126
-145
-126
-109
-95
-74
-74
-41
-37
-55
-72
-66
-75
-95
-99
-95
-98
-68
-50
-37
-35
-31
9
15
25
30
13
13
9
-13
-45
-75
-98
-111
-119
-125
-135
-97
-95
-89
-99
-116
-130
-119
-105
-137
-123
-117
-115
-90
-79
-80
-94
-79
-94
-101
-61
-47
-20
-5
-13
-29
-37
-15
-12
-13
-24
-6
-5
-35
-53
-45
-23
-19
-15
7
50
58
22
10
43
42
8
1
-8
5
22
38
44
63
68
77
105
127
149
149
168
165
199
218
230
225
207
198
168
169
158
159
145
157
162
146
142
143
136
173
208
227
256
237
237
249
266
241
238
275
287
326
279
244
264
231
216
208
201
188
198
206
218
242
240
234
221
217
202
165
187
236
235
224
211
210
234
239
255
250
244
238
197
188
197
189
182
158
138
185
190
198
189
180
189
200
205
196
201
210
239
241
244
262
243
205
153
145
123
104
93
77
67
60
53
47
86
67
91
91
86
84
91
91
94
74
53
79
88
65
49
63
62
43
2
-12
-15
-4
-11
-19
-18
-30
-6
-14
-4
13
25
41
29
10
5
11
-4
-6
0
-5
-7
-16
-27
-36
-78
-84
-84
-113
-125
-136
-112
-92
-102
-89
-118
-107
-92
-95
-78
-83
-33
5
21
16
21
22
-11
-35
-33
7
24
17
8
0
-16
-17
-16
-16
-6
0
15
38
59
69
76
76
81
99
122
142
164
186
179
154
125
115
121
111
88
94
86
69
68
47
60
31
28
31
52
66
79
83
69
86
84
146
155
148
127
142
143
152
186
208
216
205
208
210
178
142
126
103
90
80
69
56
31
33
50
43
20
30
58
44
71
87
70
48
35
50
34
26
9
-7
-5
-24
-44
-31
-10
-17
-11
8
4
11
5
6
15
38
68
62
68
32
11
13
-16
-18
-26
-32
-59
-77
-84
-98
-90
-80
-66
-58
-39
-35
-18
-27
-55
-62
-60
-52
-78
-62
-71
-70
-63
-50
-72
-70
-42
-59
-53
-47
-27
-16
-33
-69
-62
-23
-28
-42
-73
-117
-127
-126
-124
-159
-150
-119
-111
-99
-110
-122
-107
-98
-108
-94
-88
-95
-108
-117
-97
-117
-114
-126
-127
-124
-156
-200
-238
-220
-211
-195
-183
-182
-162
-136
-155
-168
-181
-185
-146
-105
-82
-101
-111
-116
-126
-133
-137
-146
-145
-146
-146
-160
-177
-166
-146
-169
-176
-151
-139
-120
-111
-102
-143
-142
-135
-121
-116
-151
-143
-163
-135
-147
-154
-144
-144
-169
-160
-166
-175
-157
-158
-155
-157
-143
-140
-150
-164
-170
-196
-205
-230
-228
-204
-172
-174
-171
-177
-164
-125
-131
-145
-188
-192
-180
-156
-147
-163
-144
-143
-194
-205
-192
-183
-182
-228
-255
-254
-242
-219
-237
-273
-266
-229
-210
-214
-201
-216
-219
-222
-215
-222
-220
-201
-214
-231
-254
-257
-276
-274
-263
-262
-263
-252
-252
-235
-220
-181
-173
-197
-241
-255
-207
-167
-119
-131
-151
-177
-169
-151
-111
-49
-38
-31
-27
-50
-72
-75
-99
-122
-116
-124
-134
-143
-139
-118
-91
-71
-99
-87
-63
-62
-45
-29
-18
31
68
65
76
50
43
43
63
56
47
51
41
36
62
95
101
97
92
89
118
154
151
138
146
140
109
99
103
125
155
184
186
172
168
184
215
230
216
185
180
166
171
195
166
150
133
107
125
123
82
68
78
76
95
77
40
35
65
77
79
74
49
22
-29
-44
-23
4
55
77
65
46
24
49
43
75
82
61
34
52
57
56
65
86
116
105
92
41
-1
-26
-10
-17
-62
-68
-72
-83
-118
-151
-164
-170
-163
-204
-199
-167
-167
-124
-121
-116
-103
-112
-89
-86
-107
-118
-142
-141
-126
-151
-152
-126
-118
-108
-90
-83
-78
-95
-114
-143
-151
-146
-140
-106
-102
-90
-100
-112
-132
-153
-145
-140
-147
-158
-138
-131
-119
-108
-103
-89
-110
-108
-90
-61
-71
-54
-38
-49
-47
-60
-60
-40
-20
-26
-3
43
74
66
73
90
118
121
96
100
109
142
146
152
162
158
160
141
154
159
178
214
219
214
196
215
211
212
202
175
163
162
186
171
172
193
207
219
212
202
230
227
214
205
217
200
222
237
220
197
189
190
174
182
185
191
165
155
159
132
110
107
109
124
140
146
148
168
163
180
185
178
230
232
201
157
121
134
128
131
128
94
86
107
135
125
111
125
129
108
88
95
101
103
95
93
81
66
50
41
40
50
78
104
110
112
90
71
63
45
49
29
24
20
16
13
-4
-10
-37
-66
-60
-77
-70
-46
-9
3
-47
-28
-18
-2
-45
-62
-66
-78
-66
-57
-47
-50
-60
-67
-50
-32
-32
-54
-40
-42
-44
-62
-66
-64
-36
-23
-17
-7
-44
-78
-86
-65
-68
-72
-49
-17
-10
-5
7
2
10
8
1
-16
-16
7
7
-40
-56
-55
-81
-76
-69
-78
-87
-72
-81
-94
-91
-78
-78
-68
-47
-35
-50
-54
-43
-51
-29
-32
-16
-49
-111
-127
-143
-111
-127
-129
-99
-96
-85
-64
-61
-83
-116
-115
-108
-104
-110
-116
-89
-84
-93
-100
-97
-85
-83
-112
-126
-141
-158
-153
-148
-158
-151
-148
-174
-204
-204
-218
-226
-229
-225
-217
-240
-224
-212
-237
-242
-251
-249
-246
-206
-194
-187
-166
-184
-171
-166
-169
-189
-171
-155
-171
-194
-240
-250
-268
-287
-274
-228
-201
-200
-182
-216
-237
-246
-269
-298
-295
-301
-289
-280
-286
-281
-275
-281
-295
-279
-299
-312
-300
-326
-322
-305
-320
-337
-351
-319
-315
-318
-315
-292
-262
-260
-224
-239
-230
-206
-229
-219
-208
-176
-145
-159
-174
-189
-200
-210
-218
-234
-235
-227
-203
-200
-196
-175
-179
-144
-127
-95
-89
-65
-52
-69
-62
-50
-45
-55
-68
-82
-73
-47
-21
18
56
80
104
99
90
93
122
123
92
63
52
39
21
-10
-27
-3
28
49
43
47
46
50
62
92
92
67
54
35
47
76
67
75
65
28
25
29
55
94
110
113
130
141
151
164
146
117
118
118
130
131
121
100
64
22
9
44
70
51
67
60
86
79
39
37
51
64
76
122
134
149
151
150
135
159
176
183
203
184
180
164
151
104
110
92
91
85
92
96
96
102
83
89
103
133
147
160
158
132
121
124
99
83
79
61
43
34
25
11
16
21
42
55
47
78
91
129
152
127
109
107
127
142
133
141
165
156
134
107
100
98
91
94
116
133
126
114
96
107
103
50
38
59
80
108
111
119
98
72
41
28
13
-8
-26
-35
16
64
71
26
-3
-14
3
27
65
94
91
87
96
101
112
118
108
127
143
141
133
152
176
196
173
140
100
97
110
96
102
103
98
71
65
91
111
103
119
114
104
106
124
123
117
172
199
219
193
156
146
129
139
149
122
125
141
123
116
104
103
139
171
182
185
165
188
190
215
248
243
219
214
211
222
269
302
323
320
305
280
281
261
259
267
247
252
274
285
243
222
222
222
217
199
187
185
172
162
157
145
152
156
152
166
186
208
224
238
263
259
251
283
296
268
239
185
168
172
153
161
178
171
182
166
140
128
129
171
180
169
129
88
70
48
53
44
26
16
13
-13
-19
-10
-4
-6
-19
-2
15
38
55
54
60
48
38
76
141
156
148
150
150
165
169
178
167
128
92
50
39
57
68
64
56
49
0
-1
28
27
32
49
16
-12
-1
14
51
54
36
33
24
14
-33
-20
-10
-26
-15
19
44
42
34
31
55
54
37
28
29
58
51
20
17
11
2
-12
1
16
29
38
48
64
65
47
39
46
73
90
84
45
25
7
-23
-33
-40
-59
-47
-16
-7
-46
-83
-75
-75
-44
-38
-32
-17
-5
21
21
27
37
43
46
54
51
67
87
94
87
81
58
66
88
52
25
28
41
40
28
19
34
16
16
21
26
25
22
3
-12
-22
-31
8
23
15
10
14
21
21
14
33
4
-20
-14
-13
15
25
33
36
51
55
74
92
100
95
106
140
144
148
129
113
116
121
102
78
80
67
57
50
64
73
66
61
65
62
75
100
83
78
94
108
100
80
54
66
73
93
77
67
66
68
79
98
107
132
180
180
191
185
197
225
247
246
225
228
213
225
260
292
279
228
202
216
236
238
234
215
182
140
123
135
171
230
228
221
230
249
240
269
276
288
306
311
326
305
288
275
291
312
320
289
288
290
267
248
272
282
313
329
318
318
296
304
278
263
260
240
250
258
251
245
257
265
246
232
227
213
197
190
176
185
163
163
206
214
206
179
164
109
79
78
101
133
148
155
144
99
40
37
35
34
65
72
72
57
49
36
4
7
13
20
26
-2
17
37
52
79
86
92
83
82
99
117
162
186
166
144
110
118
129
135
141
137
132
133
150
152
162
157
155
138
110
117
120
116
137
160
144
130
110
91
90
96
108
109
95
60
45
35
32
44
63
90
116
104
93
65
49
52
66
98
101
126
126
112
118
114
91
100
97
102
89
75
49
31
42
47
65
81
72
57
55
48
56
48
30
22
49
48
53
62
27
3
-2
-12
7
9
-7
-11
-22
-34
-2
32
50
66
59
67
74
40
27
33
23
28
73
103
105
115
104
81
81
97
121
125
110
107
82
62
65
51
66
64
32
42
21
-4
-33
-30
-34
-25
-17
-37
-38
-38
-13
-6
-4
-14
3
29
37
44
63
85
60
67
87
109
124
151
168
179
168
158
178
178
158
156
165
165
196
200
200
199
222
245
280
315
297
289
283
270
257
246
224
211
181
163
182
211
220
209
221
212
194
190
209
243
281
293
298
324
331
326
318
277
256
248
256
269
274
264
251
255
249
267
267
267
268
276
272
291
292
294
302
289
255
232
251
246
238
224
217
259
277
259
243
217
224
262
294
291
291
284
271
261
253
265
267
279
263
258
242
208
205
256
290
277
249
191
200
195
228
247
256
254
218
219
241
273
289
289
320
332
283
266
234
248
270
269
240
214
203
184
189
179
185
190
197
216
229
217
220
225
223
239
238
206
178
157
154
187
200
194
145
137
128
130
143
155
160
156
177
172
174
172
173
197
191
169
158
186
234
220
206
214
243
264
283
291
300
312
317
288
281
297
291
290
277
252
225
217
227
219
245
245
233
256
275
274
257
267
274
301
294
303
284
239
233
217
235
249
267
284
292
312
324
300
281
261
227
229
233
223
235
213
194
190
178
145
137
143
154
182
191
194
156
136
143
130
138
107
82
59
62
60
64
97
94
98
114
94
116
148
142
131
129
141
140
154
170
164
155
137
124
117
113
98
114
92
72
87
80
67
51
42
2
15
-8
-43
-25
-9
2
28
53
56
64
85
104
96
105
113
125
146
142
162
174
135
120
116
109
151
194
207
227
232
244
259
276
297
290
308
301
277
244
216
211
189
188
163
173
188
187
189
211
216
206
212
229
249
234
229
175
126
109
117
113
128
146
150
125
97
100
102
103
120
160
213
241
262
314
292
277
257
228
228
235
220
201
207
204
184
175
179
174
171
171
170
172
152
148
174
192
221
225
216
198
202
161
129
117
84
77
66
48
25
55
65
68
84
96
95
81
67
80
77
81
83
61
25
36
63
59
38
27
8
-12
-19
-17
-40
-69
-60
-65
-77
-53
-16
-37
-57
-103
-126
-162
-184
-175
-205
-199
-186
-185
-181
-192
-205
-220
-210
-187
-180
-148
-157
-164
-181
-183
-175
-171
-137
-156
-150
-149
-195
-206
-222
-251
-247
-240
-222
-204
-181
-162
-161
-171
-223
-249
-241
-242
-230
-197
-183
-212
-232
-220
-207
-194
-146
-120
-141
-155
-178
-198
-230
-230
-220
-218
-205
-212
-239
-281
-294
-303
-265
-228
-234
-219
-222
-226
-230
-230
-189
-153
-144
-133
-114
-101
-78
-79
-90
-93
-116
-130
-116
-113
-118
-111
-102
-97
-108
-127
-109
-63
-32
-25
-1
24
-4
-21
-31
-26
-27
-43
-23
-4
-3
-36
-23
-13
-13
-5
-5
5
0
15
23
29
30
54
85
123
144
132
97
80
59
38
55
66
82
69
45
43
62
73
64
9
33
75
83
111
92
93
90
91
47
27
15
12
40
36
49
35
21
12
-1
-22
-56
-51
-1
21
28
33
35
6
-10
12
18
-1
-28
-24
0
6
-19
-42
-69
-81
-105
-117
-106
-80
-46
-29
-21
-2
14
-2
-12
-2
6
14
33
62
47
19
1
-5
-21
-22
-19
-26
-17
-17
-7
-10
-1
9
41
56
75
62
22
34
38
39
23
26
2
-29
-32
-50
-84
-126
-135
-121
-105
-98
-83
-67
-59
-31
-5
-22
-41
-53
-60
-41
-40
-36
-14
-14
-24
-33
-59
-75
-49
-73
-74
-49
-60
-63
-102
-102
-82
-93
-78
-64
-75
-97
-90
-73
-64
-32
-19
-32
-46
-38
-16
-9
11
5
12
7
1
2
-34
-26
-32
-27
2
0
-7
-27
-19
-47
-86
-97
-114
-101
-99
-99
-94
-73
-67
-94
-117
-142
-138
-104
-92
-74
-76
-98
-116
-153
-168
-171
-165
-176
-170
-153
-166
-196
-201
-211
-202
-197
-220
-228
-239
-229
-237
-221
-206
-207
-202
-210
-211
-233
-243
-230
-213
-224
-226
-230
-231
-224
-212
-231
-252
-252
-261
-264
-280
-266
-241
-255
-260
-266
-280
-268
-251
-243
-228
-215
-191
-155
-128
-137
-180
-218
-210
-218
-250
-233
-239
-226
-178
-140
-157
-147
-123
-130
-124
-130
-147
-146
-142
-122
-139
-157
-140
-144
-123
-150
-167
-179
-211
-207
-202
-174
-154
-140
-132
-129
-123
-105
-50
-45
-13
3
-15
-16
-48
-70
-53
-30
-20
-46
-93
-102
-95
-98
-95
-76
-75
-45
-45
-15
18
11
16
19
33
25
44
55
61
69
66
59
63
34
1
27
39
68
77
101
108
121
149
133
117
121
143
159
159
178
191
168
174
157
140
132
136
114
99
69
47
69
93
105
89
92
71
57
79
87
81
92
112
135
133
99
72
61
65
92
115
96
98
122
138
128
123
121
118
134
161
153
150
157
147
114
100
90
76
47
47
53
53
58
47
30
-5
-32
-49
-44
-31
-28
4
19
19
31
50
16
17
8
-14
10
7
-18
-26
-34
-64
-78
-65
-68
-63
-77
-114
-109
-114
-104
-92
-76
-65
-52
-30
-32
-25
-41
-73
-109
-133
-134
-133
-179
-231
-242
-227
-191
-183
-186
-212
-248
-257
-250
-268
-255
-202
-171
-132
-123
-130
-134
-132
-132
-129
-126
-151
-160
-164
-150
-162
-188
-204
-203
-188
-184
-171
-175
-192
-192
-176
-179
-151
-103
-81
-96
-104
-97
-91
-116
-130
-157
-196
-225
-245
-259
-272
-253
-247
-256
-240
-242
-237
-202
-184
-191
-202
-206
-200
-167
-169
-187
-187
-189
-178
-145
-151
-138
-136
-145
-164
-169
-163
-173
-154
-155
-140
-148
-170
-176
-175
-187
-181
-169
-167
-179
-190
-169
-183
-205
-221
-205
-192
-183
-189
-213
-227
-221
-226
-234
-223
-233
-247
-220
-219
-215
-225
-266
-291
-297
-301
-269
-236
-236
-240
-259
-283
-290
-307
-335
-329
-345
-332
-338
-326
-322
-319
-318
-328
-319
-342
-327
-294
-261
-249
-263
-269
-273
-278
-283
-287
-282
-316
-358
-375
-396
-410
-430
-441
-407
-389
-374
-387
-404
-416
-417
-396
-346
-322
-327
-297
-296
-317
-353
-350
-333
-314
-344
-350
-338
-335
-267
-225
-213
-246
-284
-292
-271
-211
-174
-179
-190
-205
-222
-192
-181
-196
-177
-157
-165
-161
-170
-202
-203
-222
-196
-173
-146
-120
-140
-129
-132
-140
-161
-178
-180
-185
-187
-210
-250
-254
-252
-233
-226
-241
-223
-226
-235
-210
-202
-229
-223
-229
-224
-216
-202
-204
-190
-163
-157
-122
-98
-95
-94
-119
-161
-190
-227
-232
-210
-196
-197
-215
-204
-218
-210
-200
-142
-94
-89
-84
-71
-93
-130
-128
-159
-181
-221
-220
-216
-224
-226
-244
-247
-258
-258
-239
-218
-176
-153
-131
-129
-109
-89
-93
-117
-144
-133
-149
-130
-160
-167
-144
-150
-133
-143
-154
-157
-146
-138
-118
-111
-105
-99
-84
-79
-108
-129
-146
-162
-136
-140
-178
-213
-220
-192
-187
-179
-184
-198
-196
-217
-249
-222
-228
-242
-236
-211
-226
-194
-139
-131
-133
-161
-168
-151
-142
-118
-90
-98
-91
-86
-86
-92
-98
-114
-130
-131
-138
-150
-158
-164
-170
-156
-135
-129
-130
-118
-107
-88
-123
-102
-76
-58
-45
-64
-75
-66
-43
-57
-59
-64
-52
-46
-47
-29
-27
-24
-33
-21
-6
8
10
-14
7
6
15
18
30
27
28
39
40
35
2
-19
0
27
27
27
14
-21
-13
2
8
25
49
43
39
52
50
19
7
1
-12
1
9
5
-2
-4
-13
-1
37
73
87
84
89
118
125
120
82
70
49
3
-3
-8
-31
-28
-12
-19
-20
-14
-27
-59
-48
-1
21
38
35
18
2
-15
-4
-8
-18
-42
-67
-57
-58
-73
-91
-139
-158
-164
-167
-114
-79
-106
-139
-142
-130
-137
-156
-165
-153
-140
-130
-131
-146
-159
-177
-185
-181
-189
-194
-205
-188
-188
-207
-209
-198
-201
-221
-240
-262
-262
-283
-320
-344
-325
-309
-321
-317
-291
-276
-281
-234
-210
-221
-222
-224
-212
-205
-208
-230
-219
-227
-203
-217
-202
-169
-142
-126
-134
-134
-143
-182
-183
-167
-209
-238
-221
-166
-138
-116
-144
-136
-176
-197
-162
-110
-85
-96
-89
-58
-96
-131
-76
-43
-85
-106
-95
-62
-108
-151
-112
-143
-189
-224
-195
-182
-205
-197
-190
-185
-227
-255
-255
-242
-254
-253
-231
-241
-246
-243
-198
-205
-234
-243
-242
-218
-197
-171
-160
-158
-148
-132
-122
-134
-159
-190
-206
-174
-172
-162
-167
-180
-184
-154
-144
-124
-102
-101
-87
-99
-107
-94
-113
-138
-98
-107
-111
-109
-105
-129
-145
-123
-118
-129
-145
-143
-120
-159
-136
-121
-93
-92
-85
-89
-98
-109
-119
-122
-124
-110
-96
-113
-170
-144
-95
-53
-59
-41
-44
-34
-43
-58
-91
-90
-111
-110
-96
-72
-88
-68
-75
-114
-135
-137
-161
-161
-111
-97
-86
-64
-97
-99
-100
-101
-98
-108
-130
-100
-111
-145
-111
-55
-62
-95
-31
-79
-78
-44
-99
-75
-49
-65
12
-17
-38
18
83
-24
-23
12
28
-53
-37
-22
-49
-13
-3
-31
-16
25
23
38
17
83
133
38
47
132
96
-15
49
81
88
66
87
79
59
134
61
40
70
80
79
48
79
150
63
-7
141
130
21
58
92
46
89
86
20
25
73
25
-5
5
25
3
-63
-38
6
-91
-152
-55
-122
-175
-92
-162
-198
-145
-181
-229
-190
-164
-185
-238
-199
-187
-252
-256
-208
-267
-272
-222
-245
-231
-183
-182
-283
-230
-201
-299
-270
-209
-306
-359
-337
-344
-385
-339
-326
-390
-362
-325
-406
-371
-344
-409
-384
-333
-366
-376
-335
-372
-425
-391
-388
-475
-399
-396
-469
-419
-400
-460
-439
-419
-443
-399
-424
-419
-395
-375
-383
-363
-351
-408
-409
-364
-382
-374
-321
-389
-356
-351
-401
-348
-341
-327
-347
-296
-354
-400
-332
-410
-472
-310
-412
-477
-327
-439
-469
-367
-468
-529
-399
-406
-454
-348
-296
-462
-324
-257
-451
-297
-253
-388
-307
-235
-397
-322
-180
-337
-270
-115
-360
-334
-65
-305
-259
-86
-299
-375
-166
-357
-441
-151
-368
-454
-80
-356
-488
-56
-302
-406
-32
-277
-370
-54
-233
-399
-19
-213
-433
-60
-242
-452
-8
-238
-469
4
-332
-471
-62
-358
-524
-65
-282
-450
10
-232
-384
-3
-237
-436
2
-256
-402
-84
-318
-416
-174
-322
-448
-128
-369
-479
-150
-284
-436
-134
-280
-508
-172
-292
-483
-115
-315
-488
-12
-461
-479
5
-439
-410
9
-298
-395
4
-280
-277
-38
-302
-247
-49
-432
-192
-88
-419
-138
-115
-336
-188
-118
-264
-285
-232
-79
-247
-232
-22
-206
-267
-131
-153
-191
-83
-73
-66
-195
-33
12
-189
-241
-26
-171
-358
-131
-110
-251
-204
-45
-143
-126
13
-89
-148
-44
1
-202
-162
4
-96
-164
-40
-66
-149
-235
-113
-136
-231
-108
-101
-206
-222
-85
-211
-290
-45
-85
-276
-124
-56
-210
-170
-96
-128
-88
-100
-43
-154
-79
-57
-169
-228
-65
-189
-146
-185
-53
-192
-271
-139
-61
-254
-129
-20
-314
-85
-68
-203
-121
38
-207
-95
-137
-54
-236
-216
-96
-278
-362
-112
-237
-317
-170
-247
-228
-136
-182
-103
-24
-86
-196
13
-189
-49
-144
-69
115
-132
-227
184
-168
-201
-28
-186
-170
-148
-183
-257
-148
-199
-254
-325
-59
-316
-188
-138
-279
-216
-182
-202
-146
-248
-30
-246
-208
37
-277
-200
82
-243
-291
41
-89
-247
-80
-4
-196
-145
46
-177
-181
9
-110
-211
-102
29
-280
-227
52
-198
-261
44
-77
-216
-143
-21
-267
-251
37
-235
-242
-89
-208
-352
-177
-183
-269
-309
-140
-189
-445
-117
-140
-410
-179
-195
-287
-244
-159
-82
-289
-61
-48
-341
3
-94
-269
-158
-52
-217
-282
23
-43
-354
-86
63
-528
-116
14
-450
-253
100
-329
-383
89
-64
-349
21
92
-240
-33
72
-182
-68
93
-62
-124
60
67
-106
-98
119
-39
-252
120
34
-315
183
118
-287
130
234
-164
-31
271
-6
-155
231
7
-159
85
87
-228
50
140
-188
-67
124
-30
-279
199
55
-133
83
115
-254
-37
90
-98
-170
155
-158
-186
71
9
-147
-100
286
-245
-127
285
-335
-250
303
-347
-295
234
-191
-309
150
-61
-355
76
70
-243
-117
202
-101
-294
207
-106
-230
127
-159
-285
110
-32
-249
-133
370
-325
-245
287
-295
-79
157
-261
-149
102
-186
-194
-182
325
-318
-118
361
-214
-149
296
-275
-102
241
-85
-234
254
198
-411
235
69
-379
246
47
-273
135
159
-242
-33
227
-74
-307
194
57
-356
197
44
-389
159
122
-399
54
234
-350
-98
291
-285
-228
356
-275
-261
214
-121
-431
56
-131
-425
-107
-50
-422
-264
52
-470
-287
49
-348
-342
-53
-142
-337
-73
41
-400
-123
7
-297
-244
-33
-189
-438
70
-199
-541
263
-406
-431
288
-204
-612
274
35
-690
213
-18
-758
143
-160
-696
74
-21
-804
-149
123
-815
-136
-115
-576
-311
-125
-482
-315
-76
-398
-429
-58
-413
-376
-153
-337
-344
-158
-291
-429
0
-437
-358
-69
-367
-290
-137
-415
-351
-281
-510
-298
-319
-491
-289
-200
-404
-360
-234
-277
-367
-396
-277
-403
-233
-417
-222
-394
-111
-450
-331
-16
-456
-345
-81
-449
-259
-12
-456
-36
6
-494
6
53
-447
-34
256
-464
85
124
-595
231
-67
-504
258
-203
-293
-38
-132
-302
-47
-176
-315
19
-118
-286
10
75
-275
-44
142
-188
-58
190
-181
-111
136
-111
-274
136
-129
-420
336
-184
-508
463
-393
-339
396
-372
-179
227
-71
-292
306
-141
-417
271
-358
-159
206
-308
-46
213
-333
-54
213
-273
203
7
-55
225
-18
-67
252
60
-95
346
-90
-58
295
-178
-106
123
-146
-275
83
-50
-179
-115
-57
82
-201
56
74
-43
-54
170
-82
-35
143
53
-237
398
-236
-160
157
-30
-257
297
-191
-201
360
-176
-165
282
-130
-418
292
-287
-233
186
-136
-228
96
-165
-196
103
-323
188
-218
-272
52
-233
-273
42
-261
-62
-107
-403
8
38
-567
111
97
-689
107
-107
-197
-175
-237
2
-201
-399
43
-99
-306
-87
-398
-21
-63
-347
-78
193
-504
-38
47
10
-149
-41
106
-65
-305
205
75
-469
230
-90
-308
61
-320
79
27
-373
77
-59
-164
-131
-129
92
-367
301
-106
-195
271
-197
-16
93
-265
316
-346
204
109
-367
205
-5
-480
395
-390
-46
77
-225
-31
28
-310
309
-479
56
179
-415
93
119
-155
-38
224
-215
105
-273
215
-119
-249
108
27
-270
119
-125
9
-62
-179
11
119
-262
16
95
-80
-124
218
88
-162
108
143
-170
93
-178
63
-140
-203
193
-297
82
-164
30
74
-244
441
-124
-357
823
-551
250
246
-186
238
-76
-170
500
-534
202
81
-215
276
-340
13
149
-354
90
94
-204
164
-67
92
-45
294
-261
320
29
-71
338
10
-244
600
-325
218
295
-196
195
274
-154
150
417
-294
244
479
-411
597
82
109
237
258
391
-77
250
572
-192
372
401
-33
477
-156
655
51
29
624
159
92
507
235
338
-61
669
88
216
452
157
397
-65
475
219
-174
679
-50
248
306
81
581
-146
464
346
-100
589
-52
638
-125
182
728
-283
378
330
231
105
109
539
-184
266
386
-114
452
-88
437
40
-118
789
-327
178
426
-200
248
92
159
202
-79
353
47
-27
401
149
-94
388
194
80
173
265
-1
413
-6
208
541
-103
371
301
198
214
214
623
-155
403
577
-43
273
150
489
-181
166
724
-325
224
622
-473
301
280
-298
269
-15
131
81
-76
450
-178
75
174
149
-130
99
326
-266
203
199
-141
291
-187
288
31
1
359
-11
196
234
175
252
-173
592
121
-277
754
124
97
-23
465
129
-420
604
195
-269
418
52
93
-30
304
272
126
287
342
319
-81
730
53
-214
703
271
-111
431
446
160
-112
669
46
140
298
292
370
-254
728
377
-429
1023
23
154
384
300
411
-50
521
240
54
389
395
93
166
589
-48
220
495
242
80
313
675
-394
593
293
69
131
375
191
4
537
82
6
521
-31
374
-41
579
316
-304
825
-206
37
542
-285
451
255
-243
374
312
-106
-88
536
-109
86
129
145
257
-511
759
54
-538
1125
-369
-259
854
-118
-277
518
193
-3
-142
396
175
-511
345
174
-515
519
53
-680
878
-602
-4
460
-667
413
-37
-323
361
-465
379
-286
-263
72
-71
-379
-34
171
-508
-150
454
-1063
-24
368
-831
-32
84
-163
-485
29
-99
-310
-138
-28
-212
-517
431
-266
-645
478
-531
-156
-119
-107
-184
-345
221
-357
-313
583
-734
-291
836
-682
-227
433
-157
-605
226
460
-653
385
-162
1
-339
58
318
-936
562
-18
-630
378
156
-782
374
222
-455
245
69
60
-281
378
107
-402
503
98
-285
197
631
-768
447
248
-708
912
-503
404
61
-167
589
-413
-57
619
-589
160
693
-993
587
35
-448
339
44
46
54
89
-242
280
-207
-21
368
-443
366
0
-302
176
327
-564
634
-307
4
560
-776
446
55
-530
597
-339
-97
84
-164
-15
230
-685
637
-141
-615
559
-198
-376
318
-74
-512
618
-465
-177
348
-305
150
-256
106
4
-293
274
-347
-134
156
-156
-277
171
139
-731
262
584
-1132
264
642
-1048
167
307
-456
-156
262
-401
-244
55
-333
203
-742
390
-292
-1067
944
-778
-127
421
-748
223
-236
-347
355
-665
42
182
-569
162
58
-360
-55
-171
79
-189
-41
-228
62
-122
-9
-305
129
-265
-306
256
-640
248
198
-530
176
219
-141
-517
-129
648
-439
-639
1194
-703
-358
394
-279
-186
186
-248
-371
191
218
-649
65
332
-350
-98
-89
407
-305
-121
435
-489
-112
427
-492
-173
180
-120
-251
112
-419
520
-200
-487
380
-221
-113
-148
205
-360
395
-122
-525
620
-251
178
-359
-27
407
-490
-424
572
-84
-389
-15
8
-138
-206
7
-362
325
-195
-238
142
-347
386
-409
-182
680
-342
-542
259
563
-821
-125
357
-153
-585
-261
1094
-994
-525
1171
-852
-246
896
-653
124
99
53
-573
357
525
-1289
249
693
-868
-459
643
-48
-1238
761
-114
-826
272
53
-277
-81
-221
-65
-45
102
-630
497
-75
-593
246
44
-307
-184
110
-357
-1
15
-313
112
-175
-106
-495
191
148
-834
530
-148
-598
580
-788
-65
532
-945
516
212
-424
-91
-236
475
-767
-411
1073
-994
-159
563
-399
-132
144
19
-239
445
-288
-316
684
-430
-298
551
-233
-68
126
-60
147
-169
435
-581
121
868
-654
236
712
-132
-137
264
402
-331
396
395
-135
520
238
-368
787
-43
53
672
-147
690
16
96
990
-777
882
355
-667
1083
78
-30
845
-246
338
277
-145
576
-310
409
552
-784
702
362
-798
383
170
-97
13
149
90
-166
335
100
-285
745
-110
-472
926
-74
-193
478
83
100
190
364
-91
-232
703
-216
-283
653
69
-252
359
383
-1
160
-3
291
531
-137
258
364
172
-277
869
19
-397
823
263
-138
64
862
-240
-357
852
87
-482
522
311
-761
576
459
-372
-52
583
-66
-716
741
169
-481
225
119
-142
43
-136
-122
-159
292
-44
-248
3
28
-155
-186
459
-172
191
-187
-115
788
-413
-115
431
-47
221
13
377
102
-139
137
165
132
289
48
-59
367
325
-74
335
146
219
239
155
633
114
-141
463
11
213
542
176
-34
39
441
-80
-176
884
-24
-195
848
-468
280
50
-398
460
-187
614
-90
-429
628
76
-332
733
125
199
294
-103
947
-184
42
863
-206
550
378
233
640
225
558
641
259
949
314
225
752
456
560
624
434
671
383
380
834
446
799
932
114
819
698
264
621
529
530
580
16
631
373
4
253
380
208
246
158
-119
324
-113
30
272
-18
300
-377
16
206
-178
40
433
235
-104
130
292
-255
218
447
77
296
67
92
703
144
305
386
521
684
2
749
712
-171
416
932
613
435
231
405
243
342
625
577
496
315
182
103
332
354
-115
331
717
-279
-270
431
-8
-289
-178
521
-296
-466
210
-278
-315
-459
-446
-100
-145
-340
-328
-309
-476
-617
-297
200
-230
-447
-40
-13
-41
-375
174
500
-105
253
845
636
125
415
877
383
671
860
647
687
625
682
650
658
763
381
631
966
108
615
730
188
190
474
561
-10
198
512
-319
-26
21
-101
332
-50
-242
211
-252
-538
-167
-595
-412
-299
-520
-158
-484
-555
-360
-513
-475
-529
-289
-246
-720
-505
-148
-749
-854
-277
-541
-341
-281
-486
105
-282
-206
32
106
193
239
503
662
560
639
702
688
936
1003
1145
1303
1017
1022
1070
1017
824
869
917
656
467
572
180
68
-108
-183
-73
-237
-247
-481
-573
-682
-1052
-858
-659
-876
-1077
-584
-600
-864
-879
-715
-498
-704
-714
-382
-410
-753
-676
-646
-484
-818
-987
-556
-687
-690
-604
-720
-851
-601
-697
-479
-409
83
265
-152
-40
97
419
498
847
1580
1645
1399
1517
1582
1685
1538
1662
2093
2124
1691
1487
1190
844
346
262
658
253
-96
-232
-424
-1057
-1362
-1259
-1338
-1581
-1422
-1408
-1504
-1949
-2227
-1565
-1252
-1306
-866
-280
-464
-808
-592
-55
-69
-256
214
487
104
-454
-243
-131
-698
-762
-592
-418
-455
-932
-908
-852
-906
-925
-364
-34
-458
-526
-147
-63
64
657
933
923
1352
2062
2262
2116
1879
2137
2734
2675
2778
2894
2173
1140
1070
1567
1065
385
366
143
-580
-1031
-1321
-1895
-2398
-2289
-2044
-1896
-2213
-2807
-2608
-2327
-2125
-1886
-1447
-1212
-1564
-980
-351
-253
-361
-110
479
516
632
571
332
-189
-73
-177
-181
-273
-561
-112
8
168
-430
-886
-1009
-885
61
835
725
266
0
12
263
679
1536
2054
2459
2843
2481
2330
1676
1851
2417
2576
2626
2010
1509
783
297
32
-114
-400
-600
-392
-964
-1850
-2373
-2573
-2444
-1888
-1551
-1520
-1769
-2066
-1967
-1856
-1242
-818
-464
106
190
-58
-210
-291
-251
364
811
825
400
-148
-663
-1433
-1224
-809
-137
618
860
-81
-1474
-2146
-1566
-31
1351
2250
1594
479
-728
-313
981
1556
2256
3091
4297
3683
2261
1359
1026
1394
2605
4184
4093
1667
-584
-997
-706
-142
-264
160
-248
-1352
-2066
-2828
-3146
-3370
-2176
-598
-171
-999
-2128
-2674
-2122
-1100
611
1419
1129
802
232
265
37
108
940
1656
1748
1239
49
-1416
-2566
-2282
-1063
-302
102
-455
-755
-1882
-2625
-2863
-1703
295
1496
1866
1178
75
-1149
-769
1229
3485
3994
3927
4484
4299
2709
1388
2264
3198
3985
4405
4070
1842
-1230
-2169
-656
561
-103
-715
-1342
-2514
-3842
-4018
-3800
-3573
-2854
-1279
-829
-2097
-3346
-3573
-2179
-576
1090
1829
1394
302
74
676
729
995
1680
2406
1781
1059
-208
-1367
-2560
-2585
-1120
-471
-575
-1129
-1462
-2821
-3966
-4013
-1800
162
734
961
279
-1193
-2438
-719
2238
3461
3163
3682
4611
4056
2162
1861
3052
3780
4390
5009
4419
855
-2201
-1454
603
899
98
-762
-2041
-3676
-4256
-3784
-3694
-3547
-2751
-1373
-1759
-3195
-4168
-3284
-1649
-225
1291
1333
20
-605
169
1247
1314
1270
1984
1946
1370
500
-167
-1114
-2161
-1777
-995
-612
-858
-1151
-1840
-3142
-4260
-3334
-1046
440
951
213
-1150
-2299
-1770
989
2991
2860
2644
3584
4557
3658
2049
2159
2990
4126
5157
5199
2795
-992
-2291
-441
1692
1333
-725
-2159
-3191
-3736
-3866
-3584
-3515
-3546
-2469
-1591
-2333
-4033
-4500
-2632
-574
905
1295
203
-760
-607
914
1799
1337
1279
1210
1239
570
-195
-720
-1863
-2210
-1890
-1261
-1276
-1222
-1098
-2416
-4376
-4718
-2328
-25
983
964
-241
-2616
-2949
47
3263
3046
1948
2988
4142
4295
2804
2532
2212
2356
4605
5657
4198
-101
-2749
-1871
-27
1498
248
-2267
-4022
-4641
-3823
-3743
-4114
-4224
-3699
-2210
-2388
-3270
-4191
-4059
-1764
624
1871
726
-932
-565
623
1911
2053
1523
1178
728
1208
973
-277
-1812
-2720
-2139
-1401
-1517
-956
-992
-2499
-4860
-5792
-2991
-1175
183
1229
455
-2801
-5296
-1557
3447
3470
2149
3169
4330
3708
2304
3589
3393
2322
4142
6268
5282
-65
-2789
-1531
206
1646
932
-1404
-4723
-5866
-3902
-3218
-3907
-4514
-3666
-2782
-3416
-3513
-4213
-4367
-2547
409
2483
789
-1652
-1187
354
2386
2340
2519
1721
83
1243
1432
1141
-1092
-2415
-1970
-1370
-1302
-1386
-497
-1206
-4260
-6548
-4056
-1197
68
420
915
-1407
-5457
-4168
2138
5097
2189
1421
3633
4678
2782
2383
4143
3168
2974
5546
6501
2492
-2682
-2378
530
1919
1775
-637
-3713
-5789
-4638
-2519
-3120
-4482
-4085
-3071
-2990
-3641
-3769
-3990
-3449
-695
1921
1623
-1324
-2060
-116
2169
2572
2052
1915
596
218
1051
1361
-62
-2054
-2169
-940
-1355
-993
27
-779
-3657
-6072
-3476
-1082
-159
1205
1352
-2124
-6007
-3127
3408
4094
1258
2106
4066
3717
1944
3582
4400
1915
2834
6126
6217
1147
-2528
-1011
699
1484
1459
-581
-3903
-5399
-3294
-2220
-3448
-4101
-3651
-3093
-3229
-2724
-2828
-3907
-3062
-227
2081
1010
-1245
-823
610
1778
2373
2540
1844
145
428
1898
1575
-430
-2396
-1882
-1073
-891
597
392
-2037
-5104
-4633
-1547
-283
310
895
-7
-3373
-3978
159
3239
1623
1350
3775
4797
2498
1654
3414
3515
3123
4596
5832
2552
-1281
-1495
745
1690
1122
-283
-2600
-4442
-3758
-2498
-2951
-3972
-3983
-2975
-3062
-3039
-3110
-3546
-3244
-1272
922
920
-658
-1078
307
1372
1983
1933
1873
798
215
610
1030
411
-922
-1679
-1772
-1861
-1069
605
-276
-2755
-5051
-3494
-1464
-2
981
357
-2131
-4642
-2006
2262
2840
760
1510
3876
3964
2155
2442
3265
2982
3690
5416
4742
357
-1976
-384
1919
2085
355
-1707
-3616
-3888
-2544
-2283
-3529
-4518
-3890
-2803
-2724
-2781
-3260
-3759
-2620
-263
1176
285
-1083
-285
1000
1800
1659
1809
1776
979
1086
1188
835
-611
-1441
-693
-311
287
965
-147
-2708
-4585
-2443
129
991
1636
582
-2520
-4822
-1440
3685
3051
406
1521
3655
3249
1453
2778
3554
2491
3909
5889
4182
-970
-2339
800
2633
2118
598
-1637
-3964
-3835
-1339
-1340
-3476
-4184
-3001
-2376
-3335
-3099
-2847
-3190
-2067
-28
803
-1012
-2385
-394
1507
1420
746
783
925
17
319
1415
458
-1019
-1797
-627
-283
248
1292
-77
-3101
-4689
-1549
862
1736
1186
104
-3452
-4803
-36
4460
2612
-1108
1033
3665
2792
853
2516
2699
1540
3280
5482
2694
-2668
-2525
1372
2933
1168
-588
-2982
-4425
-3164
-435
-1183
-3971
-4369
-2471
-2277
-3166
-2669
-2554
-2864
-1830
836
645
-1834
-2463
317
1900
1307
461
94
-189
-750
866
1509
106
-2010
-2127
-1097
-135
1418
1255
-1257
-4247
-2814
-36
1362
1303
1348
-408
-3621
-1843
2739
3365
-516
225
4066
4270
988
922
2625
1649
1821
4472
4234
-1145
-3487
-148
2314
902
-641
-1914
-3674
-3866
-1487
-725
-3471
-4515
-2457
-1382
-2925
-3350
-2421
-2419
-2262
179
1722
-576
-2853
-988
2138
1764
306
471
582
-724
-580
1248
846
-1605
-2431
-675
171
661
819
-338
-3269
-3767
-544
1624
1963
1289
-147
-3601
-3457
1775
4864
1661
-626
1613
3133
1506
1314
3343
1929
732
2739
4360
314
-3793
-1751
1677
1830
-73
-1924
-4151
-5023
-2602
-140
-1801
-4150
-3901
-2197
-2510
-2869
-2232
-2533
-2622
-869
1504
473
-2432
-2149
744
2233
1215
282
26
-955
-1143
497
1393
-633
-2930
-2375
-428
1349
1597
-48
-2711
-3914
-1198
1885
2745
1636
-337
-2541
-2484
1365
4364
1950
-781
1146
4181
3627
1323
1547
1253
932
2981
4727
1819
-3220
-3217
337
2142
928
-1585
-4078
-4852
-2794
-311
-1539
-4203
-4246
-2381
-1635
-1996
-1730
-2301
-3014
-1259
1595
1623
-1095
-1982
227
1930
1716
1103
538
-402
-1129
466
1555
71
-2195
-2376
-854
1313
2340
764
-2397
-4087
-1362
1739
3763
2838
127
-3609
-3454
2023
5564
2901
-838
86
2653
3459
3277
3433
830
-580
1797
4937
2713
-2181
-2999
-661
1358
1289
-617
-4030
-5854
-3417
3
-823
-3504
-4602
-3431
-2822
-1841
-596
-1637
-3166
-2098
1417
1804
-948
-1936
153
1736
1784
1552
849
-1227
-2234
98
1917
599
-2490
-3017
-1818
110
1955
1587
-1500
-4916
-3445
566
3452
2986
659
-2865
-4062
-309
4439
4023
122
-277
1716
3007
2683
3002
1786
-330
803
4018
3501
-1322
-3773
-1904
471
1039
18
-2871
-5634
-5441
-2010
-331
-2377
-4452
-4394
-3317
-2615
-1438
-1315
-2610
-2639
-136
1645
184
-1738
-842
1089
1909
1824
1122
-701
-2006
-411
1677
1193
-1341
-2359
-2109
-1428
933
2568
413
-3959
-4218
-529
1926
2440
2241
115
-3924
-3422
2408
5347
1702
-517
1373
2904
1784
2174
3221
846
-278
2666
4904
1010
-3320
-2597
82
837
627
-681
-3780
-5774
-3636
-564
-1489
-3622
-3936
-3146
-3311
-2454
-997
-1722
-3149
-1669
1299
1155
-1236
-1407
505
1497
1600
1779
816
-1777
-1723
1024
2443
36
-2510
-2510
-1901
-392
2080
2405
-1702
-5371
-3279
1338
2880
2063
602
-1926
-3971
-926
4246
3825
-289
-904
2084
3294
2075
2170
1426
-412
724
4121
4144
-637
-3560
-2004
142
1073
562
-1648
-4740
-5215
-2267
-944
-2587
-4139
-3801
-3222
-3061
-1936
-1551
-2849
-3138
-666
1339
99
-1753
-940
686
1312
1602
1248
-339
-2006
-686
1798
1536
-964
-2649
-2500
-2089
-404
2132
1609
-2176
-5036
-3207
-263
1249
1867
1573
-1403
-4435
-2348
1988
2961
796
715
1767
1951
1022
1815
1577
319
1139
3344
3167
-544
-2434
-1640
-241
545
578
-1355
-4105
-4643
-2411
-1456
-2514
-3595
-3513
-3592
-3343
-1872
-1491
-2745
-3112
-953
655
-152
-1406
-397
824
1251
997
608
-404
-1246
4
1647
1382
-654
-2063
-2128
-1584
-871
1407
1669
-671
-3628
-3228
-951
96
1290
2048
610
-3761
-3696
757
3564
1065
262
2055
2454
783
1088
3050
1594
852
2589
4064
1013
-1598
-674
909
862
725
-150
-2783
-4077
-2074
-156
-1679
-3216
-3227
-3070
-3554
-2166
-455
-1700
-3556
-1969
503
65
-1460
-87
1811
1187
180
888
893
-444
-195
2176
2556
-3
-1647
-1054
-453
-1047
-444
1291
1070
-1080
-2725
-2385
-1162
-250
1265
1600
-382
-3707
-3099
775
3026
1418
238
1166
1578
1002
1924
3786
2412
937
1781
3529
1683
-460
355
1576
1099
318
-212
-1977
-3210
-1511
268
-1371
-3400
-3420
-2883
-3321
-2079
-512
-1551
-3830
-2590
-127
-57
-898
385
1383
-203
-614
1037
1814
-29
206
2173
2114
-336
-1040
151
-136
-1092
-574
1660
1291
-739
-2505
-2420
-1542
-634
1236
1744
41
-3715
-3629
-89
2908
1770
317
440
905
1418
2585
4224
2367
641
1350
3461
3177
1492
914
732
631
1044
691
-981
-2046
-1209
-380
-1410
-2280
-2659
-3291
-3584
-1734
-279
-1621
-3742
-2734
-740
-40
-200
475
604
-589
-348
1369
2074
683
415
1475
1993
826
236
170
-402
-748
-135
898
845
-69
-1315
-2337
-2615
-1527
-324
428
211
-1144
-3218
-3112
-199
1724
766
128
1194
1994
1546
2285
3515
2235
1170
2445
4651
3518
1275
968
1331
1146
1123
1107
-180
-1621
-1356
-445
-1449
-2604
-2971
-2710
-2773
-1798
-961
-2427
-3701
-2587
-587
-402
-629
157
437
-530
141
1830
1910
418
540
2472
2300
1051
416
764
-172
-837
-79
417
-130
-371
-54
-1623
-3615
-3679
-1557
-480
-118
-187
-2083
-4669
-3886
328
2153
845
215
1070
1110
808
2901
4378
2710
1271
2635
4076
2861
1715
1844
1748
893
1028
1043
57
-1171
-1272
-1289
-2002
-2037
-2104
-2545
-2959
-2085
-1845
-2938
-3303
-1882
-872
-865
-619
409
362
-251
490
1733
1724
1022
1772
2510
2108
972
1123
810
124
-338
294
90
-904
-894
-387
-959
-3120
-3903
-3147
-1652
-833
-305
-1330
-3511
-4268
-2074
935
1443
648
362
942
1584
2574
3469
3058
1944
2021
3428
4256
3618
2251
1331
1015
1383
1892
1445
274
-825
-1315
-1370
-1223
-1251
-1951
-2762
-2465
-1638
-1563
-2302
-2374
-1604
-885
-265
396
719
179
-33
927
1950
1943
1572
1670
2030
1696
1123
742
608
317
251
25
-427
-1261
-1939
-1742
-1423
-1381
-2758
-3382
-2910
-1604
-1431
-1734
-1884
-2470
-2494
-1023
1525
1616
512
-155
1323
2095
2814
3368
3126
2254
2050
3604
3862
2997
1944
1853
1345
1403
1694
1441
-120
-992
-694
-746
-1320
-1756
-1507
-2070
-2236
-1751
-1195
-1725
-1951
-1025
-63
-61
-77
424
501
572
1247
1980
1455
738
948
1273
1031
830
1044
567
-426
-612
-365
-952
-1965
-2068
-1688
-2041
-2485
-2207
-1985
-3051
-3542
-2503
-1297
-1254
-1225
-1093
-1480
-1850
-570
1206
1232
595
864
1907
2092
2536
3031
2851
1919
1980
3113
3342
2618
1741
1452
1116
1184
1336
1077
103
-442
-566
-629
-776
-854
-1004
-1405
-1108
-628
-688
-1261
-1145
-488
-99
-35
210
332
-95
-135
426
863
430
-9
69
156
167
185
126
-263
-639
-801
-603
-580
-1093
-1517
-1696
-1607
-1403
-1610
-1871
-1797
-1337
-1320
-1665
-1704
-1376
-974
-454
267
106
-747
-933
105
949
1047
954
1174
1241
1278
1862
2176
1825
1156
1562
2161
2296
1774
1326
1093
1190
1364
1342
1254
876
503
115
82
-115
-397
-769
-765
-652
-544
-713
-1029
-1109
-1092
-926
-934
-792
-683
-731
-1011
-1084
-964
-947
-901
-571
-120
-92
-211
-422
-416
-228
59
311
230
-8
-263
-262
-344
-307
-209
-368
-602
-679
-447
-384
-527
-718
-719
-752
-805
-880
-578
-314
-218
-501
-760
-607
-328
119
433
726
640
621
928
1346
1426
1167
1219
1608
2042
2006
1841
1485
1232
1260
1615
1729
1231
395
-369
-467
-260
-180
-525
-996
-1286
-1456
-1553
-1460
-1177
-1144
-1352
-1455
-1191
-1140
-1309
-1291
-949
-587
-469
-262
115
290
236
354
643
819
665
650
790
892
795
708
637
463
339
299
379
374
284
39
-267
-315
-160
-283
-436
-466
-436
-581
-708
-526
-451
-660
-857
-762
-549
-378
-343
-406
-518
-270
-8
157
304
368
346
337
695
1036
978
633
641
699
683
587
559
339
-48
-304
-389
-342
-421
-417
-631
-772
-885
-765
-465
-310
-246
-279
-409
-634
-350
-10
8
-87
95
170
77
145
530
680
406
313
578
787
490
329
533
671
428
179
161
249
291
325
379
186
-44
-245
-206
-95
-40
-199
-446
-575
-537
-467
-438
-366
-283
-325
-484
-395
-246
-281
-292
-203
-175
-394
-502
-312
-218
-389
-485
-344
-250
-299
-245
-131
-157
-241
-137
68
97
11
72
198
265
251
263
215
148
331
684
864
734
683
762
745
669
776
925
920
772
713
720
683
705
609
475
442
452
325
134
158
171
-91
-416
-450
-375
-521
-575
-312
-144
-368
-592
-412
-101
-117
-223
-107
45
34
-30
101
190
122
57
240
470
411
222
112
162
232
283
314
206
12
-5
90
102
19
-122
-312
-506
-424
-238
-270
-463
-498
-382
-524
-631
-490
-272
-284
-342
-219
-95
-141
-97
139
321
373
322
311
320
496
675
664
472
429
505
509
461
484
518
382
297
392
522
440
291
195
138
91
139
184
48
-237
-350
-276
-280
-423
-513
-541
-631
-661
-613
-533
-528
-514
-358
-161
-125
-130
-94
17
290
613
697
517
425
618
797
897
969
974
704
542
675
801
722
491
368
238
234
272
220
-110
-348
-333
-288
-408
-531
-520
-640
-801
-816
-743
-917
-997
-836
-568
-589
-770
-748
-535
-415
-423
-376
-240
-132
-100
30
153
122
-29
-50
167
354
285
101
17
114
185
191
182
164
69
-102
-95
85
198
98
-10
84
124
-31
-58
112
236
80
-100
-74
54
69
28
2
-49
-146
-216
-233
-224
-141
-66
-98
-217
-263
-254
-135
21
145
113
-52
-138
-12
189
317
295
229
217
230
318
325
294
262
259
333
337
219
9
-115
-102
-43
-52
-164
-307
-379
-356
-329
-305
-385
-446
-416
-262
-166
-235
-357
-365
-255
-123
39
157
198
120
102
164
248
305
372
447
480
430
317
221
171
229
302
340
314
244
121
25
37
130
132
123
135
109
-43
-152
-110
-11
-5
15
41
48
102
144
227
233
233
217
184
244
353
367
247
146
183
303
394
425
411
355
250
211
344
510
485
315
206
249
243
242
379
511
467
381
390
440
414
363
412
419
424
436
393
229
203
345
447
367
252
167
54
41
148
180
-53
-248
-189
-53
-42
-88
-163
-238
-311
-257
-161
-180
-203
-150
-123
-180
-171
-141
-106
-34
86
72
-41
-43
97
189
159
204
272
227
190
277
392
361
225
157
194
229
225
237
257
220
117
65
85
102
66
0
-5
93
102
55
-4
-6
86
203
267
270
249
239
297
398
467
390
306
389
570
645
611
561
480
411
437
541
488
353
290
321
329
245
199
199
152
110
110
79
-18
-131
-147
-82
-5
-23
-106
-184
-172
-10
201
313
285
190
201
297
423
559
603
563
480
424
440
465
406
297
269
278
246
133
-9
-43
40
114
89
61
13
-71
-96
29
111
-1
-167
-159
-37
11
-11
1
27
0
18
81
140
164
178
204
174
93
107
183
220
187
131
132
154
146
94
47
63
137
116
57
26
17
33
58
143
200
114
11
110
287
332
244
259
284
240
280
400
410
328
379
473
455
338
297
350
336
257
254
204
131
191
284
228
112
57
73
92
148
234
229
152
127
213
214
178
235
332
298
219
216
236
156
92
163
202
225
230
238
139
31
83
199
239
226
204
218
252
249
226
238
252
267
291
345
349
244
199
272
398
437
380
314
296
290
325
414
390
302
267
282
300
298
305
353
408
420
421
375
364
396
377
347
376
433
396
340
355
398
360
299
362
454
439
377
352
336
263
219
275
267
221
193
184
177
117
100
93
112
160
225
229
189
162
95
75
129
251
273
210
154
183
184
190
231
210
185
183
242
264
229
188
173
108
32
34
40
50
128
219
156
21
-41
-22
46
86
69
18
-46
-55
-3
-17
-20
4
-4
-69
-55
28
48
-14
12
98
126
20
-38
17
15
-71
-112
17
44
-50
-95
-54
-62
-120
-86
-28
-65
-111
-30
94
115
33
11
49
105
158
174
110
81
90
83
101
138
140
116
139
199
235
184
229
302
325
298
356
389
325
276
307
386
407
371
335
290
230
259
324
331
258
203
209
217
222
237
224
171
133
175
239
207
155
184
207
227
269
290
283
278
327
432
429
335
290
314
360
384
394
343
271
294
415
507
451
318
229
174
214
265
284
227
153
117
109
112
108
107
63
58
108
193
169
80
80
165
234
211
210
210
196
179
248
296
239
176
194
278
278
272
246
208
243
293
320
280
208
177
228
279
277
267
228
157
144
241
292
264
217
222
233
211
244
297
294
245
303
425
452
401
375
404
399
358
410
479
467
417
435
445
408
347
318
340
338
339
298
201
126
127
154
162
121
59
-30
-79
-33
17
28
-61
-171
-178
-103
-45
-52
-66
-111
-174
-167
-105
-43
-43
-48
-27
-20
-15
-9
17
18
57
124
142
101
105
180
245
246
251
293
288
255
282
309
273
280
358
385
340
321
281
288
306
354
362
331
317
321
355
320
245
181
175
213
212
197
172
75
-10
-6
11
-30
-101
-107
-98
-124
-63
5
21
31
53
72
54
55
99
77
55
101
166
133
70
29
40
61
106
179
105
21
-1
61
98
102
86
57
76
113
184
206
162
60
37
100
179
194
161
132
154
190
239
249
197
156
151
179
156
152
151
136
128
136
145
76
-6
-26
-37
-62
-69
-50
-57
-109
-148
-163
-185
-198
-199
-166
-180
-174
-106
-109
-157
-204
-204
-212
-244
-212
-160
-127
-119
-149
-177
-165
-161
-136
-139
-140
-126
-138
-147
-135
-108
-69
-50
-40
-61
-43
-58
-102
-64
-25
14
-1
-1
14
50
74
41
30
13
6
13
6
5
-6
-61
-102
-127
-91
-71
-118
-157
-207
-292
-352
-336
-310
-320
-356
-377
-364
-363
-374
-328
-272
-212
-180
-166
-164
-188
-197
-165
-87
-1
-8
-55
-54
-15
-32
-54
-14
16
-15
-50
-22
-1
-26
-31
49
83
42
40
74
78
90
136
222
234
232
271
288
254
250
284
282
262
295
328
325
274
253
267
256
247
239
218
156
135
119
95
107
111
109
56
35
8
-39
-69
-37
15
18
-18
-41
-28
-30
-74
-69
-11
0
-45
-18
55
34
-28
-51
-10
-7
-13
8
35
-6
-63
-30
45
62
60
84
101
71
49
81
88
75
84
99
61
72
107
87
51
96
154
101
-3
-25
10
-37
-72
-18
-59
-148
-151
-90
-103
-183
-213
-195
-195
-185
-141
-155
-249
-262
-210
-184
-213
-229
-215
-260
-259
-257
-220
-223
-227
-180
-171
-196
-198
-164
-133
-128
-105
-32
-9
-21
-40
-21
-6
-35
-23
47
90
70
60
101
203
234
254
278
284
307
328
316
305
321
297
225
217
251
230
170
109
114
90
32
-8
33
52
-16
-47
-14
-7
-42
-48
1
20
0
11
35
-1
-45
-17
-16
-50
-71
-49
-59
-97
-80
-45
-82
-118
-93
-75
-112
-158
-172
-180
-180
-147
-85
-85
-102
-95
-68
-35
-36
-28
-10
-4
24
64
120
154
178
187
197
227
256
257
200
145
149
172
154
111
82
58
68
82
100
83
51
24
62
107
87
39
13
-5
-31
-10
18
-10
-111
-149
-122
-117
-152
-165
-174
-201
-229
-216
-189
-216
-242
-210
-171
-127
-113
-120
-146
-187
-168
-157
-145
-144
-124
-110
-105
-86
-21
-4
-26
-13
61
106
95
103
79
55
35
29
38
41
14
-12
1
20
4
-9
-16
-2
25
43
70
36
2
25
10
-10
36
54
69
112
137
110
105
118
150
162
142
163
189
219
250
232
211
182
204
244
253
236
193
198
221
250
245
249
240
193
197
228
247
237
200
212
222
198
208
234
256
269
293
308
312
303
286
293
309
282
266
243
226
251
276
294
294
273
243
228
210
199
181
154
163
201
220
235
236
245
258
260
254
224
165
162
203
224
213
222
207
193
164
159
161
145
170
185
185
197
223
213
217
212
204
210
214
204
210
251
259
244
223
229
229
226
205
143
123
122
106
80
112
141
115
92
100
92
72
109
154
177
174
149
117
98
104
141
155
143
144
132
117
102
112
129
129
97
57
51
77
79
53
17
20
57
57
65
51
-1
-38
-27
-13
-34
-81
-126
-152
-170
-143
-108
-72
-62
-54
-16
11
45
64
47
37
60
81
54
63
63
50
33
26
59
34
-34
-43
-37
-38
-66
-116
-138
-155
-157
-168
-162
-165
-143
-97
-84
-92
-114
-177
-191
-136
-96
-118
-153
-135
-60
-8
-2
-12
-35
-75
-64
9
63
59
41
37
38
20
3
19
13
-12
3
26
1
-9
11
-6
-34
-43
-45
-62
-73
-50
2
-36
-36
-18
-43
-32
-43
-40
-52
-56
-55
-51
-61
-62
-65
-76
-104
-91
-67
-115
-153
-165
-128
-110
-106
-72
-88
-119
-126
-48
15
-20
-35
-27
13
15
2
-2
13
21
35
39
30
28
-1
38
82
130
124
54
35
59
101
105
89
67
48
-15
-16
9
-21
-71
-99
-88
-86
-110
-150
-151
-134
-116
-75
-32
-55
-95
-69
-25
17
17
6
38
54
119
151
167
135
61
50
20
43
-2
21
12
12
8
-52
-38
-72
-6
-109
7
16
85
133
128
232
158
279
82
189
60
135
125
120
67
-7
78
-14
115
-13
143
42
73
31
109
125
55
106
-20
62
-12
35
-22
18
25
3
37
-26
27
-3
42
47
111
107
136
138
117
174
49
72
7
-16
-86
-62
-102
-178
-197
-215
-201
-279
-161
-194
-223
-234
-214
-234
-254
-160
-209
-122
-157
-106
-48
-172
-50
-57
-45
-94
-35
-38
-104
-86
-52
5
-77
-66
-34
-67
-100
-29
-52
-95
-145
-98
-161
-151
-243
-167
-213
-292
-281
-294
-284
-333
-185
-280
-229
-310
-262
-232
-286
-88
-252
-142
-252
-225
-183
-277
-143
-295
-121
-312
-274
-268
-344
-187
-369
-265
-288
-289
-332
-247
-256
-312
-194
-233
-127
-220
-179
-220
-164
-237
-146
-103
-249
-42
-269
-196
-221
-240
-186
-218
-131
-111
-203
-121
-134
-163
-177
-143
-280
-216
-111
-252
-43
-242
-212
-263
-152
-275
-204
-240
-278
-137
-304
-110
-172
-193
-207
-145
-155
-116
-120
-131
-117
-86
-65
-236
-89
-67
-333
-69
-139
-218
-153
-257
-98
-256
-280
-215
-192
-367
-155
-105
-303
-100
-36
-164
-63
19
-35
31
-76
70
-14
17
-94
127
64
-78
148
-26
48
40
131
-5
17
48
-59
101
62
17
74
58
-42
44
83
-73
160
-79
26
25
-50
-48
-105
80
-286
118
-210
-128
-32
-230
-35
-150
-62
-101
-15
-135
-43
-89
-166
-105
-73
-225
23
-51
-106
108
-79
47
22
73
-43
53
35
104
14
190
73
51
45
128
82
35
133
74
-4
10
18
-45
38
-164
93
-279
90
-172
16
-43
-57
119
-104
2
-14
-88
-58
11
84
-1
-116
52
-126
90
-160
120
-37
-78
77
0
-60
-78
91
-214
166
-52
-39
-8
-187
27
-139
-25
-153
-101
-82
-198
52
-189
-23
-129
-167
69
-278
232
-156
11
90
-151
178
-158
162
-129
2
55
17
55
-16
59
-91
-43
-39
-129
-82
-30
-138
-3
-72
-77
-158
-30
-122
-61
61
-227
122
-328
144
-193
50
119
-224
224
-115
-3
-131
95
-259
-156
-52
-250
-121
-189
59
-170
-169
-44
-155
-92
-66
-20
-228
9
-139
-42
-107
64
-120
-4
6
-221
143
-297
14
-84
-97
-96
129
-223
112
23
-174
152
-40
73
-100
257
-240
83
18
-3
-83
50
183
-305
201
5
-83
152
-73
69
-13
-61
56
-128
-6
-93
-43
-96
91
-46
-80
89
-65
-188
171
-165
-101
63
-186
70
-246
32
-167
-110
-137
7
-230
48
-86
-170
95
-127
-81
11
45
-333
204
-102
-17
-190
251
-89
-46
321
-128
121
144
231
26
110
296
-206
409
-63
83
171
-219
299
-277
187
-13
14
55
21
77
-64
-42
89
-164
298
-225
165
102
-178
245
-178
106
-171
111
-76
-54
121
-82
38
36
-104
160
-328
328
-205
76
149
-80
128
24
173
-8
221
-18
111
79
135
29
259
-65
141
-45
149
147
-8
277
54
122
243
9
322
49
139
135
-89
336
-165
243
-13
53
74
-55
-6
-69
-93
56
-44
-34
94
-253
185
-328
219
12
2
97
-126
132
-20
119
47
89
21
-87
180
-15
58
126
-7
183
-41
154
-85
27
67
-39
6
146
-227
188
45
-131
257
-257
319
-216
238
50
3
199
-156
329
-66
251
153
15
339
-89
326
86
80
314
0
363
-74
231
113
79
238
180
60
376
-147
469
53
223
316
-91
541
-13
592
58
476
207
240
462
198
410
274
228
356
12
330
227
44
318
13
327
-80
191
171
35
183
248
273
52
295
314
151
170
357
109
218
257
374
94
292
398
-14
357
245
102
226
226
-4
228
243
-50
362
19
44
210
11
-56
171
-127
-114
246
-204
138
-47
20
22
-63
-28
99
15
-144
152
-27
-36
78
34
54
56
-29
190
-92
142
-27
118
156
-30
251
-49
199
90
138
299
160
100
322
125
10
184
155
57
149
207
-60
321
23
155
81
212
-40
166
290
-69
349
35
159
-131
256
-263
125
-45
-298
184
-232
115
-138
133
-72
-15
136
-62
118
-31
141
61
-34
203
-21
80
79
168
18
-23
261
-120
106
208
-163
77
96
-39
-43
122
-13
-166
259
-219
31
91
-132
55
86
-60
9
292
-322
391
10
98
292
188
-10
285
250
-150
535
-47
229
136
139
71
250
58
101
318
2
5
179
-8
68
71
168
13
127
73
-29
280
-249
277
-90
184
-61
219
-89
115
-66
12
157
-140
265
-147
230
-91
215
-157
234
-73
23
177
-120
153
38
68
136
154
76
81
246
-54
195
88
-19
242
-100
226
-25
227
-78
290
-113
306
-9
-56
388
-326
308
26
-107
235
55
-138
300
-231
152
62
23
42
159
-128
195
116
-140
349
-205
320
-102
272
-50
262
-64
104
246
-189
404
-71
320
-52
219
20
-13
310
-154
283
-48
12
210
-135
124
-35
65
-8
-50
174
-129
212
-60
153
72
-74
364
-383
493
-255
132
167
-152
267
-128
406
-290
504
-91
66
252
-130
191
-108
58
-95
135
-179
87
75
-192
120
-151
55
-36
-12
21
61
-69
-4
130
-190
136
-8
73
13
65
38
-85
80
-121
-57
-4
-3
-151
67
-4
-139
173
-21
5
61
138
-36
186
181
34
95
66
237
-213
251
57
-99
297
-116
170
-100
74
-106
-32
102
-234
44
-115
-31
-130
-59
-61
-54
-191
-62
-74
-113
17
-42
97
-243
167
-78
-35
113
-368
221
-340
86
-168
-53
11
-418
234
-498
69
-94
-301
8
-173
-49
-245
157
-308
-34
50
-347
152
-258
2
-290
-16
-135
-255
10
-92
-59
-58
79
-188
125
-51
156
-25
195
11
39
50
-1
302
-133
226
126
43
182
88
91
105
198
109
39
410
-217
220
166
-136
147
66
-1
-64
215
-70
-58
203
-64
-100
261
-311
83
57
-226
90
-124
29
-218
142
-58
-120
274
-163
192
8
105
65
-92
274
-176
241
-32
268
89
75
219
38
106
-36
311
-147
198
38
161
-45
78
146
-49
125
-15
103
-74
174
18
100
-9
47
67
-44
-27
8
-86
-88
8
13
-87
-19
35
-198
105
-68
-158
30
-113
76
-276
184
-77
-204
230
-240
143
-318
260
-195
-127
305
-203
-19
6
4
-226
38
20
-332
121
-175
-292
118
-349
1
-205
-174
-59
-324
44
-361
-134
-133
-317
-64
-294
-39
-374
-113
-37
-372
35
-157
-349
-108
-96
-287
-37
-154
-112
-202
-47
-155
-194
40
-206
-46
-12
-196
-148
-39
-162
-115
-14
-44
-144
-8
-137
-163
-61
-57
-145
-23
-27
-201
-17
-172
-153
19
-111
-146
72
20
-100
76
72
-99
123
104
-139
111
23
-3
135
139
38
27
38
76
71
122
210
90
90
100
77
64
89
312
-37
125
296
-109
236
286
51
210
215
-3
51
131
39
-89
160
24
-181
189
-178
-19
-102
-49
55
-211
112
-87
8
-82
136
-33
20
242
-225
298
12
-22
76
164
-150
103
134
-109
185
-9
209
-63
205
-56
116
30
-18
257
-169
71
177
-132
50
196
-204
195
137
-34
130
97
19
31
110
32
33
-1
137
2
76
138
-55
19
161
-61
104
105
-37
83
11
96
51
2
40
26
-10
-22
141
-150
134
22
-162
145
-150
-81
-73
-105
-230
32
-213
-30
-38
-248
66
-260
-157
-111
-228
-291
-9
-357
-173
25
-387
2
-263
-247
-149
-350
-299
-230
-357
-240
-121
-407
-92
-157
-350
32
-231
-133
7
-231
-104
-75
-129
-86
65
-219
2
12
-191
45
-42
-70
-39
-80
-85
5
-148
32
42
-166
164
-43
-137
127
-79
-82
221
-60
-29
222
-106
36
82
-162
-4
-21
-216
-27
-128
-190
-3
-209
-85
-29
-171
-57
-61
-179
20
-110
-200
41
-174
-258
-3
-172
-261
62
-131
-167
-10
-237
-146
-90
-273
-74
-88
-209
-61
-134
-258
-25
-141
-230
24
-214
-146
16
-169
-121
-54
-284
-163
-34
-294
-116
-82
-342
-107
-132
-292
-84
-184
-229
-70
-200
-220
-161
-247
-304
-101
-272
-305
-108
-349
-252
-173
-338
-277
-185
-424
-213
-86
-357
-161
-186
-364
-200
-176
-359
-138
-207
-414
-68
-303
-366
-115
-365
-435
-160
-359
-395
-45
-427
-347
-176
-500
-394
-202
-535
-366
-157
-568
-305
-242
-623
-260
-276
-598
-229
-319
-487
-211
-248
-460
-162
-234
-481
-88
-331
-418
-108
-297
-476
-126
-327
-459
-87
-363
-351
-88
-387
-349
-81
-435
-271
-122
-421
-263
-147
-445
-216
-97
-420
-162
-122
-428
-240
-118
-465
-112
-282
-400
-172
-419
-348
-257
-257
-424
-108
-310
-356
-178
-464
-224
-337
-374
-297
-348
-349
-373
-280
-302
-375
-153
-286
-258
-202
-347
-86
-422
-247
-234
-308
-271
-388
-208
-343
-329
-272
-330
-358
-295
-260
-273
-314
-195
-377
-278
-293
-296
-199
-393
-156
-293
-365
-232
-350
-287
-231
-388
-308
-335
-345
-352
-328
-252
-432
-177
-315
-297
-147
-388
-194
-354
-307
-270
-397
-332
-403
-374
-391
-488
-389
-379
-506
-285
-451
-414
-411
-545
-435
-428
-394
-457
-380
-427
-499
-325
-493
-472
-312
-566
-357
-423
-510
-398
-411
-449
-374
-333
-396
-379
-297
-327
-400
-186
-359
-264
-240
-402
-221
-299
-367
-261
-268
-326
-313
-274
-315
-324
-209
-328
-329
-210
-351
-305
-247
-321
-242
-347
-265
-253
-355
-188
-316
-270
-230
-276
-143
-250
-130
-157
-175
-54
-96
-146
-23
-113
-97
46
-143
-5
-84
-40
-90
29
-71
-205
-4
-200
-149
-146
-187
-224
-124
-148
-158
-101
-186
-100
-102
-112
-102
-132
-38
-49
-102
40
-50
-35
53
-118
21
7
-104
-13
-30
-2
-64
16
-43
-99
9
-26
4
-15
36
-18
18
11
-60
19
-14
-87
-64
-27
-71
-9
34
-106
3
-27
-126
32
-12
-15
26
31
9
-24
-10
-7
-24
56
5
17
29
-23
-44
59
31
-97
98
-60
-11
16
-26
-35
-62
7
-178
-6
-105
-187
-51
-74
-102
-160
-83
-196
-135
-161
-152
-181
-243
-90
-283
-117
-103
-253
-125
-136
-226
-163
-85
-234
-154
-89
-204
-215
-104
-205
-283
-151
-203
-258
-149
-199
-287
-172
-192
-225
-204
-203
-268
-218
-164
-187
-245
-158
-180
-329
-139
-193
-294
-205
-159
-247
-231
-168
-258
-258
-153
-198
-223
-51
-146
-248
-88
-203
-230
-102
-140
-130
-134
-102
-131
-219
-96
-161
-232
-84
-65
-179
-125
-80
-257
-172
-116
-162
-173
-99
-126
-204
-129
-163
-175
-197
-214
-151
-213
-172
-212
-280
-149
-247
-228
-201
-268
-286
-191
-207
-240
-135
-264
-271
-186
-206
-165
-114
-192
-178
-170
-143
-93
-161
-99
-168
-146
-167
-185
-192
-253
-231
-240
-251
-205
-219
-271
-210
-276
-304
-226
-232
-214
-174
-172
-197
-148
-212
-197
-105
-232
-200
-165
-193
-143
-103
-191
-170
-203
-293
-210
-210
-271
-173
-236
-279
-180
-281
-218
-110
-220
-172
-80
-244
-137
-119
-229
-38
-106
-235
-109
-170
-233
-82
-139
-168
-44
-147
-172
-82
-178
-212
-95
-256
-237
-132
-307
-233
-126
-273
-196
-114
-270
-154
-118
-296
-199
-132
-278
-161
-122
-260
-53
-68
-229
-22
-69
-194
-16
-103
-155
24
-83
-159
25
-28
-137
35
-53
-124
71
-3
-75
29
-22
-73
99
1
-72
64
-9
-31
66
13
-60
71
-24
-51
58
-21
-39
38
-29
16
66
33
100
87
58
61
75
54
95
151
111
126
147
144
147
118
109
141
134
116
106
60
27
93
18
-37
31
8
-11
78
82
34
60
-4
17
13
23
-5
-8
-5
-5
-19
-75
8
72
31
44
58
29
14
-6
46
70
37
58
116
45
71
86
51
77
82
86
11
43
93
21
20
-23
-18
-13
3
12
-41
-26
-71
-28
-63
-62
-52
-61
-19
9
-41
-88
-76
-125
-129
-103
-123
-103
-42
-97
-38
3
-75
-70
-81
-42
12
-8
-34
-3
-24
-9
11
-12
-18
21
-9
41
83
66
90
60
84
109
127
100
107
63
53
77
38
76
59
35
52
75
110
141
125
89
109
92
105
157
124
142
216
187
221
265
227
252
231
253
305
274
238
273
311
304
292
234
214
219
247
278
303
263
243
226
220
214
261
287
221
229
223
222
246
234
209
189
189
199
199
224
232
211
184
213
187
222
243
210
237
283
256
309
338
275
287
264
190
210
221
199
220
233
214
211
184
186
204
143
197
200
161
188
192
198
252
257
238
284
261
239
273
247
247
272
243
247
226
194
173
159
179
207
186
183
221
156
163
162
130
204
188
189
248
207
221
257
239
229
251
260
234
223
218
205
212
229
234
236
252
254
274
280
269
283
237
221
254
213
198
191
143
146
113
150
155
200
221
222
254
210
215
209
242
208
209
206
191
207
177
128
110
79
88
82
57
91
74
78
85
81
92
119
134
131
122
113
122
142
174
124
95
90
89
95
94
66
42
85
79
87
124
76
59
56
50
23
48
31
-24
17
-1
-18
-31
-64
-55
-30
-58
-59
-81
-104
-106
-99
-90
-66
-90
-98
-55
-81
-51
-8
-28
-40
-33
-65
-62
-13
-63
-57
-54
-94
-77
-103
-127
-96
-108
-115
-77
-89
-69
-12
-14
7
20
-32
-49
-16
-28
-6
-4
-41
-36
-66
-68
-15
-34
-18
-6
-46
-42
-36
-50
-72
-68
-107
-73
-54
-52
-40
-32
-27
-38
-13
-46
-77
-103
-77
-46
-16
19
4
-10
-35
-35
-54
-66
-23
-20
1
40
41
28
47
48
29
54
17
-3
39
32
39
69
19
3
68
56
62
74
35
57
49
26
16
-11
12
30
54
56
81
97
106
138
126
113
139
141
106
101
111
96
96
126
111
120
104
101
110
107
103
112
125
124
130
117
107
98
84
91
77
65
73
53
36
6
10
2
8
-15
-14
-21
-13
37
33
62
57
32
6
-12
-45
-28
-29
-74
-69
-91
-116
-99
-80
-53
-55
-58
-78
-69
-67
-69
-10
-16
-4
6
-1
-11
-1
-11
-22
15
6
14
-6
-31
-32
-50
-76
-81
-79
-42
14
17
51
32
36
45
48
78
47
27
23
23
43
60
53
27
-2
-29
-34
-6
8
41
66
64
29
27
63
97
103
148
140
97
118
105
85
65
51
30
18
-39
-46
-53
-82
-110
-126
-153
-150
-122
-164
-172
-202
-170
-130
-102
-87
-78
-54
-65
-17
31
48
54
7
-1
-5
-18
3
12
8
-7
25
25
44
70
48
47
52
43
25
43
48
59
49
44
21
-13
-28
-41
-38
7
-8
-34
-23
-58
-56
-51
-45
-45
-48
-64
-87
-74
-63
-68
-106
-126
-120
-91
-101
-128
-102
-123
-122
-107
-137
-141
-165
-147
-135
-120
-89
-81
-75
-68
-61
-63
-35
-28
-58
-60
-85
-100
-93
-89
-98
-128
-102
-114
-116
-105
-113
-126
-134
-148
-177
-185
-190
-177
-178
-171
-158
-142
-155
-152
-107
-109
-108
-100
-105
-89
-106
-100
-64
-78
-76
-83
-58
-48
-35
-41
0
17
-6
3
-22
-19
-34
-35
-40
-64
-77
-51
-54
-69
-38
-67
-102
-65
-100
-120
-86
-95
-93
-102
-109
-88
-106
-113
-94
-62
-44
-20
0
-23
-17
-17
-2
12
36
45
50
47
69
94
57
47
84
99
82
99
108
147
146
158
205
190
174
159
149
154
160
193
195
192
209
208
175
173
181
135
142
167
176
204
206
179
198
217
214
253
247
228
251
249
211
238
231
193
179
157
177
184
134
126
121
77
105
83
66
108
128
127
168
146
124
76
56
66
63
76
33
55
57
61
80
62
40
71
72
36
36
31
7
29
38
-4
28
20
-4
22
26
4
27
12
19
72
48
59
79
52
86
114
88
96
81
74
86
89
106
109
75
72
88
65
45
4
-36
-50
-57
-73
-76
-93
-94
-82
-103
-121
-114
-84
-104
-107
-90
-57
-16
-38
-34
-40
-41
-32
-2
33
39
35
52
68
62
72
57
53
45
28
-2
-20
-28
-1
7
-34
-60
-73
-106
-147
-126
-121
-106
-73
-38
-43
-31
-3
-9
-6
-19
-8
-6
-3
28
44
-12
-2
25
31
48
44
64
66
75
55
33
37
26
29
49
52
55
49
36
45
27
30
75
123
132
109
111
111
98
77
93
126
142
148
142
120
97
84
94
112
102
99
95
92
87
121
117
119
140
126
118
138
152
149
173
191
176
152
163
181
172
144
122
110
127
155
173
144
129
122
100
106
101
95
103
81
71
102
83
89
101
92
93
79
85
107
104
105
113
110
88
98
97
97
113
144
171
150
143
134
127
121
80
47
49
57
85
119
95
64
63
51
53
34
0
-1
27
23
42
37
46
62
79
97
124
146
142
123
135
153
158
174
188
189
195
205
169
191
193
183
203
242
222
194
196
187
186
213
207
176
169
161
180
183
171
159
156
136
121
135
144
141
139
121
121
111
117
121
117
152
156
147
136
145
151
164
158
161
162
182
175
160
174
154
175
184
182
183
186
180
201
199
196
205
205
195
199
203
201
150
126
114
93
79
41
29
17
-2
-4
-11
-25
0
20
22
34
12
6
3
-32
-16
9
7
-2
-38
-58
-61
-75
-65
-75
-81
-96
-88
-71
-59
-29
-18
-16
-16
-6
-4
24
32
26
34
31
33
15
-8
-39
-56
-52
-46
-21
-21
-16
-15
-17
-28
-31
-6
-16
-15
-9
10
34
55
91
90
95
90
80
57
42
41
59
92
91
80
63
38
37
36
36
56
65
64
60
67
82
85
88
52
13
25
25
34
43
36
55
68
97
98
108
117
94
110
142
141
127
133
147
146
152
135
117
125
122
126
141
113
120
144
166
174
177
160
112
114
113
92
128
168
164
185
177
182
205
240
250
244
230
176
151
134
120
93
87
59
16
25
5
7
23
12
2
0
0
2
-27
-53
-51
-39
-21
1
22
15
11
0
21
52
86
96
89
69
48
59
67
89
91
85
76
77
77
66
57
35
31
33
15
38
57
44
38
11
-22
-42
-19
21
48
83
86
90
59
35
61
85
122
122
100
98
77
61
53
34
26
36
38
54
30
-12
-31
-45
-3
32
27
19
23
43
60
72
69
67
71
74
99
119
126
122
105
79
49
11
20
16
33
45
31
25
11
1
-3
5
-10
-12
-11
-12
-28
3
51
60
30
0
-3
-13
3
-11
-16
-20
-22
-28
-19
-13
-1
22
54
84
130
134
116
121
81
54
40
61
79
113
129
98
90
80
97
107
76
63
27
34
38
42
50
39
14
23
29
8
9
38
43
0
-11
-10
-2
2
-1
-9
-58
-124
-148
-88
-16
-3
-4
-39
-85
-87
-44
14
-1
-33
-39
-44
-50
-48
-49
-67
-10
1
-11
-42
-96
-74
-81
-106
-120
-102
-91
-104
-77
-47
-17
-52
-60
-53
-83
-101
-90
-65
-41
-48
-84
-74
-101
-165
-189
-172
-165
-122
-158
-189
-188
-205
-178
-185
-213
-224
-239
-228
-206
-208
-197
-202
-212
-217
-226
-203
-175
-188
-173
-145
-168
-169
-169
-189
-198
-173
-146
-144
-151
-167
-183
-196
-203
-193
-197
-207
-198
-192
-181
-158
-177
-192
-212
-217
-167
-130
-110
-83
-60
-45
-20
-20
-14
10
35
51
73
57
52
63
50
53
44
17
5
27
9
37
59
59
48
24
-5
-22
13
46
59
70
87
94
87
65
46
33
59
85
118
118
117
106
84
104
108
103
140
180
210
220
222
238
253
227
191
200
199
221
251
252
247
230
225
227
262
259
279
302
278
248
213
204
216
260
286
293
259
222
211
161
171
182
162
177
184
170
161
144
130
149
162
151
157
171
146
122
141
156
156
164
178
203
200
190
189
213
215
210
195
180
178
173
194
173
148
126
103
90
79
95
103
108
103
105
90
99
146
149
144
121
112
102
117
129
134
167
161
161
170
163
119
104
114
109
124
138
145
160
144
119
131
139
134
134
146
130
122
157
182
162
119
106
78
63
97
119
132
145
189
213
199
214
213
219
228
238
252
231
219
196
185
178
158
142
142
145
160
176
222
224
214
194
171
185
174
156
140
147
143
145
134
128
132
131
162
166
181
205
183
166
176
196
201
195
178
212
239
244
254
220
201
183
152
121
130
110
108
103
87
84
68
52
62
79
101
122
111
108
108
93
79
87
65
56
60
81
87
74
84
106
101
100
102
114
133
163
177
184
178
157
139
100
80
84
109
122
125
123
109
94
79
92
81
72
58
65
51
37
49
84
98
97
115
130
137
105
81
92
124
152
148
93
88
116
136
124
108
142
182
194
173
177
160
144
141
144
149
151
143
129
125
122
109
113
148
149
121
101
78
46
57
50
36
29
19
2
-13
-1
21
14
-6
-18
-19
9
22
11
-19
-29
-18
-27
-50
-46
-34
-18
-11
-38
-49
-48
-46
-67
-84
-72
-40
-19
-32
-49
-46
-49
-53
-49
-40
-66
-73
-86
-95
-91
-118
-104
-113
-142
-172
-174
-144
-120
-113
-98
-115
-136
-130
-101
-116
-119
-84
-60
-40
-20
-32
-47
-32
-26
0
49
73
110
122
123
138
119
120
127
133
120
98
107
149
189
201
214
180
145
149
149
153
167
174
169
149
160
194
238
277
296
294
276
262
244
222
220
232
233
227
243
256
248
214
182
162
184
195
157
150
125
84
70
98
116
130
129
117
141
190
231
262
284
261
241
218
184
201
224
216
201
167
146
151
165
156
158
171
153
129
90
92
125
105
94
105
123
131
139
163
180
176
159
114
110
118
130
156
131
137
122
127
136
132
140
146
151
141
182
210
209
224
234
226
231
259
246
232
248
245
253
252
247
237
237
259
275
275
269
294
292
261
243
231
247
256
256
243
217
199
197
199
204
220
225
212
206
227
254
249
229
206
184
171
191
226
243
265
276
278
287
322
314
311
309
287
272
263
306
315
324
337
307
277
278
265
250
275
275
285
266
251
245
241
242
213
192
191
193
202
203
201
208
202
225
247
251
248
236
231
260
260
244
249
254
220
191
204
227
233
248
260
260
250
198
204
209
208
184
179
181
177
204
195
195
201
199
184
175
177
191
171
169
176
161
131
114
162
145
151
115
107
136
169
153
144
153
125
128
117
119
149
171
164
158
172
194
195
182
190
177
190
205
174
153
126
101
104
90
30
-3
8
15
31
53
69
65
76
70
88
90
107
113
93
94
85
77
54
33
12
37
33
28
5
12
3
2
-13
-4
42
41
42
20
17
6
1
-8
-9
24
15
-14
-9
-4
8
17
-6
-27
-64
-60
-15
-28
-14
-24
-43
-50
-57
-46
-32
-27
-35
-50
-51
-13
8
-2
-4
-31
-24
-17
-5
26
-1
4
32
32
34
2
-27
-65
-38
3
5
3
15
40
70
45
-2
-16
-1
11
-18
-24
-9
11
28
-16
-57
-69
-71
-45
-43
-51
-61
-89
-86
-93
-92
-91
-60
-37
-56
-60
-22
-33
-110
-111
-161
-185
-193
-201
-190
-216
-190
-191
-177
-143
-170
-162
-191
-166
-169
-176
-170
-146
-152
-140
-137
-167
-144
-137
-90
-124
-89
-81
-92
-54
-80
-86
-89
-25
-17
-26
-29
-35
-6
-7
-5
-30
-49
-59
-51
-62
-69
-87
-77
-71
-58
-62
-39
21
44
41
7
-21
-34
-47
-27
10
-32
-54
-83
-56
-40
-41
-64
-89
-38
-22
4
-23
-51
-2
56
46
29
27
61
99
90
78
83
130
111
151
164
151
135
160
207
200
179
173
189
161
131
93
117
119
124
114
109
176
217
230
181
151
150
160
149
154
145
179
158
156
161
145
167
180
207
233
263
250
261
265
256
219
237
247
292
307
279
277
281
302
282
255
228
256
274
297
283
319
321
341
315
301
327
316
309
283
298
310
315
288
280
288
319
343
335
353
362
360
353
314
337
340
344
375
384
390
396
381
378
406
413
364
369
373
368
365
386
379
381
390
397
402
400
400
409
401
370
364
385
404
408
424
394
409
370
359
335
326
380
369
390
371
357
344
333
321
341
331
294
294
298
282
250
250
229
230
254
265
270
229
193
202
222
240
230
211
197
197
167
156
171
163
142
110
123
118
129
119
86
80
41
12
-15
-11
26
33
7
-7
-12
4
-8
-35
-35
-17
-21
0
-10
-22
-11
-7
-7
-2
17
18
-26
-19
-32
-57
-83
-50
-11
-9
-39
-46
-31
-48
-68
-73
-52
-95
-103
-70
-58
-50
-47
-31
-6
-28
-44
-52
-47
-52
-46
-14
32
21
-4
-37
-34
-33
14
52
42
88
90
89
58
40
14
23
48
24
4
23
36
68
72
78
65
4
5
28
90
136
95
47
43
17
42
79
88
84
89
99
98
67
40
78
110
128
120
121
108
74
73
51
-12
-22
32
46
62
24
22
23
38
63
41
64
56
50
44
82
143
154
189
183
146
156
200
198
154
154
139
123
88
115
116
140
165
146
145
146
151
192
227
232
219
201
278
288
282
283
332
346
317
311
271
287
313
306
243
222
235
240
243
234
234
218
227
232
240
228
253
237
248
278
287
250
218
205
210
210
230
256
233
225
226
240
203
193
208
186
161
185
226
259
236
231
237
240
243
219
188
172
194
198
207
214
217
232
255
241
218
208
174
170
185
193
219
213
212
208
199
232
226
223
249
262
234
225
222
221
215
261
255
225
234
233
236
233
229
241
247
238
246
237
231
184
180
197
183
188
219
243
266
263
201
188
188
191
174
174
240
279
310
305
272
264
262
307
332
337
347
365
359
337
322
321
336
316
300
310
320
294
289
327
354
360
359
371
366
355
321
319
293
318
346
367
363
353
348
343
341
310
300
322
356
358
358
342
335
334
318
308
300
342
369
339
308
279
306
334
322
313
332
326
320
305
307
307
296
285
264
254
242
219
220
219
237
264
285
329
333
318
305
298
268
267
263
246
235
204
191
170
157
161
151
176
200
210
192
166
184
189
156
129
150
202
216
195
158
163
184
204
194
153
136
139
150
117
119
135
163
186
169
163
156
167
148
106
120
128
128
88
81
100
111
126
99
109
109
117
134
144
170
186
196
191
210
234
243
276
307
320
317
316
343
347
339
333
357
352
326
319
337
375
392
407
374
344
326
348
375
386
398
437
461
426
419
431
445
427
389
410
444
450
425
399
386
389
423
397
374
395
405
426
451
443
446
432
475
486
466
446
450
472
458
455
418
402
401
416
420
412
407
407
386
370
372
356
406
416
406
384
355
353
352
361
325
322
345
370
349
309
330
330
317
276
285
282
278
258
257
269
277
286
267
243
239
253
242
212
180
206
217
206
159
126
91
50
48
34
48
57
38
95
132
115
94
91
104
121
119
132
172
226
236
189
139
130
126
97
98
113
120
99
83
90
72
47
43
51
55
82
114
116
141
141
144
154
127
111
125
141
145
143
151
158
118
94
114
137
184
192
168
152
178
214
194
206
197
224
228
256
289
294
328
289
297
296
285
298
284
285
288
301
295
311
315
312
321
320
339
340
377
358
362
364
355
344
362
390
382
351
321
316
307
358
373
334
313
315
364
408
427
447
457
417
408
422
415
404
441
470
434
426
454
448
445
453
447
423
427
442
418
403
405
412
421
442
439
426
425
432
426
405
377
357
359
359
329
317
331
361
354
351
362
352
347
341
350
372
433
477
480
468
466
472
485
479
479
481
471
446
435
436
423
408
379
379
384
353
350
357
336
300
290
280
288
322
290
270
284
278
262
273
276
259
250
259
286
285
294
325
353
362
333
341
332
313
344
321
317
326
346
360
333
298
277
312
326
307
278
277
274
250
202
194
195
187
170
161
182
186
166
219
236
240
235
259
273
262
298
290
260
249
275
275
296
294
289
277
264
238
207
232
258
262
237
240
256
298
326
323
302
245
184
172
225
270
290
281
259
271
294
280
288
319
350
367
373
377
334
323
324
356
335
309
299
249
253
231
197
196
215
228
244
277
245
200
185
199
227
240
254
204
173
201
252
260
211
214
215
199
221
242
248
249
264
256
241
234
221
216
192
181
147
168
230
243
239
197
166
145
113
129
124
141
182
183
156
112
103
98
107
126
143
137
125
138
147
158
115
132
144
132
116
77
60
76
92
86
88
103
92
67
51
51
83
91
76
69
88
94
65
52
58
52
22
17
32
36
12
24
25
6
19
28
13
-2
0
33
42
22
16
-7
11
37
55
48
41
28
21
36
45
90
98
80
75
118
150
114
68
84
103
143
156
143
171
186
204
165
162
133
131
143
168
180
154
158
166
170
166
150
136
145
167
164
154
143
127
121
106
130
135
143
140
156
168
158
167
163
179
180
184
185
189
179
180
203
215
239
254
266
274
261
255
256
272
278
279
294
303
331
348
324
287
254
246
256
261
252
247
232
226
230
250
238
214
214
194
188
197
226
245
247
241
236
238
229
227
236
217
223
223
211
207
184
207
196
177
169
150
134
133
148
139
131
114
99
69
66
41
35
41
58
83
64
66
86
82
85
111
119
107
109
103
92
110
126
109
114
118
113
142
145
172
169
149
166
164
181
187
192
215
247
271
240
224
244
261
277
261
264
226
233
261
271
275
253
227
213
253
262
242
238
243
240
246
255
231
233
266
266
242
234
239
237
245
237
220
215
265
297
280
239
215
195
197
191
192
229
257
279
276
279
253
228
225
249
231
241
276
283
288
262
254
244
249
275
300
325
333
340
323
317
326
349
360
353
363
380
353
328
330
331
319
285
309
328
340
346
337
302
317
336
353
356
324
306
282
295
274
242
246
249
244
251
262
261
258
254
255
224
183
169
152
159
177
157
161
166
158
189
204
223
226
187
170
184
215
217
209
209
205
