131
155
163
181
185
174
172
172
171
176
183
182
182
189
187
194
192
196
210
214
209
221
232
245
253
279
294
289
283
275
262
251
249
256
269
245
219
214
218
239
248
236
202
189
186
195
217
220
226
235
246
244
247
238
249
245
242
255
265
270
266
263
267
263
270
269
255
249
244
261
253
232
207
197
193
196
210
210
226
236
236
245
250
253
258
269
266
269
262
263
269
280
275
256
241
233
236
234
213
201
198
180
192
198
210
203
207
202
194
191
174
159
140
136
135
151
166
174
167
154
138
131
131
151
150
158
170
171
160
155
147
133
134
129
131
138
147
134
118
120
118
111
118
115
114
113
109
98
77
69
54
56
57
55
62
52
57
67
57
41
26
30
31
26
27
16
13
3
2
-1
-27
-40
-45
-42
-26
12
17
4
-3
-22
-21
-12
5
15
21
30
41
30
18
9
-1
7
18
16
21
3
-12
-19
-27
-27
-42
-40
-53
-56
-65
-72
-82
-96
-104
-106
-105
-111
-118
-126
-115
-107
-97
-92
-85
-71
-51
-41
-45
-56
-40
-39
-27
-16
-18
-11
-10
-2
8
9
7
5
9
18
32
39
29
27
24
15
11
15
27
29
36
41
50
56
41
38
35
47
56
59
61
55
37
25
30
37
47
67
78
75
82
90
87
86
97
95
102
91
83
88
81
76
71
73
88
104
114
123
121
123
116
119
121
111
100
109
120
108
104
86
71
56
48
48
42
34
18
19
24
29
33
36
26
25
26
31
45
53
48
45
56
57
59
79
89
80
88
88
73
55
61
75
86
88
72
46
37
34
48
63
71
61
33
18
9
19
23
20
17
18
2
-7
-1
8
25
15
5
-10
-5
-21
-33
-35
-47
-56
-68
-78
-82
-85
-90
-80
-87
-98
-112
-98
-59
-54
-33
-29
-34
-35
-48
-68
-74
-87
-106
-126
-139
-169
-178
-173
-162
-156
-175
-206
-232
-229
-221
-204
-189
-189
-199
-192
-184
-185
-185
-184
-200
-199
-180
-174
-162
-168
-175
-181
-199
-197
-198
-211
-223
-240
-260
-290
-304
-307
-304
-319
-331
-338
-330
-318
-314
-316
-322
-314
-300
-275
-264
-282
-291
-288
-281
-266
-264
-273
-274
-274
-269
-259
-280
-303
-326
-329
-322
-324
-319
-313
-320
-327
-343
-343
-352
-365
-375
-383
-366
-350
-323
-327
-319
-320
-339
-338
-349
-363
-369
-372
-373
-352
-333
-333
-335
-347
-348
-335
-326
-333
-335
-330
-322
-323
-329
-328
-334
-347
-348
-345
-346
-344
-335
-335
-352
-369
-384
-399
-379
-363
-359
-358
-372
-381
-399
-404
-401
-389
-381
-367
-364
-367
-364
-383
-409
-413
-411
-392
-382
-380
-380
-385
-371
-374
-370
-376
-390
-381
-373
-358
-339
-330
-324
-335
-363
-373
-359
-349
-350
-330
-323
-334
-333
-327
-319
-316
-328
-338
-329
-323
-328
-327
-323
-342
-336
-330
-343
-346
-348
-337
-317
-306
-289
-288
-292
-284
-277
-275
-274
-257
-251
-249
-248
-253
-246
-242
-251
-251
-259
-260
-246
-241
-240
-246
-250
-257
-250
-255
-252
-252
-259
-254
-268
-268
-265
-275
-291
-308
-324
-325
-312
-298
-296
-287
-282
-290
-302
-299
-299
-289
-287
-277
-265
-261
-258
-257
-255
-268
-265
-261
-257
-260
-262
-258
-270
-278
-289
-290
-284
-280
-284
-304
-327
-328
-317
-322
-341
-357
-370
-378
-381
-394
-417
-427
-430
-430
-419
-428
-427
-434
-444
-440
-432
-428
-431
-427
-435
-419
-408
-409
-404
-392
-393
-389
-378
-406
-423
-433
-432
-434
-451
-461
-475
-459
-457
-466
-480
-508
-532
-539
-519
-493
-488
-502
-534
-542
-561
-547
-530
-517
-493
-502
-503
-500
-486
-465
-441
-449
-458
-474
-480
-473
-472
-482
-488
-487
-486
-501
-507
-495
-505
-498
-496
-488
-474
-462
-454
-436
-414
-412
-410
-416
-431
-440
-440
-438
-418
-416
-435
-454
-460
-451
-443
-434
-442
-463
-487
-481
-473
-456
-438
-446
-467
-460
-431
-426
-429
-439
-456
-440
-409
-386
-368
-358
-352
-365
-360
-353
-344
-365
-370
-383
-385
-373
-400
-413
-420
-421
-429
-421
-422
-426
-416
-419
-404
-405
-397
-382
-367
-358
-359
-364
-358
-348
-337
-328
-316
-315
-300
-296
-293
-301
-328
-322
-329
-315
-312
-299
-286
-295
-303
-313
-327
-335
-331
-337
-329
-329
-311
-288
-277
-271
-279
-292
-293
-293
-301
-298
-289
-263
-251
-260
-249
-249
-248
-251
-263
-261
-260
-239
-242
-260
-258
-258
-252
-255
-255
-257
-265
-285
-302
-292
-303
-312
-307
-297
-283
-281
-293
-291
-283
-287
-288
-298
-295
-283
-266
-268
-285
-297
-312
-327
-342
-360
-346
-343
-331
-322
-340
-336
-329
-324
-321
-314
-315
-316
-301
-272
-246
-232
-235
-242
-253
-266
-267
-254
-259
-265
-259
-262
-257
-246
-250
-263
-270
-277
-297
-307
-316
-326
-333
-336
-340
-332
-329
-336
-332
-328
-323
-301
-299
-296
-294
-296
-293
-312
-327
-334
-312
-300
-299
-300
-298
-296
-290
-278
-284
-284
-283
-269
-275
-278
-283
-285
-288
-291
-292
-309
-295
-278
-263
-266
-281
-299
-309
-306
-304
-298
-305
-294
-284
-285
-295
-307
-320
-330
-317
-304
-298
-291
-296
-282
-275
-271
-268
-269
-260
-241
-219
-205
-185
-188
-197
-202
-204
-204
-200
-211
-224
-225
-234
-225
-205
-211
-222
-240
-248
-261
-263
-254
-259
-262
-257
-274
-273
-279
-293
-301
-312
-297
-285
-286
-293
-299
-291
-281
-267
-244
-233
-230
-226
-227
-243
-243
-257
-257
-257
-277
-291
-286
-254
-216
-199
-215
-240
-275
-270
-238
-205
-188
-192
-226
-249
-240
-249
-223
-219
-231
-235
-244
-240
-231
-227
-219
-213
-205
-214
-207
-213
-211
-210
-217
-221
-213
-203
-205
-186
-179
-171
-190
-192
-191
-192
-167
-144
-115
-85
-70
-74
-87
-97
-99
-98
-82
-72
-66
-69
-87
-88
-81
-68
-55
-89
-115
-116
-116
-91
-91
-92
-92
-81
-52
-35
-20
-34
-45
-34
-13
-3
5
8
8
4
-12
-21
-37
-41
-41
-45
-40
-30
-34
-55
-76
-84
-64
-59
-43
-41
-31
-4
3
-16
-35
-46
-27
-9
-6
-8
-13
-25
-35
-35
-39
-41
-36
-24
-18
-22
-39
-44
-57
-65
-49
-54
-53
-49
-41
-31
-36
-37
-53
-56
-63
-74
-68
-61
-54
-49
-55
-79
-97
-105
-115
-125
-138
-129
-116
-109
-106
-113
-123
-120
-109
-117
-119
-117
-135
-145
-145
-138
-125
-121
-129
-141
-146
-148
-148
-155
-168
-175
-184
-196
-193
-183
-177
-189
-206
-227
-236
-237
-243
-237
-228
-224
-213
-212
-217
-237
-230
-239
-240
-240
-257
-264
-268
-261
-244
-242
-246
-243
-249
-234
-229
-226
-201
-186
-167
-147
-162
-169
-176
-176
-167
-157
-143
-144
-161
-170
-175
-177
-177
-175
-171
-175
-167
-174
-170
-169
-167
-165
-165
-162
-159
-163
-158
-148
-153
-138
-132
-113
-112
-124
-125
-119
-131
-119
-112
-105
-94
-108
-100
-105
-103
-91
-87
-68
-72
-92
-99
-104
-96
-103
-110
-98
-85
-68
-56
-44
-37
-40
-45
-40
-33
-27
-32
-29
-26
-18
-4
-3
-15
-29
-31
-23
-8
-1
2
15
26
34
28
19
25
39
55
68
78
71
49
36
30
27
28
31
32
29
26
35
45
50
53
41
28
16
26
30
45
33
18
15
2
-2
-4
8
9
2
14
25
29
34
38
42
57
78
86
90
100
101
108
105
96
83
82
90
101
93
75
70
87
104
100
94
55
37
48
64
87
108
97
75
71
84
83
93
113
105
117
120
115
119
113
129
131
123
118
108
107
116
121
129
134
130
117
118
127
120
127
124
118
92
93
108
121
149
169
163
158
156
148
147
130
134
138
130
119
106
123
139
146
139
116
94
94
104
114
120
124
136
153
164
190
186
191
189
185
201
212
239
233
233
231
238
233
213
203
215
215
197
197
169
158
148
156
157
143
153
149
165
159
148
148
151
157
169
188
185
187
189
197
199
186
178
186
210
218
226
217
207
201
199
199
201
207
224
220
211
217
206
194
169
134
138
159
187
195
189
187
190
189
189
183
180
164
160
180
201
206
193
183
169
193
207
201
205
173
171
185
181
195
195
211
216
210
224
219
205
189
201
202
216
235
231
219
221
233
230
214
209
199
189
183
217
218
195
197
198
211
219
216
205
214
210
221
229
225
227
232
238
232
230
242
245
254
273
295
306
295
277
267
292
308
325
324
304
278
276
271
272
275
263
272
264
263
270
266
270
264
265
258
273
282
284
283
289
302
310
336
340
349
357
348
334
334
332
338
341
337
321
325
325
321
314
305
296
301
296
288
302
288
272
266
261
264
257
249
236
233
237
242
248
229
203
181
174
193
192
196
196
187
192
191
194
207
212
227
227
231
238
240
239
234
240
241
243
255
241
231
209
196
193
196
196
196
190
182
172
167
168
167
162
150
148
149
151
154
145
114
100
111
119
112
117
97
68
69
91
100
102
103
118
141
146
155
164
172
187
183
174
187
170
155
147
146
169
167
165
159
168
183
190
182
150
142
166
179
202
194
157
129
114
110
125
155
161
156
140
131
131
141
144
153
166
176
168
159
151
156
174
170
195
204
199
208
205
215
224
223
227
226
220
246
269
291
301
288
281
270
260
260
274
294
286
284
253
245
246
257
273
251
228
212
233
264
294
298
309
293
293
319
326
332
326
314
327
340
353
374
369
372
371
363
372
388
398
390
395
391
391
390
380
391
389
381
382
386
407
428
445
439
428
438
444
464
472
466
477
486
516
544
552
546
568
568
570
561
539
534
541
557
578
594
608
617
619
623
622
621
612
622
626
636
639
650
664
649
655
665
669
673
656
658
657
679
696
709
710
694
688
680
695
700
698
695
688
697
714
725
750
749
744
737
742
743
741
737
737
730
723
719
711
706
708
728
748
740
730
724
717
717
740
738
730
738
719
723
702
696
695
697
690
691
705
713
715
726
732
736
732
724
732
746
754
757
774
787
783
769
770
773
778
773
777
771
760
739
720
724
723
717
708
694
681
668
666
667
674
688
690
676
659
649
654
666
670
688
696
701
696
694
687
662
654
658
659
652
662
652
648
659
648
657
647
636
640
640
650
650
654
621
621
615
609
603
602
611
615
618
610
595
584
593
597
591
603
612
621
617
610
597
582
593
591
589
589
575
568
575
579
582
591
596
585
596
593
585
584
578
582
596
596
595
590
576
561
566
579
597
598
580
563
554
551
543
547
542
533
518
501
491
501
498
482
473
488
505
511
517
507
499
487
500
501
491
478
475
477
473
464
447
443
444
444
428
416
412
423
433
442
427
405
380
389
399
420
431
414
376
350
373
385
415
441
430
413
404
394
390
405
418
412
393
378
378
381
380
387
385
378
381
375
368
376
383
382
371
356
336
334
343
367
379
402
404
369
344
325
321
321
334
339
318
286
261
268
269
281
296
287
268
265
263
281
295
296
310
312
304
312
307
304
288
284
301
311
335
349
343
314
315
314
301
290
277
256
238
239
216
184
160
162
177
177
170
184
184
195
193
201
230
238
244
243
236
228
222
226
220
222
216
210
211
210
220
216
206
202
209
203
208
222
240
251
243
221
201
188
166
143
144
136
138
153
146
141
119
118
113
108
105
105
102
109
122
136
150
141
126
123
140
155
149
158
153
148
133
125
127
118
115
121
122
124
115
99
96
78
83
81
89
92
88
80
74
67
68
66
66
76
87
91
105
119
108
105
92
84
73
85
88
95
93
94
110
110
106
91
86
95
102
116
141
143
132
148
148
127
133
142
144
148
139
126
150
155
170
170
157
163
157
156
151
142
159
155
166
165
145
152
146
151
157
165
162
182
214
228
233
231
235
236
251
269
298
323
311
297
296
302
314
316
310
302
283
284
283
278
280
266
265
277
278
281
289
296
293
287
286
291
302
299
309
308
317
322
330
327
321
326
325
335
341
334
335
337
345
351
349
366
372
384
398
405
405
399
383
371
356
342
342
332
322
325
314
307
300
294
287
270
270
255
263
269
268
256
253
249
251
256
264
252
244
260
257
275
275
271
270
260
264
268
271
289
311
316
320
316
317
309
307
311
312
318
314
312
323
336
347
342
305
299
299
322
330
313
291
273
266
263
278
283
285
285
272
265
258
252
252
254
265
270
262
242
245
242
257
267
273
260
239
235
234
233
250
257
253
252
255
288
313
311
312
306
294
290
267
280
301
312
286
250
223
217
234
232
244
226
184
169
172
196
229
244
239
236
259
280
296
303
298
308
311
314
329
347
353
349
343
345
343
347
348
338
320
321
324
328
322
310
297
295
303
303
316
328
321
307
297
303
304
310
318
321
322
329
335
322
321
330
332
343
339
345
338
342
338
328
326
330
348
353
357
354
348
334
333
332
342
351
362
392
405
415
415
409
407
396
396
389
396
398
415
435
434
443
435
440
446
455
461
471
472
452
445
458
465
480
471
462
468
449
453
458
451
453
451
452
459
456
462
466
464
442
445
449
445
451
458
466
476
467
454
440
427
433
427
426
428
431
456
473
468
458
444
448
451
463
474
487
495
509
509
506
499
494
502
513
539
547
558
535
510
502
493
488
493
497
507
513
505
507
497
510
503
502
496
500
513
512
526
533
545
550
574
587
604
607
595
587
578
589
592
596
600
614
616
598
573
566
557
568
590
590
592
598
587
590
594
592
595
580
586
606
614
622
628
616
611
615
634
641
638
625
631
638
641
637
634
645
652
670
675
680
675
682
677
685
699
710
709
698
717
729
728
719
716
714
709
717
713
709
720
737
741
736
742
702
685
695
696
688
685
686
685
673
671
667
654
654
659
671
666
660
661
651
655
669
686
719
720
701
688
686
689
685
669
666
658
658
643
642
644
650
643
632
609
581
580
583
602
610
603
591
571
556
587
602
602
605
606
609
612
633
667
678
688
692
679
681
682
693
698
684
676
654
657
659
671
685
697
696
686
679
671
675
686
716
733
759
769
753
739
724
718
723
736
752
748
740
727
721
730
731
722
706
700
704
708
714
717
726
737
735
732
729
758
763
764
770
769
758
766
777
790
781
758
750
731
741
733
740
729
714
709
689
687
688
690
709
719
734
727
731
735
734
743
740
745
754
744
739
739
731
730
722
702
708
708
729
747
737
726
711
694
684
691
693
710
718
729
731
728
705
684
666
669
680
683
703
698
703
695
689
670
647
635
619
613
616
620
621
626
620
610
600
597
587
593
616
609
597
590
589
589
593
595
582
574
564
562
553
559
551
531
526
516
520
524
532
539
528
509
502
502
508
513
512
502
497
484
486
488
479
465
460
464
475
475
481
473
464
461
471
474
463
463
467
469
495
507
490
489
474
474
476
468
474
461
450
443
440
449
449
456
438
412
410
407
398
396
397
393
390
396
411
408
404
403
392
378
390
398
399
416
417
425
416
427
421
420
405
383
385
386
398
390
385
373
376
384
381
380
368
367
351
346
353
341
339
339
334
321
317
309
297
297
305
311
302
294
298
301
301
298
296
294
288
291
298
308
309
316
304
307
315
317
324
316
319
319
320
322
314
312
303
304
309
298
281
283
287
294
307
307
290
276
280
289
296
283
280
262
252
262
266
264
271
271
253
249
265
274
290
295
291
294
301
312
301
302
321
312
296
305
296
287
300
310
311
296
289
297
308
325
338
325
297
272
262
268
280
299
289
277
251
239
245
262
286
289
286
292
297
305
318
335
343
327
315
303
295
297
285
300
312
302
306
279
268
268
266
269
282
286
298
311
315
321
338
340
331
316
308
325
331
339
324
293
271
259
273
278
285
275
241
233
230
238
257
270
275
280
302
316
308
279
260
246
265
290
311
315
289
284
263
265
271
271
254
228
217
225
227
212
219
200
193
181
168
179
204
222
221
226
228
248
256
250
254
257
264
264
285
277
253
253
244
236
227
213
199
178
177
190
192
181
180
188
203
194
185
171
155
153
152
152
146
135
123
134
138
147
148
143
141
132
140
136
150
149
148
134
129
139
141
131
144
137
123
114
117
124
128
131
116
129
132
103
93
83
79
86
84
91
86
77
65
57
53
49
37
13
-4
1
12
33
49
44
45
39
37
36
39
45
30
31
27
11
21
6
0
-6
2
2
-3
4
5
19
19
24
32
32
28
36
41
42
39
24
9
-6
-14
-18
-14
-5
4
8
-13
-20
-28
-31
-48
-53
-44
-38
-31
-41
-30
-33
-29
-26
-21
-6
-5
1
-3
-8
2
7
20
20
38
36
32
31
34
33
37
43
37
52
45
48
45
39
51
55
60
67
62
54
53
51
43
33
38
36
38
46
46
45
51
64
70
71
85
92
100
113
111
110
95
99
113
121
128
120
114
108
111
126
138
133
131
124
123
128
120
118
127
131
129
112
91
86
80
91
85
84
77
68
71
61
58
53
48
45
48
40
26
24
32
43
74
103
111
121
106
95
89
77
83
89
99
88
91
90
88
96
84
77
62
53
62
79
105
133
140
122
98
75
77
88
116
126
124
118
118
144
164
163
141
128
127
133
134
140
153
166
153
139
136
126
139
141
158
173
181
181
182
186
188
204
223
238
249
253
256
255
243
232
213
207
219
214
198
197
191
209
213
208
194
181
182
182
207
214
227
234
228
210
195
198
189
206
221
214
207
210
216
218
197
188
173
157
153
156
164
152
134
112
83
73
83
86
102
95
85
93
103
121
122
111
119
121
134
141
145
163
172
169
162
156
151
141
147
159
152
154
143
142
137
145
162
177
201
211
215
214
199
183
176
187
190
197
204
208
208
211
219
213
208
194
187
192
205
230
240
241
244
247
239
236
235
239
240
237
240
245
252
248
236
226
225
221
236
234
241
240
235
222
218
212
223
244
246
250
242
234
223
240
240
237
250
243
245
249
254
257
251
257
239
236
239
240
261
267
271
273
274
267
261
282
300
319
325
331
327
327
333
329
317
313
323
322
318
315
320
336
344
339
335
331
333
330
326
320
322
318
323
332
328
333
322
310
309
311
308
308
292
300
305
307
312
304
294
291
300
313
314
311
298
306
319
326
326
314
306
283
259
260
266
271
283
275
281
291
306
318
325
326
327
330
337
332
329
325
322
327
318
307
305
301
291
286
306
320
327
335
342
349
348
361
358
370
377
367
371
366
341
330
329
315
302
307
303
286
287
271
252
247
257
266
262
277
271
253
252
246
236
248
246
241
237
249
258
246
254
260
260
269
278
249
228
228
239
244
221
227
210
213
228
213
195
192
207
206
183
153
154
164
171
180
167
125
98
84
85
102
104
105
96
77
77
100
110
124
122
127
119
117
140
152
171
181
186
169
168
174
177
185
197
208
196
188
171
177
188
176
168
150
177
203
209
214
211
213
219
235
215
208
235
252
265
245
231
216
221
247
254
243
225
200
195
218
234
231
215
200
206
222
234
226
200
185
180
198
224
231
215
218
201
192
208
205
193
161
146
142
146
144
140
150
145
141
119
115
129
148
164
172
167
168
171
188
186
184
194
186
194
186
190
193
173
174
168
165
147
149
153
153
154
147
146
135
138
132
121
120
118
113
112
115
115
112
118
125
123
135
134
132
127
114
106
108
100
99
96
87
84
88
79
75
53
32
22
24
25
5
1
-1
0
-2
3
4
2
2
3
0
-2
6
15
25
34
32
37
30
21
17
-3
-16
-21
6
25
51
46
19
8
0
4
-8
-11
1
16
21
9
8
-5
-1
15
10
11
-1
-6
-3
9
19
31
42
38
55
65
71
70
81
75
60
60
49
38
30
24
15
16
13
2
-10
-29
-44
-44
-55
-53
-44
-38
-42
-57
-58
-57
-46
-21
-8
-18
-17
-2
15
38
37
30
28
41
57
71
60
51
36
32
26
24
22
24
35
40
52
54
68
67
83
92
94
112
117
111
104
90
94
101
93
97
105
105
89
72
68
73
79
77
68
79
70
73
79
79
94
102
117
114
136
142
141
139
133
128
125
142
141
149
166
162
155
152
166
177
179
182
175
173
148
146
134
121
138
137
139
149
147
137
121
116
137
171
195
216
220
222
232
227
207
197
188
186
195
196
203
199
194
191
185
179
163
143
150
171
189
205
195
173
158
145
166
205
216
211
207
205
204
211
220
220
206
208
209
197
187
190
198
181
186
177
183
187
182
175
177
187
182
174
170
174
192
213
227
235
234
244
235
228
205
188
192
205
221
211
205
192
197
225
232
228
216
204
203
224
255
261
262
255
247
240
240
248
249
246
242
238
244
249
246
242
261
256
251
252
243
237
242
224
195
183
172
168
182
216
208
194
183
186
196
202
221
224
223
229
237
231
220
215
230
238
230
226
237
244
242
250
240
220
213
201
199
208
201
206
212
217
210
187
170
150
156
168
185
202
187
184
185
176
164
144
123
121
103
99
114
115
127
134
140
145
141
150
138
122
109
105
110
129
132
135
133
117
115
116
118
114
114
114
98
88
72
72
82
88
111
107
102
100
95
84
80
79
72
85
73
67
76
60
55
53
31
16
23
24
41
44
36
16
2
-1
-6
13
30
40
42
37
28
18
13
25
29
40
39
29
24
25
32
35
37
43
38
32
26
26
27
29
30
31
54
54
54
50
47
45
45
49
38
54
74
91
76
67
68
53
75
79
95
91
92
92
79
67
58
54
54
63
67
54
41
49
60
80
92
107
107
112
109
114
123
102
84
63
61
73
94
81
61
54
47
47
49
43
32
36
35
41
41
33
36
15
14
21
16
18
17
17
5
0
3
6
-3
-2
-3
-13
-33
-25
-30
-34
-38
-42
-56
-73
-70
-78
-68
-51
-46
-63
-75
-75
-96
-107
-95
-78
-69
-51
-43
-32
-41
-61
-77
-70
-55
-53
-62
-72
-81
-85
-92
-82
-74
-81
-86
-85
-76
-97
-120
-122
-116
-101
-99
-127
-162
-180
-176
-167
-161
-174
-203
-233
-243
-233
-207
-192
-187
-190
-194
-193
-175
-142
-134
-127
-144
-156
-155
-169
-163
-164
-169
-192
-175
-176
-190
-203
-211
-202
-205
-222
-233
-234
-239
-239
-238
-225
-214
-203
-213
-220
-225
-221
-215
-226
-233
-251
-261
-252
-244
-238
-246
-258
-290
-305
-296
-273
-268
-274
-270
-268
-234
-214
-222
-229
-243
-249
-241
-214
-192
-205
-213
-232
-239
-234
-242
-239
-251
-259
-270
-280
-292
-304
-308
-298
-305
-319
-336
-328
-298
-285
-273
-256
-249
-235
-225
-226
-231
-238
-225
-204
-169
-170
-170
-180
-177
-168
-171
-181
-189
-184
-196
-188
-185
-183
-186
-195
-181
-176
-171
-163
-173
-168
-163
-162
-169
-160
-149
-149
-137
-138
-145
-151
-150
-149
-146
-142
-134
-115
-105
-97
-95
-77
-88
-98
-103
-106
-97
-101
-106
-113
-109
-95
-90
-88
-96
-121
-120
-125
-120
-119
-126
-121
-142
-144
-132
-120
-122
-146
-160
-162
-179
-206
-204
-189
-171
-162
-180
-194
-220
-221
-221
-234
-231
-232
-229
-229
-234
-253
-250
-244
-243
-248
-234
-233
-222
-202
-195
-189
-191
-192
-183
-169
-156
-149
-155
-158
-167
-177
-174
-170
-158
-151
-150
-156
-168
-172
-188
-197
-204
-201
-191
-192
-199
-207
-204
-200
-202
-201
-181
-171
-164
-153
-144
-156
-168
-146
-133
-137
-132
-124
-106
-91
-94
-115
-122
-128
-125
-124
-123
-117
-119
-117
-121
-119
-115
-105
-104
-98
-104
-113
-131
-138
-133
-133
-126
-131
-131
-143
-170
-187
-202
-203
-204
-200
-186
-187
-186
-194
-194
-194
-193
-187
-177
-170
-177
-179
-182
-190
-191
-189
-187
-189
-196
-195
-202
-200
-205
-204
-211
-218
-216
-230
-233
-236
-232
-243
-258
-290
-298
-300
-330
-346
-353
-342
-333
-325
-325
-331
-339
-331
-328
-320
-295
-299
-287
-293
-302
-305
-317
-314
-328
-322
-335
-344
-327
-326
-317
-323
-319
-317
-334
-340
-336
-318
-304
-289
-293
-317
-323
-319
-291
-286
-281
-279
-303
-291
-281
-272
-266
-265
-270
-281
-281
-277
-256
-264
-277
-286
-309
-298
-283
-277
-300
-294
-288
-272
-264
-281
-264
-258
-238
-221
-220
-211
-211
-218
-218
-229
-221
-200
-189
-190
-213
-236
-240
-237
-242
-249
-274
-295
-308
-309
-286
-266
-245
-233
-252
-277
-278
-267
-270
-254
-247
-239
-236
-244
-242
-252
-253
-254
-268
-277
-267
-263
-260
-262
-270
-283
-299
-309
-313
-314
-306
-303
-310
-292
-292
-300
-290
-294
-289
-267
-251
-246
-254
-262
-259
-261
-268
-285
-281
-281
-278
-259
-262
-267
-280
-296
-304
-298
-289
-271
-261
-257
-256
-267
-279
-304
-317
-310
-303
-304
-293
-285
-281
-285
-274
-272
-281
-292
-307
-316
-317
-311
-304
-293
-295
-302
-311
-319
-318
-315
-322
-330
-323
-332
-353
-347
-329
-326
-315
-315
-327
-333
-338
-335
-330
-328
-328
-341
-349
-340
-335
-322
-325
-333
-343
-348
-330
-331
-328
-327
-338
-345
-359
-381
-406
-416
-415
-414
-421
-424
-423
-413
-406
-402
-399
-407
-413
-407
-396
-375
-354
-359
-378
-394
-391
-395
-386
-393
-401
-396
-403
-410
-408
-406
-397
-399
-404
-409
-431
-443
-443
-430
-429
-443
-445
-458
-461
-458
-456
-458
-465
-461
-468
-470
-481
-468
-466
-452
-458
-453
-453
-470
-477
-486
-486
-503
-497
-498
-497
-501
-494
-492
-483
-490
-496
-499
-508
-496
-497
-507
-496
-483
-476
-479
-486
-484
-482
-477
-474
-457
-469
-460
-452
-466
-481
-486
-478
-478
-455
-452
-460
-462
-475
-483
-471
-468
-466
-471
-465
-453
-458
-468
-470
-468
-458
-453
-449
-448
-462
-447
-441
-457
-456
-448
-450
-454
-433
-438
-449
-447
-446
-433
-436
-424
-443
-449
-447
-453
-442
-427
-416
-414
-406
-381
-370
-366
-360
-364
-370
-364
-346
-340
-350
-345
-357
-365
-352
-371
-375
-383
-373
-369
-372
-375
-379
-358
-345
-325
-334
-354
-359
-373
-366
-342
-324
-313
-322
-327
-334
-329
-313
-308
-288
-276
-277
-287
-284
-272
-260
-259
-253
-261
-265
-269
-272
-259
-261
-257
-273
-267
-264
-287
-282
-282
-295
-304
-312
-295
-281
-272
-263
-270
-273
-282
-280
-279
-253
-225
-221
-229
-250
-261
-274
-260
-253
-255
-277
-294
-317
-326
-303
-309
-304
-300
-301
-279
-237
-219
-229
-232
-240
-244
-243
-213
-211
-221
-214
-234
-254
-260
-246
-260
-272
-279
-302
-308
-313
-324
-327
-344
-356
-361
-362
-349
-329
-333
-324
-305
-302
-298
-285
-277
-271
-272
-291
-297
-301
-306
-318
-318
-334
-345
-356
-364
-374
-369
-374
-382
-380
-390
-371
-359
-362
-372
-388
-395
-407
-419
-429
-424
-405
-400
-397
-383
-375
-380
-394
-402
-410
-394
-376
-364
-356
-361
-362
-357
-356
-361
-367
-371
-369
-357
-341
-327
-334
-338
-348
-358
-364
-366
-372
-377
-377
-380
-380
-390
-395
-405
-415
-424
-424
-417
-410
-414
-428
-440
-433
-427
-417
-402
-383
-385
-395
-414
-426
-422
-430
-432
-432
-429
-437
-428
-421
-408
-397
-382
-370
-379
-372
-371
-373
-363
-348
-346
-356
-351
-344
-330
-326
-325
-325
-331
-330
-333
-336
-341
-352
-358
-367
-366
-373
-398
-401
-394
-389
-377
-370
-370
-365
-361
-358
-353
-338
-324
-321
-327
-333
-331
-315
-291
-283
-266
-266
-261
-256
-237
-234
-246
-247
-243
-227
-205
-200
-213
-231
-252
-256
-259
-225
-216
-235
-242
-234
-218
-208
-217
-223
-218
-195
-172
-173
-208
-234
-236
-230
-218
-202
-198
-205
-204
-177
-169
-171
-168
-172
-173
-166
-152
-152
-135
-128
-123
-124
-135
-135
-126
-109
-121
-121
-112
-99
-91
-81
-85
-91
-112
-118
-117
-119
-110
-112
-114
-132
-130
-127
-115
-125
-130
-135
-129
-114
-106
-93
-112
-124
-129
-135
-128
-119
-106
-95
-98
-95
-116
-132
-125
-119
-106
-103
-105
-136
-138
-138
-127
-117
-120
-137
-144
-136
-117
-105
-115
-123
-145
-163
-158
-145
-117
-100
-98
-95
-115
-123
-133
-124
-125
-134
-142
-137
-142
-145
-161
-171
-179
-186
-176
-194
-193
-189
-177
-167
-166
-174
-186
-184
-175
-153
-138
-107
-103
-107
-113
-134
-140
-155
-154
-145
-158
-182
-201
-199
-188
-186
-206
-232
-244
-242
-223
-213
-191
-176
-170
-171
-169
-161
-160
-157
-157
-159
-174
-179
-195
-205
-206
-203
-187
-182
-195
-213
-226
-220
-217
-227
-248
-287
-295
-278
-267
-259
-255
-258
-260
-248
-244
-226
-204
-180
-163
-163
-169
-172
-156
-148
-149
-154
-162
-159
-158
-147
-140
-164
-176
-173
-184
-188
-170
-169
-173
-164
-163
-178
-198
-204
-213
-220
-216
-215
-195
-163
-135
-126
-141
-157
-176
-179
-171
-176
-171
-160
-145
-131
-118
-118
-138
-164
-162
-145
-125
-120
-128
-125
-122
-118
-121
-129
-130
-125
-120
-123
-129
-146
-157
-166
-175
-184
-205
-200
-186
-165
-160
-163
-177
-187
-191
-177
-168
-172
-187
-182
-165
-168
-164
-174
-186
-181
-155
-143
-136
-148
-143
-130
-103
-96
-104
-95
-72
-55
-54
-46
-56
-22
-8
-11
-10
11
20
14
12
12
9
10
25
38
38
21
1
-10
-10
-2
10
2
-7
-24
-24
-22
-27
-29
-23
-24
-26
-22
-12
-3
6
5
-13
-18
-13
-1
8
6
5
-9
-8
-16
-6
17
14
2
-3
0
8
12
6
-9
-34
-26
-14
-6
-14
-24
-16
-21
-11
-5
2
-6
-14
-10
-4
-9
-14
-14
1
2
-3
-4
-11
-13
-11
2
16
16
6
2
17
24
23
25
33
38
46
46
18
10
12
2
12
20
17
12
-1
-11
-25
-35
-43
-36
-30
-37
-53
-46
-37
-39
-54
-63
-51
-56
-54
-63
-65
-48
-44
-39
-51
-68
-68
-52
-38
-32
-33
-36
-31
-18
-2
-14
-29
-31
-16
-7
-11
-34
-49
-38
-27
-12
-18
-39
-60
-76
-60
-55
-53
-39
-50
-69
-75
-55
-30
-8
6
19
12
-3
7
22
43
61
54
42
20
5
11
13
17
3
-18
-25
-25
-33
-22
-20
-31
-28
-24
-32
-20
2
5
12
4
-4
-13
-35
-23
-17
2
-1
-28
-23
-14
7
27
19
-17
-31
-29
-17
9
31
29
13
17
41
69
75
60
32
25
28
65
97
95
90
76
54
49
71
84
74
57
39
37
39
32
26
22
24
12
22
50
64
84
74
66
84
112
142
164
174
183
183
174
174
177
182
182
196
192
193
176
153
152
150
151
164
173
178
187
196
177
167
150
128
138
141
143
149
148
164
175
163
177
170
150
138
140
160
181
197
186
176
170
176
202
211
219
219
227
230
237
250
261
262
255
244
262
282
284
279
275
257
246
258
259
264
273
272
282
283
268
245
225
220
227
240
235
246
256
273
279
261
253
244
241
250
250
252
254
269
277
284
278
261
287
294
310
323
343
367
369
352
319
318
343
378
381
372
354
334
324
318
322
317
309
308
304
294
284
271
254
259
278
288
280
294
291
291
291
295
298
316
336
339
354
357
341
324
340
355
370
380
395
398
389
366
362
368
380
393
407
404
402
400
384
376
376
382
394
401
396
386
376
360
352
347
336
343
334
335
344
338
329
305
303
297
297
301
309
324
314
313
315
333
350
334
318
317
320
339
353
355
362
364
364
355
364
370
371
369
360
358
361
355
359
363
365
359
341
328
321
313
310
309
315
318
305
301
312
320
328
339
335
346
342
353
362
374
382
388
386
389
394
369
340
332
328
332
323
314
321
333
354
356
355
325
306
314
324
326
322
297
303
300
288
305
311
296
277
277
273
274
290
292
286
280
271
259
258
259
247
274
296
302
298
277
278
275
262
258
276
296
310
331
334
339
355
367
379
377
363
353
369
389
388
379
350
334
329
346
375
382
361
333
318
312
327
344
373
381
381
377
396
416
425
423
429
459
478
501
511
488
473
454
450
443
436
433
413
389
376
366
352
344
319
291
272
277
278
290
289
290
286
280
291
300
310
325
338
362
376
375
361
346
362
351
363
380
380
375
353
351
348
346
349
358
381
396
405
391
363
325
289
262
251
276
320
354
354
319
295
277
259
263
276
307
335
381
423
428
410
406
411
416
454
484
515
517
509
495
496
486
475
472
487
538
556
558
536
516
493
489
471
468
479
487
500
504
488
459
449
429
408
396
385
393
397
385
356
318
285
260
260
259
261
266
258
243
218
183
175
174
185
204
216
221
201
178
191
226
233
230
231
250
240
253
261
254
225
210
217
224
209
168
147
124
124
142
156
148
146
142
150
152
179
221
255
276
276
289
300
314
341
358
362
369
385
393
401
400
396
418
424
435
436
441
453
468
473
474
480
481
473
461
466
475
487
497
511
498
470
451
450
466
460
443
428
413
400
390
363
350
351
327
312
288
273
257
241
240
209
185
172
165
162
137
122
106
100
96
88
76
74
89
87
70
71
62
67
79
86
77
48
35
13
10
38
40
1
-29
-37
-34
-24
-23
-15
-25
-34
-4
49
97
102
104
90
96
166
250
305
300
269
235
243
289
319
319
289
255
244
266
285
284
281
277
274
271
295
325
348
339
320
330
345
370
415
447
456
477
511
545
569
574
568
556
558
575
594
602
587
555
498
479
470
471
457
417
373
317
297
285
263
239
196
164
167
178
172
161
147
141
117
90
89
91
85
74
50
26
17
26
40
49
15
-21
-50
-50
-15
16
30
18
19
30
66
85
112
108
100
111
159
194
210
226
223
236
265
286
295
290
284
297
310
350
367
382
367
311
287
298
341
374
419
417
379
352
350
383
418
437
435
447
473
525
556
568
564
565
582
636
694
740
761
751
765
783
829
869
883
890
893
885
873
865
852
829
792
763
728
707
701
692
653
603
552
500
492
478
470
442
408
390
371
373
374
353
325
295
279
266
260
251
228
199
173
163
146
119
109
93
83
56
36
-1
-11
-34
-45
-57
-95
-98
-88
-55
-35
-32
-44
-33
16
69
105
124
158
195
216
251
289
349
375
397
441
498
556
583
591
574
554
550
594
666
696
680
638
586
562
570
585
604
610
596
604
636
704
728
713
676
691
762
847
902
908
898
874
883
931
979
978
966
965
977
1004
997
983
957
921
891
852
829
827
828
805
759
712
687
683
672
652
623
595
578
574
577
552
510
475
464
459
443
424
400
396
370
336
292
260
251
263
261
237
200
166
142
128
116
93
59
43
55
51
80
90
90
91
111
139
161
213
262
312
370
432
495
564
601
639
692
716
738
777
861
936
963
944
899
878
850
864
872
871
850
826
808
770
737
705
666
658
683
706
757
798
818
827
826
846
903
965
1023
1058
1081
1088
1090
1112
1134
1138
1148
1166
1184
1201
1205
1186
1140
1089
1066
1027
990
962
945
921
899
864
813
771
710
669
646
645
649
652
645
625
582
545
528
521
532
533
515
481
438
399
371
352
340
317
293
252
240
240
237
204
144
70
31
26
48
98
143
164
160
140
125
127
172
231
300
362
406
436
469
517
556
598
632
664
710
757
806
868
913
934
915
894
885
907
936
974
986
959
901
835
802
788
782
783
789
787
821
857
892
911
882
872
899
967
1067
1139
1167
1163
1148
1151
1149
1169
1188
1210
1235
1239
1258
1251
1225
1174
1120
1069
1032
1032
1052
1038
979
891
807
747
711
685
647
624
600
583
592
579
530
466
411
392
384
377
378
362
338
292
257
244
246
243
240
203
162
115
98
113
114
80
34
2
-15
-17
-6
-11
-41
-75
-62
3
62
110
144
160
205
248
324
422
507
572
592
607
635
684
752
814
845
851
841
874
899
891
855
829
836
844
837
813
753
692
636
625
635
643
651
670
702
723
738
746
787
837
894
928
961
1004
1041
1085
1099
1101
1084
1071
1081
1109
1119
1114
1077
1021
980
942
911
868
835
793
746
695
651
602
546
492
470
440
405
375
357
332
306
271
241
242
244
250
241
202
183
183
187
187
179
157
143
158
168
158
128
108
87
84
56
14
-25
-67
-81
-51
-15
-5
-40
-57
-24
58
127
171
186
191
228
296
414
533
600
632
639
691
761
835
887
938
969
988
984
1006
1006
960
948
951
969
955
927
879
853
821
808
803
805
827
848
885
902
926
939
973
1018
1073
1110
1133
1156
1168
1188
1179
1182
1184
1201
1212
1211
1179
1144
1133
1125
1084
1046
1003
947
898
855
806
744
698
662
639
611
584
552
537
520
471
416
363
373
385
377
347
311
306
321
347
345
309
268
245
263
260
238
210
170
122
95
97
78
61
42
35
39
23
7
-12
-6
20
74
146
195
207
220
249
308
389
442
503
552
600
651
709
760
804
836
870
926
989
1029
1018
980
932
882
862
869
879
831
769
712
674
671
682
688
691
698
705
727
753
769
795
837
875
921
970
1015
1022
1011
996
995
1019
1059
1086
1062
1031
989
940
908
873
813
742
663
615
578
531
470
400
340
310
272
248
221
205
194
190
190
162
144
127
109
109
116
110
96
102
94
72
54
32
24
16
-1
-24
-67
-100
-111
-114
-108
-124
-153
-197
-240
-256
-235
-203
-165
-120
-81
-47
-31
1
53
118
186
279
373
446
498
547
612
676
720
763
835
870
892
886
871
834
770
735
723
709
690
662
618
578
546
540
548
544
551
550
578
610
636
669
715
774
823
851
871
892
895
909
933
974
1004
1003
978
939
897
850
823
795
789
755
702
641
592
529
468
428
385
363
333
303
269
247
213
190
158
138
122
119
134
131
132
124
96
48
27
18
25
30
26
-1
-43
-87
-106
-127
-142
-167
-176
-176
-187
-234
-271
-288
-291
-277
-230
-155
-78
-37
-11
29
75
149
231
331
429
493
559
628
699
739
768
800
863
898
888
890
877
851
821
793
746
721
677
637
585
559
522
497
478
474
480
497
552
572
598
603
621
675
742
812
843
848
860
877
912
939
931
927
929
932
917
885
857
828
792
745
703
643
591
555
494
444
408
367
323
283
244
191
146
131
122
114
96
54
11
-37
-58
-69
-80
-98
-119
-123
-130
-133
-155
-190
-200
-219
-227
-232
-241
-268
-300
-336
-324
-319
-345
-375
-365
-312
-258
-172
-100
-57
-64
-52
10
143
263
345
393
443
493
576
662
721
726
721
746
809
879
891
848
759
681
678
707
714
666
582
495
465
490
504
527
521
516
535
555
589
628
693
761
823
875
908
936
981
1017
1041
1041
1049
1083
1109
1106
1058
992
949
916
900
877
814
731
667
634
596
540
455
373
320
323
328
289
254
195
179
166
143
114
88
72
74
69
61
46
20
-29
-51
-74
-97
-140
-161
-190
-222
-272
-318
-334
-334
-337
-346
-359
-358
-344
-355
-318
-185
-21
43
33
99
202
247
281
419
589
640
609
682
846
931
864
803
844
880
842
737
723
756
723
618
546
560
547
455
358
369
413
387
347
413
537
569
525
598
764
873
862
833
917
1005
1050
1027
1013
1016
1001
922
877
915
932
828
678
627
639
609
490
435
447
407
287
243
268
257
158
69
91
132
131
98
98
92
21
-72
-113
-80
-68
-123
-163
-167
-208
-305
-447
-546
-630
-707
-743
-723
-735
-775
-839
-858
-791
-647
-440
-294
-225
-131
114
434
644
685
624
533
438
404
521
644
602
385
265
308
336
232
111
111
177
156
102
81
71
21
-54
-47
72
219
338
460
586
649
640
647
744
907
995
979
925
905
934
924
845
715
624
578
577
624
670
671
637
608
639
688
679
624
594
613
640
635
560
500
477
445
371
285
228
196
164
127
46
-53
-152
-211
-211
-211
-243
-346
-444
-489
-440
-373
-319
-338
-419
-508
-607
-715
-829
-888
-856
-805
-807
-856
-859
-808
-700
-532
-364
-250
-116
181
604
873
806
550
311
239
282
372
435
337
169
29
52
96
48
-32
-5
108
156
130
59
12
-39
-74
-54
52
235
405
526
622
652
632
619
713
860
943
921
846
799
799
795
734
669
600
581
609
687
759
778
764
772
821
864
849
751
651
551
507
476
457
447
441
415
347
258
131
28
-14
-36
-79
-100
-87
-77
-113
-175
-250
-314
-347
-321
-308
-281
-322
-449
-615
-755
-886
-986
-1080
-1065
-1048
-1042
-1064
-1078
-1017
-896
-712
-486
-184
200
565
747
704
475
235
3
-97
-52
26
-21
-147
-166
-47
45
11
-23
50
184
278
336
344
300
154
8
-18
79
224
348
429
477
513
550
608
711
815
882
862
827
811
798
775
708
631
584
575
679
816
961
1017
1003
978
995
1026
993
892
729
661
618
595
514
457
406
354
333
331
360
317
240
165
151
122
79
27
-19
-48
-91
-150
-181
-187
-179
-211
-289
-397
-511
-660
-877
-1057
-1124
-1154
-1187
-1223
-1157
-993
-767
-598
-380
-168
54
254
547
857
922
680
238
-76
-231
-239
-165
-79
-138
-292
-397
-274
-72
70
104
137
174
236
339
424
384
127
-135
-228
-49
277
550
652
617
585
628
786
957
1041
998
838
729
683
719
744
732
684
617
677
841
1039
1171
1174
1126
1089
1108
1111
1097
981
832
671
592
548
498
445
391
397
362
376
354
363
335
283
221
119
64
28
19
-4
-26
-91
-207
-301
-400
-536
-723
-888
-1014
-1122
-1264
-1383
-1420
-1357
-1187
-927
-549
-214
27
159
396
743
1071
1073
714
177
-277
-543
-563
-364
-186
-254
-521
-642
-503
-221
-88
-52
13
111
195
332
514
505
165
-313
-566
-358
71
448
610
611
539
506
624
843
1031
1018
825
621
582
631
659
633
595
580
605
763
1063
1408
1559
1496
1309
1191
1176
1168
1121
1003
836
658
580
549
564
532
431
324
297
423
630
757
755
584
388
215
145
90
60
85
108
183
197
127
-136
-486
-817
-1043
-1083
-1060
-1024
-1067
-1148
-1171
-1044
-696
-293
81
362
652
1039
1251
1195
789
254
-291
-659
-658
-461
-317
-483
-680
-698
-472
-229
-94
-13
42
89
177
316
371
225
-110
-410
-463
-317
-129
48
164
227
298
416
609
793
801
641
444
345
337
325
288
256
244
266
403
703
1051
1281
1334
1316
1254
1218
1171
1110
992
780
510
318
269
324
324
289
133
62
82
244
466
571
539
286
159
27
50
9
-26
-55
-60
-22
-13
43
-68
-369
-767
-1108
-1235
-1242
-1203
-1262
-1378
-1441
-1297
-891
-394
100
532
887
1080
1051
743
223
-381
-800
-965
-829
-724
-769
-877
-833
-602
-409
-323
-303
-192
-71
93
331
499
450
125
-212
-425
-439
-340
-210
-51
17
47
154
427
709
828
716
530
393
338
283
221
162
79
70
212
525
892
1204
1358
1401
1373
1248
1120
1054
1045
916
752
536
445
441
449
405
267
188
129
249
404
635
729
669
473
299
164
21
-115
-258
-254
-193
-36
20
-52
-373
-769
-1088
-1292
-1352
-1377
-1337
-1176
-986
-741
-511
-157
253
773
1183
1255
958
324
-322
-830
-1030
-998
-905
-936
-1064
-1057
-837
-576
-373
-343
-334
-405
-457
-371
-88
199
205
-8
-285
-432
-450
-391
-297
-266
-307
-314
-81
299
610
716
576
325
50
-104
-155
-142
-145
-175
-113
91
433
779
1094
1280
1299
1172
964
898
897
923
854
779
643
538
476
454
437
344
252
211
330
507
673
776
703
524
320
158
92
-5
-49
-88
-1
31
93
56
-123
-468
-819
-1132
-1253
-1230
-1152
-979
-711
-298
63
384
608
969
1257
1200
659
-24
-551
-740
-621
-445
-479
-785
-1100
-1042
-590
-195
-157
-357
-513
-520
-393
-167
67
159
28
-220
-371
-426
-394
-332
-246
-303
-416
-389
-112
370
667
635
420
180
-6
-140
-237
-313
-360
-322
-145
212
607
929
1069
1068
830
562
396
423
501
518
449
360
331
349
377
422
378
282
190
190
319
484
615
680
645
459
195
-60
-179
-283
-240
-218
-73
24
110
25
-266
-677
-1107
-1256
-1244
-1108
-970
-754
-410
63
647
1148
1462
1426
931
238
-339
-590
-543
-451
-486
-691
-912
-1026
-893
-543
-341
-366
-518
-537
-446
-279
-209
-280
-413
-545
-531
-442
-294
-200
-182
-256
-390
-422
-312
-36
215
317
264
152
38
-25
-74
-185
-326
-452
-435
-227
187
668
1048
1215
1151
912
607
348
192
137
103
106
147
211
264
283
262
226
220
268
355
547
679
758
689
546
307
63
-122
-209
-201
-174
-98
-43
95
142
87
-150
-494
-841
-1009
-978
-823
-581
-216
343
1025
1596
1844
1675
1078
274
-445
-743
-656
-433
-290
-287
-357
-435
-368
-231
-117
-204
-413
-552
-529
-329
-148
-63
-213
-432
-598
-606
-495
-394
-331
-321
-272
-162
17
241
390
444
345
176
59
-15
-71
-184
-296
-361
-330
-118
206
667
1066
1263
1233
1030
776
469
246
41
-15
-44
-35
-20
53
138
166
182
182
278
437
664
860
960
924
755
594
404
176
-84
-294
-335
-246
-69
20
18
-135
-367
-564
-652
-615
-582
-397
-121
249
610
954
1420
1799
1896
1457
640
-154
-630
-614
-386
-234
-248
-338
-266
-36
327
492
384
56
-269
-325
-239
-39
49
16
-157
-329
-376
-280
-101
-10
-23
-55
-20
188
449
656
713
597
371
104
-63
-205
-234
-232
-188
-88
84
381
742
1116
1329
1285
1057
739
511
369
258
110
-71
-175
-246
-185
-97
-7
37
78
136
291
519
768
889
895
778
602
468
299
193
75
15
-72
-89
-152
-266
-443
-632
-792
-861
-792
-595
-262
186
670
1196
1686
2054
2194
1903
1170
214
-501
-751
-593
-298
-140
-229
-413
-412
-48
459
767
650
362
141
73
110
143
93
-94
-283
-419
-368
-166
72
212
189
71
0
144
400
596
614
428
174
4
-76
-149
-234
-300
-364
-278
-46
337
799
1153
1293
1164
930
654
428
220
42
-123
-193
-204
-173
-138
-158
-225
-276
-268
-210
-14
206
449
654
755
721
586
396
96
-188
-428
-501
-386
-208
-134
-338
-650
-1085
-1239
-1181
-869
-445
-1
525
1063
1774
2364
2712
2471
1531
321
-605
-901
-702
-371
-148
-222
-313
-348
-102
324
645
695
509
403
397
508
527
317
28
-288
-438
-370
-100
205
381
468
409
414
480
569
598
501
342
140
82
59
45
-55
-203
-258
-143
122
457
865
1192
1378
1361
1186
938
642
339
16
-195
-285
-284
-262
-276
-317
-384
-395
-409
-328
-224
-53
155
290
372
344
291
163
22
-110
-336
-518
-708
-751
-703
-741
-943
-1349
-1636
-1680
-1347
-758
-185
342
774
1407
2204
2792
2670
1605
248
-868
-1208
-957
-555
-413
-690
-943
-878
-336
202
407
304
61
82
200
344
330
202
-30
-342
-519
-533
-320
-104
35
124
202
354
533
674
654
424
73
-315
-529
-592
-560
-475
-397
-308
-221
51
442
884
1187
1157
966
724
648
602
480
174
-208
-447
-550
-538
-565
-637
-752
-823
-807
-648
-385
-119
-12
-69
-237
-337
-285
-215
-218
-398
-683
-885
-942
-929
-1047
-1342
-1776
-2181
-2300
-2090
-1649
-1199
-867
-468
198
1158
2090
2543
2206
1148
-46
-851
-943
-703
-560
-792
-1217
-1453
-1316
-829
-323
-43
-71
-213
-226
-43
159
187
-45
-415
-713
-807
-640
-322
-33
75
37
-31
93
378
618
634
390
15
-262
-370
-455
-563
-708
-834
-846
-635
-204
380
931
1245
1249
1050
832
701
607
482
215
-61
-296
-446
-542
-656
-817
-1013
-1093
-1058
-819
-532
-251
-129
-135
-229
-323
-400
-458
-492
-542
-566
-700
-760
-1001
-1218
-1638
-2044
-2353
-2461
-2327
-2065
-1537
-852
-36
758
1426
1839
1775
1157
254
-528
-853
-873
-791
-809
-970
-1187
-1326
-1174
-828
-470
-322
-293
-213
-60
110
59
-183
-586
-889
-985
-790
-443
-181
-60
-70
-49
86
303
493
527
432
221
46
-53
-192
-401
-725
-981
-1040
-823
-408
106
598
956
1150
1142
1030
864
723
577
426
292
141
-7
-207
-472
-774
-1021
-1130
-1082
-899
-643
-455
-354
-371
-424
-437
-445
-405
-416
-438
-460
-487
-529
-716
-1037
-1486
-1942
-2211
-2282
-2177
-2014
-1606
-952
-86
813
1448
1613
1234
489
-242
-607
-604
-521
-651
-974
-1418
-1700
-1714
-1484
-1189
-1007
-845
-503
-42
293
283
-85
-695
-1212
-1451
-1353
-983
-623
-393
-340
-281
-157
75
280
309
254
185
154
150
47
-220
-649
-1108
-1408
-1397
-1041
-538
-47
331
568
704
764
746
715
681
608
469
310
145
-35
-236
-578
-936
-1228
-1310
-1179
-891
-620
-464
-484
-607
-760
-753
-734
-669
-717
-751
-730
-650
-538
-662
-919
-1382
-1801
-2167
-2368
-2243
-1879
-1210
-442
363
993
1136
802
28
-541
-760
-540
-183
-80
-380
-1134
-1832
-2195
-2082
-1784
-1528
-1221
-909
-500
-140
58
-53
-479
-957
-1239
-1203
-1007
-828
-773
-874
-968
-908
-574
-107
300
487
424
312
142
11
-256
-587
-959
-1196
-1214
-1039
-678
-289
62
207
196
79
75
236
515
811
905
795
481
89
-289
-675
-972
-1176
-1162
-977
-747
-497
-496
-530
-694
-758
-734
-724
-610
-668
-573
-636
-603
-584
-700
-805
-1159
-1365
-1658
-1809
-1878
-1783
-1315
-766
-83
492
830
817
323
-191
-449
-221
141
258
160
-420
-1095
-1737
-1892
-1652
-1354
-1101
-992
-644
-314
-5
36
-264
-630
-854
-693
-391
-171
-269
-632
-930
-1029
-785
-370
86
458
678
757
662
514
242
-105
-501
-746
-833
-736
-565
-398
-250
-120
-9
92
155
267
460
698
855
867
751
487
201
-156
-455
-713
-819
-838
-760
-711
-665
-645
-613
-530
-431
-326
-323
-373
-476
-581
-572
-522
-401
-460
-668
-940
-1200
-1274
-1259
-996
-787
-468
-75
485
1006
1029
589
-123
-422
-211
329
834
859
311
-660
-1373
-1523
-1275
-1054
-1102
-1071
-813
-323
142
258
52
-406
-598
-450
-7
357
307
-83
-590
-744
-583
-196
89
178
177
111
195
274
306
185
2
-96
-161
-163
-192
-223
-311
-400
-378
-233
46
297
469
532
520
524
493
433
240
0
-260
-491
-699
-858
-917
-902
-846
-779
-762
-684
-606
-538
-509
-544
-530
-503
-419
-357
-427
-575
-920
-1178
-1392
-1382
-1250
-965
-581
-160
402
849
998
643
-21
-570
-579
-138
490
833
749
146
-634
-1211
-1390
-1222
-1131
-1092
-1032
-792
-492
-336
-333
-479
-512
-398
-79
308
510
330
-134
-487
-450
-86
284
425
325
134
-40
-136
-139
-108
-83
-34
41
85
43
-41
-124
-133
-101
13
136
279
273
190
90
107
288
465
599
479
235
-149
-504
-813
-1030
-1060
-968
-745
-585
-488
-538
-660
-803
-824
-773
-638
-486
-352
-239
-260
-385
-692
-1004
-1439
-1669
-1637
-1226
-659
-91
383
641
850
751
471
-45
-335
-203
299
862
1012
720
-25
-799
-1272
-1273
-988
-797
-777
-828
-787
-673
-610
-484
-358
-146
22
164
360
419
334
32
-75
94
447
769
777
606
271
19
-38
82
292
319
262
57
-90
-184
-228
-66
215
604
793
795
579
295
113
20
196
454
774
868
600
147
-404
-717
-849
-793
-648
-596
-489
-529
-523
-625
-741
-765
-792
-598
-507
-263
-108
-72
-200
-516
-800
-1243
-1459
-1446
-1080
-607
-265
85
463
882
971
755
354
68
34
261
626
881
740
247
-276
-568
-687
-812
-958
-1042
-954
-877
-767
-640
-425
-282
-220
-199
-137
80
283
433
430
475
534
684
813
774
623
378
306
380
531
560
434
277
78
-101
-274
-329
-177
118
426
638
655
561
447
415
423
437
486
508
499
363
142
-200
-510
-732
-815
-856
-888
-886
-859
-783
-767
-774
-830
-888
-898
-822
-619
-382
-231
-219
-413
-743
-1106
-1330
-1396
-1232
-964
-646
-264
169
582
694
452
73
29
171
350
590
689
410
-45
-311
-338
-399
-590
-866
-1053
-1134
-1295
-1426
-1279
-840
-452
-302
-317
-348
-330
-269
-109
156
403
627
801
881
810
519
202
127
371
672
809
646
336
40
-109
-178
-215
-140
14
215
346
438
492
478
458
476
533
586
615
559
348
77
-199
-384
-443
-470
-586
-761
-882
-954
-961
-893
-830
-849
-922
-1039
-1039
-908
-657
-441
-298
-363
-548
-874
-1189
-1259
-1126
-810
-499
-263
-12
243
320
152
-5
190
468
736
752
655
354
-68
-239
-155
40
-45
-361
-742
-1105
-1301
-1419
-1289
-965
-603
-352
-361
-479
-655
-621
-270
243
706
837
789
699
617
578
498
589
779
1088
1171
964
614
277
147
145
310
496
570
516
353
290
337
532
771
910
974
933
839
719
561
455
327
168
-28
-228
-285
-432
-553
-698
-716
-676
-688
-713
-852
-877
-864
-718
-572
-393
-337
-347
-485
-602
-733
-829
-834
-672
-389
-128
98
272
424
346
157
162
506
898
1040
929
690
355
68
21
294
399
80
-548
-933
-988
-901
-858
-814
-668
-559
-556
-702
-839
-771
-404
100
497
657
702
702
777
821
824
804
881
1094
1227
1159
885
564
351
318
467
586
571
448
317
320
380
527
664
810
891
874
828
747
700
619
516
340
168
-12
-132
-189
-315
-402
-555
-529
-681
-743
-837
-893
-891
-901
-648
-467
-324
-465
-585
-640
-657
-735
-669
-587
-396
-292
-40
247
356
270
35
196
447
727
785
764
636
375
263
400
544
442
38
-344
-628
-790
-855
-849
-681
-559
-527
-697
-895
-1043
-1034
-774
-323
64
239
263
330
463
604
705
757
876
991
1098
1010
842
637
514
491
540
562
471
355
237
200
244
363
441
486
548
636
680
651
570
471
385
309
180
20
-128
-211
-318
-344
-419
-476
-597
-668
-719
-717
-785
-872
-834
-728
-542
-479
-455
-616
-740
-851
-761
-580
-445
-350
-225
-11
157
181
126
249
446
660
674
662
518
368
304
480
708
640
243
-257
-520
-638
-625
-623
-574
-526
-471
-517
-684
-943
-1049
-866
-447
-109
-20
-27
63
328
578
751
843
956
1004
1006
964
962
914
829
707
665
688
619
447
275
255
316
426
438
437
460
540
631
632
600
504
417
373
343
273
76
-75
-244
-289
-291
-279
-396
-615
-664
-672
-645
-809
-860
-852
-628
-550
-534
-691
-738
-743
-765
-769
-739
-550
-451
-208
-35
174
101
50
116
426
610
629
568
472
403
376
591
693
524
-10
-457
-641
-637
-638
-634
-591
-551
-590
-711
-894
-1000
-958
-754
-486
-305
-280
-300
-167
124
477
687
739
681
664
732
803
802
642
552
513
554
467
351
222
208
219
220
228
268
378
433
471
420
404
307
233
161
204
157
7
-210
-319
-309
-282
-378
-507
-618
-610
-630
-608
-707
-738
-780
-769
-760
-777
-785
-792
-777
-834
-850
-905
-878
-890
-764
-638
-352
-143
-14
-126
-153
-22
201
272
325
379
330
194
165
307
316
39
-369
-522
-537
-587
-801
-876
-835
-685
-681
-812
-1000
-1070
-1000
-807
-585
-495
-500
-452
-196
158
392
403
313
321
439
514
491
396
354
410
470
393
203
44
8
95
132
183
164
202
226
287
321
255
137
-16
-98
-99
-115
-238
-369
-445
-396
-440
-537
-711
-739
-735
-662
-636
-631
-672
-707
-747
-776
-802
-880
-960
-1077
-1058
-1144
-1132
-1242
-1100
-992
-795
-725
-548
-433
-409
-490
-351
-61
191
260
223
173
-70
-203
-175
122
158
-85
-444
-581
-568
-572
-671
-698
-726
-767
-895
-950
-954
-945
-949
-862
-641
-473
-434
-392
-172
111
201
107
62
127
249
269
242
212
206
187
177
158
96
47
27
42
78
116
141
152
127
118
109
62
-29
-168
-229
-289
-312
-395
-471
-516
-594
-701
-840
-892
-863
-802
-812
-803
-752
-674
-726
-771
-794
-791
-912
-1082
-1259
-1312
-1280
-1308
-1343
-1382
-1276
-1205
-1123
-1061
-852
-609
-502
-570
-531
-312
-46
1
-5
-30
-151
-438
-564
-270
98
37
-390
-628
-535
-353
-394
-506
-639
-751
-893
-926
-871
-750
-703
-664
-527
-368
-306
-413
-452
-308
-127
-15
11
47
110
146
208
258
258
181
133
212
358
401
338
263
275
283
303
280
221
92
-20
-78
-86
-150
-239
-301
-371
-456
-571
-652
-701
-752
-764
-743
-720
-731
-729
-669
-582
-563
-656
-726
-795
-811
-910
-956
-1062
-1188
-1304
-1313
-1262
-1345
-1489
-1491
-1354
-1244
-1238
-1111
-796
-550
-563
-788
-835
-683
-439
-301
-266
-380
-625
-754
-489
-10
174
-203
-591
-600
-345
-240
-427
-639
-736
-705
-599
-483
-409
-488
-626
-679
-600
-520
-591
-669
-590
-412
-294
-312
-316
-183
-22
109
152
163
126
152
301
531
625
541
397
334
338
343
322
274
213
101
15
-64
-82
-187
-316
-428
-493
-556
-653
-694
-663
-581
-487
-503
-505
-516
-541
-563
-608
-574
-555
-554
-558
-605
-674
-824
-950
-939
-897
-873
-1057
-1250
-1233
-1091
-916
-909
-929
-990
-1022
-861
-661
-682
-899
-977
-680
-310
-159
-248
-414
-475
-349
58
378
221
-195
-346
-43
229
189
-28
-127
-70
-56
-184
-330
-456
-505
-574
-591
-595
-647
-726
-725
-509
-273
-162
-160
-88
45
190
248
338
412
488
539
549
581
547
481
396
363
384
382
319
169
47
-2
-71
-165
-327
-443
-483
-439
-334
-280
-354
-435
-462
-429
-428
-451
-480
-457
-389
-323
-326
-420
-539
-612
-578
-487
-491
-538
-652
-686
-698
-725
-797
-924
-1051
-1169
-1290
-1293
-1260
-1263
-1314
-1232
-991
-850
-938
-1057
-967
-667
-419
-215
-82
-107
-232
-217
235
683
624
228
11
204
434
415
215
-51
-201
-242
-266
-356
-596
-811
-887
-703
-476
-480
-641
-669
-430
-189
-137
-136
27
173
207
210
327
480
468
417
506
708
718
528
333
314
375
315
130
-15
10
93
71
-31
-115
-186
-226
-272
-203
-129
-122
-171
-229
-237
-253
-291
-328
-353
-305
-240
-181
-256
-381
-400
-281
-199
-271
-453
-621
-711
-810
-976
-1140
-1253
-1381
-1485
-1501
-1421
-1428
-1529
-1559
-1365
-999
-739
-716
-782
-683
-394
-17
250
332
220
54
149
529
784
566
167
36
181
240
71
-163
-303
-370
-420
-419
-454
-581
-742
-787
-634
-512
-603
-729
-648
-393
-282
-400
-479
-243
83
250
178
133
183
256
259
283
369
382
287
173
199
292
321
196
42
16
78
111
64
24
-8
-79
-156
-177
-156
-211
-346
-455
-450
-400
-400
-425
-408
-346
-323
-372
-426
-451
-493
-535
-537
-544
-707
-973
-1114
-1100
-1092
-1323
-1632
-1783
-1729
-1607
-1526
-1496
-1484
-1466
-1372
-1164
-854
-578
-520
-645
-643
-322
52
131
36
-64
-98
-90
114
390
330
-41
-244
-67
108
-13
-214
-251
-248
-359
-500
-552
-624
-772
-899
-824
-679
-711
-838
-787
-491
-272
-348
-472
-352
-30
131
68
52
225
360
307
230
338
500
496
399
395
460
440
354
303
326
289
173
122
136
60
-123
-259
-210
-147
-196
-320
-375
-325
-303
-384
-471
-498
-466
-469
-502
-524
-557
-636
-747
-774
-779
-804
-961
-1072
-1054
-1002
-1019
-1138
-1187
-1161
-1137
-1225
-1336
-1275
-1066
-917
-964
-1069
-951
-700
-586
-700
-796
-671
-432
-238
-143
-105
-199
-333
-220
157
402
183
-185
-247
-53
0
-190
-361
-398
-424
-540
-629
-660
-762
-892
-886
-710
-629
-800
-949
-775
-432
-314
-445
-471
-231
22
71
65
189
314
332
311
416
542
538
448
436
477
448
312
212
236
290
258
120
9
-44
-84
-138
-160
-181
-227
-316
-375
-353
-342
-415
-497
-497
-408
-381
-420
-454
-427
-367
-376
-395
-412
-430
-471
-512
-544
-564
-651
-781
-882
-913
-951
-1054
-1174
-1268
-1289
-1262
-1283
-1331
-1371
-1309
-1134
-955
-852
-895
-954
-935
-777
-580
-430
-352
-348
-438
-497
-374
-106
32
-78
-231
-243
-199
-266
-390
-442
-384
-411
-553
-646
-636
-603
-640
-615
-518
-448
-482
-503
-421
-304
-283
-330
-286
-135
20
60
40
65
87
146
264
381
424
342
289
330
387
388
337
344
354
283
186
134
121
42
-80
-138
-102
-53
-87
-163
-168
-91
-23
-20
-69
-60
12
47
-26
-128
-154
-127
-117
-183
-255
-304
-370
-499
-629
-700
-730
-758
-825
-898
-935
-977
-1019
-1109
-1191
-1214
-1189
-1205
-1260
-1303
-1293
-1217
-1137
-1082
-1025
-962
-902
-854
-773
-653
-513
-385
-287
-253
-223
-147
-24
83
167
263
338
367
338
346
357
354
266
168
118
95
53
-31
-107
-157
-177
-180
-128
-90
-112
-100
-43
49
130
184
247
313
361
375
411
463
488
462
428
434
474
517
556
596
600
525
461
543
687
725
636
536
513
505
457
435
448
423
340
241
195
156
84
-23
-76
-78
-83
-148
-257
-342
-359
-377
-466
-578
-621
-617
-664
-760
-853
-896
-917
-960
-1027
-1106
-1143
-1186
-1201
-1216
-1254
-1251
-1241
-1213
-1211
-1180
-1107
-1008
-885
-795
-734
-659
-534
-380
-225
-113
-48
-61
-43
48
183
284
311
280
206
171
217
282
267
189
129
125
139
138
116
81
51
41
66
87
100
72
52
80
147
208
226
258
311
402
444
456
476
547
611
606
617
661
717
740
707
658
645
682
667
604
526
532
537
477
390
329
311
280
196
113
45
-16
-40
-71
-121
-198
-238
-278
-335
-431
-501
-555
-646
-736
-769
-762
-815
-934
-1033
-1064
-1092
-1109
-1114
-1078
-1082
-1088
-1111
-1093
-1068
-1050
-1031
-1030
-975
-958
-962
-972
-931
-835
-774
-734
-665
-620
-622
-613
-531
-376
-274
-247
-261
-253
-174
-66
33
101
122
95
88
164
261
314
283
221
238
294
314
292
265
284
288
240
210
281
377
397
385
389
431
471
484
504
514
516
525
529
558
587
591
577
547
490
461
481
504
499
473
464
461
444
434
406
340
318
313
281
187
77
-7
-80
-157
-239
-316
-361
-415
-506
-538
-524
-525
-575
-653
-679
-680
-672
-676
-664
-693
-708
-710
-677
-663
-679
-726
-748
-732
-709
-751
-831
-861
-838
-824
-880
-923
-935
-909
-929
-992
-1004
-971
-941
-909
-851
-759
-726
-692
-645
-565
-433
-306
-207
-135
-31
111
248
354
467
568
636
703
753
802
806
782
743
705
710
712
707
667
593
508
480
488
467
427
359
322
310
316
334
344
368
380
385
387
392
407
419
433
441
431
429
424
388
329
292
254
219
181
159
112
43
-16
-78
-142
-175
-208
-263
-313
-353
-359
-379
-396
-415
-447
-515
-573
-582
-556
-548
-587
-634
-649
-658
-689
-736
-755
-749
-777
-805
-829
-840
-870
-885
-916
-953
-1015
-1043
-1066
-1082
-1089
-1121
-1129
-1131
-1093
-1040
-984
-927
-879
-812
-723
-626
-516
-434
-356
-289
-213
-112
-9
106
202
265
323
392
479
555
607
620
612
614
634
706
740
700
609
524
501
513
500
439
387
337
309
275
246
231
215
179
146
137
159
161
162
168
172
142
99
105
152
172
139
97
91
112
123
109
94
73
51
11
-5
4
3
-29
-80
-108
-118
-132
-168
-218
-284
-327
-330
-354
-419
-496
-562
-597
-616
-647
-696
-764
-799
-796
-780
-790
-834
-869
-866
-838
-802
-776
-771
-752
-743
-725
-718
-724
-741
-753
-706
-632
-601
-637
-655
-608
-541
-506
-538
-568
-557
-514
-461
-411
-376
-369
-375
-380
-335
-283
-207
-159
-110
-43
9
61
98
125
169
230
299
348
392
420
425
456
453
436
422
384
362
340
322
298
250
185
109
50
17
-4
-29
-65
-107
-117
-108
-95
-99
-108
-127
-153
-148
-119
-84
-87
-104
-110
-105
-116
-143
-166
-168
-167
-170
-188
-215
-249
-272
-302
-324
-351
-413
-456
-480
-480
-501
-533
-576
-601
-619
-646
-686
-703
-706
-705
-708
-713
-686
-659
-637
-610
-588
-568
-510
-458
-420
-405
-416
-427
-429
-426
-434
-455
-456
-434
-441
-461
-495
-536
-560
-567
-586
-618
-629
-637
-639
-625
-633
-643
-646
-622
-579
-534
-491
-492
-480
-445
-359
-289
-237
-201
-159
-84
-17
33
76
119
147
166
195
228
272
306
318
312
261
219
201
186
155
95
11
-48
-115
-177
-212
-241
-259
-283
-324
-351
-378
-404
-417
-434
-435
-434
-440
-455
-466
-476
-489
-509
-541
-560
-561
-552
-527
-530
-544
-540
-534
-501
-498
-519
-520
-504
-479
-463
-470
-480
-467
-474
-489
-506
-499
-470
-469
-488
-514
-523
-499
-479
-470
-481
-501
-510
-530
-540
-541
-528
-534
-568
-612
-636
-642
-639
-657
-673
-679
-679
-690
-709
-720
-747
-754
-741
-709
-675
-663
-682
-686
-675
-672
-662
-641
-606
-574
-575
-584
-568
-529
-500
-501
-510
-470
-414
-380
-368
-368
-353
-316
-264
-219
-167
-117
-86
-76
-72
-61
-38
0
16
-16
-68
-106
-114
-132
-170
-227
-262
-289
-326
-353
-390
-406
-405
-402
-405
-407
-409
-401
-377
-354
-362
-356
-323
-298
-292
-270
-239
-213
-191
-188
-158
-122
-100
-85
-90
-96
-115
-130
-121
-124
-149
-203
-235
-243
-258
-284
-296
-304
-324
-344
-350
-355
-365
-370
-365
-344
-316
-304
-292
-283
-292
-283
-279
-267
-243
-227
-223
-237
-268
-299
-315
-325
-356
-400
-433
-462
-485
-525
-552
-558
-587
-615
-661
-698
-699
-732
-776
-823
-851
-843
-847
-850
-856
-883
-854
-812
-757
-717
-714
-700
-660
-584
-482
-395
-333
-314
-295
-238
-162
-87
-71
-33
-15
-4
10
18
22
20
-8
-50
-76
-84
-90
-93
-93
-114
-163
-198
-216
-220
-228
-251
-265
-264
-271
-284
-277
-251
-248
-271
-291
-288
-276
-271
-284
-251
-211
-181
-160
-147
-125
-114
-96
-76
-44
-11
12
23
26
26
8
-16
-35
-36
-42
-61
-89
-105
-114
-133
-177
-219
-224
-210
-204
-218
-242
-276
-319
-361
-405
-421
-435
-486
-536
-579
-598
-611
-638
-681
-730
-757
-775
-794
-794
-811
-835
-872
-919
-936
-945
-933
-943
-946
-934
-919
-899
-873
-871
-889
-883
-869
-849
-829
-806
-778
-744
-728
-701
-665
-620
-591
-562
-544
-505
-417
-358
-299
-255
-236
-237
-217
-189
-173
-148
-132
-118
-131
-149
-151
-144
-143
-149
-164
-170
-158
-173
-194
-200
-194
-189
-199
-191
-197
-193
-170
-159
-135
-130
-110
-111
-119
-119
-115
-90
-68
-36
-41
-50
-75
-99
-81
-89
-124
-167
-177
-187
-204
-241
-285
-304
-331
-366
-371
-372
-363
-354
-350
-360
-384
-412
-427
-417
-433
-437
-448
-454
-461
-490
-524
-572
-606
-624
-632
-651
-683
-704
-724
-754
-776
-801
-815
-842
-885
-906
-923
-934
-941
-955
-952
-938
-930
-947
-965
-958
-949
-947
-930
-911
-882
-873
-879
-850
-826
-792
-765
-711
-666
-637
-624
-576
-517
-457
-420
-389
-314
-245
-198
-160
-110
-97
-65
-11
25
71
124
180
214
240
254
266
288
289
282
275
283
272
245
228
193
170
153
130
94
54
42
42
47
15
-18
-34
-44
-42
-52
-69
-65
-58
-57
-71
-80
-89
-96
-105
-109
-102
-91
-96
-104
-98
-97
-87
-91
-117
-141
-167
-185
-190
-195
-216
-250
-268
-292
-328
-361
-396
-410
-438
-477
-507
-541
-553
-583
-611
-649
-669
-671
-674
-664
-670
-645
-640
-654
-673
-690
-678
-658
-623
-611
-619
-627
-634
-627
-628
-622
-580
-553
-542
-558
-555
-516
-459
-422
-406
-405
-401
-371
-348
-329
-310
-293
-279
-248
-250
-253
-226
-200
-178
-128
-81
-56
-36
3
69
118
156
167
168
194
209
238
265
278
274
262
260
251
248
257
280
290
244
200
176
170
170
160
162
142
133
119
92
72
55
38
8
-6
-14
-16
-40
-78
-106
-136
-174
-213
-243
-260
-285
-283
-280
-288
-324
-344
-350
-345
-334
-321
-318
-321
-316
-308
-301
-294
-275
-274
-275
-272
-266
-265
-280
-295
-291
-282
-260
-252
-265
-281
-301
-328
-363
-385
-391
-381
-381
-388
-390
-400
-413
-416
-423
-440
-455
-452
-411
-373
-351
-339
-327
-321
-332
-334
-319
-296
-258
-230
-223
-216
-211
-215
-191
-146
-136
-147
-159
-143
-121
-86
-83
-100
-103
-86
-42
2
25
39
39
51
60
74
96
97
102
110
108
101
94
99
91
84
69
78
68
60
55
33
8
-21
-37
-66
-96
-134
-164
-184
-181
-182
-196
-221
-231
-228
-222
-200
-191
-174
-148
-114
-106
-103
-132
-151
-145
-133
-126
-134
-139
-140
-136
-145
-145
-171
-188
-177
-155
-146
-167
-198
-214
-204
-192
-194
-212
-232
-247
-245
-241
-233
-230
-238
-231
-209
-197
-209
-211
-208
-198
-186
-193
-206
-224
-235
-238
-245
-251
-260
-260
-244
-230
-205
-181
-178
-187
-194
-184
-185
-182
-181
-190
-190
-186
-185
-206
-224
-238
-245
-229
-223
-246
-281
-318
-347
-378
-383
-407
-442
-475
-478
-452
-437
-447
-471
-467
-437
-388
-341
-295
-240
-207
-175
-130
-114
-74
-33
4
49
77
80
73
80
86
83
72
46
38
39
35
11
-18
-47
-97
-132
-143
-156
-180
-192
-234
-250
-259
-269
-273
-275
-279
-274
-271
-255
-234
-218
-209
-200
-194
-183
-159
-142
-137
-138
-143
-145
-121
-126
-125
-110
-96
-85
-95
-128
-155
-156
-136
-124
-129
-166
-198
-230
-239
-208
-182
-173
-188
-210
-216
-210
-210
-210
-227
-244
-272
-309
-316
-322
-338
-376
-397
-417
-423
-449
-465
-462
-463
-465
-479
-492
-514
-506
-508
-485
-459
-452
-462
-501
-506
-506
-495
-475
-481
-499
-516
-521
-504
-463
-447
-459
-471
-462
-435
-404
-368
-344
-329
-316
-268
-224
-203
-189
-167
-154
-125
-84
-46
-37
-24
-8
17
57
85
98
102
109
104
103
95
103
89
66
44
17
5
-2
-8
-25
-61
-75
-78
-81
-58
-30
-28
-58
-64
-61
-54
-47
-56
-57
-55
-54
-50
-45
-58
-77
-104
-112
-104
-89
-72
-73
-85
-100
-118
-114
-118
-148
-170
-189
-195
-211
-218
-227
-228
-235
-257
-267
-277
-273
-286
-305
-304
-295
-286
-273
-264
-269
-264
-267
-271
-291
-284
-264
-263
-261
-283
-288
-281
-267
-259
-269
-274
-295
-321
-324
-319
-340
-352
-346
-331
-299
-294
-299
-307
-311
-294
-277
-257
-221
-190
-160
-156
-157
-141
-112
-94
-81
-47
-18
-2
13
55
105
138
138
137
146
142
171
208
214
223
216
221
223
227
240
225
232
249
256
276
270
270
273
271
250
225
215
219
221
197
156
127
105
98
86
48
19
-6
-16
-14
-22
-42
-53
-61
-86
-106
-126
-128
-155
-166
-165
-185
-188
-200
-206
-212
-225
-236
-247
-228
-220
-201
-195
-219
-223
-235
-223
-210
-191
-178
-168
-163
-168
-172
-185
-195
-205
-208
-199
-192
-188
-189
-184
-202
-215
-225
-209
-189
-189
-197
-182
-150
-142
-126
-122
-101
-95
-77
-63
-38
-16
-18
-28
-20
3
23
14
-1
-15
-45
-29
-15
-7
-3
-25
-35
-39
-29
-9
-5
-8
-24
-25
-33
-38
-34
-46
-54
-51
-51
-36
-25
-23
-32
-13
17
49
89
111
114
116
118
112
133
133
124
114
99
93
89
78
67
44
14
-20
-71
-104
-112
-129
-167
-209
-254
-287
-321
-341
-363
-368
-351
-376
-394
-398
-388
-387
-387
-375
-388
-400
-416
-407
-376
-369
-367
-360
-360
-329
-318
-329
-303
-282
-268
-250
-251
-247
-224
-192
-154
-135
-124
-122
-136
-139
-163
-186
-197
-194
-181
-194
-218
-232
-228
-211
-200
-223
-256
-271
-280
-262
-248
-229
-233
-247
-249
-253
-237
-224
-208
-202
-215
-209
-196
-176
-185
-190
-205
-208
-212
-221
-212
-228
-230
-239
-242
-239
-260
-284
-286
-277
-263
-266
-258
-258
-267
-275
-285
-289
-293
-297
-313
-321
-310
-318
-310
-302
-298
-320
-338
-336
-302
-280
-281
-290
-312
-321
-316
-304
-268
-235
-223
-225
-219
-214
-238
-251
-262
-273
-265
-237
-206
-199
-207
-226
-260
-293
-312
-323
-331
-334
-346
-347
-350
-356
-352
-350
-339
-346
-356
-342
-336
-317
-313
-314
-328
-340
-322
-298
-266
-238
-239
-250
-246
-242
-227
-206
-197
-202
-196
-180
-173
-176
-185
-204
-223
-246
-251
-234
-227
-222
-249
-266
-289
-304
-319
-326
-322
-342
-337
-345
-345
-343
-355
-383
-373
-366
-357
-346
-332
-314
-299
-292
-298
-314
-330
-322
-338
-316
-328
-363
-383
-394
-406
-425
-422
-418
-428
-442
-450
-485
-516
-518
-517
-503
-498
-486
-481
-488
-482
-459
-449
-451
-452
-447
-438
-419
-406
-405
-405
-420
-412
-396
-388
-385
-374
-369
-370
-390
-389
-382
-376
-354
-350
-356
-361
-369
-354
-346
-342
-340
-333
-315
-324
-306
-303
-297
-302
-313
-329
-332
-320
-320
-316
-333
-347
-371
-384
-373
-380
-372
-378
-382
-376
-366
-366
-374
-359
-347
-345
-345
-327
-305
-305
-316
-324
-318
-311
-310
-321
-326
-329
-331
-324
-335
-346
-362
-386
-401
-406
-433
-448
-454
-470
-485
-501
-510
-512
-508
-504
-510
-509
-504
-482
-473
-465
-466
-482
-474
-463
-440
-416
-405
-388
-366
-367
-360
-362
-368
-348
-344
-350
-347
-350
-332
-307
-281
-274
-285
-292
-291
-270
-246
-220
-227
-257
-271
-272
-254
-216
-194
-195
-212
-239
-228
-206
-199
-197
-215
-230
-244
-244
-242
-240
-254
-287
-303
-317
-329
-342
-340
-330
-320
-346
-352
-356
-350
-331
-324
-310
-298
-279
-273
-282
-299
-320
-317
-316
-314
-317
-335
-337
-341
-325
-318
-328
-346
-377
-380
-379
-367
-357
-365
-382
-398
-394
-400
-393
-404
-418
-416
-411
-392
-385
-398
-406
-408
-425
-428
-435
-431
-423
-425
-434
-449
-457
-462
-452
-433
-404
-396
-389
-390
-376
-355
-336
-306
-286
-257
-235
-216
-205
-188
-174
-180
-186
-175
-165
-151
-145
-137
-131
-147
-168
-179
-167
-156
-146
-139
-127
-120
-123
-124
-129
-148
-163
-164
-163
-154
-160
-162
-171
-187
-192
-201
-210
-223
-234
-252
-257
-255
-248
-250
-273
-281
-284
-287
-278
-283
-281
-292
-291
-304
-311
-302
-306
-299
-278
-259
-259
-272
-301
-314
-328
-341
-355
-337
-309
-309
-323
-336
-356
-381
-387
-399
-398
-402
-408
-412
-423
-436
-454
-473
-472
-484
-482
-488
-502
-507
-524
-519
-516
-501
-495
-493
-505
-483
-471
-442
-443
-439
-437
-424
-397
-382
-365
-358
-340
-339
-327
-333
-328
-319
-309
-297
-285
-293
-283
-279
-285
-288
-302
-301
-283
-259
-256
-265
-278
-297
-297
-281
-263
-253
-243
-240
-233
-237
-234
-231
-232
-225
-214
-202
-185
-177
-180
-169
-182
-198
-196
-187
-169
-162
-173
-177
-192
-197
-196
-196
-208
-213
-222
-211
-214
-228
-241
-247
-259
-262
-264
-270
-262
-279
-284
-280
-289
-299
-304
-315
-311
-304
-306
-315
-331
-329
-315
-296
-297
-293
-292
-306
-291
-286
-290
-288
-299
-295
-283
-286
-289
-281
-271
-252
-264
-259
-257
-248
-240
-242
-233
-249
-250
-238
-242
-240
-225
-212
-214
-218
-202
-184
-171
-173
-176
-169
-148
-120
-95
-95
-112
-122
-122
-110
-102
-104
-118
-129
-130
-132
-136
-141
-141
-129
-110
-110
-130
-146
-169
-149
-139
-139
-133
-165
-167
-165
-174
-169
-158
-162
-172
-177
-174
-170
-177
-189
-197
-206
-213
-209
-212
-227
-250
-260
-268
-265
-263
-289
-311
-312
-305
-300
-309
-322
-336
-333
-324
-304
-279
-267
-272
-274
-285
-295
-300
-292
-280
-269
-270
-269
-278
-291
-299
-300
-306
-319
-316
-332
-319
-300
-292
-288
-291
-306
-317
-297
-288
-289
-294
-295
-297
-283
-275
-286
-293
-290
-274
-266
-274
-266
-257
-248
-246
-266
-295
-305
-298
-300
-288
-295
-299
-276
-254
-239
-231
-224
-228
-222
-212
-208
-208
-215
-216
-207
-207
-209
-217
-231
-241
-244
-247
-262
-271
-290
-301
-303
-304
-297
-289
-288
-293
-315
-331
-358
-376
-393
-404
-404
-391
-390
-396
-401
-403
-395
-397
-403
-422
-424
-430
-406
-409
-413
-414
-428
-451
-460
-453
-449
-446
-460
-460
-467
-455
-459
-471
-482
-501
-502
-506
-517
-537
-544
-549
-541
-550
-558
-560
-558
-553
-551
-538
-549
-542
-536
-534
-532
-527
-523
-513
-500
-497
-487
-480
-479
-488
-484
-464
-465
-463
-451
-429
-404
-390
-383
-376
-370
-367
-345
-323
-293
-268
-268
-267
-282
-264
-254
-244
-248
-257
-266
-274
-276
-286
-292
-295
-299
-317
-306
-296
-295
-295
-306
-318
-342
-348
-341
-336
-328
-329
-335
-337
-330
-314
-308
-301
-303
-307
-304
-298
-282
-275
-283
-280
-276
-274
-273
-270
-282
-286
-275
-269
-265
-278
-291
-300
-308
-290
-288
-288
-289
-299
-297
-299
-321
-328
-329
-324
-321
-334
-326
-333
-340
-340
-343
-339
-340
-334
-335
-339
-331
-318
-315
-326
-337
-353
-360
-350
-326
-321
-320
-311
-313
-307
-306
-327
-353
-358
-349
-357
-357
-368
-384
-393
-395
-399
-415
-418
-417
-419
-433
-435
-448
-471
-483
-480
-465
-461
-467
-483
-508
-487
-469
-471
-468
-468
-467
-461
-440
-435
-429
-423
-425
-422
-420
-424
-433
-441
-437
-444
-444
-451
-467
-450
-436
-428
-430
-448
-473
-497
-507
-496
-486
-497
-510
-511
-530
-560
-552
-527
-511
-509
-521
-534
-529
-514
-502
-489
-468
-471
-474
-485
-478
-459
-462
-471
-489
-495
-499
-513
-526
-518
-523
-527
-538
-541
-524
-526
-518
-520
-518
-517
-524
-524
-524
-523
-538
-542
-556
-573
-554
-524
-508
-493
-506
-537
-564
-571
-549
-534
-523
-539
-524
-512
-507
-515
-532
-552
-568
-561
-536
-521
-504
-513
-527
-537
-554
-562
-562
-574
-577
-582
-576
-567
-570
-568
-584
-606
-607
-598
-580
-561
-557
-527
-510
-497
-466
-440
-419
-414
-416
-404
-393
-375
-364
-355
-337
-325
-323
-311
-307
-316
-332
-349
-345
-341
-329
-321
-321
-339
-333
-338
-360
-370
-381
-396
-418
-426
-425
-429
-420
-412
-416
-427
-437
-431
-427
-420
-415
-399
-381
-387
-391
-384
-378
-365
-360
-376
-395
-405
-402
-401
-392
-388
-381
-381
-373
-372
-385
-403
-419
-427
-427
-418
-426
-438
-442
-421
-403
-414
-433
-445
-459
-462
-455
-446
-422
-409
-395
-416
-438
-450
-453
-439
-424
-428
-434
-425
-435
-422
-419
-419
-426
-422
-411
-399
-394
-404
-393
-382
-371
-376
-381
-383
-384
-366
-350
-348
-357
-373
-379
-380
-370
-369
-376
-375
-375
-375
-369
-373
-376
-389
-394
-389
-377
-373
-372
-364
-363
-370
-378
-368
-363
-364
-368
-378
-379
-386
-378
-376
-372
-368
-366
-360
-351
-341
-340
-345
-358
-355
-349
-331
-328
-340
-336
-336
-341
-354
-357
-348
-339
-327
-336
-371
-385
-383
-378
-379
-395
-405
-427
-439
-450
-470
-487
-510
-522
-540
-542
-547
-544
-552
-553
-554
-564
-549
-529
-519
-520
-519
-531
-539
-540
-540
-529
-539
-548
-553
-551
-530
-513
-509
-517
-539
-552
-565
-560
-537
-533
-523
-543
-559
-564
-567
-572
-575
-570
-544
-522
-511
-521
-520
-530
-534
-519
-505
-481
-455
-447
-445
-453
-462
-457
-468
-466
-468
-483
-488
-491
-480
-469
-469
-477
-502
-515
-505
-479
-455
-436
-449
-476
-498
-518
-502
-480
-456
-448
-453
-467
-477
-453
-429
-415
-404
-412
-436
-433
-422
-423
-431
-445
-453
-470
-480
-497
-499
-498
-504
-514
-513
-511
-523
-516
-504
-471
-441
-424
-421
-424
-433
-454
-469
-484
-483
-471
-474
-491
-507
-525
-522
-518
-509
-516
-537
-535
-516
-497
-478
-477
-480
-480
-478
-471
-460
-452
-461
-474
-461
-447
-446
-435
-409
-409
-411
-400
-401
-408
-402
-394
-388
-393
-404
-419
-424
-421
-408
-401
-399
-382
-379
-364
-359
-336
-332
-321
-303
-293
-281
-280
-290
-301
-297
-296
-296
-291
-282
-279
-289
-292
-299
-321
-310
-294
-275
-257
-250
-257
-268
-262
-257
-275
-311
-326
-332
-315
-303
-295
-297
-301
-312
-328
-345
-370
-372
-368
-364
-344
-340
-346
-356
-353
-355
-362
-362
-353
-339
-329
-330
-327
-326
-329
-339
-344
-335
-308
-302
-312
-326
-330
-321
-309
-302
-319
-323
-325
-312
-308
-309
-319
-327
-333
-336
-336
-335
-339
-338
-336
-360
-362
-378
-391
-409
-418
-416
-413
-402
-393
-387
-380
-376
-383
-380
-385
-366
-352
-329
-310
-313
-317
-345
-349
-343
-334
-311
-304
-311
-305
-310
-327
-330
-324
-327
-328
-323
-323
-345
-353
-362
-365
-363
-370
-361
-354
-350
-339
-341
-334
-342
-340
-311
-300
-295
-297
-285
-276
-278
-279
-275
-271
-276
-283
-284
-288
-289
-293
-286
-287
-277
-284
-297
-297
-308
-316
-323
-317
-307
-315
-318
-328
-327
-317
-324
-327
-327
-326
-330
-326
-313
-309
-326
-328
-328
-341
-343
-341
-337
-337
-348
-346
-335
-332
-319
-304
-292
-291
-300
-301
-287
-270
-260
-261
-255
-254
-242
-226
-218
-216
-223
-219
-225
-224
-223
-210
-197
-199
-200
-208
-224
-240
-243
-253
-258
-255
-255
-246
-247
-265
-277
-284
-293
-277
-275
-288
-304
-308
-300
-290
-278
-265
-248
-258
-247
-240
-243
-246
-259
-265
-279
-288
-280
-268
-264
-259
-259
-272
-285
-293
-281
-257
-245
-242
-262
-261
-253
-241
-214
-211
-188
-191
-202
-191
-187
-181
-174
-178
-185
-177
-175
-186
-206
-203
-216
-214
-211
-222
-217
-223
-225
-236
-250
-243
-251
-248
-224
-210
-184
-167
-167
-159
-166
-180
-200
-190
-166
-175
-195
-209
-202
-174
-149
-139
-150
-186
-205
-208
-183
-167
-158
-162
-184
-187
-188
-191
-197
-225
-240
-250
-234
-213
-205
-220
-233
-241
-259
-262
-256
-241
-242
-249
-270
-289
-287
-298
-302
-307
-311
-312
-293
-266
-257
-243
-236
-215
-179
-152
-128
-122
-129
-138
-146
-159
-156
-152
-159
-147
-161
-176
-176
-194
-216
-229
-221
-216
-207
-211
-216
-218
-215
-216
-217
-231
-242
-250
-247
-229
-227
-216
-207
-186
-181
-188
-188
-205
-223
-220
-188
-157
-134
-135
-138
-129
-115
-99
-91
-81
-101
-104
-103
-92
-84
-73
-75
-86
-94
-103
-109
-107
-114
-130
-139
-154
-175
-180
-168
-162
-159
-176
-205
-213
-227
-223
-214
-205
-195
-211
-214
-216
-223
-222
-220
-221
-222
-228
-217
-208
-192
-183
-192
-195
-204
-195
-180
-165
-144
-141
-135
-131
-127
-124
-113
-114
-104
-92
-92
-102
-109
-117
-130
-128
-146
-155
-155
-157
-164
-170
-184
-201
-199
-195
-198
-202
-184
-179
-162
-160
-148
-150
-138
-126
-115
-99
-95
-90
-94
-77
-63
-56
-54
-49
-38
-33
-40
-32
-24
-26
-23
-9
-5
-1
-2
-8
-4
-13
-10
-13
-13
-11
-15
-12
-7
-10
-21
-17
-17
-18
-23
-7
5
-2
-4
-7
-3
-2
6
15
15
28
25
20
22
32
38
52
53
56
67
66
63
56
54
50
53
38
26
23
25
13
22
17
21
23
3
-10
-18
-16
-23
-38
-51
-54
-67
-68
-76
-88
-94
-99
-88
-90
-82
-92
-106
-95
-91
-76
-67
-55
-47
-42
-45
-48
-64
-65
-60
-69
-55
-54
-82
-82
-59
-27
-7
-14
-33
-53
-55
-30
1
21
30
18
9
4
13
33
55
55
53
44
53
62
81
107
90
67
47
41
43
30
33
37
44
39
18
-3
0
7
20
24
9
-2
1
24
51
76
80
82
72
60
38
25
24
38
66
59
38
13
10
17
36
35
17
6
3
7
15
28
33
34
38
51
55
57
63
65
64
67
70
64
61
46
37
23
33
29
17
7
-13
-20
-37
-40
-38
-34
-34
-34
-20
-13
-13
-13
-10
-25
-32
-23
-6
25
46
46
31
33
37
44
62
74
80
96
107
109
87
63
64
54
59
76
91
108
117
115
112
111
107
96
88
90
92
100
114
121
125
127
118
105
97
90
74
80
107
145
160
157
164
158
155
162
168
166
169
162
164
169
158
147
149
145
136
137
139
135
118
100
95
91
103
107
126
129
126
123
96
87
89
85
91
112
130
135
128
98
103
98
91
88
64
69
69
72
82
82
89
86
88
98
93
104
109
131
147
147
140
113
114
121
124
144
147
144
127
118
105
86
79
67
49
36
27
15
2
-1
-8
-14
-22
-30
-32
-39
-37
-32
-16
-8
8
5
16
32
31
16
-3
0
20
36
52
53
49
42
46
44
40
37
39
60
46
33
5
-9
-13
-14
-4
0
7
8
6
2
-5
-5
-6
7
9
7
10
7
0
-9
-5
-11
-11
-8
-7
-2
5
28
24
21
24
23
36
35
32
20
20
35
32
34
28
22
8
-6
2
-15
-36
-34
-38
-50
-64
-59
-55
-80
-84
-91
-91
-79
-94
-112
-134
-135
-137
-132
-125
-129
-138
-139
-132
-121
-125
-129
-120
-102
-89
-78
-75
-70
-57
-63
-67
-70
-83
-92
-91
-104
-112
-120
-128
-126
-116
-110
-137
-160
-184
-201
-194
-179
-161
-172
-198
-204
-219
-215
-192
-200
-223
-244
-255
-251
-243
-237
-235
-246
-256
-254
-255
-258
-275
-265
-265
-269
-284
-312
-313
-316
-301
-287
-294
-308
-314
-304
-270
-254
-243
-224
-217
-225
-221
-221
-247
-239
-225
-214
-209
-226
-225
-224
-210
-204
-206
-239
-254
-246
-231
-203
-205
-217
-216
-229
-215
-211
-196
-192
-203
-189
-186
-178
-181
-189
-193
-198
-201
-191
-197
-205
-220
-234
-246
-257
-262
-256
-243
-242
-248
-257
-257
-243
-224
-215
-215
-219
-216
-216
-204
-207
-218
-233
-242
-251
-264
-260
-253
-252
-243
-232
-247
-270
-275
-283
-299
-304
-312
-296
-287
-296
-304
-306
-303
-297
-311
-321
-330
-332
-300
-291
-283
-290
-311
-327
-336
-345
-368
-365
-346
-315
-304
-303
-292
-301
-299
-297
-297
-285
-282
-280
-291
-304
-308
-311
-307
-291
-283
-296
-300
-307
-299
-299
-308
-310
-323
-309
-289
-284
-283
-293
-308
-321
-317
-322
-305
-298
-301
-299
-292
-299
-316
-313
-315
-322
-329
-317
-304
-282
-269
-281
-273
-272
-270
-255
-244
-232
-228
-217
-217
-209
-204
-213
-231
-245
-240
-225
-204
-203
-214
-221
-229
-235
-229
-225
-226
-237
-240
-240
-249
-255
-257
-271
-272
-264
-259
-269
-274
-286
-283
-268
-284
-285
-283
-267
-261
-255
-248
-250
-242
-242
-246
-258
-263
-262
-261
-260
-253
-242
-253
-247
-243
-249
-250
-242
-230
-228
-220
-214
-214
-209
-203
-196
-185
-192
-199
-211
-229
-231
-229
-234
-230
-231
-228
-240
-255
-258
-267
-273
-285
-284
-285
-277
-277
-279
-273
-277
-277
-277
-259
-242
-232
-237
-245
-249
-243
-234
-229
-239
-236
-228
-226
-213
-206
-214
-247
-267
-279
-273
-270
-284
-288
-299
-300
-306
-307
-320
-322
-327
-325
-299
-296
-298
-300
-321
-320
-313
-306
-301
-307
-316
-332
-327
-324
-330
-341
-356
-355
-342
-343
-346
-349
-342
-322
-304
-323
-353
-378
-383
-365
-326
-314
-334
-366
-384
-387
-379
-355
-327
-333
-331
-327
-344
-336
-322
-317
-314
-317
-321
-311
-304
-318
-329
-331
-342
-344
-349
-355
-343
-337
-352
-353
-349
-357
-359
-341
-323
-295
-267
-263
-262
-264
-266
-275
-262
-258
-261
-262
-272
-275
-265
-258
-257
-264
-284
-301
-289
-271
-254
-236
-233
-235
-234
-219
-216
-222
-217
-234
-240
-237
-239
-234
-243
-256
-270
-270
-261
-264
-276
-294
-294
-296
-283
-273
-272
-281
-286
-287
-303
-306
-317
-325
-313
-297
-294
-291
-288
-272
-240
-236
-234
-224
-217
-194
-198
-209
-201
-200
-199
-206
-231
-233
-229
-224
-224
-216
-226
-234
-233
-235
-234
-242
-258
-278
-280
-276
-265
-257
-252
-251
-257
-272
-286
-292
-286
-295
-301
-296
-271
-260
-257
-260
-262
-253
-262
-247
-242
-237
-235
-226
-217
-220
-231
-223
-226
-228
-221
-226
-239
-251
-246
-253
-260
-262
-273
-292
-300
-290
-268
-266
-285
-292
-303
-303
-289
-281
-278
-278
-280
-276
-269
-290
-298
-299
-299
-293
-299
-296
-292
-280
-274
-277
-263
-267
-257
-250
-245
-223
-206
-191
-200
-204
-202
-195
-182
-173
-183
-189
-198
-208
-217
-219
-220
-217
-211
-225
-225
-232
-243
-255
-256
-255
-246
-237
-238
-237
-250
-249
-254
-252
-224
-201
-187
-179
-176
-173
-181
-176
-169
-166
-156
-148
-140
-139
-161
-177
-184
-185
-176
-159
-139
-139
-156
-152
-154
-157
-171
-175
-158
-148
-126
-119
-121
-136
-141
-131
-133
-127
-124
-127
-127
-131
-139
-157
-191
-211
-217
-193
-179
-169
-166
-167
-157
-131
-121
-127
-116
-111
-99
-94
-85
-69
-73
-80
-84
-97
-107
-116
-111
-95
-92
-96
-103
-130
-164
-161
-154
-160
-160
-173
-195
-208
-209
-213
-213
-234
-234
-224
-215
-213
-215
-218
-230
-226
-189
-158
-143
-131
-130
-113
-97
-92
-98
-112
-110
-112
-123
-125
-141
-140
-111
-104
-118
-138
-145
-138
-120
-90
-75
-88
-126
-159
-165
-147
-133
-118
-113
-135
-137
-130
-116
-108
-105
-95
-88
-81
-72
-49
-57
-61
-75
-70
-76
-72
-76
-87
-82
-73
-70
-72
-63
-64
-50
-33
-13
-6
1
12
11
-10
-26
-36
-47
-37
-23
-35
-43
-50
-37
-21
-26
-33
-52
-73
-75
-54
-44
-28
-16
-30
-37
-40
-22
-16
5
3
-4
-8
-16
-5
-12
-11
-18
-17
-33
-42
-36
-26
-12
-7
-22
-37
-40
-43
-26
-28
-21
-26
-21
-4
-1
10
13
34
48
61
70
65
48
41
48
65
60
48
39
34
33
27
5
-13
-22
-34
-38
-18
-1
13
30
31
26
-7
-26
-43
-44
-36
-27
-13
8
-7
-11
-14
-28
-21
-29
-37
-39
-42
-35
-30
-25
-26
-40
-44
-54
-51
-58
-54
-43
-45
-52
-59
-47
-44
-40
-36
-50
-56
-68
-73
-73
-90
-89
-94
-97
-111
-111
-110
-108
-105
-115
-127
-130
-135
-146
-132
-127
-119
-114
-128
-145
-144
-162
-166
-163
-159
-160
-151
-145
-134
-108
-109
-105
-93
-76
-77
-71
-57
-50
-48
-48
-53
-52
-56
-55
-45
-46
-47
-59
-84
-83
-76
-72
-81
-96
-104
-116
-139
-137
-125
-129
-130
-138
-132
-136
-142
-133
-119
-109
-100
-86
-85
-84
-87
-86
-74
-68
-68
-70
-60
-57
-58
-62
-53
-47
-36
-29
-26
-39
-38
-31
-24
-26
-23
-15
-13
1
-4
4
4
7
4
-3
1
-11
-25
-33
-21
-5
-7
-18
-20
-17
-16
-11
-6
-16
-2
17
30
38
32
41
51
60
65
73
82
76
92
95
81
87
96
113
133
152
150
131
121
122
127
132
127
122
126
134
125
102
105
100
90
94
84
78
67
76
72
60
62
79
90
94
90
85
88
95
115
110
122
135
141
146
149
137
136
137
140
151
152
142
140
147
159
165
159
146
131
121
133
157
170
158
120
117
120
145
170
169
154
148
148
134
152
158
156
154
143
125
123
122
119
112
110
107
102
88
95
93
101
113
102
100
104
123
141
146
152
162
163
164
161
159
175
188
184
177
160
138
137
163
180
192
179
150
138
131
144
139
138
135
116
128
134
137
140
136
146
160
158
173
187
182
174
161
156
159
154
146
115
100
90
81
76
72
57
49
48
48
56
62
71
73
79
97
100
96
111
103
89
82
65
63
70
54
39
42
43
35
17
1
-12
-24
-16
2
16
26
11
14
11
18
15
-12
-38
-43
-31
-19
-11
-4
-9
-15
-12
-2
-2
-13
-35
-30
-14
5
-1
-23
-38
-31
-21
-17
-16
-26
-39
-50
-43
-36
-22
-25
-32
-28
1
7
4
-11
-32
-27
-23
-19
-28
-33
-13
0
0
-2
-8
-20
-29
-31
-30
-13
-16
-21
-10
-11
-17
-30
-40
-54
-53
-57
-57
-54
-53
-50
-56
-46
-37
-24
-16
-20
-12
-4
11
15
22
13
12
20
33
47
59
51
30
18
13
30
26
12
-8
-23
-37
-31
-43
-41
-39
-38
-25
-21
-9
-18
6
14
18
23
24
42
60
68
55
36
29
41
53
60
59
56
58
68
60
51
37
34
32
35
46
41
34
24
2
-9
-6
-3
6
-4
-4
6
-2
-11
-21
-37
-50
-47
-35
-32
-31
-32
-36
-28
-27
-28
-30
-34
-34
-34
-43
-52
-55
-64
-47
-28
-11
-3
-1
-9
-10
-6
0
-13
-5
13
13
15
0
-7
-19
-8
6
4
-16
-41
-51
-50
-43
-53
-78
-111
-121
-130
-123
-122
-129
-146
-151
-134
-119
-119
-131
-131
-150
-137
-117
-115
-100
-117
-119
-102
-109
-122
-128
-126
-126
-116
-128
-131
-138
-138
-113
-117
-135
-166
-187
-175
-156
-146
-137
-147
-164
-172
-168
-149
-146
-150
-149
-148
-153
-145
-146
-138
-134
-150
-174
-192
-201
-193
-194
-194
-193
-197
-210
-220
-221
-209
-193
-191
-204
-220
-220
-212
-195
-169
-131
-125
-132
-146
-156
-176
-173
-157
-155
-173
-209
-214
-217
-203
-186
-197
-213
-230
-241
-240
-223
-201
-205
-207
-212
-214
-196
-200
-208
-211
-217
-211
-198
-181
-196
-199
-194
-189
-179
-180
-183
-191
-200
-204
-216
-225
-215
-223
-232
-228
-227
-204
-192
-188
-182
-180
-176
-176
-160
-128
-118
-120
-122
-117
-121
-118
-119
-120
-117
-106
-89
-93
-108
-111
-109
-116
-108
-105
-95
-86
-73
-86
-99
-114
-130
-142
-137
-147
-140
-118
-106
-97
-100
-112
-124
-132
-132
-123
-121
-126
-118
-110
-95
-93
-95
-104
-120
-104
-105
-108
-107
-95
-94
-93
-99
-118
-136
-143
-132
-135
-144
-130
-132
-137
-131
-142
-144
-153
-138
-122
-117
-102
-122
-141
-152
-162
-151
-136
-122
-102
-102
-112
-96
-102
-109
-106
-113
-114
-109
-100
-92
-73
-79
-84
-65
-61
-59
-50
-41
-25
-19
-5
5
-10
-10
-2
2
14
19
3
-5
-6
-12
-22
-49
-59
-54
-61
-64
-73
-97
-99
-93
-104
-107
-117
-127
-130
-122
-122
-111
-120
-123
-109
-107
-96
-106
-113
-126
-115
-94
-101
-104
-89
-92
-107
-91
-84
-90
-99
-110
-107
-102
-95
-114
-128
-135
-153
-153
-146
-139
-138
-144
-147
-146
-148
-149
-164
-164
-162
-159
-163
-174
-178
-193
-197
-200
-205
-209
-202
-182
-164
-169
-182
-174
-163
-160
-163
-156
-135
-120
-111
-108
-130
-143
-133
-129
-118
-121
-142
-156
-152
-155
-156
-155
-164
-170
-175
-170
-186
-189
-183
-178
-189
-200
-213
-206
-203
-208
-232
-237
-239
-242
-220
-205
-199
-190
-189
-179
-169
-160
-146
-126
-124
-129
-132
-145
-159
-141
-130
-131
-132
-141
-139
-130
-122
-131
-152
-178
-172
-155
-128
-115
-113
-115
-134
-148
-131
-109
-94
-87
-92
-101
-103
-94
-82
-64
-72
-78
-87
-86
-88
-81
