-388
-372
-379
-376
-370
-361
-352
-342
-338
-337
-340
-337
-325
-334
-327
-322
-323
-318
-326
-337
-344
-351
-342
-330
-325
-298
-285
-284
-271
-275
-289
-311
-325
-320
-310
-293
-278
-273
-284
-289
-283
-295
-307
-304
-309
-294
-273
-247
-244
-251
-265
-288
-272
-262
-254
-244
-246
-241
-250
-261
-267
-264
-248
-243
-229
-215
-208
-211
-214
-214
-213
-214
-194
-187
-184
-195
-203
-202
-204
-211
-216
-224
-230
-237
-234
-233
-240
-240
-247
-259
-275
-275
-269
-260
-259
-261
-259
-250
-253
-252
-243
-237
-225
-216
-206
-198
-183
-189
-195
-198
-204
-194
-191
-163
-152
-161
-179
-193
-207
-211
-217
-224
-226
-228
-228
-233
-236
-240
-247
-263
-270
-266
-268
-268
-270
-276
-266
-254
-240
-226
-213
-213
-223
-225
-236
-235
-234
-229
-233
-235
-238
-233
-227
-218
-228
-237
-234
-230
-220
-216
-231
-234
-225
-210
-196
-200
-208
-213
-214
-208
-206
-212
-222
-216
-210
-207
-192
-174
-164
-169
-179
-184
-198
-201
-195
-187
-176
-176
-174
-174
-187
-180
-170
-172
-168
-160
-150
-146
-143
-135
-143
-138
-134
-123
-111
-102
-102
-113
-121
-122
-119
-120
-125
-128
-130
-135
-129
-126
-116
-126
-136
-140
-130
-134
-132
-149
-169
-183
-186
-166
-171
-186
-193
-191
-169
-155
-156
-157
-141
-125
-121
-127
-156
-177
-180
-168
-171
-186
-197
-189
-167
-144
-147
-158
-175
-178
-159
-126
-99
-107
-138
-174
-183
-172
-147
-135
-124
-135
-138
-141
-144
-134
-131
-130
-136
-148
-164
-165
-176
-191
-202
-229
-254
-278
-294
-264
-234
-219
-236
-251
-257
-237
-204
-184
-165
-160
-151
-144
-140
-140
-146
-133
-123
-123
-142
-149
-166
-172
-156
-150
-161
-184
-203
-204
-188
-184
-169
-166
-179
-173
-161
-146
-156
-165
-167
-165
-155
-141
-119
-132
-152
-162
-166
-165
-178
-181
-198
-200
-194
-188
-185
-199
-206
-215
-222
-209
-201
-196
-189
-183
-182
-180
-184
-166
-135
-127
-130
-145
-140
-142
-134
-129
-113
-100
-89
-89
-82
-101
-126
-135
-138
-117
-83
-69
-73
-81
-86
-94
-106
-121
-135
-141
-150
-142
-132
-122
-122
-129
-137
-147
-154
-154
-154
-155
-139
-136
-125
-128
-128
-130
-123
-106
-108
-106
-108
-106
-107
-108
-114
-108
-108
-101
-93
-86
-89
-100
-105
-107
-120
-115
-135
-141
-133
-128
-112
-117
-125
-140
-159
-164
-165
-149
-139
-134
-121
-128
-140
-164
-185
-204
-208
-200
-202
-204
-203
-199
-212
-209
-211
-207
-190
-179
-175
-165
-149
-145
-136
-139
-134
-141
-120
-95
-76
-69
-78
-85
-102
-103
-115
-112
-114
-108
-117
-131
-148
-170
-175
-182
-189
-195
-197
-204
-210
-215
-208
-208
-208
-200
-176
-177
-184
-182
-183
-174
-158
-143
-146
-143
-143
-152
-146
-145
-152
-152
-142
-133
-122
-124
-131
-129
-142
-144
-140
-136
-150
-172
-163
-169
-157
-159
-168
-187
-190
-196
-194
-183
-181
-172
-176
-179
-200
-217
-220
-220
-224
-212
-208
-223
-232
-233
-222
-227
-231
-227
-219
-210
-205
-207
-207
-211
-203
-218
-213
-207
-211
-221
-223
-213
-207
-206
-211
-225
-233
-230
-227
-229
-239
-255
-264
-261
-256
-252
-260
-268
-258
-257
-253
-253
-265
-269
-271
-263
-249
-236
-230
-237
-258
-255
-267
-282
-299
-301
-292
-294
-309
-335
-340
-324
-299
-288
-312
-346
-364
-360
-323
-305
-309
-315
-328
-333
-329
-323
-301
-300
-308
-321
-325
-332
-326
-322
-333
-337
-350
-358
-363
-358
-363
-365
-370
-383
-394
-422
-430
-417
-408
-400
-419
-430
-418
-398
-372
-351
-336
-318
-315
-324
-331
-347
-361
-357
-339
-330
-338
-358
-377
-372
-338
-326
-344
-368
-395
-385
-380
-374
-364
-368
-368
-366
-363
-359
-350
-346
-338
-328
-315
-299
-301
-321
-321
-335
-340
-348
-361
-371
-369
-362
-359
-370
-406
-420
-415
-395
-394
-385
-367
-357
-354
-362
-373
-393
-396
-382
-362
-352
-374
-378
-377
-388
-385
-390
-406
-404
-390
-376
-364
-373
-393
-410
-422
-419
-405
-393
-384
-364
-362
-356
-354
-372
-397
-396
-389
-364
-341
-336
-337
-351
-338
-347
-359
-362
-372
-371
-361
-349
-343
-345
-354
-357
-361
-341
-328
-329
-329
-338
-322
-324
-328
-321
-322
-313
-306
-302
-304
-311
-310
-315
-313
-316
-322
-328
-335
-342
-333
-329
-331
-349
-351
-352
-357
-354
-359
-349
-351
-353
-354
-359
-372
-376
-396
-387
-376
-380
-390
-385
-382
-371
-374
-380
-367
-360
-351
-333
-326
-313
-299
-308
-313
-315
-322
-303
-293
-299
-298
-305
-312
-313
-320
-329
-334
-341
-339
-329
-325
-325
-327
-341
-345
-346
-357
-367
-359
-352
-349
-346
-342
-332
-320
-318
-315
-311
-323
-316
-318
-313
-299
-302
-312
-314
-317
-316
-314
-324
-324
-326
-330
-331
-339
-348
-348
-349
-339
-335
-321
-311
-325
-327
-327
-345
-350
-355
-361
-366
-365
-366
-369
-363
-351
-361
-365
-374
-380
-370
-357
-344
-346
-349
-330
-325
-322
-317
-316
-307
-310
-327
-336
-339
-339
-324
-332
-322
-321
-316
-305
-303
-299
-295
-281
-270
-271
-278
-287
-290
-291
-289
-294
-301
-298
-300
-314
-322
-333
-346
-363
-385
-382
-377
-362
-361
-372
-380
-376
-362
-359
-355
-357
-369
-373
-385
-406
-422
-424
-421
-423
-427
-432
-432
-427
-414
-409
-434
-464
-476
-471
-449
-435
-425
-425
-426
-423
-438
-419
-398
-389
-389
-396
-397
-395
-388
-389
-382
-381
-375
-386
-393
-408
-426
-431
-441
-445
-466
-464
-456
-444
-422
-432
-452
-465
-458
-443
-419
-412
-401
-393
-393
-391
-392
-402
-397
-394
-391
-376
-392
-404
-393
-368
-353
-342
-366
-405
-416
-414
-405
-400
-404
-399
-393
-386
-368
-357
-357
-376
-379
-367
-352
-326
-317
-320
-339
-350
-350
-344
-338
-341
-358
-366
-381
-395
-401
-412
-407
-395
-380
-364
-361
-357
-353
-343
-332
-326
-299
-281
-263
-260
-266
-258
-258
-255
-251
-246
-244
-229
-227
-225
-228
-244
-245
-243
-238
-224
-209
-196
-201
-203
-214
-227
-232
-232
-239
-232
-219
-215
-211
-218
-225
-239
-245
-261
-273
-276
-282
-287
-283
-267
-260
-251
-263
-267
-259
-248
-229
-233
-237
-228
-235
-230
-229
-218
-207
-220
-224
-220
-219
-218
-219
-234
-238
-238
-246
-263
-264
-264
-247
-257
-274
-282
-284
-279
-282
-270
-264
-260
-269
-271
-281
-303
-306
-309
-302
-292
-298
-307
-317
-318
-326
-324
-330
-323
-317
-302
-278
-277
-257
-257
-254
-267
-259
-258
-255
-250
-246
-224
-227
-226
-236
-241
-258
-263
-267
-265
-276
-289
-285
-289
-299
-313
-323
-328
-328
-326
-330
-333
-324
-316
-304
-298
-284
-283
-289
-275
-269
-256
-243
-227
-211
-201
-191
-193
-190
-201
-195
-176
-172
-167
-162
-156
-161
-161
-152
-147
-135
-131
-136
-126
-136
-140
-136
-137
-126
-126
-129
-123
-105
-88
-90
-94
-95
-102
-106
-110
-103
-96
-78
-70
-62
-62
-69
-67
-67
-57
-42
-23
-24
-11
-15
-16
-18
-20
-20
-28
-34
-33
-19
1
19
31
30
15
5
0
0
-1
9
1
-13
-23
-27
-27
-30
-41
-49
-36
-24
-27
-44
-51
-41
-19
5
21
36
51
61
56
50
34
23
6
1
5
-3
-13
-18
1
27
39
38
19
-4
-10
26
66
88
86
56
31
43
71
83
101
92
85
85
89
111
134
148
153
134
115
107
92
96
104
87
80
79
70
59
72
84
91
94
91
90
87
109
116
131
151
175
177
168
162
157
134
125
150
145
141
149
123
129
176
161
127
134
99
112
152
145
167
185
164
158
177
176
194
178
189
198
199
189
205
194
176
198
164
157
130
116
150
153
103
102
87
47
55
76
83
69
63
76
105
63
79
98
105
120
145
131
114
124
133
117
105
114
115
135
136
129
143
130
98
117
126
95
127
143
118
135
151
125
116
119
97
76
63
61
114
111
75
82
94
49
50
76
52
45
66
72
65
66
50
59
53
57
69
59
35
63
81
42
37
54
36
33
66
76
55
46
55
34
21
13
11
16
15
9
9
6
-37
-24
-37
-46
-16
-7
-35
-21
-12
-36
-35
-50
-56
-51
-87
-81
-70
-110
-86
-66
-98
-99
-67
-94
-96
-77
-80
-52
-68
-37
-27
-77
-42
-35
-47
-18
-20
-14
26
-13
3
33
-39
-11
-24
-50
-33
-38
-47
-20
-71
-59
-35
-102
-41
-24
-100
-47
-52
-73
-13
-76
-63
2
-58
-28
-4
-74
8
-5
-41
6
-30
-8
-6
-36
7
5
-23
10
-9
0
23
-52
-2
30
-55
-13
34
-30
1
17
-26
-14
-8
-27
-70
-49
-28
-57
-25
-8
-99
-56
-23
-111
-50
-49
-105
-37
-14
-73
-36
-39
-95
-51
-46
-120
-52
-30
-95
-4
-41
-123
-40
-55
-101
-51
-68
-107
-54
-37
-102
-44
-41
-135
-82
-97
-166
-85
-105
-176
-102
-149
-168
-133
-155
-180
-143
-157
-165
-122
-155
-179
-122
-163
-165
-77
-153
-89
-87
-149
-101
-104
-157
-143
-154
-178
-148
-180
-191
-141
-153
-170
-152
-142
-193
-181
-208
-156
-92
-207
-184
-179
-248
-207
-197
-241
-142
-201
-192
-150
-184
-203
-126
-164
-174
-134
-240
-184
-183
-193
-183
-233
-220
-211
-229
-266
-219
-225
-258
-209
-274
-252
-196
-228
-163
-101
-122
-110
-88
-139
-116
-136
-168
-74
-113
-104
-107
-136
-85
-88
-108
-135
-108
-140
-151
-66
-79
-70
-99
-90
-79
-34
-38
-97
-65
-102
-62
-85
-56
-83
-40
-60
-146
-62
-117
-77
-121
-110
-136
-108
-147
-182
-127
-208
-149
-242
-154
-200
-152
-140
-180
-103
-129
-99
-139
-1
-116
-72
-88
-103
-28
-128
-75
-86
-41
-129
-66
-85
-65
-90
-157
-79
-110
-41
-116
-49
-79
-42
-84
-90
-86
-121
-98
-186
-33
-125
-82
-115
-69
-119
-120
-126
-150
-50
-143
-53
-99
-4
-82
-25
-57
7
-25
-32
6
-86
-13
-93
-14
-72
10
-85
24
-23
-35
-31
-37
3
-69
-6
-43
40
-54
1
-43
15
-35
-59
-32
-53
-50
-54
-43
-53
-23
-80
-24
-29
-51
-62
-68
-99
-73
-61
-92
-62
-35
-146
-42
-53
-111
-91
-20
-53
-28
-6
-43
12
13
-3
-17
89
-9
15
50
38
-3
-13
-17
5
-19
-46
-16
-12
-76
-63
-42
-51
-59
-45
-19
-50
-49
-78
-60
-54
-72
-85
-12
-48
-50
1
-65
-78
-32
-102
-81
-23
-106
-80
15
-75
-99
-31
-51
-99
-25
-22
-71
-29
-30
-74
-45
-37
-92
-74
-57
-96
-70
-77
-52
-58
-63
-55
-46
-67
-35
-67
-52
-2
-37
-76
-34
-51
-54
-46
-52
-18
-48
17
-50
-9
7
-9
-38
6
-4
22
17
-13
68
19
41
32
69
12
102
60
44
79
71
61
18
103
-11
64
52
29
48
27
27
27
87
-47
62
8
-9
15
27
-47
29
-22
-48
72
-28
50
15
24
27
76
-47
7
47
-23
58
-19
4
20
34
-31
88
1
-101
56
-43
-4
74
29
-29
20
-24
-15
59
-26
96
24
-29
30
43
4
16
86
19
41
-45
72
32
-48
100
-15
-7
-10
-13
-40
46
-14
11
19
-56
38
-36
35
6
87
64
54
101
102
49
35
139
62
136
26
110
74
2
75
72
46
-9
25
-57
91
-48
102
52
35
136
75
49
80
131
-52
177
22
141
78
68
80
119
60
36
173
24
107
19
144
20
83
65
45
90
73
87
65
128
5
195
78
47
193
187
64
239
209
70
249
117
135
187
181
123
268
225
141
241
180
112
196
202
140
236
234
212
207
214
206
161
144
176
150
168
205
177
214
221
58
216
144
48
188
130
70
200
186
112
267
113
238
219
105
265
224
173
228
247
198
248
175
231
274
225
240
275
226
256
260
201
266
287
225
258
276
265
244
270
226
283
206
213
295
226
262
203
303
220
289
185
240
240
220
266
190
334
217
280
276
252
270
294
314
304
401
287
369
355
308
320
360
349
294
390
336
336
314
320
267
337
327
252
339
331
220
251
380
192
269
334
221
202
411
166
234
401
136
310
280
292
277
318
186
336
283
198
321
240
346
248
318
306
328
322
263
318
366
264
278
425
254
327
372
253
376
379
239
295
484
185
345
429
275
310
440
269
310
557
129
423
397
295
334
411
290
331
359
269
422
260
367
287
393
263
395
372
324
374
323
364
251
390
303
331
362
357
303
320
397
260
394
337
327
384
296
407
325
411
314
370
322
384
337
360
358
318
338
300
433
275
366
358
401
388
419
364
435
429
386
441
324
502
325
292
519
338
325
537
343
432
508
311
427
505
303
465
454
455
380
338
468
358
325
489
328
364
506
266
445
445
303
397
522
229
466
404
258
378
441
171
339
335
151
384
242
281
277
245
116
415
177
277
396
221
411
308
318
301
329
196
399
289
275
399
192
347
312
315
269
361
220
266
322
200
381
306
286
329
423
269
382
341
264
344
271
374
307
399
305
342
293
322
258
351
317
210
489
195
248
375
274
177
384
200
283
299
222
306
284
213
247
401
228
325
375
237
245
391
244
209
392
203
291
317
195
340
258
192
277
289
179
371
231
193
448
165
204
392
181
172
374
111
203
403
38
324
243
173
232
276
137
286
244
160
386
185
279
251
317
253
246
333
262
317
266
315
257
440
106
352
387
110
395
339
174
415
304
126
434
202
155
448
127
249
363
59
347
203
176
254
334
93
375
236
199
348
194
281
185
306
299
164
305
420
97
431
290
146
498
205
327
375
311
273
447
291
425
299
426
363
315
539
281
387
530
288
326
542
240
381
449
260
319
419
271
315
328
305
294
346
259
348
254
353
191
427
332
415
377
394
384
300
518
193
619
319
504
393
470
319
501
374
312
610
305
422
490
430
216
600
325
334
540
349
393
488
309
354
503
213
376
433
341
358
344
382
359
337
362
418
333
366
370
282
396
330
324
382
362
286
414
312
259
451
274
285
394
348
260
364
361
330
367
299
365
381
367
401
406
369
371
452
246
467
371
452
325
411
454
276
450
365
303
413
523
146
641
344
224
681
325
422
586
494
331
725
381
435
657
337
539
509
458
430
568
436
392
662
467
397
570
454
386
643
537
443
691
387
541
536
558
483
636
549
470
630
486
592
542
600
534
537
624
460
638
508
529
534
523
517
348
694
296
582
500
345
514
558
416
513
634
492
602
608
585
573
643
480
652
587
466
594
549
507
569
654
458
625
511
508
556
535
630
508
699
443
652
644
474
655
596
580
534
758
436
745
501
602
581
587
590
487
724
429
641
473
667
425
653
539
388
681
497
487
607
607
429
768
497
594
809
457
677
698
579
555
801
525
607
775
542
690
696
725
560
824
462
799
568
640
785
583
660
766
595
618
860
419
779
709
535
712
796
520
770
709
508
845
504
660
682
566
741
665
676
675
673
579
829
553
844
574
706
722
551
766
627
664
747
736
652
812
623
638
769
554
632
671
716
551
636
747
505
724
599
552
699
756
449
760
710
476
705
615
547
650
540
624
478
594
564
496
633
545
578
533
581
454
719
368
653
523
533
663
366
740
488
555
597
558
619
561
525
597
592
425
662
480
535
526
573
478
503
634
336
629
415
535
433
498
426
535
412
434
642
347
564
606
409
619
514
518
579
544
592
576
541
537
664
434
605
660
430
667
596
527
574
681
500
600
676
501
528
688
534
481
783
336
631
571
435
663
489
459
722
267
556
608
286
622
417
512
429
520
492
509
441
610
366
578
537
440
700
339
623
532
492
492
559
455
617
416
574
521
387
655
368
526
463
568
351
587
368
539
408
315
520
423
349
438
585
149
612
372
338
505
396
298
468
464
343
486
377
431
323
549
391
400
530
230
559
343
358
492
385
362
517
266
381
405
252
275
548
199
353
430
230
289
372
345
159
618
94
402
357
169
450
153
438
163
302
312
181
212
396
156
174
339
-57
340
151
193
353
97
282
150
185
249
182
341
346
229
252
298
170
321
168
299
190
408
122
224
318
26
461
149
160
251
218
58
421
58
257
280
65
259
216
154
238
179
121
312
179
270
267
216
133
295
212
195
326
74
226
289
61
271
211
120
219
139
87
329
76
137
280
94
291
161
309
238
260
221
166
312
243
205
310
292
72
441
174
239
422
89
335
158
390
86
401
119
311
211
362
241
147
497
-100
440
152
325
99
561
3
258
387
-6
337
213
35
297
365
-32
574
136
189
268
335
241
285
301
261
267
253
389
77
535
113
290
297
214
338
195
355
207
446
101
379
323
240
334
268
365
209
388
142
420
152
362
231
172
539
30
392
319
206
55
632
-81
340
522
7
419
123
339
77
480
31
329
346
195
373
209
509
51
464
300
211
385
243
447
107
496
155
397
165
387
284
192
424
189
347
156
537
21
377
432
49
319
391
65
262
504
-58
418
442
86
368
295
257
306
362
297
220
505
173
414
316
336
342
391
210
443
292
147
570
1
510
282
227
441
492
116
442
465
184
388
573
138
471
484
152
597
284
258
424
486
-41
607
299
97
665
13
452
360
317
255
528
251
303
524
132
491
357
317
385
466
291
325
368
355
322
282
497
216
437
362
247
427
125
430
266
387
250
340
202
267
265
301
175
244
520
-41
516
137
224
347
308
80
536
273
64
664
-34
478
143
318
166
285
213
150
402
113
380
142
420
110
390
96
240
330
161
431
118
307
246
364
-25
522
242
40
599
123
326
370
370
70
573
162
254
336
269
182
266
299
66
450
54
326
180
195
307
177
200
135
269
78
355
74
298
468
-49
448
233
138
245
386
-8
503
96
207
240
285
63
369
247
15
484
173
233
272
414
79
454
304
142
610
193
175
497
271
144
430
401
111
469
322
162
351
398
229
349
485
162
210
447
49
490
116
455
72
513
135
332
362
222
247
393
325
218
561
137
589
55
435
465
155
471
397
313
391
310
193
458
76
454
202
418
265
200
514
231
272
340
408
9
764
-191
622
282
224
498
144
405
307
259
232
517
93
429
332
259
411
329
328
440
390
282
459
319
295
511
321
390
426
326
431
429
253
435
287
371
455
94
513
355
84
547
159
233
479
234
294
426
266
154
416
248
234
215
443
139
264
206
221
205
344
162
353
267
202
353
233
196
281
419
29
545
247
323
253
401
182
400
258
384
361
181
602
82
346
354
243
101
611
49
221
655
11
305
385
224
245
476
30
497
214
220
332
228
387
143
436
213
383
370
207
380
465
165
363
626
95
416
432
168
408
499
123
369
422
281
137
619
-34
440
289
302
198
541
53
265
603
-243
762
-60
522
71
495
-1
400
343
-11
597
-94
554
58
346
300
176
416
59
484
58
520
81
274
576
-117
582
91
531
82
606
18
551
330
225
593
23
667
21
509
278
488
129
557
318
87
627
-42
542
267
291
287
494
-16
566
243
-45
684
71
338
271
309
114
495
100
312
334
317
347
322
373
191
307
237
312
269
447
98
530
412
85
420
560
9
415
472
-56
494
543
-190
545
540
-237
503
492
-94
471
409
117
327
307
458
-49
660
171
107
452
291
170
396
251
46
621
-12
186
583
-46
340
353
107
279
377
101
344
700
-96
452
750
-224
622
578
-101
635
536
-136
482
581
-233
683
376
102
333
512
-195
433
559
-198
563
301
108
372
392
10
595
-30
358
446
-49
588
301
-35
539
240
-125
671
210
-201
716
55
-152
563
226
-405
642
171
-392
648
192
-280
655
147
-349
595
167
-88
544
197
-302
629
19
-215
655
-76
-167
697
-38
-374
927
-599
199
549
-405
117
738
-508
91
685
-632
573
61
-50
172
246
-141
46
424
-391
402
-92
129
-61
58
125
-314
416
-149
110
63
1
94
-59
293
-361
419
-69
-149
180
91
-408
374
18
-506
743
-501
166
70
-28
-220
355
-181
-130
484
-581
451
-481
464
-567
333
-286
21
-15
-142
134
-318
391
-474
191
-157
-24
-362
408
-579
124
207
-702
578
-492
-31
-23
-49
-168
-7
95
-166
210
-156
32
45
35
-183
64
130
-143
-47
227
-458
392
-497
130
-32
-61
-171
-191
279
-644
338
-421
-42
-67
-158
-235
-111
-40
-626
479
-665
205
-226
-345
-17
-127
-34
-474
530
-903
557
-593
180
-500
189
-209
-307
326
-643
154
-177
-73
-551
317
-181
-679
616
-441
-327
271
-223
-453
308
-116
-649
709
-559
-144
-119
196
-658
325
-326
-16
-27
-286
35
-376
154
-234
-133
23
31
-296
131
-196
-76
97
-288
202
-171
-48
96
-199
9
44
-74
21
-62
-27
58
-183
243
-330
254
-117
-274
368
-405
56
207
-213
-203
366
-495
-60
287
-343
-219
235
-189
-490
538
-523
-107
272
-385
-4
104
-172
-4
27
-170
84
-238
302
-267
-45
154
-361
128
-230
135
-237
241
-345
109
-83
-57
59
3
-38
-261
200
-254
55
0
-78
26
-177
-11
176
-621
640
-465
-39
62
-92
-441
404
-271
-288
289
-330
-90
-49
104
-418
141
-63
-167
-110
56
-191
-145
216
-253
-148
335
-339
22
128
-185
-290
318
-304
-72
188
-355
68
-39
-143
-16
-134
-51
-27
-256
110
-110
-49
85
-175
63
-45
-141
-87
212
-248
-65
324
-418
371
-144
-141
59
122
-353
268
-137
-134
131
-304
102
-200
0
-157
87
-210
104
-224
129
-222
30
2
-50
-16
113
-88
-114
125
-69
21
66
54
-158
291
-264
133
92
-149
-45
228
-219
-69
108
-119
-86
229
-231
90
177
-294
69
-42
-24
-260
369
-309
60
159
-246
-47
181
-181
-176
266
-252
67
39
-40
-29
39
-66
133
-138
-32
225
-277
171
108
-284
265
-94
-48
-72
228
-139
-139
235
-272
145
-254
317
-353
155
57
-269
85
163
-214
-114
488
-626
384
-118
-70
59
-37
59
19
-95
76
-99
-198
148
-365
9
252
-566
366
-173
-82
-224
187
-213
-43
113
-288
341
-289
97
-171
47
-194
41
-93
28
-38
-177
74
-292
126
-169
-19
-29
-91
-67
-35
-313
287
-269
-229
117
122
-591
372
-207
-231
49
-177
-166
-7
49
-396
164
-79
-167
-236
445
-544
127
174
-497
231
66
-377
102
51
-331
156
-141
-119
105
-300
185
-223
89
-190
-28
33
-309
176
-378
57
-234
-19
-183
-110
3
-246
-84
-73
-80
-246
-20
-145
-242
143
-340
6
-14
-354
63
-90
-375
127
-12
-406
288
-329
-14
28
-316
-26
133
-239
-263
289
-274
-462
109
-96
-341
-2
22
-619
329
-410
-177
76
-147
-396
48
-201
-537
184
-326
-174
-129
52
-613
204
-112
-438
197
-333
-133
126
-398
-97
78
-225
-261
168
-252
-59
-249
-45
73
-522
169
-226
16
-133
94
-401
163
-272
-311
293
-279
-218
133
-83
-492
227
-228
-387
327
-319
-118
-5
-107
-231
83
-138
-329
438
-551
132
-20
-134
-202
222
-374
-140
320
-645
422
-395
-39
-19
34
-397
363
-27
-405
524
-151
63
-111
40
-58
14
17
6
88
-92
195
-29
15
151
-120
37
71
-25
-32
44
104
-95
221
-94
55
166
138
-145
190
46
-53
256
87
82
110
122
24
168
102
147
27
86
260
-69
348
46
-52
396
-110
63
170
200
11
153
100
284
54
218
265
174
292
57
445
33
206
177
179
262
200
1
352
213
145
193
101
297
278
169
265
270
222
248
230
317
211
210
135
320
371
81
450
142
306
367
-55
550
388
-86
463
269
11
511
132
306
414
159
354
149
459
206
293
401
365
238
326
354
284
415
158
471
103
563
177
211
483
352
91
558
435
103
527
146
331
362
285
95
503
347
135
497
314
144
372
304
180
235
551
133
236
392
92
139
350
290
215
492
217
342
371
277
231
454
373
213
430
349
207
390
465
356
295
609
162
444
496
173
416
360
291
410
370
336
403
164
255
205
230
265
215
250
247
136
110
277
71
98
394
294
248
189
197
240
262
338
426
300
425
374
294
458
231
262
501
383
424
351
340
360
341
290
272
373
301
164
419
242
129
371
105
342
359
213
295
321
175
149
323
311
262
283
217
317
367
224
273
461
347
304
396
315
284
402
390
234
427
423
160
429
377
324
285
335
366
308
349
310
368
358
288
244
352
331
232
320
335
342
249
224
314
235
282
330
312
284
480
213
307
412
320
167
381
378
224
316
250
290
240
201
202
214
297
147
217
278
73
107
166
195
162
200
44
233
178
100
163
151
156
111
96
177
218
59
170
167
153
159
120
165
141
115
14
142
175
86
103
126
189
47
291
159
222
327
126
362
225
312
245
376
320
335
395
281
322
300
283
275
435
306
354
393
368
285
341
329
269
485
423
438
401
353
297
308
499
444
520
538
406
335
398
338
334
445
421
382
371
291
176
232
158
246
298
158
253
165
194
202
237
319
287
384
382
344
467
448
476
569
637
611
743
763
734
782
728
679
712
757
617
698
648
509
499
539
444
491
476
378
462
474
428
399
442
370
326
537
497
544
550
574
610
643
665
638
726
660
672
672
741
595
585
588
507
588
409
450
411
339
255
229
193
67
65
84
80
121
125
36
83
133
115
246
228
355
311
327
363
384
288
442
562
626
808
533
462
396
446
445
584
627
607
514
384
362
394
313
373
434
592
628
515
451
268
282
274
387
588
648
486
532
520
412
471
599
670
785
904
792
817
752
731
703
775
842
845
832
686
742
621
497
671
646
614
638
635
473
516
512
302
344
325
260
348
439
316
308
234
280
290
384
390
383
479
423
444
447
471
429
379
464
586
569
537
441
485
420
506
573
815
995
1007
834
753
688
672
784
942
1308
1339
1225
1038
755
571
559
571
758
932
864
685
399
200
118
178
244
615
837
773
709
615
568
580
768
1013
1402
1589
1496
1413
1393
1238
1283
1437
1640
1726
1608
1448
1264
1080
1027
1001
1075
1119
1053
799
665
621
478
614
681
790
765
808
692
608
663
643
648
760
762
714
755
713
376
400
312
195
234
200
282
195
180
133
147
301
469
817
1000
1061
1048
1095
1324
1405
1464
1495
1601
1602
1406
1403
1272
1214
987
961
1032
1067
763
278
65
-111
-124
-106
-3
0
-103
-257
-245
-48
234
339
635
1003
1192
1197
1211
1367
1503
1665
1772
1842
1948
1826
1566
1446
1402
1250
1222
1291
1169
1068
865
564
632
725
698
754
796
919
766
661
767
880
1005
1141
1206
1309
1225
1110
952
884
948
848
890
811
649
357
111
-87
-278
-166
-144
-103
-104
42
105
162
143
166
697
1162
1339
1550
1825
1676
1406
1361
1717
1991
1965
1758
1664
1486
1034
777
856
948
888
595
296
57
-204
-427
-513
-263
-45
-119
-106
69
332
509
638
1009
1467
1732
1781
1841
1971
1979
2000
2006
2171
2126
2012
1848
1622
1414
1201
1099
1060
1199
1101
920
770
698
843
819
787
876
969
945
994
1072
1098
1109
1147
1281
1308
1351
1215
971
893
811
735
718
576
306
101
-150
-349
-371
-369
-342
-300
-255
-233
-62
221
603
1064
1328
1339
1346
1497
1662
1755
1917
2011
1960
1696
1373
1167
1019
819
598
656
672
549
237
-113
-573
-784
-835
-658
-398
-232
-200
-301
-358
-286
-18
435
1021
1455
1674
1633
1539
1621
1614
1783
1943
2034
1905
1626
1327
948
800
722
742
762
742
485
260
93
182
280
516
716
732
767
665
632
682
818
949
1084
1095
1134
960
814
690
622
559
470
375
171
-145
-435
-480
-690
-714
-795
-822
-826
-761
-550
-440
-134
63
586
1175
1503
1436
1304
1459
1557
1706
1908
2120
1943
1471
948
590
454
221
117
164
188
-40
-344
-640
-949
-1192
-1233
-986
-674
-475
-440
-453
-435
-351
-42
365
996
1536
1672
1653
1511
1442
1456
1530
1724
1711
1543
1179
852
504
214
199
268
331
277
123
-74
-76
-46
142
320
700
809
916
775
643
639
684
979
1041
1125
1013
871
622
450
312
162
103
10
-84
-329
-467
-737
-877
-911
-913
-980
-1086
-986
-862
-469
-202
53
372
838
1323
1459
1419
1399
1472
1631
1693
1754
1750
1411
854
310
93
4
-163
-290
-362
-442
-652
-839
-949
-989
-1033
-1041
-964
-688
-376
-245
-191
-111
71
161
466
961
1370
1613
1511
1357
1307
1304
1175
1108
1059
1050
835
491
259
111
135
167
200
151
152
75
110
296
483
653
825
940
963
982
831
728
796
819
805
777
697
521
346
44
-194
-361
-332
-409
-419
-492
-729
-881
-1121
-1037
-1093
-977
-848
-746
-628
-510
-257
-64
306
936
1529
1710
1312
974
1062
1244
1383
1465
1615
1334
642
-14
-383
-472
-524
-546
-422
-368
-457
-795
-1096
-1185
-1139
-978
-914
-591
-249
-146
-222
-276
-174
8
388
922
1382
1513
1381
1123
954
974
999
1054
1040
1024
744
331
-40
-271
-128
100
221
111
28
-63
-175
-14
260
488
729
743
770
691
568
330
338
480
612
633
358
79
-113
-312
-487
-532
-562
-636
-779
-821
-951
-1058
-1232
-1387
-1236
-1091
-934
-863
-770
-708
-613
-412
-115
462
1243
1516
1162
546
399
597
801
1113
1317
1268
490
-422
-846
-854
-771
-781
-679
-655
-665
-894
-1196
-1374
-1405
-1316
-1162
-803
-476
-255
-373
-586
-609
-420
-58
499
1073
1268
1128
780
549
487
482
662
779
735
503
107
-333
-585
-535
-319
-62
-15
-33
-191
-222
-187
10
321
489
726
682
615
368
173
57
57
265
267
200
-133
-489
-773
-946
-944
-840
-710
-809
-951
-1107
-1305
-1313
-1250
-1052
-925
-960
-1069
-1065
-879
-671
-444
-19
500
1064
1212
771
317
276
637
1002
1193
1261
995
161
-699
-966
-830
-686
-668
-705
-782
-890
-1129
-1337
-1356
-1184
-994
-984
-827
-600
-359
-352
-416
-405
-221
131
479
887
1063
911
657
469
465
526
586
517
368
224
2
-296
-435
-373
-181
-18
-125
-120
-201
-70
27
336
573
608
642
481
493
284
206
91
118
157
49
-194
-373
-482
-652
-749
-870
-869
-896
-824
-989
-968
-1079
-1246
-1198
-1113
-937
-923
-939
-1052
-1005
-798
-562
-152
547
1217
1235
523
-73
57
589
992
1310
1482
1071
29
-863
-1054
-732
-519
-572
-715
-821
-913
-1231
-1509
-1563
-1262
-1097
-1034
-858
-653
-518
-634
-694
-675
-329
82
553
952
996
753
416
368
478
652
762
631
439
188
-119
-396
-446
-252
-137
-100
-231
-348
-392
-350
-122
63
312
360
363
216
152
-1
-54
-66
-10
76
-33
-174
-485
-657
-871
-933
-920
-802
-851
-1051
-1263
-1288
-1315
-1398
-1259
-1170
-1029
-1211
-1304
-1223
-988
-679
-466
-44
487
985
885
318
18
261
685
886
1091
1140
739
-247
-1051
-1162
-856
-708
-885
-1046
-1235
-1410
-1626
-1657
-1479
-1215
-1076
-1092
-923
-742
-524
-464
-405
-286
-88
204
521
864
931
785
598
500
510
473
480
454
257
146
-79
-317
-475
-408
-228
-201
-204
-293
-251
-154
105
315
513
523
566
496
456
350
168
192
104
182
7
-102
-348
-540
-730
-829
-719
-661
-641
-830
-946
-1018
-1003
-1004
-906
-750
-667
-834
-934
-946
-811
-390
-33
306
730
1193
1295
760
283
441
997
1354
1504
1584
1169
259
-651
-865
-498
-201
-319
-653
-849
-989
-1209
-1304
-1221
-849
-543
-489
-554
-487
-216
-89
60
297
583
885
1102
1274
1316
1241
1153
1126
1122
1166
1154
942
674
462
362
217
110
142
255
278
163
64
103
328
603
813
915
909
848
843
872
857
799
696
635
505
436
172
-13
-114
-160
-137
-250
-280
-543
-727
-819
-632
-410
-385
-423
-451
-371
-533
-746
-720
-402
-43
271
501
765
1221
1390
1036
509
572
1126
1577
1672
1508
1218
495
-314
-667
-387
-67
-190
-519
-885
-1028
-1082
-1121
-1016
-768
-378
-318
-438
-531
-313
-40
165
317
547
878
994
1051
1069
1138
1167
1163
1161
1111
1054
841
583
434
398
335
169
157
227
271
147
92
126
368
616
781
884
779
781
788
964
904
739
549
391
320
173
62
-115
-182
-304
-452
-505
-588
-654
-894
-887
-679
-447
-384
-476
-529
-575
-587
-721
-633
-587
-357
-187
122
517
1007
1411
1189
689
322
728
1333
1715
1758
1491
918
-7
-555
-539
-179
-119
-364
-680
-968
-1107
-1234
-1170
-1002
-683
-464
-417
-438
-405
-241
-80
192
514
817
958
1011
1072
1146
1268
1336
1388
1313
1142
940
783
660
549
400
277
271
317
344
206
65
29
209
452
725
891
834
741
693
818
878
860
689
575
476
384
244
142
54
-36
-134
-250
-300
-429
-553
-652
-513
-326
-230
-291
-363
-529
-735
-877
-866
-615
-365
-155
-118
54
452
1148
1563
1327
874
761
1088
1406
1724
1922
1674
839
-57
-364
-170
74
-97
-466
-874
-1083
-1090
-972
-841
-740
-677
-687
-712
-575
-254
22
157
219
376
651
973
1203
1243
1215
1261
1381
1418
1239
984
746
663
620
523
391
218
149
87
29
-24
3
53
148
314
515
563
573
550
611
745
754
724
525
424
292
208
94
52
38
-24
-190
-366
-545
-732
-838
-776
-562
-407
-415
-510
-691
-891
-1075
-1113
-941
-758
-550
-408
-289
-164
240
848
1260
1235
922
789
983
1315
1574
1634
1422
807
121
-259
-338
-281
-404
-671
-1006
-1250
-1201
-1110
-934
-914
-915
-953
-1014
-798
-427
20
255
375
347
396
683
1102
1428
1431
1345
1325
1318
1148
911
766
691
546
357
248
277
262
86
-112
-175
-52
124
270
385
479
532
538
585
732
832
807
632
432
361
367
333
190
59
-22
-57
-121
-291
-451
-534
-521
-499
-580
-552
-480
-381
-484
-751
-946
-1073
-1040
-1025
-798
-477
-178
186
654
1218
1432
1155
712
586
888
1432
1923
2060
1616
690
-167
-600
-556
-316
-203
-354
-710
-1062
-1266
-1253
-1188
-1129
-1080
-1021
-844
-561
-220
3
78
29
18
302
864
1430
1646
1515
1347
1245
1172
1089
1062
1082
940
694
465
380
387
329
203
38
-28
-2
144
333
444
492
490
532
643
806
868
784
610
469
443
404
344
247
209
274
234
119
-153
-353
-461
-390
-233
-160
-122
-171
-254
-500
-670
-733
-753
-778
-863
-738
-514
-168
167
667
1206
1446
1266
850
756
984
1379
1697
1878
1720
1102
381
-157
-275
-236
-207
-277
-505
-642
-676
-595
-593
-609
-595
-651
-637
-478
-111
268
506
443
232
215
545
1067
1352
1442
1432
1405
1327
1239
1212
1168
1049
873
796
823
909
992
957
689
350
167
242
443
670
854
913
844
703
621
563
558
509
451
390
402
447
452
395
275
169
65
17
12
86
134
79
-31
-92
-17
16
-51
-223
-369
-504
-623
-684
-704
-498
-250
-9
267
659
1082
1136
937
702
726
834
940
1098
1220
1188
797
285
-114
-301
-367
-383
-390
-393
-334
-245
-211
-280
-408
-545
-625
-576
-383
-86
217
379
304
125
36
192
487
705
812
861
957
1026
1004
872
763
748
712
647
612
755
976
1022
816
507
275
189
260
381
479
498
459
355
231
116
10
-87
-237
-327
-287
-126
45
130
92
-61
-255
-350
-305
-136
74
173
203
110
7
-170
-324
-515
-765
-908
-958
-852
-672
-486
-375
-302
-151
21
238
323
349
350
347
371
406
570
644
526
233
-39
-207
-230
-195
-158
-121
-108
-75
-82
-72
-90
-83
-162
-340
-480
-511
-342
-134
3
-12
-87
-114
-43
69
173
315
487
647
699
696
719
783
794
731
678
723
856
936
883
732
524
372
270
202
188
155
142
77
-8
-84
-162
-258
-391
-491
-575
-495
-310
-119
-19
-55
-150
-251
-299
-263
-159
-2
142
151
46
-117
-270
-444
-623
-760
-833
-834
-866
-869
-796
-630
-438
-305
-173
-78
-83
-159
-216
-157
-38
93
202
216
100
-65
-160
-203
-256
-260
-187
-53
115
183
174
85
-1
-169
-407
-575
-631
-564
-466
-354
-343
-421
-479
-494
-451
-354
-207
-55
123
305
442
529
530
540
583
672
751
806
866
874
822
689
554
443
342
275
183
79
-12
-28
-37
-88
-208
-353
-479
-540
-493
-383
-247
-168
-165
-170
-182
-130
-106
-80
17
82
84
39
26
-20
-139
-370
-584
-731
-831
-895
-939
-881
-749
-610
-534
-454
-336
-214
-180
-252
-298
-287
-205
-132
-64
41
107
88
-48
-155
-186
-107
77
262
372
398
400
354
204
-39
-309
-519
-641
-663
-639
-579
-511
-544
-685
-824
-824
-700
-515
-337
-135
76
232
291
340
435
555
642
617
586
617
661
687
626
510
387
222
17
-167
-216
-185
-149
-189
-287
-381
-461
-510
-517
-465
-405
-408
-421
-357
-236
-104
-79
-105
-154
-198
-253
-302
-244
-196
-185
-375
-573
-730
-841
-910
-1015
-1031
-1017
-930
-890
-842
-748
-621
-487
-457
-490
-534
-546
-551
-499
-395
-192
-2
74
27
-63
-61
-4
119
237
364
500
539
463
241
6
-290
-539
-668
-734
-686
-607
-568
-662
-777
-849
-797
-640
-476
-306
-152
17
162
268
388
495
550
537
489
488
529
574
580
525
448
314
168
3
-90
-125
-177
-198
-214
-196
-183
-201
-238
-264
-305
-368
-396
-353
-250
-120
-44
-5
-3
-76
-219
-341
-345
-270
-223
-257
-340
-445
-564
-721
-844
-941
-990
-1019
-998
-931
-822
-682
-578
-486
-431
-421
-480
-534
-525
-446
-286
-77
115
255
255
193
124
100
161
268
452
553
541
422
202
-69
-370
-599
-781
-860
-858
-820
-777
-782
-791
-836
-832
-765
-644
-456
-253
-33
166
320
418
418
357
323
344
424
489
521
526
469
364
220
84
-1
-101
-219
-310
-300
-216
-130
-94
-145
-227
-361
-447
-454
-438
-387
-295
-183
-109
-80
-141
-274
-383
-443
-440
-385
-368
-406
-496
-576
-682
-793
-950
-1114
-1229
-1236
-1156
-1037
-876
-762
-644
-564
-481
-445
-441
-418
-365
-302
-189
24
244
379
363
276
176
117
168
322
470
466
366
195
-22
-242
-481
-666
-784
-838
-851
-843
-775
-701
-643
-641
-633
-536
-380
-186
-5
226
462
598
610
560
504
492
526
566
583
578
527
443
338
239
152
42
-92
-205
-197
-107
41
145
152
71
-36
-131
-165
-163
-128
-41
51
131
149
136
96
-9
-142
-269
-317
-304
-241
-203
-224
-306
-476
-675
-878
-971
-1005
-970
-838
-683
-487
-315
-154
-64
-44
-108
-124
-67
54
251
509
766
824
720
568
448
418
483
587
639
616
523
385
227
20
-233
-473
-623
-706
-698
-607
-518
-461
-446
-448
-403
-278
-133
15
185
407
637
804
866
851
796
741
667
612
580
608
639
610
490
276
73
-72
-154
-226
-221
-164
-60
41
60
47
4
-34
-126
-219
-223
-113
67
210
253
190
87
-43
-203
-315
-363
-361
-407
-435
-468
-512
-645
-903
-1153
-1305
-1255
-1112
-869
-609
-322
-55
61
41
-70
-63
39
163
342
621
894
959
826
596
429
314
263
285
366
438
399
245
-5
-274
-529
-737
-911
-1022
-1010
-871
-709
-620
-566
-552
-483
-337
-172
-1
220
485
677
808
853
898
879
793
643
523
480
461
458
369
239
13
-205
-368
-448
-449
-436
-373
-293
-175
-118
-136
-161
-182
-185
-191
-187
-133
-19
104
135
89
-8
-119
-316
-478
-567
-559
-540
-622
-726
-873
-1009
-1227
-1413
-1493
-1401
-1167
-900
-566
-228
61
87
-59
-159
-95
125
401
721
956
982
779
513
286
151
105
101
112
65
13
-98
-276
-533
-823
-1061
-1210
-1204
-1096
-899
-714
-623
-631
-703
-648
-412
-110
127
324
526
704
815
829
796
769
749
659
527
447
460
445
328
96
-169
-413
-582
-644
-618
-481
-371
-303
-300
-290
-308
-331
-351
-351
-266
-99
76
186
207
120
-36
-244
-397
-492
-512
-522
-522
-551
-655
-849
-1133
-1406
-1590
-1592
-1436
-1178
-893
-617
-296
12
137
39
-83
-24
191
464
782
1113
1266
1084
653
231
-15
-76
-25
-17
-49
-141
-292
-496
-721
-977
-1210
-1381
-1436
-1277
-956
-593
-394
-456
-664
-773
-604
-216
248
612
868
996
997
907
781
722
699
663
633
614
650
679
567
252
-205
-591
-783
-724
-550
-336
-176
-130
-178
-336
-443
-445
-350
-243
-148
-5
164
318
342
218
-33
-315
-515
-599
-558
-483
-501
-634
-862
-1114
-1348
-1553
-1643
-1611
-1449
-1220
-980
-645
-196
232
352
144
-85
-87
158
545
991
1344
1327
903
316
-103
-254
-220
-148
-207
-378
-579
-739
-906
-1158
-1433
-1714
-1854
-1796
-1481
-979
-528
-327
-513
-836
-941
-610
-5
526
849
991
1025
902
710
571
559
564
484
362
336
436
521
361
-100
-646
-1016
-1078
-863
-482
-179
-62
-215
-454
-631
-594
-477
-322
-212
-135
-37
19
70
2
-113
-369
-619
-780
-788
-672
-580
-671
-963
-1333
-1612
-1728
-1725
-1613
-1475
-1287
-1110
-908
-567
-69
411
501
247
5
97
452
895
1332
1470
1120
401
-271
-561
-471
-206
-44
-214
-652
-1066
-1329
-1430
-1520
-1628
-1802
-1909
-1783
-1389
-819
-441
-413
-744
-1045
-931
-309
541
1173
1407
1257
945
633
480
494
596
647
576
450
360
356
244
-78
-567
-1000
-1132
-897
-389
36
146
-80
-438
-682
-669
-421
-132
53
82
-41
-184
-301
-353
-394
-506
-670
-842
-946
-954
-970
-1079
-1335
-1608
-1809
-1868
-1810
-1722
-1569
-1376
-1195
-1022
-702
-173
371
568
392
208
285
570
867
1196
1347
1082
349
-386
-713
-635
-403
-352
-579
-1037
-1512
-1740
-1743
-1638
-1660
-1789
-1953
-2038
-1836
-1389
-875
-649
-766
-1065
-1089
-565
211
810
1009
930
735
553
447
461
582
649
540
223
-39
-61
0
-117
-529
-1044
-1334
-1153
-725
-274
-57
-168
-467
-754
-718
-446
4
218
127
-190
-466
-543
-537
-524
-637
-840
-1106
-1291
-1429
-1399
-1481
-1667
-2046
-2312
-2289
-2052
-1678
-1510
-1485
-1581
-1554
-1255
-600
247
823
800
323
-1
104
531
1026
1334
1178
450
-416
-909
-851
-587
-440
-613
-1090
-1627
-1959
-1841
-1646
-1568
-1826
-2167
-2347
-2158
-1586
-968
-614
-779
-1210
-1478
-1134
-262
599
973
830
484
209
150
295
478
536
419
138
-73
-119
-20
-59
-433
-933
-1247
-1076
-569
-56
126
-124
-545
-807
-700
-288
133
358
186
-242
-633
-817
-729
-641
-672
-888
-1199
-1437
-1639
-1732
-1821
-1980
-2166
-2312
-2238
-2051
-1842
-1774
-1800
-1750
-1471
-973
-245
495
828
553
11
-157
140
689
1159
1383
1096
276
-617
-1101
-1041
-787
-628
-806
-1244
-1624
-1803
-1769
-1770
-1830
-1941
-2009
-1948
-1708
-1292
-958
-896
-1139
-1388
-1335
-843
-148
302
314
74
-108
-139
-48
83
201
218
76
-151
-330
-333
-241
-262
-499
-785
-832
-637
-387
-217
-195
-289
-413
-371
-190
101
302
271
-10
-391
-584
-588
-475
-512
-710
-1033
-1323
-1536
-1739
-1849
-1982
-2033
-2141
-2215
-2204
-2148
-2018
-1956
-1811
-1634
-1332
-1000
-545
138
723
845
460
131
167
487
774
984
1026
645
-121
-859
-1124
-989
-743
-698
-979
-1408
-1741
-1734
-1553
-1340
-1301
-1410
-1513
-1574
-1329
-956
-598
-540
-779
-1046
-1030
-491
116
434
300
6
-171
-224
-114
-4
104
106
-20
-184
-279
-188
-88
-179
-485
-709
-605
-218
218
389
277
15
-112
32
375
674
746
528
90
-277
-487
-450
-369
-408
-558
-916
-1200
-1584
-1784
-1992
-2060
-2024
-1941
-1742
-1768
-1767
-1936
-1899
-1736
-1357
-891
-408
233
748
900
427
-12
-9
437
828
1023
1096
727
-22
-905
-1283
-1171
-823
-576
-662
-936
-1332
-1499
-1632
-1649
-1539
-1312
-1024
-904
-785
-743
-734
-873
-1019
-1036
-775
-220
276
347
7
-335
-427
-302
-133
-32
-23
-112
-288
-507
-665
-614
-431
-333
-443
-569
-541
-361
-163
-71
-20
26
166
389
656
839
740
442
-2
-286
-290
-116
-7
-200
-593
-1055
-1341
-1533
-1597
-1725
-1825
-1960
-2058
-2017
-1879
-1735
-1717
-1752
-1717
-1405
-936
-427
111
595
831
497
28
-62
388
863
1011
908
515
-172
-922
-1270
-1144
-817
-680
-833
-1156
-1536
-1669
-1531
-1299
-1157
-1063
-930
-831
-756
-621
-516
-502
-574
-647
-564
-197
269
400
70
-376
-492
-272
-31
50
-55
-271
-484
-658
-736
-663
-476
-355
-480
-720
-778
-577
-277
-104
-40
-31
67
320
580
745
703
516
275
65
-10
-7
-54
-285
-563
-801
-932
-1096
-1304
-1549
-1734
-1861
-1878
-1790
-1692
-1624
-1731
-1785
-1683
-1257
-723
-388
-159
128
542
625
340
150
336
686
738
598
419
49
-576
-1145
-1284
-1040
-759
-689
-912
-1302
-1548
-1569
-1400
-1227
-1017
-771
-647
-668
-780
-779
-708
-577
-473
-401
-218
72
306
175
-150
-323
-217
4
70
-21
-184
-345
-486
-625
-706
-625
-414
-356
-484
-637
-638
-502
-301
-111
4
154
256
425
543
582
492
312
195
84
90
22
-91
-357
-627
-834
-974
-1068
-1239
-1372
-1547
-1625
-1702
-1598
-1441
-1275
-1207
-1219
-1138
-1005
-758
-465
61
717
1150
951
329
-23
124
504
750
828
638
36
-764
-1275
-1187
-800
-540
-623
-866
-1099
-1121
-1014
-882
-779
-689
-542
-467
-357
-284
-254
-335
-430
-419
-216
186
575
653
321
-6
-8
294
566
610
438
160
-37
-165
-230
-233
-130
-46
-95
-182
-198
-141
-77
5
126
346
561
778
967
1054
908
660
402
287
335
435
350
70
-239
-432
-552
-653
-781
-902
-1002
-1130
-1170
-1212
-1047
-974
-881
-889
-878
-759
-551
-233
62
545
1063
1359
1022
441
164
403
797
972
995
680
16
-802
-1188
-1015
-616
-365
-460
-738
-988
-1088
-986
-779
-449
-218
-159
-289
-489
-481
-348
-114
-50
-74
-106
45
351
454
342
250
388
584
618
474
275
148
102
44
-3
63
157
79
-177
-379
-394
-250
-5
228
432
526
576
655
773
884
833
699
522
454
469
359
162
-172
-366
-407
-406
-462
-747
-993
-1183
-1239
-1171
-1002
-755
-674
-716
-852
-910
-821
-576
-272
15
366
868
1266
1153
539
-17
32
457
858
1031
907
319
-599
-1214
-1192
-689
-278
-221
-441
-754
-939
-1026
-975
-764
-401
-65
-41
-237
-446
-471
-385
-261
-117
95
352
550
571
451
369
491
713
771
639
439
322
225
132
81
105
102
78
-53
-116
-166
-193
-141
53
411
691
810
785
809
885
907
771
540
394
368
340
152
-77
-327
-434
-575
-674
-803
-906
-941
-1021
-1037
-1055
-911
-800
-685
-691
-783
-839
-833
-593
-344
-70
301
836
1257
1008
227
-302
-32
634
1074
1119
815
104
-755
-1202
-1042
-489
-170
-198
-570
-927
-1150
-1124
-831
-602
-347
-324
-344
-524
-578
-440
-297
-165
-152
-58
126
448
658
608
496
520
643
631
460
259
165
176
159
48
-116
-203
-218
-152
-158
-223
-220
-95
219
498
751
795
801
868
864
786
533
422
303
280
189
-3
-179
-387
-486
-702
-873
-993
-902
-766
-715
-768
-876
-866
-764
-582
-503
-683
-819
-838
-564
-389
-187
120
605
1039
839
234
-252
63
724
1119
1054
754
338
-295
-805
-852
-396
3
-27
-395
-786
-925
-872
-772
-736
-587
-276
-129
-282
-577
-595
-427
-223
-120
1
287
592
739
563
382
394
559
610
454
336
298
286
146
-77
-164
-88
85
111
-20
-135
-105
122
468
801
986
1013
943
884
853
845
735
577
455
364
315
111
-114
-372
-567
-677
-748
-713
-576
-495
-567
-745
-793
-621
-405
-320
-459
-614
-654
-612
-544
-547
-400
-146
198
617
976
969
463
93
272
807
1133
1133
952
513
-115
-594
-576
-237
-51
-158
-457
-785
-977
-984
-729
-297
31
166
-84
-315
-427
-230
143
455
702
631
540
436
511
643
705
765
781
746
543
346
208
170
179
202
248
355
392
325
223
246
472
810
1150
1341
1343
1221
1129
1079
1083
1011
997
886
787
555
326
35
-206
-292
-271
-89
-68
-57
-279
-426
-498
-369
-173
-88
-52
-97
-112
-187
-302
-466
-553
-525
-235
112
441
757
1116
1263
860
345
335
886
1409
1506
1367
1050
447
-252
-506
-202
176
202
-102
-434
-661
-727
-627
-387
-90
201
349
282
47
-7
165
406
577
597
575
563
623
613
535
498
592
693
651
498
370
279
240
220
298
459
637
771
765
731
703
742
857
1114
1423
1515
1345
993
809
756
813
753
605
446
247
64
-206
-257
-234
-18
42
6
-120
-214
-220
-241
-168
-53
38
-62
-137
-261
-386
-627
-725
-684
-503
-267
-98
83
252
612
989
1043
656
332
654
1204
1356
1104
790
445
-25
-333
-302
-90
-79
-328
-637
-710
-657
-508
-185
209
515
497
262
-90
-183
71
426
635
563
380
206
236
357
375
353
371
527
588
458
199
111
277
542
734
864
940
933
815
616
597
748
1059
1314
1387
1258
945
648
529
637
733
715
524
329
173
6
-110
-162
-62
72
240
162
2
-297
-328
-172
44
169
-7
-17
-214
-285
-543
-599
-560
-603
-531
-548
-373
-277
-47
284
762
1048
859
426
316
744
1101
1060
747
587
321
-138
-445
-488
-358
-470
-564
-634
-533
-276
-75
54
-96
-117
-104
-89
-94
-41
136
164
71
-152
-259
-138
114
307
314
223
197
189
221
260
470
645
643
574
479
408
375
467
527
586
645
706
655
596
451
309
257
326
513
518
370
78
-140
-195
-249
-170
-116
-50
-52
-155
-273
-464
-484
-353
-94
-31
-159
-352
-436
-485
-610
-710
-679
-612
-647
-869
-1084
-1148
-934
-641
-422
-156
200
587
698
487
155
216
547
807
711
532
371
-42
-550
-879
-773
-541
-431
-527
-627
-620
-579
-459
-372
-209
-127
-120
-259
-371
-222
-54
-13
-215
-335
-295
-61
214
340
281
233
400
565
545
364
316
385
417
379
292
319
360
385
325
256
201
172
181
276
432
391
268
142
207
281
208
22
-153
-180
-137
-123
-212
-311
-348
-290
-314
-302
-289
-253
-288
-428
-494
-449
-364
-437
-586
-798
-912
-1022
-997
-1079
-1127
-1127
-911
-635
-367
-120
131
429
584
473
192
174
417
564
372
116
-67
-327
-691
-945
-927
-858
-877
-957
-943
-786
-578
-410
-447
-519
-473
-380
-356
-412
-323
-223
-132
-199
-245
-238
-148
41
191
285
237
188
70
-91
-155
-30
126
130
96
67
18
-93
-117
-125
-28
63
98
21
-14
90
109
7
-133
-77
-31
-130
-353
-416
-324
-293
-325
-377
-406
-386
-359
-378
-459
-493
-425
-387
-425
-544
-697
-870
-967
-923
-853
-946
-1116
-1266
-1290
-1120
-945
-828
-777
-624
-352
-71
105
207
251
171
-72
-238
-136
-31
-105
-417
-703
-904
-1039
-1083
-1027
-931
-950
-1001
-922
-684
-447
-295
-304
-342
-349
-329
-336
-338
-156
11
-15
-221
-386
-368
-284
-202
-68
25
-10
-121
-122
-52
-71
-100
-51
6
77
106
92
12
-3
34
85
104
95
67
65
46
-19
-118
-199
-132
-18
6
-184
-366
-363
-214
-98
-143
-298
-366
-312
-224
-277
-417
-531
-572
-608
-644
-753
-761
-774
-774
-859
-875
-865
-778
-730
-683
-725
-769
-806
-718
-504
-394
-355
-394
-374
-407
-494
-614
-630
-559
-488
-477
-539
-573
-562
-561
-632
-647
-574
-442
-420
-491
-431
-251
-92
-61
-102
-173
-415
-632
-647
-516
-371
-277
-331
-519
-664
-635
-445
-210
17
152
193
167
97
0
-42
-11
151
348
354
221
33
-113
-274
-351
-297
-163
-31
19
-108
-276
-397
-333
-180
5
62
-4
-97
-176
-199
-208
-203
-188
-136
-137
-199
-356
-448
-601
-613
-583
-467
-369
-311
-383
-501
-564
-624
-646
-654
-613
-676
-825
-1070
-1236
-1314
-1246
-1183
-1116
-972
-761
-663
-652
-605
-468
-294
-150
27
239
375
359
216
4
-227
-414
-496
-421
-367
-419
-495
-496
-555
-683
-747
-706
-675
-663
-527
-318
-171
-164
-240
-298
-270
-157
-12
174
399
492
368
123
-40
-25
69
160
212
224
165
43
-106
-204
-275
-226
-67
53
95
32
-64
-171
-253
-210
-64
133
224
208
74
-87
-170
-128
-9
92
109
57
-65
-200
-251
-204
-96
-118
-228
-354
-404
-415
-536
-739
-909
-974
-974
-1071
-1234
-1329
-1343
-1351
-1404
-1405
-1270
-1035
-717
-458
-192
9
122
139
204
276
333
319
265
169
-4
-192
-403
-586
-754
-857
-814
-714
-699
-767
-692
-456
-293
-333
-466
-474
-290
-110
-56
-74
-98
-107
-203
-247
-123
34
119
117
135
118
11
-89
-112
-55
48
146
198
181
105
-25
-153
-207
-206
-129
2
170
227
133
-29
-97
-7
140
240
249
247
246
267
238
115
46
97
181
175
-11
-246
-455
-522
-548
-524
-528
-549
-603
-648
-747
-892
-1017
-1041
-951
-798
-643
-636
-726
-839
-893
-809
-672
-509
-358
-262
-167
-169
-207
-324
-368
-262
-119
-69
-163
-256
-315
-325
-381
-420
-405
-342
-310
-253
-183
-153
-220
-311
-243
-148
-181
-378
-493
-444
-350
-320
-397
-419
-417
-403
-348
-222
-118
-135
-96
44
150
149
125
166
224
229
132
80
150
238
247
192
118
67
75
147
260
323
266
154
142
260
312
232
71
3
3
-19
-116
-272
-317
-284
-187
-202
-323
-438
-427
-298
-212
-195
-208
-200
-179
-155
-199
-245
-269
-284
-281
-330
-471
-655
-701
-648
-658
-774
-885
-905
-816
-738
-717
-685
-602
-500
-433
-365
-273
-177
-93
-68
-138
-175
-171
-188
-231
-308
-368
-434
-427
-376
-365
-448
-557
-610
-640
-589
-509
-409
-358
-372
-389
-403
-389
-372
-346
-235
-89
-9
1
-5
-11
68
186
227
205
207
295
394
428
388
324
310
339
338
324
315
296
238
111
-55
-177
-191
-189
-194
-218
-260
-284
-252
-181
-136
-80
-13
106
256
381
407
379
341
329
321
296
253
152
73
0
-70
-202
-363
-449
-493
-568
-674
-690
-619
-561
-613
-710
-782
-753
-680
-598
-519
-488
-501
-541
-556
-558
-541
-532
-520
-484
-449
-450
-492
-529
-525
-469
-403
-325
-286
-215
-154
-99
-62
6
124
172
130
41
18
61
173
194
111
15
-51
-27
31
79
52
88
189
245
225
249
296
293
343
410
460
464
444
439
448
426
308
166
104
139
208
196
100
60
138
220
215
181
220
294
381
433
448
479
493
481
462
441
401
348
316
292
301
256
188
132
107
81
21
2
20
31
-49
-155
-251
-295
-328
-410
-477
-559
-618
-731
-830
-910
-992
-1028
-1066
-989
-955
-910
-914
-861
-746
-660
-527
-465
-325
-230
-122
-61
-31
36
99
213
290
342
313
258
246
258
228
159
152
178
170
117
65
16
-32
-65
-88
-67
-34
-43
-44
35
138
172
191
245
293
310
298
315
363
476
521
503
487
458
439
417
435
492
566
611
567
514
480
487
531
566
548
472
435
457
475
453
419
367
346
324
335
342
333
310
283
273
206
142
80
55
11
-27
-108
-179
-256
-360
-446
-559
-667
-790
-834
-873
-920
-984
-1017
-991
-978
-903
-850
-781
-757
-707
-586
-415
-300
-303
-248
-184
-133
-146
-129
-116
-76
-17
-4
27
84
138
146
180
198
201
184
171
160
176
149
108
119
134
106
19
-57
-43
51
108
154
195
251
301
364
408
418
440
475
530
585
651
697
724
772
797
800
782
777
769
793
811
782
722
664
644
626
583
525
475
463
490
486
431
353
310
323
346
368
363
322
303
306
291
235
155
59
-11
-54
-86
-124
-174
-214
-281
-366
-438
-482
-519
-562
-579
-593
-594
-647
-693
-754
-783
-781
-787
-762
-759
-724
-725
-677
-648
-598
-523
-440
-373
-320
-216
-152
-75
-38
-13
42
131
174
167
197
203
210
188
184
187
197
191
175
176
181
169
176
222
262
275
292
326
397
466
480
496
539
626
659
654
645
653
698
710
711
682
676
687
741
790
773
719
653
616
585
570
551
535
545
523
476
407
341
303
287
269
208
147
104
93
70
32
0
-21
-32
-41
-52
-49
-57
-88
-128
-159
-197
-247
-296
-354
-386
-448
-504
-603
-704
-794
-829
-841
-894
-927
-955
-922
-924
-958
-1004
-1007
-947
-901
-858
-837
-784
-747
-717
-691
-668
-591
-496
-441
-431
-406
-342
-246
-165
-100
-26
41
99
158
201
226
265
305
341
357
363
355
330
327
332
314
300
282
235
218
212
220
216
232
267
303
318
331
354
376
412
444
461
455
447
450
446
426
363
305
249
213
204
160
124
74
33
1
-5
-12
-37
-76
-89
-80
-89
-93
-101
-81
-78
-92
-142
-196
-219
-228
-243
-285
-309
-325
-333
-353
-395
-429
-483
-512
-558
-569
-603
-666
-702
-743
-778
-828
-858
-912
-966
-991
-979
-952
-957
-988
-1001
-978
-935
-872
-802
-761
-726
-671
-597
-499
-402
-313
-264
-194
-96
0
85
160
241
303
351
344
345
352
362
355
346
337
310
299
275
279
291
316
307
324
367
413
426
386
335
290
278
281
291
312
296
253
203
155
148
150
163
156
152
165
210
250
241
217
160
119
89
73
54
51
36
-21
-59
-110
-169
-215
-244
-256
-235
-244
-264
-286
-292
-263
-278
-288
-279
-291
-305
-372
-445
-495
-524
-540
-580
-627
-677
-699
-692
-692
-708
-771
-865
-942
-960
-929
-907
-932
-957
-977
-949
-923
-916
-916
-921
-875
-837
-762
-694
-623
-578
-556
-515
-490
-425
-372
-303
-268
-235
-201
-186
-116
-49
30
70
102
130
165
242
279
281
237
198
160
177
212
208
157
122
109
60
45
39
55
97
138
166
166
169
147
119
109
114
144
155
157
137
90
57
26
8
-33
-71
-81
-85
-89
-96
-101
-146
-155
-165
-178
-222
-296
-341
-366
-355
-362
-391
-416
-440
-472
-478
-486
-514
-554
-586
-582
-567
-569
-593
-597
-593
-592
-617
-645
-667
-689
-724
-738
-718
-721
-718
-748
-747
-742
-751
-765
-805
-806
-827
-821
-841
-853
-861
-876
-888
-899
-892
-866
-837
-828
-813
-807
-753
-682
-606
-548
-516
-477
-439
-404
-375
-306
-214
-151
-110
-71
5
65
95
123
162
218
265
279
291
265
238
200
162
122
98
91
83
45
-1
-19
-49
-64
-72
-62
-55
-61
-44
-39
-38
-54
-48
-53
-38
-22
-33
-44
-98
-115
-127
-152
-172
-194
-211
-226
-250
-291
-323
-363
-371
-360
-378
-399
-429
-425
-425
-417
-421
-408
-377
-360
-338
-333
-326
-323
-334
-336
-315
-309
-303
-297
-293
-295
-306
-327
-359
-396
-434
-427
-443
-456
-488
-509
-536
-568
-603
-631
-626
-644
-628
-656
-644
-636
-610
-577
-592
-610
-637
-611
-578
-487
-420
-384
-351
-346
-308
-285
-234
-199
-164
-127
-95
-52
-21
6
17
35
54
83
120
154
180
186
199
220
223
230
219
199
158
129
92
38
-3
-76
-94
-109
-135
-188
-226
-230
-222
-207
-222
-244
-271
-288
-276
-235
-201
-200
-219
-237
-225
-212
-199
-219
-252
-275
-270
-265
-269
-288
-302
-313
-325
-329
-341
-326
-330
-314
-325
-335
-326
-314
-321
-327
-316
-308
-288
-291
-286
-290
-273
-251
-226
-211
-218
-219
-223
-245
-279
-294
-285
-282
-285
-300
-316
-356
-394
-423
-435
-448
-478
-502
-508
-470
-459
-462
-461
-479
-474
-442
-397
-361
-349
-337
-333
-298
-284
-280
-271
-246
-209
-203
-211
-234
-242
-249
-250
-238
-230
-215
-202
-169
-111
-60
-37
-28
-2
42
71
100
144
168
174
171
166
166
130
103
101
98
84
43
35
28
38
33
1
-35
-82
-77
-75
-53
-38
-60
-87
-103
-98
-105
-115
-152
-172
-162
-157
-137
-137
-153
-156
-142
-120
-100
-83
-101
-97
-93
-60
-33
-14
13
23
60
74
84
78
90
137
174
192
198
218
232
258
260
256
238
210
219
188
162
115
82
62
34
21
-29
-60
-94
-142
-186
-226
-248
-285
-316
-335
-349
-368
-381
-387
-395
-403
-411
-423
-410
-405
-391
-392
-401
-379
-366
-335
-331
-273
-233
-183
-158
-150
-120
-78
-19
-6
35
77
133
181
214
250
248
265
291
320
326
321
330
338
318
286
265
223
187
171
145
145
116
118
123
122
114
98
112
131
153
131
112
105
118
151
173
212
219
233
247
263
299
326
341
339
363
382
388
395
392
393
398
419
421
397
399
396
394
382
371
342
329
320
325
328
306
299
277
256
223
208
205
184
191
188
159
145
105
58
47
32
-17
-66
-106
-144
-184
-216
-259
-301
-332
-330
-346
-361
-370
-355
-343
-348
-355
-369
-367
-365
-372
-366
-365
-363
-361
-379
-385
-375
-348
-324
-311
-287
-286
-255
-199
-140
-118
-86
-53
-37
13
55
108
127
142
151
187
206
194
215
235
265
279
286
282
301
327
349
338
323
317
308
311
327
351
345
321
285
267
259
270
281
294
290
268
256
240
237
250
250
237
230
207
213
202
193
190
170
193
211
220
212
194
172
166
147
128
127
133
142
163
182
158
149
132
128
119
101
96
82
50
4
-14
-33
-76
-113
-137
-197
-269
-323
-328
-341
-368
-405
-453
-482
-501
-493
-489
-494
-524
-540
-546
-559
-539
-536
-531
-540
-557
-553
-521
-515
-524
-548
-563
-549
-521
-485
-458
-435
-419
-401
-362
-341
-323
-284
-230
-164
-103
-45
-17
24
44
39
48
50
70
119
168
218
245
236
242
223
234
240
239
247
273
300
301
296
269
249
245
232
210
190
174
181
179
187
166
152
147
147
152
152
143
115
111
121
140
134
131
121
114
117
124
122
98
70
50
38
16
4
-13
-27
-45
-63
-87
-97
-108
-107
-98
-119
-121
-145
-152
-155
-160
-172
-198
-227
-242
-257
-269
-286
-326
-345
-345
-338
-341
-350
-373
-385
-397
-421
-412
-405
-402
-407
-422
-430
-443
-444
-424
-413
-416
-433
-425
-403
-354
-310
-297
-285
-279
-254
-226
-182
-160
-140
-117
-79
-48
-29
5
23
39
41
66
97
134
161
179
194
210
215
223
253
270
283
302
343
368
379
395
409
410
388
391
396
400
399
388
375
352
315
283
246
219
180
137
125
101
87
54
26
-1
-22
-38
-59
-86
-83
-64
-76
-102
-122
-143
-162
-156
-124
-106
-105
-100
-94
-81
-89
-82
-65
-54
-58
-52
-42
-41
-41
-41
-31
-31
-53
-53
-67
-78
-46
-34
-17
-6
5
17
9
-13
-25
-27
-34
-41
-64
-79
-84
-111
-140
-149
-147
-160
-156
-160
-161
-158
-162
-161
-155
-150
-146
-114
-94
-66
-58
-45
-24
-11
12
33
60
73
104
135
140
124
110
123
144
144
154
158
172
179
194
185
163
145
135
147
162
187
197
206
182
166
161
165
216
239
265
256
258
258
275
287
271
257
218
217
217
223
194
165
123
111
91
63
53
44
55
47
21
-11
-26
-18
-5
4
19
22
35
65
74
58
38
29
39
49
42
15
3
4
22
25
-4
-30
-44
-52
-33
-22
-5
10
17
21
12
11
19
35
22
20
26
39
54
34
30
29
20
-7
-19
-25
-36
-52
-84
-89
-94
-116
-126
-131
-133
-126
-126
-130
-146
-148
-144
-141
-141
-143
-163
-178
-183
-175
-182
-198
-200
-203
-193
-171
-171
-195
-203
-210
-210
-202
-199
-190
-176
-164
-164
-166
-178
-170
-147
-133
-136
-141
-133
-118
-84
-68
-63
-57
-51
-40
-49
-43
-52
-59
-47
-18
11
19
13
16
47
53
59
41
33
12
8
3
-9
-9
-17
-20
-16
-23
-19
-31
-59
-62
-57
-64
-50
-42
-42
-30
-42
-40
-51
-51
-49
-52
-28
-23
-16
-4
-1
-19
-35
-40
-36
-16
-2
-17
-27
-22
-20
-12
-14
-6
-26
-33
-19
-10
-2
-11
-7
-13
-30
-45
-51
-63
-71
-79
-79
-87
-110
-133
-148
-146
-156
-168
-177
-189
-195
-209
-224
-245
-247
-254
-261
-282
-296
-298
-314
-330
-348
-325
-319
-321
-288
-262
-246
-251
-245
-235
-225
-188
-156
-123
-116
-113
-117
-103
-85
-65
-47
-36
-13
11
49
60
83
110
130
151
183
213
222
237
253
263
270
273
278
281
259
257
268
267
272
274
262
245
246
229
235
229
209
201
181
196
199
220
226
220
227
232
231
221
228
224
225
205
193
167
156
144
138
140
144
154
146
140
132
125
120
139
139
136
125
110
108
88
63
52
46
30
18
2
-9
-33
-56
-48
-46
-37
-51
-85
-91
-91
-88
-105
-146
-183
-190
-201
-226
-253
-265
-247
-217
-202
-217
-231
-261
-248
-216
-176
-150
-156
-144
-142
-117
-105
-86
-69
-58
-52
-48
-10
16
32
54
56
36
28
32
57
68
85
88
83
74
63
77
82
110
113
133
147
155
170
197
226
278
312
306
306
293
314
317
320
315
301
282
276
300
324
358
351
347
342
339
339
345
369
362
362
338
331
339
341
323
290
251
203
223
214
191
162
130
102
70
63
27
-2
-11
-23
-34
-50
-75
-89
-90
-102
-101
-107
-117
-120
-132
-113
-104
-114
-107
-101
-88
-85
-91
-102
-96
-81
-57
-50
-47
-60
-72
-80
-72
-85
-89
-83
-95
-92
-72
-60
-68
-64
-59
-76
-86
-51
-50
-31
-33
-26
3
19
35
20
26
27
43
29
18
17
26
54
66
97
110
132
149
173
213
228
240
246
278
285
299
319
336
367
349
356
361
383
382
376
382
384
386
373
385
408
425
411
399
379
349
345
333
336
331
334
321
313
304
287
267
219
209
207
217
203
190
165
149
134
113
117
109
124
140
164
155
135
146
133
126
135
146
166
174
184
193
194
184
177
177
188
202
200
186
184
175
168
162
157
147
145
148
160
167
204
218
217
218
192
206
214
235
240
243
238
235
259
274
271
257
255
241
247
263
270
265
252
264
244
229
228
250
270
263
252
252
263
272
295
307
313
305
310
307
312
346
349
333
325
346
358
363
366
359
360
340
327
331
336
329
317
335
357
358
350
354
350
327
324
317
315
336
362
351
342
346
324
331
338
352
369
362
354
344
366
359
335
303
277
253
236
229
227
214
198
193
186
197
189
169
160
161
168
188
207
217
234
228
216
213
225
216
214
219
214
211
212
215
227
246
251
233
201
183
174
199
229
236
221
178
160
157
167
180
192
167
142
126
116
107
97
93
81
74
59
48
48
47
25
4
-23
-28
-31
-24
-4
-28
-35
-53
-69
-64
-51
-19
6
53
62
58
57
53
57
39
38
58
73
75
66
63
86
87
66
45
6
4
19
37
50
53
51
35
20
16
23
27
7
-2
-4
-1
25
53
50
42
39
35
51
53
50
22
-8
-22
-38
-47
-67
-73
-78
-85
-88
-92
-81
-81
-87
-89
-77
-65
-63
-39
-37
-40
-42
-40
-42
-52
-63
-68
-76
-81
-81
-88
-79
-101
-124
-137
-119
-105
-81
-67
-72
-71
-99
-108
-117
-141
-157
-162
-150
-147
-133
-152
-181
-198
-218
-222
-234
-220
-230
-219
-222
-238
-246
-270
-266
-263
-242
-233
-247
-267
-279
-278
-287
-285
-289
-292
-291
-272
-261
-263
-276
-297
-300
-304
-284
-262
-251
-253
-242
-238
-235
-237
-243
-233
-221
-200
-196
-200
-184
-170
-162
-173
-178
-183
-181
-165
-163
-150
-152
-128
-127
-114
-98
-91
-74
-77
-65
-55
-32
-20
-8
-2
-18
-24
-34
-38
-33
-22
-9
-18
-34
-35
-53
-55
-62
-81
-105
-118
-123
-133
-126
-129
-138
-148
-175
-178
-180
-185
-194
-211
-212
-205
-190
-191
-185
-203
-220
-223
-233
-236
-233
-226
-231
-230
-248
-242
-252
-245
-242
-241
-240
-253
-262
-267
-283
-297
-313
-325
-320
-316
-318
-309
-318
-332
-337
-341
-333
-331
-327
-313
-305
-291
-270
-279
-281
-291
-295
-287
-293
-302
-293
-279
-271
-271
-263
-229
-211
-191
-172
-144
-117
-103
-72
-55
-43
-42
-39
-32
-33
-25
-18
-12
-10
2
19
11
4
0
-10
-21
-16
-23
-37
-43
-33
-39
-51
-62
-75
-79
-90
-80
-78
-68
-74
-80
-73
-75
-76
-66
-65
-75
-78
-88
-97
-104
-134
-143
-130
-122
-113
-125
-128
-117
-107
-108
-138
-167
-205
-220
-192
-181
-187
-224
-257
-265
-254
-249
-260
-268
-266
-269
-286
-290
-282
-269
-272
-297
-316
-338
-357
-368
-386
-395
-405
-399
-408
-411
-407
-401
-397
-388
-383
-386
-378
-367
-331
-314
-309
-296
-292
-279
-274
-278
-269
-258
-254
-262
-270
-263
-264
-242
-210
-202
-229
-256
-267
-252
-209
-179
-154
-151
-154
-135
-120
-102
-93
-100
-102
-97
-87
-58
-47
-46
-52
-74
-78
-70
-64
-66
-74
-86
-89
-85
-98
-109
-95
-101
-97
-106
-106
-105
-94
-78
-75
-87
-88
-84
-83
-80
-91
-87
-96
-114
-115
-115
-111
-111
-116
-108
-117
-128
-132
-142
-158
-166
-167
-171
-175
-190
-205
-206
-224
-235
-257
-254
-245
-243
-245
-260
-259
-262
-262
-257
-271
-293
-307
-312
-299
-270
-252
-268
-261
-250
-256
-241
-243
-243
-252
-255
-235
-229
-217
-212
-210
-203
-203
-203
-213
-216
-204
-204
-186
-175
-178
-166
-179
-175
-175
-185
-193
-197
-201
-199
-199
-199
-189
-190
-186
-191
-190
-185
-202
-213
-211
-206
-196
-176
-166
-163
-167
-169
-172
-194
-206
-204
-197
-175
-173
-164
-165
-165
-164
-172
-162
-148
-137
-123
-131
-125
-135
-139
-142
-161
-175
-186
-190
-200
-194
-192
-187
-204
-216
-221
-225
-221
-228
-231
-228
-221
-212
-210
-203
-201
-209
-224
-229
-231
-222
-208
-192
-186
-197
-209
-237
-244
-237
-230
-220
-207
-216
-231
-237
-245
-250
-240
-229
-205
-204
-210
-209
-207
-207
-220
-209
-193
-179
-182
-175
-177
-173
-172
-170
-179
-191
-189
-200
-198
-200
-191
-184
-175
-168
-163
-151
-155
-157
-172
-167
-150
-146
-148
-152
-138
-136
-139
-140
-147
-167
-171
-159
-150
-133
-144
-164
-170
-174
-165
-140
-122
-107
-110
-126
-127
-138
-148
-148
-142
-143
-131
-124
-124
-127
-140
-139
-128
-109
-93
-84
-85
-94
-102
-117
-140
-161
-168
-174
-186
-189
-191
-191
-184
-182
-199
-214
-229
-227
-200
-167
-166
-183
-207
-213
-205
-199
-206
-197
-194
-200
-181
-176
-156
-155
-163
-173
-182
-181
-182
-163
-166
-175
-184
-214
-230
-239
-221
-196
-198
-211
-217
-230
-240
-256
-244
-211
-194
-182
-185
-189
-201
-206
-212
-214
-213
-197
-184
-195
-215
-217
-202
-191
-193
-200
-208
-204
-174
-155
-138
-136
-147
-164
-168
-154
-138
-133
-146
-155
-153
-139
-147
-158
-153
-157
-170
-187
-186
-188
-193
-195
-198
-206
-204
-216
-232
-222
-205
-191
-197
-207
-209
-214
-208
-192
-180
-183
-192
-194
-188
-180
-191
-191
-204
-199
-208
-216
-200
-198
-189
-205
-233
-258
-268
-263
-252
-236
-226
-231
-237
-237
-229
-243
-253
-264
-271
-260
-250
-247
-251
-262
-278
-291
-300
-299
-311
-327
-337
-344
-342
-336
-333
-347
-338
-333
-316
-304
-296
-295
-301
-305
-313
-315
-312
-293
-290
-270
-268
-280
-304
-320
-328
-342
-345
-336
-330
-329
-326
-316
-336
-349
-366
-373
-378
-379
-358
-348
-356
-366
-356
-368
-372
-379
-387
-396
-386
-378
-370
-377
-377
-359
-347
-337
-351
-357
-347
-349
-331
-316
-317
-297
-308
-315
-309
-306
-295
-292
-288
-305
-320
-330
-325
-331
-316
-313
-324
-322
-338
-344
-349
-356
-357
-371
-380
-367
-351
-348
-355
-351
-342
-316
-304
-294
-290
-293
-281
-271
-252
-253
-245
-257
-263
-257
-259
-254
-261
-262
-261
-255
-230
-218
-230
-254
-274
-263
-255
-251
-242
-250
-245
-240
-248
-262
-267
-284
-297
-296
-312
-313
-307
-301
-319
-342
-362
-376
-393
-387
-367
-357
-340
-341
-329
-336
-331
-349
-350
-331
-312
-272
-259
-255
-260
-272
-287
-292
-280
-243
-230
-223
-220
-228
-247
-253
-244
-256
-258
-263
-267
-271
-257
-255
-266
-272
-285
-286
-287
-289
-293
-306
-297
-281
-265
-257
-276
-302
-312
-303
-281
-276
-261
-252
-246
-235
-247
-267
-272
-282
-279
-268
-280
-283
-263
-237
-223
-227
-264
-296
-312
-309
-276
-247
-250
-261
-280
-292
-288
-276
-260
-265
-273
-276
-276
-265
-257
-247
-253
-269
-285
-300
-296
-283
-280
-275
-288
-296
-310
-326
-323
-331
-313
-316
-311
-307
-298
-270
-251
-217
-187
-163
-159
-150
-143
-142
-136
-128
-131
-139
-149
-154
-142
-131
-126
-136
-162
-181
-193
-175
-159
-144
-138
-141
-141
-122
-102
-104
-93
-118
-114
-99
-98
-76
-68
-91
-103
-108
-104
-104
-97
-106
-111
-120
-138
-136
-139
-138
-133
-134
-129
-107
-90
-90
-87
-80
-75
-76
-82
-75
-57
-47
-45
-49
-46
-46
-42
-36
-36
-35
-46
-63
-83
-93
-100
-114
-119
-106
-102
-117
-124
-127
-135
-148
-141
-151
-181
-190
-174
-160
-161
-162
-169
-170
-158
-162
-176
-190
-190
-177
-160
-132
-129
-133
-137
-125
-103
-107
-111
-107
-105
-113
-117
-132
-138
-125
-127
-119
-117
-135
-140
-148
-145
-138
-133
-143
-144
-146
-132
-112
-128
-145
-150
-149
-161
-165
-157
-136
-125
-125
-129
-136
-146
-138
-138
-151
-155
-160
-137
-126
-131
-133
-122
-106
-110
-99
-96
-99
-90
-67
-58
-44
-43
-31
-15
-9
-5
3
21
21
22
20
17
15
25
27
7
6
13
19
6
0
0
-13
-22
-26
-27
-40
-52
-62
-65
-63
-67
-73
-57
-36
-33
-47
-57
-63
-47
-29
-21
-21
-38
-36
-31
-31
-26
-29
-37
-40
-45
-73
-86
-83
-88
-94
-104
-103
-95
-88
-75
-79
-78
-75
-78
-78
-80
-84
-96
-117
-121
-116
-121
-134
-143
-151
-146
-132
-129
-114
-121
-117
-126
-115
-95
-83
-72
-67
-62
-57
-48
-53
-51
-63
-71
-80
-77
-60
-63
-58
-60
-62
-75
-92
-85
-89
-74
-61
-70
-86
-88
-99
-108
-112
-120
-129
-117
-109
-108
-114
-129
-148
-159
-146
-140
-124
-104
-103
-116
-127
-139
-138
-135
-152
-143
-143
-154
-151
-140
-144
-134
-135
-161
-188
-199
-178
-148
-117
-119
-152
-185
-209
-195
-180
-179
-167
-172
-171
-162
-140
-127
-119
-137
-161
-180
-183
-179
-181
-179
-192
-200
-213
-225
-233
-243
-239
-218
-224
-219
-218
-238
-241
-233
-221
-210
-200
-196
-196
-194
-205
-224
-225
-233
-230
-243
-257
-269
-270
-259
-246
-252
-270
-276
-289
-275
-258
-253
-241
-242
-252
-260
-266
-254
-238
-220
-229
-248
-254
-255
-262
-265
-254
-254
-249
-260
-275
-278
-270
-256
-278
-289
-306
-332
-330
-319
-320
-325
-310
-312
-324
-319
-300
-292
-295
-300
-302
-297
-280
-265
-267
-260
-276
-285
-291
-293
-277
-272
-272
-276
-298
-304
-309
-313
-306
-306
-310
-308
-305
-294
-311
-332
-331
-338
-331
-325
-313
-284
-261
-257
-237
-230
-244
-245
-259
-263
-256
-246
-230
-212
-208
-208
-214
-219
-211
-222
-213
-200
-206
-219
-237
-220
-210
-198
-187
-189
-184
-195
-208
-218
-231
-237
-250
-257
-250
-241
-218
-220
-229
-246
-256
-249
-229
-224
-235
-239
-251
-256
-252
-254
-278
-291
-296
-308
-303
-303
-299
-294
-285
-274
-281
-284
-298
-290
-285
-265
-256
-241
-232
-235
-249
-264
-276
-269
-250
-258
-241
-244
-247
-254
-256
-261
-258
-269
-262
-252
-258
-264
-275
-285
-296
-300
-308
-298
-294
-280
-261
-262
-268
-274
-265
-252
-242
-244
-251
-232
-223
-201
-196
-205
-216
-228
-223
-233
-210
-194
-192
-188
-180
-178
-181
-193
-209
-205
-204
-183
-182
-185
-176
-183
-187
-198
-202
-205
-209
-197
-192
-190
-188
-182
-186
-194
-197
-198
-194
-187
-191
-188
-187
-196
-203
-212
-212
-191
-183
-169
-147
-143
-127
-131
-146
-151
-139
-134
-123
-92
-95
-104
-113
-126
-136
-125
-112
-113
-103
-94
-91
-102
-118
-139
-149
-143
-134
-126
-129
-123
-141
-157
-156
-142
-138
-131
-129
-132
-113
-95
-65
-76
-85
-80
-87
-94
-76
-80
-90
-68
-68
-71
-82
-97
-102
-96
-72
-48
-66
-104
-119
-117
-98
-74
-79
-91
-112
-134
-136
-120
-113
-112
-122
-137
-141
-146
-135
-119
-113
-106
-117
-130
-152
-166
-165
-187
-194
-206
-211
-221
-235
-223
-218
-218
-223
-227
-221
-203
-185
-166
-161
-175
-187
-182
-188
-189
-172
-159
-164
-178
-183
-191
-188
-175
-179
-183
-196
-221
-225
-223
-210
-212
-211
-216
-211
-196
-196
-198
-200
-206
-206
-195
-165
-139
-135
-142
-162
-160
-154
-146
-134
-150
-182
-214
-205
-192
-186
-191
-191
-205
-214
-202
-195
-170
-156
-142
-126
-113
-99
-112
-116
-111
-105
-95
-92
-78
-77
-90
-108
-117
-132
-140
-136
-135
-126
-131
-122
-115
-113
-130
-140
-146
-154
-150
-137
-137
-156
-166
-182
-180
-158
-152
-142
-136
-150
-144
-150
-159
-167
-168
-159
-154
-157
-159
-157
-145
-140
-139
-139
-151
-172
-185
-165
-154
-143
-148
-152
-139
-138
-168
-187
-182
-179
-174
-176
-182
-183
-190
-206
-203
-208
-228
-235
-252
-265
-257
-264
-267
-254
-251
-260
-264
-279
-281
-300
-307
-308
-318
-322
-321
-324
-327
-314
-313
-315
-302
-296
-280
-264
-258
-261
-253
-258
-244
-231
-212
-195
-206
-204
-208
-219
-230
-246
-268
-269
-283
-286
-293
-295
-297
-301
-302
-312
-303
-301
-306
-323
-351
-342
-326
-318
-303
-305
-304
-296
-283
-279
-288
-287
-288
-272
-260
-255
-261
-253
-239
-238
-252
-264
-280
-296
-289
-278
-285
-302
-314
-312
-298
-296
-298
-303
-315
-297
-299
-309
-313
-315
-322
-325
-322
-318
-325
-335
-331
-332
-324
-320
-316
-323
-335
-347
-346
-339
-339
-331
-322
-310
-296
-290
-263
-260
-257
-245
-245
-231
-218
-219
-233
-229
-236
-218
-196
-201
-192
-204
-219
-223
-225
-217
-202
-210
-214
-217
-227
-226
-224
-229
-231
-231
-224
-213
-218
-228
-231
-218
-197
-178
-178
-178
-184
-179
-179
-204
-208
-209
-221
-233
-247
-246
-236
-231
-225
-217
-245
-275
-310
-325
-314
-292
-269
-259
-281
-293
-291
-268
-245
-238
-242
-269
-274
-280
-262
-255
-249
-268
-288
-311
-321
-319
-315
-330
-341
-337
-342
-340
-361
-373
-361
-356
-363
-353
-356
-361
-375
-359
-337
-319
-301
-289
-282
-291
-300
-312
-303
-294
-282
-293
-298
-295
-300
-287
-297
-303
-308
-331
-338
-328
-300
-283
-273
-286
-307
-319
-313
-318
-315
-312
-318
-322
-321
-314
-327
-336
-334
-331
-330
-336
-336
-331
-317
-316
-339
-352
-365
-391
-372
-360
-347
-335
-339
-360
-372
-357
-347
-333
-316
-289
-280
-279
-279
-289
-303
-302
-294
-290
-289
-293
-284
-292
-293
-317
-337
-330
-331
-336
-327
-317
-310
-301
-313
-314
-311
-338
-353
-352
-346
-330
-307
-310
-322
-324
-328
-338
-331
-333
-340
-342
-338
-317
-311
-317
-323
-327
-326
-331
-311
-307
-310
-300
-301
-325
-323
-316
-325
-324
-320
-334
-345
-342
-359
-366
-372
-369
-379
-372
-367
-369
-342
-335
-340
-356
-365
-360
-354
-336
-324
-323
-317
-309
-322
-336
-345
-355
-345
-343
-324
-312
-278
-260
-266
-272
-281
-277
-281
-286
-276
-263
-262
-242
-238
-229
-226
-226
-218
-213
-201
-201
-210
-209
-210
-215
-205
-200
-207
-232
-237
-240
-245
-245
-244
-239
-235
-229
-247
-250
-250
-236
-235
-226
-217
-204
-198
-191
-186
-185
-168
-165
-151
-149
-147
-141
-152
-154
-137
-123
-109
-120
-128
-112
-103
-113
-124
-135
-111
-99
-101
-95
-100
-89
-90
-98
-96
-119
-115
-141
-139
-116
-122
-105
-106
-99
-117
-129
-121
-108
-96
-94
-93
-81
-65
-66
-44
-69
-82
-80
-66
-49
-45
-34
-33
-37
-47
-48
-56
-54
-44
-38
-54
-78
-76
-81
-96
-84
-91
-62
-52
-74
-70
-94
-99
-117
-130
-104
-134
-145
-129
-106
-156
-152
-139
-104
-52
-97
-129
-76
31
-43
-115
-69
-64
-103
-84
-63
-65
-57
-72
-58
-61
-68
-14
-69
-46
-17
-23
-31
-35
-104
-136
-109
-106
-85
-105
-110
-111
-114
-115
-107
-85
-71
-61
-93
-128
-52
-30
-65
-43
-70
-38
-103
-187
-181
-86
-72
-110
-125
-140
-169
-129
-91
-122
-157
-130
-126
-137
-155
-152
-118
-113
-59
-43
-57
-83
-44
-80
-87
-120
-126
-116
-135
-100
-70
-66
-104
-72
-80
-114
-86
-88
-87
-79
-74
-75
-78
-85
-58
-99
-143
-122
-80
-43
-21
-18
-36
-83
-102
-42
-31
-17
-33
-68
-86
-97
-102
-135
-123
-100
-73
-103
-103
-85
-64
-23
-35
-55
-39
-29
4
-6
-18
-56
-26
-11
-30
-92
-91
-83
-82
-23
-35
-46
-47
-9
-38
-42
-95
-96
-108
-111
-105
-123
-143
-97
-84
-61
-79
-66
6
-33
-55
-77
-47
-101
-73
-110
-136
-84
-36
-64
-72
-78
-12
2
-56
-70
-32
-14
-73
-142
-116
-23
-40
-111
-78
-27
19
-37
-62
-95
-86
-27
-68
-129
-126
-72
-84
-174
-177
-161
-179
-132
-109
-95
-104
-108
-133
-152
-134
-83
-116
-185
-135
-118
-139
-142
-156
-116
-69
-118
-181
-179
-150
-124
-143
-136
-102
-87
-81
-111
-122
-133
-108
-127
-179
-107
-90
-96
-118
-120
-107
-96
-89
-94
-97
-111
-114
-155
-170
-178
-152
-144
-201
-195
-120
-106
-158
-179
-114
-120
-143
-168
-179
-148
-156
-133
-146
-146
-153
-115
-109
-119
-62
-59
-88
-113
-96
-71
-74
-97
-125
-108
-110
-129
-120
-115
-129
-132
-158
-151
-159
-175
-184
-126
-105
-120
-124
-178
-155
-128
-155
-215
-190
-158
-147
-171
-215
-182
-216
-243
-231
-234
-216
-231
-184
-140
-101
-147
-141
-100
-136
-174
-172
-149
-152
-146
-162
-175
-186
-177
-161
-177
-186
-196
-201
-206
-184
-174
-233
-260
-244
-224
-270
-292
-268
-260
-275
-306
-274
-263
-249
-255
-292
-273
-237
-229
-239
-239
-223
-196
-225
-250
-224
-205
-229
-229
-222
-239
-259
-220
-236
-274
-232
-246
-283
-304
-283
-234
-216
-242
-243
-234
-227
-215
-220
-238
-231
-233
-263
-248
-234
-210
-202
-205
-241
-253
-218
-222
-236
-251
-225
-225
-233
-259
-274
-303
-295
-254
-243
-255
-273
-275
-234
-189
-187
-226
-198
-138
-158
-200
-196
-155
-114
-148
-190
-199
-206
-207
-185
-155
-180
-172
-146
-154
-219
-252
-206
-173
-173
-180
-201
-228
-208
-193
-211
-152
-109
-91
-139
-145
-89
-91
-110
-125
-130
-132
-148
-178
-172
-179
-186
-215
-252
-244
-213
-166
-151
-156
-136
-154
-131
-120
-123
-159
-126
-90
-119
-150
-209
-195
-182
-171
-169
-155
-103
-61
-104
-115
-123
-181
-208
-191
-177
-201
-182
-177
-145
-134
-181
-180
-186
-187
-214
-216
-209
-168
-138
-172
-158
-161
-203
-200
-195
-210
-190
-173
-168
-164
-139
-126
-146
-165
-149
-145
-144
-171
-158
-132
-144
-141
-139
-139
-112
-121
-143
-142
-125
-124
-133
-157
-156
-148
-171
-189
-192
-192
-224
-221
-209
-205
-204
-209
-206
-211
-227
-219
-235
-244
-224
-241
-285
-264
-273
-292
-310
-306
-296
-282
-285
-304
-308
-318
-284
-247
-258
-259
-254
-249
-254
-287
-301
-293
-278
-277
-271
-261
-267
-262
-256
-272
-304
-261
-252
-257
-267
-285
-243
-255
-289
-274
-265
-265
-278
-297
-286
-281
-288
-286
-277
-273
-270
-249
-261
-260
-275
-236
-232
-237
-217
-217
-198
-217
-232
-220
-229
-229
-203
-226
-229
-221
-209
-196
-230
-239
-234
-198
-211
-209
-214
-211
-219
-249
-280
-265
-248
-287
-297
-292
-262
-284
-284
-277
-270
-290
-279
-259
-270
-246
-240
-254
-241
-227
-260
-254
-236
-246
-227
-208
-189
-175
-208
-240
-230
-211
-200
-229
-260
-253
-215
-231
-235
-219
-221
-217
-250
-248
-245
-290
-300
-286
-312
-297
-301
-317
-303
-273
-274
-270
-266
-267
-252
-259
-265
-288
-267
-240
-245
-272
-255
-235
-251
-233
-232
-243
-261
-288
-287
-252
-285
-302
-298
-308
-253
-272
-342
-353
-323
-311
-296
-293
-299
-281
-284
-301
-327
-297
-273
-261
-282
-302
-305
-297
-280
-272
-250
-251
-264
-307
-313
-293
-309
-317
-310
-315
-326
-307
-299
-309
-283
-289
-317
-301
-295
-283
-253
-272
-276
-268
-276
-298
-294
-296
-285
-281
-318
-345
-338
-350
-368
-369
-393
-415
-418
-452
-426
-401
-413
-408
-415
-411
-404
-426
-445
-420
-418
-405
-391
-379
-356
-362
-383
-438
