-505
-518
-508
-490
-483
-474
-466
-443
-425
-428
-432
-463
-491
-490
-491
-486
-487
-509
-513
-501
-492
-496
-523
-539
-549
-543
-531
-514
-497
-510
-544
-574
-572
-551
-539
-530
-534
-544
-556
-540
-530
-533
-527
-534
-536
-535
-540
-549
-535
-534
-539
-538
-548
-569
-568
-564
-547
-545
-549
-552
-560
-546
-527
-512
-507
-494
-483
-478
-478
-475
-471
-477
-471
-470
-490
-502
-495
-478
-469
-467
-479
-502
-506
-495
-475
-461
-458
-472
-484
-482
-469
-463
-473
-503
-510
-484
-460
-428
-432
-434
-449
-455
-446
-445
-436
-443
-467
-478
-474
-487
-492
-504
-507
-523
-538
-531
-538
-535
-524
-514
-516
-520
-507
-487
-477
-478
-480
-496
-502
-501
-496
-501
-503
-504
-501
-495
-498
-514
-531
-530
-521
-508
-494
-495
-498
-494
-490
-497
-492
-509
-531
-535
-548
-526
-506
-510
-508
-520
-532
-525
-539
-555
-563
-548
-531
-527
-512
-513
-522
-523
-512
-509
-516
-521
-542
-532
-527
-530
-555
-555
-532
-518
-508
-506
-516
-528
-534
-549
-560
-563
-554
-548
-545
-553
-567
-571
-572
-583
-586
-577
-573
-574
-574
-571
-556
-562
-553
-558
-575
-584
-591
-603
-603
-600
-594
-590
-602
-600
-603
-601
-604
-587
-579
-584
-572
-566
-568
-590
-593
-598
-602
-581
-577
-589
-600
-606
-601
-606
-610
-603
-613
-626
-621
-608
-623
-629
-624
-631
-630
-632
-632
-628
-627
-630
-636
-644
-635
-626
-616
-603
-611
-623
-639
-653
-647
-647
-655
-663
-675
-664
-661
-662
-658
-664
-664
-670
-679
-690
-690
-682
-677
-679
-684
-672
-671
-683
-682
-704
-698
-706
-708
-706
-712
-704
-701
-692
-691
-696
-702
-704
-713
-719
-723
-740
-733
-723
-717
-709
-697
-696
-687
-684
-684
-677
-671
-659
-650
-634
-635
-636
-638
-628
-625
-624
-626
-617
-608
-612
-623
-637
-646
-647
-645
-634
-633
-632
-638
-649
-654
-665
-657
-647
-649
-642
-642
-648
-641
-637
-639
-633
-622
-597
-579
-583
-576
-577
-580
-595
-593
-582
-597
-603
-597
-611
-617
-612
-601
-588
-596
-619
-641
-665
-650
-616
-592
-596
-614
-635
-630
-602
-580
-577
-572
-566
-570
-554
-540
-530
-529
-528
-535
-539
-531
-531
-527
-522
-529
-536
-534
-538
-546
-551
-536
-532
-536
-534
-558
-570
-559
-543
-511
-490
-488
-462
-457
-451
-459
-473
-476
-474
-464
-490
-516
-534
-528
-519
-507
-516
-535
-553
-556
-536
-508
-477
-467
-479
-481
-484
-463
-462
-484
-498
-496
-488
-472
-470
-484
-474
-485
-476
-472
-479
-486
-493
-487
-475
-480
-512
-539
-556
-555
-527
-516
-528
-540
-566
-564
-567
-576
-572
-566
-553
-527
-519
-520
-519
-519
-523
-526
-520
-523
-514
-500
-503
-512
-517
-537
-555
-539
-522
-507
-501
-489
-471
-472
-482
-495
-505
-526
-529
-511
-485
-467
-476
-488
-487
-490
-499
-506
-517
-539
-541
-535
-525
-520
-524
-531
-537
-537
-534
-544
-533
-527
-516
-488
-485
-480
-480
-486
-486
-484
-492
-501
-499
-484
-483
-499
-502
-504
-506
-491
-474
-455
-448
-456
-459
-469
-466
-465
-460
-449
-445
-442
-449
-463
-485
-485
-474
-479
-478
-481
-481
-476
-467
-461
-470
-463
-469
-467
-456
-459
-448
-438
-444
-443
-438
-432
-437
-437
-418
-419
-433
-439
-448
-449
-464
-478
-473
-468
-459
-473
-484
-492
-504
-506
-497
-488
-474
-472
-475
-472
-471
-471
-458
-444
-444
-434
-438
-445
-448
-450
-446
-437
-441
-435
-437
-442
-433
-441
-441
-461
-476
-478
-469
-467
-468
-482
-514
-509
-513
-504
-492
-491
-479
-474
-455
-454
-457
-446
-446
-458
-443
-446
-435
-435
-424
-414
-420
-420
-419
-406
-403
-410
-410
-396
-387
-381
-374
-387
-387
-365
-358
-352
-344
-346
-359
-355
-352
-356
-364
-342
-333
-339
-326
-327
-354
-359
-345
-335
-339
-335
-341
-361
-355
-364
-382
-392
-390
-394
-394
-394
-389
-399
-394
-371
-365
-349
-342
-360
-362
-351
-336
-327
-324
-314
-317
-319
-302
-305
-336
-335
-322
-323
-310
-321
-333
-315
-297
-280
-281
-312
-336
-355
-353
-330
-314
-321
-330
-346
-372
-362
-348
-332
-334
-341
-344
-356
-338
-331
-319
-317
-324
-340
-347
-352
-341
-336
-345
-351
-368
-384
-399
-404
-386
-370
-367
-371
-373
-351
-335
-342
-337
-341
-342
-317
-322
-334
-345
-359
-371
-379
-399
-423
-404
-377
-364
-365
-385
-400
-407
-406
-383
-366
-361
-373
-384
-367
-364
-342
-347
-356
-353
-350
-310
-270
-274
-292
-317
-325
-311
-301
-313
-358
-386
-401
-398
-406
-424
-422
-418
-434
-442
-444
-445
-434
-427
-423
-417
-416
-421
-419
-416
-413
-419
-432
-425
-418
-423
-417
-400
-396
-395
-404
-408
-412
-416
-414
-406
-376
-366
-375
-378
-383
-376
-376
-384
-397
-391
-396
-400
-398
-398
-407
-400
-385
-390
-385
-403
-422
-406
-391
-393
-384
-385
-389
-382
-380
-366
-349
-337
-337
-343
-342
-344
-336
-324
-320
-311
-328
-327
-327
-334
-339
-340
-342
-347
-331
-317
-306
-305
-304
-323
-317
-316
-337
-334
-338
-331
-308
-300
-296
-315
-339
-345
-363
-352
-350
-345
-355
-351
-356
-375
-368
-365
-351
-361
-358
-364
-352
-333
-320
-316
-321
-313
-315
-310
-310
-296
-272
-253
-245
-249
-253
-264
-271
-277
-292
-292
-284
-292
-281
-283
-299
-308
-307
-322
-335
-339
-330
-311
-296
-285
-283
-295
-284
-280
-279
-280
-282
-289
-287
-268
-266
-262
-263
-265
-270
-259
-256
-266
-276
-289
-303
-311
-326
-330
-328
-334
-326
-332
-320
-331
-329
-330
-332
-343
-349
-343
-326
-317
-327
-311
-322
-317
-322
-314
-306
-312
-326
-340
-339
-345
-332
-335
-338
-326
-319
-309
-309
-310
-321
-327
-330
-316
-308
-313
-304
-311
-311
-317
-316
-322
-318
-304
-312
-317
-322
-336
-338
-336
-332
-328
-337
-351
-339
-340
-339
-323
-337
-343
-348
-350
-360
-363
-356
-352
-345
-329
-307
-305
-304
-307
-301
-306
-309
-308
-307
-328
-345
-343
-345
-342
-353
-359
-365
-387
-392
-376
-364
-338
-331
-339
-370
-385
-384
-371
-352
-350
-350
-362
-372
-375
-361
-352
-351
-365
-374
-373
-372
-368
-363
-367
-379
-384
-394
-396
-411
-408
-410
-401
-396
-406
-411
-415
-416
-404
-386
-375
-359
-353
-357
-348
-358
-364
-345
-346
-324
-311
-315
-332
-354
-375
-375
-369
-393
-405
-423
-423
-404
-394
-373
-368
-375
-380
-372
-358
-348
-340
-322
-314
-320
-320
-323
-318
-309
-310
-310
-310
-318
-323
-326
-345
-369
-397
-414
-419
-402
-386
-373
-370
-370
-364
-364
-349
-338
-341
-335
-333
-317
-311
-320
-325
-315
-306
-299
-294
-281
-271
-258
-234
-229
-237
-257
-270
-270
-249
-231
-215
-201
-207
-202
-189
-189
-192
-210
-225
-216
-193
-167
-152
-151
-157
-155
-159
-168
-174
-180
-165
-143
-121
-107
-99
-97
-85
-89
-87
-79
-86
-87
-81
-77
-74
-74
-78
-85
-74
-79
-81
-70
-81
-85
-102
-111
-114
-116
-115
-108
-100
-85
-66
-65
-60
-63
-68
-76
-72
-70
-59
-59
-58
-71
-84
-97
-114
-126
-136
-128
-116
-107
-102
-99
-101
-118
-140
-127
-117
-116
-111
-90
-87
-88
-77
-83
-85
-88
-84
-66
-51
-56
-47
-62
-52
-36
-45
-55
-51
-59
-57
-43
-37
-41
-57
-66
-85
-89
-89
-85
-78
-74
-66
-44
-32
-29
-25
-33
-41
-33
-43
-36
-28
-39
-52
-55
-67
-68
-56
-48
-62
-62
-61
-73
-57
-70
-63
-70
-72
-75
-67
-61
-54
-42
-45
-61
-74
-75
-79
-77
-87
-85
-82
-83
-87
-84
-83
-81
-84
-87
-88
-81
-75
-68
-58
-61
-64
-53
-49
-51
-49
-57
-49
-26
-14
-17
-23
-36
-26
-5
-4
-10
-21
-41
-38
-43
-50
-60
-70
-69
-70
-74
-79
-83
-94
-100
-107
-117
-119
-112
-93
-109
-118
-123
-118
-109
-103
-108
-110
-99
-83
-88
-90
-78
-94
-85
-91
-87
-86
-102
-100
-94
-88
-104
-94
-90
-84
-62
-76
-98
-108
-121
-103
-75
-77
-76
-100
-130
-137
-128
-97
-84
-76
-89
-97
-97
-87
-79
-69
-53
-53
-49
-58
-58
-64
-67
-66
-68
-84
-103
-95
-87
-77
-78
-87
-94
-101
-86
-85
-71
-59
-60
-58
-67
-83
-94
-89
-75
-71
-80
-92
-113
-126
-126
-107
-99
-116
-132
-147
-148
-126
-138
-141
-143
-139
-122
-117
-101
-104
-130
-131
-116
-101
-72
-69
-83
-109
-114
-114
-114
-105
-108
-120
-139
-149
-158
-182
-190
-187
-182
-188
-181
-190
-184
-163
-171
-179
-177
-164
-160
-140
-141
-150
-154
-149
-147
-149
-132
-132
-131
-132
-130
-137
-149
-153
-158
-148
-141
-123
-123
-134
-134
-125
-130
-133
-139
-159
-162
-162
-159
-172
-180
-198
-202
-189
-186
-197
-214
-226
-223
-203
-198
-188
-176
-177
-176
-170
-165
-156
-169
-177
-176
-176
-170
-164
-153
-142
-136
-119
-113
-129
-142
-146
-142
-142
-141
-148
-154
-153
-129
-117
-119
-144
-172
-171
-175
-163
-154
-136
-129
-142
-139
-148
-158
-161
-163
-181
-193
-190
-187
-183
-183
-188
-195
-194
-185
-175
-163
-151
-131
-110
-109
-126
-146
-155
-148
-131
-122
-123
-121
-130
-136
-143
-139
-130
-133
-143
-153
-145
-155
-165
-178
-181
-176
-179
-173
-187
-179
-183
-203
-199
-195
-179
-165
-147
-127
-129
-127
-134
-134
-127
-108
-92
-95
-100
-106
-101
-104
-108
-115
-121
-114
-106
-106
-111
-127
-127
-125
-113
-105
-101
-101
-94
-96
-97
-104
-119
-117
-119
-118
-112
-110
-107
-102
-120
-127
-137
-147
-141
-133
-127
-124
-112
-117
-110
-104
-106
-103
-107
-108
-98
-75
-78
-67
-61
-57
-60
-51
-59
-74
-71
-75
-67
-56
-65
-76
-95
-108
-123
-121
-121
-130
-131
-128
-122
-129
-133
-140
-139
-139
-124
-129
-130
-138
-138
-121
-116
-90
-68
-62
-62
-73
-76
-86
-100
-100
-115
-126
-131
-142
-138
-135
-124
-107
-118
-145
-164
-161
-132
-110
-99
-108
-130
-141
-126
-109
-95
-79
-75
-80
-97
-113
-106
-98
-104
-97
-106
-118
-119
-121
-114
-130
-134
-135
-146
-144
-152
-155
-162
-163
-167
-174
-186
-199
-197
-185
-168
-155
-132
-122
-121
-128
-140
-151
-141
-127
-115
-124
-133
-142
-148
-145
-150
-176
-197
-200
-202
-181
-157
-146
-138
-147
-165
-164
-159
-159
-147
-133
-127
-131
-128
-128
-128
-130
-134
-147
-162
-161
-160
-159
-155
-180
-193
-222
-230
-245
-255
-242
-248
-257
-262
-256
-251
-256
-251
-245
-250
-232
-235
-240
-245
-253
-249
-237
-237
-240
-224
-223
-224
-225
-238
-243
-257
-259
-247
-248
-240
-231
-229
-216
-200
-214
-229
-244
-248
-238
-221
-212
-200
-214
-229
-224
-244
-246
-246
-249
-248
-236
-237
-227
-209
-198
-191
-200
-211
-211
-208
-201
-195
-184
-181
-199
-201
-176
-166
-166
-165
-163
-154
-169
-167
-163
-167
-171
-197
-193
-183
-174
-158
-149
-155
-159
-149
-152
-140
-119
-117
-128
-138
-132
-142
-141
-139
-140
-149
-156
-144
-127
-118
-113
-119
-123
-135
-148
-149
-131
-125
-128
-128
-120
-109
-114
-116
-119
-117
-114
-115
-118
-106
-99
-95
-76
-79
-86
-75
-91
-95
-94
-96
-97
-105
-116
-124
-151
-160
-158
-162
-153
-160
-141
-132
-122
-114
-105
-104
-114
-113
-120
-113
-120
-118
-109
-119
-115
-127
-127
-151
-150
-137
-130
-125
-134
-144
-138
-136
-142
-151
-165
-166
-169
-162
-169
-168
-172
-179
-188
-205
-206
-212
-193
-188
-192
-188
-192
-204
-202
-179
-191
-188
-159
-172
-161
-132
-145
-133
-134
-135
-138
-122
-97
-121
-97
-90
-121
-117
-111
-123
-92
-80
-109
-104
-101
-111
-116
-108
-108
-109
-104
-128
-146
-143
-134
-151
-149
-139
-159
-146
-140
-138
-156
-128
-120
-126
-112
-109
-118
-140
-110
-124
-118
-114
-104
-76
-80
-70
-90
-91
-96
-76
-57
-68
-75
-66
-45
-43
-30
-67
-91
-101
-82
-70
-41
-47
-77
-79
-106
-86
-54
-33
-28
-27
-33
-24
-32
-4
5
2
17
3
-12
-26
-14
-23
-14
-26
-32
-44
-50
-45
-59
-42
-62
-64
-53
-13
-20
6
19
11
9
-6
6
-5
7
10
9
9
11
-7
-13
-13
16
41
13
-4
-31
-29
14
17
27
17
8
23
40
28
20
11
-4
4
-8
13
20
27
24
20
19
18
37
20
9
-12
-21
-18
-17
-22
-47
-62
-78
-72
-76
-75
-56
-55
-46
-38
-20
-3
16
11
20
12
0
7
7
21
16
19
14
-5
16
23
-1
18
33
20
56
90
70
72
72
41
35
24
6
-20
6
23
-12
10
26
19
-4
24
25
0
15
45
26
47
78
7
31
92
52
45
106
81
35
100
99
55
101
125
39
108
162
75
75
147
67
53
186
90
85
199
102
28
161
108
28
148
119
16
134
155
41
157
189
53
121
165
55
106
165
49
104
173
70
83
196
91
103
254
127
135
262
164
117
268
200
114
288
240
147
321
280
171
352
315
152
326
305
139
288
307
126
249
295
107
175
264
92
129
252
92
87
243
92
68
256
128
70
264
171
31
242
168
53
223
197
60
188
220
43
153
209
18
118
214
21
131
223
13
136
231
29
76
207
79
59
208
111
50
191
85
15
194
57
17
131
21
49
118
20
41
149
76
53
145
141
33
160
143
47
167
128
64
123
144
101
78
128
156
98
173
159
101
144
118
94
127
169
151
102
136
136
89
123
123
137
121
110
129
87
83
110
81
47
100
89
34
104
145
43
91
165
70
75
186
135
88
188
163
83
141
177
108
122
178
123
94
210
192
89
140
135
60
113
171
136
123
151
137
91
141
216
126
167
268
139
151
307
195
117
242
202
101
194
224
95
161
215
102
90
189
105
67
198
176
57
147
216
57
168
245
127
134
261
178
153
225
191
144
193
256
64
130
251
98
130
273
145
48
217
157
113
214
247
160
177
270
172
152
276
221
117
259
276
119
237
262
130
187
276
153
129
249
125
87
190
182
13
126
153
21
73
166
50
26
178
95
5
155
161
53
177
242
98
128
224
108
109
198
160
116
190
239
75
119
271
40
48
307
60
36
354
97
31
240
185
-22
167
183
-73
157
258
3
129
294
-56
95
236
6
86
152
91
31
233
88
68
170
94
-12
187
74
41
214
29
167
89
77
77
106
158
97
122
196
29
111
190
-47
151
118
34
131
164
118
43
175
108
20
207
105
33
246
52
115
155
87
33
89
117
-9
101
134
-32
78
105
-91
66
63
8
-8
135
78
15
151
37
52
139
2
115
138
34
139
197
33
105
150
65
46
106
62
23
69
42
9
24
1
49
42
2
84
-57
120
-30
-38
169
-63
8
139
24
-9
74
61
-19
81
66
22
82
-25
120
22
-9
69
-42
56
-44
50
1
0
6
34
48
-69
129
-47
52
57
-39
89
5
-29
44
17
-56
48
68
-102
81
4
7
10
-53
133
-56
45
32
41
51
43
43
73
146
-111
248
-19
64
131
19
89
43
114
55
83
53
227
-122
101
208
-105
197
26
28
153
-8
23
137
-8
38
73
-98
209
-55
2
182
-149
149
66
-44
111
-6
41
116
-4
144
138
-23
206
125
-3
167
93
18
127
99
19
7
90
6
131
16
76
39
-65
168
-94
121
68
-98
72
24
-137
144
-21
-99
216
-121
90
-47
35
73
-51
100
-38
1
72
-56
-34
151
-158
35
-54
-119
64
-128
17
71
-74
-60
57
-108
71
10
54
24
75
89
-44
12
61
5
-81
42
-106
-17
-66
-47
100
-150
24
-60
-126
30
-69
-6
45
-150
65
-48
-158
107
-69
-135
22
-73
12
-51
-50
44
-171
35
-8
-152
6
-44
-197
-50
-125
-152
-67
-169
-117
-202
-153
-168
-106
-257
-18
-122
-190
-81
-99
-201
-32
-87
-161
-133
-59
-106
-192
29
-268
-64
-111
-124
-177
-45
-153
-148
-204
-82
-234
-46
-168
-252
28
-205
-188
-47
-298
-145
-55
-264
-74
-148
-99
-175
-69
-180
-196
-2
-262
-253
22
-268
-144
-56
-257
-168
-59
-114
-204
-132
1
-223
-187
16
-216
-156
12
-203
-108
-39
-149
-210
-71
-36
-297
-18
-137
-122
-148
-200
-90
-181
-157
-144
-161
-192
-45
-259
-151
-65
-134
-238
-107
8
-352
-95
-120
-291
-77
-166
-261
-185
-62
-256
-302
-73
-130
-369
-18
-125
-272
-27
-111
-223
-67
-14
-192
-149
138
-192
-106
7
-78
-172
-12
2
-283
-13
-1
-250
-123
86
-289
-199
87
-219
-234
16
-120
-331
36
-136
-248
-7
-69
-204
-67
25
-253
-76
13
-186
-155
117
-203
-276
152
-255
-183
72
-222
-144
16
-113
-256
-28
-8
-227
-135
95
-273
-60
39
-209
-76
119
-183
-219
163
-154
-207
97
-30
-353
130
-134
-310
33
-7
-350
26
44
-390
20
79
-308
-114
275
-370
-30
145
-207
-133
252
-295
-111
301
-221
-125
228
-56
-303
298
-77
-166
153
84
-308
138
83
-338
114
54
-252
-119
91
-319
-23
-106
-216
-112
66
-330
-134
184
-301
-173
160
-140
-150
102
-9
-154
29
69
-385
146
21
-432
60
173
-540
63
101
-431
-61
12
-460
-29
152
-448
-14
24
-310
-217
96
-299
-72
111
-410
27
-48
-213
-133
-9
-55
-197
9
-135
-132
-43
-109
-229
-12
-72
-408
15
-140
-303
16
-244
-196
82
-309
-215
111
-180
-222
39
-35
-200
63
-239
-146
97
-205
-222
172
-222
-245
87
-252
-45
-52
-219
-111
-28
-254
-3
-7
-288
127
-123
-150
62
-128
-183
173
-202
-168
288
-324
91
1
-137
62
-14
-134
15
125
-335
122
10
-275
41
-155
-150
-6
-123
-112
4
-156
-62
-31
-161
81
-288
224
-74
-134
173
-2
-177
98
127
-199
221
-1
-24
97
173
-291
334
16
-287
326
-54
-65
77
187
-115
113
25
84
-69
39
26
134
-29
112
64
-13
65
-11
-40
163
-17
-87
272
-80
120
2
244
-76
224
202
-30
268
113
167
84
150
140
249
-98
378
63
78
281
-126
433
43
-34
361
133
-59
260
258
5
209
279
9
204
288
18
265
249
-2
456
103
126
374
42
264
131
180
292
130
171
330
166
154
300
165
174
381
209
148
488
59
362
376
42
398
269
90
464
137
246
373
-44
489
167
75
480
167
147
411
253
71
386
209
84
410
109
270
212
157
213
367
-85
489
215
13
581
-133
387
225
-48
359
299
-175
481
170
-43
306
16
277
10
181
231
175
61
288
39
300
27
161
375
-89
209
316
48
59
528
-72
329
123
131
390
-98
324
322
92
156
398
-27
269
264
64
446
4
349
171
212
21
504
-40
271
302
8
541
-158
393
182
74
98
508
-108
396
186
71
376
-47
274
222
5
257
212
-2
257
6
232
107
80
297
49
54
258
-11
281
74
180
160
76
197
56
290
63
174
266
124
83
352
-45
167
265
-154
330
10
40
264
20
198
173
-63
236
64
-39
255
126
-54
366
-95
116
205
-98
317
1
167
217
56
140
407
-160
395
234
-163
528
51
15
485
-61
162
176
-37
229
-20
236
100
103
130
129
65
320
-47
345
178
175
345
56
292
119
190
184
265
161
218
257
184
186
310
184
86
333
88
239
260
299
271
134
480
188
212
569
59
408
445
100
518
320
327
488
179
566
266
323
494
184
413
343
285
347
247
326
384
140
496
159
421
432
-21
684
130
286
519
271
322
524
209
571
193
429
473
155
586
288
347
586
132
487
420
183
581
264
405
511
228
562
351
336
563
157
440
434
226
518
304
419
527
-13
681
188
255
544
203
314
500
273
413
406
310
559
73
742
188
405
536
165
618
353
302
485
450
284
635
277
564
415
355
598
205
634
313
447
492
355
505
448
319
531
489
266
592
314
559
379
377
604
227
535
488
204
595
430
246
576
333
393
485
433
342
484
398
439
369
559
423
314
677
281
410
544
470
287
724
266
543
410
423
530
220
609
316
295
573
236
331
602
68
572
323
265
481
306
267
511
300
336
424
323
480
246
603
203
479
437
295
501
338
379
463
366
356
440
457
241
485
421
323
412
394
237
483
308
367
367
217
584
111
420
365
351
205
488
224
451
170
485
248
227
513
112
369
273
408
190
332
486
92
400
543
71
495
435
89
567
376
298
477
386
534
141
685
332
249
718
184
480
451
256
535
382
341
432
343
416
416
284
551
223
505
291
340
559
99
596
228
360
433
319
379
495
227
471
435
387
433
379
546
327
610
313
402
549
307
489
421
406
407
349
444
571
251
598
278
392
557
210
642
426
281
588
318
335
625
288
500
545
274
569
482
330
553
472
374
460
455
396
541
350
508
550
177
750
239
553
501
307
461
430
363
516
426
557
550
310
824
345
522
685
423
570
660
470
590
508
520
592
496
530
628
355
610
421
552
446
611
470
576
522
511
557
559
539
473
588
498
644
517
603
556
529
614
537
552
489
569
483
388
606
249
629
326
391
569
340
370
551
405
414
490
514
399
483
550
420
503
533
386
426
596
306
577
404
553
434
439
537
231
576
300
451
395
458
387
444
326
347
576
228
356
420
371
232
633
152
315
681
21
564
312
272
448
319
362
442
432
236
561
245
653
16
842
269
237
639
281
337
541
465
231
601
354
383
422
515
310
343
544
170
424
421
207
437
400
246
307
534
74
649
102
444
344
416
169
672
193
281
570
-78
631
159
304
430
253
229
490
138
393
457
135
531
257
379
328
501
184
444
496
138
586
351
316
322
483
173
481
196
530
184
363
431
155
280
516
112
356
521
88
445
468
-14
617
276
144
499
225
301
384
321
300
505
4
689
38
410
518
12
598
278
206
470
226
201
488
160
297
534
-11
555
255
224
419
234
311
225
475
102
412
298
339
94
546
162
177
569
59
348
399
104
426
185
339
188
301
430
175
362
543
175
367
607
-1
682
217
461
277
515
357
350
389
414
388
280
498
347
342
386
510
160
546
189
418
221
446
264
362
345
346
226
410
402
47
662
164
271
525
157
369
232
363
302
297
380
447
51
629
198
186
617
13
500
290
248
256
295
146
376
224
395
266
122
463
110
110
676
63
195
627
84
176
538
224
213
554
212
356
417
410
156
638
252
312
473
397
244
475
449
154
495
281
315
318
498
280
346
487
202
492
354
314
528
509
244
761
339
378
515
467
405
486
556
325
579
331
485
481
434
359
469
369
453
450
416
557
328
547
412
536
476
335
670
318
434
460
517
377
565
431
463
410
518
420
358
608
251
429
540
258
485
272
436
406
297
421
493
262
536
310
455
416
436
421
427
535
365
347
637
326
322
645
245
502
514
333
573
320
539
304
557
407
482
498
595
266
784
241
403
718
144
698
441
445
546
506
301
720
266
533
510
317
570
371
555
514
423
618
245
744
364
490
635
549
413
616
604
373
651
590
526
414
863
390
560
724
519
369
811
380
564
536
634
375
637
676
263
641
765
253
674
686
320
630
568
415
686
326
574
598
214
834
280
571
529
587
371
714
461
498
554
555
566
462
804
432
584
683
438
621
640
580
617
512
819
178
879
446
474
730
415
554
576
528
440
535
489
464
341
650
364
300
671
394
219
699
274
566
378
548
320
503
383
463
438
447
370
502
529
152
653
224
424
502
329
431
646
78
762
228
336
554
210
495
418
328
467
403
315
450
322
342
409
350
398
257
563
69
399
395
-13
767
-183
621
183
271
290
423
49
634
158
188
695
-231
867
-114
619
363
69
716
39
465
318
454
48
653
8
447
309
256
237
197
574
-276
697
105
171
136
396
101
113
393
-4
232
226
172
49
408
48
213
292
27
382
214
176
380
275
255
406
-68
655
93
187
387
325
82
361
530
-138
753
42
348
140
585
-86
660
273
131
337
447
46
371
526
55
580
183
422
159
536
187
516
140
540
120
453
371
147
485
209
317
325
316
71
549
126
174
485
125
425
377
244
426
513
18
858
40
563
494
216
493
523
145
604
414
99
868
58
615
91
622
142
464
383
478
260
483
437
195
793
21
740
149
616
333
360
588
320
409
479
402
371
676
203
449
523
198
486
408
351
354
511
264
468
266
366
641
-10
695
263
356
362
566
221
627
353
465
546
360
465
267
636
360
320
736
201
337
641
108
587
216
607
247
456
380
436
202
681
68
524
418
285
505
416
387
113
864
-165
769
342
432
329
400
197
550
189
333
589
68
632
243
522
304
532
400
423
411
531
95
610
304
331
477
348
440
242
473
339
340
369
410
182
665
-26
537
363
120
410
407
235
430
292
416
347
220
428
69
511
160
412
319
287
257
456
120
551
123
439
364
89
669
116
330
462
378
104
497
305
184
443
254
515
244
277
430
244
346
219
448
105
578
1
611
75
389
243
377
163
372
338
116
488
236
340
272
355
334
489
268
387
259
468
126
641
128
560
289
470
267
361
451
319
288
421
430
211
546
62
618
60
536
196
414
312
387
288
310
423
320
481
160
795
24
505
510
170
536
441
103
539
330
181
583
296
388
423
289
507
292
551
264
529
449
274
574
383
405
628
366
221
707
257
431
475
414
400
477
325
306
709
255
421
520
458
426
458
434
343
688
144
432
615
374
111
799
289
184
854
-42
711
489
309
473
716
245
490
543
462
525
190
685
416
264
566
419
571
434
486
473
567
239
441
568
415
497
354
651
340
410
273
571
367
424
502
522
543
322
647
556
508
602
362
820
267
619
429
607
370
495
92
553
302
98
596
240
538
102
443
552
564
110
706
601
417
505
349
470
449
182
149
540
372
167
472
377
299
235
318
390
479
349
336
603
352
311
252
548
467
476
595
476
412
449
473
534
599
440
529
459
388
319
93
342
312
166
247
397
95
170
165
254
259
164
436
400
324
297
338
338
400
229
670
376
380
371
291
370
309
403
345
429
371
300
334
267
260
59
384
321
303
190
281
295
335
243
196
475
128
392
80
402
299
74
358
400
144
250
342
170
323
171
270
307
282
353
162
300
298
125
341
240
256
397
202
253
271
244
341
227
419
332
189
449
244
286
326
168
371
310
293
303
254
287
378
148
335
252
161
345
250
213
253
297
196
365
300
181
212
316
208
288
304
240
302
281
271
283
397
270
332
415
388
346
483
271
366
406
466
379
383
428
307
411
352
285
428
310
216
530
331
313
272
301
356
364
349
277
379
285
182
314
359
343
327
307
340
361
252
241
402
323
356
238
394
304
234
243
394
365
220
292
225
336
210
337
300
339
316
240
388
312
262
154
385
366
284
298
227
210
207
232
248
283
252
166
270
343
89
215
241
280
362
324
385
324
334
371
355
314
394
307
343
434
302
275
295
294
322
342
309
343
375
274
253
351
276
353
294
434
346
285
243
204
256
314
300
182
396
292
156
141
251
137
185
242
332
213
330
166
208
329
252
286
360
468
306
306
264
323
246
207
334
353
291
277
216
262
302
233
270
303
358
276
169
322
226
227
207
249
308
302
189
263
291
205
323
263
378
345
257
274
352
282
288
271
290
296
230
305
192
325
307
227
272
291
271
209
265
303
268
302
301
320
291
273
201
266
347
245
254
249
250
203
246
227
310
188
160
195
279
224
184
177
306
192
236
261
217
273
135
176
205
292
205
256
253
276
159
190
255
216
226
250
203
276
261
176
246
209
269
200
315
258
232
344
237
297
310
308
288
354
295
298
267
302
368
290
327
341
339
355
361
246
302
285
227
275
301
306
212
169
278
200
253
215
143
174
111
58
75
136
32
-54
43
12
-7
-57
29
-5
-1
1
21
47
67
156
215
171
242
201
191
352
405
453
475
505
391
504
430
505
395
423
416
433
383
389
318
233
256
187
309
185
271
165
191
225
191
198
294
273
349
438
413
474
374
476
519
452
514
565
456
434
433
412
384
328
316
259
183
173
-28
105
49
-107
-147
-144
-272
-288
-266
-268
-223
-255
-209
-228
-118
-183
-227
-105
-91
-87
-105
-33
77
-20
18
121
133
125
47
192
274
303
375
387
459
383
211
247
407
503
601
619
585
352
102
-44
-102
-100
2
49
20
-130
-369
-528
-643
-557
-395
-175
-18
-45
-35
-131
-124
1
234
469
733
800
791
733
634
569
688
909
956
872
818
661
454
293
229
313
408
358
224
86
-67
-258
-349
-146
-84
-29
29
-34
-93
-283
-298
-242
-32
171
101
169
-98
-300
-469
-519
-564
-413
-418
-418
-658
-809
-841
-737
-422
-186
145
325
348
362
418
332
355
555
884
964
878
713
510
157
-34
0
151
397
379
150
-262
-654
-1062
-1360
-1229
-822
-726
-655
-756
-834
-937
-930
-648
-221
350
571
832
942
847
667
757
1023
1268
1392
1352
1254
972
664
500
447
489
478
456
387
107
-182
-346
-276
-161
38
128
103
87
-36
-38
55
224
377
529
694
583
404
311
210
174
87
160
156
-79
-285
-530
-744
-893
-1123
-1122
-1090
-1222
-1251
-1126
-947
-727
-498
-181
122
316
447
668
822
947
1081
1243
1334
1213
1012
789
586
353
340
310
319
201
-127
-468
-836
-1135
-1337
-1391
-1262
-1165
-1165
-1227
-1326
-1214
-1115
-714
-260
186
590
784
899
997
1116
1229
1405
1507
1564
1548
1342
1031
737
583
501
488
503
396
120
-171
-388
-413
-283
-256
-73
-46
53
-32
-94
-135
-20
91
354
560
674
655
465
387
122
192
103
136
55
-132
-418
-710
-937
-1161
-1140
-1179
-1199
-1348
-1463
-1539
-1379
-1121
-755
-350
67
482
722
708
687
770
1034
1269
1481
1595
1424
963
471
134
13
-107
-246
-302
-336
-358
-673
-1256
-1731
-1915
-1932
-1679
-1328
-1107
-1119
-1272
-1255
-1010
-517
-74
387
879
1239
1427
1465
1428
1306
1402
1370
1402
1347
1084
733
325
132
52
-49
-83
-182
-252
-424
-661
-687
-537
-290
-73
73
163
177
140
157
229
412
605
822
941
884
659
339
95
38
58
34
-106
-346
-594
-818
-988
-1192
-1206
-1154
-1175
-1211
-1323
-1238
-1019
-553
-184
137
516
833
1002
1020
1085
1247
1354
1436
1539
1550
1269
740
284
-30
-137
-189
-297
-559
-751
-729
-668
-759
-1133
-1464
-1512
-1329
-1077
-815
-584
-493
-481
-324
-17
323
672
1034
1354
1615
1707
1592
1395
1268
1225
1155
1027
843
651
360
119
-64
-143
-88
-76
-80
-90
-143
-170
-85
169
423
614
667
681
643
591
550
609
687
823
968
975
816
471
121
-149
-141
-96
-119
-180
-410
-654
-886
-1012
-996
-951
-901
-850
-856
-756
-650
-348
7
357
798
1259
1501
1369
1222
1241
1401
1500
1546
1635
1444
914
272
-36
-183
-324
-467
-520
-518
-494
-527
-694
-727
-861
-977
-1063
-881
-425
-163
-23
28
197
409
606
958
1309
1580
1686
1712
1842
1794
1601
1302
1053
926
828
717
546
351
325
246
191
166
212
283
361
488
626
802
858
1009
1136
1202
1159
1111
1055
984
1014
1017
1110
1019
1011
761
511
240
23
29
-26
-18
-163
-286
-286
-381
-536
-673
-669
-590
-515
-378
-187
33
288
452
843
1367
1694
1584
1307
1369
1502
1614
1515
1514
1416
962
453
31
-36
-194
-399
-438
-362
-258
-379
-553
-500
-352
-362
-649
-724
-411
-85
98
292
600
776
776
861
1209
1612
1853
1887
1877
1928
1799
1474
1056
757
699
657
617
546
498
357
215
162
259
419
603
708
808
976
1032
1142
1198
1289
1247
1197
1124
1130
1114
1055
981
885
929
848
742
446
225
79
89
100
70
-9
33
-37
-148
-296
-338
-263
-225
-176
-42
256
495
723
1134
1721
2099
1952
1515
1451
1720
1921
1895
1926
1830
1386
736
273
147
89
-48
-78
65
199
36
-327
-283
-20
178
-16
-122
112
325
459
639
931
1173
1215
1284
1547
1829
1992
1928
1953
2066
2023
1733
1279
988
852
791
726
678
739
734
637
577
549
722
930
1174
1371
1468
1553
1540
1581
1649
1616
1499
1404
1310
1354
1267
1109
943
907
942
806
548
273
156
216
271
336
391
327
276
147
77
-4
69
108
173
204
283
461
705
944
1381
1980
2279
2021
1551
1544
1765
1908
1866
1883
1893
1466
815
293
256
239
130
142
271
429
257
-61
-2
385
578
302
16
186
445
648
808
1101
1387
1398
1352
1510
1758
1915
1929
2049
2228
2152
1725
1134
837
851
878
879
872
937
882
734
610
566
737
958
1221
1497
1544
1443
1333
1448
1544
1544
1400
1207
1099
1034
1003
794
811
821
923
807
495
211
-61
-47
148
323
447
478
255
123
-69
15
-2
-17
15
83
381
481
751
1096
1634
2160
2071
1658
1390
1538
1798
1777
1860
1852
1525
833
67
-52
-39
-61
-149
-68
139
4
-387
-472
24
582
601
198
54
164
368
571
869
1231
1368
1287
1270
1356
1526
1561
1667
1919
2045
1773
1158
640
430
442
559
580
709
733
705
526
361
465
614
980
1249
1506
1448
1345
1284
1345
1394
1242
1045
860
773
729
491
377
371
413
470
186
5
-288
-203
-66
79
245
244
168
-16
-57
20
-35
-89
-184
-158
9
121
375
573
928
1454
1801
1704
1183
980
1173
1352
1478
1493
1523
1076
368
-152
-238
-70
-120
-171
-15
230
251
-7
-259
-143
59
177
156
242
423
401
402
505
798
987
1044
1191
1331
1369
1417
1542
1647
1466
1158
888
745
736
615
520
430
488
649
718
680
623
674
813
1039
1288
1348
1310
1251
1349
1436
1351
1125
849
819
812
814
732
634
581
537
394
223
105
127
154
167
219
216
300
174
6
-182
-152
-58
-98
-161
-143
46
299
510
862
1398
1898
1942
1441
1161
1351
1666
1748
1634
1686
1471
833
130
-166
-76
-69
-106
-59
163
290
129
-106
-144
-21
118
42
113
313
515
559
566
737
926
1059
1179
1328
1406
1463
1541
1638
1588
1350
1003
763
649
604
574
469
460
547
597
584
527
590
725
913
1068
1163
1173
1141
1212
1294
1197
990
739
611
573
614
603
473
386
303
195
79
-34
-21
-13
40
-10
15
120
92
-47
-276
-284
-230
-206
-265
-240
-113
64
312
679
1298
1919
1895
1233
799
1077
1539
1622
1558
1581
1316
556
-185
-365
-258
-243
-291
-233
19
168
38
-253
-328
-40
227
246
200
368
546
555
596
759
920
1039
1180
1343
1429
1414
1429
1453
1409
1228
946
662
531
553
577
432
387
501
665
677
574
641
797
967
1117
1247
1362
1295
1332
1283
1261
1156
936
785
692
693
619
557
435
398
286
178
51
-20
-33
8
106
204
233
182
38
-127
-201
-236
-144
-193
-154
-23
168
432
762
1344
1756
1721
1360
1019
1215
1495
1611
1564
1430
1130
507
-14
-180
-172
-187
-297
-224
-34
100
129
-35
7
218
392
358
282
423
602
735
823
939
1006
1029
1110
1253
1428
1506
1484
1399
1311
1150
896
634
505
485
503
468
374
464
574
595
542
574
825
1014
1205
1269
1303
1324
1252
1211
1125
1032
940
825
721
584
450
355
258
237
218
178
29
-167
-255
-174
-28
73
91
189
162
-18
-323
-458
-420
-280
-153
139
580
1106
1639
1802
1453
817
715
1234
1766
1968
1944
1653
925
58
-372
-316
-149
-161
-214
-235
-256
-348
-449
-413
-162
307
659
661
518
432
453
593
862
1209
1360
1365
1280
1216
1248
1388
1560
1545
1350
1070
806
552
312
224
300
437
562
561
478
345
245
301
653
1167
1481
1529
1351
1342
1342
1380
1240
1144
1133
1114
999
739
471
260
204
219
301
259
120
-191
-439
-436
-165
184
272
238
68
-9
-116
-207
-159
21
217
350
660
1153
1706
1913
1543
894
774
1214
1684
1851
1826
1639
937
100
-367
-292
-172
-287
-431
-437
-333
-311
-436
-504
-284
183
429
406
448
590
682
711
872
1160
1332
1358
1262
1247
1343
1492
1587
1469
1273
971
766
630
480
383
327
396
478
523
435
255
160
213
540
931
1263
1349
1278
1196
1161
1185
1148
1005
934
929
848
714
360
213
104
183
138
35
-69
-328
-541
-568
-250
121
265
164
-84
-294
-431
-427
-298
-82
124
271
486
1030
1695
1873
1356
671
604
1076
1530
1774
1886
1597
754
-109
-424
-223
-109
-286
-567
-677
-601
-554
-607
-594
-414
-180
-83
-40
180
470
712
795
815
856
1040
1262
1345
1335
1427
1603
1630
1394
1059
811
666
582
499
439
394
375
344
292
248
126
54
109
360
762
1002
1098
1025
1039
1046
946
882
785
760
775
653
514
196
78
54
86
64
-84
-230
-533
-738
-761
-513
-229
-64
-142
-224
-428
-564
-636
-494
-223
-42
124
384
940
1551
1756
1394
828
661
918
1273
1620
1864
1707
896
16
-412
-384
-283
-392
-655
-911
-983
-913
-824
-760
-707
-662
-589
-471
-231
96
426
636
717
765
881
1106
1282
1298
1323
1457
1575
1463
1185
887
689
533
362
227
170
168
210
254
180
51
-98
-125
-41
264
659
931
978
902
855
769
694
641
670
720
689
477
209
72
39
54
50
37
-86
-404
-693
-790
-538
-242
-116
-201
-315
-443
-632
-732
-617
-264
28
242
660
1370
1869
1655
1019
685
862
1252
1657
2017
2117
1591
665
-58
-239
-83
-28
-255
-639
-949
-1040
-1038
-979
-893
-785
-729
-754
-616
-298
147
474
611
660
770
1120
1450
1591
1582
1643
1800
1754
1557
1329
1179
1002
783
601
463
407
377
335
269
152
39
-54
-46
175
516
796
877
854
788
728
715
650
609
616
659
682
559
386
232
133
35
-16
6
-28
-189
-478
-666
-579
-416
-374
-480
-490
-511
-604
-742
-731
-569
-404
-213
124
705
1360
1619
1313
800
606
861
1296
1718
1927
1732
1176
537
137
-9
-21
-132
-484
-835
-1003
-931
-841
-779
-795
-966
-1190
-1296
-1032
-462
147
494
482
395
499
809
1121
1335
1536
1737
1788
1667
1535
1467
1351
1133
858
680
606
624
702
693
529
217
-44
-147
-11
263
504
543
410
267
233
279
321
273
194
134
120
115
138
191
228
161
70
-14
-70
-204
-332
-374
-302
-180
-232
-324
-478
-643
-829
-954
-878
-676
-406
-60
360
756
869
722
502
402
511
864
1401
1826
1829
1432
915
550
364
299
237
65
-208
-506
-679
-719
-721
-731
-903
-1179
-1380
-1302
-949
-511
-127
61
91
106
286
604
904
1158
1321
1422
1388
1339
1342
1378
1364
1188
981
884
910
932
909
805
609
328
117
91
298
504
581
491
243
32
-51
19
46
-33
-114
-161
-165
-147
-109
-9
35
-24
-133
-162
-100
-89
-82
-24
132
186
48
-180
-330
-378
-428
-500
-508
-454
-370
-216
30
336
562
535
318
136
198
488
888
1213
1256
1081
831
619
499
490
449
279
-7
-239
-294
-266
-208
-228
-420
-729
-966
-1001
-835
-524
-221
-78
-49
0
134
290
422
572
711
782
778
801
960
1194
1274
1146
966
864
827
873
1009
1112
1076
848
565
452
565
780
825
643
325
84
7
22
56
37
-80
-276
-482
-554
-463
-280
-183
-172
-223
-224
-238
-232
-158
-15
144
166
97
-16
-66
-90
-161
-275
-371
-382
-340
-231
-23
266
479
475
288
114
91
279
607
882
1013
962
812
613
462
373
296
187
-6
-152
-202
-146
-80
-148
-339
-590
-732
-729
-607
-386
-159
-24
6
69
243
454
568
593
584
569
579
642
785
939
1018
981
842
739
672
687
763
859
889
772
651
652
773
895
887
712
452
254
201
242
278
256
160
-17
-255
-458
-489
-366
-263
-284
-328
-346
-352
-361
-334
-196
-41
13
-87
-208
-270
-318
-348
-342
-308
-275
-288
-335
-253
-9
288
390
280
139
102
207
383
579
730
747
605
396
255
239
216
91
-85
-207
-256
-267
-298
-353
-456
-561
-657
-744
-699
-567
-410
-284
-176
-42
119
281
362
369
352
329
353
425
553
695
754
769
708
620
539
524
630
775
810
701
585
585
657
693
649
545
403
263
140
81
107
101
54
-102
-274
-399
-448
-420
-390
-412
-463
-504
-517
-463
-403
-304
-229
-233
-266
-306
-322
-397
-461
-468
-432
-375
-364
-359
-308
-147
69
231
277
242
226
283
400
554
724
800
740
569
412
334
267
135
-9
-99
-159
-214
-300
-379
-446
-551
-677
-776
-772
-675
-537
-429
-351
-219
-43
117
206
256
284
316
370
444
561
696
781
820
814
777
735
700
750
824
822
737
684
726
774
774
695
551
390
289
261
256
199
136
60
-67
-229
-359
-392
-389
-379
-397
-410
-428
-474
-485
-449
-320
-274
-345
-430
-453
-411
-437
-499
-522
-511
-509
-548
-547
-432
-218
20
171
233
233
248
294
363
483
648
717
612
421
293
264
219
106
-71
-206
-304
-369
-418
-484
-487
-553
-729
-923
-994
-882
-749
-644
-550
-413
-271
-173
-103
-69
-4
57
88
157
272
411
560
679
730
661
533
464
507
628
701
718
664
632
620
553
483
342
197
80
36
48
63
29
-96
-274
-452
-555
-546
-495
-485
-490
-525
-553
-608
-660
-642
-574
-491
-506
-586
-669
-699
-692
-705
-681
-619
-579
-598
-610
-517
-266
68
296
322
257
227
296
409
610
839
927
789
539
340
220
172
120
29
-129
-303
-469
-545
-562
-546
-625
-858
-1110
-1226
-1108
-877
-664
-516
-430
-352
-266
-166
-41
121
285
387
451
486
574
704
842
901
835
661
528
542
663
717
676
582
481
425
355
290
187
93
-11
-115
-181
-185
-155
-163
-314
-513
-676
-729
-674
-583
-497
-487
-553
-690
-792
-810
-730
-664
-679
-761
-835
-885
-927
-966
-947
-880
-832
-792
-715
-512
-198
102
247
215
152
177
264
475
752
967
946
714
435
229
155
116
58
-94
-284
-475
-652
-803
-911
-1015
-1160
-1341
-1424
-1361
-1165
-944
-818
-740
-656
-463
-247
-68
112
275
429
520
597
678
815
968
1038
993
886
820
799
817
810
750
608
478
327
228
176
117
25
-129
-249
-314
-305
-307
-321
-378
-458
-544
-566
-508
-437
-392
-422
-497
-593
-637
-640
-617
-568
-532
-611
-765
-880
-923
-894
-859
-822
-769
-682
-538
-296
-27
189
274
250
193
234
409
689
1001
1147
1088
869
575
322
152
111
91
-61
-272
-495
-643
-799
-984
-1200
-1497
-1710
-1785
-1622
-1311
-992
-809
-830
-847
-748
-486
-152
144
411
584
691
764
862
974
1038
1011
868
718
647
706
790
767
576
303
56
-98
-177
-189
-141
-134
-226
-404
-589
-683
-688
-677
-742
-809
-804
-709
-604
-500
-440
-493
-673
-871
-970
-916
-806
-708
-703
-817
-993
-1226
-1335
-1376
-1261
-1157
-1034
-840
-482
-82
117
75
-72
-110
-21
220
576
964
1162
1092
835
541
307
164
58
-96
-319
-559
-764
-885
-968
-1131
-1461
-1898
-2204
-2313
-2122
-1751
-1343
-1082
-999
-992
-938
-712
-379
64
485
753
866
904
980
1084
1153
1105
895
701
582
609
698
683
498
125
-256
-532
-614
-544
-399
-256
-246
-386
-610
-802
-845
-801
-750
-734
-725
-646
-509
-355
-324
-409
-620
-860
-1058
-1106
-1020
-818
-669
-747
-977
-1245
-1405
-1468
-1420
-1249
-986
-658
-242
112
286
232
68
-4
70
371
799
1140
1241
1095
868
631
406
209
27
-155
-394
-608
-806
-968
-1131
-1395
-1776
-2234
-2484
-2411
-2082
-1665
-1348
-1181
-1162
-1072
-868
-541
-114
343
735
978
1107
1172
1219
1223
1153
1036
908
865
914
917
803
521
116
-322
-591
-635
-520
-402
-341
-367
-431
-531
-619
-714
-761
-758
-722
-630
-504
-347
-212
-233
-391
-693
-901
-960
-872
-749
-754
-823
-971
-1138
-1295
-1398
-1400
-1358
-1320
-1248
-1028
-552
33
400
394
141
-27
-1
321
864
1405
1620
1396
935
489
258
265
361
366
133
-242
-638
-945
-1091
-1191
-1439
-1928
-2392
-2555
-2326
-1776
-1203
-951
-1081
-1323
-1343
-1010
-382
373
1023
1418
1486
1361
1232
1202
1273
1279
1162
1028
1022
1168
1245
1092
627
-12
-568
-801
-639
-265
120
277
106
-246
-582
-678
-581
-388
-234
-187
-170
-123
1
75
4
-290
-635
-935
-945
-766
-514
-432
-658
-1072
-1502
-1648
-1494
-1213
-976
-854
-730
-410
45
442
525
423
283
267
537
1114
1806
2076
1772
1127
510
161
133
364
560
497
188
-287
-706
-1020
-1216
-1464
-1882
-2179
-2185
-1861
-1361
-962
-912
-1206
-1482
-1417
-957
-234
525
1181
1500
1463
1230
1048
1071
1199
1302
1258
1202
1223
1279
1195
838
278
-286
-631
-609
-283
161
467
422
106
-337
-581
-520
-208
179
410
438
261
60
-97
-195
-265
-358
-484
-603
-623
-618
-663
-859
-1145
-1443
-1624
-1598
-1434
-1219
-1027
-892
-737
-425
54
528
671
533
366
451
801
1324
1859
2069
1748
1065
407
121
188
449
651
532
97
-462
-905
-1117
-1114
-1066
-1232
-1579
-1821
-1755
-1431
-1035
-795
-850
-1057
-1082
-701
-57
615
1120
1352
1289
1070
960
1050
1283
1458
1422
1184
968
910
941
798
479
32
-326
-408
-153
280
547
557
304
13
-168
-61
272
587
757
657
437
209
105
97
62
-23
-250
-500
-700
-808
-845
-934
-1103
-1350
-1598
-1648
-1481
-1159
-906
-803
-729
-530
0
682
1126
1158
932
802
913
1269
1808
2173
2051
1362
584
111
44
305
521
457
-39
-605
-1052
-1240
-1103
-886
-847
-1188
-1549
-1619
-1369
-883
-511
-406
-625
-762
-486
92
694
1082
1219
1133
963
874
941
1109
1213
1130
833
552
556
723
797
546
75
-376
-512
-247
248
651
734
518
229
92
265
631
932
1023
879
594
390
326
381
358
114
-234
-599
-770
-827
-806
-990
-1316
-1641
-1779
-1675
-1414
-1126
-952
-951
-1014
-895
-442
406
1258
1642
1399
973
801
1006
1459
1951
2098
1662
839
142
-78
24
202
135
-262
-836
-1216
-1284
-1167
-1023
-1014
-1202
-1477
-1518
-1200
-683
-273
-227
-469
-722
-579
67
765
1127
1093
874
648
546
605
744
811
721
461
147
-1
129
279
155
-212
-557
-599
-315
163
508
528
358
221
302
584
951
1181
1148
892
566
403
399
452
396
130
-206
-575
-855
-1038
-1188
-1320
-1603
-1718
-1808
-1634
-1489
-1318
-1276
-1252
-1138
-968
-607
-11
805
1459
1610
1241
837
672
933
1309
1725
1785
1335
567
-158
-453
-485
-359
-333
-521
-861
-1197
-1359
-1312
-1146
-894
-925
-1019
-1096
-841
-409
-50
85
-104
-231
-121
326
745
943
927
793
602
408
251
189
160
129
8
-165
-218
-152
-76
-164
-361
-526
-523
-245
177
516
652
597
558
606
800
990
1077
984
762
536
366
243
184
67
-130
-448
-781
-1039
-1239
-1312
-1395
-1542
-1621
-1644
-1469
-1375
-1239
-1224
-1123
-920
-654
-317
150
835
1425
1507
1099
659
565
768
1050
1330
1254
716
-63
-631
-817
-783
-671
-660
-839
-1166
-1408
-1469
-1355
-994
-555
-327
-479
-711
-649
-363
43
350
427
294
217
327
502
574
620
612
591
415
169
-41
-162
-183
-251
-273
-294
-153
-2
-23
-173
-381
-500
-329
139
675
954
1002
918
825
830
833
812
660
622
523
450
252
-18
-300
-542
-692
-886
-1021
-1184
-1309
-1414
-1442
-1489
-1327
-1179
-1001
-1023
-1072
-1052
-881
-563
-338
-32
353
953
1369
1333
778
249
136
475
865
1081
940
361
-453
-1051
-1140
-960
-715
-640
-814
-1184
-1364
-1200
-817
-589
-576
-749
-878
-712
-267
220
399
224
-165
-373
-165
336
758
820
606
338
153
13
-126
-212
-258
-281
-262
-233
-146
-74
-111
-296
-507
-549
-288
212
665
840
690
505
517
689
879
869
711
507
332
197
28
-113
-267
-397
-601
-839
-1046
-1164
-1187
-1178
-1209
-1267
-1268
-1133
-995
-920
-891
-894
-784
-611
-435
-322
-137
422
1105
1446
1038
211
-244
-93
405
806
939
621
-158
-907
-1243
-1061
-715
-537
-651
-1041
-1327
-1251
-848
-381
-197
-283
-680
-939
-790
-250
360
581
392
-86
-387
-222
231
598
628
456
321
173
77
-80
-237
-319
-304
-198
-152
14
132
88
-152
-448
-509
-209
410
949
1055
886
594
535
615
739
746
630
474
287
86
-76
-275
-402
-530
-693
-858
-1038
-1043
-1054
-1001
-1070
-1080
-977
-737
-631
-648
-735
-760
-550
-326
-55
35
316
709
1097
1175
784
206
20
266
683
845
718
285
-413
-967
-1143
-840
-571
-540
-703
-987
-1085
-944
-612
-330
-279
-388
-654
-770
-484
47
444
390
32
-361
-422
-107
331
568
520
386
282
132
-70
-246
-287
-233
-86
29
68
114
110
-24
-270
-417
-292
156
759
1106
1008
687
452
473
616
704
682
535
463
238
-14
-275
-453
-570
-685
-819
-977
-1043
-959
-896
-816
-859
-902
-906
-883
-809
-787
-737
-685
-543
-354
-301
-303
-281
-28
468
925
1002
518
106
98
273
385
402
390
26
-511
-823
-792
-664
-695
-812
-975
-1093
-1044
-781
-428
-275
-301
-503
-690
-709
-413
-21
240
230
2
-269
-300
-64
172
267
308
373
351
208
-66
-295
-342
-182
1
72
97
108
84
8
-98
-86
162
600
954
1020
832
638
588
614
602
533
490
442
302
62
-248
-472
-676
-766
-812
-794
-737
-728
-749
-847
-955
-983
-948
-698
-523
-338
-427
-627
-732
-749
-558
-542
-428
-332
-85
292
669
818
532
41
-136
-52
244
488
549
356
-265
-726
-946
-788
-675
-742
-829
-900
-748
-545
-350
-406
-709
-931
-913
-606
-148
242
343
4
-406
-615
-447
-1
397
615
556
431
275
43
-197
-325
-176
77
216
198
144
94
35
43
144
317
563
723
817
771
750
706
617
545
487
506
467
348
68
-218
-447
-586
-633
-585
-556
-574
-639
-729
-819
-853
-820
-693
-523
-406
-338
-488
-594
-719
-611
-463
-330
-277
-316
-220
25
533
1023
1165
816
259
0
278
639
916
811
499
-9
-454
-517
-469
-445
-665
-772
-705
-552
-294
-33
184
98
-184
-397
-340
60
544
839
736
303
-86
-156
151
578
883
908
715
489
269
108
63
119
247
374
517
658
706
686
572
540
541
678
899
1220
1455
1443
1197
860
730
730
796
702
511
238
67
-84
-212
-335
-343
-254
-241
-206
-345
-382
-471
-309
-254
-59
-29
-41
-100
-147
-208
-394
-422
-288
-45
73
193
275
536
833
1160
1169
845
469
390
725
994
1035
788
363
-77
-404
-433
-384
-416
-487
-510
-328
-142
122
181
34
-228
-288
-54
277
586
696
526
201
-65
-69
226
583
860
818
605
373
247
250
186
207
326
668
938
941
827
640
586
570
655
822
1062
1336
1451
1312
990
663
600
592
644
613
528
397
213
78
-79
-146
-155
-89
-11
-54
-113
-226
-210
-150
-102
-45
-31
48
-9
-110
-302
-436
-457
-227
-24
92
24
85
261
583
1006
1261
1278
875
565
601
911
1066
918
701
403
9
-282
-347
-351
-462
-554
-476
-276
-96
55
290
416
241
-147
-356
-162
274
624
726
476
180
-53
-11
249
496
613
557
585
559
520
394
309
369
587
796
865
907
856
710
550
608
726
970
1224
1417
1307
981
575
338
446
619
685
546
393
232
85
-99
-241
-264
-148
-17
-56
-136
-260
-196
-123
-69
-21
-92
-40
-105
-61
-193
-322
-454
-377
-295
-235
-306
-273
-49
296
642
716
780
636
479
406
643
908
871
605
305
61
-206
-418
-475
-453
-439
-431
-319
-200
-101
64
214
108
-208
-291
-116
183
329
438
373
229
3
-90
45
378
719
856
827
645
564
439
377
395
617
875
929
884
728
641
612
676
730
865
1031
1104
980
736
479
344
393
446
492
470
467
338
192
-48
-156
-140
28
182
252
187
1
-105
-127
-47
-18
132
177
261
40
-144
-474
-496
-512
-315
-228
-130
-158
-155
2
211
527
745
1062
1077
1043
883
997
1008
911
661
547
379
109
-137
-301
-367
-476
-457
-437
-249
-112
233
453
418
-52
-417
-301
124
569
816
828
549
304
225
457
718
965
1022
1022
954
865
775
590
415
430
720
951
979
893
801
740
705
705
736
910
1123
1169
964
591
335
358
556
598
499
394
282
169
11
-82
-43
133
279
228
155
-56
-116
-219
-101
-136
-96
15
61
20
-446
-588
-875
-649
-683
-342
-303
-131
-144
32
279
489
771
810
1104
1010
1145
924
893
584
349
84
-188
-314
-489
-545
-663
-734
-822
-722
-417
-124
54
165
108
-44
-185
6
215
499
583
619
484
365
278
318
429
494
637
699
684
470
301
185
190
314
501
594
630
675
679
603
532
511
598
710
842
851
799
551
346
234
241
239
268
260
166
92
75
81
22
11
26
87
97
-21
-144
-234
-152
-75
-22
-97
-270
-392
-541
-595
-670
-594
-545
-432
-416
-334
-207
89
309
481
707
988
1148
972
660
401
360
311
196
15
-109
-341
-596
-838
-935
-906
-719
-494
-305
-159
8
362
648
620
255
-1
44
321
563
743
730
515
167
-132
-156
68
328
483
541
469
348
190
51
-2
160
475
691
748
686
563
443
339
304
359
533
725
742
526
194
-23
-28
66
114
89
127
188
205
97
-74
-177
-149
-9
92
61
-63
-177
-288
-333
-345
-299
-291
-304
-344
-439
-583
-671
-714
-632
-431
-178
-28
37
2
-25
-6
142
313
383
345
227
116
-90
-294
-471
-536
-557
-481
-422
-458
-566
-579
-487
-325
-179
6
325
576
588
320
-24
-255
-275
-111
72
122
46
-101
-252
-364
-342
-222
-42
163
388
513
444
319
228
264
356
478
581
605
601
550
477
321
177
94
135
214
242
199
123
31
-83
-111
-106
-23
140
276
255
115
-10
-59
-29
54
123
178
155
39
-82
-166
-183
-216
-191
-194
-165
-162
-187
-235
-290
-307
-353
-381
-382
-338
-302
-323
-372
-396
-379
-341
-261
-193
-201
-239
-199
-134
-85
-38
41
135
242
353
448
445
401
343
286
204
182
258
346
328
179
-94
-405
-472
-299
-90
31
46
66
100
123
173
305
475
609
783
888
819
655
568
536
484
505
489
474
441
416
272
81
-47
-61
86
270
336
311
310
267
257
256
231
237
346
453
476
481
418
359
293
291
303
302
289
237
236
142
41
-14
62
157
201
88
-187
-390
-469
-421
-503
-620
-740
-733
-709
-726
-798
-875
-824
-724
-577
-499
-375
-216
41
218
259
246
304
443
526
513
409
315
252
194
104
55
39
39
-1
-117
-226
-228
-145
-50
39
86
115
148
205
291
342
355
321
284
271
351
432
483
444
325
230
193
203
239
341
418
422
320
217
205
316
430
476
479
479
452
416
373
325
258
256
326
400
428
404
337
302
269
238
213
218
247
271
231
129
21
-72
-146
-263
-388
-457
-429
-396
-460
-613
-766
-876
-919
-870
-827
-835
-831
-818
-757
-705
-615
-524
-400
-311
-256
-159
-63
3
-49
-68
-92
-93
-125
-134
-113
-132
-198
-244
-173
-90
19
88
94
66
38
-24
-21
28
54
-20
-150
-267
-353
-462
-521
-435
-353
-393
-458
-403
-383
-400
-369
-255
-169
-100
-20
86
212
249
216
193
168
133
137
198
254
286
269
201
136
129
88
40
44
71
73
65
55
39
-11
-109
-186
-229
-252
-315
-329
-326
-386
-419
-466
-457
-458
-448
-483
-508
-520
-563
-570
-533
-480
-504
-545
-659
-706
-720
-715
-751
-747
-710
-704
-693
-730
-722
-695
-591
-525
-520
-515
-479
-373
-238
-115
-48
-27
-15
-6
24
70
133
168
129
-17
-167
-218
-229
-248
-309
-370
-449
-548
-614
-602
-576
-512
-437
-397
-367
-327
-239
-114
-2
28
28
63
126
227
314
325
289
257
244
231
228
247
241
234
218
189
169
132
92
14
-4
-33
-69
-143
-211
-313
-381
-387
-385
-370
-372
-341
-325
-289
-291
-209
-108
-59
-104
-128
-81
-57
-42
-118
-226
-323
-376
-388
-443
-560
-713
-799
-845
-909
-943
-939
-927
-947
-921
-912
-896
-801
-651
-494
-419
-356
-336
-274
-257
-251
-201
-189
-165
-165
-110
-123
-154
-186
-230
-276
-301
-254
-241
-203
-194
-174
-186
-237
-240
-231
-198
-161
-118
-103
-102
-87
-21
29
57
71
91
127
192
225
250
305
358
399
411
395
359
382
394
395
382
374
340
273
185
70
-26
-73
-70
-66
-57
-78
-68
-42
-48
-56
-21
4
40
108
181
201
178
122
56
56
65
73
47
-2
-44
-105
-172
-269
-361
-407
-421
-414
-516
-639
-760
-800
-827
-807
-793
-800
-798
-790
-817
-864
-852
-837
-767
-684
-593
-584
-572
-585
-556
-500
-418
-320
-192
-60
-4
26
28
51
55
97
103
150
158
114
46
-11
-83
-186
-212
-219
-234
-228
-159
-102
-95
-111
-127
-102
-40
26
99
181
225
252
299
312
309
309
303
293
257
206
158
157
156
125
86
36
-4
-21
1
27
22
32
41
51
50
57
70
85
97
107
123
96
60
55
102
94
39
-33
-69
-90
-104
-112
-150
-224
-349
-440
-537
-601
-654
-710
-776
-862
-966
-1067
-1119
-1172
-1213
-1243
-1250
-1211
-1163
-1072
-1000
-926
-873
-858
-766
-634
-477
-385
-283
-188
-118
-72
-20
84
107
87
29
29
37
32
37
-5
-44
-92
-120
-128
-160
-181
-169
-123
-76
-80
-73
-51
-16
25
68
87
82
115
151
211
251
280
249
253
294
367
395
366
375
380
406
398
394
391
381
353
358
379
361
343
293
251
223
237
285
314
310
256
217
186
158
158
161
156
121
90
57
19
-40
-111
-145
-211
-252
-310
-355
-435
-561
-681
-780
-821
-869
-909
-995
-1036
-1081
-1126
-1148
-1138
-1085
-1053
-1028
-974
-886
-806
-769
-746
-691
-642
-580
-506
-407
-385
-389
-365
-268
-161
-84
3
51
47
11
39
67
120
122
91
41
-41
-88
-144
-179
-188
-211
-253
-244
-204
-159
-115
-77
-51
-21
27
108
225
345
402
390
411
451
516
552
566
548
563
583
557
548
509
480
437
396
332
254
215
201
216
200
175
183
212
210
147
74
38
70
98
90
84
53
-3
-78
-140
-187
-250
-317
-360
-363
-383
-433
-496
-578
-630
-677
-698
-688
-673
-698
-764
-833
-892
-942
-988
-987
-973
-978
-1011
-1015
-995
-969
-946
-941
-882
-801
-721
-660
-592
-536
-513
-460
-424
-385
-356
-288
-237
-194
-136
-92
-103
-99
-52
-10
8
38
70
92
109
139
199
218
219
224
251
260
293
363
434
452
421
379
369
376
404
431
459
467
461
468
444
433
419
414
419
470
486
471
443
409
374
353
315
272
253
231
202
149
91
18
-19
-52
-58
-73
-100
-126
-136
-124
-155
-191
-179
-130
-79
-81
-127
-186
-215
-204
-202
-211
-275
-344
-409
-466
-530
-598
-644
-704
-719
-715
-746
-766
-829
-876
-943
-988
-984
-962
-900
-889
-870
-891
-911
-918
-896
-807
-726
-616
-590
-508
-400
-311
-271
-238
-135
-81
47
193
350
405
397
422
463
549
602
658
704
667
599
580
575
539
510
470
428
426
447
483
504
505
487
480
458
465
509
535
551
543
537
497
476
476
451
410
355
355
367
393
403
366
330
278
253
231
252
230
211
203
182
167
117
87
68
49
47
43
19
-19
-75
-106
-111
-102
-98
-125
-151
-161
-170
-178
-193
-205
-220
-254
-294
-342
-383
-414
-454
-476
-501
-528
-548
-579
-623
-636
-649
-675
-697
-734
-721
-719
-671
-666
-657
-628
-593
-494
-409
-322
-264
-183
-121
-65
-57
-21
51
111
185
207
243
258
299
360
437
480
493
548
581
614
658
703
693
659
638
626
589
538
496
465
435
416
423
433
414
359
321
303
307
330
371
408
403
389
374
359
322
300
287
279
285
291
295
268
201
118
80
44
39
52
44
31
8
-5
-22
-18
-23
-29
-29
-34
-50
-83
-102
-145
-153
-170
-184
-163
-145
-133
-142
-155
-186
-202
-212
-218
-235
-244
-242
-261
-258
-262
-271
-291
-300
-319
-333
-338
-339
-312
-311
-307
-341
-363
-377
-374
-360
-352
-325
-294
-246
-195
-150
-117
-72
-57
-39
21
96
156
231
287
296
289
314
371
407
442
479
537
567
611
666
703
702
684
738
770
778
750
742
722
681
629
593
578
548
550
530
499
462
436
410
372
343
367
397
418
429
426
419
403
412
397
379
358
381
412
400
369
317
294
245
223
192
159
136
119
124
109
94
58
52
33
27
19
11
31
70
107
124
158
171
182
176
188
211
217
232
230
248
249
210
164
124
105
80
86
101
81
60
18
-11
-35
-72
-107
-122
-111
-134
-155
-185
-177
-184
-206
-197
-144
-91
-59
-33
-7
20
67
120
151
222
264
303
333
375
358
356
398
413
456
481
526
546
565
565
568
576
580
627
666
690
664
653
642
607
591
578
557
503
481
478
460
426
391
355
298
274
261
268
271
265
278
279
282
259
252
225
213
240
256
299
323
326
317
307
296
282
271
273
304
310
305
279
239
234
234
257
255
270
294
325
346
352
346
316
312
311
338
369
394
373
348
305
268
268
285
291
259
229
195
160
143
118
111
96
101
80
65
36
14
-6
-53
-66
-64
-50
-45
-53
-93
-91
-96
-99
-77
-49
-10
-1
37
57
86
87
95
106
110
116
107
131
153
166
167
192
229
263
282
289
305
314
356
424
467
487
511
518
524
518
521
499
493
507
506
498
470
453
420
388
347
331
321
305
282
263
263
255
240
234
236
228
211
205
202
190
187
186
208
220
233
238
236
226
204
192
194
211
222
238
237
232
223
229
230
235
255
267
290
322
343
345
349
350
348
361
368
362
342
336
330
305
274
262
247
216
188
152
114
68
18
-14
-50
-91
-100
-128
-172
-210
-229
-253
-286
-322
-357
-363
-364
-329
-322
-322
-327
-323
-300
-279
-243
-206
-193
-180
-151
-116
-103
-82
-24
12
33
69
109
116
109
125
148
200
246
297
353
367
354
331
341
345
364
381
378
349
342
349
318
276
229
198
183
175
200
220
224
203
182
166
166
174
190
194
203
229
237
235
216
204
195
187
197
222
244
252
271
270
263
246
241
260
258
269
274
283
262
232
218
199
189
193
207
198
175
152
133
114
82
75
69
66
52
16
-18
-53
-69
-66
-94
-157
-196
-218
-240
-275
-333
-403
-447
-447
-435
-429
-481
-541
-565
-599
-615
-604
-580
-574
-572
-585
-610
-625
-633
-606
-586
-546
-544
-523
-505
-514
-491
-494
-476
-473
-415
-366
-329
-279
-267
-246
-247
-199
-143
-109
-84
-50
7
5
5
27
76
95
89
107
124
136
132
138
144
140
135
150
164
145
146
156
147
159
158
164
150
156
154
149
162
164
172
152
135
102
78
56
38
25
7
18
14
20
28
22
33
57
82
62
28
27
40
70
79
77
35
8
7
8
8
6
39
51
49
36
18
20
25
21
5
0
-23
-46
-59
-104
-157
-210
-231
-259
-269
-295
-321
-346
-369
-385
-410
-422
-418
-382
-361
-333
-324
-330
-332
-327
-312
-308
-293
-296
-321
-328
-322
-313
-290
-267
-243
-253
-276
-274
-209
-142
-106
-77
-78
-74
-19
66
90
87
101
133
171
196
243
271
262
240
269
300
298
306
315
323
290
287
282
289
310
325
332
310
310
299
311
327
317
315
296
282
258
253
232
199
192
197
194
205
209
187
149
122
99
93
77
53
52
39
21
16
-12
-40
-73
-97
-105
-108
-105
-123
-147
-148
-168
-179
-162
-153
-138
-135
-142
-148
-169
-163
-148
-140
-135
-147
-160
-175
-167
-150
-130
-128
-136
-134
-115
-120
-130
-133
-141
-126
-136
-147
-139
-119
-135
-158
-184
-190
-175
-150
-134
-147
-144
-151
-150
-138
-102
-85
-88
-81
-80
-65
-62
-49
-32
-7
-7
-1
35
73
93
97
104
95
117
155
168
179
207
210
203
223
251
272
280
308
336
355
376
380
412
413
396
388
393
384
374
377
356
329
307
282
257
246
209
162
152
165
175
160
119
81
70
74
56
48
47
28
16
-1
-8
-38
-63
-62
-59
-49
-64
-52
-41
-29
-26
-26
-17
-28
-23
-13
-13
-18
-22
-37
-45
-33
-16
-27
-46
-54
-62
-80
-73
-52
-44
-23
-37
-47
-49
-55
-79
-106
-124
-131
-107
-87
-66
-58
-51
-63
-74
-76
-70
-43
-30
-19
-19
-14
14
12
17
17
45
62
76
75
43
56
71
94
93
66
45
25
24
40
63
42
12
-7
1
6
17
32
49
40
25
29
61
74
66
78
80
76
76
118
161
135
114
150
172
141
138
169
181
184
172
183
197
217
219
222
217
197
183
193
209
200
197
183
180
188
201
193
195
216
206
198
194
200
210
205
181
150
135
115
107
116
117
102
73
77
68
45
61
63
61
58
55
67
72
75
91
99
113
127
118
115
105
113
103
100
111
120
122
128
129
134
138
128
107
85
65
71
77
77
73
38
10
-9
0
-10
-1
-11
-53
-74
-80
-73
-76
-94
-114
-138
-157
-159
-163
-174
-203
-213
-224
-240
-257
-265
-258
-258
-252
-236
-217
-190
-161
-134
-112
-108
-105
-67
-35
10
13
19
43
42
59
56
63
69
99
110
105
108
107
111
107
122
133
150
183
210
222
198
170
140
132
131
124
160
164
188
187
174
158
147
148
138
148
138
153
156
153
150
144
123
94
79
79
76
79
74
69
62
64
70
81
89
98
115
105
97
81
61
62
71
90
85
90
79
67
50
31
23
2
4
-8
-14
-21
-34
-43
-51
-60
-99
-134
-143
-160
-161
-164
-182
-195
-211
-218
-221
-236
-239
-253
-260
-238
-220
-213
-220
-221
-226
-229
-235
-212
-184
-170
-173
-181
-171
-163
-146
-132
-120
-126
-130
-115
-84
-74
-85
-86
-66
-51
-47
-16
23
45
48
57
66
100
115
156
191
201
202
193
210
220
228
225
225
219
232
213
212
225
230
232
219
233
250
255
244
244
228
198
198
204
233
227
213
213
199
182
163
140
121
122
109
89
73
38
25
13
-11
-25
-36
-47
-42
-25
-38
-50
-54
-55
-41
-51
-50
-63
-78
-74
-71
-62
-72
-88
-96
-111
-126
-125
-142
-149
-150
-154
-144
-141
-145
-156
-173
-189
-206
-199
-205
-203
-209
-206
-192
-207
-235
-244
-210
-187
-175
-157
-157
-147
-126
-104
-80
-75
-76
-56
-34
-19
-31
-56
-64
-42
-25
-38
-39
-17
9
18
35
45
25
-4
-8
12
40
55
55
69
63
45
36
56
81
80
82
63
63
68
84
88
74
61
36
32
27
56
66
55
36
25
33
11
13
16
8
-3
-31
-52
-71
-81
-86
-79
-65
-85
-128
-167
-197
-217
-223
-232
-252
-283
-303
-325
-346
-354
-341
-351
-386
-406
-431
-428
-406
-400
-403
-449
-462
-440
-412
-384
-392
-419
-439
-423
-403
-381
-374
-378
-375
-363
-343
-348
-358
-386
-391
-384
-394
-394
-407
-409
-419
-431
-456
-468
-461
-454
-436
-445
-448
-442
-430
-427
-420
-432
-443
-429
-435
-411
-411
-417
-416
-402
-384
-398
-402
-393
-395
-394
-378
-342
-310
-283
-275
-268
-253
-238
-246
-256
-253
-266
-266
-254
-239
-231
-253
-261
-264
-272
-286
-293
-302
-305
-288
-286
-284
-278
-277
-297
-291
-286
-299
-318
-317
-308
-302
-313
-334
-348
-346
-355
-366
-363
-379
-384
-398
-389
-408
-426
-437
-441
-452
-447
-419
-421
-415
-423
-424
-433
-412
-394
-417
-426
-431
-429
-426
-429
-445
-420
-416
-428
-417
-414
-407
-398
-388
-389
-393
-396
-376
-362
-344
-349
-338
-316
-318
-316
-318
-317
-294
-278
-282
-292
-303
-319
-319
-328
-332
-345
-354
-361
-369
-372
-379
-372
-378
-368
-364
-384
-395
-405
-395
-380
-368
-379
-379
-371
-366
-356
-355
-367
-373
-360
-351
-353
-353
-359
-365
-355
-361
-376
-381
-377
-369
-366
-363
-365
-384
-397
-397
-404
-407
-395
-396
-402
-389
-386
-395
-385
-408
-414
-408
-417
-427
-418
-417
-414
-415
-424
-415
-424
-443
-452
-442
-452
-448
-440
-445
-442
-453
-454
-456
-458
-454
-439
-442
-454
-450
-438
-442
-442
-438
-454
-451
-435
-424
-418
-408
-402
-410
-431
-439
-438
-420
-413
-420
-427
-429
-417
-426
-446
-460
-462
-460
-444
-424
-427
-435
-441
-441
-435
-439
-449
-438
-428
-419
-429
-450
-473
-493
-491
-503
-521
-532
-528
-529
-507
-499
-517
-550
-578
-566
-534
-504
-486
-493
-515
-535
-543
-520
-493
-475
-473
-481
-483
-482
-459
-458
-453
-449
-449
-454
-457
-443
-457
-454
-468
-468
-453
-461
-465
-459
-449
-457
-459
-457
-454
-433
-386
-359
-337
-308
-302
-308
-314
-323
-331
-329
-311
-285
-273
-269
-271
-273
-269
-269
-287
-321
-329
-314
-302
-282
-284
-283
-299
-295
-294
-297
-286
-300
-315
-329
-313
-311
-294
-293
-311
-316
-312
-312
-313
-330
-361
-379
-397
-402
-410
-425
-424
-429
-436
-437
-443
-444
-448
-449
-453
-458
-426
-412
-405
-401
-407
-419
-441
-433
-420
-409
-410
-403
-394
-386
-379
-390
-414
-438
-452
-455
-451
-441
-423
-410
-402
-408
-420
-434
-430
-424
-432
-421
-413
-386
-369
-389
-397
-404
-405
-401
-416
-409
-398
-370
-343
-317
-322
-330
-320
-301
-269
-250
-230
-228
-226
-226
-228
-206
-200
-195
-179
-158
-140
-132
-119
-129
-139
-141
-130
-126
-124
-127
-129
-120
-125
-147
-163
-169
-181
-183
-191
-196
-199
-216
-227
-239
-269
-297
-315
-313
-307
-305
-307
-306
-305
-314
-329
-340
-338
-327
-299
-281
-281
-277
-280
-290
-297
-300
-291
-297
-304
-297
-303
-320
-336
-352
-364
-363
-369
-376
-384
-382
-393
-396
-404
-424
-427
-439
-459
-470
-468
-473
-467
-460
-459
-459
-464
-466
-462
-466
-462
-459
-451
-446
-457
-464
-460
-456
-437
-427
-412
-391
-377
-361
-360
-354
-357
-346
-315
-290
-289
-288
-288
-287
-291
-284
-259
-258
-237
-235
-236
-231
-227
-221
-227
-231
-231
-234
-226
-230
-241
-250
-251
-252
-242
-240
-224
-214
-209
-205
-226
-222
-221
-197
-193
-209
-223
-219
-219
-220
-221
-221
-232
-258
-262
-252
-253
-262
-267
-294
-313
-320
-319
-315
-314
-317
-334
-344
-345
-342
-348
-373
-390
-409
-407
-402
-401
-411
-442
-442
-440
-407
-379
-368
-369
-373
-385
-419
-419
-426
-434
-435
-440
-453
-460
-447
-450
-427
-428
-445
-465
-465
-443
-408
-371
-375
-389
-418
-422
-397
-369
-346
-339
-334
-328
-310
-294
-282
-272
-265
-268
-265
-254
-256
-266
-279
-289
-296
-287
-290
-306
-298
-295
-286
-271
-274
-282
-285
-265
-240
-211
-187
-181
-194
-204
-209
-204
-200
-198
-189
-190
-206
-231
-231
-222
-216
-219
-243
-266
-273
-261
-243
-243
-249
-260
-253
-250
-240
-244
-261
-284
-295
-302
-295
-298
-305
-311
-348
-360
-372
-376
-388
-397
-409
-423
-434
-445
-451
-461
-468
-476
-487
-490
-485
-489
-490
-488
-486
-484
-481
-464
-449
-438
-450
-465
-461
-462
-457
-458
-444
-436
-433
-422
-416
-435
-461
-478
-479
-460
-443
-433
-428
-437
-463
-465
-469
-483
-513
-518
-526
-503
-467
-449
-432
-452
-467
-478
-475
-462
-448
-445
-430
-420
-416
-412
-402
-406
-404
-399
-397
-412
-409
-389
-364
-345
-349
-357
-370
-370
-355
-350
-352
-356
-360
-355
-348
-346
-358
-360
-361
-380
-394
-381
-377
-378
-388
-402
-412
-414
-395
-382
-381
-394
-405
-430
-435
-446
-447
-461
-491
-466
-459
-462
-463
-457
-452
-461
-446
-434
-421
-418
-410
-400
-413
-414
-409
-425
-431
-422
-424
-422
-420
-418
-418
-428
-445
-459
-463
-467
-476
-484
-484
-480
-480
-466
-476
-497
-513
-508
-502
-500
-472
-454
-451
-458
-453
-444
-439
-439
-438
-424
-411
-392
-379
-377
-380
-382
-383
-376
-359
-346
-332
-324
-317
-311
-316
-332
-350
-363
-373
-359
-341
-344
-350
-365
-363
-352
-358
-382
-389
-379
-377
-372
-377
-382
-385
-384
-398
-408
-410
-415
-410
-402
-401
-405
-401
-386
-380
-377
-369
-373
-364
-347
-334
-321
-312
-331
-342
-342
-350
-350
-350
-356
-368
-358
-354
-347
-356
-383
-401
-409
-415
-416
-397
-401
-405
-419
-429
-436
-426
-413
-417
-422
-421
-398
-394
-385
-388
-394
-397
-388
-390
-375
-357
-350
-341
-359
-370
-392
-395
-391
-388
-390
-386
-384
-374
-366
-373
-379
-402
-406
-408
-393
-365
-353
-365
-388
-404
-419
-412
-399
-387
-388
-381
-385
-387
-382
-371
-365
-382
-390
-393
-376
-358
-345
-342
-358
-359
-364
-373
-371
-369
-351
-339
-336
-349
-346
-328
-299
-262
-235
-231
-231
-227
-228
-238
-236
-225
-225
-226
-239
-260
-266
-256
-238
-236
-274
-300
-305
-301
-269
-251
-237
-252
-263
-267
-260
-262
-277
-287
-307
-308
-289
-259
-253
-263
-279
-289
-303
-307
-301
-307
-307
-333
-350
-370
-384
-390
-392
-404
-400
-395
-403
-403
-398
-376
-365
-356
-350
-331
-322
-324
-334
-323
-315
-319
-330
-330
-330
-330
-318
-313
-320
-326
-340
-352
-353
-338
-310
-285
-272
-280
-283
-296
-303
-303
-314
-323
-313
-299
-283
-280
-289
-289
-279
-267
-270
-270
-268
-261
-253
-239
-232
-225
-223
-218
-220
-221
-213
-203
-197
-216
-195
-183
-187
-189
-199
-188
-188
-189
-185
-175
-165
-165
-169
-166
-164
-165
-153
-144
-144
-155
-148
-153
-167
-175
-187
-177
-170
-158
-142
-131
-140
-150
-169
-188
-181
-178
-168
-176
-177
-180
-186
-194
-198
-201
-198
-177
-162
-148
-140
-133
-129
-121
-112
-105
-93
-83
-84
-86
-94
-94
-96
-107
-110
-125
-142
-145
-152
-156
-162
-162
-167
-171
-177
-170
-174
-186
-189
-175
-175
-185
-190
-175
-157
-158
-162
-159
-160
-153
-151
-154
-143
-149
-145
-145
-164
-174
-163
-149
-141
-141
-147
-152
-138
-122
-125
-116
-105
-111
-104
-108
-98
-90
-88
-88
-103
-108
-114
-101
-86
-69
-70
-67
-71
-87
-94
-99
-98
-104
-104
-101
-114
-108
-95
-84
-81
-63
-62
-56
-46
-44
-24
-21
-25
-32
-37
-29
-31
-40
-46
-51
-44
-39
-43
-63
-78
-87
-90
-86
-76
-78
-93
-108
-118
-113
-120
-122
-127
-133
-117
-116
-111
-115
-126
-149
-140
-123
-112
-109
-113
-118
-123
-126
-140
-157
-162
-163
-162
-163
-181
-206
-208
-187
-173
-174
-208
-228
-225
-208
-199
-182
-173
-195
-200
-202
-198
-184
-169
-164
-174
-167
-164
-166
-155
-141
-141
-142
-148
-144
-137
-137
-147
-153
-162
-168
-182
-207
-196
-197
-186
-176
-201
-204
-196
-174
-144
-129
-117
-121
-136
-152
-170
-189
-196
-188
-178
-181
-198
-200
-197
-193
-184
-172
-180
-210
-209
-198
-178
-149
-153
-163
-187
-189
-171
-162
-150
-180
-198
-194
-187
-164
-165
-181
-185
-184
-191
-198
-209
-210
-204
-209
-230
-245
-249
-250
-246
-236
-226
-223
-232
-243
-247
-255
-268
-243
-236
-231
-228
-252
-267
-283
-290
-299
-285
-290
-292
-263
-248
-248
-260
-264
-269
-289
-281
-265
-253
-236
-241
-244
-263
-258
-279
-292
-282
-288
-276
-277
-240
-240
-241
-267
-288
-295
-300
-301
-308
-306
-296
-284
-297
-304
-305
-319
-321
-306
-291
-275
-271
-263
-259
-257
-256
-252
-251
-241
-219
-198
-199
-210
-218
-226
-227
-236
-234
-226
-218
-201
-198
-215
-245
-264
-259
-248
-232
-224
-236
-239
-250
-253
-267
-276
-281
-288
-280
-278
-266
-246
-241
-249
-243
-229
-217
-206
-197
-187
-183
-178
-167
-160
-166
-181
-166
-155
-146
-140
-131
-125
-129
-137
-150
-162
-152
-154
-172
-180
-200
-206
-207
-211
-214
-225
-224
-241
-249
-252
-261
-248
-239
-235
-232
-221
-217
-214
-216
-219
-241
-242
-227
-202
-186
-198
-206
-204
-211
-214
-203
-208
-212
-226
-239
-250
-256
-252
-256
-254
-255
-249
-240
-231
-229
-243
-251
-267
-269
-277
-279
-274
-271
-267
-274
-270
-273
-263
-267
-283
-307
-293
-287
-285
-274
-268
-255
-242
-228
-235
-241
-250
-244
-239
-235
-228
-224
-229
-228
-220
-217
-230
-241
-254
-250
-228
-221
-222
-232
-242
-255
-268
-260
-255
-255
-260
-278
-284
-284
-279
-277
-275
-266
-269
-247
-244
-252
-245
-248
-242
-248
-231
-208
-195
-189
-191
-206
-209
-213
-214
-200
-198
-208
-205
-216
-211
-196
-199
-205
-233
-244
-238
-221
-191
-181
-184
-208
-233
-240
-245
-234
-211
-198
-211
-225
-222
-216
-224
-225
-228
-244
-227
-239
-241
-251
-262
-278
-303
-314
-338
-336
-334
-331
-342
-353
-368
-377
-359
-334
-315
-300
-298
-298
-303
-299
-305
-315
-312
-300
-296
-306
-325
-338
-330
-333
-326
-339
-369
-389
-382
-368
-357
-344
-351
-359
-361
-346
-326
-331
-338
-357
-371
-359
-332
-321
-328
-346
-361
-361
-370
-374
-377
-385
-387
-374
-367
-365
-371
-384
-384
-398
-408
-399
-389
-378
-354
-349
-348
-336
-333
-313
-316
-331
-342
-351
-346
-347
-341
-345
-350
-331
-330
-324
-325
-343
-348
-346
-338
-333
-314
-313
-311
-322
-324
-327
-325
-321
-332
-325
-320
-307
-290
-278
-284
-288
-296
-299
-309
-311
-320
-321
-296
-275
-260
-272
-274
-268
-258
-255
-243
-237
-240
-236
-238
-246
-243
-234
-204
-179
-181
-164
-162
-167
-172
-183
-201
-207
-198
-204
-195
-191
-201
-206
-213
-205
-199
-206
-203
-202
-187
-169
-162
-154
-175
-185
-187
-195
-196
-184
-188
-179
-176
-182
-167
-182
-179
-174
-157
-147
-131
-130
-127
-112
-126
-120
-123
-114
-101
-90
-81
-84
-93
-102
-100
-108
-99
-107
-114
-129
-127
-127
-143
-153
-157
-160
-175
-171
-180
-197
-189
-175
-177
-177
-187
-183
-160
-155
-154
-156
-148
-142
-146
-135
-134
-141
-139
-136
-137
-145
-149
-151
-145
-142
-147
-145
-138
-142
-140
-132
-123
-131
-135
-130
-114
-113
-107
-104
-115
-123
-123
-119
-122
-111
-112
-117
-120
-131
-132
-122
-110
-101
-101
-88
-77
-76
-71
-61
-57
-52
-42
-33
-23
-18
-7
-13
-16
-17
-17
-8
11
16
18
33
38
44
30
37
29
24
29
29
35
44
46
46
37
34
29
19
17
9
11
12
19
26
32
39
45
40
44
50
49
50
60
55
47
34
29
29
28
27
8
10
14
34
50
39
22
-8
-25
-5
20
37
31
14
10
3
11
28
39
35
39
38
29
34
19
23
9
-6
-7
-6
5
14
15
6
-7
-13
-22
-29
-6
10
20
12
0
-7
-8
9
19
30
37
44
35
32
36
26
30
54
59
62
49
29
21
34
50
49
32
10
12
25
48
67
62
71
61
71
85
73
88
64
68
91
106
125
119
118
110
109
105
104
96
81
65
42
29
10
-1
9
16
8
1
2
10
25
21
31
40
51
66
81
81
77
80
73
76
68
80
89
80
95
97
86
80
68
53
49
45
67
90
97
93
94
108
102
95
67
51
49
63
99
120
112
92
88
79
76
79
79
73
73
89
106
113
102
105
105
108
117
127
143
152
153
144
140
136
125
128
135
145
142
136
120
111
99
99
94
91
88
87
72
68
67
64
62
65
59
58
52
62
72
56
50
33
19
-4
-23
-13
-15
-9
-13
-22
-34
-30
-34
-34
-18
-10
4
19
26
29
42
38
33
28
36
35
26
21
18
13
3
2
-1
-6
7
16
6
-2
-4
-4
-21
-50
-53
-63
-65
-74
-82
-90
-86
-74
-66
-57
-54
-54
-50
-52
-62
-77
-93
-70
-54
-50
-52
-47
-42
-40
-42
-30
-37
-40
-30
-25
-24
-27
-40
-44
-38
-31
-31
-38
-35
-46
-50
-58
-67
-73
-82
-93
-88
-90
-79
-77
-66
-61
-73
-61
-52
-40
-29
-28
-29
-17
-13
1
-10
-9
8
14
26
46
55
65
79
82
71
63
71
81
78
68
64
47
48
73
80
68
64
59
48
36
18
-6
-11
-6
-1
9
5
-2
-22
-22
-22
-5
6
11
10
1
1
-7
11
17
15
34
36
43
48
33
13
1
6
20
28
32
19
21
38
42
25
1
-18
-7
14
33
32
33
17
-5
-2
18
54
57
65
66
57
52
64
67
61
52
33
37
40
26
31
20
12
-1
-12
-12
7
1
-4
-20
-33
-42
-36
-4
12
27
38
22
23
10
3
8
23
31
30
31
17
29
34
27
32
22
0
-26
-38
-23
4
20
16
6
11
45
69
78
64
40
27
35
67
79
65
51
40
33
44
46
39
38
34
32
36
34
29
24
28
24
11
29
38
40
54
61
79
80
86
102
108
115
120
119
107
111
122
128
137
134
139
132
132
124
114
113
128
146
144
147
149
159
141
132
133
93
84
84
107
113
104
100
82
86
82
83
77
63
54
49
61
67
65
61
49
45
49
72
80
75
73
70
77
78
90
90
92
116
113
114
109
102
88
77
80
70
85
97
91
91
89
96
89
79
89
82
84
91
105
103
102
102
90
80
79
83
96
113
115
105
94
106
118
113
110
116
130
136
144
146
150
157
172
174
172
179
179
189
189
180
186
187
170
161
169
170
166
140
136
124
117
103
92
92
86
74
61
67
69
78
73
63
64
74
76
103
99
99
101
105
103
114
122
119
117
104
92
108
113
110
113
118
127
111
100
95
92
96
105
104
112
100
103
104
93
90
93
82
63
66
69
70
57
45
41
32
34
27
41
62
73
71
79
82
73
87
93
88
89
92
95
98
97
104
115
127
130
122
111
103
103
124
125
110
100
96
76
75
85
86
80
74
77
61
53
54
44
39
42
35
28
23
22
3
-2
11
32
45
69
83
87
90
95
92
68
58
56
39
36
22
15
28
58
73
58
45
13
9
28
67
101
95
70
44
41
49
45
50
50
62
54
59
55
65
69
60
44
22
12
1
-7
-15
-22
-54
-56
-73
-94
-93
-85
-90
-88
-81
-97
-113
-108
-97
-100
-87
-63
-49
-49
-80
-90
-104
-100
-74
-77
-87
-92
-102
-100
-100
-109
-121
-151
-161
-157
-147
-130
-129
-156
-168
-173
-187
-171
-157
-159
-163
-163
-165
-165
-156
-154
-154
-140
-140
-137
-151
-182
-195
-208
-227
-228
-247
-255
-257
-246
-246
-250
-238
-226
-213
-221
-215
-212
-193
-173
-163
-159
-172
-187
-177
-177
-177
-187
-199
-195
-182
-160
-169
-190
-205
-186
-200
-200
-200
-203
-183
-179
-174
-179
-186
-203
-232
-235
-225
-217
-204
-192
-200
-188
-195
-210
-203
-212
-214
-226
-224
-198
-190
-189
-170
-164
-160
-155
-143
-154
-140
-132
-132
-126
-130
-122
-105
-101
-98
-80
-74
-93
-115
-121
-130
-131
-144
-149
-165
-161
-161
-161
-150
-157
-166
-166
-165
-164
-153
-150
-150
-151
-149
-157
-158
-164
-181
-180
-186
-183
-175
-155
-147
-144
-126
-131
-117
-110
-100
-87
-83
-66
-75
-69
-67
-69
-59
-57
-42
-39
-42
-48
-57
-63
-68
-67
-74
-73
-72
-76
-83
-95
-101
-104
-103
-93
-91
-80
-80
-99
-90
-79
-78
-69
-74
-67
-78
-80
-81
-91
-73
-78
-70
-77
-68
-57
-60
-66
-64
-60
-61
-51
-54
-50
-61
-74
-75
-70
-83
-80
-86
-91
-94
-102
-114
-116
-124
-138
-146
-154
-141
-145
-138
-140
-142
-157
-178
-186
-182
-189
-191
-176
-173
-174
-168
-156
-149
-146
-143
-136
-145
-142
-133
-142
-150
-156
-171
-165
-153
-130
-126
-141
-140
-138
-135
-127
-122
-130
-142
-149
-162
-166
-161
-177
-173
-166
-175
-173
-181
-185
-184
-210
-209
-195
-184
-156
-156
-170
-175
-174
-161
-169
-171
-171
-165
-145
-130
-144
-162
-173
-175
-160
-158
-159
-171
-160
-135
-113
-113
-137
-167
-195
-168
-162
-160
-167
-188
-198
-206
-199
-187
-163
-159
-158
-169
-185
-158
-134
-129
-130
-148
-156
-162
-172
-190
-188
-192
-191
-205
-202
-201
-219
-212
-213
-215
-213
-203
-180
-150
-137
-118
-111
-121
-135
-133
-135
-124
-109
-118
-111
-126
-142
-133
-125
-132
-148
-170
-184
-189
-181
-170
-159
-165
-174
-179
-163
-142
-133
-135
-161
-168
-165
-138
-105
-106
-111
-117
-129
-114
-102
-104
-109
-138
-152
-151
-130
-116
-116
-132
-142
-153
-154
-127
-95
-78
-73
-70
-68
-54
-51
-42
-47
-48
-47
-41
-18
-12
-15
-9
-3
8
13
9
1
2
-6
-6
-1
-7
-7
-19
-16
-6
-1
-3
-7
-13
-22
-14
3
18
26
45
48
47
56
47
44
43
31
41
50
57
53
54
65
61
65
68
65
60
71
83
86
80
82
76
72
76
77
72
88
94
82
74
54
50
41
40
38
39
37
28
25
11
6
16
27
41
37
25
22
8
5
9
9
16
4
8
17
8
16
19
-3
-6
-1
19
36
35
37
33
35
31
17
21
34
46
54
57
61
57
46
28
25
20
11
3
-8
-15
-33
-41
-46
-62
-63
-72
-71
-64
-68
-70
-75
-78
-65
-60
-57
-53
-59
-57
-60
-70
-75
-62
-55
-47
-36
-54
-71
-77
-82
-80
-88
-91
-97
-117
-122
-119
-121
-120
-118
-131
-140
-131
-136
-136
-130
-144
-146
-150
-152
-145
-142
-142
-144
-152
-167
-180
-186
-198
-208
-184
-190
-196
-182
-182
-181
-181
-176
-160
-150
-138
-138
-133
-125
-127
-120
-120
-121
-123
-126
-134
-137
-135
-114
-102
-99
-108
-129
-145
-148
-141
-144
-153
-168
-177
-179
-163
-157
-155
-164
-159
-156
-156
-149
-143
