511
513
506
496
480
464
453
454
447
465
475
474
480
489
500
500
505
506
520
528
546
568
579
577
583
575
568
554
537
529
522
517
488
464
448
448
446
456
463
456
452
441
437
446
460
463
466
467
480
481
489
495
489
469
478
494
499
509
491
480
464
453
455
464
457
443
420
412
415
411
426
415
418
431
430
435
439
440
447
452
442
435
440
438
440
449
449
435
420
417
406
409
425
433
426
419
423
409
405
385
379
381
399
415
400
390
388
400
384
386
393
401
400
405
406
403
397
377
368
374
389
407
398
378
367
367
361
370
388
380
380
366
354
341
334
327
309
306
296
306
315
316
306
307
315
330
357
345
323
316
337
350
348
367
373
366
365
352
343
321
322
327
329
325
309
313
318
343
337
321
300
294
310
338
364
367
355
339
319
325
338
375
397
382
349
328
327
340
351
356
345
331
332
329
328
319
316
293
280
259
243
248
261
256
246
223
207
216
242
265
273
280
304
315
296
290
280
276
284
280
270
262
258
265
290
307
305
291
277
269
261
269
292
302
299
299
312
337
351
364
335
319
328
346
351
362
357
349
346
329
318
302
298
276
258
236
216
217
226
229
216
196
195
192
205
235
247
239
235
229
248
265
274
276
274
265
250
238
240
237
227
242
236
223
212
206
196
209
218
229
237
244
253
244
260
255
238
226
205
216
240
254
251
222
200
191
188
189
194
197
199
223
240
246
243
253
257
244
247
248
245
246
254
263
254
257
269
271
280
285
296
297
291
299
298
311
320
319
331
331
319
299
281
280
265
250
245
234
231
229
239
236
235
234
224
223
237
257
256
259
269
267
275
278
273
271
281
278
276
287
293
296
280
267
263
255
257
257
273
275
273
286
284
272
253
233
234
232
243
237
231
238
233
224
216
209
195
193
191
191
204
213
215
209
216
227
245
258
262
246
230
224
222
215
207
193
180
184
182
187
181
183
197
188
180
178
184
195
204
208
212
217
219
219
213
204
188
193
204
202
198
190
201
196
193
204
213
214
223
239
245
236
233
233
250
264
271
282
292
312
325
329
321
330
336
327
319
334
373
382
388
373
357
361
360
383
398
384
375
382
365
367
378
371
370
377
362
363
365
370
373
361
366
373
400
411
430
438
439
448
450
453
465
490
495
489
476
463
460
470
471
455
452
464
470
488
495
472
452
428
434
458
494
520
521
494
481
492
523
567
580
573
556
545
546
560
562
560
568
582
591
585
575
554
547
542
550
561
566
573
591
617
616
592
595
615
637
667
670
679
684
683
687
680
662
656
668
667
668
678
672
673
690
707
704
695
701
697
692
701
704
714
697
683
670
664
674
687
688
685
707
710
713
738
741
743
741
750
753
749
734
731
716
682
673
662
652
663
658
641
614
607
619
631
649
654
663
685
702
721
742
751
758
754
755
746
752
740
740
760
750
754
732
700
679
692
711
722
729
705
685
682
670
663
642
627
622
621
648
658
653
634
627
615
607
601
586
562
561
579
584
590
614
615
594
581
590
602
612
615
618
624
615
616
605
602
608
627
643
637
622
590
579
581
591
587
578
548
527
514
501
507
508
496
484
481
484
510
541
542
544
550
553
560
551
553
552
552
552
560
564
565
543
531
525
516
513
511
520
535
544
551
555
547
535
535
563
586
591
577
557
525
516
525
517
512
491
490
501
519
519
510
505
493
489
494
509
514
523
523
522
520
518
534
534
531
511
504
510
502
502
495
478
460
458
458
482
506
497
498
499
500
497
494
491
474
476
480
491
492
482
469
457
478
493
493
503
497
505
507
519
540
538
532
529
528
538
552
555
548
543
536
536
539
551
564
563
565
565
582
589
595
594
585
588
600
619
631
626
618
608
609
602
613
625
620
611
592
588
573
568
566
552
559
566
561
553
554
526
517
533
546
557
557
561
555
543
544
567
586
594
613
616
613
594
584
580
578
593
591
591
578
585
605
627
633
623
599
576
580
620
622
625
613
586
573
573
607
610
606
608
605
596
600
620
629
626
613
603
611
621
625
612
584
561
537
531
539
553
552
532
509
483
462
473
479
492
510
518
534
534
529
518
502
510
536
546
543
511
487
482
503
505
494
473
432
417
418
435
463
459
442
435
428
435
432
441
441
439
461
465
484
486
467
452
446
447
442
446
433
409
366
324
291
277
295
313
294
274
270
266
287
324
342
345
347
375
397
396
398
379
373
369
366
366
363
364
376
392
396
379
344
319
324
346
380
408
421
431
435
443
446
433
421
406
407
441
483
476
443
401
360
365
376
379
379
369
366
380
405
397
394
400
417
452
466
478
483
492
477
454
467
466
449
445
444
430
432
430
397
392
410
426
442
441
434
402
386
386
389
400
403
405
382
363
374
383
385
354
336
321
307
306
319
328
323
326
328
336
344
361
370
382
413
439
449
462
451
451
449
438
434
438
439
410
417
411
408
408
409
394
374
391
399
399
396
393
387
384
397
401
388
376
365
368
376
377
358
339
326
320
336
356
388
397
410
410
415
431
442
458
452
444
448
450
430
426
396
376
362
357
368
351
338
324
314
315
319
347
360
361
359
372
386
389
392
396
408
420
438
428
410
412
394
392
402
402
402
399
404
401
399
401
412
409
405
394
403
413
433
452
445
434
436
449
449
446
418
403
377
371
371
386
401
364
350
330
325
340
336
331
326
322
330
338
328
312
298
297
305
286
274
254
229
234
239
245
251
238
235
238
242
243
240
232
243
260
279
284
281
273
258
268
286
287
249
195
176
172
195
217
206
156
130
121
123
155
174
185
190
189
194
203
223
223
221
207
198
181
160
148
145
135
107
89
53
53
70
92
82
63
54
63
82
114
130
149
172
181
197
187
163
142
146
158
153
137
102
86
91
107
104
97
82
57
70
93
131
146
149
142
145
175
192
197
190
172
156
190
203
220
223
195
194
192
205
200
193
186
161
134
119
148
165
175
195
201
198
209
230
237
247
254
262
266
277
273
279
271
255
257
256
269
264
266
270
286
296
282
250
227
216
214
230
246
261
255
262
266
261
245
228
202
177
192
201
210
203
189
164
177
189
209
213
201
200
194
220
240
241
230
241
259
266
262
252
249
249
252
257
259
280
292
295
297
292
301
301
294
292
276
281
289
282
279
271
257
232
217
206
198
197
195
186
169
171
172
164
152
164
153
155
184
192
193
183
194
191
190
187
174
175
179
180
172
169
162
161
168
168
163
173
169
162
174
177
176
166
151
151
163
164
158
141
140
143
143
136
137
133
114
128
119
118
132
147
172
176
193
199
221
240
249
254
259
272
268
274
286
292
281
270
263
265
259
251
248
247
250
228
212
200
216
225
240
256
242
246
239
242
242
260
245
221
219
230
247
231
224
199
188
190
192
183
179
186
192
196
200
214
226
238
242
240
235
242
245
233
229
234
234
231
221
220
246
257
253
240
240
243
252
271
265
277
257
257
260
265
261
257
254
239
217
210
210
194
189
179
175
156
130
117
114
125
145
160
169
163
165
150
140
134
127
127
128
119
101
69
56
77
106
126
121
96
56
35
45
76
113
117
91
59
53
68
82
111
116
112
102
106
120
138
142
131
135
133
140
156
150
145
131
106
86
90
89
103
119
110
100
83
68
94
117
130
137
156
159
168
173
152
144
141
158
185
184
190
197
200
206
200
201
187
177
179
181
184
201
219
236
248
263
276
284
296
300
304
292
290
300
303
313
311
295
304
301
311
313
316
309
284
265
263
264
278
307
281
267
271
293
322
341
352
352
360
372
375
377
382
396
421
431
431
410
413
433
455
467
455
445
435
443
462
474
491
505
509
517
506
522
519
499
472
458
485
498
515
515
516
498
482
467
471
468
469
479
496
500
501
500
512
518
530
535
525
525
526
544
533
536
525
510
499
493
499
520
544
542
540
517
520
514
499
486
475
462
451
462
447
431
404
390
383
409
423
432
438
424
413
415
442
459
467
460
445
450
462
464
459
442
442
446
445
454
443
438
443
451
453
437
422
409
407
407
425
432
428
413
399
392
411
420
415
403
396
410
405
423
439
431
417
408
412
417
425
422
405
427
436
449
451
457
493
498
499
499
491
489
496
505
501
506
513
494
484
483
478
468
460
473
474
464
452
449
450
450
461
486
491
481
471
452
434
426
412
426
450
452
441
399
372
356
362
381
389
403
405
421
417
426
436
441
439
444
462
470
476
477
492
485
469
447
446
457
457
428
410
397
397
403
405
422
415
399
371
359
348
345
342
341
336
310
293
286
294
303
279
256
245
252
255
243
247
253
251
266
267
273
286
291
304
293
297
293
284
269
254
219
202
215
215
227
222
204
178
164
151
163
182
203
195
168
143
133
153
183
201
183
174
153
144
162
171
178
169
152
148
154
163
155
150
133
133
124
133
169
187
191
192
178
174
186
201
227
224
231
248
237
216
188
185
192
214
219
210
202
191
205
239
269
264
225
199
198
223
255
255
242
219
208
223
233
233
221
212
198
202
227
238
233
212
213
213
218
210
210
209
203
183
178
176
161
158
159
149
144
141
132
144
153
164
171
181
199
204
206
215
240
260
273
277
282
262
265
290
301
290
249
209
190
193
208
240
251
226
207
205
223
230
215
194
181
173
182
208
217
215
213
194
189
202
190
167
149
147
144
157
170
174
168
162
153
155
163
165
172
167
184
181
167
170
154
132
140
154
148
132
115
97
80
77
74
65
59
57
59
56
52
44
45
55
73
87
99
98
102
123
141
142
133
137
137
147
131
128
126
129
133
127
136
142
161
177
203
221
227
226
226
224
218
206
207
220
226
233
208
183
176
170
186
178
171
163
166
156
149
154
159
168
180
180
196
210
196
203
197
198
192
189
203
203
202
195
186
178
182
178
169
182
201
224
231
221
226
247
271
300
309
308
300
311
322
334
326
311
313
328
347
351
361
345
338
340
346
351
352
346
347
373
390
395
391
402
421
440
442
442
448
442
448
449
479
499
500
507
512
516
516
527
531
539
532
541
544
529
518
522
537
541
543
529
508
500
503
507
513
508
498
479
460
451
469
475
468
477
492
505
512
519
526
545
551
577
576
574
573
571
560
547
535
548
557
550
546
536
535
544
558
561
559
534
502
490
489
524
543
544
523
494
478
484
505
510
518
511
492
478
471
477
476
451
451
445
434
435
433
431
426
401
373
360
372
379
377
370
349
324
296
278
300
321
327
339
343
345
355
366
343
321
302
310
316
318
316
303
298
293
305
319
325
295
274
264
267
270
283
298
277
253
248
253
264
270
263
242
229
227
238
240
233
248
234
226
206
200
191
162
128
112
95
88
95
97
91
89
91
106
126
132
137
135
136
156
171
174
173
153
166
178
166
143
122
139
141
149
139
113
90
61
57
79
95
92
82
72
65
59
66
46
24
23
36
59
60
53
30
26
24
37
40
29
27
18
37
47
61
78
100
96
96
105
120
133
127
119
95
90
89
90
104
105
103
92
92
81
75
77
70
71
78
71
68
61
54
60
49
47
24
23
26
8
8
7
15
13
12
7
9
10
12
13
2
-2
-1
13
10
3
10
21
24
17
24
36
53
53
49
41
26
25
29
37
37
28
35
37
45
56
50
68
85
81
70
67
85
103
108
98
87
81
93
111
120
118
120
107
113
133
159
189
189
203
212
214
214
220
232
224
224
218
211
199
192
187
176
173
165
151
147
159
162
157
157
157
185
200
200
204
199
209
226
245
251
241
242
233
221
227
229
247
258
253
253
251
242
231
244
253
261
269
268
271
279
283
280
299
314
322
312
284
259
250
252
252
241
229
223
191
180
190
187
188
199
195
164
154
158
155
143
140
139
133
125
130
111
102
105
100
115
121
117
99
87
98
94
105
121
121
111
112
118
108
103
114
109
120
125
107
101
96
101
104
88
43
-9
-18
-3
28
58
42
15
-1
-9
13
43
69
70
66
42
27
57
59
86
92
81
71
62
59
43
33
20
-3
-16
10
27
43
58
37
10
10
37
67
95
108
121
131
131
130
125
126
118
117
107
87
82
68
85
117
112
108
94
83
103
141
168
153
130
129
142
196
228
231
206
165
153
146
198
235
235
206
180
166
152
155
150
142
129
104
86
77
77
80
62
64
75
79
91
113
120
138
156
167
163
169
178
179
181
182
176
177
202
224
229
221
238
222
218
218
218
234
259
263
252
261
262
262
248
236
209
200
206
221
241
249
257
249
260
268
272
264
263
253
232
237
258
262
260
253
240
250
262
267
262
250
244
241
236
248
266
269
262
261
252
244
246
234
226
220
229
225
213
200
177
162
164
180
178
180
169
158
166
180
209
216
232
234
244
265
280
284
301
313
336
331
331
319
322
340
355
375
373
371
366
382
401
404
403
410
418
414
425
446
457
453
437
426
416
411
404
391
405
407
410
402
403
395
386
391
389
399
404
414
406
403
405
411
425
438
437
442
439
433
437
455
472
494
510
513
525
530
521
507
503
503
517
535
538
537
548
553
547
539
546
536
539
559
583
607
605
588
561
559
572
577
586
586
590
582
584
610
617
631
639
632
646
658
654
658
654
645
665
665
673
691
694
693
688
688
698
696
662
647
649
654
663
652
635
619
624
619
594
576
566
561
558
558
549
540
517
502
504
487
493
490
486
490
473
469
472
454
450
459
469
481
474
458
437
409
395
403
408
397
373
340
342
364
392
391
375
345
319
329
361
390
404
389
357
327
336
368
414
428
409
390
384
399
414
422
409
403
384
377
386
387
375
359
338
331
343
345
330
333
352
351
335
311
296
309
347
375
374
385
381
378
387
387
364
347
349
346
355
348
343
335
323
313
309
284
279
279
275
278
285
298
304
299
300
291
289
304
317
333
329
328
319
305
313
336
372
378
358
345
327
308
296
277
251
250
272
301
307
280
258
249
264
301
329
350
350
362
378
392
405
409
410
421
428
424
417
410
420
437
431
397
369
340
332
338
366
386
381
370
358
350
344
339
323
317
314
306
302
316
326
313
285
277
275
277
268
269
272
285
291
298
304
306
313
324
339
348
350
348
347
335
333
338
346
334
326
339
342
331
308
290
275
281
292
293
288
293
296
308
313
312
305
281
266
276
291
317
338
334
322
308
301
294
294
283
288
268
269
281
284
298
311
328
321
311
325
337
332
347
349
333
322
324
317
317
320
328
317
305
303
300
306
312
320
323
328
328
328
339
355
355
360
350
336
342
362
387
379
347
335
338
351
366
376
369
347
353
359
365
370
361
369
371
376
390
391
384
361
353
349
361
386
385
392
393
393
384
380
373
364
383
401
413
418
408
400
388
387
406
407
394
383
377
370
373
392
386
381
379
375
384
389
398
384
369
355
354
362
373
396
399
384
367
352
351
356
376
388
381
378
366
341
320
330
355
353
350
335
323
336
338
341
354
377
380
372
370
371
361
354
357
376
390
395
375
360
358
358
374
369
387
392
413
418
413
395
375
389
390
391
387
374
369
372
390
397
376
347
342
349
373
391
387
354
324
319
343
375
404
415
405
409
411
421
450
470
475
467
440
411
403
421
433
425
415
394
362
365
374
393
404
377
365
365
382
394
412
425
419
424
420
419
408
405
412
412
397
368
340
340
358
359
346
319
308
303
303
318
310
304
295
293
309
341
370
392
383
354
338
342
378
417
436
435
415
411
395
379
352
322
296
278
263
243
242
242
245
223
216
202
198
214
233
241
240
231
226
232
239
242
234
217
207
215
212
215
211
211
207
199
188
173
167
163
187
200
195
191
169
173
164
145
135
123
126
138
145
148
141
132
128
121
110
106
106
119
134
153
162
169
172
152
153
160
167
168
164
153
148
143
134
137
134
135
130
135
139
128
106
92
74
67
68
51
41
23
20
20
-1
-36
-58
-59
-64
-74
-78
-69
-66
-80
-92
-88
-80
-62
-50
-52
-41
-39
-41
-40
-39
-23
-22
-28
-18
-13
-7
-19
-13
5
10
-2
-25
-30
-53
-49
-47
-44
-54
-66
-70
-86
-102
-91
-85
-80
-68
-61
-71
-75
-77
-86
-85
-86
-89
-94
-88
-84
-74
-71
-70
-56
-33
-15
4
7
0
3
8
34
48
51
44
40
40
27
8
-1
11
14
25
35
43
37
34
36
41
41
33
38
41
53
73
80
76
65
61
57
70
90
94
89
87
91
79
77
89
97
92
81
82
96
102
108
122
125
132
144
149
158
166
167
150
154
162
168
168
168
173
157
139
155
159
148
134
115
105
106
120
130
132
130
115
94
74
62
51
52
76
85
65
37
18
17
33
42
50
55
64
56
48
41
26
20
11
28
35
35
36
26
42
58
88
92
66
43
32
68
108
138
127
117
91
98
132
149
165
178
177
162
184
203
251
275
279
269
249
248
257
277
281
265
250
231
223
231
236
246
260
257
232
240
238
257
295
312
310
315
329
331
333
325
326
323
330
346
338
318
301
293
273
267
271
272
272
264
263
263
277
299
307
314
329
347
360
370
380
400
405
392
374
359
372
392
393
389
372
358
349
354
373
358
337
336
344
367
377
371
377
374
381
378
381
384
380
385
400
415
404
400
392
391
384
377
369
376
387
388
386
371
352
331
325
324
346
344
338
328
311
303
304
291
254
227
217
230
251
253
254
254
250
263
262
253
236
221
228
240
240
231
214
222
238
231
219
196
178
163
174
172
158
146
140
144
145
158
169
173
155
126
105
103
95
85
60
32
13
13
7
14
12
0
2
-1
3
20
45
60
73
74
60
56
63
62
48
38
26
46
48
50
45
32
36
48
62
63
57
49
63
77
84
75
64
49
58
64
80
89
58
22
-1
-9
-14
-24
-50
-66
-64
-54
-39
-36
-49
-70
-66
-49
-30
-31
-28
-36
-60
-51
-26
-1
23
22
20
29
32
46
49
31
28
39
29
24
36
29
39
38
36
43
46
44
45
59
79
88
83
81
86
91
80
82
80
67
46
25
27
39
45
37
14
-4
-16
-3
19
47
63
66
60
65
64
65
60
55
55
57
67
75
72
65
61
48
45
43
29
28
39
20
20
27
15
9
3
6
8
16
25
2
-7
-16
-25
-23
-34
-42
-51
-42
-25
-29
-38
-28
-37
-52
-59
-69
-61
-64
-65
-72
-61
-33
-28
-19
-24
-50
-58
-64
-59
-64
-82
-117
-130
-113
-98
-90
-87
-102
-136
-141
-139
-108
-89
-89
-106
-128
-138
-126
-98
-70
-60
-47
-49
-45
-15
5
20
22
17
-7
-11
-14
-21
-11
-21
-44
-68
-74
-67
-43
-34
-19
-35
-54
-49
-27
13
38
54
56
63
44
30
20
24
36
32
23
13
-12
-26
-14
-12
-4
-12
-22
-18
-26
-26
-37
-56
-72
-70
-53
-27
-4
-11
-29
-53
-66
-59
-30
3
25
26
7
-4
3
21
27
24
23
2
-7
-6
-10
-2
-15
-18
-19
-9
11
7
5
-1
15
28
27
37
37
22
23
28
12
7
-4
-3
6
4
7
-4
-15
-15
-26
-28
-21
-16
-9
-5
-3
-7
-18
-24
-19
-24
-33
-26
-7
-8
-14
-19
-13
1
3
-12
-32
-57
-68
-54
-44
-30
-27
-31
-55
-59
-47
-27
-11
-20
-31
-40
-41
-36
-29
-34
-28
-19
-18
-30
-52
-53
-67
-68
-72
-82
-83
-78
-81
-98
-119
-143
-163
-148
-138
-131
-112
-111
-109
-117
-118
-114
-115
-122
-115
-102
-102
-113
-127
-126
-134
-133
-118
-114
-111
-92
-91
-87
-83
-81
-63
-57
-57
-56
-68
-74
-58
-42
-34
-45
-58
-71
-73
-87
-93
-75
-69
-70
-72
-68
-88
-101
-100
-85
-81
-74
-71
-51
-37
-19
-33
-29
-28
-25
2
10
12
17
44
51
52
50
46
46
55
74
83
81
85
81
91
104
102
123
126
120
124
129
132
126
129
141
157
170
169
156
154
156
156
151
156
148
141
147
171
185
194
195
182
179
186
210
218
229
228
237
242
245
254
251
254
245
242
250
254
246
241
237
238
225
220
233
240
242
249
261
238
225
219
217
216
208
209
181
160
152
165
167
163
168
179
177
173
160
143
138
165
179
177
173
165
167
157
154
139
137
120
108
86
79
87
95
104
95
73
29
4
6
32
85
112
106
83
51
69
93
122
148
127
96
75
66
92
129
139
111
67
45
49
79
103
93
75
44
27
19
17
31
55
59
58
50
57
89
99
125
152
176
197
206
212
208
202
191
186
191
186
181
177
171
175
176
172
175
173
165
163
171
168
186
184
181
187
189
200
203
214
241
243
231
208
205
223
238
251
246
233
225
238
248
248
216
182
168
161
190
220
214
199
178
187
210
237
266
263
264
273
291
313
329
345
356
368
366
353
337
331
334
354
359
335
300
275
264
284
300
295
281
286
291
289
291
276
256
245
253
270
271
280
268
247
275
272
260
237
243
264
273
291
296
317
322
314
299
311
322
331
329
325
325
319
303
277
266
270
282
292
295
293
273
245
237
223
218
216
217
197
177
158
150
158
159
157
150
149
157
168
184
185
168
157
149
173
196
181
167
163
151
176
178
160
164
151
162
173
177
176
177
175
163
152
137
114
101
103
130
133
138
133
114
98
105
122
136
130
121
122
115
130
141
146
151
153
157
171
192
197
189
195
192
200
221
222
222
227
235
243
256
256
261
248
251
252
249
264
253
245
228
215
209
203
192
191
191
182
193
199
197
184
170
186
196
199
201
172
159
159
156
170
148
124
97
105
101
99
111
104
95
104
124
142
162
156
158
128
111
124
133
124
109
103
82
85
61
47
44
53
53
33
31
32
26
32
40
18
9
6
-10
-38
-23
-16
-16
-12
-21
-17
-38
-22
-8
-15
-6
-5
1
-1
2
-26
-46
-37
-54
-66
-57
-49
-45
-56
-74
-97
-101
-90
-89
-104
-120
-137
-157
-150
-125
-106
-118
-157
-171
-174
-175
-144
-127
-110
-130
-148
-140
-113
-67
-55
-39
-30
-38
-39
-22
-2
20
25
21
-1
-7
-17
-15
13
2
-15
-39
-45
-21
-19
-4
-7
-25
-24
-15
18
35
49
64
75
86
86
72
55
73
81
65
52
29
10
23
62
83
61
53
27
22
25
35
43
28
24
18
43
73
89
68
71
88
123
140
169
161
169
157
156
144
133
132
122
125
109
90
95
96
101
101
90
76
75
78
104
129
146
125
126
133
156
156
173
185
195
191
176
177
190
193
203
230
216
194
170
153
165
197
200
201
175
208
219
187
157
149
172
159
168
159
173
183
192
203
224
212
198
193
225
218
233
250
275
262
262
256
256
254
288
312
283
270
261
291
281
276
254
268
247
239
257
257
223
201
207
195
176
139
156
157
157
149
144
134
106
106
95
110
136
148
157
138
149
148
142
155
176
181
172
177
174
175
172
178
167
193
197
217
228
239
240
237
247
258
286
271
270
264
298
304
281
262
242
245
237
215
219
220
222
214
194
181
207
207
215
188
206
217
216
222
231
248
267
278
273
285
287
305
305
316
339
346
337
334
319
344
363
335
299
330
347
353
349
325
315
338
350
346
369
366
366
363
385
390
363
328
331
353
363
348
336
339
343
337
313
340
340
333
314
321
343
366
345
316
295
323
357
373
362
376
373
344
330
326
323
333
347
339
344
340
334
338
377
356
354
340
332
324
358
377
339
297
277
299
298
283
258
273
294
287
268
273
253
249
237
239
252
261
280
292
336
359
342
327
314
295
299
280
293
275
257
262
282
276
270
260
205
162
214
255
274
285
296
300
281
240
196
223
279
309
279
236
230
277
312
292
205
165
187
223
245
260
288
291
265
226
223
243
239
222
205
244
265
275
266
265
272
294
318
278
271
251
245
238
244
247
249
254
240
241
226
217
207
192
169
205
225
228
211
194
234
243
239
221
209
228
247
276
296
302
331
300
273
223
241
308
316
310
287
305
318
289
242
228
199
214
189
218
283
300
270
249
279
307
307
253
258
302
313
314
291
276
290
313
332
338
329
294
278
262
258
248
222
230
246
283
285
264
227
193
179
167
192
222
193
175
192
212
232
216
178
177
194
193
209
208
213
178
147
129
148
182
204
236
255
230
234
223
191
187
127
107
138
190
224
200
170
175
166
161
134
122
54
80
131
155
138
43
-3
21
62
45
17
89
123
146
147
83
94
71
16
35
55
27
16
25
43
51
45
5
15
61
30
20
-60
-67
-47
-8
33
27
40
61
-7
-16
4
45
7
-3
55
43
30
-25
35
48
28
-35
-75
-40
11
36
1
36
42
-2
34
35
-2
-14
29
44
10
-13
-25
65
169
83
148
156
136
146
119
78
21
21
49
99
197
134
97
106
98
174
129
106
128
157
208
241
178
125
94
127
111
110
162
217
285
268
226
258
229
211
211
239
293
224
204
234
266
316
267
191
176
236
370
396
310
267
301
318
208
183
253
310
298
279
305
371
331
287
233
218
231
244
293
291
315
267
239
173
100
81
212
296
251
223
254
351
296
171
158
203
169
163
227
276
259
211
160
219
254
234
184
183
156
222
153
118
130
154
183
112
200
187
241
154
76
93
106
241
218
203
183
66
108
77
-3
-66
-75
29
124
56
1
67
71
10
4
-114
-82
-2
9
33
17
55
-37
-26
-100
-78
-50
38
49
57
67
-17
-25
-35
-77
-34
9
74
29
-61
3
-37
46
65
-121
-149
17
80
141
101
25
-8
-116
-180
-157
-16
-59
-80
47
155
73
-17
-14
-76
-110
-89
60
166
194
81
142
91
19
-94
-159
-84
51
140
153
-5
-17
78
10
-23
-58
-109
-125
-17
49
139
83
43
-1
67
44
-13
-99
-90
-22
54
-2
10
58
123
93
33
-66
-61
1
-91
-51
-72
3
21
49
-21
-23
-26
-58
-118
-146
-119
-47
0
25
16
8
-20
23
-15
-47
-59
15
31
-43
-35
-26
-17
-43
-26
-66
-116
-51
-39
22
25
7
-57
-19
15
-25
16
79
80
61
3
13
-8
-46
-35
-15
0
27
-1
-39
8
40
89
-28
-108
-94
78
98
98
103
154
114
66
50
64
148
122
85
24
106
220
166
102
97
57
101
95
99
103
240
262
240
283
253
205
130
178
241
334
318
345
349
286
203
162
149
161
230
266
336
376
424
349
305
250
244
255
273
302
342
338
316
342
308
267
363
380
361
382
342
354
409
375
329
447
442
487
554
485
418
426
384
339
322
338
407
429
487
493
463
395
341
385
462
455
405
392
424
489
496
400
308
424
436
468
444
417
433
463
459
411
402
408
423
461
474
449
416
369
374
315
329
391
460
450
477
525
488
449
372
336
336
381
425
409
386
396
387
372
326
234
182
240
261
229
278
309
341
289
298
242
268
285
250
256
285
360
358
355
275
305
269
304
316
280
231
261
260
249
246
229
237
253
296
260
181
120
120
144
209
304
305
259
264
242
237
266
303
241
207
213
229
247
269
256
230
210
176
134
155
196
222
110
118
105
148
131
104
134
157
160
111
155
146
198
163
152
205
226
192
156
153
211
211
191
204
227
262
263
232
215
185
141
154
225
221
197
183
187
232
212
230
296
294
271
303
308
341
344
301
272
253
256
258
287
348
328
322
283
304
325
363
267
178
147
191
219
224
261
249
274
310
348
328
314
299
344
328
301
279
276
253
252
239
238
246
260
279
300
301
314
315
293
259
174
211
249
277
269
202
205
251
241
192
157
168
191
205
173
204
205
193
164
199
262
279
256
244
269
260
253
213
223
256
228
175
183
228
206
129
83
68
78
85
91
90
133
178
173
134
134
125
69
39
51
43
18
39
47
50
23
-7
-71
-90
-85
-98
-106
-61
-13
-3
-4
-3
-38
-29
-4
27
26
49
110
102
50
40
69
71
78
77
128
148
156
92
78
81
16
-33
1
30
75
97
106
94
16
-40
22
30
14
7
43
92
68
65
55
25
-67
-93
-98
-50
13
88
85
54
42
63
65
40
24
29
4
-16
-4
32
16
-36
3
92
116
62
37
72
42
-88
-118
-61
57
63
9
50
133
96
-24
-115
-27
66
78
84
129
203
150
-1
-63
-25
-45
-121
-127
-22
61
50
-34
-73
-35
-4
-29
-30
72
105
37
-38
-37
46
29
-24
-41
12
86
101
-41
-167
-203
-177
-201
-261
-219
-160
-157
-159
-62
-12
-52
-146
-217
-191
-128
-110
-107
-84
-27
-60
-140
-147
-142
-248
-306
-307
-263
-147
-102
-112
-148
-134
-104
-137
-209
-225
-262
-278
-283
-215
-83
-16
-66
-152
-180
-215
-375
-547
-567
-450
-384
-382
-332
-264
-203
-277
-362
-407
-426
-484
-519
-419
-284
-244
-320
-349
-327
-323
-374
-354
-240
-179
-237
-342
-390
-392
-391
-454
-503
-436
-347
-271
-270
-333
-365
-427
-546
-593
-544
-470
-440
-415
-309
-240
-280
-380
-423
-390
-353
-327
-385
-365
-342
-339
-378
-444
-462
-450
-491
-502
-434
-333
-251
-247
-266
-207
-105
-60
-108
-202
-159
-149
-247
-364
-348
-294
-323
-348
-302
-238
-248
-254
-211
-130
-1
0
-76
-100
-14
3
-101
-172
-215
-204
-197
-217
-241
-226
-263
-326
-330
-272
-239
-292
-295
-191
-80
-16
-77
-132
-117
-114
-181
-223
-199
-188
-207
-281
-280
-305
-335
-356
-353
-372
-328
-250
-264
-318
-409
-408
-396
-405
-465
-471
-442
-408
-412
-408
-390
-351
-349
-427
-454
-477
-530
-559
-568
-557
-511
-463
-410
-373
-384
-429
-461
-430
-372
-376
-446
-447
-429
-421
-415
-445
-433
-394
-399
-401
-398
-363
-346
-364
-375
-347
-305
-298
-319
-360
-384
-413
-445
-528
-523
-471
-412
-368
-351
-334
-334
-365
-441
-473
-443
-417
-420
-379
-273
-199
-254
-356
-446
-561
-617
-619
-640
-616
-602
-540
-525
-523
-488
-538
-615
-641
-595
-569
-565
-604
-591
-575
-630
-728
-844
-916
-931
-953
-977
-970
-921
-900
-918
-887
-833
-790
-802
-800
-789
-765
-798
-824
-863
-886
-813
-790
-781
-784
-809
-819
-809
-815
-804
-721
-689
-643
-575
-472
-466
-528
-507
-453
-410
-427
-407
-363
-328
-334
-401
-439
-491
-521
-537
-542
-483
-469
-458
-429
-383
-329
-297
-279
-253
-201
-156
-154
-224
-286
-290
-310
-321
-356
-414
-450
-473
-517
-571
-580
-582
-585
-567
-548
-533
-500
-513
-591
-653
-712
-753
-830
-891
-852
-820
-846
-881
-891
-927
-1014
-1107
-1159
-1169
-1151
-1182
-1213
-1156
-1098
-1162
-1323
-1411
-1383
-1359
-1420
-1482
-1411
-1272
-1213
-1248
-1252
-1215
-1229
-1330
-1425
-1397
-1335
-1326
-1337
-1223
-1029
-895
-861
-898
-841
-717
-640
-623
-621
-606
-613
-608
-649
-728
-824
-899
-995
-1065
-1046
-891
-693
-550
-385
-204
-48
10
66
98
42
-55
-167
-222
-282
-418
-536
-640
-683
-728
-767
-758
-687
-578
-479
-410
-368
-309
-280
-278
-326
-393
-442
-505
-586
-716
-870
-1035
-1126
-1119
-1084
-1055
-1035
-977
-903
-929
-1040
-1076
-1061
-1079
-1142
-1167
-1149
-1113
-1137
-1174
-1238
-1319
-1486
-1619
-1667
-1608
-1554
-1575
-1519
-1434
-1374
-1401
-1459
-1496
-1507
-1442
-1303
-1072
-807
-565
-360
-270
-276
-352
-484
-662
-895
-1063
-1110
-1044
-963
-923
-890
-843
-849
-855
-826
-742
-604
-424
-204
9
185
247
232
156
80
-41
-173
-331
-432
-481
-560
-585
-590
-611
-616
-601
-583
-505
-423
-322
-239
-196
-156
-105
-60
-88
-181
-274
-381
-501
-616
-741
-832
-862
-842
-819
-784
-764
-760
-718
-711
-756
-790
-814
-772
-738
-791
-892
-979
-1053
-1088
-1108
-1123
-1116
-1124
-1136
-1176
-1208
-1288
-1433
-1597
-1704
-1728
-1723
-1697
-1647
-1552
-1429
-1229
-934
-565
-146
206
413
510
473
286
-91
-539
-899
-1136
-1235
-1216
-1059
-874
-730
-664
-580
-473
-392
-296
-122
115
367
596
747
788
707
509
259
23
-205
-372
-475
-534
-508
-428
-317
-201
-173
-149
-80
-18
-7
-40
-22
21
78
122
170
191
171
120
27
-41
-122
-225
-322
-369
-336
-288
-227
-179
-165
-160
-182
-253
-381
-498
-588
-646
-669
-668
-604
-493
-428
-410
-409
-410
-465
-596
-789
-955
-1056
-1100
-1122
-1157
-1226
-1278
-1310
-1366
-1371
-1218
-973
-721
-396
29
492
860
1056
1033
816
477
78
-312
-657
-884
-949
-864
-656
-397
-167
12
97
103
69
64
142
272
418
581
708
791
858
811
659
454
227
-6
-148
-190
-134
-22
125
262
309
308
272
168
15
-112
-183
-181
-81
89
284
507
657
700
674
598
456
255
45
-62
-105
-91
-37
-19
-4
-58
-172
-286
-423
-509
-537
-534
-495
-402
-263
-114
-29
-88
-196
-313
-451
-620
-795
-884
-918
-993
-1130
-1269
-1324
-1361
-1402
-1419
-1326
-1080
-696
-265
161
620
1067
1292
1174
775
294
-162
-674
-1149
-1495
-1569
-1350
-967
-535
-183
17
97
109
101
84
104
216
404
582
680
731
718
565
253
-72
-313
-478
-589
-595
-464
-227
18
198
294
301
206
64
-95
-207
-257
-259
-164
25
247
435
621
710
647
475
280
126
-7
-87
-135
-98
-3
70
100
55
-74
-309
-543
-702
-773
-772
-709
-563
-365
-188
-79
-23
4
-77
-246
-458
-656
-856
-1075
-1248
-1323
-1375
-1494
-1621
-1720
-1712
-1603
-1338
-885
-223
626
1434
1913
1923
1581
1034
299
-623
-1517
-2113
-2233
-2012
-1567
-1027
-562
-244
-114
-102
-93
2
208
510
799
1033
1183
1215
1053
655
112
-397
-805
-1084
-1173
-1033
-722
-372
-96
168
436
558
524
315
90
-76
-135
-77
45
200
327
409
453
433
326
199
42
-66
-113
-64
55
188
243
237
188
84
-87
-314
-492
-599
-624
-635
-614
-494
-317
-161
-107
-68
-18
0
-71
-222
-367
-551
-774
-1054
-1321
-1513
-1665
-1789
-1844
-1770
-1508
-1075
-582
-36
628
1422
2060
2189
1859
1307
667
-137
-1032
-1721
-2008
-1960
-1709
-1304
-780
-282
66
243
314
395
583
894
1192
1328
1300
1224
1053
708
203
-346
-753
-1068
-1198
-1084
-739
-271
125
448
705
878
874
695
442
175
-13
-111
-72
95
269
369
428
442
396
301
236
271
313
296
326
388
452
426
246
2
-228
-438
-589
-675
-660
-553
-427
-263
-79
66
205
357
399
349
204
28
-180
-517
-891
-1207
-1463
-1614
-1751
-1838
-1762
-1560
-1271
-871
-308
408
1178
1844
2165
2035
1591
982
222
-682
-1554
-2081
-2190
-2011
-1675
-1269
-802
-402
-97
151
415
786
1185
1506
1635
1549
1286
913
381
-282
-878
-1285
-1468
-1479
-1312
-963
-524
-142
153
428
659
766
736
615
455
230
-26
-252
-427
-536
-617
-634
-548
-421
-283
-121
43
207
361
501
585
519
330
81
-166
-386
-597
-817
-951
-990
-1009
-978
-818
-564
-314
-186
-178
-155
-157
-219
-254
-341
-455
-604
-895
-1218
-1533
-1804
-2020
-2169
-2103
-1750
-978
268
1589
2433
2528
2200
1807
1183
169
-970
-1776
-2044
-1951
-1567
-1013
-548
-387
-520
-725
-763
-438
268
1157
1961
2486
2784
2808
2354
1391
187
-913
-1684
-2059
-2010
-1488
-724
-84
311
544
744
872
829
689
512
414
423
490
510
387
138
-146
-392
-635
-798
-783
-620
-399
-169
176
629
1022
1188
1091
866
530
141
-222
-531
-736
-925
-1051
-1055
-942
-780
-634
-537
-466
-393
-286
-130
-21
-72
-242
-470
-687
-957
-1313
-1673
-1972
-2182
-2307
-2260
-1835
-899
382
1594
2245
2269
2001
1619
923
-167
-1307
-2025
-2165
-1935
-1515
-1032
-676
-576
-705
-891
-905
-577
140
1024
1760
2250
2526
2486
1917
839
-360
-1322
-1908
-2124
-1917
-1350
-657
-126
181
407
542
573
495
420
352
278
285
359
346
120
-256
-548
-723
-857
-905
-816
-586
-349
-99
256
618
864
928
865
700
365
-61
-428
-685
-934
-1162
-1317
-1300
-1164
-969
-781
-620
-476
-348
-177
-67
-91
-261
-509
-770
-1039
-1296
-1514
-1705
-1946
-2181
-2260
-2083
-1561
-621
549
1543
2000
2010
1874
1515
748
-388
-1434
-1967
-2019
-1759
-1355
-998
-790
-768
-810
-779
-528
54
852
1601
2064
2294
2313
2017
1275
304
-602
-1260
-1604
-1622
-1297
-730
-142
224
365
363
369
425
500
555
571
550
546
459
222
-132
-460
-672
-798
-826
-680
-395
-96
160
378
624
782
828
803
709
533
282
-44
-402
-756
-1076
-1293
-1301
-1150
-934
-731
-569
-449
-372
-301
-270
-333
-427
-527
-598
-718
-900
-1163
-1512
-1918
-2266
-2442
-2379
-1957
-1077
97
1104
1589
1645
1632
1440
797
-195
-1078
-1482
-1500
-1349
-1122
-942
-967
-1172
-1387
-1455
-1216
-519
482
1399
1970
2206
2210
1860
1102
134
-700
-1201
-1380
-1273
-917
-435
-24
178
146
20
-33
91
388
646
747
776
817
731
357
-250
-807
-1155
-1323
-1301
-1016
-560
-138
185
437
671
821
901
907
839
650
396
146
-146
-568
-1056
-1419
-1541
-1443
-1227
-962
-726
-541
-431
-369
-291
-308
-342
-363
-419
-481
-615
-831
-1092
-1453
-1844
-2057
-1959
-1461
-665
117
666
871
949
1035
932
569
8
-404
-519
-402
-238
-163
-236
-519
-933
-1261
-1265
-817
-7
871
1552
1949
2091
1955
1482
756
-13
-611
-835
-720
-397
-18
285
447
421
253
101
177
504
903
1178
1302
1335
1243
912
349
-274
-773
-1038
-1043
-842
-562
-293
-110
9
177
487
860
1163
1347
1422
1430
1299
943
349
-361
-1001
-1451
-1633
-1559
-1253
-882
-624
-541
-566
-483
-337
-229
-205
-230
-183
-110
-115
-283
-625
-1103
-1595
-1875
-1697
-1008
-161
377
513
497
556
604
416
-1
-361
-466
-300
-41
131
155
-20
-437
-967
-1310
-1121
-324
710
1544
2022
2129
1979
1594
919
85
-659
-995
-807
-339
83
373
481
313
-19
-269
-190
262
877
1433
1833
1992
1871
1424
712
-112
-824
-1199
-1187
-888
-493
-136
48
-8
-193
-263
-44
391
843
1268
1635
1818
1696
1229
485
-352
-1103
-1544
-1564
-1286
-880
-532
-394
-516
-777
-978
-993
-814
-560
-256
36
289
394
232
-197
-843
-1453
-1655
-1161
-239
460
597
463
409
407
226
-104
-350
-401
-305
-85
197
442
438
126
-342
-661
-521
22
772
1406
1729
1760
1617
1440
1150
693
140
-254
-285
-59
194
311
279
114
-126
-227
17
555
1165
1606
1806
1819
1723
1477
989
355
-232
-529
-542
-429
-286
-190
-221
-441
-717
-750
-371
265
871
1257
1427
1446
1345
1042
528
-73
-592
-907
-1009
-919
-734
-582
-640
-969
-1331
-1527
-1416
-1109
-804
-544
-368
-190
-54
-87
-383
-852
-1302
-1432
-1021
-222
493
701
405
-34
-370
-607
-728
-696
-503
-234
-3
176
270
170
-196
-746
-1170
-1125
-437
644
1679
2232
2147
1631
1010
543
224
-17
-132
-25
249
532
564
241
-362
-1049
-1462
-1315
-571
557
1623
2266
2383
2083
1548
918
278
-202
-410
-347
-105
215
389
192
-364
-1021
-1400
-1232
-534
436
1298
1782
1825
1513
1027
472
-3
-304
-434
-457
-364
-186
-117
-393
-985
-1583
-1802
-1587
-1041
-442
-74
23
-129
-325
-480
-654
-831
-1038
-914
-219
735
1317
1103
452
-140
-529
-769
-740
-356
164
524
550
294
-57
-396
-791
-1171
-1249
-703
338
1409
2042
2093
1645
947
380
139
227
516
827
1039
1029
816
439
-138
-796
-1283
-1324
-833
6
845
1367
1452
1235
937
689
551
580
730
891
856
664
390
57
-331
-750
-1061
-1055
-662
-25
622
1042
1153
1028
753
468
343
434
579
590
349
-42
-397
-739
-1054
-1415
-1698
-1732
-1458
-1006
-592
-362
-378
-563
-789
-866
-771
-591
-475
-404
-161
256
520
385
-73
-469
-584
-497
-298
-42
209
308
212
-25
-300
-530
-655
-655
-527
-239
230
861
1400
1542
1248
695
294
255
419
691
917
1035
970
720
373
-39
-417
-696
-688
-381
147
718
1053
1079
840
586
477
541
744
963
1112
1095
926
621
262
-109
-418
-600
-561
-213
293
731
971
1025
923
697
413
250
303
535
754
752
517
180
-120
-393
-742
-1107
-1341
-1342
-1156
-947
-801
-686
-613
-550
-559
-516
-341
-202
-33
172
488
658
534
291
80
-67
-189
-131
134
257
82
-160
-308
-361
-453
-532
-454
-254
60
430
840
1175
1203
941
593
506
663
863
989
1003
871
602
363
178
37
-176
-374
-324
-39
387
654
634
403
126
10
122
450
810
1070
1086
914
657
359
137
-20
-159
-257
-234
-18
290
488
526
436
326
219
145
102
166
256
319
233
59
-113
-236
-372
-661
-974
-1189
-1239
-1191
-1232
-1368
-1408
-1270
-1033
-850
-811
-773
-530
-120
287
339
184
131
209
65
-313
-450
-234
-102
-297
-482
-410
-312
-412
-586
-534
-265
-9
133
211
317
323
253
277
436
615
712
813
895
744
389
92
16
103
151
118
113
181
266
245
140
113
208
292
359
446
541
566
537
498
479
466
459
504
490
393
203
32
25
199
480
735
899
1026
935
651
309
174
195
263
239
118
-9
-174
-272
-459
-648
-795
-899
-895
-935
-999
-1070
-1066
-849
-606
-396
-363
-299
-104
212
394
390
372
476
515
268
-78
-192
-93
-166
-419
-472
-264
-93
-85
-82
67
179
245
365
675
867
811
640
604
714
698
636
655
769
664
409
243
191
172
-1
-97
49
264
497
585
630
552
314
137
222
408
439
402
330
337
339
306
302
333
397
386
310
287
259
324
386
501
578
595
608
469
368
234
110
-38
-273
-498
-674
-722
-691
-682
-749
-867
-1028
-1079
-1154
-1181
-1136
-1046
-784
-685
-534
-271
21
105
-85
-16
294
504
319
129
176
62
-326
-621
-628
-569
-606
-681
-503
-214
-26
113
326
566
495
333
336
559
756
722
687
653
549
347
257
290
242
184
100
149
151
110
167
265
383
323
222
273
451
577
483
334
197
50
-24
-27
98
270
329
410
382
339
219
107
90
111
324
451
647
618
489
301
71
16
-270
-386
-582
-622
-729
-825
-790
-876
-939
-1198
-1313
-1440
-1465
-1309
-985
-622
-420
-200
-247
-342
-299
86
380
360
450
654
720
323
-92
-322
-577
-895
-842
-453
-268
-387
-315
-27
38
-56
-120
152
439
618
722
825
930
741
464
245
219
182
151
270
277
172
-43
-75
25
109
117
73
168
232
296
349
384
313
147
-39
-114
-194
-155
-80
4
118
111
158
51
-34
-92
-52
134
259
348
282
200
94
-8
-37
-171
-205
-371
-442
-583
-690
-838
-1019
-1103
-1238
-1318
-1402
-1462
-1427
-1257
-1024
-808
-524
-427
-527
-584
-293
205
466
570
619
684
510
272
145
-19
-248
-411
-346
-267
-336
-379
-135
192
213
84
77
300
526
538
663
800
853
657
435
385
360
444
592
727
641
439
289
270
322
382
462
536
592
523
483
456
414
343
235
189
121
119
157
207
274
285
354
442
477
423
341
287
314
363
486
500
544
425
316
233
110
16
-152
-183
-358
-394
-445
-542
-689
-1030
-1192
-1408
-1348
-1274
-1073
-808
-502
-226
-431
-541
-456
66
284
387
603
836
871
573
563
410
121
-163
-96
55
-103
-224
-126
63
62
-64
-52
90
235
353
518
666
624
494
423
421
323
218
286
458
506
431
302
163
105
93
174
274
340
467
588
630
452
306
182
45
-78
-278
-178
-65
111
169
207
219
-11
-97
-166
42
149
280
439
448
444
172
113
46
-1
-25
-74
-196
-393
-480
-517
-637
-832
-967
-1114
-1223
-1353
-1308
-1154
-1068
-919
-801
-766
-860
-679
-286
42
112
242
500
557
520
493
533
344
156
109
107
41
-47
29
50
-70
-217
-288
-181
15
293
469
492
451
399
375
311
301
301
405
541
591
552
359
168
-30
-9
162
297
358
375
479
484
412
292
262
245
145
3
-90
-78
48
194
263
308
225
178
135
138
78
67
235
443
504
413
312
159
29
-88
-131
-218
-288
-365
-442
-536
-697
-750
-939
-1065
-1197
-1136
-961
-989
-987
-1107
-1153
-1152
-892
-429
-198
-130
-88
151
239
271
389
470
440
326
374
327
194
101
47
64
-57
-134
-133
-54
68
115
154
158
157
100
83
139
133
114
154
242
248
270
344
345
209
26
-70
-111
-123
-25
98
199
228
191
214
232
153
-108
-197
-162
-89
-3
34
139
144
53
-40
-54
-13
-63
-11
81
189
271
238
281
62
-72
-205
-298
-337
-497
-474
-587
-561
-742
-923
-1067
-1187
-1167
-1356
-1139
-1019
-958
-1175
-1155
-734
-601
-540
-600
-200
-62
-61
76
300
433
195
335
511
535
267
143
257
139
87
-58
-2
44
-55
-11
110
263
216
209
246
197
71
-40
127
301
431
525
578
465
263
238
211
201
94
71
165
217
219
199
238
237
122
3
-27
58
71
57
136
184
233
167
151
180
56
-29
-12
155
291
345
377
355
262
133
54
15
-83
-131
-180
-311
-437
-536
-531
-583
-629
-680
-724
-705
-741
-784
-877
-760
-539
-395
-359
-277
-40
40
101
200
235
176
154
386
637
769
801
776
715
493
304
234
251
382
315
250
310
412
436
288
214
79
-46
-8
142
276
372
505
598
564
487
497
535
494
356
201
162
151
169
150
182
218
154
91
47
115
171
233
297
259
189
161
254
317
173
10
-91
-80
-36
-2
48
52
106
93
120
57
-48
-70
-228
-373
-594
-657
-654
-672
-642
-763
-755
-757
-764
-864
-944
-780
-623
-502
-445
-321
-213
-184
-120
-60
-89
-144
-26
230
440
489
512
470
445
438
481
517
508
495
318
215
266
304
282
257
290
210
83
-11
-48
4
85
218
322
287
331
428
482
401
256
150
182
202
62
10
26
46
-9
-61
13
84
93
83
108
181
149
137
183
205
162
66
10
-54
-153
-248
-223
-216
-164
-150
-114
-112
-87
-83
-225
-378
-554
-527
-518
-569
-642
-744
-756
-694
-712
-868
-921
-776
-599
-587
-580
-460
-287
-168
-88
-31
-174
-208
-107
105
227
270
370
413
445
450
473
435
428
454
409
341
322
330
276
156
39
-144
-246
-209
-88
-74
-105
-96
-69
5
65
152
177
164
143
145
158
43
-128
-219
-217
-221
-256
-248
-202
-161
-176
-182
-142
-73
17
94
151
122
18
-62
-64
-57
-178
-302
-381
-478
-526
-546
-492
-507
-479
-523
-529
-530
-633
-674
-775
-751
-778
-827
-900
-960
-881
-940
-1046
-1133
-1002
-757
-665
-625
-512
-335
-258
-227
-158
-121
-153
-190
-16
191
238
222
284
411
400
292
275
437
503
371
317
295
258
148
96
61
-91
-226
-225
-149
-149
-215
-218
-190
-201
-151
-52
46
114
63
80
40
-35
-128
-182
-175
-242
-315
-324
-200
-125
-142
-116
-79
-9
44
123
205
182
151
141
177
129
-1
-117
-241
-286
-372
-368
-359
-417
-482
-578
-590
-652
-681
-664
-690
-671
-802
-890
-1029
-1009
-874
-930
-1087
-1182
-916
-725
-696
-704
-586
-428
-429
-214
-27
-8
-163
-106
108
160
120
111
243
280
303
324
281
295
275
339
310
205
147
130
163
42
-133
-279
-301
-285
-286
-216
-236
-291
-280
-97
52
43
32
-50
-73
-77
-55
-28
-84
-176
-365
-396
-415
-397
-375
-284
-186
-181
-98
25
163
169
85
30
69
96
63
55
-29
-121
-227
-275
-291
-387
-512
-634
-654
-722
-759
-703
-647
-635
-825
-977
-1066
-1083
-1111
-1060
-953
-1041
-1154
-1177
-888
-681
-775
-856
-747
-445
-280
-106
61
83
2
-32
115
245
302
264
228
233
161
129
186
310
252
99
26
68
149
91
17
-112
-311
-448
-360
-199
-179
-266
-339
-378
-326
-185
-63
-22
-153
-232
-220
-103
-75
-164
-274
-338
-348
-413
-381
-325
-229
-198
-153
-53
43
118
135
159
112
81
65
79
96
8
-82
-178
-247
-312
-416
-455
-528
-646
-729
-738
-742
-807
-888
-994
-1114
-1239
-1281
-1260
-1288
-1352
-1341
-1233
-1227
-1263
-1203
-1019
-878
-871
-841
-684
-471
-269
-105
2
9
-46
-1
136
241
181
60
43
130
209
167
27
-67
-131
-120
-65
-46
-133
-301
-377
-344
-321
-386
-453
-461
-418
-348
-272
-235
-244
-265
-296
-238
-197
-210
-172
-202
-259
-319
-391
-428
-458
-391
-269
-233
-244
-238
-124
9
110
102
9
-44
-11
96
144
130
32
-48
-73
-154
-219
-352
-457
-543
-591
-611
-720
-794
-854
-902
-1057
-1212
-1303
-1405
-1383
-1345
-1309
-1381
-1405
-1297
-1275
-1204
-1082
-890
-837
-869
-702
-464
-206
-63
75
140
106
90
186
306
293
270
224
227
246
223
202
163
75
-51
-108
-101
-68
-83
-156
-161
-188
-240
-274
-246
-180
-149
-117
-110
-89
-78
-19
18
-4
-76
-89
-53
-86
-129
-181
-202
-186
-157
-68
13
79
90
126
213
273
296
295
318
325
306
277
255
222
134
74
-11
-143
-240
-311
-328
-414
-501
-570
-610
-643
-703
-815
-958
-1041
-1110
-1148
-1182
-1194
-1237
-1253
-1194
-1033
-862
-915
-1033
-1013
-765
-489
-347
-227
-117
-14
82
269
405
337
230
236
393
506
482
431
376
334
287
236
183
133
110
74
76
81
56
2
-33
-88
-170
-179
-126
1
80
28
-55
-118
-125
-99
-27
18
-18
-63
-52
-5
27
48
72
101
102
154
236
320
379
416
450
430
380
319
326
375
387
293
193
92
20
-50
-135
-208
-299
-383
-444
-480
-545
-659
-732
-777
-796
-862
-956
-990
-1028
-1015
-1022
-1028
-1016
-1024
-991
-971
-872
-727
-611
-547
-432
-205
-58
27
86
192
339
485
592
623
558
442
460
545
612
580
484
388
348
348
322
278
267
222
167
166
223
270
203
99
83
121
142
114
64
27
28
7
-9
1
12
2
-17
38
108
128
139
200
258
278
270
320
421
473
486
495
497
440
429
478
506
425
302
253
249
205
94
-5
-66
-148
-202
-284
-333
-434
-537
-597
-684
-768
-885
-926
-941
-947
-1022
-1109
-1142
-1112
-1019
-1018
-1009
-1005
-950
-787
-570
-361
-326
-393
-324
-111
156
235
219
234
275
322
370
444
417
308
256
323
380
361
300
277
277
252
221
236
259
219
202
214
259
228
106
15
-6
-10
-35
13
54
7
-60
-57
-12
40
52
38
85
133
162
164
212
277
299
317
357
409
408
407
428
433
412
379
335
325
320
282
221
116
18
-44
-110
-176
-236
-332
-406
-480
-516
-545
-623
-725
-850
-908
-933
-965
-1023
-1044
-1043
-1055
-1028
-1015
-959
-899
-824
-757
-670
-568
-430
-316
-237
-189
-152
-67
55
150
138
96
125
208
282
285
259
201
153
198
309
377
355
335
377
402
371
322
319
303
267
227
210
191
131
27
-39
4
-4
-46
-81
-64
-6
8
13
16
30
10
39
125
200
271
261
239
229
261
269
283
270
236
202
232
283
275
201
106
29
-44
-101
-139
-162
-230
-294
-373
-410
-476
-571
-628
-681
-708
-746
-781
-818
-835
-881
-927
-967
-950
-920
-903
-896
-866
-845
-820
-768
-736
-660
-640
-612
-561
-478
-411
-365
-338
-317
-281
-194
-119
-116
-110
-51
9
39
113
182
211
154
170
276
339
354
316
285
258
238
248
256
224
167
119
105
116
92
32
-31
-37
-46
-46
2
40
66
84
71
81
112
177
217
234
225
225
226
214
226
231
220
186
158
119
124
132
75
18
-40
-63
-114
-162
-199
-252
-328
-391
-443
-494
-600
-629
-640
-646
-668
-727
-748
-750
-709
-702
-709
-744
-748
-724
-698
-679
-703
-759
-770
-736
-684
-660
-661
-693
-678
-639
-555
-498
-449
-439
-449
-353
-175
-44
-29
-70
-63
21
119
220
234
172
106
112
192
265
266
244
205
153
132
168
239
235
155
108
121
156
182
123
49
-19
-40
2
74
114
64
7
-13
18
48
90
117
137
118
56
35
30
45
60
56
41
-20
-73
-121
-107
-88
-116
-161
-244
-306
-335
-304
-290
-338
-410
-424
-425
-398
-377
-355
-361
-337
-356
-422
-427
-407
-406
-444
-490
-550
-583
-656
-635
-599
-636
-685
-727
-704
-698
-677
-658
-595
-532
-478
-424
-339
-239
-188
-134
-55
7
20
20
81
126
199
249
283
284
256
259
330
404
419
392
418
451
477
503
485
440
377
338
360
401
393
346
251
216
194
199
203
175
137
105
98
76
66
50
61
60
62
68
58
51
89
102
69
19
11
48
50
86
93
82
27
2
2
-23
-45
-68
-62
-47
-54
-96
-107
-114
-144
-234
-313
-354
-344
-357
-383
-438
-520
-558
-571
-571
-586
-649
-687
-654
-647
-633
-652
-655
-643
-628
-594
-567
-544
-531
-504
-459
-399
-313
-263
-212
-130
-54
3
38
84
139
191
240
292
328
324
309
341
402
428
422
404
378
354
343
337
320
287
204
150
130
130
101
17
-53
-58
-29
-25
-48
-36
-45
-65
-52
14
36
10
-29
-28
13
39
51
53
48
28
4
42
94
127
106
64
58
74
95
105
89
35
19
-9
-8
-27
-48
-109
-169
-196
-252
-270
-291
-279
-298
-339
-357
-358
-363
-413
-422
-464
-475
-501
-484
-487
-515
-569
-603
-582
-577
-538
-548
-526
-496
-435
-373
-324
-294
-227
-177
-107
-21
59
100
133
150
192
211
223
259
320
352
340
344
344
328
286
252
243
266
293
292
230
168
129
111
97
67
37
-3
-4
19
69
81
54
32
32
47
89
91
104
126
173
218
257
289
294
284
262
268
281
298
300
297
268
257
217
221
204
154
91
86
95
84
73
35
-4
-51
-86
-94
-77
-130
-158
-195
-199
-212
-240
-298
-345
-356
-352
-344
-335
-362
-392
-403
-400
-387
-421
-432
-471
-443
-442
-409
-357
-325
-318
-326
-322
-303
-243
-185
-110
-62
-49
-46
-13
-2
24
29
77
88
114
121
142
160
177
200
173
161
159
161
163
156
154
133
93
84
93
86
50
38
72
98
101
105
113
123
142
159
194
208
207
200
193
157
118
120
128
113
59
4
-18
-12
-1
-9
-25
-26
-39
-34
-34
-21
-46
-62
-67
-57
-46
-64
-83
-119
-131
-151
-146
-158
-193
-203
-196
-185
-190
-210
-238
-252
-258
-256
-286
-316
-363
-413
-438
-437
-446
-472
-505
-510
-498
-503
-494
-525
-535
-542
-501
-491
-483
-486
-491
-456
-409
-356
-364
-331
-295
-243
-226
-207
-204
-219
-228
-185
-113
-46
-24
-17
0
1
31
51
85
80
77
98
140
167
169
146
89
39
-8
-19
-20
-24
-46
-75
-92
-90
-96
-87
-71
-54
-71
-76
-59
-26
-24
-20
-19
-21
-22
-12
7
24
18
1
-3
-11
-6
-14
-21
-36
-34
-50
-64
-70
-59
-55
-76
-90
-112
-136
-136
-140
-138
-170
-215
-235
-238
-250
-261
-310
-352
-387
-421
-451
-483
-503
-532
-551
-577
-601
-627
-634
-635
-657
-659
-639
-632
-622
-589
-587
-563
-529
-488
-460
-416
-383
-334
-287
-238
-189
-153
-102
-76
-40
-13
18
54
69
74
95
84
64
68
77
72
57
41
17
-9
-23
-11
12
19
44
41
31
18
1
29
64
74
59
80
106
155
188
195
201
181
189
197
223
234
258
274
300
314
303
272
260
255
229
205
187
195
180
175
149
109
41
20
27
55
50
18
-13
-39
-42
-47
-77
-124
-138
-172
-218
-245
-255
-294
-330
-380
-416
-432
-429
-443
-472
-479
-495
-520
-521
-473
-439
-439
-405
-367
-337
-320
-280
-274
-253
-240
-210
-174
-168
-147
-144
-94
-65
-44
-46
-50
-73
-74
-67
-57
-55
-38
-34
-8
15
35
32
28
44
65
103
122
139
141
172
210
263
296
311
315
307
330
382
417
436
439
401
389
414
459
486
515
494
470
431
402
401
389
381
374
336
301
257
211
187
142
104
55
22
21
14
-4
-25
-73
-109
-145
-158
-169
-176
-188
-190
-184
-218
-261
-286
-272
-260
-272
-290
-300
-327
-322
-292
-248
-247
-267
-300
-302
-283
-252
-224
-234
-254
-296
-300
-264
-243
-251
-272
-285
-276
-256
-209
-191
-195
-225
-243
-245
-230
-193
-203
-209
-228
-237
-236
-209
-172
-151
-150
-135
-105
-60
14
88
142
165
206
260
321
374
422
456
478
492
530
544
555
571
586
589
583
557
518
498
484
468
470
458
439
423
392
356
299
248
194
160
115
104
83
60
48
28
-2
-24
-62
-93
-102
-113
-103
-101
-96
-79
-59
-57
-54
-53
-39
-44
-55
-58
-58
-54
-26
-12
-21
-39
-53
-56
-52
-67
-135
-163
-179
-162
-143
-166
-184
-216
-237
-254
-246
-256
-272
-294
-303
-289
-297
-323
-327
-333
-340
-320
-307
-269
-260
-242
-224
-217
-200
-155
-120
-83
-63
-31
16
39
89
119
158
212
258
279
306
322
335
363
383
402
422
443
448
446
444
443
435
434
430
414
384
345
315
298
282
258
215
174
147
131
128
108
80
51
50
52
50
34
10
-6
-9
7
11
12
4
-28
-53
-52
-56
-53
-54
-61
-80
-71
-56
-42
-58
-79
-82
-56
-55
-55
-94
-131
-133
-117
-91
-95
-121
-152
-145
-129
-117
-130
-148
-163
-176
-181
-159
-146
-153
-170
-199
-216
-214
-208
-206
-179
-177
-161
-143
-142
-122
-105
-103
-98
-62
-36
-12
12
33
55
64
73
92
116
140
146
136
137
137
135
126
114
105
99
110
122
117
113
111
119
141
158
163
163
169
180
198
213
220
193
170
156
154
137
100
84
70
58
33
9
-13
-15
-2
8
-2
-29
-80
-109
-104
-80
-67
-69
-80
-113
-113
-90
-50
-37
-70
-107
-124
-115
-100
-80
-67
-60
-82
-99
-70
-42
-35
-64
-88
-110
-112
-111
-127
-135
-155
-184
-201
-200
-203
-192
-193
-179
-181
-163
-134
-111
-73
-83
-85
-77
-68
-77
-87
-118
-160
-171
-160
-160
-160
-156
-153
-153
-154
-144
-112
-79
-58
-55
-58
-36
-3
5
16
43
68
90
95
118
121
115
129
95
77
70
60
57
22
-32
-79
-95
-117
-117
-131
-151
-158
-152
-151
-133
-98
-89
-92
-95
-88
-84
-70
-69
-71
-72
-66
-58
-38
-11
13
21
22
14
-7
-34
-44
-34
-30
-31
-27
-28
-38
-32
-46
-57
-82
-118
-123
-127
-117
-85
-77
-90
-108
-128
-155
-150
-146
-129
-131
-121
-90
-79
-78
-61
-59
-65
-66
-71
-86
-101
-99
-108
-91
-111
-107
-115
-107
-75
-61
-49
-58
-90
-127
-129
-114
-86
-73
-85
-84
-90
-96
-81
-93
-113
-119
-105
-100
-74
-55
-56
-64
-70
-87
-104
-98
-106
-85
-83
-85
-86
-82
-70
-71
-81
-98
-104
-99
-76
-76
-63
-64
-72
-87
-100
-97
-82
-67
-75
-61
-39
-43
-54
-62
-70
-66
-51
-36
-29
-31
-21
-21
-25
-27
-35
-53
-51
-39
-36
-36
-44
-71
-74
-66
-78
-81
-85
-83
-63
-57
-74
-92
-119
-128
-118
-110
-99
-85
-89
-105
-104
-95
-94
-93
-84
-64
-37
-26
-19
-10
-16
-22
-38
-51
-69
-75
-67
-54
-44
-44
-41
-56
-49
-48
-41
-42
-30
-20
-26
-5
15
23
28
43
64
74
83
93
109
112
135
147
170
182
193
207
186
179
181
156
123
121
136
128
100
80
57
35
18
-21
-49
-68
-80
-80
-82
-55
-52
-65
-58
-80
-74
-64
-54
-60
-71
-59
-77
-70
-59
-60
-54
-44
-10
2
15
26
33
38
35
38
38
57
58
60
71
74
74
68
52
31
27
28
56
63
58
34
16
5
10
52
59
64
56
33
54
53
58
67
60
58
55
63
54
27
24
13
1
-17
-18
-2
20
23
5
-8
-14
17
42
84
118
153
178
189
182
158
155
151
163
155
145
131
138
150
177
205
202
185
132
100
94
125
143
131
121
101
103
114
112
101
69
30
10
13
35
35
4
-15
-21
-8
4
9
14
9
-22
-26
-14
-5
9
40
45
45
55
48
59
71
98
98
110
120
125
126
118
120
116
109
78
45
17
17
31
32
16
-2
-53
-86
-99
-101
-99
-108
-128
-158
-166
-174
-189
-223
-240
-265
-266
-247
-216
-183
-157
-173
-168
-172
-173
-164
-170
-156
-144
-126
-116
-92
-77
-56
-52
-49
-24
-11
9
11
8
4
-15
-14
-4
-9
-17
-15
-18
-29
-54
-62
-75
-81
-80
-89
-97
-107
-112
-120
-135
-148
-164
-169
-175
-188
-174
-175
-178
-188
-196
-188
-180
-182
-154
-138
-143
-147
-148
-139
-156
-173
-184
-197
-189
-166
-153
-148
-134
-138
-148
-175
-187
-189
-193
-200
-193
-191
-213
-239
-273
-300
-325
-345
-374
-383
-377
-372
-381
-393
-416
-423
-407
-404
-413
-403
-389
-393
-382
-367
-360
-347
-330
-311
-288
-268
-258
-244
-234
-215
-215
-216
-206
-213
-201
-194
-204
-220
-219
-226
-232
-239
-257
-261
-260
-251
-256
-259
-266
-276
-286
-276
-260
-259
-250
-242
-249
-251
-246
-241
-251
-257
-273
-285
-283
-280
-265
-268
-267
-264
-266
-265
-275
-271
-275
-277
-286
-279
-266
-284
-284
-292
-303
-317
-327
-332
-321
-328
-329
-329
-346
-367
-391
-411
-436
-453
-471
-479
-463
-461
-467
-477
-485
-479
-480
-490
-499
-494
-489
-480
-469
-476
-494
-511
-504
-502
-479
-458
-436
-417
-408
-396
-381
-384
-390
-374
-366
-341
-344
-365
-397
-406
-372
-348
-341
-354
-378
-380
-349
-308
-273
-290
-309
-315
-313
-288
-285
-276
-278
-292
-307
-317
-291
-273
-278
-286
-311
-327
-346
-345
-343
-332
-336
-358
-375
-390
-383
-359
-328
-314
-318
-318
-323
-315
-302
-284
-256
-256
-236
-230
-236
-237
-254
-264
-274
-267
-266
-277
-310
-337
-337
-326
-316
-310
-309
-325
-330
-337
-343
-346
-359
-364
-353
-349
-354
-351
-338
-336
-326
-325
-330
-321
-316
-308
-298
-289
-299
-323
-327
-326
-321
-315
-335
-368
-369
-364
-329
-314
-295
-296
-297
-272
-260
-243
-242
-230
-201
-179
-162
-160
-170
-167
-161
-159
-162
-175
-144
-120
-106
-106
-124
-145
-135
-110
-88
-72
-86
-111
-126
-118
-126
-121
-132
-148
-163
-165
-138
-135
-118
-131
-153
-143
-133
-129
-144
-161
-164
-164
-162
-176
-171
-156
-140
-120
-109
-103
-120
-146
-147
-156
-172
-178
-195
-200
-188
-181
-194
-202
-220
-238
-236
-229
-228
-232
-240
-261
-269
-273
-283
-300
-313
-320
-314
-323
-334
-331
-335
-363
-395
-408
-402
-402
-391
-373
-366
-345
-348
-347
-342
-336
-333
-336
-337
-326
-312
-283
-250
-249
-254
-250
-249
-252
-254
-247
-226
-208
-203
-192
-197
-209
-220
-225
-210
-194
-189
-193
-192
-198
-205
-193
-195
-191
-190
-182
-168
-164
-157
-150
-159
-151
-136
-116
-108
-117
-119
-118
-103
-90
-83
-75
-66
-68
-68
-73
-74
-66
-67
-77
-76
-79
-84
-99
-104
-111
-128
-133
-137
-157
-166
-165
-160
-159
-173
-193
-213
-227
-245
-245
-261
-274
-310
-332
-347
-345
-348
-341
-345
-344
-337
-334
-339
-362
-363
-387
-404
-420
-426
-439
-454
-480
-503
-502
-508
-527
-536
-524
-525
-524
-530
-523
-537
-545
-533
-519
-521
-521
-528
-538
-549
-558
-561
-559
-540
-536
-532
-531
-514
-512
-518
-523
-498
-487
-470
-450
-457
-437
-418
-400
-386
-372
-366
-345
-327
-332
-319
-320
-306
-298
-295
-288
-299
-282
-268
-260
-264
-291
-312
-312
-288
-255
-227
-217
-219
-248
-274
-284
-263
-236
-222
-232
-252
-275
-266
-246
-227
-206
-214
-230
-228
-217
-218
-230
-253
-301
-346
-372
-373
-371
-364
-364
-388
-402
-413
-410
-410
-412
-402
-397
-397
-403
-409
-413
-421
-419
-419
-448
-490
-518
-520
-510
-494
-506
-539
-575
-599
-587
-571
-569
-590
-611
-625
-610
-583
-568
-560
-584
-609
-608
-587
-557
-543
-551
-561
-574
-570
-560
-548
-560
-567
-573
-587
-577
-582
-574
-565
-565
-558
-565
-565
-537
-495
-465
-452
-437
-433
-422
-403
-391
-376
-377
-380
-370
-346
-321
-308
-303
-303
-296
-318
-340
-340
-340
-329
-307
-291
-290
-289
-276
-280
-294
-289
-303
-310
-304
-297
-275
-266
-255
-249
-248
-248
-248
-274
-294
-323
-329
-319
-315
-320
-338
-355
-371
-375
-371
-357
-361
-378
-406
-418
-429
-434
-451
-481
-482
-471
-461
-464
-465
-486
-517
-543
-535
-534
-523
-521
-526
-535
-543
-545
-556
-560
-563
-555
-553
-532
-522
-505
-497
-498
-502
-511
-497
-478
-462
-450
-450
-445
-453
-452
-450
-454
-454
-446
-433
-406
-375
-364
-361
-364
-373
-375
-385
-382
-377
-373
-377
-381
-390
-409
-421
-425
-438
-451
-435
-433
-441
-450
-444
-445
-437
-428
-411
-396
-388
-397
-389
-376
-368
-355
-349
-341
-330
-328
-315
-303
-293
-286
-279
-266
-266
-261
-266
-276
-278
-283
-282
-280
-284
-285
-304
-316
-324
-328
-328
-338
-357
-373
-387
-389
-385
-397
-406
-423
-442
-434
-401
-396
-411
-426
-436
-447
-442
-439
-449
-450
-454
-437
-436
-443
-439
-438
-417
-399
-390
-399
-405
-390
-392
-400
-405
-408
-398
-398
-401
-390
-393
-395
-378
-374
-386
-400
-409
-417
-427
-438
-435
-432
-433
-442
-447
-453
-455
-467
-453
-449
-443
-428
-432
-419
-435
-438
-444
-427
-416
-396
-380
-374
-369
-363
-362
-370
-366
-352
-343
-361
-356
-367
-359
-318
-294
-296
-317
-325
-344
-337
-320
-311
-311
-322
-334
-352
-345
-323
-315
-314
-348
-358
-352
-350
-327
-326
-345
-362
-383
-393
-391
-370
-368
-392
-402
-418
-432
-436
-458
-472
-473
-478
-482
-486
-489
-488
-464
-459
-450
-434
-418
-402
-426
-417
-438
-457
-426
-418
-422
-454
-473
-493
-478
-450
-445
-443
-452
-449
-439
-429
-419
-415
-415
-423
-433
-438
-425
-410
-402
-401
-421
-439
-444
-432
-440
-447
-456
-470
-482
-488
-500
-523
-524
-531
-554
-566
-572
-554
-530
-508
-503
-512
-525
-516
-500
-480
-470
-447
-433
-427
-419
-429
-424
-443
-455
-467
-475
-462
-453
-430
-424
-449
-474
-491
-497
-495
-494
-472
-473
-501
-510
-527
-544
-541
-560
-579
-589
-565
-562
-568
-582
-589
-609
-618
-615
-626
-639
-630
-614
-622
-616
-609
-616
-609
-610
-606
-593
-588
-570
-579
-589
-608
-620
-624
-624
-619
-610
-592
-600
-617
-649
-665
-662
-671
-670
-673
-669
-662
-645
-628
-628
-630
-617
-619
-616
-604
-596
-591
-580
-578
-577
-574
-576
-577
-587
-596
-610
-600
-590
-597
-593
-584
-586
-573
-570
-558
-531
-523
-512
-513
-516
-513
-526
-534
-549
-549
-536
-531
-524
-529
-552
-563
-564
-570
-577
-590
-599
-607
-600
-596
-592
-595
-597
-596
-594
-580
-576
-576
-585
-591
-580
-564
-547
-538
-537
-532
-528
-515
-495
-496
-496
-491
-481
-478
-472
-462
-466
-456
-454
-458
-467
-455
-453
-458
-458
-449
-438
-435
-424
-415
-401
-393
-390
-387
-376
-380
-382
-401
-401
-387
-381
-363
-364
-356
-341
-346
-353
-338
-344
-337
-333
-323
-295
-281
-267
-267
-252
-242
-248
-247
-242
-242
-242
-247
-253
-269
-269
-246
-229
-237
-251
-262
-267
-267
-259
-271
-311
-305
-307
-336
-328
-311
-312
-316
-317
-323
-363
-367
-358
-366
-375
-353
-344
-343
-356
-378
-395
-384
-359
-368
-367
-360
-349
-341
-311
-302
-306
-307
-290
-292
-308
-332
-361
-345
-339
-329
-330
-371
-413
-444
-445
-410
-389
-397
-412
-433
-449
-436
-393
-376
-357
-353
-352
-348
-332
-311
-294
-271
-287
-298
-289
-276
-274
-266
-260
-282
-297
-305
-298
-298
-282
-282
-301
-307
-294
-266
-250
-248
-256
-254
-253
-257
-260
-250
-245
-236
-225
-247
-265
-283
-307
-283
-262
-262
-281
-296
-299
-294
-276
-272
-284
-285
-297
-295
-285
-270
-256
-282
-311
-309
-298
-287
-279
-280
-311
-335
-347
-336
-343
-363
-363
-380
-413
-432
-436
-450
-453
-465
-502
-545
-569
-557
-538
-522
-520
-518
-507
-514
-495
-493
-503
-521
-534
-529
-534
-531
-535
-533
-531
-525
-542
-576
-585
-584
-564
-545
-530
-530
-536
-529
-533
-520
-509
-516
-526
-517
-497
-487
-478
-468
-467
-474
-473
-478
-474
-465
-467
-471
-467
-454
-450
-451
-454
-447
-452
-437
-421
-419
-428
-454
-466
-454
-446
-441
-422
-413
-411
-414
-417
-432
-427
-433
-413
-408
-410
-412
-421
-422
-433
-424
-420
-434
-445
-437
-427
-426
-426
-420
-427
-426
-412
-400
-401
-400
-394
-384
-377
-379
-391
-423
-442
-442
-439
-449
-468
-484
-481
-480
-474
-479
-481
-479
-496
-502
-503
-502
-504
-508
-524
-529
-533
-538
-540
-543
-539
-534
-529
-536
-538
-543
-553
-549
-548
-553
-551
-540
-547
-554
-541
-535
-515
-498
-484
-462
-455
-453
-446
-449
-434
-405
-386
-384
-393
-396
-397
-380
-385
-395
-396
-403
-403
-413
-392
-375
-361
-333
-328
-322
-321
-309
-306
-294
-294
-298
-297
-293
-289
-274
-264
-278
-282
-285
-274
-257
-260
-251
-246
-242
-217
-214
-222
-228
-224
-218
-202
-186
-179
-181
-171
-157
-172
-170
-171
-180
-169
-179
-179
-186
-196
-185
-170
-160
-169
-171
-172
-174
-192
-191
-196
-211
-227
-252
-268
-300
-316
-326
-334
-313
-312
-304
-292
-315
-331
-337
-317
-298
-285
-278
-282
-290
-298
-300
-315
-319
-310
-316
-291
-299
-306
-301
-313
-317
-341
-371
-399
-406
-390
-351
-324
-320
-325
-342
-361
-344
-317
-301
-276
-276
-287
-300
-297
-284
-269
-270
-270
-279
-300
-299
-288
-282
-291
-297
-302
-295
-287
-286
-272
-264
-261
-259
-256
-244
-220
-199
-184
-159
-138
-128
-134
-140
-133
-147
-150
-153
-144
-132
-136
-143
-143
-118
-94
-80
-68
-76
-88
-92
-83
-66
-32
-14
-16
-6
-15
-7
6
16
15
13
1
-7
-13
0
9
15
4
4
-1
-17
-29
-34
-42
-60
-80
-95
-77
-64
-56
-61
-75
-82
-84
-83
-59
-47
-42
-30
-14
-17
-28
-31
-42
-51
-57
-55
-55
-56
-52
-33
-44
-82
-115
-131
-125
-105
-108
-138
-151
-146
-146
-148
-172
-188
-205
-217
-203
-188
-194
-205
-202
-233
-232
-228
-238
-235
-251
-265
-262
-241
-236
-235
-231
-221
-217
-213
-211
-202
-214
-209
-193
-199
-196
-196
-170
-153
-143
-145
-174
-178
-187
-175
-176
-193
-205
-206
-196
-191
-183
-191
-187
-162
-151
-139
-120
-100
-97
-103
-103
-105
-105
-93
-78
-87
-88
-91
-88
-88
-80
-56
-31
-27
-27
-21
-33
-12
-2
9
12
11
7
3
9
11
24
22
20
20
13
19
17
11
11
9
13
7
11
-4
-5
-10
-23
-25
-31
-43
-41
-20
-18
-7
-14
-20
-16
-7
12
18
15
27
32
15
19
10
1
-10
-7
-3
-14
-17
-21
-17
-27
-37
-13
7
5
8
-5
-11
-9
-9
-21
-17
-7
8
23
30
31
19
18
17
15
9
14
4
10
-8
-23
-18
-7
-2
-17
-20
-22
-20
-6
-1
-6
0
10
2
3
20
22
18
10
3
-7
-2
12
17
-5
-11
-17
-40
-60
-48
-48
-64
-67
-57
-54
-49
-45
-61
-63
-59
-46
-45
-53
-45
-57
-65
-42
-31
-25
-18
-26
-34
-12
1
8
11
39
54
61
74
73
65
73
80
72
79
61
48
55
73
95
87
59
23
2
18
40
57
66
52
16
-4
21
61
100
119
115
101
84
92
106
129
151
137
111
97
83
78
101
109
97
67
38
30
51
65
79
63
34
35
43
56
68
88
95
102
105
94
97
101
124
133
110
101
71
63
95
123
110
88
72
56
81
111
125
113
90
81
106
150
173
180
175
155
152
165
205
232
249
252
251
261
269
291
318
304
281
262
247
251
266
284
271
254
227
221
232
258
277
278
280
291
310
324
339
346
356
357
357
380
396
402
405
411
417
409
388
376
374
369
391
398
394
394
404
404
390
367
347
334
341
355
378
392
384
365
361
364
377
384
375
379
375
391
409
414
410
412
413
413
418
422
429
437
430
415
415
419
409
406
390
385
381
363
335
317
319
319
316
298
276
267
266
284
307
317
314
292
288
292
295
298
301
313
308
299
312
319
313
301
294
295
283
267
255
257
269
260
257
265
274
285
302
301
295
293
288
284
286
316
325
327
340
327
329
329
320
307
312
313
317
324
320
337
339
353
364
371
377
394
409
408
406
415
413
420
434
441
462
474
478
472
484
484
501
504
511
508
516
537
544
546
533
537
528
520
498
502
508
499
501
490
479
461
461
451
454
466
480
473
465
463
444
432
415
411
411
424
432
417
410
411
413
422
413
407
413
405
401
412
420
416
415
414
412
412
408
400
399
398
397
389
378
369
369
373
371
370
355
331
312
298
299
312
310
306
297
278
278
284
287
287
291
293
297
296
306
304
308
325
332
342
351
364
359
351
345
345
361
353
327
323
331
346
370
385
383
369
339
328
341
356
377
377
365
360
362
382
397
422
422
399
404
401
415
437
455
457
447
441
428
428
426
437
422
422
419
399
421
439
429
415
420
423
428
443
446
455
459
454
466
481
488
495
491
482
456
445
457
463
479
457
443
428
417
441
456
472
463
446
452
469
491
508
503
479
479
486
502
533
570
573
562
542
547
562
595
626
618
617
614
605
602
593
579
565
544
548
553
565
586
592
579
565
576
597
616
624
641
662
671
676
678
667
654
657
672
682
