523
519
524
525
506
510
511
509
517
509
494
494
490
492
507
501
490
472
463
463
455
446
433
422
425
425
426
422
425
432
434
419
426
430
429
441
428
400
384
389
394
401
405
418
416
409
408
400
389
401
399
385
373
367
376
387
415
404
398
405
379
357
350
346
349
349
342
332
333
327
320
314
295
284
265
271
263
269
283
286
293
278
279
264
256
267
281
290
278
278
277
286
289
282
277
259
237
220
224
250
252
244
239
244
241
230
223
232
238
243
227
221
220
209
194
177
189
188
184
185
176
176
175
175
171
160
159
150
134
134
123
119
127
119
92
81
92
98
111
111
122
110
104
90
71
62
60
81
77
78
76
54
59
66
57
60
64
57
37
23
8
-19
-34
-41
-47
-45
-37
-16
-19
-45
-66
-81
-77
-58
-51
-55
-56
-57
-70
-79
-67
-79
-81
-68
-62
-65
-84
-101
-104
-92
-92
-107
-133
-144
-141
-121
-131
-139
-166
-172
-152
-134
-120
-120
-123
-150
-145
-140
-125
-103
-83
-98
-123
-135
-158
-167
-164
-171
-170
-171
-165
-169
-180
-190
-205
-213
-203
-179
-182
-167
-183
-208
-218
-232
-249
-239
-219
-216
-213
-199
-181
-167
-174
-190
-193
-199
-190
-195
-190
-181
-166
-163
-162
-166
-197
-215
-213
-197
-185
-174
-183
-171
-171
-167
-165
-162
-159
-153
-157
-142
-116
-99
-82
-85
-94
-124
-130
-138
-151
-155
-168
-184
-181
-171
-183
-192
-198
-209
-212
-223
-217
-213
-224
-215
-214
-204
-184
-164
-161
-161
-150
-150
-133
-110
-107
-102
-113
-126
-141
-146
-142
-150
-149
-131
-116
-106
-112
-138
-160
-180
-170
-150
-151
-140
-122
-109
-98
-112
-130
-149
-157
-163
-163
-154
-138
-158
-161
-171
-181
-182
-174
-144
-138
-138
-140
-137
-123
-115
-106
-110
-115
-106
-102
-91
-87
-81
-76
-79
-99
-109
-113
-120
-99
-89
-82
-91
-102
-128
-132
-127
-121
-122
-136
-140
-137
-136
-138
-141
-160
-157
-159
-173
-173
-166
-165
-164
-175
-189
-200
-221
-225
-224
-220
-217
-232
-232
-235
-246
-248
-248
-233
-237
-237
-235
-226
-222
-210
-213
-216
-206
-211
-215
-230
-229
-236
-235
-223
-230
-253
-269
-286
-282
-278
-292
-279
-265
-267
-277
-288
-288
-298
-311
-311
-306
-298
-287
-298
-305
-303
-302
-283
-262
-255
-258
-269
-271
-291
-289
-275
-273
-265
-265
-273
-285
-273
-276
-267
-253
-262
-259
-268
-272
-280
-282
-285
-259
-258
-269
-250
-241
-239
-235
-244
-250
-253
-253
-251
-267
-276
-276
-285
-282
-281
-289
-282
-293
-282
-279
-264
-260
-261
-251
-253
-249
-254
-242
-242
-251
-256
-271
-286
-278
-267
-250
-251
-254
-268
-288
-293
-285
-268
-283
-286
-290
-306
-308
-301
-303
-314
-322
-308
-291
-314
-316
-329
-330
-333
-319
-299
-298
-297
-310
-311
-308
-316
-311
-295
-309
-317
-329
-332
-323
-312
-310
-321
-346
-365
-376
-343
-308
-308
-320
-333
-373
-383
-365
-340
-313
-302
-319
-348
-346
-326
-300
-300
-311
-327
-343
-338
-326
-323
-346
-353
-369
-389
-403
-420
-409
-389
-375
-369
-363
-359
-365
-387
-400
-409
-407
-394
-363
-349
-349
-350
-375
-394
-402
-409
-389
-383
-390
-382
-384
-388
-372
-364
-371
-360
-371
-369
-365
-348
-333
-319
-308
-312
-318
-322
-317
-297
-274
-285
-299
-316
-316
-318
-325
-328
-355
-373
-380
-375
-376
-376
-373
-381
-374
-382
-381
-373
-357
-347
-330
-307
-313
-309
-303
-303
-289
-277
-280
-287
-295
-302
-314
-325
-323
-315
-325
-333
-330
-335
-329
-316
-297
-288
-285
-299
-319
-335
-350
-353
-341
-316
-313
-300
-290
-294
-306
-325
-329
-350
-349
-337
-339
-325
-331
-340
-358
-358
-345
-328
-312
-300
-307
-321
-324
-337
-329
-326
-337
-339
-330
-340
-340
-337
-331
-328
-332
-352
-367
-368
-349
-339
-343
-366
-384
-382
-396
-400
-397
-398
-409
-409
-415
-411
-429
-427
-435
-438
-443
-459
-478
-486
-472
-481
-476
-473
-470
-471
-471
-475
-480
-472
-453
-471
-486
-483
-493
-485
-491
-488
-478
-479
-460
-474
-478
-487
-481
-486
-483
-487
-490
-486
-515
-521
-521
-520
-513
-517
-537
-547
-555
-562
-544
-532
-518
-509
-509
-499
-495
-490
-491
-482
-481
-482
-471
-450
-443
-458
-462
-470
-484
-482
-485
-467
-447
-441
-447
-448
-448
-441
-438
-448
-444
-444
-442
-437
-445
-442
-460
-467
-462
-445
-425
-415
-407
-418
-424
-423
-416
-416
-408
-407
-407
-407
-408
-402
-409
-412
-421
-419
-413
-405
-389
-381
-383
-377
-366
-366
-356
-349
-340
-331
-328
-316
-316
-309
-295
-302
-302
-306
-309
-302
-293
-286
-305
-318
-312
-320
-331
-338
-330
-312
-283
-275
-282
-288
-304
-301
-282
-252
-249
-252
-250
-248
-235
-244
-247
-262
-241
-226
-210
-211
-230
-246
-249
-225
-220
-223
-240
-256
-254
-237
-245
-256
-267
-284
-283
-278
-272
-265
-258
-270
-277
-264
-255
-237
-232
-232
-231
-230
-251
-248
-248
-229
-207
-218
-212
-228
-236
-245
-251
-266
-264
-272
-278
-281
-288
-297
-302
-306
-328
-330
-313
-294
-276
-273
-268
-275
-287
-272
-270
-269
-286
-295
-285
-267
-262
-257
-259
-268
-267
-268
-277
-268
-250
-253
-243
-239
-229
-219
-206
-191
-197
-219
-228
-217
-205
-201
-192
-206
-216
-231
-245
-257
-277
-288
-307
-329
-337
-348
-342
-337
-342
-337
-343
-354
-368
-351
-344
-319
-309
-310
-302
-303
-291
-277
-287
-276
-254
-231
-225
-224
-226
-238
-212
-198
-206
-216
-233
-225
-212
-213
-206
-212
-232
-248
-257
-259
-257
-250
-229
-215
-208
-219
-246
-248
-255
-260
-242
-241
-249
-249
-244
-243
-245
-261
-277
-278
-265
-254
-249
-257
-267
-265
-268
-278
-289
-283
-275
-274
-270
-265
-277
-281
-286
-299
-313
-317
-317
-314
-317
-334
-325
-328
-327
-325
-318
-315
-306
-303
-313
-303
-308
-313
-315
-304
-306
-313
-293
-276
-269
-259
-239
-245
-253
-244
-247
-248
-239
-255
-236
-228
-242
-249
-263
-269
-272
-249
-232
-193
-178
-181
-175
-179
-165
-153
-152
-131
-120
-121
-123
-129
-140
-139
-137
-151
-159
-163
-164
-165
-165
-173
-182
-195
-196
-193
-194
-194
-203
-200
-198
-207
-204
-205
-224
-227
-222
-197
-195
-201
-213
-225
-233
-228
-208
-208
-189
-200
-205
-213
-223
-210
-214
-212
-218
-223
-217
-209
-203
-204
-205
-204
-188
-170
-168
-160
-166
-176
-187
-191
-212
-215
-223
-231
-234
-244
-243
-235
-220
-216
-216
-214
-213
-215
-202
-197
-182
-184
-209
-215
-197
-190
-185
-195
-218
-226
-227
-207
-200
-199
-211
-224
-239
-241
-252
-265
-279
-295
-314
-326
-316
-332
-352
-344
-344
-317
-305
-319
-331
-348
-343
-327
-336
-318
-303
-310
-306
-304
-316
-328
-331
-321
-316
-307
-315
-355
-361
-337
-305
-307
-336
-403
-452
-434
-385
-352
-335
-343
-378
-399
-385
-338
-298
-277
-280
-306
-320
-315
-312
-308
-309
-321
-354
-378
-377
-351
-358
-371
-387
-404
-414
-417
-392
-365
-352
-342
-337
-338
-324
-334
-338
-340
-319
-327
-327
-306
-299
-289
-307
-318
-336
-348
-347
-347
-339
-342
-334
-322
-320
-326
-328
-321
-336
-347
-360
-365
-342
-318
-276
-266
-280
-286
-271
-259
-248
-239
-273
-295
-306
-316
-314
-339
-364
-381
-375
-371
-361
-354
-366
-350
-342
-343
-341
-338
-331
-313
-306
-293
-283
-285
-282
-274
-269
-274
-271
-261
-244
-233
-222
-223
-235
-247
-255
-271
-282
-281
-274
-267
-240
-233
-242
-248
-260
-288
-295
-302
-306
-281
-275
-283
-300
-307
-313
-307
-307
-308
-308
-324
-321
-313
-305
-300
-304
-311
-302
-292
-290
-275
-273
-258
-257
-267
-277
-277
-275
-273
-265
-255
-234
-233
-234
-236
-236
-242
-253
-251
-251
-251
-250
-255
-259
-266
-278
-281
-270
-276
-283
-280
-281
-264
-271
-279
-268
-280
-290
-297
-305
-320
-317
-309
-311
-320
-325
-314
-310
-293
-300
-301
-295
-306
-315
-329
-328
-317
-310
-312
-317
-299
-284
-276
-266
-281
-286
-297
-309
-306
-316
-317
-335
-352
-354
-356
-350
-361
-377
-386
-389
-387
-378
-378
-376
-371
-390
-393
-399
-399
-391
-396
-393
-397
-388
-373
-369
-374
-385
-398
-407
-402
-410
-399
-386
-392
-407
-421
-429
-411
-408
-401
-400
-402
-388
-382
-387
-403
-417
-426
-427
-432
-417
-417
-413
-414
-429
-440
-448
-441
-440
-443
-443
-462
-458
-456
-456
-471
-491
-502
-525
-522
-513
-496
-489
-480
-488
-517
-521
-506
-500
-496
-494
-496
-499
-495
-491
-496
-500
-506
-502
-499
-489
-473
-481
-497
-508
-524
-533
-543
-547
-531
-502
-504
-497
-515
-533
-545
-550
-529
-519
-517
-519
-524
-508
-499
-492
-493
-509
-485
-466
-465
-479
-489
-483
-441
-426
-442
-460
-467
-469
-463
-469
-473
-495
-512
-515
-520
-513
-505
-498
-512
-501
-499
-485
-452
-435
-427
-444
-452
-468
-462
-456
-455
-435
-434
-442
-455
-444
-445
-454
-459
-461
-467
-453
-444
-451
-444
-450
-447
-443
-438
-421
-416
-412
-414
-412
-406
-405
-403
-409
-422
-425
-406
-400
-384
-376
-386
-392
-393
-395
-405
-406
-404
-383
-371
-378
-397
-395
-371
-371
-370
-375
-391
-393
-370
-340
-335
-320
-321
-338
-340
-346
-363
-387
-391
-413
-429
-440
-440
-448
-460
-469
-469
-477
-484
-495
-500
-493
-481
-473
-451
-434
-421
-403
-418
-417
-408
-401
-394
-388
-383
-379
-378
-390
-395
-392
-401
-414
-414
-398
-385
-385
-386
-394
-415
-413
-431
-442
-435
-423
-420
-431
-434
-458
-487
-490
-478
-475
-470
-479
-478
-489
-501
-510
-516
-530
-541
-534
-532
-527
-518
-530
-534
-527
-529
-531
-548
-547
-522
-512
-515
-534
-538
-553
-554
-561
-574
-577
-575
-563
-566
-571
-579
-589
-602
-597
-601
-600
-608
-619
-616
-610
-628
-633
-641
-648
-654
-661
-657
-638
-628
-635
-632
-639
-656
-673
-658
-653
-647
-651
-667
-673
-682
-686
-703
-692
-682
-680
-656
-641
-636
-632
-644
-669
-650
-652
-680
-679
-672
-687
-692
-692
-712
-710
-720
-712
-708
-707
-702
-729
-717
-693
-712
-723
-721
-742
-725
-731
-728
-713
-715
-722
-717
-688
-705
-707
-689
-681
-701
-705
-697
-705
-712
-719
-701
-699
-705
-722
-729
-736
-734
-717
-707
-687
-696
-690
-683
-685
-670
-668
-685
-666
-681
-698
-687
-713
-695
-672
-691
-695
-688
-697
-691
-673
-674
-668
-677
-671
-665
-667
-660
-666
-662
-640
-660
-641
-613
-621
-626
-615
-635
-622
-607
-625
-589
-605
-610
-597
-621
-621
-618
-632
-638
-631
-653
-658
-642
-652
-646
-642
-647
-647
-642
-636
-612
-626
-628
-601
-620
-613
-608
-601
-592
-590
-589
-567
-566
-569
-557
-592
-586
-582
-590
-576
-575
-599
-598
-597
-607
-595
-599
-610
-650
-676
-653
-636
-632
-608
-609
-646
-638
-634
-621
-597
-585
-583
-609
-617
-600
-609
-628
-643
-640
-646
-666
-655
-657
-667
-676
-667
-686
-720
-713
-718
-730
-710
-688
-692
-678
-666
-686
-694
-698
-673
-649
-648
-634
-618
-621
-645
-639
-638
-649
-626
-625
-661
-670
-657
-663
-656
-636
-661
-689
-673
-665
-671
-655
-645
-639
-650
-645
-635
-650
-634
-618
-622
-630
-614
-634
-650
-640
-649
-671
-674
-690
-720
-721
-694
-694
-727
-721
-730
-745
-719
-683
-692
-684
-646
-649
-662
-658
-648
-656
-638
-642
-650
-625
-608
-645
-640
-615
-646
-657
-654
-686
-692
-648
-671
-659
-616
-626
-681
-648
-651
-737
-709
-663
-710
-693
-644
-689
-693
-673
-688
-709
-669
-661
-693
-626
-616
-681
-631
-630
-709
-634
-604
-674
-618
-568
-625
-640
-597
-627
-640
-590
-607
-626
-560
-592
-647
-583
-616
-704
-584
-589
-679
-572
-566
-649
-566
-561
-678
-633
-603
-675
-652
-575
-643
-650
-557
-619
-652
-511
-610
-661
-467
-571
-639
-477
-545
-638
-474
-496
-609
-460
-459
-600
-427
-422
-602
-407
-432
-633
-407
-413
-604
-403
-401
-574
-430
-386
-545
-421
-365
-547
-445
-393
-551
-444
-433
-559
-434
-452
-520
-450
-451
-550
-493
-500
-563
-480
-459
-544
-442
-498
-543
-435
-482
-422
-460
-403
-417
-429
-433
-412
-451
-424
-451
-458
-424
-468
-394
-492
-409
-465
-436
-493
-410
-451
-445
-383
-491
-388
-429
-407
-512
-349
-493
-409
-467
-399
-448
-415
-445
-460
-412
-502
-390
-520
-390
-502
-368
-485
-399
-425
-439
-466
-449
-404
-470
-436
-471
-396
-448
-474
-479
-380
-498
-421
-420
-422
-388
-410
-418
-395
-389
-426
-435
-368
-415
-380
-414
-471
-403
-439
-524
-503
-437
-519
-443
-479
-439
-465
-536
-515
-513
-473
-523
-497
-490
-478
-540
-439
-492
-489
-434
-457
-423
-449
-414
-462
-428
-457
-400
-491
-426
-427
-509
-434
-411
-528
-501
-433
-560
-444
-484
-556
-519
-475
-599
-529
-440
-500
-470
-403
-512
-500
-428
-564
-512
-423
-560
-491
-405
-583
-523
-469
-566
-582
-485
-549
-589
-467
-579
-562
-469
-639
-531
-485
-615
-548
-534
-539
-542
-522
-538
-562
-501
-611
-571
-508
-583
-496
-548
-465
-488
-548
-477
-601
-510
-530
-552
-505
-509
-547
-503
-486
-514
-461
-546
-434
-533
-495
-417
-471
-396
-467
-489
-412
-488
-475
-461
-499
-499
-577
-456
-583
-539
-519
-586
-468
-555
-553
-448
-514
-524
-451
-459
-446
-417
-433
-389
-366
-354
-442
-340
-293
-422
-268
-379
-431
-307
-359
-407
-348
-352
-376
-294
-357
-390
-292
-402
-379
-325
-407
-345
-326
-341
-331
-317
-337
-337
-356
-354
-289
-308
-295
-346
-274
-238
-332
-230
-338
-237
-268
-214
-221
-270
-153
-278
-184
-322
-203
-233
-188
-196
-171
-128
-188
-73
-251
-92
-179
-175
-161
-162
-121
-162
-70
-262
-93
-158
-180
-123
-182
-144
-165
-101
-222
-91
-135
-181
-135
-168
-197
-129
-101
-167
-129
-113
-119
-162
-121
-130
-139
-164
-41
-160
-153
-76
-256
-110
-163
-175
-167
-118
-225
-116
-225
-144
-84
-283
-102
-200
-166
-183
-200
-235
-140
-200
-301
-106
-225
-179
-222
-179
-171
-225
-153
-289
-133
-240
-171
-265
-201
-124
-292
-92
-262
-113
-211
-169
-248
-62
-222
-241
-51
-287
-37
-298
-59
-203
-165
-163
-176
-146
-212
-76
-297
-48
-269
-87
-220
-158
-117
-273
-13
-288
-35
-218
-152
-228
-96
-190
-280
23
-354
-33
-271
-106
-270
-145
-214
-310
-79
-371
-75
-325
-95
-339
-86
-196
-269
-60
-289
-81
-325
-42
-285
-68
-229
-229
-99
-276
-54
-286
-71
-318
-159
-272
-213
-222
-269
-158
-337
-119
-363
-180
-261
-259
-256
-174
-173
-273
-119
-287
-118
-234
-140
-205
-82
-204
-142
-137
-189
-133
-301
-44
-233
-147
-248
-103
-301
-35
-172
-186
-23
-321
-220
-270
-106
-282
-48
-252
-182
-172
-277
-80
-172
-138
-135
-104
-258
-38
-231
-130
-123
-245
-159
-205
-233
-223
-171
-256
-197
-289
-265
-297
-204
-293
-206
-242
-268
-182
-198
-241
-161
-193
-241
-177
-182
-187
-140
-178
-215
-154
-182
-166
-191
-166
-201
-167
-202
-161
-172
-189
-158
-181
-131
-184
-166
-106
-217
-71
-153
-139
-119
-71
-181
-112
-3
-156
-85
-131
-6
-163
-114
-100
-170
-166
-112
-242
-145
13
-376
-80
-94
-277
-63
-171
-66
-128
-87
-41
-140
-44
10
-95
-118
96
-101
-135
52
7
-229
139
-83
-206
100
-160
-168
39
-181
-69
-21
-27
-35
-47
-16
-1
-136
-50
-61
-91
-31
-60
-17
-91
58
-150
-133
51
-161
-96
8
-90
-22
-125
98
-156
-43
150
-224
120
42
-146
92
9
-90
-5
34
-93
-7
77
-125
-53
105
-195
-30
-38
-176
-91
12
-139
-123
57
-201
-170
43
-238
-151
49
-199
-233
36
-232
-208
-28
-273
-139
-178
-94
-253
-172
-14
-352
-91
-58
-340
-42
-85
-231
-97
53
-186
-92
86
-327
-17
2
-280
-47
7
-238
-49
-120
-75
-185
-139
-16
-360
36
-249
-240
39
-279
-225
45
-331
-210
-4
-366
-154
-34
-355
-105
-103
-335
-139
-165
-330
-109
-89
-342
97
-221
-158
-21
-230
-29
-210
-106
-73
-210
-60
-120
-245
36
-228
-256
124
-280
-198
-32
-180
-165
-64
-109
-267
-4
-178
-243
-48
-186
-173
-104
-166
-85
-209
-192
-80
-215
-130
-146
-84
-147
-115
-184
-100
-153
-203
-129
-216
-13
-254
-37
-147
-39
-130
-88
-38
-237
106
-216
-153
50
-118
-327
192
-208
-154
16
-211
41
-185
-45
-103
36
-258
38
-106
-163
79
-267
86
-80
-131
-48
-91
-205
-3
-185
-272
116
-379
-74
-32
-393
67
-132
-279
3
56
-301
65
-95
-106
-7
-183
78
-162
-109
-33
-181
-100
2
-175
-130
49
-389
34
-70
-353
93
-149
-162
-118
88
-258
-5
-12
-186
93
-256
52
-106
-117
-2
-58
-243
62
-211
-374
217
-515
-3
-164
-262
-148
-114
-321
-155
-98
-339
-118
-290
-121
-269
-106
-275
-2
-299
-166
-29
-351
-31
-240
-228
-138
-184
-289
-66
-265
-211
-142
-305
-22
-358
-121
-143
-222
-178
-126
-193
-206
-57
-382
-23
-184
-275
39
-176
-236
-85
-88
-508
117
-380
-235
-93
-406
-226
-233
-232
-397
-69
-373
-293
-323
-161
-479
-175
-184
-461
13
-318
-299
-74
-243
-370
119
-453
-48
-62
-410
31
-313
-212
-108
-241
-358
185
-589
11
-102
-401
-48
-125
-320
-223
-5
-365
-81
-145
-170
-229
-86
-345
-213
-164
-247
-137
-234
-197
-210
-206
-259
-50
-424
-46
-176
-372
-59
-168
-329
-145
-196
-262
-42
-357
-98
-43
-323
-37
-168
-156
-34
-204
-169
-56
-205
-218
-49
-277
-16
-262
-140
-240
-80
-176
-318
43
-388
-26
-257
-192
-54
-189
-177
-163
-226
-124
-100
-377
42
-278
-155
-216
-147
-269
-109
-135
-287
-14
-231
-230
-172
-103
-486
99
-213
-362
155
-234
-319
30
-181
-326
29
-181
-314
56
-283
-228
-92
-343
-111
-254
-225
-245
-149
-392
-67
-407
-163
-264
-262
-218
-225
-116
-397
21
-365
-113
-202
-93
-245
-173
-90
-289
-185
-13
-257
-164
-35
-180
-204
-2
-247
-297
187
-467
-127
86
-335
-172
161
-514
-15
27
-545
268
-339
-240
78
-331
-213
-13
-156
-323
111
-388
27
-333
-34
-285
-133
-246
-84
-183
-288
89
-357
-25
-160
-171
-159
43
-503
211
-221
-415
208
-344
-167
38
-407
-38
-27
-460
145
-156
-372
82
-394
-105
-213
-188
-138
-179
-363
-31
-426
-173
-168
-400
-3
-394
31
-482
211
-562
-46
-172
-192
-189
-166
-231
-225
-207
-349
27
-551
191
-439
-108
-109
-180
-322
-109
-97
-293
-216
-86
-288
-236
-33
-254
-174
-35
-294
-270
-26
-199
-276
-33
-75
-351
124
-316
-42
55
-308
55
-159
-114
-99
-162
-164
49
-493
150
-283
-355
107
-326
-292
-15
-330
-360
71
-491
-218
101
-593
-96
-129
-373
-225
-3
-477
-1
-102
-329
-22
-97
-227
-177
-22
-245
-118
-177
-91
-284
-75
-241
-125
-379
-37
-286
-320
-63
-358
-255
23
-370
-189
83
-383
28
-243
-115
-55
-237
70
-267
-115
-57
-304
12
-168
-138
-243
-71
-313
-109
-259
-18
-465
99
-186
-390
198
-234
-203
-12
-41
-292
135
-195
41
-234
156
-238
-17
29
-304
177
-303
-58
-155
45
-238
-13
-91
51
-294
55
42
-395
252
-198
-64
-7
-80
-42
-128
99
-283
81
3
-149
11
-9
-137
69
-148
-87
233
-449
341
-154
-147
224
-205
-4
16
-46
0
-23
108
-51
4
53
-13
-33
75
-2
37
96
-150
174
-114
18
-9
2
-30
-46
58
-113
19
-34
34
-91
70
-44
-61
32
-20
-18
-94
116
-224
124
-97
-70
88
-1
-77
48
157
-304
235
14
-200
221
-133
-53
90
-82
-56
84
-119
65
-54
53
78
-199
295
-136
10
144
6
10
205
-108
141
80
8
90
122
-15
36
82
98
-91
139
134
-146
166
145
-87
196
175
-87
204
197
13
222
232
73
190
194
168
48
286
2
106
230
62
73
200
69
52
195
31
77
180
41
6
293
31
87
297
-4
152
152
123
33
132
133
-35
178
89
-34
121
167
-131
183
149
-169
188
123
-102
150
56
23
128
51
-16
240
45
128
14
307
-93
120
323
-129
242
174
-75
149
224
-103
182
-24
100
-84
60
-1
-81
82
-122
66
4
49
5
142
-3
41
127
122
-76
161
72
2
172
-45
63
265
-198
294
64
-77
303
-34
82
174
24
-9
233
-45
103
49
119
-70
30
100
-115
34
126
-69
84
80
12
118
105
113
200
-112
169
25
-89
154
45
-13
58
165
-221
290
-181
-59
161
-62
-41
8
100
-220
125
-14
-143
98
-81
-50
155
-139
145
90
-207
372
-152
92
103
-30
130
83
-10
176
54
17
97
-41
147
-42
44
117
22
69
-13
63
40
-5
23
167
-108
231
38
-77
433
-220
127
199
-73
3
212
-97
83
97
-245
208
-141
-10
82
-80
23
32
2
-53
111
23
11
15
159
-16
40
197
-51
210
-26
128
111
116
101
96
103
198
-88
148
243
-106
222
30
-19
133
-88
85
27
25
26
51
-2
161
-5
98
2
85
12
61
103
99
6
202
-64
187
37
125
33
71
314
-268
341
28
-17
291
20
-47
394
-104
44
383
-116
237
138
157
75
106
106
127
30
156
175
-93
249
-39
106
-40
63
-5
15
26
-1
138
-90
58
138
-230
322
-191
181
63
-87
190
-5
-130
77
63
-243
151
-71
-82
14
-90
-192
114
-306
88
-100
-121
97
-283
-36
212
-472
249
-66
-198
46
-120
-18
-111
-108
-61
-97
-252
185
-356
40
-87
-191
-80
-119
-52
-161
49
-146
-188
135
-296
38
-53
-47
-103
58
-200
12
-64
-168
106
-166
-31
17
-53
-136
167
-204
-77
134
-167
-2
-58
49
-155
57
-147
-37
-79
-1
-162
31
42
-259
87
-85
-18
-47
59
-149
34
52
-175
123
-26
-66
60
16
-115
230
-179
78
95
-132
148
-116
119
-34
45
-4
139
-67
134
-35
127
125
-8
115
167
21
29
347
-161
186
132
43
25
297
-172
197
47
-38
152
6
177
-11
147
71
-1
262
29
163
154
101
135
111
76
286
29
174
332
-91
347
15
84
223
148
97
230
-43
256
147
121
277
-41
273
119
86
295
197
101
355
23
255
213
203
166
493
-87
403
225
105
239
454
-17
245
223
78
319
54
460
-75
426
35
138
187
263
-30
458
84
124
408
-101
396
120
111
267
253
121
270
187
184
52
190
199
-15
229
187
-107
211
212
-202
333
96
-80
212
134
-130
276
15
-83
454
-237
240
113
-4
150
119
69
206
-72
225
19
-32
290
-201
161
16
-18
144
54
10
89
-116
157
-124
64
76
-52
131
47
205
-67
284
-7
117
180
50
109
291
-10
111
311
-184
272
-48
-67
185
-211
184
-12
90
33
139
-26
55
81
-88
188
-153
357
-259
303
-88
195
-60
-9
287
-349
408
-175
95
175
0
-87
282
-82
54
300
5
201
130
118
159
68
158
170
30
288
59
125
140
210
-53
342
69
116
243
-66
275
39
233
76
137
60
148
46
6
381
-244
481
-29
140
211
176
-44
249
253
-205
515
-152
311
129
133
-1
219
82
87
276
-63
435
-83
242
130
178
204
102
285
87
221
41
254
65
290
123
177
294
3
234
5
212
41
169
93
160
151
96
137
-21
388
-90
216
97
139
74
101
97
103
84
82
192
-25
286
50
141
236
310
35
333
169
29
327
149
193
162
489
-204
539
54
236
171
213
76
319
231
10
474
10
452
2
433
95
317
266
225
291
192
288
144
345
216
208
290
298
148
372
419
122
545
195
222
523
18
495
284
405
235
555
266
404
411
361
460
381
425
446
480
299
597
343
356
532
273
407
494
158
447
395
304
359
442
311
514
346
503
298
532
323
380
513
285
563
290
467
475
418
477
440
397
721
303
535
624
238
592
547
379
601
530
548
515
577
525
453
505
586
616
412
609
511
581
500
571
602
525
620
605
590
566
584
526
556
674
509
590
559
502
524
525
529
377
694
302
559
562
323
526
533
340
700
449
332
815
100
690
589
422
657
533
417
733
406
426
744
386
629
523
619
502
506
559
443
537
665
289
840
463
560
639
570
552
617
724
320
790
583
415
662
767
355
851
573
484
784
441
483
752
501
558
742
458
642
651
450
663
679
418
820
503
651
592
701
571
581
723
607
616
630
812
351
870
578
469
829
507
576
895
449
707
796
541
679
677
668
532
574
749
519
668
795
459
862
570
722
545
703
560
664
763
431
940
553
593
766
664
529
919
429
749
921
217
1067
589
549
742
559
636
742
671
620
762
662
687
541
1027
394
807
879
302
1014
564
590
778
542
738
524
498
944
321
616
963
275
913
736
314
927
496
497
700
745
568
723
662
593
572
534
716
522
719
492
721
450
488
707
336
820
437
576
704
567
466
760
527
518
890
347
810
372
771
525
581
667
400
643
667
534
458
912
155
766
567
484
647
445
634
453
656
470
644
601
630
553
580
680
568
602
498
788
493
550
638
623
582
490
849
463
577
650
592
547
708
428
764
551
559
574
565
645
588
712
619
583
642
682
333
822
412
531
715
349
443
480
392
398
618
312
545
610
337
513
698
387
472
636
392
625
511
587
763
404
635
563
594
786
490
712
669
401
673
562
551
664
420
522
426
410
441
403
541
402
419
601
192
697
477
239
838
289
446
633
419
602
644
365
770
484
596
726
547
689
513
641
585
581
628
529
631
495
450
677
350
634
576
465
483
606
253
531
582
456
557
504
558
356
820
274
674
611
401
631
670
384
583
555
288
753
317
565
482
369
431
436
391
530
462
357
575
352
555
537
370
583
402
477
502
467
446
741
369
574
658
444
680
524
546
487
538
485
712
459
645
415
427
549
266
545
543
508
527
497
299
584
602
380
685
507
439
481
590
443
509
565
341
649
514
539
426
545
412
515
496
472
507
271
562
411
545
460
473
471
473
499
567
444
514
545
401
681
466
485
562
335
429
509
313
489
497
514
519
473
397
334
487
517
450
601
469
252
456
493
414
516
561
399
450
448
356
412
478
464
518
625
514
441
370
519
466
356
515
367
399
460
325
342
338
248
411
528
394
363
375
224
292
378
278
374
388
284
341
347
275
335
281
324
299
225
334
249
297
290
252
360
330
248
436
439
311
425
339
354
354
351
391
420
452
421
425
354
329
340
318
379
396
241
298
264
187
302
214
243
247
196
273
184
213
193
209
270
268
267
259
256
272
320
211
264
243
266
304
280
315
181
207
216
128
179
163
74
93
98
-46
-33
-92
-64
-38
-49
24
16
-45
-3
-30
-87
-15
57
110
143
178
118
183
161
184
251
337
329
291
346
281
323
311
287
227
285
224
195
202
133
65
-30
58
-1
117
58
-11
50
-17
13
68
131
170
202
210
355
316
372
372
357
464
372
408
399
405
314
316
342
228
220
133
173
136
80
-33
-159
-239
-261
-199
-222
-165
-282
-279
-257
-278
-149
-239
-89
-151
-20
-77
-74
-55
-63
46
17
125
128
119
19
120
98
135
219
167
218
221
170
128
88
50
48
135
239
275
214
91
-31
44
10
2
188
171
131
56
-29
-27
20
29
53
186
258
167
178
180
99
101
178
283
302
272
260
218
262
242
257
333
369
359
292
255
212
260
137
235
198
169
139
11
-6
-117
-93
-122
-79
-116
-95
-203
-177
-160
-219
-182
-165
-122
-214
-210
-324
-324
-260
-248
-196
-245
-245
-314
-309
-84
18
1
55
109
151
275
265
174
202
207
245
339
524
467
386
236
117
32
-65
-124
-184
-237
-318
-369
-553
-580
-628
-704
-582
-522
-383
-322
-308
-143
-125
-80
71
243
429
673
745
772
842
799
844
899
926
920
869
761
646
504
356
286
312
252
177
151
33
-94
-113
-135
-46
99
143
168
244
174
107
175
249
362
378
345
302
274
195
82
-53
-193
-283
-399
-479
-606
-599
-703
-712
-675
-720
-609
-564
-345
-29
182
293
352
558
706
767
797
904
924
985
938
998
988
763
508
401
418
241
-2
-264
-400
-511
-718
-902
-920
-928
-971
-950
-829
-680
-563
-451
-202
109
335
486
605
865
1021
1090
1133
1217
1326
1199
1142
1065
921
793
581
514
515
340
96
51
-35
9
-60
-92
-15
25
38
60
207
253
333
372
498
460
487
508
528
596
501
405
201
202
104
-67
-198
-411
-541
-748
-922
-1012
-1053
-1017
-1132
-1099
-1050
-966
-793
-663
-337
52
345
395
515
711
859
936
904
961
1117
1003
866
746
683
462
162
21
-43
-127
-327
-564
-837
-1035
-1203
-1288
-1153
-949
-904
-855
-749
-611
-374
-126
210
506
803
947
1117
1317
1391
1345
1257
1289
1240
1191
1017
878
647
464
288
152
57
-16
-113
-154
-129
-163
-164
-174
-136
-11
124
205
295
427
442
494
540
566
582
587
539
454
431
242
153
-51
-180
-326
-493
-632
-806
-916
-1109
-1212
-1291
-1171
-1053
-1037
-996
-970
-735
-504
-237
65
382
605
611
599
699
825
822
732
785
770
592
360
137
29
-121
-388
-599
-636
-732
-946
-1102
-1165
-1367
-1490
-1509
-1339
-1076
-901
-806
-681
-426
-275
-11
290
579
730
772
894
981
1001
849
672
597
514
397
247
49
-92
-342
-418
-452
-361
-329
-440
-378
-304
-169
-141
-87
-28
144
221
304
437
471
469
396
369
382
358
268
155
71
-105
-278
-385
-529
-636
-731
-871
-936
-928
-1014
-1105
-1124
-1133
-1090
-999
-906
-836
-694
-616
-507
-204
125
417
452
358
286
331
380
388
420
474
319
73
-43
-203
-397
-593
-666
-602
-548
-615
-825
-966
-1009
-1237
-1266
-1196
-938
-729
-612
-499
-453
-340
-257
11
283
560
626
654
752
765
739
608
536
476
399
300
187
99
-40
-142
-184
-111
-37
-22
-14
12
124
106
216
306
404
467
463
467
443
452
399
370
367
377
311
205
121
-60
-165
-252
-321
-272
-339
-338
-501
-614
-706
-770
-751
-788
-748
-710
-583
-547
-511
-506
-429
-370
-307
-42
248
511
553
476
370
319
215
197
336
438
453
307
125
-108
-271
-415
-499
-412
-387
-433
-510
-695
-907
-1094
-1131
-932
-586
-337
-217
-239
-208
-135
66
392
634
865
933
988
928
827
716
523
514
602
571
464
296
125
-29
-37
36
131
229
300
323
343
314
240
196
307
462
607
654
607
449
298
296
306
473
498
454
335
145
20
-60
-178
-213
-286
-332
-322
-343
-351
-518
-641
-738
-688
-527
-368
-298
-257
-240
-248
-89
154
484
683
740
693
656
606
415
353
530
748
670
406
199
62
-142
-257
-171
-11
63
-131
-285
-353
-477
-714
-823
-662
-321
-37
84
130
64
-43
-15
319
782
1106
1132
1013
943
938
778
675
706
777
856
778
728
516
406
225
239
491
603
710
592
529
507
502
538
619
731
762
710
649
645
516
452
404
525
574
571
523
360
257
139
130
120
102
29
-112
-119
-216
-248
-352
-368
-428
-470
-348
-298
-212
-209
-228
-131
32
356
686
827
781
660
679
718
742
747
756
745
591
447
299
216
50
-80
-46
87
103
-29
-103
-286
-486
-689
-757
-530
-210
5
106
141
87
71
216
527
898
1103
1173
1187
1196
1083
876
713
714
849
872
814
619
385
179
142
218
377
466
481
550
548
450
346
280
377
574
690
755
670
565
421
403
443
557
631
705
635
474
313
121
33
31
44
55
10
-55
-238
-354
-449
-543
-554
-406
-226
-143
-92
-163
-191
-89
171
658
1048
1133
914
747
767
761
757
776
823
814
628
385
198
5
-169
-190
9
191
236
49
-225
-395
-643
-713
-574
-142
236
376
364
190
166
197
409
780
1167
1365
1340
1225
950
705
504
487
654
821
863
689
382
140
48
153
378
591
681
742
723
615
480
404
490
651
855
897
805
603
364
220
244
443
615
633
484
274
127
-16
4
40
121
79
40
-118
-124
-174
-282
-409
-498
-435
-315
-208
-242
-224
-260
-238
-126
290
829
1067
896
569
531
565
678
724
901
901
591
289
134
122
-11
-111
-70
191
346
187
-80
-278
-457
-643
-661
-407
22
243
205
94
-5
-45
33
372
861
1222
1283
1113
897
650
486
405
538
761
866
775
524
272
115
87
264
478
688
697
647
594
527
484
403
435
585
734
787
650
456
290
172
212
345
484
594
449
311
134
-10
-29
-58
21
-10
-50
-179
-294
-440
-540
-630
-677
-597
-542
-454
-420
-369
-351
-248
-1
484
907
1020
803
599
596
607
704
857
1028
883
478
151
-2
-12
-145
-135
15
261
241
-11
-226
-511
-677
-861
-740
-370
-50
164
99
104
13
-56
135
550
1045
1241
1255
1089
865
619
382
369
549
736
723
555
308
101
-2
29
194
456
549
570
506
510
444
392
370
455
639
719
668
480
263
132
134
236
384
374
284
27
-114
-160
-146
-65
-122
-96
-203
-301
-371
-491
-511
-622
-614
-691
-711
-634
-605
-489
-484
-362
-128
311
738
909
725
386
274
449
714
977
1050
866
405
-27
-128
-129
-110
-127
-3
185
163
-72
-568
-817
-893
-852
-734
-548
-236
-73
-27
-102
-98
-40
99
519
982
1332
1307
1027
720
494
438
400
472
506
519
400
135
-56
-129
-46
109
269
432
469
483
433
449
423
429
519
659
757
697
561
397
299
291
320
397
485
507
399
162
-4
-208
-196
-204
-62
-8
-38
-127
-384
-506
-678
-684
-655
-574
-399
-290
-199
-264
-300
-74
468
1174
1425
1135
734
622
760
937
1131
1291
1131
617
152
108
183
86
-81
-55
275
500
380
-86
-521
-696
-713
-515
-235
131
277
185
91
44
123
290
651
1114
1420
1526
1332
1049
697
415
402
494
673
665
530
285
65
-15
52
227
388
486
534
562
571
516
476
483
615
736
743
682
519
401
335
259
322
315
347
333
204
70
-168
-245
-258
-148
-67
-85
-135
-273
-454
-532
-571
-561
-642
-683
-639
-574
-433
-373
-267
-11
487
1081
1310
1052
665
543
713
938
1209
1344
1194
653
106
-36
44
72
-26
-2
227
366
245
-227
-565
-760
-750
-615
-355
-7
56
-20
-173
-56
152
346
590
911
1242
1371
1401
1189
928
632
473
524
683
791
641
432
186
127
170
335
423
538
559
633
683
656
574
511
594
720
805
764
656
515
348
237
226
382
484
541
388
194
19
-185
-193
-145
-35
-20
-49
-206
-378
-567
-684
-753
-766
-796
-731
-571
-430
-342
-325
-36
498
1092
1289
1069
802
691
772
955
1288
1498
1247
614
49
-74
15
26
-84
-14
167
233
16
-269
-629
-927
-1035
-849
-381
-1
113
-73
-193
-181
-14
313
709
1050
1203
1258
1276
1168
842
415
180
318
557
684
522
243
-25
-117
-35
82
288
361
473
559
643
621
484
467
615
836
963
825
661
420
331
272
340
436
491
401
196
-3
-173
-239
-310
-287
-269
-196
-177
-318
-622
-971
-1099
-1016
-795
-610
-547
-500
-452
-357
-129
467
1203
1585
1264
809
766
1004
1164
1256
1405
1319
852
227
17
56
101
-54
-141
46
252
228
-87
-373
-564
-705
-693
-435
54
369
342
153
70
201
446
800
1178
1427
1453
1421
1351
1157
805
460
325
454
621
680
487
313
153
149
203
353
563
701
874
978
1033
957
851
832
955
1057
1073
1001
930
810
648
469
395
480
537
479
322
150
21
-138
-197
-205
-152
-47
-85
-174
-436
-616
-716
-735
-608
-457
-278
-191
-118
102
610
1290
1602
1349
903
754
1009
1288
1504
1569
1319
705
40
-164
-22
85
-30
-172
-83
64
91
-149
-470
-648
-725
-699
-582
-231
84
134
-14
-158
-76
170
536
876
1113
1155
1106
1040
887
726
475
265
200
244
301
180
3
-91
-37
-9
15
42
223
409
592
637
666
606
591
595
612
656
623
540
393
258
164
76
111
79
74
-78
-272
-484
-537
-544
-561
-608
-604
-625
-748
-914
-1055
-1078
-1060
-965
-868
-743
-646
-472
-153
414
1040
1308
1015
517
320
542
852
1159
1265
1019
321
-330
-535
-406
-295
-375
-450
-355
-173
-150
-419
-778
-905
-880
-793
-696
-454
-260
-224
-314
-314
-149
128
402
621
797
928
1010
942
776
558
401
262
150
59
76
-1
-153
-223
-172
-85
-103
-79
-27
173
400
606
623
600
535
554
549
555
541
500
402
300
205
111
7
-75
-152
-215
-301
-462
-623
-694
-703
-707
-730
-728
-731
-917
-1130
-1251
-1144
-951
-768
-653
-550
-377
-25
570
1121
1194
785
389
350
624
955
1259
1201
692
-86
-537
-515
-282
-174
-313
-483
-546
-419
-344
-412
-603
-821
-967
-1008
-714
-379
-140
-192
-396
-513
-404
54
518
824
911
899
899
841
774
649
515
337
174
88
100
81
-19
-155
-251
-266
-197
-74
62
230
340
396
389
373
398
382
363
299
317
343
329
226
37
-42
-56
7
-19
-126
-313
-484
-593
-614
-590
-580
-640
-755
-858
-941
-1046
-1142
-1193
-1145
-968
-773
-533
-209
266
742
940
800
538
469
584
853
1202
1350
1096
519
-35
-351
-391
-303
-256
-271
-287
-300
-316
-413
-597
-789
-939
-884
-680
-413
-220
-203
-322
-486
-494
-276
149
555
770
873
894
923
861
758
675
613
542
403
296
240
195
91
-85
-181
-228
-203
-166
-58
79
174
241
193
220
287
323
317
292
304
322
303
223
165
142
110
46
-32
-73
-190
-320
-463
-528
-586
-612
-688
-817
-933
-1058
-1149
-1242
-1266
-1257
-1167
-1030
-810
-426
129
656
854
692
414
298
400
666
1035
1258
1151
663
129
-207
-316
-322
-315
-324
-357
-323
-318
-327
-454
-640
-902
-1083
-1020
-767
-468
-286
-292
-387
-464
-354
-36
327
542
632
722
893
1009
1029
925
760
595
397
268
267
347
360
261
28
-148
-258
-289
-257
-156
-45
11
69
143
256
285
171
15
-25
63
178
293
357
390
348
217
58
-77
-130
-139
-149
-196
-221
-257
-319
-450
-642
-885
-1071
-1142
-1106
-1027
-912
-814
-714
-552
-258
209
581
700
599
493
569
731
937
1104
1143
945
549
233
64
59
95
118
61
-33
-91
-114
-112
-180
-324
-514
-667
-708
-621
-438
-245
-126
-141
-191
-67
214
460
585
681
853
1050
1149
1175
1138
1046
853
624
473
466
590
659
571
372
158
2
-107
-159
-117
-53
13
85
175
256
259
165
0
-106
-86
63
317
536
623
529
308
75
-77
-73
-1
52
30
-39
-156
-296
-464
-680
-923
-1181
-1318
-1243
-1072
-898
-797
-699
-554
-231
131
366
403
340
331
376
527
755
954
917
626
270
35
-37
3
78
117
128
82
-23
-99
-157
-267
-445
-639
-752
-710
-541
-366
-283
-344
-421
-383
-201
26
186
327
502
677
803
846
828
798
747
673
551
500
531
589
587
503
347
131
-51
-194
-223
-190
-129
-68
-39
3
-20
-58
-124
-202
-229
-180
-13
206
402
471
345
145
-51
-131
-103
-18
60
30
-96
-279
-441
-604
-815
-1076
-1260
-1297
-1166
-1047
-958
-933
-822
-597
-295
10
190
217
138
115
172
345
584
685
564
315
104
23
5
11
39
79
95
88
57
28
-46
-221
-515
-775
-862
-766
-573
-430
-424
-512
-562
-512
-363
-191
-35
165
390
558
685
779
848
818
727
604
548
582
667
713
678
548
325
52
-158
-258
-278
-273
-280
-266
-238
-233
-279
-364
-403
-422
-381
-262
-35
218
350
321
178
23
-100
-134
-73
40
94
45
-114
-289
-506
-743
-1002
-1205
-1200
-1102
-1018
-1022
-1006
-867
-651
-373
-94
111
159
77
5
36
228
469
613
545
342
144
47
16
35
61
98
111
91
93
109
81
-99
-398
-668
-790
-741
-606
-509
-491
-527
-591
-581
-459
-274
-85
101
298
483
618
731
814
848
827
744
656
635
689
743
707
558
340
115
-46
-176
-236
-270
-284
-288
-290
-273
-266
-293
-362
-428
-399
-282
-81
123
285
317
229
59
-84
-114
-37
69
52
-18
-137
-251
-406
-615
-866
-1042
-1107
-1071
-982
-925
-873
-774
-613
-372
-92
136
189
145
69
80
189
384
561
578
451
257
136
44
22
62
134
168
125
60
27
9
-103
-340
-600
-736
-700
-607
-511
-466
-484
-503
-506
-411
-262
-71
96
245
405
562
718
787
805
762
713
655
633
650
670
642
522
349
150
-1
-118
-226
-289
-305
-305
-284
-312
-296
-316
-363
-432
-400
-280
-105
74
205
248
173
18
-93
-80
12
65
2
-95
-197
-250
-329
-499
-754
-956
-1066
-1067
-992
-836
-700
-626
-550
-381
-91
176
307
269
224
229
315
450
603
668
526
296
122
59
69
94
141
130
81
17
-27
-17
-39
-181
-432
-657
-725
-629
-443
-282
-224
-255
-318
-300
-152
65
291
454
580
725
847
915
922
914
897
843
745
714
755
794
737
532
276
77
-40
-102
-148
-169
-163
-175
-201
-191
-136
-117
-154
-186
-176
-38
170
392
474
424
265
109
23
43
142
176
101
-64
-201
-323
-483
-664
-826
-919
-936
-879
-770
-608
-385
-166
101
299
409
395
349
347
449
656
892
1000
862
549
257
98
83
135
175
163
119
60
-38
-149
-276
-405
-574
-717
-745
-605
-419
-283
-264
-310
-311
-229
-51
134
376
626
821
925
962
977
987
955
922
898
948
1005
969
843
630
408
182
26
-81
-113
-137
-164
-221
-233
-263
-268
-321
-337
-262
-131
-1
111
210
276
299
251
164
91
58
46
57
37
-43
-192
-345
-491
-614
-758
-916
-1043
-1105
-1034
-937
-761
-561
-263
102
345
453
416
374
381
453
693
984
1114
977
606
216
-35
-132
-129
-99
-107
-186
-320
-441
-491
-521
-631
-836
-1012
-1018
-822
-545
-325
-249
-260
-273
-208
-25
238
537
781
965
1053
1049
1062
1068
1020
884
710
641
654
732
729
608
356
33
-239
-373
-340
-207
-99
-85
-133
-173
-158
-160
-185
-201
-129
1
180
341
466
496
415
199
18
-105
-76
-1
18
-33
-159
-345
-586
-775
-851
-874
-921
-973
-994
-888
-649
-238
235
656
814
709
506
444
559
830
1189
1475
1414
1021
545
201
44
-34
-68
-108
-159
-233
-330
-444
-576
-713
-903
-1079
-1101
-892
-475
-98
83
13
-150
-149
87
469
814
1131
1339
1401
1355
1267
1225
1187
1127
952
775
715
791
845
738
462
97
-240
-401
-365
-171
78
218
191
50
-80
-99
-51
18
65
158
319
498
621
639
558
381
199
62
32
71
81
-9
-197
-374
-532
-709
-856
-958
-1006
-945
-851
-773
-601
-198
428
941
1131
1013
806
720
820
1157
1637
1980
1880
1334
657
224
121
164
141
-5
-196
-365
-513
-642
-725
-795
-943
-1131
-1140
-806
-249
223
390
261
106
165
493
906
1320
1672
1905
1935
1756
1564
1444
1418
1335
1166
994
951
1008
992
812
504
155
-62
-132
-23
215
447
587
533
410
313
347
431
494
558
597
658
715
757
736
608
398
197
69
90
161
132
-47
-296
-502
-663
-741
-766
-755
-719
-673
-609
-506
-320
18
545
1125
1467
1460
1274
1178
1194
1357
1684
2032
2042
1577
928
432
227
198
198
85
-202
-508
-745
-858
-850
-750
-714
-889
-1068
-990
-500
108
516
590
415
372
610
1072
1492
1836
2083
2084
1867
1572
1407
1387
1367
1213
935
773
769
810
655
343
16
-205
-237
-74
231
533
712
706
562
432
449
556
683
764
810
785
734
643
532
406
242
81
-48
-67
-50
-57
-244
-503
-726
-831
-847
-817
-776
-713
-645
-570
-472
-294
116
729
1320
1630
1562
1366
1252
1265
1443
1758
2078
2033
1527
795
292
96
67
25
-108
-320
-567
-772
-994
-1066
-975
-893
-944
-995
-815
-370
135
473
538
489
527
757
1108
1472
1846
2106
2150
1902
1556
1313
1212
1182
1096
896
778
779
801
655
363
61
-174
-184
2
386
745
988
1025
873
687
681
781
922
958
978
953
928
809
606
357
122
-62
-193
-226
-231
-247
-365
-558
-711
-793
-807
-760
-675
-582
-456
-316
-213
-104
186
685
1355
1865
1947
1679
1392
1282
1326
1563
1980
2158
1783
947
191
-160
-181
-113
-187
-409
-688
-863
-940
-943
-891
-870
-994
-1143
-1006
-486
220
740
813
543
286
441
940
1489
1921
2134
2150
1883
1471
1167
1100
1153
1142
937
708
649
704
668
439
135
-96
-100
93
451
786
1059
1131
1047
887
798
886
1020
1070
1011
838
684
554
484
330
116
-147
-379
-475
-501
-491
-538
-681
-789
-797
-706
-638
-644
-699
-694
-541
-345
-86
228
663
1287
1809
1953
1672
1291
1136
1210
1432
1789
2082
1910
1161
303
-274
-403
-311
-226
-308
-531
-746
-911
-964
-954
-893
-897
-987
-930
-537
119
679
816
555
236
302
754
1358
1793
1997
2019
1808
1445
1107
960
999
1064
955
732
600
662
675
486
198
-24
12
216
564
786
967
1001
951
849
818
908
1008
1029
928
776
628
472
325
191
56
-118
-314
-489
-576
-619
-675
-787
-840
-819
-730
-662
-644
-695
-717
-638
-457
-230
37
376
851
1367
1705
1617
1282
1009
971
1085
1330
1675
1756
1272
423
-253
-520
-482
-386
-398
-575
-790
-984
-1110
-1154
-1020
-818
-773
-884
-865
-508
17
442
506
356
245
404
787
1177
1502
1726
1737
1423
974
688
758
952
1012
824
556
401
356
317
239
168
148
175
242
432
663
897
965
848
723
682
759
820
776
657
482
288
108
-27
-37
-134
-290
-575
-816
-874
-866
-801
-826
-794
-730
-681
-684
-735
-687
-612
-514
-463
-344
-12
639
1417
1843
1655
1095
671
609
828
1315
1832
1954
1344
320
-450
-614
-428
-228
-277
-526
-807
-961
-1018
-1045
-1002
-986
-1045
-1132
-913
-374
233
507
262
-182
-341
47
722
1247
1492
1473
1293
1006
698
556
612
781
809
648
506
502
599
523
278
19
-57
107
376
656
786
807
771
711
654
641
634
584
480
341
204
85
-16
-124
-218
-375
-557
-719
-802
-797
-793
-839
-942
-906
-824
-757
-813
-858
-803
-741
-673
-632
-522
-329
-92
293
850
1300
1274
849
462
330
444
793
1249
1406
896
25
-610
-788
-633
-491
-490
-729
-1016
-1199
-1239
-1148
-1070
-974
-1082
-1205
-1121
-722
-203
52
-22
-281
-369
-65
399
838
1040
1092
993
741
485
390
532
676
650
457
281
291
326
299
130
-22
-72
-17
121
312
510
654
637
560
372
313
285
274
198
71
-44
-171
-254
-349
-430
-548
-692
-878
-959
-995
-932
-903
-817
-799
-797
-901
-961
-1025
-950
-857
-728
-641
-588
-396
-40
561
1076
1134
743
289
173
381
732
1224
1412
1030
115
-656
-845
-625
-345
-348
-578
-970
-1252
-1338
-1278
-1141
-1041
-1081
-1214
-1243
-866
-392
-41
-161
-490
-695
-433
236
813
1051
948
732
524
319
272
386
548
549
329
142
112
255
246
103
-101
-163
-70
100
314
477
587
620
549
433
345
327
288
170
23
-144
-255
-379
-457
-558
-615
-723
-852
-980
-1028
-1006
-943
-896
-830
-777
-734
-778
-875
-905
-993
-947
-882
-678
-527
-353
-86
372
801
869
557
233
140
272
596
1052
1256
860
33
-660
-802
-610
-377
-365
-562
-906
-1151
-1297
-1288
-1095
-863
-798
-1001
-1128
-936
-502
-181
-172
-387
-483
-270
208
604
802
778
661
464
278
253
411
565
534
350
149
96
122
152
60
-32
-60
-15
111
315
526
626
610
504
418
371
365
240
87
-83
-158
-257
-340
-510
-608
-726
-759
-926
-1006
-1011
-891
-799
-801
-823
-843
-832
-835
-813
-805
-835
-909
-928
-894
-738
-463
42
611
980
807
297
-54
21
319
760
1172
1203
590
-309
-838
-842
-573
-461
-522
-719
-908
-1040
-1075
-1069
-1083
-1081
-1062
-1010
-795
-437
-163
-249
-556
-783
-634
-79
546
830
753
558
409
287
191
212
328
494
484
319
136
30
-72
-135
-185
-91
45
210
284
308
383
434
508
527
508
446
323
143
-66
-212
-252
-323
-377
-478
-572
-702
-902
-1027
-1108
-956
-754
-659
-699
-846
-880
-969
-955
-954
-933
-972
-998
-981
-950
-924
-775
-469
82
668
972
739
201
-102
-24
370
883
1172
943
146
-638
-985
-967
-842
-844
-892
-1047
-1170
-1134
-975
-840
-950
-1144
-1273
-1107
-592
-78
85
-150
-585
-810
-571
74
636
831
642
336
130
87
122
180
253
294
226
124
19
-50
-63
-136
-133
-139
23
189
393
522
453
401
315
310
324
233
112
-116
-201
-245
-321
-414
-574
-673
-786
-868
-934
-935
-785
-679
-592
-665
-769
-829
-892
-901
-850
-848
-852
-913
-955
-1059
-1122
-994
-695
-92
632
1119
894
187
-286
-171
329
876
1223
1120
413
-444
-929
-964
-844
-869
-958
-1042
-1090
-1050
-1000
-1033
-1166
-1278
-1245
-1039
-581
-176
-10
-225
-580
-737
-495
120
649
824
644
332
176
179
283
310
288
262
177
98
-25
-129
-179
-198
-177
-104
14
174
325
467
409
261
201
223
359
381
297
78
-99
-166
-287
-415
-565
-656
-681
-718
-750
-772
-760
-749
-857
-821
-738
-519
-499
-582
-770
-961
-1072
-1099
-1003
-863
-811
-853
-918
-709
-80
686
1053
677
118
-106
242
706
1068
1162
787
56
-706
-984
-806
-652
-764
-1084
-1278
-1219
-1059
-948
-1020
-1064
-934
-725
-560
-392
-114
47
-4
-128
-59
257
653
876
816
627
510
522
576
541
477
454
474
419
255
134
120
197
205
263
263
390
493
626
743
735
723
632
638
676
702
643
459
297
202
100
-14
-179
-209
-221
-182
-105
-120
-152
-289
-311
-200
-95
-1
-84
-62
-190
-337
-483
-562
-468
-423
-447
-479
-438
-100
370
1034
1472
1409
936
541
752
1243
1628
1668
1300
647
-142
-580
-608
-500
-509
-669
-709
-688
-550
-457
-438
-517
-529
-284
79
526
829
872
648
380
390
674
1111
1393
1330
1121
878
820
778
740
665
668
752
709
570
418
344
404
467
630
806
995
1125
1060
989
776
753
796
978
1116
1023
801
484
302
236
173
111
28
36
130
136
71
-92
-117
-80
87
204
254
255
210
104
-99
-340
-392
-329
-256
-278
-408
-392
-435
-252
17
509
1119
1601
1716
1359
986
959
1110
1195
1065
893
538
-86
-610
-881
-883
-927
-1016
-962
-790
-427
-194
-85
-89
-66
142
346
582
795
1001
1086
847
564
437
671
979
1038
901
655
532
486
480
485
425
413
427
427
441
444
570
655
769
819
901
983
977
940
846
816
819
861
893
774
529
242
55
9
6
37
59
133
155
99
-16
-81
-32
106
208
243
269
273
190
-18
-156
-257
-241
-327
-360
-433
-440
-432
-394
-211
50
471
963
1428
1651
1468
1004
658
578
711
795
762
461
-84
-658
-971
-1042
-1033
-970
-752
-438
-109
50
118
169
361
537
589
671
843
1058
983
724
441
336
428
528
605
589
496
359
263
259
302
360
473
518
619
683
712
745
770
885
933
1023
940
903
853
887
854
824
718
560
389
330
272
214
130
73
112
105
157
132
191
219
206
241
219
265
270
345
353
325
208
2
-169
-212
-222
-273
-409
-459
-479
-359
-172
63
326
574
871
1116
1170
991
631
453
467
533
503
344
66
-436
-867
-1033
-871
-599
-407
-219
17
303
488
523
446
418
514
673
785
809
735
549
264
54
24
182
373
489
484
379
315
322
390
453
554
717
889
977
921
818
758
703
801
935
1078
1103
987
801
599
475
467
508
617
638
530
371
241
193
221
306
458
562
622
578
385
264
215
352
500
579
559
419
293
77
-124
-206
-223
-167
-178
-192
-178
-155
-46
-28
1
119
384
782
1059
1139
938
602
295
184
275
407
438
262
-83
-379
-452
-275
-70
63
223
501
765
868
759
526
485
594
649
569
486
473
410
234
22
-49
48
216
412
608
707
708
679
676
724
864
1003
1060
1053
1035
947
848
799
833
915
954
891
713
562
586
677
769
624
523
518
700
840
828
760
622
569
633
697
705
681
712
695
626
548
420
422
436
422
299
204
107
50
6
80
125
175
67
-4
-5
45
85
120
286
543
879
1078
1032
702
353
246
403
655
872
940
845
586
411
392
499
602
705
854
998
1074
982
759
576
566
608
563
485
557
641
576
408
326
428
604
845
1144
1292
1242
1125
1146
1183
1159
1173
1193
1210
1266
1257
1109
928
827
830
859
925
941
966
884
742
718
790
924
1055
1191
1203
1020
881
811
795
904
1016
1103
1052
945
831
684
621
522
529
575
608
582
452
352
273
236
171
48
25
42
51
-69
-163
-132
-142
-147
-98
108
400
557
660
636
640
656
704
890
988
1071
1073
1008
889
677
569
493
465
433
420
579
672
600
283
-39
-131
-30
195
393
558
615
470
280
266
535
826
1029
1146
1140
996
851
808
822
891
941
958
899
798
665
579
575
610
640
690
736
814
870
835
746
783
912
1018
1048
1038
982
927
902
871
830
805
830
843
780
678
564
490
446
394
406
431
463
416
321
117
-60
-177
-144
-55
5
-50
-170
-287
-374
-399
-319
-172
48
291
555
796
911
944
889
881
945
1087
1259
1329
1257
1036
796
569
369
219
195
264
407
502
472
283
149
203
352
417
474
604
749
827
777
730
689
664
678
813
976
1007
965
904
873
787
719
727
811
968
1039
999
884
778
760
845
984
1044
1038
1005
969
985
957
924
911
1003
1098
1144
1109
1021
924
886
859
861
890
923
969
926
814
615
499
420
436
468
507
496
399
236
58
-85
-167
-164
-58
56
55
-5
-100
-117
-92
63
238
485
718
886
984
1020
993
961
923
996
1077
1083
1015
883
810
614
409
327
446
627
739
818
819
668
510
485
574
667
713
753
777
732
641
590
543
489
488
661
880
982
1011
1003
995
991
1007
1042
1123
1271
1367
1306
1243
1178
1161
1095
1015
991
1005
1009
1006
1000
981
950
904
929
1008
1120
1181
1163
1102
1055
1099
1098
1055
969
905
882
828
766
676
617
548
510
449
439
462
489
434
316
247
264
329
309
258
221
195
153
155
173
214
269
321
374
408
467
485
510
541
594
611
647
710
745
757
737
792
809
835
797
802
829
837
786
721
644
566
528
499
492
475
492
433
379
392
463
503
560
613
658
696
763
845
900
923
902
918
962
1034
1100
1128
1027
894
866
900
945
953
946
885
850
886
910
914
915
878
845
820
815
791
736
654
590
545
524
480
407
410
434
459
514
592
630
639
629
642
677
695
671
622
573
535
506
493
435
296
142
30
-8
-18
9
42
56
61
54
79
132
182
237
288
347
411
552
699
770
749
723
724
745
810
828
828
826
837
841
818
742
698
738
777
774
760
789
766
727
714
734
713
681
695
731
800
878
940
910
860
821
884
998
1107
1205
1315
1379
1361
1313
1305
1350
1359
1387
1358
1341
1362
1392
1345
1199
1022
900
838
819
821
822
820
751
729
733
761
804
864
950
1045
1148
1187
1162
1115
1096
1092
1109
1090
1020
946
847
722
604
516
455
406
363
269
159
99
61
48
9
-22
-59
-52
13
133
210
232
253
245
306
391
529
608
609
548
527
569
623
657
702
736
711
719
732
761
773
776
734
689
668
682
655
572
479
432
395
347
365
426
476
479
540
606
656
708
763
858
950
1032
1104
1178
1216
1213
1186
1127
1086
1054
989
908
865
835
787
725
682
658
637
625
665
712
742
767
810
903
968
985
944
904
881
902
934
915
838
754
712
666
620
551
494
429
398
351
315
267
186
108
16
-50
-104
-118
-187
-248
-312
-312
-344
-364
-384
-361
-318
-303
-270
-212
-140
-105
-43
14
113
203
302
409
542
625
627
677
768
832
824
803
745
694
685
663
619
581
530
444
356
326
318
304
303
331
386
463
557
639
685
690
675
707
813
926
1022
1111
1121
1044
963
934
959
995
1014
992
962
968
1001
1013
979
922
885
915
966
1012
1035
981
877
780
758
798
831
846
836
812
747
701
688
679
706
729
754
768
730
682
627
565
504
474
453
417
363
232
105
-64
-194
-318
-381
-415
-441
-485
-540
-537
-498
-418
-361
-265
-176
-58
74
234
357
423
484
533
616
685
747
779
796
791
781
775
749
778
798
796
761
726
710
676
629
580
528
458
414
436
520
563
550
528
530
600
702
786
827
869
936
1030
1130
1221
1271
1249
1209
1210
1271
1305
1305
1296
1258
1222
1191
1129
1077
1028
1007
989
946
893
822
779
769
778
800
831
886
913
911
871
852
840
854
871
891
896
840
751
651
579
508
398
271
179
115
54
-37
-112
-210
-310
-396
-425
-399
-387
-354
-365
-390
-411
-411
-370
-287
-211
-169
-129
-112
-111
-77
-5
106
215
296
305
331
406
499
581
614
618
616
629
655
696
709
656
543
486
458
464
461
429
373
318
326
342
367
393
389
377
403
468
581
685
758
789
830
897
951
1004
1031
1032
1005
977
944
932
921
890
855
811
783
751
716
687
669
640
621
608
582
574
542
527
478
453
414
400
378
337
324
317
294
253
235
186
162
117
101
100
123
127
111
78
28
-4
-40
-62
-138
-182
-246
-323
-401
-460
-490
-526
-555
-601
-636
-626
-591
-559
-484
-416
-353
-285
-218
-174
-116
-60
-1
47
111
161
205
299
347
395
405
463
483
501
521
527
548
570
576
550
579
607
648
677
693
679
686
688
657
651
676
709
715
744
753
784
829
860
893
934
1001
1036
1063
1084
1089
1100
1102
1092
1059
1032
992
921
839
770
721
668
605
528
471
436
374
305
300
313
319
322
327
328
318
324
352
395
394
363
355
344
326
319
286
247
170
106
56
12
-29
-84
-160
-234
-282
-300
-322
-352
-405
-471
-523
-555
-583
-606
-605
-619
-654
-661
-649
-599
-521
-486
-471
-444
-368
-282
-213
-130
-53
37
127
222
315
407
481
535
579
617
661
748
817
862
868
823
786
742
725
715
702
656
609
586
565
553
532
514
500
505
549
595
615
606
598
608
619
625
623
618
615
594
581
571
576
578
565
566
542
516
497
490
500
485
440
362
329
317
304
296
254
202
137
123
111
113
104
54
36
35
33
18
3
-6
3
-13
-20
-55
-91
-150
-229
-286
-334
-371
-432
-489
-565
-627
-685
-721
-763
-809
-868
-856
-824
-819
-813
-830
-837
-845
-819
-745
-642
-560
-496
-430
-342
-264
-177
-97
-4
60
106
166
269
338
336
366
408
465
491
545
608
629
607
594
596
574
572
547
531
495
472
435
393
373
361
333
300
296
291
311
340
383
418
427
428
450
515
546
543
532
531
537
546
554
505
434
347
272
238
213
213
223
191
133
107
75
75
79
67
58
32
19
15
-15
-69
-123
-190
-236
-241
-209
-198
-207
-240
-279
-297
-307
-308
-294
-281
-267
-276
-284
-337
-374
-369
-341
-327
-340
-341
-350
-321
-330
-341
-365
-387
-402
-385
-388
-432
-489
-546
-518
-466
-384
-325
-280
-238
-230
-166
-92
14
104
190
228
285
347
378
460
510
575
585
661
676
722
748
758
761
745
763
764
826
818
809
727
687
685
701
715
690
656
624
619
589
590
591
573
553
561
599
604
626
656
677
681
658
645
610
587
555
541
506
480
444
406
347
268
228
172
133
100
86
81
84
79
64
58
57
77
103
116
111
126
143
169
196
205
234
234
241
259
270
266
241
228
228
243
220
212
199
196
149
105
76
37
27
-7
-18
-39
-44
-87
-123
-143
-148
-169
-224
-243
-233
-192
-151
-104
-76
-70
-43
-1
34
136
236
300
320
349
397
427
479
539
598
617
640
662
716
748
763
760
746
739
721
729
720
708
644
593
567
534
512
495
478
418
374
344
327
314
313
297
287
279
282
313
335
378
378
374
388
412
435
441
443
440
420
393
362
314
283
270
265
249
247
243
247
241
203
181
174
190
193
218
256
293
313
329
339
357
372
390
432
465
473
462
452
410
401
390
394
396
372
334
287
275
242
213
187
176
163
131
124
109
100
88
102
111
104
82
84
119
119
132
149
193
229
227
245
265
268
259
290
313
340
367
401
416
387
364
361
389
421
440
445
453
507
521
523
550
578
581
582
656
689
708
691
666
643
635
611
602
628
639
624
602
603
574
579
594
614
609
588
582
578
591
582
549
542
563
579
580
548
530
513
504
520
554
558
533
501
507
537
544
567
591
601
616
584
582
587
598
590
590
599
601
612
627
657
644
649
633
631
648
664
681
655
644
605
582
553
544
509
471
438
420
417
378
351
279
219
165
150
130
113
93
62
27
4
13
6
-3
-31
-45
-47
-49
-32
-18
40
43
33
43
49
90
128
204
263
305
327
345
378
410
465
484
518
558
591
612
636
665
647
633
625
632
609
578
541
485
435
412
406
385
366
327
277
262
243
242
233
239
264
282
300
293
291
296
307
319
333
363
387
405
419
415
383
345
361
382
413
427
435
431
442
448
443
445
434
409
404
429
421
394
357
332
322
303
303
311
308
313
306
305
283
270
247
241
238
230
223
188
169
136
99
55
24
-52
-111
-161
-187
-215
-286
-348
-425
-455
-456
-441
-470
-513
-517
-524
-516
-517
-490
-516
-517
-505
-479
-488
-502
-459
-436
-417
-421
-389
-372
-330
-301
-248
-224
-193
-162
-134
-71
-49
-27
-24
14
67
132
157
164
176
199
221
219
239
234
230
227
234
225
198
180
175
193
192
192
198
213
205
197
202
219
212
197
213
234
254
244
237
241
267
283
287
276
304
338
341
313
281
261
240
249
245
229
218
228
235
239
230
206
179
161
150
143
154
151
155
167
160
135
122
102
95
100
88
93
100
91
62
20
-23
-89
-128
-162
-208
-228
-257
-289
-346
-386
-431
-432
-421
-401
-381
-404
-434
-458
-410
-364
-327
-306
-306
-341
-370
-333
-281
-243
-227
-231
-223
-228
-200
-171
-155
-153
-139
-95
-33
36
79
107
128
167
206
242
281
332
375
396
413
440
467
482
523
565
585
566
571
609
627
620
588
566
533
517
524
521
511
458
408
377
370
386
417
435
419
392
371
393
444
472
464
419
395
384
395
411
415
389
361
323
305
328
319
279
222
172
145
120
106
107
92
97
76
67
42
25
10
-11
-12
-26
-29
-9
-10
-20
-34
-58
-55
-44
-41
-53
-67
-99
-125
-146
-164
-186
-187
-204
-195
-190
-201
-224
-241
-230
-238
-222
-249
-232
-223
-191
-194
-179
-160
-167
-186
-194
-164
-172
-138
-154
-136
-138
-94
-63
-51
-42
-56
-29
-9
38
69
124
144
192
229
272
284
283
312
340
389
396
419
424
477
490
506
513
504
497
507
525
518
535
522
515
519
504
458
413
376
329
296
274
246
220
204
191
173
164
142
114
95
88
70
32
19
27
44
55
33
27
29
18
37
37
35
47
59
71
60
72
53
54
53
52
79
77
87
87
85
65
77
85
84
90
83
67
47
35
14
0
-16
-37
-53
-57
-70
-98
-119
-166
-179
-203
-206
-193
-190
-185
-196
-190
-187
-172
-166
-110
-80
-70
-54
-41
7
9
27
15
7
45
62
119
135
131
117
106
83
49
39
26
46
39
51
39
29
43
27
12
10
25
29
67
94
114
101
105
116
112
135
147
168
184
204
213
207
213
215
228
220
224
188
162
143
123
112
68
35
-14
-19
-28
-32
-23
-45
-64
-85
-79
-67
-71
-93
-99
-79
-67
-55
-61
-79
-82
-104
-108
-103
-104
-92
-91
-83
-89
-87
-91
-102
-104
-104
-120
-124
-113
-110
-99
-106
-117
-139
-132
-125
-119
-119
-121
-109
-85
-52
-52
-53
-57
-64
-68
-52
-45
-31
-31
-22
-36
-54
-70
-86
-82
-83
-72
-80
-89
-94
-106
-99
-113
-159
-177
-159
-141
-164
-179
-195
-227
-246
-259
-251
-257
-280
-279
-270
-279
-302
-331
-336
-343
-357
-380
-365
-325
-310
-293
-289
-288
-310
-322
-310
-281
-244
-205
-173
-169
-176
-155
-132
-124
-105
-111
-116
-107
-71
-37
-28
-15
-32
-60
-70
-72
-82
-88
-70
-76
-100
-123
-165
-199
-197
-210
-250
-260
-264
-258
-238
-215
-231
-257
-266
-254
-235
-241
-240
-230
-223
-221
-208
-182
-208
-230
-236
-203
-167
-177
-201
-218
-188
-199
-217
-198
-186
-157
-152
-147
-157
-192
-198
-181
-167
-141
-122
-130
-145
-177
-188
-227
-249
-268
-307
-329
-334
-323
-313
-336
-374
-407
-433
-450
-457
-443
-432
-427
-445
-464
-477
-492
-506
-503
-502
-493
-496
-498
-512
-535
-544
-540
-527
-516
-509
-516
-509
-471
-439
-434
-443
-449
-443
-440
-413
-377
-382
-403
-434
-447
-470
-454
-441
-425
-397
-385
-379
-389
-370
-347
-316
-320
-316
-296
-262
-217
-185
-160
-191
-209
-206
-178
-139
-122
-119
-103
-81
-87
-90
-77
-84
-112
-140
-138
-144
-141
-169
-207
-225
-258
-282
-311
-318
-315
-320
-341
-357
-371
-359
-376
-385
-391
-377
-370
-366
-361
-385
-389
-388
-377
-384
-397
-412
-414
-396
-391
-404
-415
-429
-452
-464
-478
-494
-498
-494
-501
-514
-526
-552
-567
-580
-577
-577
-590
-597
-597
-610
-634
-633
-656
-664
-648
-658
-673
-680
-685
-710
-697
-684
-691
-704
-694
-673
-665
-648
-634
-635
-617
-593
-591
-592
-575
-543
-521
-507
-478
-437
-434
-448
-453
-433
-408
-400
-385
-368
-388
-406
-423
-450
-451
-448
-417
-413
-424
-434
-445
-444
-436
-443
-450
-421
-409
-410
-400
-388
-405
-410
-398
-391
-357
-336
-323
-321
-340
-363
-359
-334
-314
-321
-328
-329
-337
-345
-343
-359
-383
-391
-396
-396
-404
-434
-464
-504
-538
-556
-569
-594
-625
-618
-627
-636
-637
-650
-675
-707
-710
-723
-725
-722
-705
-695
-681
-665
-654
-651
-650
-623
-600
-572
-560
-551
-561
-569
-564
-545
-518
-518
-527
-518
-503
-501
-491
-482
-490
-475
-469
-474
-510
-532
-519
-523
-494
-475
-485
-529
-571
-576
-561
-545
-521
-525
-537
-533
-521
-493
-476
-461
-465
-494
-509
-501
-501
-485
-465
-468
-466
-478
-487
-493
-506
-489
-492
-507
-513
-527
-518
-518
-500
-495
-511
-517
-516
-511
-476
-460
-447
-434
-445
-437
-441
-450
-471
-467
-475
-482
-479
-477
-475
-460
-459
-493
-524
-541
-544
-537
-512
-514
-517
-523
-527
-508
-474
-449
-435
-435
-413
-387
-364
-352
-350
-359
-382
-383
-384
-393
-406
-407
-418
-407
-384
-387
-407
-397
-400
-409
-389
-385
-360
-328
-313
-272
-268
-263
-271
-254
-233
-225
-209
-198
-202
-230
-232
-237
-217
-213
-214
-225
-244
-238
-248
-245
-234
-250
-252
-274
-276
-261
-257
-257
-274
-269
-272
-260
-255
-278
-282
-294
-280
-261
-226
-199
-199
-207
-205
-198
-196
-184
-183
-168
-179
-170
-163
-170
-171
-162
-171
-198
-198
-184
-171
-177
-181
-182
-186
-197
-198
-199
-185
-186
-195
-189
-205
-214
-235
-251
-253
-235
-223
-198
-188
-206
-223
-238
-242
-241
-241
-245
-225
-239
-245
-254
-265
-258
-266
-274
-273
-268
-257
-248
-224
-229
-255
-252
-248
-226
-212
-204
-189
-173
-162
-155
-140
-124
-125
-130
-129
-118
-118
-130
-130
-131
-137
-146
-150
-148
-164
-186
-210
-212
-198
-192
-197
-214
-214
-220
-218
-198
-185
-188
-183
-165
-171
-177
-176
-181
-195
-205
-205
-208
-215
-226
-230
-239
-242
-249
-251
-239
-239
-229
-233
-262
-271
-264
-254
-250
-237
-228
-230
-247
-233
-216
-232
-245
-250
-242
-241
-238
-233
-234
-244
-263
-239
-208
-184
-174
-170
-173
-173
-175
-146
-98
-64
-38
-38
-27
-9
-5
-3
9
-2
-7
-1
33
52
39
22
3
-23
-12
8
16
23
28
9
6
17
6
24
51
69
62
63
56
75
117
145
147
148
150
145
162
163
188
194
209
233
237
248
232
198
167
178
177
191
202
185
203
214
224
214
195
187
179
193
217
237
244
262
250
224
207
201
217
222
229
213
188
178
171
158
164
143
132
153
175
180
178
165
149
143
152
177
186
185
184
193
194
207
212
244
272
287
295
294
315
332
344
340
345
353
363
382
420
460
502
512
520
527
535
556
550
572
593
604
611
630
657
673
689
704
692
704
737
760
768
759
752
719
692
695
707
706
686
661
647
648
644
640
613
614
632
633
645
634
643
662
683
693
702
701
685
690
706
712
707
691
678
671
652
624
598
609
614
629
618
593
582
573
575
558
551
540
539
528
531
533
528
538
521
501
475
441
429
436
448
449
448
448
446
431
425
412
406
403
406
431
426
419
403
383
378
401
420
447
474
479
488
507
515
507
493
495
515
539
542
530
533
513
496
485
484
487
500
508
513
504
501
502
508
521
496
482
504
499
490
484
475
472
469
470
478
485
469
458
451
447
427
422
412
413
416
414
417
406
401
400
415
425
412
389
383
366
345
336
341
344
328
323
324
315
305
289
268
241
228
241
242
222
203
185
176
159
154
160
155
141
137
152
143
147
139
140
130
121
121
115
119
118
108
106
105
119
119
101
89
92
102
117
134
134
129
121
125
125
128
126
136
149
170
174
170
173
150
161
173
169
165
163
163
175
184
185
191
190
218
230
239
244
240
232
214
217
218
217
209
204
203
197
203
225
233
220
197
189
180
182
184
183
165
145
121
91
91
94
78
62
54
50
76
85
81
66
56
55
44
43
43
45
37
39
35
15
11
20
46
34
15
16
21
25
34
31
23
7
-5
17
34
51
23
-33
-77
-76
-53
-8
11
3
0
3
12
25
68
61
43
25
14
4
14
23
17
-15
-44
-48
-47
-29
-15
-14
4
10
23
37
36
52
53
38
33
49
50
36
37
24
24
44
49
70
70
76
68
43
56
47
41
46
60
79
88
94
89
69
53
54
51
56
67
75
92
87
92
77
77
83
85
91
91
91
56
35
24
24
24
25
20
-3
-6
2
10
1
-16
-15
2
24
26
25
20
24
27
27
22
1
-23
-22
-2
-3
-1
3
-7
-30
-62
-88
-94
-102
-113
-111
-113
-119
-128
-131
-145
-146
-171
-205
-206
-203
-194
-201
-196
-203
-199
-215
-229
-228
-252
-257
-238
-212
-208
-206
-212
-217
-196
-197
-181
-172
-157
-156
-176
-168
-177
-169
-142
-119
-107
-109
-137
-146
-153
-156
-154
-136
-142
-157
-171
-184
-184
-178
-176
-192
-208
-231
-263
-276
-255
-249
-236
-215
-220
-220
-219
-234
-251
-247
-229
-232
-224
-219
-212
-219
-198
-182
-195
-192
-188
-176
-165
-161
-165
-174
-182
-185
-198
-213
-219
-211
-202
-197
-195
-194
-219
-250
-269
-269
-271
-276
-268
-277
-288
-307
-316
-318
-328
-326
-318
-334
-359
-364
-361
-349
-337
-329
-323
-319
-331
-324
-310
-311
-303
-281
-265
-263
-271
-274
-267
-273
-276
-276
-289
-280
-277
-270
-252
-246
-271
-294
-308
-330
-302
-288
-280
-295
-302
-327
-336
-321
-317
-321
-333
-335
-326
-312
-324
-340
-359
-365
-370
-360
-339
-328
-331
-337
-350
-356
-355
-366
-375
-365
-360
-358
-351
-334
-326
-319
-323
-337
-340
-342
-326
-311
-298
-311
-321
-313
-316
-313
-312
-312
-319
-328
-336
-338
-338
-344
-358
-366
-386
-383
-369
-344
-341
-357
-367
-361
-357
-356
-355
-368
-371
-379
-363
-350
-345
-333
-315
-312
-330
-339
-332
-324
-300
-300
-326
-343
-366
-351
-331
-323
-334
-373
-400
-405
-391
-373
-362
-373
-380
-388
-389
-372
-380
-390
-377
-389
-409
-423
-438
-422
-425
-446
-455
-472
-501
-528
-530
-541
-555
-565
-549
-534
-523
-520
-535
-537
-557
-545
-535
-534
-517
-493
-487
-484
-485
-489
-504
-514
-509
-504
-485
-483
-457
-437
-425
-430
-434
-436
-455
-458
-445
-415
-413
-423
-430
-415
-402
-406
-413
-426
-432
-435
-424
-405
-392
-366
-363
-383
-393
-382
-383
-405
-425
-428
-423
-434
-444
-458
-470
-475
-482
-491
-494
-508
-500
-480
-479
-469
-466
-476
-462
-455
-472
-479
-486
-480
-460
-448
-450
-457
-476
-481
-480
-474
-473
-481
-469
-449
-452
-463
-473
-490
-497
-505
-500
-497
-485
-489
-471
-461
-454
-453
-466
-477
-483
-470
-457
-451
-465
-456
-469
-490
-492
-482
-482
-480
-462
-456
-458
-470
-464
-442
-427
-417
-423
-421
-412
-401
-399
-398
-385
-386
-406
-415
-400
-390
-376
-377
-379
-373
-400
-419
-407
-406
-425
-425
-428
-418
-402
-394
-375
-367
-388
-401
-413
-407
-396
-395
-374
-376
-379
-392
-393
-396
-400
-410
-406
-403
-420
-421
-419
-435
-446
-431
-427
-418
-408
-400
-408
-408
-410
-425
-430
-419
-419
-431
-435
-451
-454
-458
-463
-457
-457
-473
-470
-475
-485
-478
-462
-443
-447
-461
-462
-470
-476
-490
-490
-485
-490
-498
-486
-463
-455
-452
-452
-450
-455
-457
-456
-466
-468
-479
-489
-494
-499
-492
-492
-490
-492
-483
-474
-475
-489
-491
-482
-490
-478
-476
-465
-465
-465
-461
-466
-474
-477
-473
-470
-475
-487
-469
-445
-431
-436
-447
-461
-468
-476
-475
-476
-457
-453
-478
-477
-476
-479
-482
-476
-482
-475
-469
-457
-473
-487
-502
-531
-529
-532
-515
-523
-510
-507
-538
-556
-569
-571
-565
-547
-548
-536
-530
-503
-499
-505
-509
-519
-497
-452
-441
-448
-465
-476
-467
-468
-463
-476
-477
-453
-438
-440
-436
-444
-449
-453
-474
-493
-504
-515
-515
-497
-507
-540
-578
-605
-601
-589
-561
-540
-535
-564
-599
-598
-564
-530
-544
-541
-554
-563
-552
-533
-530
-550
-574
-592
-587
-588
-597
-592
-581
-573
-581
-594
-615
-617
-606
-589
-576
-576
-586
-603
-599
-596
-591
-582
-574
-573
-572
-572
-592
-597
-596
-582
-576
-579
-597
-618
-624
-608
-601
-591
-596
-620
-629
-618
-610
-618
-627
-621
-598
-585
-565
-558
-573
-578
-591
-604
-606
-611
-615
-622
-622
-611
-610
-626
-636
-663
-645
-619
-609
-600
-602
-602
-606
-588
-594
-589
-569
-551
-534
-519
-529
-543
-543
-539
-541
-541
-517
-527
-526
-515
-512
-509
-525
-544
-541
-533
-528
-523
-516
-519
-526
-538
-551
-559
-555
-546
-546
-535
-550
-549
-554
-563
-544
-529
-513
-519
-519
-502
-499
-495
-510
-499
-479
-467
-474
-492
-492
-490
-496
-510
-524
-535
-516
-496
-475
-463
-474
-487
-498
-485
-469
-468
-446
-445
-458
-456
-452
-452
-452
-460
-458
-467
-473
-475
-458
-438
-423
-425
-440
-446
-428
-417
-411
-407
-409
-418
-437
-449
-458
-457
-447
-442
-441
-430
-427
-410
-401
-426
-439
-444
-449
-435
-437
-426
-409
-415
-420
-429
-445
-458
-461
-452
-442
-442
-444
-448
-466
-475
-472
-468
-467
-468
-476
-495
-509
-514
-515
-508
-489
-478
-486
-502
-514
-511
-502
-502
-476
-464
-461
-442
-438
-435
-419
-421
-420
-415
-416
-403
-387
-382
-386
-380
-374
-378
-384
-386
-379
-375
-390
-406
-428
-445
-444
-440
-442
-456
-450
-433
-435
-442
-449
-454
-461
-453
-446
-441
-438
-437
-424
-414
-422
-415
-406
-409
-431
-433
-430
-435
-430
-425
-437
-437
-436
-439
-426
-436
-446
-437
-433
-448
-442
-429
-428
-440
-448
-449
-462
-464
-456
-450
-463
-500
-508
-519
-512
-515
-532
-524
-518
-514
-505
-512
-533
-541
-537
-519
-517
-512
-502
-487
-493
-506
-510
-514
-502
-480
-466
-480
-483
-474
-463
-464
-481
-498
-507
-516
-508
-475
-467
-488
-518
-542
-547
-548
-527
-501
-495
-487
-503
-518
-501
-491
-493
-506
-522
-537
-545
-529
-525
-526
-551
-584
-597
-579
-575
-581
-594
-599
-589
-570
-570
-593
-615
-620
-618
-617
-609
-602
-592
-581
-571
-568
-566
-548
-541
-525
-506
-524
-546
-554
-559
-542
-537
-546
-560
-560
-562
-580
-576
-573
-573
-578
-564
-568
-558
-547
-524
-519
-538
-549
-546
-529
-506
-485
-487
-493
-505
-527
-538
-530
-533
-543
-545
-548
-545
-537
-544
-549
-557
-560
-571
-568
-550
-534
-534
-534
-515
-515
-493
-475
-456
-455
-451
-452
-428
-416
-438
-436
-470
-497
-500
-478
-457
-444
-453
-479
-485
-482
-470
-488
-486
-479
-484
-479
-480
-479
-478
-473
-473
-493
-500
-504
-508
-486
-476
-475
-488
-497
-498
-491
-491
-495
-471
-460
-470
-454
-454
-476
-477
-473
-472
-454
-439
-437
-431
-422
-438
-446
-448
-444
-455
-458
-461
-462
-467
-485
-500
-522
-543
-540
-535
-519
-505
-505
-524
-524
-503
-496
-494
-494
-487
-492
-478
-481
-479
-485
-492
-493
-488
-482
-482
-497
-507
-501
-500
-497
-502
-501
-499
-495
-507
-512
-502
-488
-473
-463
-460
-480
-487
-489
-479
-469
-461
-457
-448
-449
-466
-466
-473
-462
-445
-442
-442
-455
-463
-464
-471
-476
-470
-449
-452
-438
-423
-430
-439
-442
-428
-415
-417
-402
-385
-367
-362
-367
-388
-401
-398
-396
-400
-413
-402
-389
-394
-400
-402
-413
-421
-422
-429
-434
-440
-436
-439
-447
-460
-465
-445
-413
-399
-408
-412
-432
-429
-435
-433
-424
-407
-407
-417
-401
-394
-391
-398
-381
-385
-392
-389
-388
-389
-382
-376
-390
-372
-350
-349
-358
-347
-333
-341
-360
-359
-372
-376
-373
-352
-351
-356
-353
-384
-397
-395
-398
-399
-398
-415
-418
-423
-407
-408
-432
-420
-410
-372
-346
-347
-347
-335
-315
-317
-325
-307
-310
-301
-278
-269
-299
-338
-342
-343
-329
-340
-370
-390
-373
-332
-306
-337
-392
-444
-461
-430
-394
-354
-350
-387
-422
-441
-430
-390
-347
-352
-380
-398
-395
-373
-361
-343
-352
-387
-413
-405
-392
-392
-404
-419
-442
-458
-473
-484
-491
-472
-443
-415
-407
-418
-418
-410
-396
-392
-388
-385
-377
-357
-348
-361
-379
-381
-373
-370
-376
-386
-394
-379
-353
-346
-364
-385
-398
-386
-376
-369
-349
-318
-293
-281
-293
-298
-294
-300
-269
-241
-233
-238
-252
-272
-267
-262
-274
-302
-345
-354
-341
-308
-297
-296
-299
-312
-315
-319
-315
-298
-267
-251
-224
-233
-237
-225
-218
-206
-200
-196
-205
-187
-185
-195
-197
-229
-246
-267
-271
-275
-262
-248
-245
-238
-234
-227
-222
-238
-244
-248
-234
-218
-215
-195
-200
-198
-191
-195
-192
-196
-188
-187
-191
-173
-163
-163
-164
-172
-174
-168
-161
-153
-165
-187
-193
-177
-172
-172
-174
-182
-181
-190
-183
-179
-184
-197
-207
-206
-203
-210
-222
-222
-218
-229
-251
-270
-280
-267
-272
-273
-268
-278
-271
-274
-274
-250
-255
-247
-250
-255
-278
-273
-259
-266
-257
-269
-265
-254
-242
-246
-251
-256
-269
-258
-254
-242
-242
-248
-247
-265
-267
-275
-264
-249
-250
-239
-231
-233
-237
-255
-258
-265
-268
-279
-292
-292
-305
-306
-302
-287
-280
-277
-267
-262
-255
-244
-244
-252
-252
-260
-255
-245
-224
-207
-210
-209
-206
-201
-208
-200
-197
-195
-199
-196
-194
-196
-203
-222
-227
-223
-206
-191
-176
-191
-200
-196
-187
-172
-174
-189
-200
-198
-190
-192
-200
-206
-210
-210
-211
-209
-214
-219
-218
-230
-249
-251
-242
-220
-209
-214
-214
-226
-225
-223
-221
-217
-218
-215
-185
-159
-148
-161
-165
-153
-167
-174
-160
-172
-180
-183
-183
-194
-198
-199
-216
-211
-220
-247
-254
-259
-258
-254
-244
-251
-251
-246
-248
-251
-253
-240
-236
-236
-242
-239
-238
-231
-220
-223
-223
-208
-189
-195
-197
-203
-217
-204
-204
-199
-214
-233
-220
-210
-192
-191
-211
-234
-248
-235
-219
-207
-199
-200
-198
-203
-200
-189
-188
-178
-181
-196
-199
-215
-232
-232
-238
-242
-251
-252
-236
-235
-247
-259
-254
-252
-261
-253
-258
-246
-238
-229
-232
-242
-240
-235
-235
-223
-203
-206
-201
-202
-215
-244
-261
-261
-262
-254
-260
-257
-255
-249
-239
-251
-261
-266
-266
-254
-231
-219
-222
-232
-214
-204
-190
-199
-197
-213
-234
-233
-227
-207
-204
-224
-243
-244
-279
-295
-299
-308
-303
-306
-307
-306
-303
-293
-299
-317
-315
-325
-313
-306
-293
-283
-273
-249
-237
-233
-228
-237
-254
-248
-233
-232
-222
-216
-230
-244
-247
-224
-219
-197
-179
-164
-167
-174
-196
-223
-239
-239
-237
-245
-233
-248
-253
-266
-270
-276
-285
-285
-276
-253
-231
-213
-211
-218
-234
-221
-223
-224
-207
-200
-194
-197
-201
-220
-235
-243
-251
-252
-246
-232
-229
-232
-241
-246
-250
-262
-267
-291
-299
-290
-264
-241
-243
-256
-280
-287
-286
-286
-266
-262
-251
-248
-260
-279
-297
-314
-303
-313
-308
-295
-292
-267
-273
-269
-263
-280
-280
-264
-255
-241
-246
-247
-250
-253
-275
-288
-290
-276
-259
-251
-249
-250
-256
-246
-241
-236
-239
-250
-237
-226
-222
-237
-240
-240
-237
-242
-248
-256
-261
-249
-245
-236
-219
-222
-221
-215
-220
-221
-223
-213
-195
-174
-170
-176
-184
-186
-184
-191
-193
-201
-185
-168
-175
-177
-171
-174
-178
-183
-174
-187
-195
-199
-198
-202
-196
-202
-204
-203
-212
-206
-211
-208
-205
-200
-203
-202
-201
-198
-179
-171
-174
-180
-184
-182
-194
-205
-217
-209
-208
-218
-213
-206
-197
-202
-201
-193
-183
-172
-180
-197
-208
-193
-186
-182
-199
-224
-240
-234
-219
-207
-207
-219
-232
-262
-269
-270
-274
-282
-268
-279
-274
-270
-270
-276
-263
-238
-226
-210
-214
-214
-220
-211
-196
-171
-161
-140
-129
-131
-135
-151
-168
-179
-164
-138
-128
-149
-161
-143
-109
-81
-89
-126
-188
-222
-203
-165
-113
-94
-118
-143
-160
-168
-127
-99
-81
-71
-87
-86
-84
-61
-59
-63
-76
-94
-95
-98
-89
-80
-103
-108
-120
-136
-135
-111
-91
-81
-69
-69
-85
-85
-73
-83
-83
-89
-92
-83
-69
-53
-54
-59
-61
-64
-75
-87
-100
-122
-117
-102
-87
-79
-99
-120
-111
-84
-65
-61
-48
-59
-59
-54
-41
-19
-18
2
6
-1
-17
-27
-38
-51
-45
-42
-61
-89
-118
-135
-117
-88
-81
-89
-112
-120
-123
-108
-90
-81
-61
-44
-44
-57
-52
-47
-53
-61
-59
-62
-62
-61
-42
-27
-34
-40
-64
-76
-95
-85
-85
-76
-67
-46
-35
-45
-56
-85
-92
-95
-82
-73
-78
-68
-56
-56
-53
-47
-62
-72
-83
-99
-99
-92
-84
-69
-56
-50
-50
-62
-51
-28
-23
-23
-18
-3
3
16
6
-14
-7
-5
-6
-4
6
-5
-8
-21
-41
-40
-43
-30
-13
-4
0
-12
-19
-9
3
-13
-23
-25
-36
-33
-39
-39
-50
-72
-91
-95
-92
-82
-80
-74
-74
-101
-117
-114
-98
-93
-94
-84
-71
-92
-116
-122
-132
-139
-118
-108
-97
-71
-89
-86
-99
-106
-111
-118
-114
-110
-105
-111
-108
-114
-122
-130
-130
-142
-153
-154
-148
-137
-130
-127
-127
-136
-138
-146
-141
-136
-133
-128
-116
-103
-102
-87
-84
-75
-61
-69
-72
-68
-68
-78
-86
-93
-110
-118
-116
-108
-97
-81
-73
-97
-84
-77
-79
-91
-116
-126
-138
-132
-127
-121
-129
-132
-143
-165
-170
-178
-173
-180
-182
-178
-172
-160
-157
-162
-169
-179
-168
-163
-153
-150
-147
-140
-136
-158
-157
-148
-139
-145
-157
-169
-166
-160
-167
-169
-195
-209
-214
-218
-201
-173
-166
-176
-191
-204
-225
-238
-245
-241
-235
-224
-229
-236
-247
-252
-261
-258
-247
-252
-246
-242
-244
-249
-250
-232
-218
-227
-207
-206
-207
-212
-210
-210
-207
-207
-217
-220
-232
-217
-202
-207
-223
-252
-283
-291
-286
-271
-261
-262
-270
-277
-262
-243
-206
-181
-190
-203
-212
-222
-217
-215
-207
-197
-204
-200
-207
-205
-226
-234
-244
-246
-236
-227
-234
-262
-266
-274
-280
-266
-265
-262
-252
-243
-216
-208
-220
-214
-219
-236
-249
-261
-251
-227
-205
-206
-208
-221
-247
-245
-245
-242
-247
-242
-225
-216
-200
-205
-206
-190
-185
-207
-232
-236
-233
-214
-201
-190
-190
-185
-195
-213
-220
-234
-246
-274
-298
-311
-323
-304
-308
-307
-297
-314
-322
-322
-312
-301
-304
-277
-249
-252
-258
-266
-256
-247
-244
-229
-226
-227
-234
-241
-232
-233
-234
-256
-276
-288
-291
-277
-260
-246
-240
-246
-246
-238
-227
-228
-229
-232
-223
-215
-204
-200
-205
-207
-214
-212
-222
-235
-254
-253
-233
-220
-230
-221
-210
-210
-201
-202
-188
-174
-173
-186
-195
-199
-194
-186
-184
-174
-170
-165
-175
-185
-189
-204
-207
-208
-217
-223
-212
-210
-222
-237
-236
-234
-233
-236
-244
-222
-209
-194
-196
-192
-201
-212
-222
-236
-227
-235
-226
-235
-259
-267
-270
-278
-284
-280
-298
-296
-307
-309
-309
-312
-308
-308
-308
-319
-314
-304
-292
-296
-283
-290
-308
-304
-314
-314
-319
-320
-325
-325
-314
-313
-326
-321
-332
-335
-336
-343
-338
-329
-325
-330
-328
-327
-315
-318
-320
-308
-296
-295
-298
-304
-298
-308
-290
-275
-277
-273
-269
-266
-275
-299
-306
-303
-297
-294
-304
-306
-329
-323
-317
-299
-287
-297
-300
-302
-288
-290
-300
-308
-301
-308
-301
-278
-269
-258
-260
-258
-267
-276
-258
-251
-250
-253
-264
-253
-242
-254
-248
-249
-265
-265
-262
-255
-243
-231
-224
-222
-219
-219
-223
-233
-227
-227
-231
-220
-224
-251
-271
-281
-287
-281
-276
-282
-286
-283
-296
-292
-285
-280
-269
-251
-224
-211
-218
-219
-227
-234
-198
-189
-197
-207
-217
-206
-188
-167
-159
-159
-145
-136
-141
-131
-122
-120
-115
-113
-125
-136
-158
-165
-145
-129
-111
-123
-142
-165
-175
-147
-126
-115
-123
-137
-134
-122
-94
-81
-68
-78
-79
-70
-72
-65
-56
-66
-84
-80
-88
-82
-82
-94
-93
-108
-134
-152
-146
-124
-130
-129
-133
-153
-159
-165
-153
-130
-99
-92
-92
-103
-112
-129
-146
-140
-127
-143
-155
-174
-177
-163
-155
-148
-153
-160
-181
-189
-187
-180
-173
-168
-151
-139
-118
-101
-101
-99
-107
-100
-93
-71
-56
-63
-103
-130
-116
-121
-113
-136
-166
-181
-182
-156
-143
-175
-182
-181
-183
-177
-178
-167
-175
-153
-148
-143
-142
-146
-137
-135
-122
-121
-122
-117
-137
-147
-141
-136
-137
-131
-116
-107
-108
-124
-129
-131
-135
-133
-131
-137
-117
-117
-128
-124
-125
-120
-100
-96
-90
-99
-117
-109
-97
-95
-88
-71
-47
-41
-36
-24
-22
-16
-31
-43
-39
-48
-41
-22
-20
-19
-5
-1
2
-10
-11
-19
-22
-12
-16
-1
6
19
22
14
0
-3
-13
-27
-26
-23
-5
-7
9
8
9
24
27
28
11
4
2
-6
-8
-14
-8
15
28
43
42
39
27
28
24
31
41
39
43
36
23
15
20
31
41
51
47
41
40
26
28
39
27
9
13
12
27
39
39
34
24
13
-1
-9
1
12
18
16
9
14
21
37
60
72
72
86
104
117
116
118
117
111
105
100
112
117
109
96
92
93
97
92
88
101
107
111
107
110
132
139
150
161
156
164
171
179
187
183
184
188
182
184
192
199
202
193
191
201
191
183
182
180
189
190
188
210
228
240
251
253
238
229
229
229
242
274
273
276
279
263
243
226
224
212
225
220
200
195
197
210
200
197
185
165
176
188
198
214
214
197
204
201
179
173
170
168
171
189
204
200
208
202
198
193
175
164
164
174
170
180
176
171
156
152
137
119
108
107
110
109
111
109
96
102
106
93
114
130
144
134
129
110
82
83
88
78
65
50
37
35
31
22
9
2
-8
4
14
3
5
-1
-11
-13
-23
-27
-33
-29
-29
-17
-3
20
31
26
4
-24
-38
-38
-41
-34
-30
-30
-30
-31
-37
-62
-67
-53
-35
-37
-30
-27
-26
0
15
23
8
1
0
2
12
29
27
16
6
-15
-31
-28
-36
-54
-59
-60
-45
-54
-62
-71
-82
-86
-89
-92
-78
-60
-48
-37
-41
-47
-34
-24
-21
-7
-17
-1
-6
-3
0
-21
-34
-45
-46
-46
-28
-13
-21
-11
-14
-28
-43
-48
-37
-22
-9
-15
-23
-17
-19
-20
-26
-33
-47
-54
-31
-18
-6
7
6
-3
-2
8
13
12
18
32
36
29
27
16
7
10
23
43
57
67
69
72
78
83
80
75
71
75
85
108
113
96
58
42
44
