-382
-398
-420
-447
-449
-450
-433
-408
-404
-398
-389
-386
-385
-372
-354
-342
-316
-302
-291
-274
-248
-227
-228
-251
-278
-285
-301
-308
-308
-314
-337
-358
-361
-369
-375
-393
-404
-425
-450
-451
-432
-418
-422
-409
-404
-411
-424
-435
-437
-419
-395
-395
-396
-383
-372
-363
-367
-367
-365
-369
-371
-373
-383
-395
-396
-406
-389
-387
-383
-372
-365
-366
-372
-363
-363
-357
-352
-358
-362
-357
-364
-360
-363
-386
-398
-399
-397
-383
-372
-383
-404
-402
-404
-403
-394
-381
-366
-346
-351
-355
-354
-359
-352
-335
-335
-334
-314
-295
-272
-251
-239
-232
-231
-219
-196
-177
-157
-155
-162
-170
-179
-177
-186
-204
-224
-255
-287
-307
-315
-330
-343
-370
-393
-387
-393
-381
-376
-384
-387
-378
-346
-325
-300
-278
-280
-296
-312
-319
-313
-309
-292
-284
-303
-323
-323
-327
-338
-338
-343
-345
-350
-351
-351
-325
-311
-313
-307
-294
-288
-277
-262
-252
-258
-259
-251
-251
-249
-258
-279
-293
-305
-325
-333
-337
-351
-368
-369
-374
-375
-365
-359
-348
-341
-331
-322
-310
-303
-287
-268
-261
-252
-253
-239
-236
-233
-223
-205
-193
-190
-190
-196
-208
-217
-237
-255
-275
-302
-340
-363
-380
-392
-411
-425
-431
-428
-421
-434
-428
-422
-409
-388
-360
-327
-311
-305
-297
-311
-335
-354
-364
-355
-380
-381
-385
-405
-402
-389
-386
-396
-385
-373
-345
-346
-363
-370
-367
-358
-357
-363
-356
-367
-374
-371
-388
-389
-402
-412
-417
-412
-415
-429
-437
-441
-437
-421
-378
-368
-377
-400
-422
-435
-439
-436
-428
-424
-426
-415
-409
-389
-371
-374
-379
-369
-360
-357
-339
-327
-328
-346
-357
-365
-365
-361
-360
-367
-361
-359
-356
-357
-378
-386
-408
-434
-453
-474
-476
-471
-470
-464
-465
-444
-418
-410
-389
-355
-337
-313
-305
-288
-282
-277
-261
-282
-312
-317
-316
-321
-320
-340
-355
-356
-372
-371
-369
-361
-344
-346
-317
-309
-291
-285
-289
-290
-288
-275
-286
-281
-272
-272
-274
-268
-260
-266
-271
-268
-258
-256
-256
-244
-246
-263
-284
-299
-305
-321
-335
-342
-320
-306
-301
-296
-291
-297
-302
-287
-268
-248
-237
-228
-230
-234
-228
-238
-249
-260
-267
-264
-267
-276
-301
-327
-335
-334
-338
-342
-338
-328
-319
-311
-302
-308
-313
-288
-263
-218
-197
-170
-147
-166
-176
-168
-179
-193
-211
-229
-253
-267
-275
-291
-290
-300
-313
-314
-311
-296
-263
-252
-228
-208
-193
-176
-165
-145
-141
-140
-142
-143
-140
-143
-158
-179
-194
-203
-213
-227
-226
-233
-224
-208
-205
-214
-235
-249
-249
-253
-240
-232
-235
-228
-232
-234
-232
-232
-237
-242
-251
-248
-242
-234
-230
-214
-204
-209
-196
-192
-180
-186
-205
-210
-198
-184
-178
-180
-192
-197
-201
-190
-204
-205
-208
-196
-179
-169
-155
-148
-140
-131
-105
-89
-96
-110
-114
-107
-111
-115
-121
-143
-140
-156
-166
-179
-205
-194
-201
-216
-208
-191
-172
-155
-135
-134
-123
-102
-88
-76
-85
-78
-71
-73
-73
-92
-97
-107
-94
-95
-97
-93
-91
-78
-78
-82
-96
-99
-94
-100
-102
-108
-112
-111
-82
-80
-76
-82
-95
-84
-83
-56
-46
-45
-40
-40
-44
-44
-38
-39
-34
-54
-54
-57
-59
-63
-89
-100
-101
-84
-81
-97
-119
-142
-162
-161
-156
-131
-103
-80
-67
-82
-82
-87
-81
-59
-37
-51
-82
-89
-67
-37
-16
-34
-101
-165
-192
-170
-123
-65
-33
-59
-113
-125
-112
-57
-8
-8
-13
-25
-18
14
40
63
57
12
-18
-46
-52
-49
-55
-75
-116
-136
-144
-116
-78
-63
-87
-120
-128
-111
-91
-61
-45
-63
-70
-61
-57
-36
-3
18
10
9
0
7
19
34
56
56
52
46
56
84
102
97
78
59
54
59
81
99
80
63
47
40
60
79
85
79
75
57
51
65
80
89
79
89
91
107
132
149
137
99
88
85
89
96
102
104
115
101
92
105
114
116
118
120
134
150
171
212
206
202
188
159
147
143
130
113
99
91
90
98
91
84
78
67
59
57
59
45
28
26
24
12
2
-22
-30
-37
-29
-27
-14
14
51
78
104
132
164
196
214
246
255
247
242
220
203
189
164
133
107
95
86
81
76
60
54
49
46
34
31
37
44
45
53
62
75
90
91
86
93
101
100
96
97
82
64
44
41
44
68
78
64
43
33
20
17
44
70
111
140
159
176
172
173
177
184
181
177
173
173
177
174
156
126
106
99
87
76
86
88
90
96
93
91
86
93
93
88
99
87
92
94
91
94
101
116
126
133
151
157
179
188
188
199
194
192
175
146
131
123
108
91
77
57
30
5
-24
-40
-54
-66
-67
-67
-78
-74
-58
-45
-38
-29
-21
-4
16
18
32
33
35
25
25
25
13
7
-3
-8
-9
-10
-15
-27
-41
-32
-36
-29
5
34
68
94
106
101
105
97
87
86
82
63
56
56
46
36
32
23
10
-9
-18
-13
-5
-1
2
-15
-41
-59
-70
-75
-82
-77
-78
-76
-62
-48
-50
-42
-29
-8
9
24
43
65
72
73
88
94
87
95
85
62
32
4
1
-12
-11
-41
-68
-78
-64
-56
-51
-51
-54
-60
-46
-20
1
40
52
61
49
51
71
114
150
149
131
94
87
83
90
117
123
110
106
106
116
129
134
136
149
153
169
185
183
167
139
112
104
117
141
151
139
130
119
113
105
100
105
82
80
74
61
58
48
59
52
36
13
4
6
27
48
52
64
81
112
142
175
177
163
155
168
196
231
277
305
314
292
272
261
246
229
195
153
131
127
109
97
69
30
10
4
18
54
92
131
141
159
180
196
216
228
241
244
241
242
245
246
227
219
213
201
201
189
181
170
164
164
174
167
163
174
168
164
146
131
128
133
135
142
140
135
125
111
103
86
78
59
46
35
20
16
19
20
23
22
13
7
9
1
-16
-19
-2
13
24
40
50
70
105
134
140
142
129
119
98
82
88
92
84
56
33
10
12
1
-9
-6
-23
-31
-32
-24
-15
-12
5
28
36
42
61
73
65
68
84
86
82
67
63
68
67
54
32
11
0
9
13
5
-11
-10
-18
5
21
29
39
34
48
63
79
86
78
63
44
52
58
38
21
-6
-31
-45
-45
-53
-55
-52
-62
-62
-56
-58
-37
-25
-14
10
27
28
23
17
3
2
-5
-21
-38
-51
-58
-57
-65
-69
-61
-52
-46
-24
-16
-12
-3
9
24
42
42
28
18
5
-8
-15
-26
-51
-67
-75
-78
-74
-77
-58
-51
-31
-23
-14
14
20
34
63
74
87
85
85
84
56
39
25
12
6
9
4
8
6
6
17
14
13
3
-17
-16
-10
-15
-21
-14
-27
-57
-88
-98
-96
-85
-81
-96
-101
-111
-106
-111
-116
-110
-130
-124
-117
-134
-131
-135
-148
-161
-158
-164
-152
-150
-141
-139
-157
-141
-122
-99
-83
-78
-89
-94
-66
-35
0
3
-38
-90
-121
-115
-96
-89
-91
-131
-176
-174
-180
-159
-145
-151
-176
-216
-229
-220
-195
-176
-176
-215
-242
-238
-199
-187
-199
-199
-215
-235
-246
-252
-257
-253
-274
-308
-315
-317
-308
-305
-301
-303
-292
-275
-247
-205
-206
-248
-266
-272
-288
-272
-272
-283
-300
-332
-339
-347
-346
-335
-342
-362
-366
-372
-365
-349
-333
-336
-342
-339
-343
-332
-297
-272
-273
-291
-312
-312
-345
-352
-362
-382
-369
-363
-346
-329
-321
-323
-319
-316
-290
-268
-257
-244
-248
-244
-227
-246
-271
-291
-318
-329
-341
-349
-370
-379
-387
-393
-399
-406
-413
-413
-400
-384
-369
-363
-364
-349
-342
-334
-332
-339
-353
-371
-402
-427
-418
-430
-437
-434
-431
-447
-434
-429
-426
-420
-402
-395
-365
-341
-334
-324
-317
-304
-297
-290
-306
-330
-341
-344
-336
-337
-346
-353
-351
-347
-349
-344
-349
-348
-351
-357
-385
-407
-426
-433
-428
-420
-421
-421
-409
-403
-411
-396
-369
-355
-341
-333
-321
-301
-278
-249
-238
-247
-236
-261
-282
-295
-314
-309
-301
-309
-314
-324
-347
-375
-404
-395
-390
-376
-351
-355
-339
-313
-299
-287
-257
-222
-204
-207
-210
-209
-215
-222
-254
-276
-290
-285
-281
-295
-305
-300
-309
-309
-294
-287
-285
-296
-282
-271
-263
-254
-241
-229
-231
-221
-190
-188
-188
-197
-212
-218
-233
-232
-244
-243
-257
-262
-265
-262
-249
-253
-262
-263
-265
-266
-267
-267
-251
-259
-270
-275
-285
-270
-263
-242
-232
-230
-230
-223
-195
-182
-158
-159
-134
-148
-162
-157
-168
-165
-169
-161
-163
-179
-213
-233
-261
-274
-282
-295
-296
-297
-289
-286
-259
-240
-202
-171
-151
-130
-146
-146
-154
-182
-178
-188
-196
-212
-227
-256
-284
-292
-308
-296
-287
-282
-289
-267
-234
-221
-220
-238
-241
-237
-214
-208
-209
-216
-216
-211
-228
-218
-226
-239
-227
-217
-222
-237
-254
-274
-271
-288
-308
-327
-336
-337
-324
-300
-298
-322
-348
-376
-386
-374
-358
-323
-329
-315
-303
-299
-265
-212
-198
-192
-206
-207
-220
-215
-205
-206
-217
-221
-222
-244
-242
-264
-283
-315
-312
-340
-333
-311
-306
-330
-357
-353
-360
-350
-333
-294
-269
-229
-207
-191
-213
-235
-246
-258
-262
-287
-308
-303
-305
-317
-343
-383
-385
-384
-364
-340
-296
-273
-278
-268
-259
-243
-240
-245
-236
-255
-253
-249
-259
-255
-231
-231
-239
-259
-297
-318
-319
-318
-320
-311
-314
-309
-307
-303
-306
-322
-332
-322
-321
-326
-313
-291
-274
-265
-248
-240
-235
-233
-211
-198
-173
-152
-149
-139
-143
-126
-122
-129
-136
-134
-129
-129
-121
-141
-163
-211
-235
-233
-237
-223
-210
-194
-186
-155
-129
-128
-121
-127
-111
-88
-65
-63
-60
-52
-67
-62
-49
-30
-15
1
11
-6
-15
-19
-33
-60
-53
-14
17
43
46
32
34
34
47
63
53
34
24
33
54
55
53
44
54
43
36
57
62
62
68
65
54
55
42
44
41
32
18
26
32
35
58
67
91
92
116
140
164
174
196
214
222
218
210
232
240
254
256
256
262
261
269
250
234
218
192
170
158
145
140
144
137
146
137
157
165
195
205
211
221
235
256
262
274
281
301
295
309
317
301
309
322
308
293
279
275
283
269
263
258
261
257
264
273
272
283
300
319
317
315
329
327
318
313
314
327
328
356
363
361
362
368
387
385
389
386
394
404
418
423
418
405
390
387
388
417
429
443
459
466
477
493
525
538
540
538
563
584
585
570
582
576
579
560
525
510
492
493
476
463
443
406
376
380
391
397
401
406
401
407
437
437
433
424
438
470
463
453
427
415
403
395
393
402
419
429
447
441
419
402
391
411
405
395
386
382
380
398
427
418
390
323
293
289
336
386
406
377
360
343
355
391
427
444
438
430
416
421
442
443
438
405
367
355
354
376
397
391
369
363
365
391
419
476
507
512
518
528
553
570
577
559
546
541
529
528
541
533
505
490
474
437
425
431
415
420
418
418
428
437
453
462
468
498
507
539
578
592
596
581
595
608
640
637
616
599
593
611
611
611
588
572
550
538
554
566
582
583
572
566
565
573
572
569
580
583
592
594
593
587
592
601
601
589
589
604
607
618
609
594
577
557
542
536
529
514
515
511
503
513
509
497
507
502
502
503
502
505
516
499
517
540
538
542
528
498
475
471
452
431
412
403
407
408
424
413
422
411
412
423
427
457
464
481
480
469
463
460
470
475
470
446
432
427
408
404
399
389
378
371
375
373
375
391
392
410
409
404
423
446
463
485
501
502
511
509
502
506
495
471
456
432
414
412
431
463
491
522
531
527
527
485
463
454
440
426
431
452
447
463
468
458
461
469
483
503
524
532
531
537
541
553
552
527
533
490
466
460
469
462
466
465
434
421
402
401
400
387
376
380
386
404
411
431
451
434
415
404
413
421
417
426
409
393
380
370
357
361
354
363
373
375
374
371
366
356
356
362
379
406
390
383
380
367
366
369
407
422
419
422
416
408
402
380
356
342
325
326
333
346
352
325
326
338
341
344
333
318
315
308
311
303
301
294
313
340
348
359
360
364
370
374
395
416
430
423
417
414
406
402
384
374
347
317
302
297
299
297
293
281
279
292
312
338
392
405
413
410
399
414
415
417
413
394
404
415
422
424
389
356
305
291
308
351
387
382
369
345
335
352
372
405
420
428
421
400
403
404
417
433
424
394
401
404
391
382
353
325
302
318
328
332
327
295
260
227
232
243
264
279
286
276
271
266
266
268
266
283
279
299
308
329
344
344
342
323
318
309
330
337
321
299
273
269
270
276
270
254
226
204
210
238
250
270
283
286
293
289
307
302
299
286
276
266
255
261
244
236
219
209
173
160
160
171
184
207
227
230
227
237
244
248
266
274
267
258
265
252
232
211
198
203
196
173
149
160
169
167
177
188
177
169
161
123
130
144
153
162
163
149
131
122
119
106
84
85
83
89
103
112
118
131
139
142
155
167
175
181
169
142
128
127
142
142
119
104
100
107
96
84
80
60
30
20
3
-6
1
16
20
10
1
9
25
29
39
45
59
60
72
80
68
67
43
38
36
38
26
15
11
2
0
-12
-16
-19
-3
17
26
29
8
13
15
7
22
25
27
25
30
34
30
26
9
8
1
3
6
2
-12
-15
-2
-4
-16
-44
-65
-87
-110
-94
-79
-85
-77
-70
-65
-34
2
29
57
70
66
66
60
58
40
19
10
-7
-21
-32
-26
-17
-30
-42
-47
-66
-72
-67
-78
-94
-88
-94
-85
-71
-57
-52
-43
-21
-9
-5
8
16
0
-3
-18
-26
-30
-24
-37
-42
-42
-62
-55
-49
-50
-54
-50
-44
-26
-14
-17
-13
-25
-38
-33
-25
-13
-10
-22
-20
-21
-33
-24
-24
-19
-34
-58
-70
-84
-86
-106
-132
-128
-115
-108
-110
-124
-149
-155
-147
-157
-161
-153
-150
-139
-118
-98
-87
-77
-81
-88
-95
-82
-82
-91
-94
-96
-107
-118
-129
-146
-143
-155
-180
-195
-219
-243
-250
-245
-261
-285
-322
-359
-351
-327
-308
-295
-308
-347
-374
-375
-339
-303
-292
-297
-295
-289
-273
-241
-234
-238
-251
-278
-267
-261
-257
-249
-258
-274
-293
-301
-285
-265
-261
-275
-308
-322
-320
-310
-288
-268
-270
-307
-332
-342
-344
-324
-297
-267
-250
-226
-239
-250
-248
-267
-251
-259
-278
-310
-334
-318
-310
-320
-356
-367
-378
-358
-335
-332
-316
-316
-320
-287
-249
-230
-198
-204
-240
-254
-257
-245
-228
-250
-287
-337
-371
-380
-397
-412
-438
-470
-478
-492
-504
-513
-525
-518
-512
-486
-462
-440
-402
-373
-355
-350
-354
-373
-381
-380
-390
-386
-382
-385
-394
-414
-434
-431
-420
-407
-379
-371
-362
-367
-385
-414
-396
-398
-392
-391
-385
-380
-401
-425
-449
-450
-436
-442
-447
-428
-440
-457
-461
-445
-435
-430
-427
-426
-427
-424
-422
-450
-465
-468
-472
-478
-472
-460
-450
-442
-443
-454
-444
-447
-446
-434
-416
-406
-423
-432
-442
-444
-450
-462
-485
-498
-503
-514
-510
-507
-499
-497
-495
-500
-497
-492
-488
-481
-488
-487
-469
-465
-462
-461
-464
-469
-465
-452
-443
-434
-440
-447
-457
-466
-482
-499
-509
-518
-532
-533
-531
-523
-493
-486
-466
-466
-472
-473
-471
-469
-485
-475
-489
-515
-523
-521
-518
-513
-521
-555
-587
-619
-620
-594
-583
-583
-583
-592
-588
-586
-589
-611
-619
-636
-645
-615
-609
-620
-631
-627
-619
-630
-621
-601
-592
-586
-595
-608
-636
-631
-636
-628
-621
-623
-621
-623
-622
-610
-606
-619
-623
-631
-615
-602
-610
-619
-622
-625
-634
-640
-637
-632
-634
-639
-661
-661
-659
-658
-648
-657
-658
-666
-679
-697
-704
-697
-708
-699
-695
-690
-675
-654
-635
-628
-625
-614
-603
-607
-608
-618
-628
-642
-648
-666
-688
-689
-693
-710
-701
-706
-716
-716
-723
-704
-704
-716
-719
-721
-716
-703
-709
-707
-716
-721
-731
-740
-715
-702
-705
-704
-714
-717
-703
-692
-682
-679
-689
-696
-670
-640
-613
-592
-598
-594
-615
-623
-603
-596
-593
-607
-636
-658
-650
-630
-616
-601
-589
-596
-594
-598
-597
-579
-587
-598
-601
-605
-583
-579
-568
-582
-613
-610
-633
-632
-627
-617
-602
-610
-600
-607
-616
-614
-613
-609
-592
-573
-558
-547
-545
-542
-547
-576
-596
-596
-601
-597
-585
-585
-595
-597
-599
-599
-593
-594
-606
-621
-629
-628
-610
-607
-611
-617
-612
-595
-588
-573
-554
-543
-548
-564
-600
-609
-613
-602
-588
-583
-579
-570
-563
-552
-562
-556
-551
-563
-555
-544
-520
-504
-476
-462
-471
-471
-485
-497
-500
-502
-521
-529
-518
-511
-508
-522
-536
-527
-504
-475
-443
-413
-393
-368
-364
-373
-377
-389
-380
-397
-403
-415
-411
-398
-414
-399
-402
-401
-405
-405
-391
-387
-383
-404
-421
-422
-422
-408
-390
-385
-384
-389
-378
-367
-377
-391
-406
-416
-401
-376
-364
-349
-337
-332
-340
-335
-333
-341
-349
-352
-359
-363
-371
-388
-394
-402
-422
-432
-426
-417
-412
-373
-345
-315
-294
-279
-269
-283
-271
-260
-261
-268
-271
-274
-279
-284
-292
-298
-313
-317
-305
-302
-304
-320
-346
-356
-357
-354
-358
-355
-337
-336
-320
-304
-296
-282
-276
-278
-263
-259
-270
-267
-264
-288
-303
-295
-296
-286
-280
-284
-283
-294
-291
-274
-264
-258
-268
-268
-260
-254
-244
-226
-205
-199
-201
-189
-167
-151
-137
-139
-140
-131
-138
-137
-133
-136
-127
-114
-113
-92
-84
-72
-70
-79
-87
-90
-99
-98
-87
-77
-67
-48
-31
-22
-19
-32
-18
6
39
62
79
102
111
107
97
105
98
94
95
90
76
71
79
85
91
96
91
102
113
113
136
134
145
138
130
139
140
148
135
138
129
126
122
122
135
132
143
148
136
140
156
154
166
170
181
188
196
203
205
199
180
188
191
190
196
192
199
208
210
213
233
239
242
251
260
248
246
261
276
281
260
232
214
206
188
192
191
184
166
160
166
180
205
235
261
261
271
311
349
375
383
390
376
357
353
356
370
386
381
369
339
320
307
296
288
264
243
222
209
205
208
207
192
189
194
197
209
200
195
209
225
228
229
243
241
233
244
253
264
276
281
285
278
283
285
288
291
289
288
292
291
285
286
292
299
304
302
306
332
343
343
337
327
310
275
269
278
256
231
217
209
206
193
193
190
175
162
152
171
178
160
167
175
202
202
212
204
212
244
269
289
303
321
320
326
323
317
304
278
274
271
267
230
196
179
156
140
126
111
97
88
65
72
76
77
79
83
81
90
114
128
145
142
132
123
122
113
105
107
99
103
92
78
71
65
68
65
62
70
69
83
92
93
85
75
48
25
17
12
20
8
6
-8
-20
-19
-17
-14
-26
-34
-28
-12
-11
-12
-3
-13
-19
-16
-27
-21
-14
-19
-31
-32
-12
11
39
59
67
71
78
95
104
112
112
100
109
107
89
79
78
87
89
78
69
69
90
84
98
101
97
87
62
65
66
72
84
94
101
113
102
109
124
108
107
119
126
135
135
134
119
116
126
121
110
116
132
127
124
122
117
124
118
103
91
73
46
37
49
50
45
46
29
9
16
9
1
15
23
23
15
19
33
29
35
45
47
41
48
55
44
47
37
33
21
8
3
11
11
13
5
2
11
19
34
58
76
89
100
107
118
102
95
123
125
133
113
81
51
55
73
43
22
-4
-35
-71
-57
-50
-44
-25
-28
-32
-39
-39
-35
-41
-49
-35
-18
-7
-11
-36
-57
-61
-66
-65
-47
-24
-4
2
-3
-38
-76
-86
-52
-28
-25
-54
-79
-66
-32
6
-4
-30
-85
-140
-135
-68
3
23
-1
-68
-92
-57
14
57
53
30
-13
-28
-20
-6
-13
-46
-90
-134
-143
-135
-113
-77
-85
-101
-127
-122
-82
-43
-3
5
-5
-10
1
21
21
-1
-23
-28
-13
-2
7
2
-7
-34
-63
-84
-101
-104
-109
-114
-120
-115
-108
-117
-110
-101
-96
-90
-102
-99
-101
-89
-54
-30
-24
-29
-14
15
41
61
68
48
30
4
-4
-2
-25
-55
-66
-62
-55
-61
-89
-112
-118
-120
-116
-115
-115
-87
-80
-51
-25
-31
-48
-63
-50
-34
-32
-41
-60
-56
-38
-32
-52
-74
-85
-99
-100
-110
-104
-106
-97
-77
-74
-68
-70
-80
-80
-70
-63
-61
-35
-8
9
23
13
-6
-10
-23
-36
-51
-72
-77
-87
-94
-105
-113
-135
-141
-136
-142
-124
-120
-120
-109
-97
-75
-51
-41
-40
-34
-33
-31
-24
-31
-51
-63
-65
-64
-47
-39
-45
-60
-79
-77
-77
-84
-78
-61
-61
-60
-62
-54
-54
-48
-62
-66
-57
-55
-75
-105
-112
-111
-105
-98
-94
-74
-52
-29
-12
-9
-11
-26
-27
-22
-14
-18
-36
-49
-68
-69
-59
-37
-19
-20
-13
-3
-5
-3
-1
-8
-3
3
-7
-28
-44
-49
-61
-78
-86
-90
-107
-132
-151
-144
-145
-151
-168
-174
-154
-133
-111
-106
-110
-121
-110
-97
-97
-101
-97
-104
-95
-86
-84
-96
-102
-99
-115
-125
-152
-155
-159
-158
-147
-150
-131
-111
-110
-103
-104
-108
-109
-116
-119
-128
-128
-115
-115
-109
-105
-109
-124
-121
-122
-104
-90
-83
-87
-73
-63
-64
-67
-74
-87
-108
-109
-126
-131
-115
-113
-120
-123
-129
-147
-154
-160
-161
-151
-134
-131
-130
-140
-135
-135
-151
-135
-131
-129
-117
-133
-142
-132
-141
-136
-137
-141
-146
-163
-163
-171
-168
-164
-165
-181
-191
-195
-184
-166
-142
-120
-112
-89
-65
-52
-33
-43
-84
-92
-86
-66
-48
-35
-48
-73
-75
-59
-19
4
33
34
20
17
37
75
108
143
150
138
126
117
111
115
110
101
98
99
113
136
157
170
157
150
141
155
168
174
182
166
133
125
118
115
127
132
133
146
155
141
133
145
168
167
159
144
142
162
197
216
216
204
195
184
185
199
220
233
218
197
200
187
172
169
156
164
170
190
200
211
249
256
244
251
228
193
185
195
182
190
205
208
223
234
232
234
251
269
298
332
358
372
381
375
386
380
381
384
388
401
415
431
421
410
402
392
389
390
384
379
368
392
391
378
360
339
325
302
281
280
304
293
288
293
295
295
267
265
264
264
284
282
298
301
310
339
352
369
379
377
386
402
414
420
402
383
349
326
303
295
287
269
262
219
204
196
202
203
179
174
179
180
187
186
176
176
174
179
183
182
173
167
157
153
162
165
168
169
168
177
189
180
190
183
181
173
166
175
175
178
168
174
158
129
99
81
66
68
98
96
95
104
117
110
113
101
93
89
90
95
112
96
149
204
117
123
212
155
69
61
78
195
354
327
216
221
121
39
3
41
187
352
382
320
223
108
56
117
184
285
384
421
350
253
173
157
180
219
201
165
160
107
112
106
132
219
282
307
278
239
216
199
196
176
207
236
215
190
215
235
226
221
189
186
195
185
176
181
162
124
87
79
84
91
78
55
47
98
120
127
139
127
149
145
143
153
137
96
95
103
99
105
83
76
70
58
59
69
69
35
34
35
42
59
38
27
35
88
124
119
76
60
73
66
81
101
132
155
166
159
126
102
80
97
114
97
80
51
35
44
57
67
32
-6
-36
-40
-2
67
103
82
54
38
65
124
167
173
170
152
146
145
141
167
157
111
63
72
120
152
188
174
156
162
150
155
145
141
129
104
83
65
68
96
135
143
155
175
188
189
206
219
188
175
178
176
168
166
137
114
89
46
19
20
42
80
84
84
82
103
133
130
123
122
130
114
156
199
230
247
241
239
216
189
139
75
55
33
14
-32
-50
-53
-59
-100
-143
-125
-91
-61
-51
-24
11
45
60
21
30
60
44
7
-15
5
21
36
51
101
123
120
102
81
106
144
142
92
82
106
97
53
23
38
43
25
-6
-13
18
58
74
75
75
81
108
116
150
161
162
155
150
122
127
153
138
127
143
211
289
266
205
192
206
223
212
209
243
320
345
321
262
286
361
342
300
296
309
297
277
245
295
379
417
348
306
309
319
270
184
169
212
259
276
308
330
361
373
353
349
376
393
357
346
405
451
452
423
453
514
558
522
468
460
499
532
544
568
610
656
653
636
661
663
615
520
444
447
484
481
472
510
541
582
514
428
413
504
564
572
575
587
626
605
552
529
551
546
567
557
538
567
559
530
510
537
564
577
605
651
675
678
637
620
647
671
660
651
686
734
733
652
615
602
618
602
579
577
608
616
601
607
619
610
590
591
627
644
619
595
614
668
689
659
650
696
711
660
640
665
678
669
635
597
635
683
674
632
666
707
679
613
560
605
681
696
679
673
721
755
728
651
580
591
555
484
449
483
521
516
513
552
611
630
596
583
605
586
581
592
592
636
701
660
628
629
612
549
491
521
555
566
590
700
776
769
712
613
556
560
601
565
529
588
625
582
549
567
584
589
598
626
676
746
816
788
742
737
685
612
537
533
539
537
524
491
524
581
660
716
727
736
700
613
576
619
673
638
548
471
491
517
478
385
372
446
520
557
577
621
643
594
474
442
480
487
434
404
418
473
476
370
322
378
442
484
560
588
558
531
480
442
454
472
470
486
521
535
479
361
310
387
443
478
550
603
604
591
573
543
556
576
530
504
565
566
503
422
456
566
626
633
633
673
706
740
716
659
667
705
681
667
649
599
535
509
486
512
564
557
557
583
635
651
641
631
630
628
619
574
571
566
546
542
582
668
716
687
627
587
592
614
606
590
595
643
692
670
617
607
591
578
560
580
571
617
699
741
751
777
754
682
676
679
656
592
558
586
610
556
507
525
530
523
542
571
610
671
672
653
689
744
723
692
730
781
781
712
606
519
506
468
456
458
519
587
633
635
644
664
627
560
544
577
595
562
510
536
589
636
605
603
616
610
608
574
595
601
605
601
656
707
710
639
511
458
492
510
495
524
537
550
587
605
588
544
526
481
452
487
544
605
595
643
656
667
657
610
509
442
503
557
598
612
659
704
748
757
734
692
644
656
628
604
644
730
746
742
750
759
782
754
709
694
727
779
821
842
849
866
831
764
717
720
722
708
693
681
701
706
686
663
644
642
654
660
674
672
665
645
672
692
727
742
779
778
757
756
746
667
531
463
486
543
581
557
522
561
577
552
456
411
429
452
454
443
476
504
527
506
461
462
473
478
437
400
393
409
425
482
531
531
541
506
444
368
350
358
384
389
396
417
474
520
526
508
461
424
398
424
468
555
598
618
643
707
755
756
734
668
555
471
480
562
631
632
613
618
635
599
494
430
426
480
502
527
619
730
729
632
556
525
502
462
422
424
499
524
508
461
456
459
450
420
404
401
384
334
315
336
332
298
234
207
246
339
336
301
310
364
392
374
381
374
370
335
277
237
233
278
216
153
141
198
243
259
279
309
326
320
346
353
362
382
387
378
403
501
569
624
691
721
749
819
849
822
802
770
765
774
769
752
744
702
653
663
668
726
784
834
865
906
941
925
926
878
839
782
735
649
556
494
449
435
437
475
479
476
463
483
517
545
552
549
571
598
553
409
309
244
219
239
238
225
208
191
106
0
-47
-23
-9
-32
-65
-44
1
28
-45
-146
-185
-158
-130
-117
-125
-151
-161
-127
-66
-49
-103
-169
-190
-111
-8
34
37
40
72
107
204
264
359
461
546
672
768
797
727
621
534
531
564
587
610
634
627
615
597
569
550
587
661
783
953
1126
1188
1137
1003
851
731
588
432
337
317
362
423
460
514
561
566
556
577
597
607
579
515
444
375
314
256
200
134
85
55
31
12
2
41
53
83
102
116
112
50
-50
-188
-274
-324
-370
-415
-461
-419
-412
-428
-448
-386
-345
-355
-353
-326
-257
-199
-153
-154
-120
23
208
322
351
356
359
291
213
141
173
288
435
537
589
595
530
397
284
282
374
521
703
882
1022
1110
1119
1071
1023
979
973
977
970
949
896
834
709
584
465
406
435
512
591
671
746
777
797
819
851
851
826
781
751
723
648
529
401
331
268
221
213
208
209
176
125
66
4
-24
-3
1
22
40
64
14
-49
-129
-211
-284
-380
-392
-401
-361
-403
-458
-508
-479
-423
-416
-446
-417
-326
-223
-142
-7
182
353
456
465
484
554
595
562
511
543
658
792
836
806
786
669
500
333
278
349
490
641
785
957
1122
1174
1130
1094
1159
1284
1339
1331
1316
1287
1224
1098
910
724
645
636
596
556
569
631
681
728
823
939
1036
1089
1063
993
942
893
813
704
626
581
521
427
357
302
246
162
108
95
69
40
-51
-60
-38
-42
-97
-189
-242
-291
-292
-283
-257
-273
-300
-313
-309
-289
-326
-424
-490
-509
-445
-410
-334
-244
-59
141
349
511
619
687
684
683
746
860
996
1045
978
862
696
536
361
232
207
308
515
763
988
1190
1326
1382
1383
1397
1433
1475
1437
1390
1354
1328
1268
1147
1015
910
832
786
748
753
804
888
986
1076
1172
1229
1210
1126
1053
1012
988
967
963
976
985
949
903
841
778
657
500
335
237
215
212
226
226
264
266
230
158
73
-49
-143
-228
-249
-232
-194
-236
-302
-320
-275
-213
-276
-384
-459
-403
-293
-83
124
342
537
682
775
834
867
837
744
716
796
904
953
898
824
707
577
456
368
370
467
658
918
1202
1428
1536
1525
1401
1263
1112
983
888
871
904
1003
1131
1154
1155
1089
974
833
727
687
714
841
956
1069
1148
1184
1149
1054
912
782
704
679
682
680
704
729
770
773
735
650
510
373
296
219
146
111
105
149
202
226
170
27
-172
-409
-627
-753
-759
-707
-622
-545
-464
-400
-376
-502
-629
-674
-551
-358
-113
201
489
705
762
771
688
588
430
293
234
272
326
289
198
128
73
29
87
150
255
452
702
950
1178
1360
1437
1370
1168
896
575
293
87
-18
-10
143
360
548
670
704
667
549
432
357
342
411
519
662
789
839
801
686
479
292
175
129
114
134
170
212
256
269
232
161
91
-8
-139
-207
-210
-185
-153
-177
-190
-222
-269
-365
-564
-748
-924
-1101
-1211
-1248
-1149
-1071
-998
-983
-1006
-1021
-997
-960
-890
-633
-224
139
383
549
643
641
499
349
176
36
-77
-224
-396
-518
-532
-570
-596
-470
-205
135
425
647
847
1012
1140
1163
1069
926
812
632
322
9
-193
-293
-338
-267
-78
181
383
497
544
554
572
539
454
376
415
479
497
496
476
426
346
234
133
61
58
88
177
292
407
444
402
325
217
99
-31
-164
-309
-370
-391
-356
-304
-274
-258
-339
-445
-584
-760
-855
-940
-910
-936
-930
-910
-924
-948
-1077
-1090
-1071
-861
-629
-301
59
419
665
697
665
635
564
385
148
15
-15
-87
-281
-520
-625
-575
-453
-246
88
522
895
1113
1208
1339
1481
1481
1293
1017
852
643
350
32
-170
-188
-91
80
256
494
699
782
727
670
659
621
536
468
491
553
598
542
412
318
261
224
197
243
371
536
700
798
862
849
737
497
241
33
-66
-154
-221
-278
-313
-329
-374
-454
-529
-612
-650
-715
-712
-705
-684
-728
-872
-957
-1045
-1062
-1047
-960
-852
-708
-440
-23
440
679
680
656
729
820
731
513
340
277
163
-202
-672
-944
-978
-884
-685
-213
475
1081
1421
1493
1550
1653
1622
1333
975
801
776
615
240
-102
-306
-394
-421
-327
-78
258
508
629
715
908
1046
975
805
681
690
664
558
365
192
76
-18
-63
-37
86
280
430
557
677
764
728
548
359
198
113
8
-98
-210
-304
-412
-536
-658
-687
-707
-740
-791
-810
-780
-840
-893
-1022
-1127
-1181
-1198
-1255
-1271
-1202
-1029
-830
-379
176
657
775
721
718
737
706
530
331
250
231
33
-475
-1025
-1326
-1406
-1308
-946
-272
485
1090
1474
1656
1788
1903
1807
1492
1194
1050
896
598
226
-81
-319
-510
-610
-571
-349
-14
284
492
726
1017
1187
1159
1061
1020
989
901
719
462
238
102
28
-42
-17
72
212
378
557
694
783
760
654
496
395
299
219
100
-64
-266
-456
-618
-720
-817
-912
-966
-946
-844
-712
-633
-657
-755
-868
-965
-1100
-1284
-1417
-1341
-1079
-777
-484
-102
307
609
592
438
414
528
609
496
352
373
443
243
-318
-918
-1216
-1281
-1195
-876
-164
766
1490
1799
1811
1835
1878
1647
1181
831
807
858
654
214
-176
-409
-550
-658
-629
-311
186
618
862
1079
1347
1505
1393
1141
960
926
894
727
444
263
222
188
98
90
261
534
753
895
1023
1128
1087
842
519
327
211
139
-15
-193
-340
-471
-622
-813
-919
-919
-865
-783
-650
-480
-374
-438
-651
-899
-1090
-1236
-1262
-1211
-1014
-781
-393
85
519
631
475
335
428
594
609
485
409
441
330
-118
-752
-1196
-1405
-1420
-1228
-599
373
1301
1770
1823
1775
1775
1641
1266
836
722
861
947
705
240
-207
-617
-907
-1058
-905
-422
173
660
1062
1432
1708
1686
1407
1059
887
878
850
746
575
429
297
130
-44
-133
-61
108
344
659
999
1216
1182
894
516
264
128
-29
-212
-342
-403
-466
-618
-804
-977
-1066
-1099
-1074
-931
-696
-467
-412
-535
-745
-997
-1211
-1435
-1538
-1499
-1148
-482
276
712
730
591
497
450
393
312
356
490
565
322
-238
-813
-1304
-1696
-1899
-1658
-941
74
1029
1646
1901
1994
1937
1650
1247
983
912
1009
1079
959
554
-30
-658
-1197
-1415
-1264
-794
-107
603
1188
1596
1778
1725
1442
1140
922
852
876
864
744
570
366
99
-164
-335
-268
-8
306
620
911
1121
1100
910
574
280
59
-135
-328
-494
-584
-656
-773
-987
-1183
-1282
-1231
-1091
-863
-636
-403
-419
-543
-834
-1041
-1234
-1298
-1284
-1142
-819
-267
193
360
224
106
127
261
462
600
757
903
901
524
-120
-751
-1263
-1627
-1659
-1272
-513
368
1138
1515
1569
1563
1470
1267
1107
1163
1380
1513
1464
1111
559
-42
-605
-1008
-1145
-909
-429
183
811
1320
1584
1543
1295
1030
882
919
974
982
904
774
572
279
-32
-308
-421
-322
1
459
921
1268
1381
1266
974
613
298
52
-36
-122
-264
-452
-663
-878
-1203
-1487
-1602
-1462
-1114
-663
-272
-21
31
-75
-341
-611
-832
-977
-995
-868
-483
30
391
376
91
-143
-199
-176
-108
52
420
832
982
649
-23
-644
-1142
-1505
-1499
-980
-52
822
1342
1403
1281
1217
1071
815
655
830
1246
1528
1470
985
329
-355
-869
-1075
-927
-433
167
658
1021
1243
1319
1160
833
560
519
731
920
963
804
508
117
-314
-638
-750
-603
-244
185
606
940
1091
984
620
233
-3
-23
77
109
-57
-360
-701
-1087
-1540
-1939
-2097
-2004
-1604
-1102
-702
-505
-517
-665
-868
-1059
-1062
-1007
-753
-399
49
264
163
-136
-417
-585
-557
-381
-49
283
519
439
-5
-529
-973
-1217
-1283
-1007
-443
187
641
805
700
563
459
443
498
772
1220
1569
1575
1297
792
178
-418
-818
-921
-652
-140
321
578
690
752
719
634
607
718
981
1298
1502
1490
1249
848
328
-189
-499
-562
-393
-155
120
345
503
513
453
379
395
464
545
567
567
413
39
-432
-902
-1196
-1428
-1556
-1569
-1505
-1414
-1349
-1343
-1321
-1308
-1183
-1051
-795
-545
-400
-343
-202
33
95
-56
-235
-199
-70
86
146
165
184
164
-92
-555
-899
-983
-951
-776
-445
50
501
708
570
300
238
437
630
862
1207
1543
1702
1501
1012
348
-227
-597
-753
-554
-92
367
525
432
270
138
160
288
547
910
1331
1647
1657
1415
964
464
72
-145
-153
-97
11
23
-6
-62
-116
-156
-148
-1
201
437
559
537
427
137
-209
-610
-903
-1056
-1161
-1248
-1526
-1772
-1929
-1970
-1971
-1990
-1871
-1576
-1152
-728
-421
3
293
269
52
-50
33
57
226
397
468
440
183
-393
-1141
-1571
-1654
-1474
-910
-223
226
293
204
-6
-171
-7
328
679
1028
1423
1558
1405
1116
730
290
54
77
189
286
284
49
-193
-319
-299
-265
-119
163
415
711
944
1089
1095
1041
987
906
945
969
873
652
330
-12
-301
-378
-354
-334
-252
-101
48
97
92
88
-4
16
25
122
81
-94
-411
-832
-1153
-1391
-1561
-1602
-1581
-1485
-1516
-1612
-1689
-1658
-1404
-1109
-831
-443
33
298
194
-13
-29
-32
36
119
307
471
446
168
-367
-809
-977
-1071
-945
-560
4
317
356
287
142
100
217
465
790
1121
1401
1410
1206
876
536
296
241
337
465
536
496
311
113
-8
-80
3
224
539
786
917
994
928
824
751
797
918
1058
1087
914
647
305
-24
-193
-104
58
191
283
360
365
240
93
-38
-70
-6
38
51
-44
-133
-419
-729
-1113
-1333
-1426
-1411
-1319
-1298
-1108
-982
-938
-997
-897
-581
-225
52
134
320
607
820
716
524
566
651
514
159
-155
-315
-409
-490
-478
-240
182
412
319
197
222
336
492
697
921
1169
1240
1095
803
616
617
648
704
780
859
787
572
296
82
48
91
186
306
454
534
508
489
424
412
552
855
1167
1325
1318
1125
840
553
329
256
249
360
353
273
229
169
144
62
10
19
72
208
235
150
51
-125
-228
-441
-675
-862
-1127
-1170
-1309
-1175
-1022
-844
-643
-566
-245
-109
0
95
401
838
1094
1291
1383
1411
1174
711
175
-133
-161
-41
91
248
405
318
75
-179
-221
-61
310
778
1141
1364
1359
1103
723
516
551
725
917
1107
1180
1090
860
615
446
254
182
227
432
494
382
246
162
219
263
436
617
755
777
751
833
938
976
889
814
758
620
420
241
185
156
121
107
164
149
19
-208
-387
-435
-408
-328
-205
-116
-137
-458
-798
-1177
-1298
-1308
-1283
-1111
-843
-443
-422
-597
-644
-366
45
233
532
907
1368
1452
1073
617
386
410
345
221
255
385
341
40
-254
-397
-350
-123
226
503
636
655
580
465
429
587
807
981
1037
962
802
724
735
823
885
894
832
738
569
309
37
-89
-53
117
318
490
501
343
111
44
217
570
912
1103
1160
1077
903
621
453
363
388
387
394
387
268
64
-216
-480
-596
-580
-501
-478
-498
-578
-681
-752
-769
-832
-934
-1028
-894
-666
-499
-447
-442
-201
-9
81
162
426
788
856
795
742
773
866
806
708
581
579
509
317
176
45
-84
-82
72
163
117
120
220
280
261
281
397
589
700
693
639
671
756
770
800
876
965
931
783
599
408
247
155
129
144
159
100
22
-45
-60
-48
5
188
421
611
777
795
736
599
555
570
586
560
423
219
58
-60
-216
-437
-639
-669
-723
-760
-851
-929
-855
-827
-774
-873
-772
-540
-358
-503
-757
-741
-381
-102
12
20
191
397
344
146
-37
248
598
849
904
980
989
752
376
219
288
472
527
534
502
393
158
-159
-222
-15
257
377
490
614
618
461
401
448
614
754
948
1101
1118
985
752
598
573
560
552
547
594
572
390
262
167
172
99
92
66
202
344
408
410
411
421
450
536
658
644
499
413
372
300
193
47
-49
-230
-370
-563
-614
-493
-428
-523
-716
-668
-423
-206
-235
-338
-296
58
277
237
71
115
255
277
231
224
376
590
737
774
776
804
866
891
919
944
929
969
970
840
639
456
314
222
170
166
163
235
355
419
382
387
439
521
632
776
957
1063
1085
1018
929
852
730
595
531
547
554
459
332
255
181
92
0
-26
30
70
61
36
85
192
275
355
360
320
145
51
52
78
52
-79
-66
-65
-113
-370
-599
-675
-628
-580
-596
-505
-259
-17
-65
-255
-380
-182
-23
47
66
171
336
246
24
-223
-172
60
320
552
741
862
805
713
661
685
712
814
903
1014
978
821
482
144
-19
-52
-1
74
131
143
108
84
94
125
216
369
571
720
785
789
769
766
800
823
841
768
634
447
267
195
246
301
214
53
-67
-178
-260
-297
-267
-172
-101
-10
28
57
44
-16
-38
-43
-11
-86
-85
-172
-220
-447
-508
-496
-364
-393
-546
-567
-318
3
-7
-168
-191
68
219
149
46
177
417
370
158
-17
47
134
176
242
446
656
709
749
756
724
601
617
800
1028
1019
915
747
694
572
375
130
4
13
-35
-51
-18
40
-29
-74
11
245
460
531
538
562
622
681
742
856
950
903
686
436
366
346
279
112
-1
-71
-132
-223
-351
-410
-457
-445
-381
-238
-179
-182
-205
-145
-75
-48
-91
-74
-108
-188
-346
-377
-342
-346
-447
-510
-411
-142
30
-35
-193
-233
-89
3
67
94
224
330
289
136
45
85
156
192
247
368
483
554
565
579
616
663
753
805
889
888
844
742
661
604
579
503
390
255
207
165
88
26
-31
30
139
237
241
246
290
394
481
614
761
855
892
871
843
815
795
794
757
696
572
408
206
-1
-166
-245
-240
-237
-255
-245
-306
-356
-419
-340
-229
-149
-123
-38
122
201
120
-23
-108
-101
-138
-187
-188
38
224
275
89
40
198
317
274
214
319
488
570
509
444
436
469
432
444
497
590
597
629
705
804
834
832
839
868
867
860
859
845
799
719
636
555
511
472
434
362
266
143
136
149
241
236
163
140
204
332
393
431
457
502
555
568
569
592
659
677
645
558
464
326
169
50
-77
-206
-370
-464
-475
-413
-434
-475
-505
-511
-577
-664
-590
-385
-207
-168
-298
-267
-213
-109
-173
-238
-203
-102
25
-9
-36
113
295
313
194
145
268
422
465
389
340
384
450
549
575
573
490
395
432
543
618
610
625
690
753
703
628
606
660
659
603
565
549
542
516
486
421
336
281
231
225
202
224
200
195
187
194
230
290
365
403
448
406
363
357
454
502
497
389
296
223
208
122
-27
-230
-371
-394
-441
-525
-581
-564
-553
-602
-680
-700
-611
-551
-512
-526
-420
-263
-170
-184
-264
-292
-227
-105
-78
-179
-209
-58
92
129
86
156
269
333
306
212
283
427
582
640
624
615
532
508
463
458
444
504
573
617
544
443
355
320
313
295
305
298
320
341
354
290
226
208
267
315
345
306
211
110
109
156
155
168
175
219
244
158
95
104
209
265
193
149
137
137
77
-15
-104
-206
-223
-225
-239
-390
-561
-635
-659
-705
-768
-796
-758
-668
-707
-752
-801
-612
-519
-478
-508
-450
-304
-192
-104
-181
-284
-318
-209
-108
-62
-31
39
119
149
117
35
137
296
511
613
628
641
606
580
505
500
471
505
510
514
427
351
242
153
97
87
112
124
163
190
167
67
29
60
135
191
212
198
165
119
110
124
109
127
130
169
185
118
75
49
111
69
-19
-81
-57
-21
-13
-84
-170
-182
-132
-80
-141
-244
-309
-309
-360
-454
-543
-600
-663
-748
-834
-846
-828
-779
-773
-758
-737
-684
-597
-438
-344
-387
-519
-515
-320
-170
-169
-256
-219
-81
-7
-46
-169
-135
-7
109
149
220
345
387
378
286
267
251
321
314
265
180
153
96
-3
-81
-153
-198
-223
-220
-236
-247
-320
-326
-277
-202
-203
-254
-256
-217
-168
-209
-268
-284
-247
-202
-205
-185
-197
-197
-237
-234
-264
-264
-346
-358
-371
-407
-494
-551
-475
-405
-461
-570
-595
-514
-496
-566
-623
-664
-701
-825
-862
-861
-807
-887
-988
-1015
-966
-969
-1044
-1004
-928
-765
-745
-754
-818
-756
-632
-496
-459
-444
-373
-270
-226
-283
-309
-286
-198
-109
44
166
277
284
211
156
211
288
282
182
67
4
-39
-87
-150
-229
-292
-373
-373
-373
-341
-364
-375
-337
-285
-286
-322
-261
-157
-105
-198
-266
-264
-205
-186
-175
-148
-152
-188
-262
-281
-249
-250
-262
-301
-283
-330
-395
-457
-395
-342
-393
-457
-398
-291
-262
-379
-472
-550
-585
-647
-686
-629
-618
-708
-896
-1031
-1042
-1023
-1018
-1094
-1077
-1031
-944
-812
-774
-818
-915
-821
-582
-380
-333
-371
-257
-126
-78
-143
-189
-12
183
346
371
411
405
355
354
399
447
390
291
283
293
239
100
-7
-69
-107
-136
-202
-198
-210
-188
-230
-254
-256
-230
-171
-121
-109
-158
-186
-163
-112
-126
-164
-211
-193
-210
-224
-271
-284
-274
-246
-281
-316
-328
-280
-266
-261
-261
-271
-238
-179
-156
-176
-195
-239
-253
-328
-382
-450
-489
-573
-704
-848
-903
-936
-971
-1056
-1127
-1197
-1235
-1246
-1258
-1202
-1101
-1012
-1023
-1078
-965
-801
-639
-549
-445
-277
-174
-145
-126
-47
83
165
206
242
362
430
440
331
268
293
312
288
220
190
140
97
43
-34
-125
-171
-195
-192
-236
-272
-346
-342
-307
-291
-328
-372
-347
-300
-255
-257
-272
-298
-321
-359
-368
-356
-334
-333
-374
-418
-421
-383
-351
-330
-276
-231
-202
-209
-178
-178
-174
-211
-199
-177
-193
-250
-360
-401
-476
-587
-728
-789
-766
-806
-927
-1100
-1208
-1244
-1305
-1375
-1462
-1460
-1465
-1372
-1258
-1151
-1161
-1208
-1117
-812
-644
-573
-515
-266
-86
-16
-52
-85
14
116
208
232
315
300
306
287
313
274
191
123
118
120
91
-1
-86
-138
-235
-334
-410
-385
-406
-433
-466
-427
-415
-427
-447
-422
-386
-384
-401
-418
-425
-429
-411
-373
-349
-425
-542
-600
-528
-420
-327
-291
-289
-288
-218
-117
-8
25
16
-26
-47
-9
-16
-55
-138
-241
-379
-509
-618
-719
-803
-890
-990
-1113
-1216
-1353
-1450
-1504
-1547
-1596
-1641
-1659
-1668
-1615
-1513
-1363
-1246
-1249
-1187
-1014
-723
-516
-421
-338
-212
-103
-106
-91
-36
72
134
169
218
306
342
281
184
168
153
139
83
79
52
-7
-92
-185
-271
-338
-374
-406
-463
-484
-488
-476
-473
-487
-506
-515
-488
-445
-420
-432
-434
-447
-461
-469
-412
-369
-318
-329
-308
-222
-121
-38
-1
34
87
162
219
196
183
165
202
165
80
-39
-112
-160
-252
-352
-505
-609
-702
-781
-869
-993
-1122
-1242
-1344
-1393
-1501
-1583
-1641
-1595
-1511
-1497
-1484
-1430
-1267
-1170
-1119
-1017
-839
-573
-416
-272
-188
-24
73
102
113
157
259
323
380
465
535
498
421
352
373
382
379
325
284
210
177
132
30
-95
-239
-259
-263
-245
-250
-253
-242
-239
-238
-245
-264
-262
-214
-117
-80
-66
-94
-92
-100
-78
-26
50
140
203
249
309
346
367
381
449
522
546
541
541
527
467
354
243
162
88
2
-109
-189
-319
-463
-636
-753
-835
-913
-997
-1067
-1132
-1220
-1333
-1396
-1371
-1355
-1353
-1364
-1285
-1197
-1160
-1098
-960
-782
-713
-656
-523
-253
-73
-32
53
214
362
323
212
227
396
538
559
534
535
524
441
380
431
472
413
306
263
275
216
116
35
20
-22
-84
-61
29
113
63
-15
-54
-56
-24
-9
43
93
126
109
107
140
152
165
177
267
383
452
462
476
527
529
501
492
551
597
579
496
442
379
304
152
9
-97
-200
-280
-390
-478
-595
-696
-784
-888
-979
-1063
-1101
-1124
-1189
-1249
-1294
-1274
-1275
-1269
-1276
-1265
-1253
-1204
-1078
-934
-789
-709
-699
-605
-450
-234
-127
-99
-10
98
143
126
159
262
348
389
385
413
431
437
414
389
405
401
398
390
387
354
289
186
99
83
101
104
93
109
119
118
111
104
97
102
122
159
186
207
216
236
247
255
261
333
444
492
494
476
478
520
531
530
486
415
353
276
215
143
70
-41
-162
-256
-329
-386
-447
-486
-583
-670
-797
-862
-879
-881
-921
-1010
-1063
-1099
-1090
-1118
-1135
-1160
-1162
-1177
-1143
-1085
-1022
-972
-900
-825
-691
-638
-625
-612
-487
-261
-91
-25
-28
84
163
206
134
103
179
295
357
408
472
482
441
369
369
437
482
459
463
473
464
448
417
382
313
261
202
222
308
347
296
240
236
233
225
221
247
295
322
310
307
329
343
322
339
380
406
379
355
391
390
344
248
219
223
186
87
-17
-68
-113
-188
-249
-314
-366
-437
-484
-491
-492
-569
-670
-725
-729
-772
-824
-846
-856
-869
-921
-973
-999
-974
-987
-964
-961
-984
-995
-988
-915
-879
-832
-773
-660
-543
-504
-438
-316
-145
-53
-32
19
75
131
175
193
278
319
337
355
393
453
485
491
477
527
541
552
517
509
498
456
388
320
294
266
231
205
216
230
186
106
57
36
42
20
13
10
10
18
27
36
36
17
22
82
160
178
136
124
130
125
63
-4
-37
-13
1
-37
-123
-205
-279
-360
-395
-425
-448
-475
-524
-550
-600
-623
-685
-720
-760
-773
-779
-764
-736
-784
-852
-931
-969
-997
-999
-968
-922
-897
-887
-857
-824
-768
-709
-606
-476
-378
-341
-310
-197
-42
49
62
74
176
264
303
338
416
474
485
483
550
655
682
669
681
709
702
650
583
570
560
489
383
324
285
234
109
24
20
8
-12
-43
-62
-62
-86
-120
-80
-9
25
-4
1
71
114
96
46
117
160
153
93
44
28
1
-43
-70
-52
-66
-116
-189
-191
-184
-239
-294
-311
-321
-386
-499
-534
-528
-501
-540
-601
-657
-708
-770
-818
-813
-777
-765
-796
-802
-811
-795
-791
-791
-806
-790
-744
-703
-667
-656
-641
-565
-497
-445
-402
-359
-259
-135
-13
59
109
149
241
338
401
457
497
544
569
594
608
624
619
616
616
592
526
478
420
372
313
258
203
148
116
82
75
63
35
-5
-38
-44
1
91
141
116
52
19
47
97
110
100
112
144
145
134
111
116
86
52
21
42
18
-44
-68
-81
-99
-146
-200
-239
-235
-211
-229
-260
-276
-326
-356
-355
-314
-324
-353
-391
-413
-376
-380
-392
-432
-463
-463
-468
-450
-486
-535
-610
-630
-614
-611
-643
-646
-583
-507
-451
-401
-338
-248
-179
-127
-54
38
135
204
264
349
413
419
387
368
379
399
408
401
405
417
436
467
452
416
375
346
323
292
274
260
238
213
211
174
136
99
63
48
37
28
12
9
37
32
31
27
40
58
67
51
44
72
72
82
67
59
48
33
15
9
17
5
-9
1
-1
-21
-57
-70
-79
-101
-146
-165
-142
-146
-157
-169
-180
-215
-276
-344
-358
-340
-367
-386
-404
-417
-445
-493
-519
-519
-525
-549
-550
-545
-514
-545
-605
-620
-587
-536
-530
-515
-455
-365
-314
-343
-339
-281
-194
-138
-90
-12
42
76
82
135
188
198
187
198
254
289
286
247
209
173
138
140
153
158
143
87
50
53
64
58
48
61
80
105
114
115
106
83
91
127
185
211
212
207
213
215
198
180
182
183
185
211
220
217
187
147
114
110
140
136
135
120
99
93
87
91
95
88
74
85
89
87
67
48
40
30
19
-38
-63
-66
-75
-119
-166
-196
-217
-232
-281
-336
-372
-403
-436
-469
-482
-521
-549
-554
-532
-515
-508
-492
-467
-436
-419
-399
-357
-290
-269
-255
-234
-154
-89
-75
-84
-107
-87
-48
-33
-30
-16
-10
-8
12
64
101
85
66
90
151
180
186
164
160
170
167
186
195
180
149
144
142
139
109
64
27
-3
-50
-89
-119
-140
-127
-129
-113
-124
-142
-187
-191
-166
-129
-105
-109
-90
-89
-57
-27
-22
-11
-4
-2
-19
-57
-83
-90
-84
-123
-173
-229
-259
-273
-293
-327
-367
-409
-428
-427
-415
-433
-463
-513
-564
-577
-595
-603
-653
-683
-716
-758
-766
-774
-788
-809
-827
-838
-857
-871
-884
-882
-868
-846
-815
-777
-730
-674
-601
-535
-475
-418
-372
-304
-228
-151
-69
-26
9
26
75
128
199
238
231
212
182
184
195
190
163
125
84
56
57
42
12
-23
-78
-91
-83
-51
-37
-38
-31
4
38
73
98
128
159
181
196
208
216
212
222
216
210
202
193
185
162
135
88
40
1
3
-4
4
-12
-31
-60
-91
-105
-125
-140
-172
-198
-231
-235
-259
-326
-398
-462
-543
-599
-652
-716
-776
-808
-845
-912
-971
-998
-1007
-1028
-1029
-1027
-995
-968
-930
-886
-839
-789
-765
-718
-697
-636
-575
-515
-475
-450
-396
-352
-281
-243
-209
-202
-171
-149
-148
-153
-156
-161
-175
-140
-127
-113
-135
-157
-158
-138
-126
-118
-105
-86
-56
-7
74
139
197
213
251
288
315
347
361
403
409
421
424
441
436
414
391
375
377
366
363
345
341
337
324
296
248
214
167
142
149
139
108
55
-3
-27
-66
-123
-162
-202
-256
-287
-315
-361
-389
-446
-522
-576
-590
-601
-615
-636
-660
-680
-719
-733
-710
-678
-672
-654
-627
-583
-547
-526
-509
-502
-478
-473
-468
-461
-469
-494
-504
-543
-585
-618
-637
-649
-677
-696
-733
-777
-803
-784
-780
-773
-758
-750
-752
-745
-717
-674
-612
-566
-515
-454
-393
-337
-297
-236
-146
-70
17
85
119
149
200
271
318
357
402
451
484
495
485
465
454
455
451
434
408
373
337
307
313
295
262
174
76
5
-22
-26
-51
-105
-170
-232
-264
-253
-245
-243
-273
-292
-343
-357
-364
-334
-296
-288
-308
-361
-371
-329
-287
-285
-294
-326
-336
-332
-310
-285
-270
-300
-341
-367
-364
-343
-367
-399
-443
-460
-494
-518
-548
-574
-605
-659
-708
-768
-800
-831
-850
-872
-895
-932
-947
-944
-924
-911
-903
-893
-889
-868
-828
-758
-711
-647
-594
-550
-482
-393
-306
-217
-163
-115
-55
-23
18
50
110
140
165
200
266
311
303
299
305
302
311
322
330
337
340
319
279
254
210
185
146
114
77
35
-8
-47
-55
-89
-125
-166
-180
-195
-215
-237
-265
-295
-314
-311
-291
-292
-281
-290
-324
-324
-324
-292
-291
-282
-277
-252
-234
-246
-252
-245
-260
-284
-283
-298
-286
-277
-270
-260
-262
-273
-291
-289
-301
-317
-341
-362
-375
-387
-406
-462
-506
-549
-569
-581
-604
-611
-617
-624
-612
-599
-601
-590
-554
-502
-466
-440
-425
-384
-328
-277
-238
-194
-153
-129
-128
-115
-72
-36
-1
29
58
65
78
67
83
100
89
81
85
101
152
167
153
156
146
154
158
149
122
101
80
80
78
82
75
41
14
-13
-50
-84
-111
-152
-175
-220
-245
-250
-256
-255
-271
-292
-297
-286
-278
-272
-285
-302
-304
-295
-268
-235
-203
-176
-157
-153
-173
-178
-158
-119
-102
-121
-116
-111
-100
-100
-107
-104
-111
-108
-130
-143
-148
-159
-151
-160
-166
-146
-137
-131
-124
-132
-132
-133
-118
-113
-120
-121
-133
-142
-147
-155
-145
-144
-146
-139
-136
-137
-121
-124
-124
-110
-85
-44
-26
-1
30
57
84
136
178
207
248
279
305
343
354
360
371
403
418
425
445
462
480
463
441
422
420
406
389
364
362
369
336
328
317
317
318
301
285
287
295
288
280
268
235
208
198
184
186
188
201
187
175
171
180
180
156
145
131
123
99
87
94
94
85
76
63
68
89
86
108
109
132
144
151
162
183
212
206
199
194
186
177
174
158
137
113
77
54
53
50
44
24
11
22
40
59
60
53
53
65
84
116
152
159
159
179
195
210
237
253
254
269
287
320
345
355
355
370
419
463
470
471
486
506
530
542
530
532
553
573
587
578
553
526
506
513
515
527
533
526
511
482
458
428
399
354
339
334
321
326
306
302
292
288
288
273
278
280
265
286
312
327
318
302
299
299
322
323
315
307
285
266
263
272
253
226
207
197
184
190
209
204
206
176
144
131
124
128
98
93
93
77
75
71
68
71
75
85
84
78
73
66
77
79
64
70
88
103
104
110
109
108
88
66
76
91
108
122
162
184
186
193
196
229
250
253
227
221
238
265
291
304
293
279
279
277
263
246
241
241
250
252
267
277
299
328
339
355
374
390
380
388
399
393
388
385
372
375
399
382
377
368
364
362
363
377
386
393
396
380
371
378
370
347
334
324
310
322
304
279
259
239
239
227
218
179
140
114
110
109
99
100
109
120
113
119
122
138
139
127
103
90
86
79
72
55
45
11
-3
-26
-44
-55
-77
-81
-96
-101
-116
-116
-96
-73
-72
-62
-36
-4
16
17
33
51
83
96
128
150
154
176
180
194
210
229
243
257
270
261
260
284
305
319
302
290
283
285
281
242
228
215
217
218
233
240
235
232
252
267
266
267
244
245
264
290
306
327
330
305
278
260
257
257
249
236
220
193
207
214
196
181
183
193
197
205
183
172
168
147
134
138
130
131
125
124
108
62
15
13
29
3
-31
-54
-76
-56
-20
-14
-44
-108
-164
-174
-154
-118
-109
-119
-130
-157
-130
-86
-18
28
38
30
10
36
67
96
135
168
180
184
194
229
242
255
250
234
238
241
261
285
293
285
269
261
280
293
294
277
256
247
251
244
229
242
226
206
183
155
136
115
127
142
120
98
84
102
136
171
173
162
166
188
236
277
306
324
315
282
287
312
329
351
335
287
269
274
246
226
193
137
93
87
85
56
23
-30
-76
-81
-86
-80
-83
-96
-86
-84
-72
-70
-85
-89
-78
-75
-73
-67
-46
-30
-28
-35
-47
-55
-46
-45
-37
-34
-23
4
3
25
34
33
26
31
28
23
18
21
7
12
21
46
64
64
82
73
65
58
62
76
107
120
124
143
166
183
169
188
186
186
195
209
219
236
245
241
234
228
231
226
227
217
219
203
174
151
130
124
99
87
79
46
44
57
61
59
58
56
66
76
77
90
99
88
86
87
81
95
83
68
51
45
42
32
33
27
18
14
-12
-52
-78
-91
-93
-90
-102
-109
-104
-107
-112
-92
-96
-102
-117
-134
-129
-110
-104
-101
-86
-59
-56
-55
-33
-17
-16
-28
-38
-45
-15
-15
-17
-16
-13
-11
-43
-49
-49
-48
-25
-41
-45
-35
-23
-14
-24
-28
-13
23
40
79
109
102
118
125
124
125
132
140
136
133
137
163
180
176
172
169
153
129
122
117
106
83
38
22
20
18
23
18
11
7
19
21
13
-1
-22
-42
-43
-37
-36
-35
-24
-26
-21
12
27
47
70
101
103
113
137
141
148
150
155
139
135
145
152
129
98
99
92
67
46
14
-10
-33
-55
-67
-65
-71
-68
-87
-96
-83
-52
-26
-5
6
7
1
7
39
69
94
128
188
200
195
177
188
218
228
234
235
236
240
235
224
208
162
118
103
92
96
117
142
125
125
124
135
172
197
197
172
177
177
175
161
175
198
212
227
215
219
225
228
216
211
195
184
173
176
174
154
115
79
78
77
68
60
50
46
57
52
48
45
31
12
16
-9
-7
13
15
22
8
-8
-24
-31
-69
-68
-69
-77
-81
-75
-66
-31
-24
-45
-32
0
6
24
46
48
55
52
45
36
35
33
22
22
28
52
42
21
7
-3
6
32
65
81
107
121
150
181
204
218
228
244
259
265
274
305
304
327
323
331
344
343
336
332
325
320
333
328
334
331
302
278
294
288
271
272
290
302
321
325
331
340
344
348
347
347
334
325
344
343
348
337
327
318
316
315
271
255
220
200
182
151
122
86
63
29
14
12
6
-16
-46
-57
-89
-119
-131
-124
-118
-110
-123
-131
-107
-91
-99
-99
-85
-83
-84
-74
-58
-39
-37
-26
-34
-51
-65
-51
-50
-58
-48
-39
-41
-43
-30
-37
-33
-34
-26
-17
-38
-33
-20
-22
-33
-30
-21
-42
-26
14
29
37
34
36
52
46
56
85
99
104
110
115
117
109
109
113
123
142
144
159
175
166
154
152
158
187
202
197
200
193
190
195
179
169
182
184
190
209
194
181
176
158
154
153
157
160
160
145
116
116
110
89
70
82
79
64
81
92
81
77
72
49
19
5
-2
2
17
-2
-28
-51
-74
-78
-76
-82
-96
-98
-99
-88
-100
-129
-134
-124
-132
-134
-98
-71
-51
-54
-56
-34
-35
-46
-48
-70
-75
-66
-55
-51
-59
-67
-87
-104
-103
-79
-50
-27
-20
-16
-16
-5
7
-2
0
19
50
79
85
95
98
90
106
104
106
128
155
169
179
147
121
118
140
164
166
137
91
88
127
168
150
101
44
8
11
53
92
109
82
48
15
24
82
114
109
109
82
33
41
62
68
58
16
-39
-52
-53
-40
-28
-36
-75
-125
-128
-137
-130
-113
-123
-175
-207
-195
-184
-165
-182
-206
-219
-206
-185
-182
-173
-178
-180
-198
-239
-259
-238
-225
-195
-190
-201
-206
-199
-174
-154
-118
-125
-134
-132
-98
-49
-9
16
29
31
59
109
140
179
194
181
150
136
148
140
107
89
69
60
71
69
68
57
35
23
19
18
33
51
74
89
94
95
90
88
129
151
171
178
188
216
235
249
244
233
197
160
157
168
153
149
137
120
135
144
134
114
79
42
33
33
24
28
16
19
25
26
22
12
4
-13
-30
-45
-51
-48
-25
-30
-25
-27
-34
-16
-9
-5
-7
-14
-22
-21
-11
-21
-32
-34
-55
-75
-69
-57
-70
-78
-73
-92
-90
-96
-79
-51
-54
-35
-16
6
25
53
68
84
101
118
118
144
169
175
171
191
213
224
241
237
237
238
264
257
251
269
291
307
306
305
297
294
296
301
303
301
307
315
322
340
346
334
337
323
331
341
351
381
381
376
373
369
363
337
328
323
313
299
294
293
273
252
239
223
211
185
180
190
168
149
102
47
18
-1
-5
-26
-51
-61
-80
-74
-65
-70
-68
-67
-70
-86
-77
-66
-65
-61
-52
-59
-67
-85
-87
-84
-89
-77
-82
-90
-88
-108
-101
-109
-131
-144
-142
-136
-123
-123
-112
-111
-106
-86
-88
-92
-68
-48
-55
-53
-31
-13
1
42
72
94
111
134
144
148
147
152
160
181
186
177
151
130
130
141
140
135
130
126
126
121
114
93
71
41
33
48
52
27
6
-7
-13
-8
-14
-10
2
15
12
0
0
-7
-1
30
53
52
46
39
35
30
28
-12
-37
-29
-45
-69
-95
-120
-148
-175
-185
-194
-198
-204
-224
-243
-277
-288
-282
-260
-243
-245
-246
-278
-284
-287
-296
-278
-286
-294
-288
-288
-295
-295
-300
-294
-279
-252
-246
-238
-245
-257
-260
-290
-292
-278
-269
-278
-259
-246
-250
-233
-245
-250
-252
-270
-261
-252
-253
-227
-224
-230
-226
-230
-253
-240
-227
-224
-188
-178
-168
-147
-137
-130
-106
-96
-110
-109
-92
-77
-53
-21
-18
-25
-35
-46
-55
-47
-41
-59
-78
-81
-73
-58
-59
-74
-65
-63
-50
-44
-29
-18
-9
-4
7
37
32
42
40
36
25
36
34
31
33
16
8
-6
-20
-38
-50
-70
-63
-63
-66
-89
-116
-117
-127
-141
-167
-183
-184
-170
-156
-159
-166
-160
-192
-210
-211
-217
-235
-240
-224
-231
-214
-190
-190
-191
-185
-170
-169
-177
-174
-182
-195
-197
-178
-166
-168
-176
-171
-175
-169
-170
-181
-201
-217
-209
-203
-199
-179
-169
-152
-151
-152
-145
-126
-105
-102
-83
-83
-78
-72
-66
-61
-44
-27
-15
-4
7
12
24
19
9
7
-9
12
15
10
15
8
2
-16
-40
-59
-74
-83
-90
-97
-99
-101
-91
-97
-94
-95
-100
-104
-104
-91
-86
-82
-75
-77
-79
-82
-95
-98
-90
-80
-85
-86
-94
-101
-93
-99
-115
-114
-106
-97
-115
-137
-148
-148
-140
-154
-160
-174
-188
-179
-167
-175
-186
-190
-183
-190
-179
-174
-160
-153
-158
-160
-180
-172
-171
-161
-157
-150
-134
-128
-112
-87
-71
-75
-53
-36
-39
-51
-51
-44
-35
-30
-36
-47
-54
-63
-76
-72
-73
-72
-83
-83
-72
-69
-75
-68
-54
-38
-31
-14
-10
-29
-46
-43
-48
-53
-41
-48
-50
-45
-30
-43
-31
-35
-67
-75
-76
-86
-81
-86
-92
-95
-111
-120
-140
-152
-152
-141
-117
-104
-129
-142
-147
-133
-132
-131
-108
-85
-68
-47
-40
-67
-93
-101
-73
-53
-69
-99
-120
-124
-97
-54
-46
-78
-139
-191
-180
-117
-67
-49
-70
-114
-131
-103
-47
-25
-2
-7
-41
-52
-43
-22
-1
15
-20
-46
-45
-44
-6
17
6
-16
-50
-48
-7
29
53
45
18
11
33
65
88
96
83
78
76
98
108
120
134
123
110
102
95
98
125
135
140
114
101
112
136
175
196
184
150
142
156
181
201
205
187
167
168
184
188
193
183
142
92
63
62
61
29
3
-14
-26
-22
-34
-44
-81
-108
-127
-144
-143
-141
-128
-98
-82
-80
-79
-90
-76
-49
-34
-24
-21
-16
17
40
48
36
18
-7
-15
-15
-30
-29
-22
-38
-52
-42
-40
-46
-79
-107
-141
-154
-152
-142
-127
-121
-104
-109
-101
-105
-119
-124
-132
-132
-147
-132
-109
-91
-78
-63
-59
-37
-6
6
11
16
13
15
4
-1
2
4
-9
-12
-14
-27
-37
-62
-80
-86
-97
-103
-94
-93
-101
-90
-93
-98
-89
-91
-92
-94
-97
-93
-96
-107
-94
-83
-87
-88
-83
-74
-76
-85
-93
-83
-79
-78
-63
-58
-46
-45
-45
-36
-48
-76
-96
-97
-102
-98
-93
-92
-103
-108
-80
-62
-69
-89
-103
-128
-133
-137
-149
-138
-151
-153
-155
-168
-187
-183
-174
-177
-189
-191
-194
-178
-144
-109
-88
-97
-106
-96
-80
-84
-94
-109
-99
-96
-81
-71
-91
-116
-125
-118
-117
-109
-90
-100
-109
-110
-121
-122
-118
-94
-80
-77
-68
-58
-47
-15
-5
6
23
33
54
70
80
86
94
97
93
93
109
118
126
125
120
126
125
109
124
153
174
173
166
154
155
162
151
150
164
173
178
180
159
134
118
104
105
99
87
87
72
77
82
77
73
53
31
9
2
-7
-2
-4
-5
1
11
11
-15
-38
-41
-28
-15
-11
-19
-19
-4
-8
-18
-10
-13
-5
7
13
9
6
-3
1
20
31
14
0
3
-9
-22
-32
-47
-76
-85
-75
-92
-75
-76
-73
-76
-101
-108
-73
-32
7
14
-10
-23
-35
-28
-25
-30
-36
-4
-1
-2
10
16
22
28
27
44
68
71
85
90
86
74
80
85
95
106
104
118
127
134
121
94
65
54
52
47
48
54
60
52
67
52
26
5
14
25
27
33
39
63
79
87
75
85
75
80
98
127
161
168
170
157
146
121
98
87
72
67
60
53
47
41
27
-4
-21
-38
-25
-16
-5
4
0
12
27
24
26
47
52
61
59
59
59
69
77
79
70
72
79
68
82
84
80
83
94
95
99
105
91
77
58
54
39
31
30
32
18
9
13
18
20
13
5
8
-4
11
9
6
15
14
19
12
3
-6
-18
-22
-19
7
6
15
20
21
14
7
7
11
-1
-20
-14
-23
-29
-33
-40
-41
-46
-51
-73
-84
-92
-102
-104
-113
-119
-116
-116
-119
-105
-115
-131
-149
-140
-134
-125
-133
-135
-131
-128
-113
-103
-105
-111
-107
-95
-87
-91
-84
-102
-121
-135
-138
-114
-115
-104
-88
-88
-101
-104
-103
-125
-126
-142
-129
-118
-112
-94
-91
-94
-93
-93
-100
-102
-111
-113
-113
-117
-94
-89
-84
-86
-92
-99
-128
-121
-109
-96
-101
-89
-76
-66
-52
-64
-82
-85
-80
-99
-107
-92
-84
-87
-104
-126
-135
-139
-147
-147
-160
-170
-177
-169
-172
-172
-158
-139
-130
-142
-150
-164
-179
-188
-202
-196
-192
-176
-186
-212
-208
-212
-214
-215
-222
-224
-215
-218
-206
-211
-223
-220
-215
-215
-216
-210
-213
-229
-236
-234
-248
-264
-252
-263
-294
-288
-271
-259
-262
-289
-323
-345
-347
-361
-355
-344
-344
-336
-343
-353
-357
-373
-401
-392
-370
-341
-329
-351
-380
-370
-368
-378
-366
-342
-329
-324
-317
-332
-365
-378
-359
-355
-346
-364
-407
-421
-408
-361
-352
-391
-451
-494
-486
-425
-371
-347
-365
-397
-436
-432
-391
-342
-323
-334
-346
-350
-327
-314
-295
-287
-308
-339
-341
-325
-293
-286
-311
-345
-369
-377
-369
-346
-319
-313
-347
-379
-401
-389
-362
-349
-354
-372
-348
-333
-320
-307
-324
-360
-399
-419
-430
-435
-411
-401
-417
-447
-478
-497
-494
-481
-458
-472
-512
-515
-501
-492
-474
-472
-499
-530
-537
-509
-487
-459
-454
-484
-521
-532
-520
-543
-563
-572
-574
-575
-564
-549
-563
-571
-580
-583
-564
-552
-535
-508
-505
-491
-484
-493
-484
-493
-487
-481
-463
-459
-454
-434
-425
-424
-434
-441
-444
-448
-446
-439
-448
-444
-439
-435
-416
-406
-399
-398
-421
-440
-442
-451
-442
-422
-410
-395
-394
-402
-415
-414
-413
-444
-458
-464
-454
-453
-443
-437
-456
-444
-439
-446
-443
-448
-461
-467
-479
-477
-484
-499
-485
-492
-500
-496
-494
-500
-498
-505
-528
-539
-525
-521
-542
-539
-554
-587
-595
-594
-592
-582
-582
-579
-581
-583
-577
-561
-541
-534
-514
-523
-523
-522
-529
-545
-531
-522
-540
-541
-534
-525
-499
-476
-490
-487
-493
-521
-539
-555
-560
-543
-530
-523
-514
-497
-488
-495
-504
-531
-557
-574
-555
-539
-533
-527
-539
-553
-585
-609
-623
-633
-645
-644
-640
-633
-622
-632
-647
-667
-687
-687
-676
-655
-647
-648
-657
-682
-681
-668
-649
-640
-645
-659
-670
-663
-679
-674
-684
-696
-702
-708
-708
-710
-692
-688
-703
-703
-702
-705
-699
-694
-696
-703
-690
-694
-700
-707
-703
-709
-708
-694
-694
-672
-673
-679
-673
-657
-658
-660
-669
-667
-642
-659
-678
-701
-713
-706
-711
-696
-679
-683
-675
-680
-686
-714
-728
-736
-747
-738
-736
-739
-739
-725
-711
-723
-712
-712
-731
-730
-735
-732
-722
-706
-710
-714
-717
-683
-664
-659
-641
-626
-605
-585
-582
-600
-596
-595
-613
-623
-607
-594
-569
-551
-542
-538
-536
-532
-530
-533
-528
-548
-570
-579
-572
-550
-555
-573
-595
-612
-611
-598
-574
-547
-547
-564
-564
-552
-535
-509
-507
-523
-548
-565
-580
-572
-581
-603
-622
-629
-629
-635
-622
-623
-628
-638
-644
-649
-641
-630
-609
-610
-633
-638
-646
-633
-630
-614
-611
-609
-601
-586
-572
-575
-578
-597
-605
-606
-619
-614
-600
-579
-588
-597
-596
-604
-602
-597
-567
-552
-543
-541
-542
-535
-513
-501
-506
-513
-496
-478
-455
-426
-419
-412
-432
-435
-448
-454
-455
-460
-474
-496
-486
-481
-475
-473
-481
-487
-485
-499
-496
-488
-475
-467
-460
-460
-464
-465
-476
-503
-523
-512
-498
-484
-488
-508
-523
-522
-525
-529
-531
-534
-533
-510
-514
-528
-536
-565
-597
-596
-595
-597
-596
-595
-595
-584
-575
-579
-568
-573
-566
-548
-549
-543
-551
-572
-573
-562
-548
-541
-541
-542
-536
-530
-529
-533
-556
-587
-601
-588
-580
-548
-548
-565
-554
-553
-559
-565
-561
-569
-575
-571
-578
-587
-604
-607
-623
-643
-647
-658
-654
-649
-655
-671
-683
-712
-712
-715
-721
-719
-725
-713
-700
-698
-692
-694
-711
-715
-717
-701
-691
-690
-685
-683
-685
-708
-725
-721
-711
-716
-719
-715
-698
-675
-671
-676
-683
-669
-666
-671
-675
-655
-646
-648
-642
-643
-669
-678
-684
-689
-679
-680
-676
-668
-665
-662
-652
-660
-645
-628
-613
-595
-581
-568
-559
-545
-528
-499
-506
-500
-483
-487
-486
-485
-511
-525
-529
-537
-526
-525
-539
-555
-567
-569
-574
-597
-611
-601
-594
-577
-558
-533
-523
-526
-552
-569
-563
-556
-545
-540
-531
-525
-520
-521
-529
-534
-529
-489
-464
-453
-458
-474
-473
-460
-440
-438
-439
-433
-412
-402
-388
-399
-422
-427
-417
-420
-410
-409
-434
-435
-423
-402
-411
-400
-412
-442
-459
-437
-406
-406
-391
-405
-423
-432
-410
-403
-412
-390
-357
-330
-343
-359
-395
-411
-413
-397
-364
-336
-324
-329
-321
-344
-380
-410
-416
-405
-411
-435
-468
-492
-478
-444
-424
-453
-503
-546
-566
-537
-484
-431
-405
-423
-449
-459
-423
-367
-333
-313
-331
-352
-352
-342
-322
-312
-325
-356
-384
-384
-384
-390
-389
-412
-435
-461
-472
-435
-408
-397
-417
-452
-459
-432
-396
-395
-403
-408
-404
-384
-358
-358
-359
-358
-378
-405
-417
-417
-420
-403
-408
-424
-445
-460
-462
-458
-444
-428
-450
-474
-469
-459
-445
-438
-439
-444
-459
-472
-456
-437
-444
-457
-468
-484
-494
-513
-545
-586
-595
-596
-590
-578
-575
-587
-609
-614
-614
-595
-580
-574
-562
-559
-550
-549
-562
-563
-552
-535
-548
-548
-548
-536
-522
-519
-523
-546
-553
-563
-568
-595
-610
-601
-591
-593
-584
-582
-586
-593
-611
-615
-600
-599
-583
-583
-593
-576
-552
-561
-565
-562
-570
-582
-599
-604
-609
-613
-625
-630
-630
-627
-634
-625
-619
-627
-628
-638
-640
-642
-632
-624
-634
-634
-635
-635
-643
-639
-633
-626
-610
-600
-613
-607
-601
-606
-597
-593
-607
-625
-628
-616
-607
-609
-605
-618
-620
-629
-632
-619
-640
-636
-625
-634
-616
-613
-610
-608
-614
-620
-641
-631
-603
-578
-560
-541
-544
-544
-554
-559
-562
-563
-534
-522
-537
-518
-490
-477
-487
-508
-540
-536
-509
-506
-495
-498
-509
-530
-545
-560
-571
-581
-592
-599
-606
-618
-617
-611
-606
-595
-599
-598
-589
-574
-578
-578
-574
-555
-536
-548
-553
-547
-554
-564
-572
-581
-581
-570
-549
-542
-542
-540
-535
-538
-533
-519
-515
-508
-505
-514
-524
-522
-533
-553
-557
-547
-529
-530
-526
-526
-536
-537
-522
-504
-492
-499
-492
-483
-479
-466
-460
-451
-446
-439
-438
-445
-441
-420
-413
-386
-382
-361
-352
-369
-379
-394
-387
-386
-391
-406
-415
-429
-456
-482
-501
-511
-516
-527
-518
-522
-534
-528
-514
-511
-512
-505
-499
-480
-481
-493
-501
-493
-480
-486
-514
-527
-542
-549
-568
-578
-561
-548
-529
-519
-538
-567
-572
-582
-584
-584
-608
-639
-659
-673
-660
-658
-670
-675
-682
-684
-686
-665
-671
-669
-682
-705
-699
-689
-667
-645
-626
-637
-645
-657
-660
-634
-623
-599
-595
-606
-627
-635
-633
-648
-670
-687
-701
-707
-701
-709
-696
-709
-744
-752
-756
-744
-716
-692
-682
-667
-665
-680
-695
-701
-693
-678
-675
-667
-665
-656
-651
-664
-678
-701
-717
-736
-734
-722
-739
-734
-726
-710
-685
-655
-659
-673
-683
-698
-696
-678
-648
-619
-600
-603
-606
-622
-635
-649
-653
-665
-678
-648
-624
-622
-620
-639
-658
-675
-674
-649
-622
-601
-594
-594
-589
-588
-583
-596
-611
-619
-612
-600
-602
-588
-597
-608
-613
-616
-610
-609
-614
-611
-610
-604
-580
-559
-550
-553
-548
-546
-537
-520
-498
-490
-496
-500
-495
-490
-506
-513
-514
-534
-547
-580
-596
-609
-626
-627
-624
-619
-620
-631
-645
-644
-621
-598
-604
-613
-605
-594
-591
-569
-546
-547
-553
-544
-563
-562
-557
-569
-571
-585
-579
-581
-574
-569
-580
-600
-613
-598
-591
-592
-585
-588
-583
-556
-542
-543
-546
-534
-524
-523
-530
-537
-561
-582
-599
-601
-594
-594
-598
-596
-592
-581
-578
-577
-575
-569
-554
-534
-523
-498
-477
-472
-463
-438
-421
-430
-440
-446
-434
-427
-435
-463
-487
-495
-507
-521
-525
-532
-535
-542
-555
-573
-572
-550
-539
-534
-534
-532
-534
-503
-491
-495
-466
-467
-473
-463
-450
-459
-461
-453
-452
-429
-423
-435
-438
-439
-431
-428
-424
-414
-399
-418
-423
-421
-425
-440
-447
-433
-434
-450
-447
-429
-426
-422
-422
-419
-407
-414
-421
-428
-425
-434
-444
-447
-430
-436
-448
-438
-430
-422
-421
-420
-427
-428
-440
-448
-452
-470
-490
-499
-515
-517
-528
-541
-563
-585
-574
-582
-584
-587
-591
-595
-596
-604
-622
-634
-643
-653
-645
-652
-687
-684
-670
-674
-684
-692
-685
-675
-694
-698
-686
-689
-686
-699
-699
-691
-679
-682
-688
-672
-667
-654
-660
-680
-684
-696
-707
-723
-728
-733
-743
-769
-776
-777
-794
-803
-812
-802
-803
-778
-749
-734
-739
-725
-691
-644
-612
-572
-559
-551
-531
-538
-519
-513
-547
-561
-574
-585
-601
-626
-637
-661
-675
-684
-692
-714
-732
-721
-714
-717
-717
-710
-676
-657
-634
-632
-604
-580
-556
-519
-516
-525
-550
-546
-528
-516
-530
-545
-569
-575
-572
-563
-543
-537
-543
-560
-559
-544
-539
-529
-533
-550
-553
-556
-548
-538
-518
-512
-528
-549
-556
-567
-572
-580
-601
-618
-620
-626
-633
-628
-612
-614
-626
-613
-590
-564
-550
-555
-558
-553
-533
-524
-525
-509
-509
-509
-515
-516
-527
-531
-529
-548
-558
-577
-589
-598
-605
-603
-598
-600
-607
-585
-561
-542
-533
-528
-542
-532
-532
-548
-528
-525
-527
-537
-538
-511
-495
-487
-499
-515
-522
-525
-495
-477
-483
-478
-492
-492
-494
-485
-472
-486
-473
-469
-444
-429
-424
-428
-432
-436
-460
-460
-465
-459
-445
-435
-451
-455
-462
-483
-486
-471
-457
-459
-471
-487
-487
-488
-476
-478
-490
-489
-481
-498
-502
-506
-521
-533
-544
-549
-574
-591
-594
-592
