-331
-325
-311
-312
-311
-294
-295
-280
-256
-249
-245
-239
-240
-254
-265
-275
-291
-303
-286
-267
-268
-256
-263
-252
-244
-230
-203
-181
-180
-176
-173
-167
-163
-155
-133
-118
-106
-103
-106
-114
-106
-112
-104
-88
-98
-92
-97
-114
-129
-141
-150
-173
-188
-190
-183
-180
-172
-173
-179
-196
-204
-218
-216
-206
-193
-174
-188
-201
-210
-206
-192
-185
-181
-189
-182
-185
-188
-177
-180
-187
-176
-175
-187
-202
-217
-201
-178
-176
-165
-158
-141
-155
-178
-188
-194
-197
-204
-199
-187
-178
-173
-164
-156
-161
-172
-183
-187
-178
-170
-159
-160
-157
-165
-181
-209
-235
-259
-270
-274
-261
-262
-270
-257
-260
-273
-288
-302
-292
-293
-301
-284
-281
-282
-271
-267
-264
-242
-220
-222
-204
-212
-228
-255
-286
-301
-326
-322
-310
-286
-274
-252
-246
-244
-239
-247
-233
-217
-200
-198
-204
-203
-196
-196
-204
-197
-182
-182
-182
-189
-225
-265
-271
-260
-256
-264
-272
-275
-301
-318
-337
-347
-350
-352
-350
-342
-313
-287
-277
-270
-280
-291
-300
-310
-313
-333
-322
-320
-314
-302
-289
-268
-243
-245
-265
-282
-271
-255
-259
-267
-263
-264
-273
-265
-266
-253
-250
-257
-263
-268
-267
-266
-265
-259
-258
-263
-274
-280
-274
-268
-266
-287
-285
-302
-320
-319
-310
-287
-275
-270
-256
-247
-245
-239
-239
-259
-291
-314
-316
-317
-319
-318
-309
-296
-296
-301
-306
-297
-295
-289
-297
-308
-297
-296
-298
-291
-274
-263
-264
-273
-277
-265
-267
-263
-259
-279
-266
-265
-251
-248
-260
-260
-271
-273
-276
-285
-293
-294
-293
-295
-284
-282
-291
-287
-282
-279
-292
-303
-322
-324
-318
-303
-300
-300
-302
-326
-332
-322
-309
-306
-325
-353
-370
-352
-333
-334
-328
-330
-326
-333
-339
-351
-351
-346
-339
-316
-290
-291
-326
-350
-377
-397
-405
-413
-417
-397
-372
-346
-320
-312
-299
-287
-291
-290
-288
-287
-270
-275
-283
-290
-290
-302
-303
-305
-303
-294
-304
-319
-341
-340
-343
-351
-356
-344
-329
-320
-295
-273
-248
-241
-256
-269
-278
-296
-281
-268
-250
-233
-240
-246
-259
-278
-287
-286
-262
-253
-243
-228
-225
-241
-270
-269
-254
-245
-236
-223
-206
-211
-223
-220
-213
-202
-192
-193
-202
-175
-184
-179
-174
-188
-182
-181
-165
-138
-117
-90
-99
-119
-157
-199
-214
-215
-214
-205
-172
-167
-178
-195
-200
-198
-191
-188
-179
-177
-187
-197
-211
-183
-138
-112
-97
-86
-81
-73
-63
-70
-67
-68
-67
-68
-71
-88
-95
-102
-118
-111
-104
-99
-102
-107
-90
-65
-60
-52
-28
-21
-24
-30
-28
-31
-39
-62
-74
-67
-61
-65
-45
-25
-10
1
2
-9
-32
-58
-61
-41
-49
-26
-13
-20
1
2
16
16
8
2
-11
-10
-17
-34
-41
-58
-76
-87
-96
-85
-74
-71
-66
-65
-52
-54
-78
-84
-86
-61
-34
-8
-14
-25
-39
-42
-38
-26
-15
-46
-43
-41
-42
-38
-34
-8
1
5
-14
-33
-42
-45
-49
-62
-58
-53
-54
-62
-66
-84
-82
-75
-76
-93
-111
-131
-158
-149
-126
-116
-123
-112
-100
-106
-120
-133
-146
-160
-153
-138
-138
-167
-173
-171
-162
-151
-137
-128
-143
-160
-174
-176
-182
-180
-180
-184
-155
-132
-113
-100
-93
-91
-96
-117
-142
-164
-171
-176
-166
-164
-153
-150
-180
-210
-233
-223
-219
-213
-201
-197
-211
-231
-239
-235
-221
-215
-203
-220
-245
-255
-252
-257
-266
-240
-232
-227
-223
-209
-205
-196
-196
-187
-195
-217
-240
-253
-253
-270
-253
-234
-229
-218
-204
-199
-197
-207
-186
-166
-157
-163
-180
-189
-204
-220
-226
-238
-238
-233
-246
-248
-252
-242
-229
-213
-199
-191
-213
-230
-242
-235
-228
-220
-218
-220
-223
-239
-243
-240
-243
-257
-270
-297
-303
-291
-289
-283
-277
-265
-246
-237
-230
-239
-234
-237
-244
-240
-241
-238
-236
-245
-249
-247
-248
-237
-225
-188
-155
-141
-133
-138
-146
-165
-171
-185
-171
-150
-149
-134
-133
-136
-158
-150
-145
-151
-157
-172
-184
-200
-199
-198
-200
-200
-197
-204
-203
-211
-213
-207
-201
-191
-170
-169
-182
-184
-197
-191
-171
-153
-142
-163
-179
-173
-153
-125
-83
-57
-32
-30
-38
-44
-56
-49
-43
-31
-37
-33
-48
-46
-38
-22
-5
-7
-9
-31
-59
-89
-111
-114
-95
-78
-65
-66
-63
-73
-56
-36
-35
-37
-42
-45
-59
-74
-69
-62
-69
-71
-71
-79
-103
-92
-63
-29
-18
-57
-104
-135
-135
-114
-74
-32
-15
-6
-15
-21
-36
-38
-20
-5
15
31
21
13
8
22
26
29
17
-2
8
5
1
-9
-6
-19
-17
-20
-19
-20
-18
-21
-39
-30
-24
-25
-25
-30
-20
-10
3
5
10
13
6
-3
-1
-3
-9
1
2
17
38
45
50
52
51
55
45
35
49
52
34
42
57
46
38
10
-11
-13
-1
-2
5
-7
-13
-22
-38
-46
-56
-51
-51
-47
-58
-75
-95
-88
-78
-85
-83
-95
-101
-100
-112
-112
-118
-127
-143
-152
-168
-175
-156
-137
-147
-144
-132
-134
-143
-164
-176
-182
-186
-196
-194
-189
-185
-178
-181
-173
-191
-211
-223
-230
-241
-243
-238
-228
-211
-201
-203
-193
-183
-177
-150
-128
-132
-143
-162
-177
-193
-206
-186
-186
-199
-204
-206
-210
-212
-226
-247
-252
-268
-274
-291
-280
-277
-278
-271
-266
-269
-279
-287
-282
-286
-278
-255
-232
-239
-240
-242
-247
-223
-229
-233
-250
-254
-249
-236
-223
-224
-218
-206
-193
-199
-214
-203
-187
-175
-153
-140
-123
-121
-135
-139
-135
-136
-143
-153
-166
-183
-190
-187
-163
-149
-153
-183
-218
-246
-265
-254
-240
-201
-169
-169
-175
-190
-214
-214
-201
-193
-181
-194
-197
-198
-202
-198
-197
-183
-168
-150
-134
-124
-118
-115
-92
-67
-74
-77
-87
-97
-89
-81
-74
-86
-91
-97
-76
-38
-6
8
0
10
-11
-44
-61
-84
-111
-122
-105
-91
-81
-74
-76
-85
-73
-66
-68
-67
-81
-93
-73
-64
-51
-41
-43
-40
-40
-46
-31
-19
-15
-9
-43
-69
-84
-86
-86
-79
-59
-36
-30
-24
-14
-14
-26
-11
4
8
4
-33
-77
-89
-78
-52
-39
-20
-6
-21
-48
-67
-60
-39
-31
-36
-57
-77
-88
-86
-68
-33
-2
10
0
-18
-36
-64
-74
-44
-18
-3
-4
-14
-50
-75
-71
-41
-6
-4
-14
-54
-100
-143
-157
-162
-168
-179
-188
-207
-240
-243
-209
-167
-133
-106
-101
-113
-106
-91
-90
-84
-73
-77
-104
-145
-169
-173
-174
-170
-171
-183
-202
-202
-201
-195
-189
-172
-145
-139
-157
-178
-182
-171
-151
-124
-102
-99
-127
-151
-168
-186
-179
-174
-156
-157
-163
-171
-181
-195
-205
-226
-246
-253
-282
-316
-349
-368
-370
-362
-366
-366
-371
-384
-394
-391
-388
-397
-382
-362
-334
-343
-347
-353
-353
-327
-310
-294
-291
-285
-296
-314
-322
-336
-349
-361
-386
-414
-437
-430
-395
-367
-344
-337
-340
-371
-418
-426
-420
-398
-384
-373
-341
-348
-342
-351
-357
-359
-364
-356
-340
-315
-323
-334
-349
-373
-391
-394
-394
-378
-387
-395
-389
-397
-400
-411
-437
-453
-461
-461
-450
-452
-482
-509
-513
-510
-489
-463
-434
-428
-462
-476
-468
-455
-430
-421
-394
-367
-356
-332
-308
-291
-278
-265
-264
-270
-287
-302
-311
-291
-290
-292
-307
-324
-345
-361
-368
-356
-313
-301
-285
-284
-291
-303
-302
-284
-285
-295
-311
-326
-327
-319
-350
-365
-377
-363
-340
-338
-349
-349
-332
-331
-338
-350
-344
-337
-307
-278
-243
-233
-253
-270
-265
-257
-233
-196
-180
-191
-193
-217
-225
-195
-169
-126
-107
-118
-150
-182
-176
-157
-145
-132
-109
-85
-78
-83
-82
-82
-89
-98
-104
-119
-128
-149
-158
-156
-169
-146
-146
-157
-152
-143
-152
-164
-157
-162
-164
-160
-138
-139
-148
-164
-160
-136
-100
-49
-21
-12
-24
-26
-48
-52
-40
-19
-16
-14
-6
-15
-27
-3
30
49
48
23
6
-15
-35
-52
-67
-70
-77
-93
-103
-112
-96
-70
-36
-10
-9
-5
-22
-49
-68
-86
-100
-109
-115
-122
-129
-140
-139
-131
-114
-91
-85
-70
-51
-37
-19
-40
-66
-96
-131
-148
-162
-144
-113
-93
-90
-106
-108
-94
-86
-88
-104
-137
-147
-148
-155
-165
-174
-177
-152
-142
-148
-151
-157
-144
-146
-153
-172
-180
-188
-177
-164
-145
-123
-109
-107
-105
-89
-75
-56
-39
-42
-83
-136
-169
-155
-140
-122
-104
-107
-122
-131
-143
-148
-131
-102
-88
-88
-98
-120
-133
-132
-130
-131
-131
-144
-152
-166
-182
-160
-128
-104
-96
-104
-111
-123
-132
-132
-138
-142
-138
-146
-156
-151
-132
-129
-117
-111
-119
-124
-129
-133
-144
-144
-136
-130
-140
-151
-151
-140
-131
-127
-121
-118
-112
-116
-120
-130
-133
-127
-120
-112
-80
-54
-41
-31
-49
-66
-87
-95
-95
-90
-77
-68
-52
-55
-48
-42
-54
-76
-86
-95
-105
-111
-137
-145
-138
-135
-152
-162
-157
-134
-109
-96
-92
-93
-89
-68
-51
-47
-48
-34
-12
0
9
4
8
0
-20
-45
-32
-14
11
39
54
59
41
29
5
19
48
54
54
65
74
77
72
63
50
12
-19
-18
-10
-6
17
37
39
15
-4
-6
-9
-6
-2
0
3
-8
-12
-9
-12
-10
-15
-14
-10
14
29
41
53
43
30
34
39
41
67
73
73
60
51
62
76
74
72
68
44
31
43
69
70
71
65
59
47
43
60
56
70
72
59
81
81
71
74
61
75
84
89
81
52
52
62
59
58
51
54
37
17
32
35
49
60
50
44
47
39
36
38
48
59
51
53
37
-10
-9
12
29
50
71
68
76
91
89
75
72
57
46
33
29
21
6
13
9
14
20
17
13
2
-3
1
7
-2
-4
-7
-9
2
-4
1
4
-10
-24
-36
-50
-34
-10
-4
-7
11
18
27
46
48
50
50
47
46
37
30
16
2
13
42
54
49
55
53
41
28
9
-6
-15
-9
-9
-5
-15
-31
-9
23
49
44
43
47
48
63
89
114
86
60
43
39
39
52
62
64
56
47
59
70
86
86
74
57
38
18
20
29
41
41
32
42
44
50
40
20
24
21
10
-12
-24
-31
-28
-26
-17
-12
14
44
56
60
69
64
33
20
1
-9
-17
-12
-14
-12
-21
-6
21
26
55
62
54
55
51
43
48
55
45
57
71
69
67
81
85
96
103
103
106
114
95
67
64
88
99
94
90
84
73
68
89
130
143
141
157
167
181
189
196
174
146
124
98
95
87
103
125
142
144
151
150
145
149
153
153
155
151
131
135
160
181
190
197
191
169
161
160
161
155
165
169
164
161
160
165
179
192
207
220
229
238
229
220
199
170
137
128
124
101
93
104
140
174
179
170
149
129
124
106
120
155
165
166
157
156
155
143
135
132
110
66
52
47
51
45
62
77
82
78
66
86
101
117
126
124
109
93
70
50
50
53
73
77
84
73
73
73
80
97
105
110
90
75
72
65
41
36
33
36
44
50
57
65
83
71
38
-1
-29
-36
-52
-63
-71
-68
-60
-73
-66
-52
-31
-27
-35
-46
-60
-67
-76
-87
-82
-67
-67
-61
-39
-30
-26
-14
-37
-55
-42
-38
-35
-38
-15
-6
-16
-26
-43
-40
-32
-23
-28
-31
-26
-29
-29
-36
-13
21
47
64
72
55
32
26
9
-7
-21
-21
-28
-20
-4
-21
-31
-36
-42
-43
-48
-55
-66
-79
-56
-33
-6
10
26
51
57
39
27
2
-9
-2
38
91
115
135
140
121
93
72
41
21
28
48
78
95
77
90
106
121
128
135
137
123
122
101
84
62
44
33
33
36
30
29
23
18
-1
-5
9
13
8
-8
3
5
8
18
27
30
42
54
41
31
47
62
59
51
29
28
30
28
35
56
78
89
93
92
84
77
68
40
29
22
15
1
-18
-25
-33
-45
-36
-42
-48
-44
-57
-69
-64
-60
-53
-65
-78
-107
-110
-106
-101
-92
-100
-101
-110
-124
-126
-132
-151
-153
-157
-154
-146
-147
-135
-104
-77
-65
-74
-76
-94
-111
-116
-118
-114
-114
-94
-84
-85
-92
-107
-119
-136
-138
-140
-145
-153
-161
-158
-145
-129
-120
-117
-122
-118
-112
-122
-118
-118
-131
-121
-124
-121
-111
-95
-64
-29
-15
-41
-71
-71
-72
-86
-102
-94
-89
-94
-98
-105
-111
-116
-110
-106
-109
-107
-104
-92
-85
-85
-77
-51
-30
-44
-28
-13
-16
-14
-11
-7
-10
-21
-46
-26
-16
-11
-8
0
12
24
42
46
54
58
68
77
58
42
38
40
42
35
19
0
-3
9
15
26
41
26
15
-4
-8
-7
-11
-5
22
37
37
38
26
31
46
54
41
40
21
14
15
12
14
32
35
30
37
33
55
76
98
92
89
83
66
59
33
17
33
46
62
62
49
44
49
69
86
99
95
87
66
54
48
50
60
64
53
47
47
34
22
25
29
27
31
42
54
51
50
57
60
76
90
87
111
134
144
137
128
140
139
139
133
148
161
169
183
176
173
178
192
202
213
237
227
209
216
194
179
174
180
197
201
200
202
215
228
232
234
225
215
190
194
200
195
210
210
213
205
195
207
208
199
203
220
240
255
263
259
257
260
255
252
248
256
257
254
238
213
193
194
201
205
205
203
186
177
178
182
187
189
188
163
164
178
191
180
182
178
154
142
152
157
167
180
169
164
155
134
132
137
139
140
136
133
102
82
78
82
93
89
87
89
90
84
90
93
95
96
79
78
74
74
64
47
52
53
58
51
37
33
39
26
16
-2
-17
-17
-14
3
7
-8
-17
-19
-18
-19
-37
-25
-9
-3
-6
-41
-61
-106
-109
-95
-97
-87
-113
-112
-86
-70
-75
-73
-87
-97
-116
-125
-115
-131
-129
-139
-130
-139
-140
-148
-142
-134
-132
-136
-143
-156
-172
-156
-145
-135
-125
-124
-134
-148
-171
-169
-166
-153
-114
-87
-81
-98
-118
-152
-173
-170
-178
-174
-154
-160
-165
-133
-110
-99
-94
-95
-119
-148
-158
-143
-128
-128
-126
-131
-126
-126
-139
-148
-125
-125
-128
-107
-86
-79
-77
-80
-90
-97
-92
-89
-79
-73
-48
-25
-5
-1
-25
-25
-13
22
34
39
38
18
-6
-31
-33
-56
-61
-57
-42
-22
3
26
15
30
35
41
23
-2
-9
-10
0
24
47
43
32
30
39
48
61
64
76
78
89
86
68
57
57
57
56
63
64
78
75
68
58
48
43
26
10
12
20
4
-9
-14
-6
-13
-28
-30
-38
-35
-26
-15
1
22
31
48
56
52
38
23
18
16
13
30
40
42
33
13
21
35
30
26
36
44
59
50
45
57
69
80
105
116
117
113
114
122
139
129
109
106
91
94
71
72
73
87
107
124
141
137
138
132
129
114
106
102
92
92
78
71
68
61
52
65
79
73
83
92
94
79
48
36
40
58
63
64
68
71
75
86
81
79
77
68
72
80
83
92
119
117
131
150
140
130
104
82
59
66
72
76
64
53
60
50
53
51
49
50
49
54
55
54
42
33
46
54
41
17
-4
-10
-20
-11
-37
-48
-46
-50
-50
-52
-56
-64
-66
-54
-49
-54
-42
-44
-37
-23
4
29
41
40
34
18
2
-20
-29
-25
-39
-40
-39
-46
-41
-28
-16
-30
-51
-58
-80
-81
-86
-84
-69
-39
-13
1
1
-15
-3
-8
-18
-8
12
5
-8
-16
-4
3
-16
-26
-22
-19
-32
-16
-5
-9
-3
6
15
6
-11
-24
-19
-1
-2
0
10
2
5
17
32
68
68
62
48
45
55
36
43
25
1
-12
-5
6
-4
-11
-14
-3
4
2
-26
-36
-42
-48
-45
-31
-19
-14
6
38
54
54
43
26
39
57
69
76
77
65
25
13
30
47
55
76
85
72
46
53
59
37
41
41
37
22
21
20
25
29
37
34
44
56
74
80
68
64
45
24
8
10
11
11
5
13
11
-2
-8
-2
9
20
33
21
22
25
25
4
-33
-30
-15
-18
-11
5
6
1
-21
-28
-32
-37
-34
-35
-8
6
7
-27
-43
-48
-59
-41
-34
-40
-48
-40
-61
-68
-60
-47
-46
-53
-40
-53
-40
-39
-45
-35
-32
-52
-71
-94
-100
-86
-92
-77
-55
-38
-49
-48
-43
-42
-34
-30
-29
-33
-35
-46
-52
-40
-25
-14
-9
-5
-17
-24
-20
-5
-8
3
7
-9
-7
-3
11
23
8
7
12
1
-7
-10
-1
17
4
-6
-29
-40
-29
-29
-36
-48
-52
-63
-65
-70
-72
-73
-67
-61
-91
-113
-110
-109
-116
-101
-92
-89
-102
-93
-96
-82
-63
-52
-62
-81
-109
-135
-138
-147
-125
-103
-75
-78
-88
-98
-94
-88
-99
-92
-89
-100
-109
-112
-121
-119
-128
-145
-146
-147
-159
-161
-164
-147
-153
-176
-181
-204
-220
-235
-218
-181
-154
-144
-142
-138
-142
-146
-163
-152
-141
-133
-122
-131
-140
-142
-134
-119
-89
-88
-96
-103
-113
-119
-115
-105
-106
-112
-113
-116
-143
-148
-138
-114
-104
-92
-105
-118
-130
-151
-170
-189
-211
-231
-211
-192
-187
-180
-171
-159
-157
-153
-156
-158
-158
-136
-108
-80
-60
-60
-55
-50
-59
-72
-79
-87
-88
-102
-118
-123
-125
-113
-101
-88
-62
-47
-30
-24
-27
-42
-44
-27
-27
-20
-21
-37
-48
-54
-57
-71
-82
-94
-96
-113
-130
-136
-136
-115
-96
-79
-62
-44
-29
-30
-10
-5
-12
1
5
10
15
15
12
10
-6
2
22
39
74
94
106
97
84
69
73
78
99
144
159
149
144
141
130
141
133
131
140
132
148
133
137
139
146
150
132
134
139
155
179
181
178
188
187
162
144
137
141
142
141
157
175
177
181
184
197
212
220
235
236
251
271
272
261
257
256
239
235
239
241
232
239
245
240
230
232
223
223
231
235
231
228
223
209
204
188
177
169
173
168
165
176
183
194
206
200
178
163
157
161
161
153
155
159
151
158
167
189
199
214
209
211
224
234
254
251
253
249
239
242
215
202
204
202
212
227
217
188
192
205
229
223
217
227
225
227
227
232
240
218
211
229
239
243
233
225
209
205
194
195
193
207
232
246
251
225
207
190
184
193
210
209
207
216
217
218
212
235
249
251
246
238
232
236
244
239
234
239
254
255
255
243
230
236
240
231
233
240
237
229
211
205
189
178
176
197
208
214
210
194
179
139
115
120
134
146
166
180
195
192
189
162
136
129
153
174
172
165
165
164
153
175
192
209
208
207
202
193
198
194
199
204
217
234
246
241
233
221
207
201
183
193
211
223
218
219
222
196
182
186
200
197
197
192
189
176
170
183
189
212
222
224
216
218
208
203
213
242
246
244
236
235
242
258
277
274
271
263
265
258
263
271
277
287
263
257
256
261
269
257
253
243
222
201
179
174
187
196
208
212
201
209
206
215
225
230
207
171
171
179
185
182
193
209
210
220
221
194
184
187
209
229
244
235
226
216
231
255
260
267
281
284
280
271
247
260
246
228
218
215
224
230
243
253
257
270
276
286
290
277
267
250
230
212
197
186
184
198
200
196
203
194
178
190
196
191
174
167
171
180
193
204
225
233
237
251
238
203
177
158
143
136
157
178
217
242
253
267
270
271
270
257
243
239
246
247
253
257
253
257
258
275
295
293
295
293
292
314
329
349
342
340
341
346
334
341
342
320
307
309
323
325
313
291
272
243
236
227
223
228
254
284
298
291
284
274
255
253
263
274
280
289
288
278
275
280
266
266
270
279
278
266
270
266
264
243
245
280
302
329
352
345
342
351
351
336
332
344
367
390
394
395
383
386
385
375
367
350
324
290
261
247
253
258
285
303
308
300
293
289
291
295
298
293
275
262
261
267
282
295
304
299
281
283
267
284
298
314
343
343
334
320
334
341
329
326
306
291
297
312
311
301
294
280
287
288
301
305
328
348
369
386
373
339
326
328
336
340
332
346
355
373
367
380
397
387
381
384
407
422
425
415
406
392
399
414
412
429
439
450
462
470
490
507
514
529
541
552
555
536
511
511
513
516
528
531
527
514
502
488
464
457
458
458
474
485
477
463
452
442
434
433
453
466
468
466
464
467
468
478
480
474
463
453
437
446
453
440
437
437
429
420
413
429
461
481
475
462
451
455
490
525
559
578
573
560
535
517
504
506
509
512
507
508
519
532
564
577
578
593
586
568
539
516
528
528
536
534
520
505
508
507
516
533
537
547
543
530
511
492
480
491
500
507
519
540
544
553
582
593
597
582
568
547
533
527
520
521
527
530
545
563
585
586
569
549
517
511
525
524
505
492
490
502
506
502
513
505
486
464
450
440
428
409
414
435
449
449
467
500
505
510
516
503
504
494
490
477
472
478
469
459
455
443
450
473
490
504
504
529
521
518
505
493
473
467
461
456
446
453
473
478
481
482
479
463
465
459
457
458
459
460
459
447
441
439
440
448
450
452
471
479
475
489
482
473
454
438
423
400
392
397
396
402
407
402
413
425
440
439
426
433
452
465
462
434
411
400
389
371
365
356
336
326
321
331
323
318
328
337
334
319
300
295
294
284
300
334
351
358
341
330
317
320
311
286
280
267
284
298
292
282
281
297
310
302
297
290
294
294
290
272
253
253
282
306
309
322
319
315
278
266
248
241
239
228
232
220
211
211
217
235
255
250
239
216
202
189
182
158
147
132
115
116
117
137
151
151
137
129
122
115
97
107
119
121
117
115
107
104
128
148
177
209
208
184
140
103
100
99
105
113
117
104
94
98
103
88
71
67
69
70
69
63
67
54
52
43
38
56
68
61
59
73
93
95
73
59
47
53
68
93
114
132
144
127
136
148
150
152
149
143
152
138
130
129
116
100
90
88
86
95
91
99
96
98
85
94
108
105
121
136
137
135
148
151
142
124
128
130
121
134
127
102
79
44
49
53
67
76
86
103
99
101
100
119
133
165
172
169
152
125
125
132
128
138
141
133
124
121
113
115
141
140
109
71
44
25
24
30
48
68
94
114
118
132
150
178
177
163
157
144
142
151
181
198
213
216
202
201
195
187
171
154
125
109
96
80
88
100
114
118
108
91
92
95
93
88
67
48
40
25
26
41
58
72
102
115
103
89
68
77
95
95
107
127
134
133
138
154
166
164
135
133
144
154
178
195
221
229
217
179
139
130
133
157
197
216
207
174
149
140
130
138
146
142
136
127
118
101
99
98
99
88
82
77
84
93
91
107
118
122
116
118
142
162
179
211
240
247
235
209
182
168
164
164
181
210
214
218
212
208
192
173
183
191
199
198
188
186
182
158
133
124
118
120
114
118
143
142
152
155
161
176
180
186
195
209
202
195
201
197
212
226
236
244
239
218
196
190
191
208
225
225
223
221
217
252
297
315
320
302
292
278
258
257
259
265
251
242
226
209
190
181
166
158
149
130
129
154
175
182
170
153
153
150
132
128
143
161
183
202
204
200
199
223
247
275
276
259
250
251
272
268
270
291
295
290
286
287
313
325
342
359
332
293
274
255
247
260
262
259
252
245
236
208
190
156
137
133
126
133
142
158
151
132
131
128
135
138
151
167
191
213
221
237
259
259
240
223
217
216
216
208
200
188
172
166
162
145
149
164
156
146
131
130
122
120
117
121
124
135
121
91
86
86
81
100
131
137
135
101
77
85
93
97
109
126
124
118
91
81
67
73
68
66
76
73
72
83
122
146
161
197
205
209
203
195
171
142
140
131
128
119
131
128
107
96
98
103
105
113
118
133
143
142
136
141
136
130
142
159
158
147
157
154
142
146
152
143
134
113
85
76
82
107
98
99
93
76
61
41
37
44
63
77
69
65
72
61
68
80
104
121
107
108
104
109
107
98
98
103
116
100
87
83
77
64
49
23
6
20
42
62
87
109
113
108
91
86
97
113
128
136
143
120
79
78
85
108
130
138
125
115
116
113
113
111
108
103
87
64
43
40
42
33
26
30
39
38
23
22
40
53
68
83
92
95
92
101
120
137
124
94
78
80
89
85
97
89
73
49
29
3
-9
-1
4
19
15
33
50
62
92
121
138
140
153
159
152
143
146
147
155
163
172
159
159
146
145
138
115
94
63
62
56
53
48
54
60
58
52
53
58
98
123
127
140
147
144
140
136
140
150
160
171
173
155
148
152
156
148
134
138
128
125
123
108
91
81
79
80
83
90
104
115
126
132
130
113
86
90
94
90
101
86
83
83
59
46
40
49
71
93
110
119
131
104
78
65
55
23
-1
-8
-3
16
23
32
41
51
52
55
39
28
0
-14
-16
-12
4
12
7
-15
2
24
33
38
45
59
59
30
-8
-34
-25
-9
22
22
11
11
6
23
20
29
26
21
33
38
46
62
76
75
84
77
47
18
9
12
12
-4
-20
-32
-53
-59
-51
-25
-9
-1
3
1
-10
-5
15
27
33
20
10
0
1
3
3
-6
-26
-57
-43
-29
-32
-5
0
-15
-17
-8
-8
12
16
19
19
11
11
7
27
51
68
82
77
65
63
59
50
45
54
48
43
38
14
11
22
38
57
50
42
25
19
31
25
21
17
30
28
11
-15
-30
-28
-18
2
22
49
60
67
81
117
143
165
168
171
140
102
74
61
51
49
61
62
65
73
75
83
91
76
83
90
96
84
91
106
109
107
93
79
67
90
96
102
105
94
102
72
78
72
62
51
52
61
58
55
48
47
32
37
53
59
68
85
95
97
71
56
62
82
97
88
83
82
73
63
64
47
15
-5
-1
7
26
35
32
38
36
18
19
38
56
85
127
154
152
116
103
106
136
159
154
145
136
130
133
139
148
184
195
216
234
216
199
219
246
246
234
228
214
201
207
208
229
258
287
294
303
297
285
288
288
284
268
255
234
226
245
263
278
280
277
269
276
310
308
317
337
346
349
329
335
338
347
355
342
317
296
291
277
279
278
275
268
255
247
261
289
295
272
255
236
219
231
239
253
249
223
214
184
166
173
187
189
188
183
145
136
144
163
196
207
210
209
204
199
186
190
205
211
206
182
159
163
180
214
228
231
229
206
190
187
206
193
172
172
162
162
156
165
176
170
179
160
154
158
157
162
165
164
177
173
165
159
147
137
130
133
138
133
129
120
114
107
101
95
97
91
91
92
81
88
83
90
102
94
96
111
110
105
101
116
121
115
102
77
54
57
75
77
92
86
62
49
37
38
43
43
57
61
82
73
63
48
41
58
64
80
89
96
90
88
87
69
50
55
62
63
71
62
49
45
46
38
34
41
39
23
31
45
63
64
55
36
50
75
97
115
125
142
150
171
180
197
200
195
176
168
159
136
135
157
185
200
202
201
187
175
174
178
196
204
184
146
126
118
131
152
166
178
184
188
190
179
175
177
162
132
119
104
86
87
95
101
107
126
134
125
124
145
152
170
170
170
164
142
137
145
155
170
163
159
147
141
123
117
136
138
146
123
105
85
81
77
81
92
89
85
54
39
38
60
77
82
86
67
71
87
91
101
112
150
175
175
171
160
149
156
169
175
172
175
145
133
144
158
167
174
188
172
162
158
153
154
142
133
140
133
134
128
112
118
130
124
107
83
89
96
98
100
81
61
45
50
53
57
72
83
67
57
59
62
46
46
50
34
26
21
20
26
21
30
40
64
70
53
55
69
74
57
35
13
-4
-30
-19
-25
-42
-39
-40
-28
-12
-10
-6
-7
-8
-24
-47
-46
-38
-35
-33
-46
-59
-51
-37
-43
-32
-11
-15
-32
-40
-33
-28
-1
11
10
1
-21
-30
-17
-13
-36
-46
-58
-81
-92
-101
-81
-60
-47
-50
-59
-76
-86
-88
-88
-89
-97
-73
-48
-50
-64
-83
-114
-126
-133
-126
-129
-132
-143
-152
-143
-150
-151
-172
-185
-194
-194
-197
-179
-170
-174
-178
-160
-164
-161
-152
-151
-155
-168
-166
-165
-154
-168
-164
-158
-180
-188
-188
-201
-196
-190
-171
-153
-131
-121
-117
-125
-141
-147
-143
-124
-107
-85
-106
-118
-125
-140
-156
-179
-193
-186
-174
-157
-161
-163
-157
-136
-117
-148
-180
-197
-188
-208
-223
-240
-241
-244
-264
-262
-259
-249
-209
-166
-144
-131
-128
-132
-133
-130
-115
-100
-84
-71
-70
-64
-70
-71
-63
-70
-80
-97
-129
-155
-153
-133
-122
-135
-132
-138
-169
-168
-160
-170
-176
-180
-161
-149
-131
-119
-108
-112
-137
-171
-204
-221
-238
-246
-237
-219
-212
-205
-196
-180
-176
-175
-181
-182
-165
-167
-175
-191
-205
-200
-156
-103
-74
-56
-44
-36
-39
-39
-49
-67
-90
-90
-85
-88
-95
-100
-110
-115
-107
-100
-103
-122
-156
-192
-216
-240
-271
-276
-272
-261
-246
-197
-149
-124
-117
-116
-115
-130
-121
-110
-109
-115
-115
-107
-104
-88
-75
-60
-53
-61
-62
-71
-56
-78
-106
-134
-176
-192
-198
-207
-195
-180
-159
-150
-155
-156
-148
-128
-120
-127
-140
-146
-153
-152
-161
-167
-149
-147
-144
-138
-147
-167
-185
-207
-230
-270
-276
-283
-289
-283
-271
-261
-252
-248
-252
-238
-207
-195
-174
-163
-186
-200
-221
-210
-206
-195
-189
-181
-158
-158
-154
-153
-163
-189
-208
-233
-248
-239
-221
-198
-204
-213
-209
-218
-212
-230
-248
-262
-267
-248
-230
-215
-219
-216
-210
-197
-188
-181
-173
-168
-150
-148
-182
-211
-216
-200
-188
-188
-201
-215
-212
-219
-215
-209
-206
-200
-195
-211
-234
-253
-267
-267
-253
-236
-229
-221
-208
-193
-194
-177
-158
-181
-183
-198
-214
-219
-211
-206
-214
-218
-225
-226
-211
-191
-164
-148
-139
-130
-142
-161
-176
-175
-177
-172
-164
-151
-130
-118
-121
-96
-74
-83
-84
-100
-108
-110
-111
-99
-99
-95
-83
-79
-91
-109
-100
-85
-84
-83
-85
-88
-78
-64
-69
-68
-57
-66
-53
-50
-57
-54
-49
-32
-26
-19
-26
-32
-26
-37
-56
-57
-66
-102
-125
-115
-99
-75
-65
-84
-108
-125
-128
-132
-138
-134
-135
-158
-150
-149
-159
-159
-157
-153
-152
-161
-148
-139
-160
-161
-151
-142
-156
-155
-150
-173
-204
-214
-226
-239
-228
-209
-193
-150
-145
-147
-164
-200
-215
-233
-226
-218
-212
-210
-222
-221
-194
-165
-140
-114
-100
-112
-119
-105
-87
-72
-82
-97
-113
-132
-137
-131
-120
-100
-85
-82
-106
-117
-127
-138
-125
-134
-142
-141
-155
-150
-145
-128
-107
-101
-99
-108
-118
-132
-127
-133
-122
-103
-108
-128
-176
-183
-179
-170
-164
-149
-159
-184
-199
-216
-229
-215
-197
-194
-191
-217
-244
-264
-274
-277
-260
-247
-235
-233
-244
-242
-235
-223
-229
-238
-248
-258
-258
-267
-257
-234
-232
-211
-203
-217
-215
-224
-220
-202
-197
-178
-169
-163
-158
-161
-149
-155
-155
-153
-159
-159
-177
-184
-174
-164
-160
-163
-163
-137
-122
-109
-125
-150
-164
-173
-181
-202
-196
-173
-169
-187
-197
-207
-219
-238
-246
-237
-242
-260
-278
-288
-305
-297
-270
-241
-220
-206
-193
-186
-184
-192
-201
-205
-203
-201
-206
-225
-214
-197
-180
-177
-180
-192
-204
-203
-185
-173
-171
-178
-179
-173
-182
-187
-189
-186
-198
-194
-190
-192
-207
-222
-225
-225
-226
-212
-203
-206
-215
-226
-229
-220
-191
-162
-151
-159
-151
-134
-133
-118
-107
-114
-107
-112
-109
-103
-101
-108
-105
-89
-77
-65
-62
-51
-45
-55
-67
-81
-77
-78
-99
-114
-129
-146
-147
-141
-170
-183
-178
-148
-144
-140
-132
-136
-133
-144
-164
-197
-200
-190
-174
-158
-148
-136
-131
-117
-118
-123
-109
-108
-125
-145
-170
-166
-173
-182
-170
-168
-179
-193
-210
-201
-178
-169
-143
-135
-113
-142
-153
-167
-177
-174
-176
-174
-174
-161
-161
-188
-208
-216
-237
-258
-257
-248
-256
-244
-239
-222
-193
-197
-203
-218
-227
-238
-245
-246
-235
-228
-236
-250
-254
-242
-231
-224
-224
-217
-205
-200
-197
-222
-237
-247
-258
-253
-258
-271
-285
-269
-278
-276
-266
-255
-241
-241
-233
-252
-257
-261
-269
-278
-299
-325
-348
-361
-345
-339
-335
-325
-315
-298
-301
-291
-287
-256
-237
-227
-219
-215
-228
-232
-215
-208
-224
-253
-262
-286
-314
-306
-299
-296
-272
-248
-231
-235
-234
-235
-228
-223
-227
-223
-233
-238
-221
-213
-201
-180
-160
-137
-139
-142
-150
-172
-165
-163
-172
-177
-180
-188
-190
-184
-186
-190
-209
-226
-219
-218
-224
-239
-240
-231
-227
-222
-216
-221
-234
-236
-237
-224
-209
-184
-155
-141
-124
-135
-161
-182
-191
-204
-203
-204
-190
-157
-130
-117
-110
-102
-97
-101
-106
-111
-101
-103
-96
-93
-77
-75
-85
-87
-81
-60
-63
-63
-59
-58
-60
-49
-45
-59
-79
-78
-83
-81
-97
-100
-84
-77
-57
-58
-61
-75
-77
-89
-100
-112
-107
-103
-84
-66
-69
-54
-48
-40
-41
-56
-55
-44
-34
-27
-6
11
0
3
-11
-12
-16
-9
1
12
9
6
3
5
5
14
26
30
23
18
31
27
34
32
41
48
58
78
96
102
86
79
69
80
90
90
88
96
105
107
114
114
103
92
80
66
74
80
90
85
77
68
62
51
48
72
94
105
103
92
107
142
167
190
177
174
176
176
173
179
192
201
211
331
727
1044
989
657
570
701
763
577
312
249
352
578
582
760
945
669
364
259
138
362
422
133
-216
-308
-256
-121
-272
-410
-320
-551
-729
-861
-623
-298
-213
-564
-691
-502
-326
-408
-586
-720
-666
-495
-268
-81
-111
32
182
376
525
514
452
443
323
264
532
781
906
726
487
493
505
490
366
262
276
372
499
386
138
-153
-269
-428
-567
-631
-512
-425
-352
-385
-335
-287
-344
-506
-650
-601
-495
-260
-168
-65
-47
105
66
-54
-267
-96
-24
46
143
341
499
500
269
-22
-77
-204
-275
-404
-371
-300
-144
-232
-280
-598
-728
-838
-931
-901
-915
-816
-702
-597
-594
-531
-544
-691
-802
-819
-591
-310
-102
101
231
389
373
398
330
296
376
555
800
886
897
867
890
751
619
482
514
579
589
632
592
644
492
308
92
9
-107
-25
-70
-109
-79
-46
121
43
21
-117
17
-42
-14
-94
-24
79
93
124
28
41
-120
-154
-274
-168
-76
65
-37
-135
-214
-286
-372
-541
-525
-688
-594
-724
-603
-644
-670
-675
-690
-545
-675
-524
-540
-275
-186
-33
54
191
356
360
396
365
512
607
759
828
926
967
989
927
851
755
667
613
582
602
591
623
520
364
177
52
-57
-154
-231
-203
-124
-53
-40
-76
-86
-177
-271
-364
-351
-310
-154
-14
135
154
107
70
20
73
-41
-50
-77
3
-33
-2
-107
-134
-169
-313
-407
-644
-718
-925
-961
-1109
-1073
-1069
-1079
-1160
-1267
-1235
-1213
-1135
-1079
-885
-714
-456
-286
-115
-16
66
237
438
669
934
1223
1441
1559
1590
1663
1729
1715
1649
1637
1632
1618
1533
1448
1248
1025
754
476
228
15
-128
-261
-391
-524
-587
-639
-722
-871
-977
-978
-898
-766
-663
-543
-389
-255
-106
25
150
231
341
370
450
487
549
613
607
621
550
557
454
304
100
-9
-106
-290
-492
-760
-873
-1038
-1049
-1119
-1127
-1158
-1173
-1076
-977
-772
-697
-540
-453
-282
-98
148
477
714
1005
1186
1430
1598
1774
1890
1959
2001
1961
1990
1963
1939
1829
1634
1409
1144
882
580
286
-3
-206
-418
-601
-794
-959
-1130
-1272
-1376
-1420
-1396
-1384
-1314
-1227
-1050
-883
-648
-523
-280
-135
107
246
376
536
646
824
736
785
685
843
763
771
559
426
283
16
-166
-562
-742
-1053
-1159
-1381
-1443
-1463
-1423
-1331
-1284
-1074
-914
-759
-749
-654
-476
-187
152
360
746
1071
1459
1632
1833
2049
2220
2357
2344
2425
2426
2468
2359
2217
2009
1780
1511
1151
810
512
328
61
-244
-586
-797
-945
-1105
-1322
-1493
-1527
-1537
-1477
-1405
-1248
-1035
-874
-696
-522
-284
-47
186
424
597
819
914
1046
1078
1118
1149
1118
1100
960
926
744
583
282
23
-206
-526
-746
-1064
-1171
-1372
-1407
-1409
-1301
-1164
-1136
-1006
-949
-793
-675
-488
-254
-49
283
581
929
1219
1534
1898
2076
2287
2368
2522
2572
2534
2460
2283
2199
1944
1693
1421
1219
1011
749
537
261
66
-183
-430
-729
-983
-1125
-1236
-1300
-1322
-1278
-1118
-1011
-848
-705
-479
-288
-89
81
255
483
629
819
883
1019
1049
1130
1127
1064
1018
868
823
555
374
122
-148
-463
-909
-1123
-1416
-1475
-1711
-1727
-1730
-1603
-1464
-1431
-1272
-1266
-978
-899
-599
-395
-117
222
450
814
1058
1514
1863
2191
2417
2575
2784
2861
2840
2735
2600
2461
2156
1853
1580
1340
1086
719
498
235
18
-287
-621
-860
-1148
-1285
-1529
-1613
-1688
-1597
-1509
-1414
-1240
-1043
-730
-551
-273
-99
242
445
704
833
1061
1141
1243
1237
1323
1366
1341
1290
1118
1055
771
597
233
-13
-394
-792
-1147
-1461
-1641
-1885
-1952
-2038
-1931
-1848
-1746
-1559
-1491
-1224
-1209
-862
-786
-438
-198
126
491
769
1284
1577
2022
2232
2563
2765
2874
2919
2841
2779
2531
2296
1997
1726
1423
1137
894
665
436
181
-82
-331
-611
-870
-1163
-1462
-1653
-1779
-1733
-1718
-1594
-1452
-1195
-950
-728
-425
-159
154
318
536
650
851
960
1042
1129
1136
1261
1205
1224
1094
1013
895
670
422
74
-247
-678
-1065
-1438
-1715
-1939
-2079
-2069
-2104
-1962
-1938
-1716
-1573
-1386
-1131
-930
-637
-504
-235
24
302
656
924
1320
1705
2071
2470
2682
2973
3066
3105
2971
2684
2503
2165
1884
1427
1106
825
563
355
92
-26
-261
-478
-748
-983
-1229
-1527
-1742
-1933
-1937
-1930
-1804
-1618
-1349
-933
-608
-210
30
331
521
724
860
1020
1121
1133
1116
1083
1142
1079
1116
1000
990
841
718
471
170
-170
-650
-1007
-1531
-1827
-2195
-2277
-2417
-2364
-2286
-2037
-1746
-1544
-1263
-1052
-736
-572
-337
-169
67
293
591
934
1293
1730
2143
2589
2863
3192
3377
3481
3354
3071
2823
2405
2023
1516
1164
797
528
317
168
60
-94
-226
-433
-618
-895
-1151
-1433
-1641
-1755
-1799
-1752
-1630
-1397
-1048
-621
-215
186
557
848
1080
1202
1327
1268
1272
1117
1079
922
926
881
866
858
742
757
492
346
-102
-395
-896
-1305
-1756
-2079
-2260
-2411
-2324
-2272
-1948
-1722
-1337
-1069
-746
-428
-150
56
175
335
472
677
864
1168
1527
1981
2336
2696
3037
3272
3398
3253
3119
2789
2419
1897
1411
955
531
202
-104
-226
-389
-430
-515
-552
-605
-726
-878
-1111
-1267
-1419
-1523
-1601
-1550
-1372
-1103
-779
-390
51
460
781
1034
1273
1388
1415
1277
1129
950
804
633
434
284
162
131
4
-95
-191
-352
-601
-910
-1213
-1537
-1867
-2183
-2370
-2471
-2447
-2343
-2085
-1747
-1336
-914
-486
-67
243
498
651
804
895
1011
1150
1378
1632
1880
2192
2472
2725
2861
2903
2838
2649
2354
1953
1481
997
531
110
-271
-582
-782
-897
-970
-1020
-1039
-1061
-1093
-1150
-1159
-1147
-1162
-1167
-1164
-1056
-938
-692
-460
-154
156
505
817
1100
1317
1476
1496
1432
1289
1126
891
601
340
96
-116
-329
-493
-601
-820
-1003
-1230
-1414
-1611
-1839
-1954
-2109
-2147
-2229
-2067
-1885
-1608
-1383
-1068
-663
-323
75
345
741
957
1199
1392
1601
1821
1981
2209
2342
2502
2578
2638
2559
2436
2246
2003
1660
1292
953
616
289
-72
-305
-578
-774
-992
-1070
-1188
-1273
-1334
-1339
-1286
-1275
-1158
-1091
-949
-867
-720
-552
-354
-113
160
446
722
926
1120
1188
1216
1156
1094
978
788
646
423
214
-61
-265
-497
-736
-1058
-1268
-1458
-1593
-1802
-1928
-1962
-1980
-1953
-1932
-1731
-1577
-1315
-1136
-806
-537
-240
-10
246
552
793
1030
1269
1594
1855
2129
2317
2513
2569
2581
2491
2354
2173
1894
1624
1273
1009
687
426
114
-147
-383
-604
-781
-949
-1024
-1156
-1217
-1299
-1275
-1285
-1246
-1211
-1120
-982
-851
-635
-424
-161
70
343
566
799
955
1058
1053
1029
946
841
680
510
353
146
-84
-315
-491
-732
-962
-1190
-1351
-1567
-1708
-1864
-1845
-1927
-1934
-1891
-1721
-1507
-1333
-1064
-773
-416
-193
90
333
573
773
1026
1336
1664
1937
2137
2316
2487
2593
2598
2529
2382
2239
1981
1690
1334
1030
733
382
65
-215
-416
-659
-864
-1022
-1084
-1185
-1280
-1359
-1378
-1395
-1399
-1350
-1247
-1135
-984
-808
-617
-403
-158
82
270
469
643
786
801
782
767
704
532
343
160
-47
-304
-546
-733
-948
-1163
-1442
-1589
-1784
-1830
-1931
-1913
-1957
-1955
-1820
-1668
-1400
-1300
-1047
-831
-535
-330
-63
229
437
617
845
1206
1496
1724
1873
2100
2240
2332
2260
2152
1987
1791
1545
1224
947
638
377
70
-191
-381
-551
-759
-958
-1059
-1112
-1201
-1275
-1292
-1279
-1281
-1283
-1209
-1113
-972
-857
-724
-547
-343
-94
118
345
514
672
706
685
618
521
390
161
-24
-235
-428
-692
-877
-1109
-1288
-1522
-1702
-1857
-1951
-1990
-2028
-2068
-2094
-1989
-1825
-1629
-1459
-1233
-974
-730
-487
-240
92
317
525
737
1100
1433
1702
1885
2067
2246
2321
2339
2230
2110
1897
1633
1293
928
589
258
-75
-374
-600
-786
-955
-1142
-1250
-1298
-1344
-1409
-1469
-1490
-1490
-1475
-1420
-1283
-1136
-979
-803
-595
-363
-110
126
340
558
715
785
773
716
626
479
289
46
-176
-418
-645
-878
-1092
-1320
-1483
-1641
-1736
-1817
-1836
-1875
-1932
-1916
-1856
-1641
-1533
-1319
-1166
-848
-598
-311
0
282
569
749
1025
1299
1560
1732
1858
2008
2106
2171
2130
2067
1962
1779
1537
1225
896
544
211
-132
-438
-665
-865
-1072
-1224
-1296
-1313
-1331
-1373
-1388
-1368
-1327
-1291
-1218
-1125
-1004
-858
-708
-490
-300
-50
162
409
588
740
822
838
819
701
571
380
171
-75
-312
-595
-826
-1122
-1314
-1545
-1603
-1693
-1661
-1665
-1633
-1572
-1495
-1319
-1232
-1099
-977
-747
-582
-428
-176
90
349
524
815
1139
1441
1651
1806
2036
2179
2256
2210
2131
1998
1775
1513
1212
905
591
271
-15
-303
-490
-674
-855
-1012
-1081
-1129
-1237
-1322
-1371
-1377
-1370
-1345
-1265
-1131
-1005
-861
-723
-471
-264
-6
190
407
596
721
801
799
775
705
609
428
249
73
-175
-448
-715
-919
-1092
-1276
-1422
-1482
-1483
-1442
-1439
-1374
-1295
-1153
-1068
-980
-815
-641
-459
-348
-126
80
314
477
717
1058
1345
1580
1748
1983
2138
2238
2216
2160
2043
1860
1613
1281
946
618
296
-22
-286
-474
-602
-738
-870
-934
-966
-1007
-1074
-1103
-1129
-1137
-1133
-1111
-1040
-948
-793
-651
-472
-257
-18
189
370
557
708
798
782
743
700
641
449
235
21
-148
-437
-704
-950
-1144
-1310
-1500
-1547
-1553
-1498
-1520
-1478
-1346
-1167
-983
-874
-700
-552
-367
-220
-50
159
345
491
741
1021
1332
1565
1767
1998
2168
2304
2298
2244
2080
1880
1623
1317
971
601
246
-116
-408
-638
-809
-972
-1084
-1126
-1144
-1188
-1225
-1251
-1243
-1206
-1167
-1118
-1034
-917
-793
-659
-516
-346
-121
105
340
496
675
755
824
838
808
743
614
419
197
-31
-276
-533
-802
-1020
-1199
-1318
-1374
-1358
-1368
-1311
-1262
-1078
-954
-827
-719
-571
-413
-311
-164
-30
136
237
374
613
872
1130
1311
1571
1789
1966
2061
2071
2064
1942
1759
1487
1185
885
575
262
-82
-370
-580
-767
-930
-1048
-1056
-1036
-1033
-1005
-997
-987
-980
-940
-896
-849
-771
-679
-557
-430
-261
-118
84
274
490
636
732
784
815
764
684
550
383
150
-147
-427
-646
-861
-1076
-1207
-1280
-1239
-1226
-1170
-1125
-1006
-841
-692
-538
-447
-294
-158
-42
91
196
344
403
558
799
1067
1306
1446
1687
1888
2083
2133
2135
2105
1950
1760
1465
1188
865
532
191
-128
-357
-566
-771
-930
-1003
-1001
-1000
-1019
-1046
-1030
-983
-942
-885
-827
-752
-676
-588
-471
-304
-114
35
213
402
612
732
815
875
920
918
835
706
508
308
40
-198
-474
-729
-978
-1176
-1278
-1289
-1314
-1291
-1247
-1072
-870
-717
-572
-436
-259
-153
-19
100
234
356
439
593
803
1073
1287
1472
1672
1868
2061
2135
2140
2065
1962
1794
1535
1221
876
542
179
-163
-425
-638
-853
-992
-1049
-1045
-1058
-1059
-1040
-1012
-979
-924
-877
-852
-806
-719
-609
-501
-341
-165
24
227
425
602
688
759
820
810
758
642
478
320
88
-214
-490
-745
-950
-1219
-1349
-1419
-1393
-1432
-1426
-1343
-1204
-1021
-913
-772
-670
-503
-357
-233
-82
51
201
296
491
738
998
1189
1356
1561
1753
1904
1944
1897
1829
1706
1521
1265
952
670
341
30
-298
-512
-743
-936
-1097
-1151
-1137
-1130
-1099
-1084
-1027
-981
-935
-893
-867
-798
-696
-573
-462
-320
-209
-85
60
242
401
509
582
625
636
580
494
337
138
-102
-322
-565
-774
-1029
-1200
-1407
-1427
-1477
-1437
-1464
-1427
-1285
-1143
-942
-853
-647
-550
-342
-225
-19
153
301
416
584
838
1052
1248
1390
1603
1729
1886
1911
1919
1809
1691
1506
1243
960
660
364
-2
-293
-584
-800
-1044
-1180
-1251
-1255
-1279
-1262
-1243
-1167
-1074
-998
-870
-814
-696
-597
-473
-352
-182
-58
68
226
366
527
591
690
701
736
694
612
494
297
98
-161
-424
-686
-974
-1208
-1424
-1535
-1537
-1588
-1585
-1597
-1409
-1247
-1052
-896
-704
-491
-316
-101
31
202
303
428
549
762
987
1174
1342
1522
1724
1889
1977
1970
1927
1811
1660
1391
1077
739
405
82
-242
-494
-760
-974
-1181
-1292
-1346
-1345
-1324
-1304
-1243
-1155
-1041
-942
-816
-679
-527
-405
-260
-97
75
202
376
541
696
774
826
852
867
862
796
676
515
292
60
-234
-486
-757
-1017
-1270
-1421
-1499
-1537
-1608
-1616
-1529
-1384
-1188
-1048
-861
-681
-471
-293
-67
142
315
424
548
777
982
1233
1391
1555
1700
1873
1969
1961
1902
1837
1767
1571
1316
1011
704
339
28
-247
-478
-736
-952
-1107
-1186
-1209
-1208
-1187
-1173
-1074
-983
-854
-760
-627
-547
-432
-292
-154
-11
140
316
427
579
686
762
768
788
811
779
705
592
422
218
-55
-318
-608
-911
-1173
-1404
-1514
-1602
-1588
-1638
-1582
-1451
-1279
-1082
-902
-663
-485
-271
-108
117
281
387
493
654
852
1057
1242
1427
1626
1815
1976
2024
2004
1920
1827
1635
1420
1135
854
518
133
-191
-482
-726
-987
-1140
-1227
-1243
-1286
-1299
-1294
-1257
-1165
-1058
-932
-867
-744
-617
-454
-305
-134
20
136
304
467
599
698
755
799
814
796
734
585
448
248
52
-212
-438
-727
-998
-1241
-1401
-1464
-1559
-1605
-1651
-1576
-1443
-1268
-1110
-935
-770
-561
-358
-119
58
220
326
458
662
853
1060
1186
1385
1561
1746
1850
1870
1837
1766
1689
1524
1319
1049
742
384
50
-240
-504
-776
-996
-1173
-1237
-1272
-1291
-1296
-1273
-1175
-1081
-968
-852
-722
-601
-426
-257
-111
20
164
315
460
621
721
812
867
919
917
898
811
672
464
231
-38
-301
-560
-803
-1085
-1283
-1425
-1474
-1529
-1595
-1576
-1464
-1252
-1113
-960
-800
-629
-425
-204
53
242
389
505
704
919
1149
1335
1524
1679
1833
1940
1974
1930
1855
1779
1652
1470
1227
990
668
374
86
-136
-392
-664
-893
-1038
-1099
-1131
-1124
-1124
-1054
-988
-866
-775
-674
-549
-402
-200
-31
152
306
455
611
781
921
1042
1109
1162
1175
1113
1018
900
733
514
280
61
-195
-462
-740
-978
-1193
-1357
-1440
-1512
-1604
-1623
-1550
-1359
-1179
-1004
-821
-634
-434
-241
8
193
369
505
725
967
1212
1437
1595
1763
1892
2036
2108
2107
2029
1940
1842
1664
1434
1145
831
517
228
-44
-289
-543
-762
-896
-964
-1009
-1052
-1062
-1045
-992
-906
-787
-678
-565
-454
-302
-169
-27
104
260
446
613
798
919
1023
1050
1101
1075
1030
909
758
571
349
119
-147
-382
-658
-942
-1158
-1307
-1386
-1495
-1568
-1574
-1504
-1340
-1194
-1012
-859
-684
-464
-257
-8
179
384
525
710
926
1143
1354
1500
1696
1854
2042
2123
2150
2129
2056
1957
1782
1593
1318
1033
722
449
186
-77
-346
-574
-762
-875
-910
-942
-976
-954
-870
-766
-651
-553
-448
-365
-202
-81
75
235
393
553
702
859
959
1052
1090
1133
1109
1060
948
821
651
444
232
-18
-257
-559
-805
-1064
-1194
-1289
-1389
-1482
-1537
-1454
-1360
-1165
-1039
-846
-698
-496
-287
-62
162
333
521
671
929
1150
1395
1539
1700
1830
1986
2105
2142
2141
2078
2028
1860
1643
1362
1083
763
469
196
-40
-286
-531
-694
-838
-875
-932
-955
-988
-960
-890
-777
-666
-561
-478
-350
-152
9
169
318
477
633
763
899
994
1073
1113
1138
1091
1024
889
733
511
311
65
-199
-506
-802
-1044
-1268
-1435
-1562
-1626
-1692
-1700
-1657
-1546
-1393
-1194
-1001
-815
-604
-369
-103
121
316
491
681
888
1092
1306
1507
1694
1841
1980
2093
2127
2093
2059
2008
1893
1685
1428
1134
832
514
202
-79
-340
-580
-746
-865
-954
-999
-1008
-992
-975
-893
-770
-664
-587
-501
-329
-157
-14
125
278
413
564
700
830
925
980
1036
1023
994
890
771
602
399
206
-67
-335
-621
-882
-1155
-1410
-1576
-1727
-1793
-1917
-1933
-1927
-1812
-1680
-1544
-1394
-1237
-1001
-735
-459
-213
37
253
445
629
865
1077
1309
1481
1668
1824
1955
2033
2044
2024
1914
1810
1628
1447
1142
860
564
258
-32
-304
-535
-784
-943
-1078
-1141
-1240
-1249
-1262
-1223
-1166
-1094
-980
-892
-736
-570
-398
-285
-135
32
191
333
460
583
660
742
790
783
748
676
571
406
201
-54
-318
-593
-885
-1120
-1356
-1515
-1719
-1843
-1974
-2008
-2051
-2030
-1959
-1854
-1677
-1509
-1269
-1080
-816
-569
-278
-56
158
348
568
778
963
1172
1324
1511
1629
1757
1810
1849
1797
1742
1671
1523
1308
1054
794
481
194
-87
-340
-605
-807
-986
-1110
-1196
-1234
-1254
-1279
-1241
-1166
-1045
-959
-845
-705
-515
-354
-212
-69
108
296
429
567
664
809
852
910
886
839
751
607
467
222
38
-210
-451
-759
-1054
-1276
-1523
-1690
-1898
-1971
-2093
-2119
-2153
-2086
-1950
-1770
-1542
-1328
-1026
-765
-480
-243
19
193
399
585
820
998
1190
1369
1544
1719
1836
1988
1997
2016
1948
1894
1716
1513
1290
1025
762
423
128
-214
-461
-713
-890
-1065
-1187
-1261
-1329
-1322
-1307
-1202
-1135
-1027
-925
-800
-660
-491
-306
-138
23
151
235
325
460
593
694
739
768
743
695
604
531
392
240
39
-162
-432
-717
-1023
-1322
-1573
-1821
-1957
-2105
-2146
-2197
-2171
-2068
-1908
-1712
-1514
-1274
-1038
-783
-517
-255
6
239
446
650
864
1114
1338
1558
1733
1925
2071
2183
2261
2297
2289
2212
2117
1930
1723
1413
1109
801
456
141
-181
-436
-686
-849
-971
-1043
-1106
-1122
-1094
-1067
-988
-899
-779
-678
-538
-380
-235
-122
0
152
319
440
597
710
823
894
932
979
940
879
733
624
459
277
57
-206
-469
-797
-1070
-1363
-1549
-1793
-1945
-2014
-2014
-1996
-1983
-1840
-1715
-1503
-1306
-1063
-841
-592
-290
-30
252
450
671
832
1048
1288
1536
1742
1915
2071
2213
2351
2432
2455
2412
2345
2184
1968
1702
1411
1053
725
399
105
-173
-427
-617
-807
-917
-1004
-1033
-1063
-1045
-1004
-927
-854
-763
-657
-551
-398
-242
-71
59
213
381
555
679
798
882
955
1018
1016
1008
957
893
694
510
289
79
-171
-433
-692
-1000
-1252
-1531
-1731
-1953
-2036
-2081
-2074
-2032
-1974
-1832
-1716
-1501
-1254
-921
-662
-374
-112
137
410
662
906
1096
1349
1559
1779
1957
2159
2325
2469
2561
2590
2558
2471
2340
2127
1918
1671
1381
1015
713
372
67
-203
-424
-606
-792
-901
-998
-1067
-1152
-1129
-1083
-1027
-978
-876
-765
-643
-469
-277
-67
115
317
489
664
812
971
1074
1174
1205
1193
1117
1012
890
714
554
336
110
-166
-405
-686
-962
-1199
-1433
-1621
-1840
-1973
-2067
-2095
-2107
-2037
-1949
-1806
-1590
-1326
-1057
-800
-506
-184
123
402
713
988
1250
1478
1727
1944
2159
2296
2428
2541
2628
2672
2628
2559
2422
2281
2042
1803
1504
1175
864
530
215
-107
-375
-657
-901
-1089
-1200
-1268
-1311
-1303
-1261
-1212
-1164
-1080
-961
-808
-624
-424
-231
-46
176
376
559
733
926
1090
1190
1269
1300
1314
1260
1171
1036
843
638
396
126
-120
-365
-638
-917
-1185
-1437
-1702
-1907
-2079
-2190
-2259
-2250
-2228
-2169
-2053
-1856
-1616
-1358
-1083
-804
-521
-221
122
454
779
1102
1365
1612
1864
2089
2283
2431
2551
2636
2656
2612
2545
2421
2259
2020
1751
1492
1188
834
475
143
-172
-483
-768
-1014
-1247
-1407
-1533
-1627
-1682
-1670
-1598
-1517
-1418
-1283
-1112
-951
-758
-575
-365
-153
75
292
484
693
874
1002
1064
1139
1151
1120
1009
890
758
602
451
260
57
-204
-443
-724
-991
-1257
-1510
-1747
-1973
-2118
-2268
-2317
-2357
-2327
-2252
-2101
-1875
-1675
-1386
-1089
-746
-416
-57
277
616
939
1236
1526
1767
2011
2214
2401
2522
2620
2656
2676
2623
2530
2409
2263
2027
1771
1502
1181
820
440
161
-164
-444
-713
-944
-1172
-1332
-1438
-1554
-1600
-1635
-1573
-1523
-1432
-1303
-1125
-961
-753
-495
-282
-61
139
346
511
722
881
1010
1116
1221
1295
1319
1306
1230
1118
938
766
525
288
51
-198
-495
-836
-1101
-1393
-1615
-1856
-1988
-2133
-2206
-2243
-2211
-2149
-2061
-1940
-1808
-1625
-1421
-1088
-755
-404
-48
339
692
1021
1340
1627
1920
2155
2381
2531
2684
2758
2793
2754
2689
2595
2437
2264
2052
1808
1505
1198
829
479
126
-188
-521
-835
-1049
-1244
-1411
-1551
-1591
-1635
-1650
-1666
-1627
-1576
-1482
-1349
-1188
-975
-760
-499
-288
-33
245
549
820
1054
1262
1402
1509
1556
1563
1514
1417
1267
1086
851
635
385
133
-131
-385
-652
-927
-1159
-1430
-1623
-1825
-1977
-2133
-2228
-2286
-2313
-2294
-2233
-2121
-1977
-1773
-1524
-1218
-857
-486
-129
243
611
988
1329
1650
1929
2172
2390
2534
2638
2685
2697
2651
2573
2458
2284
2098
1858
1609
1319
1038
718
398
89
-180
-444
-714
-948
-1180
-1368
-1529
-1637
-1726
-1802
-1824
-1793
-1729
-1618
-1446
-1227
-970
-714
-451
-192
99
376
622
847
1026
1182
1274
1330
1344
1328
1283
1195
1063
906
765
576
419
223
33
-164
-376
-586
-820
-1035
-1251
-1433
-1640
-1825
-2005
-2137
-2231
-2287
-2275
-2228
-2100
-1949
-1731
-1452
-1123
-781
-421
-50
319
680
1019
1344
1619
1837
1992
2125
2216
2290
2311
2306
2301
2286
2252
2167
2044
1894
1724
1532
1284
1021
763
491
205
-81
-367
-657
-942
-1196
-1375
-1496
-1569
-1609
-1594
-1552
-1470
-1358
-1226
-1070
-873
-628
-407
-210
-13
199
387
536
699
838
954
1046
1126
1182
1211
1212
1186
1119
1008
896
764
595
420
251
69
-134
-348
-559
-763
-969
-1182
-1401
-1568
-1669
-1774
-1822
-1822
-1749
-1654
-1540
-1387
-1209
-997
-755
-505
-261
13
308
588
862
1133
1373
1595
1786
1962
2118
2234
2318
2371
2399
2404
2367
2298
2204
2082
1932
1760
1569
1339
1120
895
636
375
105
-143
-356
-544
-708
-847
-968
-1071
-1150
-1193
-1199
-1189
-1135
-1060
-956
-805
-615
-398
-174
63
301
523
720
885
1040
1164
1265
1349
1417
1423
1372
1320
1248
1182
1063
936
784
657
491
318
141
-45
-219
-427
-618
-841
-1025
-1241
-1414
-1583
-1723
-1792
-1842
-1854
-1840
-1758
-1661
-1468
-1253
-980
-710
-406
-119
188
511
834
1153
1427
1681
1890
2096
2238
2373
2429
2485
2516
2528
2504
2414
2322
2163
1989
1749
1516
1277
1008
704
433
156
-139
-446
-742
-996
-1262
-1471
-1635
-1753
-1826
-1840
-1824
-1766
-1687
-1532
-1364
-1186
-952
-698
-415
-153
153
474
771
1022
1243
1432
1579
1704
1764
1795
1795
1768
1729
1664
1562
1413
1215
985
756
527
277
22
-252
-524
-815
-1073
-1334
-1562
-1784
-1964
-2128
-2249
-2330
-2370
-2346
-2301
-2181
-2006
-1751
-1460
-1112
-741
-333
61
448
814
1145
1471
1726
1962
2172
2381
2528
2649
2717
2743
2720
2684
2641
2519
2344
2153
1951
1693
1434
1128
795
425
64
-263
-602
-948
-1266
-1528
-1744
-1908
-2030
-2106
-2148
-2112
-1999
-1856
-1674
-1430
-1151
-860
-561
-240
56
329
606
876
1128
1364
1590
1775
1912
1984
2020
2016
1982
1917
1818
1681
1512
1302
1069
822
533
206
-125
-436
-712
-991
-1246
-1486
-1700
-1873
-2028
-2153
-2218
-2253
-2233
-2169
-2064
-1931
-1764
-1589
-1372
-1099
-809
-455
-110
259
609
954
1266
1542
1795
2034
2246
2426
2580
2683
2741
2702
2628
2524
2380
2186
1985
1762
1516
1266
1001
704
410
116
-164
-410
-639
-850
-1053
-1215
-1352
-1449
-1513
-1529
-1511
-1478
-1400
-1251
-1075
-887
-680
-470
-222
43
336
645
934
1192
1443
1683
1865
2007
2100
2169
2189
2168
2123
2014
1868
1696
1505
1319
1074
824
576
344
133
-80
-274
-506
-715
-910
-1042
-1162
-1265
-1372
-1464
-1530
-1590
-1612
-1621
-1555
-1491
-1343
-1185
-974
-734
-457
-157
151
450
727
1008
1280
1530
1735
1938
2083
2191
2244
2281
2288
2284
2262
2185
2095
1965
1830
1689
1546
1365
1198
1020
837
643
444
262
70
-100
-262
-403
-559
-701
-787
-814
-821
-803
-767
-723
-641
-536
-390
-235
-37
163
362
553
748
928
1092
1256
1381
1488
1565
1616
1637
1646
1622
1592
1532
1439
1327
1193
1082
943
820
647
467
275
108
-38
-187
-317
-449
-563
-711
-843
-976
-1052
-1127
-1180
-1236
-1283
-1287
-1279
-1223
-1158
-1048
-919
-774
-639
-504
-334
-148
49
206
389
541
702
856
1012
1144
1285
1433
1549
1620
1648
1675
1675
1649
1608
1559
1479
1385
1284
1186
1078
960
829
693
541
377
220
51
-91
-217
-312
-372
-458
-541
-609
-637
-631
-619
-576
-500
-408
-317
-197
-60
84
252
415
590
760
922
1085
1206
1305
1389
1454
1508
1526
1526
1491
1415
1326
1220
1110
1005
896
782
650
526
377
214
74
-50
-186
-324
-465
-610
-739
-850
-964
-1064
-1133
-1186
-1208
-1207
-1208
-1207
-1182
-1109
-1033
-923
-817
-673
-508
-297
-105
98
300
491
692
869
1064
1220
1388
1519
1653
1752
1863
1907
1922
1931
1910
1863
1816
1750
1660
1547
1401
1264
1088
928
748
578
400
233
67
-107
-278
-411
-513
-622
-695
-755
-776
-780
-734
-684
-594
-472
-370
-218
-73
89
258
436
617
798
972
1120
1237
1331
1439
1513
1563
1566
1568
1543
1507
1453
1358
1230
1063
917
724
542
338
177
6
-164
-308
-463
-598
-732
-871
-1002
-1098
-1214
-1277
-1359
-1394
-1410
-1408
-1380
-1340
-1286
-1200
-1090
-954
-787
-619
-438
-245
-45
177
401
613
828
1008
1181
1360
1537
1688
1799
1888
1948
1973
1988
1993
1968
1917
1819
1697
1564
1421
1274
1089
915
741
558
366
178
0
-155
-298
-433
-528
-622
-672
-704
-718
-713
-694
-646
-585
-511
-398
-268
-128
15
170
352
515
675
828
986
1133
1269
1404
1507
1572
1603
1597
1576
1543
1473
1377
1258
1139
973
800
619
427
217
18
-173
-360
-512
-629
-731
-864
-978
-1076
-1160
-1211
-1256
-1269
-1275
-1285
-1289
-1280
-1243
-1188
-1109
-1028
-920
-818
-663
-521
-353
-180
-23
146
279
428
573
725
858
981
1066
1132
1158
1199
1202
1199
1195
1159
1139
1085
1013
910
806
673
557
435
320
182
55
-70
-187
-300
-397
-477
-561
-622
-688
-728
-737
-741
-754
-747
-739
-693
-623
-524
-410
-302
-165
-33
108
227
328
445
553
654
750
843
891
926
942
943
914
880
825
785
737
655
581
476
360
225
111
-2
-105
-214
-325
-450
-561
-679
-780
-834
-886
-913
-964
-999
-1018
-1021
-1006
-956
-921
-891
-860
-824
-769
-722
-631
-567
-491
-438
-386
-330
-278
-224
-163
-68
5
96
189
272
312
358
401
441
470
526
569
604
641
672
682
679
689
673
666
631
597
554
520
493
436
367
295
244
208
166
88
41
-9
-49
-64
-87
-112
-134
-132
-124
-103
-74
-36
-7
77
163
258
356
459
566
684
826
923
1025
1105
1159
1199
1250
1299
1315
1292
1257
1225
1187
1129
1030
937
833
742
631
494
361
215
79
-47
-180
-332
-448
-564
-676
-770
-866
-927
-1012
-1043
-1045
-1019
-978
-930
-870
-791
-684
-611
-510
-429
-329
-239
-131
-16
64
162
252
369
482
582
669
723
768
815
857
891
905
917
927
949
959
949
913
870
801
746
679
625
558
486
434
392
337
272
213
174
157
131
102
95
85
71
78
96
114
160
212
240
289
342
399
479
557
642
714
765
829
902
963
1011
1037
1048
1058
1065
1072
1062
1024
976
916
819
722
631
536
436
327
218
100
-7
-114
-231
-358
-479
-568
-661
-736
-812
-843
-871
-870
-859
-838
-802
-755
-680
-615
-512
-440
-371
-314
-234
-166
-86
2
73
122
158
238
290
320
321
332
347
341
337
340
365
373
379
338
320
315
329
334
372
379
362
343
334
333
315
331
346
365
379
401
384
396
419
436
454
445
434
428
455
462
470
470
454
446
418
396
400
401
411
404
398
410
425
448
453
435
430
427
408
386
380
353
328
305
302
295
280
296
288
266
226
189
137
86
67
43
-6
-89
-165
-234
-287
-334
-359
-388
-411
-444
-502
-543
-573
-572
-557
-516
-475
-450
-442
-393
-343
-298
-205
-138
-79
-25
34
65
108
146
175
187
195
227
233
245
244
223
147
103
81
39
0
-59
-96
-118
-131
-142
-138
-148
-105
-92
-89
-98
-113
-79
-59
8
68
137
180
211
255
314
395
445
491
511
549
579
599
594
597
588
579
561
541
521
502
482
446
431
397
364
321
280
239
181
124
76
37
25
45
28
-2
-23
-19
-27
-33
-43
-44
-51
-47
-40
-31
-12
-3
29
23
32
34
37
50
63
110
152
181
196
200
219
226
220
212
197
188
185
182
170
148
129
123
115
90
71
39
-6
-45
-68
-79
-93
-124
-130
-157
-188
-205
-257
-280
-317
-340
-348
-364
-362
-358
-332
-310
-272
-224
-197
-158
-124
-65
19
62
105
160
228
328
393
501
546
573
601
641
715
732
755
731
741
740
739
721
669
604
532
469
397
309
222
167
88
50
-2
-43
-82
-124
-146
-167
-184
-198
-224
-218
-215
-208
-170
-154
-117
-79
-18
52
130
204
247
292
331
404
469
535
582
633
665
667
628
591
577
550
526
486
449
386
340
272
212
147
56
-23
-88
-147
-218
-270
-337
-387
-430
-461
-507
-536
-559
-555
-528
-519
-506
-504
-488
-466
-418
-365
-319
-279
-226
-188
-146
-73
-7
43
103
161
211
253
306
353
393
445
478
518
563
597
610
614
607
580
557
538
517
510
513
510
480
447
415
389
382
356
347
328
325
322
302
293
284
268
238
204
185
170
164
167
170
188
236
283
348
416
464
517
558
604
628
661
694
696
671
649
625
616
612
610
602
571
535
487
447
405
369
310
245
192
142
76
4
-67
-134
-162
-205
-244
-254
-248
-243
-240
-226
-200
-180
-192
-188
-171
-131
-103
-58
0
64
100
122
173
213
257
285
332
369
396
438
471
486
484
475
461
452
444
428
405
375
356
326
292
265
258
256
255
262
235
253
265
280
307
337
381
392
436
461
494
541
569
586
629
684
746
788
853
919
934
949
938
947
911
882
840
771
701
603
528
451
388
333
278
238
203
164
136
100
93
115
128
146
158
179
216
228
233
257
285
308
360
412
458
503
550
576
596
603
607
594
568
540
511
469
404
355
302
239
172
122
68
14
-29
-62
-93
-133
-138
-151
-146
-132
-100
-67
-36
-8
27
62
111
161
198
258
318
394
459
532
582
629
666
695
727
743
784
778
786
785
771
736
692
666
626
598
531
464
413
374
320
293
264
229
191
172
140
127
127
119
138
126
139
145
160
172
207
269
300
340
345
374
426
497
533
544
562
566
563
548
529
501
480
452
437
404
377
304
254
191
136
85
69
68
38
23
-13
-34
-80
-109
-116
-125
-128
-148
-147
-127
-108
-89
-46
-20
14
52
87
109
118
132
115
131
145
166
174
184
187
186
160
151
131
112
89
65
76
65
73
48
31
0
-23
-39
-75
-98
-90
-65
-34
0
-15
-4
23
35
60
94
142
186
217
262
284
271
283
298
321
344
372
402
392
405
410
431
452
420
402
383
368
368
325
310
267
218
201
178
179
156
145
156
160
178
166
139
108
85
96
78
73
60
66
72
69
77
66
46
35
34
55
75
67
64
57
65
71
50
30
24
43
90
114
134
148
158
155
128
111
102
87
72
42
50
46
38
28
14
24
9
-22
-33
-44
-53
-70
-74
-71
-89
-84
-81
-45
25
65
90
89
121
157
172
183
182
206
240
268
313
339
341
355
371
395
405
421
467
487
475
493
500
503
509
525
547
549
543
509
478
450
428
427
399
391
393
398
398
373
358
323
292
266
237
217
185
175
167
157
154
149
144
118
130
150
138
145
140
165
174
186
208
201
205
212
221
236
235
216
220
226
209
199
201
187
174
183
178
167
155
122
100
98
86
75
61
37
15
-3
-25
-37
-28
-12
20
32
53
59
87
113
150
170
173
201
217
233
255
270
292
324
358
411
461
524
583
627
662
681
698
691
681
668
660
643
632
631
635
618
611
617
620
610
564
542
556
546
495
425
379
345
309
300
277
243
212
186
177
166
150
162
156
172
185
193
209
197
175
143
131
132
133
156
179
228
278
313
337
359
379
369
352
349
341
307
271
270
246
220
200
205
182
164
148
112
95
75
57
50
46
42
62
69
48
25
3
-9
-5
16
33
48
61
89
123
155
185
230
273
312
347
382
405
427
451
462
477
478
494
527
548
542
527
517
508
502
457
397
335
295
285
284
259
235
203
170
158
139
130
112
112
92
96
108
115
121
101
98
107
123
132
124
123
156
182
200
207
221
258
283
312
312
328
347
368
375
348
319
289
249
192
150
131
107
86
82
69
71
72
74
95
98
88
46
-1
-35
-32
-31
-36
-27
-15
2
6
17
47
88
132
168
197
224
241
263
284
291
297
292
277
269
283
323
364
409
444
449
459
466
469
462
451
434
403
362
309
260
238
225
245
241
245
261
240
241
228
208
176
150
141
113
82
83
79
81
93
130
169
184
191
188
188
215
244
256
226
205
189
197
185
162
170
169
192
221
253
252
238
214
218
220
205
175
133
111
92
61
2
-21
-46
-53
-61
-96
-144
-185
-185
-188
-183
-171
-184
-199
-233
-232
-198
-174
-164
-153
-81
-16
1
-9
-10
21
49
92
134
178
211
238
279
294
262
233
217
202
183
163
114
65
31
21
8
-22
-40
-58
-68
-65
-71
-95
-144
-177
-177
-171
-171
-188
-171
-169
-190
-193
-172
-115
-87
-63
-28
9
43
62
58
71
93
99
118
138
182
217
239
262
267
276
274
251
201
171
156
110
63
42
19
-17
-78
-93
-128
-137
-136
-154
-164
-170
-147
-151
-171
-205
-218
-219
-196
-157
-118
-75
-62
-37
-40
-4
24
31
64
96
154
176
202
208
204
202
187
181
162
165
165
169
181
170
135
108
78
66
52
24
6
-17
-26
-38
-49
-71
-98
-102
-103
-103
-95
-92
-77
-73
-65
-41
-45
-68
-68
-53
-35
-28
-5
5
-1
-1
7
14
42
51
72
81
84
104
122
145
145
148
132
92
39
25
-6
-57
-88
-97
-94
-92
-71
-79
-89
-84
-86
-97
-124
-155
-188
-212
-237
-264
-261
-253
-234
-230
-202
-150
-125
-115
-109
-105
-104
-133
-176
-201
-212
-192
-162
-163
-157
-111
-87
-72
-65
-33
-26
-37
-70
-94
-123
-154
-175
-218
-229
-228
-205
-190
-158
-128
-111
-102
-98
-89
-87
-93
-92
-108
-126
-162
-165
-149
-119
-95
-71
-53
-31
-19
-7
5
-11
-1
7
20
-8
-17
-21
-48
-57
-53
-58
-78
-63
-43
-38
-78
-106
-128
-146
-137
-152
-125
-101
-74
-66
-71
-68
-80
-78
-63
-37
-23
-27
-31
-39
-38
-22
-38
-48
-78
-95
-115
-140
-137
-142
-114
-96
-84
-87
-86
-84
-70
-69
-84
-101
-112
-117
-109
-104
-113
-113
-125
-121
-101
-73
-64
-72
-64
-85
-87
-72
-68
-50
-13
4
17
27
27
33
44
34
15
4
-7
-16
-2
40
77
114
137
133
137
122
84
34
29
69
82
90
89
88
67
33
20
10
-13
-3
14
23
-8
-46
-82
-82
-64
-61
-50
-47
-16
33
71
77
55
38
18
9
0
-14
-8
16
33
48
71
85
111
127
156
159
131
103
73
82
74
82
104
119
149
163
176
202
198
220
237
216
203
194
193
194
177
135
85
69
77
96
98
106
106
112
104
104
117
117
127
137
169
163
123
96
100
125
156
187
189
203
203
223
217
158
112
96
108
118
118
103
66
85
105
109
107
82
75
53
64
82
93
109
105
123
125
117
133
163
195
197
194
192
164
152
142
124
79
41
60
82
93
64
47
48
43
65
69
51
75
90
104
110
122
149
159
191
228
264
263
249
261
252
228
184
161
126
90
75
51
54
52
29
3
-11
-16
-19
-21
-21
-23
-51
-88
-110
-73
-15
31
44
51
81
106
80
43
-2
-56
-58
-58
-62
-74
-72
-56
-28
-19
-10
-1
48
87
91
100
96
84
76
70
67
76
48
41
54
72
87
75
71
87
104
80
44
33
57
78
78
42
22
23
50
84
91
121
118
129
124
125
134
156
178
161
174
202
227
234
231
235
259
261
255
233
229
222
197
173
135
134
141
143
138
130
91
61
44
39
31
7
27
58
74
92
84
81
84
104
114
112
124
108
115
123
126
130
138
151
163
159
140
151
186
227
208
175
137
106
71
54
74
80
114
128
141
149
167
165
149
133
111
95
77
45
31
48
37
51
70
106
135
138
143
153
174
177
167
156
157
177
178
170
209
242
270
296
330
364
347
323
284
254
255
290
323
363
378
375
374
338
317
284
248
229
224
239
224
213
228
220
221
209
197
205
206
219
218
221
223
223
217
199
181
167
166
203
224
252
268
273
265
250
238
202
185
171
173
161
146
114
127
122
118
112
116
132
133
125
103
80
61
25
5
-30
-44
-19
-15
-2
22
54
84
114
110
118
105
98
84
83
93
81
84
76
94
109
133
122
104
85
52
60
88
111
107
126
160
183
172
168
169
191
206
196
181
151
128
95
72
62
90
79
62
55
49
37
14
-12
-15
-3
-11
-24
-26
-29
-39
-61
-76
-82
-79
-74
-95
-120
-119
-118
-118
-120
-106
-85
-90
-75
-64
-61
-41
-26
-14
-21
-42
-46
-57
-77
-91
-110
-107
-110
-98
-77
-56
-45
-68
-90
-116
-134
-165
-206
-236
-261
-257
-265
-276
-286
-277
-249
-253
-266
-277
-304
-315
-325
-356
-354
-348
-379
-394
-376
-350
-316
-292
-264
-206
-157
-147
-159
-157
-148
-156
-169
-164
-145
-120
-129
-132
-116
-133
-156
-160
-159
-160
-172
-164
-158
-150
-165
-191
-204
-221
-203
-207
-203
-220
-232
-203
-194
-195
-181
-185
-197
-198
-206
-199
-197
-219
-239
-262
-278
-284
-293
-287
-284
-253
-247
-252
-219
-200
-197
-182
-176
-173
-175
-181
-181
-191
-193
-182
-183
-182
-169
-163
-180
-195
-181
-166
-175
-208
-237
-242
-222
-228
-237
-254
-275
-273
-260
-243
-237
-233
-246
-275
-279
-290
-300
-300
-293
-277
-266
-259
-223
-190
-175
-177
-199
-204
-203
-217
-255
-254
-219
-194
-190
-168
-153
-134
-123
-99
-76
-66
-61
-85
-93
-104
-114
-135
-131
-122
-86
-49
-24
3
31
35
26
16
-1
-22
-43
-30
-15
-26
-36
-23
-33
-45
-51
-74
-78
-98
-104
-111
-115
-73
-52
-49
-59
-55
-51
-57
-58
-62
-49
-21
-21
-43
-67
-52
-35
-49
-76
-90
-88
-89
-77
-84
-78
-105
-136
-161
-163
-139
-124
-101
-88
-69
-93
-126
-125
-128
-151
-151
-155
-136
-110
-123
-135
-159
-161
-129
-117
-116
-129
-126
-118
-155
-175
-186
-172
-142
-122
-88
-59
-41
-7
7
-25
-36
-60
-65
-41
-5
15
32
57
76
91
78
48
30
38
21
39
35
8
0
-14
-20
-48
-69
-54
-30
-10
5
27
32
19
2
-22
-20
-24
-11
25
32
32
21
18
22
13
13
6
29
54
57
34
10
-10
-40
-70
-76
-69
-60
-50
-61
-48
-47
-74
-88
-109
-99
-81
-89
-82
-87
-73
-64
-57
-47
-37
-21
-26
-12
14
28
36
42
48
47
26
8
3
16
7
15
23
16
8
-4
1
10
3
-20
-18
-6
24
15
13
43
57
55
32
19
5
3
0
-9
-25
-35
-27
-33
-39
-29
-11
-8
-8
6
21
37
38
37
18
15
18
21
4
-19
-22
-24
-18
-9
14
36
51
53
56
48
26
-9
-28
-24
-12
-7
-22
-17
4
18
9
5
6
-1
0
12
15
13
-29
-60
-69
-37
-17
4
11
18
13
19
26
5
10
11
14
38
36
27
45
41
36
4
-29
-60
-88
-103
-84
-58
-25
2
26
50
38
25
4
12
31
59
52
30
12
-2
-28
-61
-44
-7
6
-22
-57
-83
-102
-107
-119
-123
-123
-123
-132
-150
-150
-142
-135
-143
-149
-152
-138
-129
-115
-106
-89
-61
-43
-52
-81
-70
-47
-37
-22
-40
-56
-62
-73
-81
-81
-65
-61
-61
-63
-70
-101
-123
-133
-136
-147
-164
-177
-170
-167
-145
-114
-89
-71
-76
-84
-70
-72
-82
-82
-109
-136
-149
-162
-157
-132
-124
-118
-96
-86
-76
-68
-61
-37
-34
-20
-21
-15
6
18
50
54
71
92
105
102
96
79
42
18
4
-9
-10
-11
-4
-5
-14
-29
-37
-58
-79
-79
-71
-48
-48
-42
-31
-28
-18
-33
-50
-75
-100
-107
-97
-52
-21
-6
3
15
24
24
36
60
55
49
50
52
64
79
85
78
81
65
45
54
65
78
73
58
56
54
47
51
49
44
52
73
72
58
50
55
46
36
35
23
4
-7
-14
-6
7
24
39
56
66
44
12
-10
5
4
1
29
51
60
68
73
72
76
68
71
70
77
88
97
94
98
101
103
121
137
144
155
183
204
212
225
217
211
205
202
215
233
233
229
238
245
240
239
256
272
278
269
262
268
260
271
283
276
294
304
307
296
263
261
282
280
273
256
227
205
200
213
209
201
221
245
264
262
265
276
292
310
311
317
317
313
319
321
315
290
259
224
213
239
250
253
243
221
210
205
220
222
223
241
263
262
271
281
265
269
276
279
293
311
315
320
322
324
316
306
301
290
305
296
282
306
320
338
340
326
313
297
297
298
305
325
333
319
314
321
327
328
332
333
323
316
310
304
320
350
388
422
436
427
408
385
361
335
307
295
302
306
297
300
273
255
268
273
268
242
233
230
224
226
229
220
232
260
258
250
220
185
193
224
237
248
253
250
228
195
175
157
162
177
210
224
207
193
193
187
205
215
231
250
263
291
284
280
274
280
286
276
294
318
308
305
310
303
295
287
280
268
267
238
220
233
251
274
297
308
302
298
289
291
295
315
335
334
329
327
337
356
387
414
443
462
463
467
481
486
463
440
422
395
384
382
369
369
362
369
379
393
404
414
433
427
427
446
457
459
461
466
467
456
449
460
475
461
459
456
443
422
402
396
391
373
355
327
302
290
294
313
326
312
317
326
340
365
362
352
346
312
292
265
257
279
258
237
216
188
166
164
171
208
251
274
288
287
289
280
282
291
308
312
296
263
230
218
239
265
281
296
301
295
271
249
241
247
246
256
248
232
229
232
242
241
242
250
266
266
231
207
178
143
124
121
139
169
177
164
157
148
134
146
167
185
192
193
193
179
171
149
144
133
123
127
148
163
165
190
217
252
255
244
219
195
192
181
183
195
215
225
226
241
246
234
220
192
161
132
102
100
92
92
83
70
73
92
107
125
164
174
194
218
230
214
179
130
113
103
106
137
146
162
172
173
169
171
171
166
158
163
186
206
202
192
193
202
208
215
213
219
232
220
216
204
193
178
161
145
129
138
137
157
169
167
142
109
106
99
104
126
132
120
99
71
37
19
10
18
28
18
9
7
24
41
48
51
60
81
104
108
84
78
63
50
34
20
-8
-9
22
56
95
121
134
139
150
159
177
184
170
174
178
187
186
196
197
189
189
169
154
144
128
112
99
93
86
74
53
34
23
28
67
90
106
110
106
118
141
133
115
102
78
54
35
22
23
29
23
29
31
48
40
47
76
92
111
108
104
83
55
50
53
63
94
133
160
180
191
205
214
198
189
190
187
174
169
180
186
198
199
205
192
185
173
179
193
203
226
217
210
199
195
212
238
235
208
191
183
183
196
227
257
296
311
299
282
263
241
214
205
213
235
247
229
210
208
221
241
247
228
237
228
225
233
245
257
245
242
228
236
231
227
232
237
231
227
200
174
172
177
204
215
238
252
232
195
182
164
146
165
177
185
177
200
208
232
248
245
239
228
223
201
195
191
180
164
156
159
170
181
174
169
198
216
223
209
199
207
229
242
253
270
290
278
268
257
251
241
222
212
209
216
200
207
228
227
216
204
189
171
170
164
161
164
172
198
217
218
216
186
173
201
202
198
208
214
233
261
269
253
237
211
193
176
180
181
177
173
158
160
139
149
168
190
197
206
193
201
210
215
213
202
214
215
220
206
207
192
186
166
151
149
140
117
108
82
46
47
32
46
59
67
55
64
67
81
99
90
74
52
59
59
72
114
143
140
113
88
82
77
85
89
83
96
101
85
92
92
106
99
75
43
7
-2
-12
-15
-23
-10
-1
-1
-7
-4
-1
3
10
-19
-21
-15
4
23
42
48
58
77
99
107
88
71
48
30
37
57
55
50
50
58
72
75
83
91
93
98
95
92
78
77
99
112
115
121
131
141
120
105
92
83
86
100
108
98
95
108
105
112
115
112
107
82
67
69
71
81
93
93
108
116
119
115
99
104
98
109
127
126
136
134
164
178
195
204
198
194
215
212
185
162
164
171
159
162
151
140
123
97
76
45
9
-4
-24
-5
29
29
35
29
24
12
-5
4
3
-23
-30
-38
-22
-9
8
39
58
57
47
31
12
1
-9
-16
-15
7
18
13
16
15
-2
-5
34
69
80
79
60
47
29
22
29
20
17
2
5
-8
-24
-14
-13
-19
-23
-19
-25
-30
-47
-59
-65
-51
-54
-54
-69
-72
-48
-27
-3
-8
-19
-12
-19
-22
-9
10
4
3
-5
-18
-15
-18
-4
23
45
53
57
61
64
53
35
15
-2
-23
-3
33
67
110
127
127
121
105
106
100
109
100
79
80
80
87
96
85
79
68
57
60
61
75
100
110
117
106
84
82
65
65
63
51
73
109
155
179
174
159
130
111
114
109
93
93
101
103
112
112
100
104
124
143
152
148
160
165
160
159
161
151
136
122
103
95
97
87
83
97
83
71
54
42
19
2
22
20
31
47
54
36
28
33
49
63
63
72
61
45
36
32
33
30
18
-14
-28
-25
-34
-55
-52
-31
-23
-3
1
-13
-16
-19
-15
0
18
28
42
37
53
64
76
78
55
43
58
67
66
56
44
49
55
68
39
3
-1
-1
-10
-10
-17
-30
-27
-39
-66
-78
-85
-71
-72
-69
-73
-77
-64
-65
-69
-61
-75
-111
-134
-151
-154
-144
-138
-145
-140
-127
-121
-121
-120
-111
-87
-76
-79
-74
-78
-70
-65
-63
-51
-31
-28
-12
-3
-9
20
26
22
6
-11
1
-6
-2
-1
-2
3
-2
17
18
11
-9
-18
-29
-49
-43
-39
-33
-33
-35
-37
-54
-75
-90
-94
-84
-69
-45
-16
-1
-3
-4
0
18
40
47
42
34
34
41
43
33
43
49
58
61
45
31
46
49
32
16
9
16
34
59
80
77
54
30
18
-2
-10
-19
-20
-16
-13
5
7
28
39
26
36
14
0
15
23
38
63
63
45
46
54
55
57
47
51
51
57
81
76
76
99
110
85
78
86
75
95
99
85
77
53
56
52
65
72
69
64
50
39
28
7
-20
-28
-14
10
39
51
43
52
50
66
59
52
56
61
68
73
62
49
43
40
46
58
76
83
101
98
107
108
107
111
117
110
91
97
97
109
115
100
84
89
85
79
74
64
63
42
27
23
39
65
81
74
80
84
96
121
112
102
105
114
128
141
133
127
113
106
98
77
63
56
76
69
81
104
118
107
97
103
113
134
140
132
131
136
147
156
162
162
161
160
147
124
108
111
108
105
86
68
47
27
19
22
10
-29
-42
-62
-64
-32
-3
13
25
27
26
29
23
29
40
43
33
20
13
-1
-20
-30
-37
-23
-27
-44
-37
-15
5
29
40
28
10
-5
-30
-34
-39
-28
-20
-20
-21
-29
-19
-22
-24
-41
-75
-97
-96
-99
-101
-101
-92
-106
-131
-160
-172
-161
-144
-132
-112
-78
-51
-39
-27
-28
-23
-21
-10
28
40
56
58
53
22
-10
-22
-9
11
26
49
51
26
15
-5
-33
-27
-19
-9
-17
-24
-29
-27
-27
-20
-1
27
44
39
42
45
47
46
36
30
14
6
20
8
-14
-53
-80
-105
-114
-93
-76
-76
-89
-87
-79
-65
-51
-39
-26
-7
7
34
42
49
65
75
94
81
64
42
29
8
8
17
5
12
12
14
33
44
56
76
66
86
75
67
64
77
89
84
77
53
58
73
90
103
102
85
80
86
87
85
78
57
33
17
8
29
41
51
54
51
67
82
106
127
142
128
118
121
133
158
180
193
177
155
125
115
121
135
151
161
146
134
109
99
87
67
59
72
101
111
108
117
140
144
141
152
148
146
158
156
154
138
140
138
133
123
127
122
126
142
139
120
102
93
72
65
64
68
54
24
31
65
98
131
156
150
150
165
168
165
155
137
119
105
85
66
59
73
113
132
128
116
113
119
121
105
93
99
108
101
88
95
110
126
149
165
161
162
155
150
135
129
136
121
117
97
90
111
114
121
113
122
144
164
158
133
130
117
109
121
173
212
209
208
214
208
208
227
254
280
292
286
287
274
246
207
174
141
124
124
123
151
182
200
206
207
217
216
220
221
218
220
205
219
239
251
269
277
283
285
282
272
253
223
188
158
136
101
80
70
57
44
31
26
24
24
50
71
69
63
87
116
111
116
107
106
120
121
127
119
104
90
77
74
65
66
70
77
73
74
66
59
65
39
34
47
73
94
109
108
101
87
86
71
52
38
7
3
9
9
13
15
-6
-24
-15
-12
-7
18
31
37
28
14
9
-5
-1
2
30
72
105
141
157
144
137
135
127
105
88
79
92
91
91
85
55
41
34
26
24
40
50
51
61
76
59
41
30
57
98
116
141
150
142
131
128
123
123
128
108
96
91
80
68
28
35
37
46
63
61
61
47
49
55
66
63
84
111
128
142
137
161
199
210
210
210
203
186
160
129
109
102
106
106
105
84
53
14
-11
-13
0
33
62
86
88
97
101
107
122
120
132
157
168
183
209
239
255
262
257
254
251
244
231
208
192
170
145
112
108
96
92
119
135
154
163
174
183
191
204
212
212
223
224
219
212
211
214
199
188
170
162
144
145
154
166
165
159
181
183
180
170
168
172
180
184
199
196
175
161
154
161
164
182
191
190
175
169
166
171
174
192
212
209
212
200
186
185
193
181
168
153
139
146
152
161
164
178
204
215
235
246
264
258
257
252
223
199
171
152
140
139
133
136
149
168
187
213
237
213
192
188
179
177
176
192
222
230
233
221
209
195
180
179
186
203
206
214
199
193
191
167
134
138
146
151
165
180
196
202
213
209
189
171
156
151
154
158
182
185
191
194
219
240
243
226
206
195
184
187
174
176
170
145
110
98
118
142
164
181
209
224
227
223
238
234
226
243
231
207
196
201
212
221
226
225
236
216
192
164
139
129
109
91
72
81
95
114
112
100
125
129
116
121
117
126
113
113
103
103
108
107
122
131
147
142
157
187
217
227
234
212
194
187
176
173
171
174
181
162
136
120
105
129
149
161
162
162
150
134
146
168
173
164
186
210
251
262
271
267
257
236
206
181
176
168
167
190
206
231
236
270
257
251
246
240
251
244
253
259
283
283
296
303
304
303
290
274
249
233
216
187
180
190
202
219
200
172
194
209
200
190
186
198
207
218
219
216
194
172
167
156
143
142
138
153
163
158
164
170
170
166
164
158
162
177
183
162
122
112
127
154
188
225
243
245
225
209
192
169
147
138
147
151
154
138
120
123
115
111
114
124
123
126
137
132
141
143
155
163
175
185
171
171
170
166
153
141
157
158
157
178
195
206
207
219
204
183
192
182
170
165
163
156
162
152
168
184
200
220
221
223
221
209
191
200
208
212
199
198
201
210
222
207
202
192
176
171
152
138
138
162
167
176
198
199
179
163
170
167
167
174
189
195
191
196
195
191
187
183
190
188
175
161
157
151
158
191
215
230
239
248
225
197
172
168
172
167
189
212
216
191
165
137
108
114
126
137
140
143
167
171
164
161
149
147
139
143
146
145
141
146
155
169
167
181
208
219
223
210
188
181
183
176
168
177
184
197
195
206
216
206
194
170
156
142
145
149
156
166
174
183
176
156
153
144
138
138
134
151
164
185
213
219
203
184
166
135
102
90
83
95
83
67
92
106
103
98
91
89
92
109
115
94
76
71
83
100
108
110
104
76
60
65
72
90
91
84
80
83
96
78
59
66
71
83
69
46
39
55
79
92
93
64
40
31
35
22
9
7
1
-7
-4
10
42
78
87
105
104
71
47
39
37
33
23
21
22
23
35
34
31
41
30
15
18
30
58
87
101
80
58
35
29
48
59
68
76
68
53
50
68
87
94
114
105
67
42
51
73
74
72
100
134
130
135
127
141
152
166
172
157
136
114
137
137
137
145
139
113
101
84
98
130
154
164
143
143
144
167
169
165
169
167
176
173
172
180
195
205
211
181
141
113
100
110
117
129
154
158
153
141
130
126
127
146
136
119
101
100
94
108
142
163
173
166
154
138
114
87
90
96
99
97
110
96
93
88
94
101
75
54
24
18
51
68
59
45
61
67
50
41
51
72
83
82
58
64
39
17
19
24
23
10
5
10
-4
-43
-62
-67
-70
-79
-78
-82
-64
-52
-47
-43
-42
-23
12
42
60
34
5
-23
-44
-36
-54
-46
-29
-27
-29
-39
-68
-101
-144
-165
-147
-141
-150
-149
-155
-168
-176
-186
-182
-207
-221
-229
-208
-172
-134
-120
-123
-131
-137
-159
-188
-172
-157
-154
-150
-143
-135
-132
-131
-109
-111
-114
-130
-129
-136
-124
-126
-138
-144
-183
-194
-208
-207
-208
-208
-206
-220
-216
-192
-171
-142
-126
-122
-124
-143
-162
-179
-175
-175
-151
-138
-148
-159
-161
-153
-147
-149
-159
-156
-180
-192
-211
-234
-238
-232
-215
-197
-173
-172
-195
-208
-186
-187
-194
-187
-170
-161
-166
-167
-183
-199
-214
-216
-223
-217
-211
-223
-203
-192
-157
-120
-127
-155
-186
-198
-219
-230
-237
-243
-224
-228
-218
-213
-213
-209
-219
-224
-212
-211
-218
-203
-203
-177
-163
-179
-193
-197
-215
-231
-231
-228
-220
-210
-195
-181
-163
-162
-165
-161
-172
-176
-171
-167
-182
-196
-206
-223
-214
-206
-191
-163
-169
-192
-209
-225
-236
-263
-282
-304
-297
-256
-245
-228
-208
-196
-189
-177
-152
-158
-171
-194
-215
-216
-221
-213
-205
-181
-174
-188
-192
-174
-167
-161
-168
-186
-214
-256
-283
-284
-272
-271
-268
-265
-262
-263
-273
-266
-247
-238
-237
-218
-195
-168
-137
-130
-113
-141
-168
-195
-198
-162
-154
-124
-126
-119
-125
-131
-133
-134
-143
-180
-196
-200
-190
-176
-166
-153
-157
-182
-187
-189
-199
-193
-185
-176
-174
-166
-174
-196
-223
-222
-180
-166
-146
-122
-127
-134
-143
-143
-144
-147
-156
-152
-137
-150
-148
-139
-118
-95
-100
-126
-147
-153
-131
-102
-78
-78
-70
-80
-100
-88
-67
-51
-51
-54
-46
-47
-64
-76
-89
-94
-101
-89
-71
-67
-59
-45
-26
-6
25
53
67
109
143
150
132
107
105
96
101
103
98
100
114
114
126
122
118
123
111
102
134
179
176
192
204
224
234
239
241
247
233
220
209
209
222
220
219
220
226
207
194
204
224
221
203
193
188
195
210
225
247
261
283
268
266
287
296
302
325
363
369
353
342
348
351
359
364
378
396
410
399
393
369
348
328
306
312
309
313
296
298
291
283
296
318
344
367
383
403
440
476
493
480
471
447
440
431
411
387
363
346
313
295
267
250
256
265
287
290
284
292
302
334
334
326
299
278
285
299
307
313
315
303
304
304
273
249
235
213
207
206
214
183
173
162
145
141
142
146
168
204
245
279
300
299
310
292
271
261
260
259
268
295
307
299
322
326
333
358
365
346
314
306
295
297
304
313
312
316
316
308
325
341
369
373
361
349
344
327
307
309
296
275
273
268
259
236
212
204
200
176
149
134
132
124
111
103
109
116
118
124
146
185
215
238
269
298
296
265
243
224
200
197
205
200
172
151
141
135
133
135
138
154
149
156
143
134
125
138
165
175
184
182
176
172
178
181
177
171
170
168
166
156
167
146
147
157
149
147
124
103
74
58
50
51
55
68
73
68
75
80
85
116
144
148
141
127
132
148
153
156
138
123
118
140
173
198
231
251
266
239
232
210
178
138
128
133
138
148
144
133
106
94
73
85
113
98
86
68
65
76
71
65
21
9
12
30
38
53
78
94
96
68
38
21
20
0
22
28
37
65
71
78
73
109
130
156
166
163
157
141
147
157
190
199
210
214
214
203
187
186
174
157
128
104
74
70
65
57
70
85
106
120
131
134
125
113
122
119
116
116
133
138
142
166
149
141
142
116
88
61
48
70
71
67
50
47
32
20
29
40
59
94
130
148
170
176
190
214
208
182
172
173
162
157
137
122
129
137
139
132
139
135
121
103
109
117
108
98
95
82
77
72
66
86
111
123
119
132
119
99
55
34
48
42
24
12
9
8
2
12
9
3
-3
-30
-38
-26
-27
-10
10
8
36
58
73
62
62
60
59
59
40
4
-16
-35
-45
-55
-47
-32
-37
-32
-45
-54
-56
-74
-92
-99
-121
-113
-91
-83
-90
-91
-99
-126
-141
-156
-117
-80
-47
-34
-46
-50
-48
-53
-66
-54
-31
0
14
23
13
7
6
-6
-4
4
17
3
-6
-18
-23
-29
-26
-18
22
52
71
84
93
95
97
93
92
97
103
120
103
82
46
30
22
16
6
-11
-14
-6
21
10
-8
-21
-35
-57
-72
-58
-41
-27
4
41
58
62
55
49
44
48
52
54
60
70
62
35
-7
-39
-39
-18
-15
-1
27
66
74
58
67
49
38
19
6
10
32
47
51
55
61
67
76
103
130
149
146
138
140
141
142
121
141
161
158
135
97
57
39
18
-14
-26
-32
-8
-10
1
0
2
4
10
28
36
76
106
141
163
196
218
232
242
249
268
276
277
267
247
224
190
178
163
145
134
134
133
135
139
152
162
164
184
210
219
221
244
236
237
250
244
238
231
257
290
297
296
281
265
243
217
200
225
258
282
299
292
295
284
255
243
228
222
240
262
261
263
268
276
247
211
180
195
201
192
192
192
188
180
191
199
225
246
257
260
252
227
210
201
222
243
246
224
202
196
175
