232
256
262
221
210
195
182
163
136
146
185
221
237
233
228
228
198
180
189
211
213
192
152
113
102
106
111
97
83
75
67
53
58
57
46
36
22
50
38
-23
-64
-90
-109
-125
-132
-136
-128
-121
-104
-73
-64
-46
-31
-50
-48
-42
-45
-21
-25
-35
-43
-36
-38
-33
-29
-31
-38
-50
-39
-46
-65
-71
-100
-96
-90
-72
-37
-37
-51
-90
-107
-108
-97
-118
-131
-135
-108
-77
-70
-77
-44
-10
26
59
77
83
78
45
10
41
54
60
57
83
118
115
102
87
52
38
34
32
12
-28
-21
-47
-57
-31
-27
-37
-22
7
42
63
58
46
29
41
58
73
66
57
67
31
-5
-46
-97
-75
-56
-48
-17
-6
3
9
22
38
43
39
21
24
47
53
59
68
129
144
131
135
126
144
141
143
116
111
122
130
123
123
85
89
83
84
106
101
88
89
109
119
152
159
193
219
216
205
211
213
220
217
211
231
214
185
176
163
151
130
124
143
161
159
140
138
126
126
118
119
131
139
125
133
116
92
88
76
70
84
103
90
75
64
50
63
63
90
67
72
95
118
131
133
165
146
175
195
179
190
233
233
228
190
159
130
95
96
69
61
61
72
70
78
96
113
130
111
86
69
53
26
13
38
59
87
126
130
112
99
94
83
67
51
56
81
125
125
147
156
173
164
118
129
140
138
133
140
126
112
121
131
108
103
84
75
83
84
110
118
124
88
70
78
85
88
112
117
114
123
143
194
187
185
187
195
212
213
185
184
197
204
222
221
225
243
280
287
284
263
247
235
225
227
227
241
251
235
209
216
215
227
215
222
246
271
313
301
290
285
290
284
276
270
258
264
272
267
240
243
249
223
221
233
234
259
262
242
245
271
272
292
278
273
292
287
273
252
256
285
290
276
283
287
289
280
259
244
253
256
283
262
253
244
232
232
216
231
272
298
290
287
279
303
326
323
310
298
312
320
337
330
343
361
374
375
372
385
407
402
391
403
405
424
433
446
452
439
409
424
424
420
422
401
353
329
349
382
416
434
408
381
392
388
402
397
386
374
390
439
449
459
477
485
465
450
465
488
487
479
456
441
442
442
432
395
400
421
433
444
454
464
459
445
450
477
504
508
489
475
445
436
440
445
430
393
355
361
387
391
416
404
405
420
418
423
433
458
457
440
429
436
442
449
457
435
408
404
376
373
389
399
402
384
357
359
361
333
338
318
310
300
287
284
260
219
215
233
269
295
309
355
342
319
323
322
323
321
321
329
310
292
272
274
275
236
219
215
253
281
290
294
283
283
246
248
220
199
180
149
150
157
160
158
151
132
106
89
85
89
96
72
90
129
148
150
152
152
141
148
135
71
67
98
107
109
104
90
99
108
103
70
40
57
46
51
56
57
55
46
55
70
77
81
102
110
85
81
55
34
18
22
54
54
31
15
15
29
44
33
40
43
14
-10
-4
3
-7
14
35
30
21
-11
-18
-29
-11
-3
15
52
64
58
39
30
14
-6
-11
-16
-14
3
22
53
56
73
53
54
61
58
62
56
23
-6
12
26
42
44
59
58
55
52
60
69
61
82
112
114
125
123
130
139
147
146
109
110
113
113
108
100
98
84
83
86
103
137
154
166
180
193
178
168
198
222
232
218
201
202
210
228
245
245
242
251
258
263
262
287
309
304
279
265
268
268
267
273
279
299
313
318
327
310
311
291
306
309
316
330
310
315
336
335
319
334
320
296
276
268
289
280
272
272
267
255
209
196
200
186
205
225
222
249
232
223
233
227
235
240
254
257
229
196
197
203
204
208
199
190
202
211
236
241
217
198
217
230
246
271
262
238
228
223
207
212
253
265
242
217
221
245
257
283
305
304
293
281
254
219
236
253
269
230
191
182
192
185
173
165
142
135
136
143
143
155
146
158
173
178
171
148
147
150
141
129
132
127
133
135
172
200
184
179
177
170
175
170
168
153
154
142
126
116
113
151
179
201
190
171
148
132
153
137
106
89
86
80
87
75
60
63
45
79
86
117
135
124
120
113
121
132
157
158
154
145
114
119
123
119
105
105
120
131
150
163
169
163
177
168
178
185
189
213
220
213
177
174
170
166
147
146
187
178
156
157
130
117
96
79
87
79
75
91
102
67
53
64
86
91
110
127
110
135
135
144
130
104
79
66
69
53
52
31
12
5
-5
-5
19
43
69
85
88
86
83
68
33
42
40
19
34
5
-17
-36
-31
-24
-13
-7
-13
-21
-12
-9
11
21
28
59
97
106
100
82
90
86
75
91
114
137
112
110
119
130
123
100
83
66
72
76
96
97
100
88
85
103
120
119
103
113
118
129
128
127
127
134
125
118
152
160
166
164
144
167
179
194
192
193
204
165
154
171
186
192
182
158
119
124
124
118
78
88
80
78
89
83
98
128
156
163
177
188
203
194
203
209
217
207
196
184
194
201
165
127
121
152
131
111
117
137
153
153
130
93
98
93
122
133
114
95
86
89
86
79
66
57
38
35
19
18
14
10
5
-10
-10
-16
-40
-46
-34
-37
-37
-47
-53
-54
-72
-82
-103
-124
-106
-120
-121
-115
-112
-106
-84
-79
-79
-76
-86
-59
-74
-74
-64
-64
-69
-70
-58
-39
-31
-14
-13
-31
-57
-60
-49
-77
-79
-57
-54
-57
-50
-59
-88
-108
-77
-55
-77
-100
-105
-119
-97
-69
-45
-24
-12
-25
-22
13
-1
-16
-36
-49
-55
-51
-54
-63
-65
-61
-66
-78
-100
-109
-117
-120
-102
-102
-127
-137
-138
-139
-138
-120
-75
-68
-69
-73
-111
-136
-159
-181
-170
-164
-175
-184
-189
-178
-176
-161
-148
-146
-135
-164
-171
-146
-134
-113
-118
-97
-110
-139
-122
-82
-66
-50
-32
-35
-52
-53
-44
-66
-82
-84
-82
-77
-32
-13
-40
-59
-65
-74
-75
-92
-98
-95
-103
-124
-148
-157
-184
-179
-173
-174
-156
-129
-85
-64
-83
-73
-87
-94
-83
-109
-111
-113
-135
-106
-112
-142
-148
-144
-156
-158
-149
-163
-156
-174
-184
-191
-212
-203
-225
-224
-258
-262
-246
-246
-253
-267
-268
-270
-271
-273
-257
-238
-209
-209
-212
-224
-247
-241
-212
-209
-165
-126
-116
-106
-97
-115
-139
-139
-140
-153
-152
-169
-175
-139
-125
-126
-133
-148
-154
-123
-79
-62
-55
-62
-77
-92
-118
-108
-121
-108
-99
-112
-98
-86
-78
-95
-97
-83
-66
-70
-59
-46
-43
-37
-45
-56
-73
-76
-77
-86
-102
-81
-57
-37
-49
-60
-70
-79
-100
-122
-147
-140
-131
-148
-164
-170
-186
-185
-179
-189
-189
-198
-197
-202
-183
-173
-177
-177
-187
-176
-168
-179
-161
-186
-223
-218
-204
-208
-240
-219
-235
-248
-239
-226
-209
-228
-224
-233
-239
-229
-240
-255
-250
-264
-280
-274
-285
-292
-304
-316
-332
-339
-333
-313
-308
-319
-310
-293
-291
-287
-291
-287
-307
-340
-369
-377
-368
-375
-377
-367
-345
-332
-326
-326
-313
-310
-317
-333
-332
-330
-327
-338
-361
-407
-403
-384
-405
-398
-396
-375
-369
-368
-355
-343
-356
-364
-372
-386
-368
-359
-376
-364
-382
-420
-420
-385
-384
-393
-371
-368
-357
-340
-301
-311
-331
-323
-311
-285
-280
-290
-300
-280
-259
-267
-280
-266
-274
-285
-268
-284
-274
-254
-211
-193
-213
-255
-302
-277
-269
-227
-182
-180
-227
-261
-247
-195
-148
-144
-116
-102
-138
-123
-101
-128
-125
-103
-111
-110
-100
-136
-112
-100
-105
-116
-118
-123
-138
-155
-180
-182
-189
-175
-142
-122
-138
-125
-100
-69
-20
-14
-61
-116
-101
-111
-91
-64
-60
-73
-89
-76
-75
-49
-38
-19
-23
-19
-31
1
38
50
84
110
114
88
90
120
118
115
114
94
83
61
32
0
-16
-39
-54
-69
-73
-75
-79
-80
-96
-97
-84
-70
-99
-105
-65
-44
-26
-2
-14
-28
-42
-36
-6
38
44
41
41
24
7
-15
-3
-16
-39
-79
-108
-109
-90
-55
-37
-15
-18
-38
-63
-75
-68
-80
-62
-84
-116
-146
-176
-174
-134
-93
-89
-82
-96
-110
-126
-121
-105
-88
-65
-77
-84
-65
-38
-20
-9
-6
-9
21
44
44
56
77
87
91
86
87
70
69
67
44
23
5
5
18
32
39
31
25
36
37
59
84
92
97
98
103
110
93
67
53
58
80
88
66
70
67
49
65
74
106
119
109
108
106
128
134
119
121
116
135
146
146
142
142
164
176
185
173
191
196
180
164
140
142
135
124
118
129
145
155
175
176
202
242
266
287
310
294
250
214
186
190
194
194
205
219
200
198
185
152
147
144
130
134
153
133
89
67
35
38
10
8
30
30
19
23
81
104
127
126
103
109
116
121
118
117
99
71
51
37
49
60
42
39
56
61
55
50
70
63
68
57
58
71
80
67
62
76
73
66
76
110
111
135
149
154
134
110
114
140
132
135
127
106
110
78
50
34
62
75
87
90
92
121
147
146
169
173
166
152
155
147
136
133
108
91
119
154
170
172
167
180
197
205
206
202
201
188
161
145
125
124
135
133
134
124
85
92
110
91
107
129
130
113
115
116
125
143
145
169
166
179
194
166
148
142
118
112
136
129
118
124
146
128
110
104
83
78
67
50
14
1
-6
-6
0
8
9
5
21
38
39
7
-33
-21
-9
18
28
-7
-32
-61
-67
-45
-39
-65
-67
-58
-53
-46
-21
-37
-52
-61
-65
-98
-113
-112
-127
-123
-91
-94
-140
-148
-131
-123
-123
-115
-128
-112
-92
-111
-110
-117
-144
-170
-166
-157
-156
-139
-116
-104
-127
-135
-115
-106
-94
-109
-103
-114
-120
-111
-127
-118
-100
-93
-89
-80
-104
-129
-139
-135
-107
-94
-101
-87
-72
-92
-92
-96
-120
-116
-94
-66
-88
-107
-129
-152
-149
-162
-169
-164
-137
-132
-117
-128
-166
-192
-189
-169
-183
-153
-129
-127
-135
-131
-128
-123
-91
-54
-37
-22
-1
-1
-18
-19
-10
-39
-44
-54
-70
-82
-77
-58
-32
-44
-63
-60
-97
-118
-92
-62
-96
-105
-98
-103
-98
-71
-62
-92
-98
-79
-67
-49
-49
-31
-30
-45
-44
-60
-59
-48
-14
-3
-20
-10
-19
-31
-47
-13
-6
-45
-53
-35
-33
-11
-13
-28
-40
-64
-38
-17
-5
-9
-15
-4
11
33
43
33
12
9
-10
-13
3
9
-8
-10
-14
-3
25
44
24
17
13
-12
-19
-20
-13
-10
12
4
-19
-40
-66
-100
-125
-109
-111
-114
-125
-118
-114
-149
-135
-114
-107
-97
-77
-72
-51
-37
-6
3
-26
-32
-47
-60
-53
-61
-70
-78
-79
-93
-101
-114
-162
-155
-122
-109
-109
-123
-111
-101
-107
-99
-109
-116
-114
-92
-70
-57
-51
-65
-41
-33
-34
-36
-54
-53
-64
-78
-79
-49
-48
-53
-78
-102
-84
-49
-20
-10
12
-1
-13
-20
-47
-77
-53
-43
-18
12
5
-11
-16
-19
7
39
27
45
57
43
30
16
8
-4
29
67
62
38
62
82
85
98
49
11
-28
-22
6
34
34
10
-18
-28
-27
-23
-3
7
29
38
38
61
68
45
42
10
-5
3
9
-1
4
-21
-47
-52
-87
-98
-65
-70
-70
-55
-42
-20
-33
-10
-13
-27
-39
-26
-20
-43
-44
-43
-60
-102
-115
-84
-88
-125
-130
-103
-78
-67
-64
-68
-83
-77
-75
-70
-82
-76
-40
-40
-77
-68
-70
-48
8
19
7
-19
-37
-43
13
14
27
34
21
6
7
28
0
-6
4
28
59
67
81
88
87
78
102
89
96
120
126
133
132
155
178
179
191
213
238
233
246
238
232
211
186
186
142
147
162
163
150
119
114
92
47
55
35
2
-7
-8
-4
5
1
1
-4
-24
-55
-61
-66
-79
-80
-82
-79
-43
-23
8
50
81
83
78
114
135
147
109
68
61
40
29
52
40
26
24
-6
-2
-2
-28
-9
35
57
62
53
77
77
91
104
106
87
80
93
75
45
35
71
72
66
87
100
100
101
87
96
102
116
113
100
76
85
111
92
85
84
55
77
94
108
136
126
112
122
149
148
150
146
124
114
111
123
131
109
113
122
104
103
88
73
61
67
55
50
62
63
85
73
66
70
85
123
150
147
180
174
172
188
189
192
156
155
164
165
164
146
147
141
102
121
142
143
174
175
161
145
165
173
160
125
130
143
115
135
158
155
155
171
186
187
209
221
211
229
226
227
208
196
210
174
155
141
162
162
153
162
200
194
185
195
208
217
213
198
174
165
158
173
190
179
171
198
195
187
161
144
151
123
118
90
85
108
103
95
87
80
63
70
108
95
111
129
139
157
149
126
118
129
120
131
104
77
68
43
27
48
77
73
79
71
84
104
86
67
63
46
10
10
0
-7
-10
-21
-27
-29
-30
-3
42
50
50
58
33
22
24
21
8
6
23
9
-3
14
10
-3
24
22
9
14
-6
-17
-52
-82
-52
-39
-48
-41
-36
-55
-52
-51
-79
-58
-57
-97
-128
-109
-95
-76
-64
-61
-59
-46
-81
-97
-91
-86
-73
-67
-81
-152
-137
-103
-93
-78
-75
-91
-109
-104
-100
-59
-44
-61
-70
-81
-71
-99
-105
-98
-136
-148
-144
-131
-117
-152
-153
-170
-198
-221
-246
-254
-281
-282
-258
-278
-270
-285
-299
-292
-281
-249
-244
-200
-190
-208
-184
-178
-193
-197
-205
-208
-204
-236
-238
-234
-219
-173
-170
-186
-202
-210
-198
-193
-187
-186
-184
-190
-217
-220
-211
-195
-221
-278
-278
-252
-230
-238
-238
-242
-234
-222
-232
-223
-190
-188
-157
-145
-156
-155
-149
-162
-154
-143
-159
-145
-135
-130
-137
-142
-145
-134
-118
-129
-126
-157
-162
-160
-155
-148
-145
-121
-102
-108
-130
-138
-115
-99
-106
-118
-144
-143
-162
-146
-125
-134
-131
-103
-89
-89
-88
-94
-96
-92
-110
-89
-52
-30
-26
-49
-68
-77
-87
-73
-62
-40
-24
-49
-37
-46
-44
-48
-55
-32
-6
-24
-37
-19
-5
-3
-16
-26
-24
-12
-16
3
-7
-21
-14
-7
10
2
15
12
2
-4
-18
-8
-26
-42
-36
-27
-40
-45
-23
-16
-7
6
46
58
56
65
67
37
-1
3
-13
3
38
48
34
29
37
26
19
31
16
11
13
37
28
13
11
9
-5
-55
-87
-115
-85
-60
-57
-72
-72
-62
-54
-34
-19
-16
-28
-20
-8
-26
-35
-27
-44
-32
-22
-34
-34
-37
-39
-47
-53
-47
-33
-26
-37
-42
-48
-33
-68
-78
-77
-65
-63
-76
-49
-38
-8
-29
-47
-60
-48
-21
-28
-34
-95
-123
-115
-108
-98
-87
-79
-66
-38
-20
-36
-53
-42
-31
-40
-45
-35
-22
-14
-23
-28
-53
-80
-108
-113
-89
-67
-41
-21
-28
-26
9
26
61
100
167
158
136
128
110
77
65
77
40
29
26
40
16
-23
-8
-22
-32
-31
-33
-36
-47
-36
-49
-32
-10
-21
-12
6
46
69
107
120
104
112
88
74
74
90
108
98
89
70
64
78
100
124
140
170
163
183
195
187
186
178
167
153
160
129
122
95
88
82
77
104
137
140
132
128
143
186
169
174
197
163
133
130
142
165
180
163
126
120
123
150
166
186
210
212
190
174
194
213
218
213
241
239
204
194
176
171
148
136
135
114
99
111
103
78
59
44
62
46
18
22
19
33
36
40
44
38
19
-1
-23
-26
-11
-4
-6
-32
-49
-48
-52
-48
-43
-33
-21
-7
-5
-4
16
30
21
-3
11
18
15
-7
-15
-20
-17
-29
-32
-47
-75
-67
-85
-104
-107
-133
-169
-167
-159
-140
-165
-174
-156
-134
-139
-137
-120
-113
-61
-48
-39
-74
-109
-119
-132
-97
-70
-91
-106
-105
-106
-103
-113
-131
-146
-140
-105
-68
-43
-31
-9
-2
-2
6
34
67
99
86
87
95
71
88
49
29
30
27
41
28
34
76
98
100
116
144
151
159
168
172
140
121
100
45
47
58
57
84
104
110
82
44
50
45
48
61
70
40
31
31
31
46
43
44
50
50
81
89
94
100
131
135
120
132
102
64
11
0
-6
1
-4
-7
27
18
34
43
27
16
44
51
52
44
17
8
-11
-36
-62
-71
-100
-95
-95
-110
-118
-131
-113
-126
-137
-133
-116
-131
-154
-159
-166
-164
-142
-140
-149
-132
-164
-220
-199
-182
-184
-190
-190
-175
-157
-127
-108
-91
-64
-79
-70
-93
-119
-109
-80
-63
-45
-11
-27
-20
-33
-34
-30
-13
8
15
28
-5
-41
-24
-31
-3
60
50
-7
-16
-16
11
40
83
110
81
65
63
73
75
78
102
119
120
129
118
88
51
58
52
57
91
67
34
16
3
-18
-34
-48
-52
-56
-41
-34
-5
32
-12
-35
-38
-61
-47
8
24
-16
-27
-59
-53
-76
-82
-75
-71
-62
-43
-19
-21
-17
-27
-34
-39
-3
-23
-40
-49
-63
-64
-62
-17
-9
2
9
24
13
-25
-37
-32
-10
7
-10
-22
-14
-17
-32
-3
-17
-46
-57
-76
-75
-70
-64
-55
-67
-76
-27
-8
14
29
-11
-14
-26
-43
-69
-72
-89
-104
-114
-95
-77
-80
-106
-124
-88
-77
-44
-36
-36
-43
-90
-103
-105
-131
-150
-171
-181
-186
-218
-224
-220
-242
-248
-239
-275
-280
-271
-240
-263
-280
-294
-294
-275
-274
-262
-240
-246
-251
-209
-220
-228
-195
-192
-197
-204
-226
-206
-178
-154
-132
-120
-132
-136
-147
-168
-150
-149
-150
-127
-108
-138
-167
-158
-136
-158
-161
-158
-161
-147
-143
-158
-174
-195
-192
-171
-164
-183
-184
-187
-189
-152
-126
-110
-99
-101
-95
-93
-98
-124
-159
-186
-182
-157
-145
-108
-62
-37
-20
-1
-4
13
18
8
7
-2
15
24
34
15
-27
-35
-4
23
36
6
-22
-10
-6
10
25
26
59
49
37
14
-3
11
10
-1
-15
1
11
38
35
40
27
26
17
-12
-8
5
-1
-29
-42
-48
-32
-16
-23
-32
-7
15
25
11
-1
0
-9
-9
-6
-29
-52
-80
-112
-120
-121
-152
-150
-116
-92
-90
-79
-61
-71
-56
-16
-15
-14
-17
-16
-3
-14
-20
-43
-54
-86
-104
-106
-92
-72
-60
-82
-90
-52
-24
-19
-25
-32
-52
-71
-97
-95
-75
-78
-92
-84
-81
-76
-82
-104
-108
-110
-124
-136
-114
-117
-122
-119
-106
-102
-97
-59
-68
-84
-101
-95
-73
-62
-51
-56
-47
-38
-35
-49
-44
-44
-63
-76
-99
-62
-44
-36
-51
-101
-139
-155
-123
-99
-89
-83
-101
-97
-74
-48
-29
6
-7
-37
-21
-33
-66
-90
-109
-104
-65
-37
-16
-13
-49
-84
-103
-125
-103
-88
-88
-60
-35
-12
-21
-49
-56
-45
-59
-59
-40
-25
-27
-54
-45
-31
-40
-52
-46
-19
7
26
42
29
14
9
15
17
-11
-42
-42
-31
-49
-31
-46
-42
-11
-25
-46
-45
-26
6
21
35
58
46
24
8
-10
-21
-32
-45
-82
-86
-59
-36
-29
-33
-38
-32
-15
3
39
50
63
60
54
68
64
49
35
26
24
55
80
96
103
108
89
75
58
35
45
43
42
54
62
66
49
47
46
22
29
10
7
51
83
109
92
107
103
62
59
49
36
35
31
33
60
75
81
95
102
127
155
161
148
177
194
197
211
209
229
245
255
268
271
276
289
283
278
279
268
262
249
237
234
257
250
241
256
271
292
278
284
281
257
265
261
284
276
270
270
222
229
239
240
238
235
237
265
316
316
319
343
350
362
338
298
280
281
267
257
262
247
258
243
231
224
217
228
204
220
240
259
263
266
296
277
271
249
234
209
173
148
134
117
109
115
118
146
160
141
131
149
151
180
187
190
175
149
155
180
217
222
219
201
191
175
176
184
180
149
148
139
140
157
154
131
128
130
122
125
145
157
141
142
126
103
93
95
80
58
64
64
69
69
54
41
25
37
56
58
114
158
161
179
158
145
164
140
126
126
108
126
176
202
209
202
175
142
167
214
247
267
284
277
294
300
290
306
325
331
338
317
316
347
325
322
306
313
336
371
381
355
334
321
332
333
346
330
338
350
348
343
363
415
426
430
414
377
379
388
402
417
401
380
355
386
388
395
417
396
363
345
405
433
447
436
436
434
439
457
462
459
430
406
388
382
382
376
347
348
340
334
319
315
323
323
325
334
352
360
364
347
298
275
283
305
330
336
299
256
251
252
278
304
324
341
302
285
285
288
282
244
252
260
240
221
225
215
230
217
192
175
162
173
193
189
190
181
159
167
163
188
208
209
189
168
141
148
137
114
84
57
66
76
97
77
74
90
93
110
115
103
83
81
93
124
159
188
205
172
166
185
154
141
108
80
67
23
32
54
25
3
-5
-14
-35
-1
17
-7
8
20
3
-11
-20
-45
-23
-17
-31
-65
-76
-52
-30
-26
-8
4
-3
33
66
88
114
138
150
131
139
148
139
149
153
162
172
184
193
191
167
137
113
110
102
116
124
141
154
155
135
84
50
51
69
72
77
75
88
104
97
48
36
58
42
39
66
93
103
85
79
100
117
114
112
119
143
158
168
176
167
174
179
203
192
210
205
177
182
189
189
156
143
152
155
165
165
141
135
137
117
95
93
103
106
117
115
138
149
142
145
133
148
137
114
100
124
116
128
119
109
120
130
156
194
230
228
221
219
218
223
193
159
144
122
120
110
78
60
52
75
88
93
79
61
89
95
106
88
86
93
77
50
49
59
52
38
45
46
25
21
33
32
14
-6
-5
-30
-40
-31
-38
-43
-70
-81
-65
-49
-49
-56
-59
-40
-54
-60
-21
-12
6
11
-12
-13
-23
-20
-42
-47
-35
-44
-41
-42
-19
-33
-58
-62
-41
-25
-25
-49
-50
-12
-4
15
12
20
8
-6
-10
-25
-35
-51
-44
-40
-12
4
8
11
3
-10
-35
-29
-13
4
2
-23
-82
-115
-138
-132
-140
-113
-82
-58
-27
-14
18
41
24
8
29
26
4
-17
-19
-31
-36
-30
-24
-11
-3
3
4
-36
-64
-62
-60
-52
-73
-109
-115
-106
-65
-21
-10
-12
-9
-4
37
54
25
-7
-53
-61
-55
-49
-27
-38
-24
-28
-42
-28
-31
-3
-5
-33
-41
-8
12
22
27
3
-1
-6
5
-1
-6
11
15
29
36
14
0
8
12
3
-31
-59
-68
-61
-40
-17
-20
-64
-60
-32
-45
-73
-84
-98
-68
-68
-77
-45
-41
-33
-12
3
-4
-2
-4
12
20
3
-18
-26
-23
-27
-9
10
38
53
69
86
131
140
103
115
107
75
64
85
98
103
118
112
146
135
119
118
132
155
160
152
147
152
148
151
173
194
199
203
214
218
195
178
169
191
197
214
243
252
228
215
232
223
208
212
185
166
181
175
167
159
145
106
93
104
119
151
163
152
154
157
151
147
155
149
133
153
172
177
176
173
206
215
215
236
252
250
221
166
167
158
162
201
182
168
143
159
187
197
200
223
255
246
243
236
239
249
256
242
221
212
190
193
216
239
254
254
249
264
253
232
248
251
241
230
266
302
310
324
344
326
285
248
236
236
249
265
246
249
235
246
251
219
194
185
167
159
191
203
217
208
190
198
205
203
215
228
258
251
253
238
204
211
188
187
188
179
188
188
165
177
163
153
183
173
171
161
174
181
174
150
149
155
147
148
140
126
112
119
147
146
145
153
153
145
151
189
199
198
198
188
155
142
148
119
140
159
152
138
120
124
123
133
151
154
145
143
118
88
94
94
89
103
111
108
91
87
96
62
15
1
-13
-6
-16
-41
-55
-34
21
43
35
5
-58
-64
-52
-17
0
-14
-35
-70
-76
-60
-39
-26
-4
9
23
12
4
-9
-12
-31
-30
-27
-40
-37
-38
-55
-65
-68
-82
-109
-94
-67
-82
-85
-78
-55
-39
-41
-58
-63
-70
-50
-12
-6
-1
5
-2
5
16
26
10
2
-22
-24
7
24
43
26
53
69
53
63
74
102
129
122
103
69
79
112
132
140
149
143
136
162
159
155
178
175
182
160
142
145
144
149
160
170
154
126
91
95
106
107
107
114
156
163
157
133
144
157
166
155
154
125
88
118
150
152
119
105
86
75
84
112
123
135
170
195
181
167
168
164
160
147
139
117
91
99
86
66
31
30
24
13
32
32
26
6
6
7
11
18
32
26
32
30
35
33
16
28
2
-9
-2
10
24
-3
7
20
-9
-24
-34
-16
-31
-14
-9
-20
-8
-17
-34
-48
-24
-14
-11
-33
-47
-41
-38
-33
-70
-66
-61
-80
-83
-73
-86
-84
-74
-75
-89
-71
-46
-34
-4
-10
7
4
-7
14
28
17
16
-6
-19
-23
-32
-19
-16
-65
-80
-67
-69
-63
-50
-16
-15
-29
-34
-17
-18
-26
-14
-18
-29
-8
-34
-83
-117
-139
-129
-134
-127
-116
-93
-65
-62
-60
-40
-39
-45
-27
-39
-43
-66
-97
-125
-141
-177
-196
-195
-220
-223
-217
-220
-242
-283
-280
-258
-231
-210
-222
-228
-230
-233
-266
-277
-277
-284
-269
-279
-291
-313
-308
-274
-269
-263
-276
-269
-247
-205
-181
-195
-214
-235
-253
-259
-280
-305
-305
-310
-308
-296
-288
-294
-305
-339
-348
-360
-339
-313
-320
-312
-321
-334
-302
-275
-261
-256
-257
-248
-235
-227
-232
-243
-242
-251
-256
-244
-223
-199
-215
-226
-215
-220
-215
-184
-173
-163
-169
-183
-160
-145
-139
-128
-116
-120
-124
-139
-134
-119
-104
-111
-155
-149
-118
-74
-49
-42
-35
-62
-83
-85
-76
-57
-41
-26
-46
-55
-44
2
13
42
58
63
75
55
52
40
46
49
46
41
18
4
1
9
3
24
65
61
65
81
90
100
140
151
163
189
196
207
219
229
229
216
197
172
173
186
218
231
243
222
233
257
223
204
195
200
201
198
193
180
165
148
142
125
131
163
145
135
135
123
115
132
140
134
123
117
103
89
47
-3
-16
1
32
41
54
64
77
97
69
37
-3
-15
0
-3
-11
-30
-48
-81
-72
-41
-48
-36
-39
-37
-19
-9
-29
-66
-97
-116
-125
-113
-114
-130
-145
-161
-178
-233
-274
-301
-318
-307
-279
-251
-252
-243
-224
-235
-272
-296
-282
-263
-267
-276
-261
-256
-293
-281
-273
-276
-245
-216
-199
-185
-159
-176
-179
-181
-195
-210
-200
-190
-168
-132
-151
-144
-135
-156
-171
-188
-186
-188
-189
-177
-194
-205
-189
-179
-186
-192
-194
-178
-187
-170
-150
-146
-121
-114
-98
-102
-102
-84
-78
-69
-81
-99
-116
-130
-117
-90
-55
-40
-39
-24
-10
-21
-27
-41
-46
-33
-10
-18
-6
10
-7
-10
-5
1
-9
-9
28
64
70
90
90
92
106
88
69
58
77
42
24
53
63
37
18
42
43
33
28
38
49
51
54
41
51
38
11
19
30
23
25
20
11
-5
-3
9
12
50
45
23
48
50
35
37
42
37
18
-3
-6
15
11
9
-4
4
-16
-32
-32
-64
-76
-70
-69
-65
-84
-124
-124
-137
-122
-116
-127
-131
-151
-130
-132
-143
-134
-164
-186
-174
-165
-173
-156
-127
-134
-124
-140
-171
-143
-107
-81
-90
-97
-107
-118
-131
-149
-122
-105
-98
-113
-122
-110
-114
-120
-124
-141
-140
-126
-101
-87
-109
-104
-62
-51
-29
4
5
13
32
15
-6
-9
51
77
59
51
43
47
62
102
104
67
66
35
45
83
84
106
89
63
39
54
49
61
93
110
96
85
87
83
67
68
91
60
-2
-28
-22
-40
-65
-94
-119
-141
-158
-167
-154
-138
-144
-151
-145
-147
-137
-139
-169
-185
-173
-188
-184
-189
-182
-175
-154
-122
-134
-170
-176
-174
-184
-174
-160
-168
-157
-172
-179
-180
-176
-169
-166
-134
-143
-188
-217
-213
-225
-232
-220
-185
-176
-191
-196
-199
-184
-182
-178
-198
-229
-234
-260
-255
-207
-181
-184
-183
-191
-188
-217
-217
-206
-217
-230
-246
-259
-284
-276
-269
-270
-242
-208
-190
-205
-216
-204
-222
-249
-295
-330
-322
-310
-322
-330
-356
-370
-334
-326
-328
-323
-312
-307
-347
-369
-386
-386
-386
-380
-339
-314
-332
-337
-362
-414
-447
-445
-407
-394
-403
-367
-334
-329
-321
-311
-307
-314
-322
-321
-306
-280
-279
-278
-248
-223
-212
-218
-231
-235
-243
-255
-277
-270
-268
-262
-241
-257
-295
-292
-277
-269
-283
-307
-305
-313
-326
-311
-310
-292
-267
-247
-242
-234
-255
-277
-265
-299
-316
-319
-319
-309
-306
-273
-260
-250
-214
-204
-196
-174
-166
-180
-189
-149
-158
-156
-151
-170
-178
-175
-176
-185
-179
-181
-183
-201
-192
-201
-203
-174
-184
-203
-205
-205
-191
-204
-218
-203
-192
-185
-171
-177
-190
-204
-256
-289
-301
-309
-301
-297
-286
-291
-289
-292
-284
-280
-284
-285
-292
-285
-267
-292
-293
-295
-298
-313
-326
-351
-349
-372
-387
-386
-385
-368
-368
-375
-403
-388
-396
-411
-414
-400
-377
-375
-347
-341
-334
-332
-311
-277
-261
-246
-235
-223
-228
-217
-202
-201
-203
-185
-198
-208
-188
-181
-200
-195
-179
-172
-181
-161
-127
-133
-130
-129
-105
-71
-57
-43
-47
-48
-43
-49
-54
-55
-41
-19
-6
9
8
18
32
29
26
34
59
66
79
73
65
70
66
90
111
140
155
170
171
170
172
164
194
171
135
149
190
203
182
169
163
173
180
190
207
216
216
214
185
161
175
186
176
153
139
124
125
90
72
67
68
87
89
82
89
92
91
94
113
146
168
189
180
153
115
92
71
55
54
47
53
65
64
46
40
54
57
60
96
124
139
120
104
73
33
17
8
27
40
24
16
16
26
40
75
72
74
94
98
75
56
41
26
20
-2
25
29
31
23
24
7
-10
-11
-45
-32
-28
-32
-51
-69
-62
-108
-141
-160
-160
-165
-151
-136
-145
-126
-114
-121
-130
-99
-90
-92
-103
-99
-82
-75
-77
-118
-140
-109
-93
-91
-95
-76
-57
-38
-20
-34
-50
-68
-76
-80
-107
-148
-165
-143
-142
-143
-147
-168
-166
-153
-169
-167
-151
-139
-131
-151
-181
-197
-199
-218
-222
-222
-225
-221
-216
-209
-196
-192
-207
-202
-203
-170
-129
-113
-132
-158
-138
-114
-114
-125
-128
-138
-145
-147
-140
-133
-140
-140
-144
-150
-164
-178
-210
-221
-238
-264
-245
-231
-231
-210
-182
-196
-181
-186
-177
-145
-130
-127
-142
-126
-135
-129
-136
-152
-147
-151
-158
-135
-137
-128
-125
-131
-138
-120
-123
-156
-150
-147
-142
-157
-150
-151
-156
-161
-194
-213
-225
-212
-203
-202
-219
-247
-245
-241
-230
-209
-207
-209
-213
-190
-196
-201
-184
-171
-146
-142
-137
-140
-139
-124
-113
-106
-96
-110
-113
-134
-127
-121
-133
-123
-146
-158
-169
-171
-162
-155
-156
-144
-114
-98
-85
-87
-65
-48
-63
-96
-124
-116
-109
-112
-111
-89
-88
-106
-89
-88
-85
-83
-91
-93
-97
-87
-78
-80
-88
-93
-105
-117
-113
-98
-77
-60
-42
-37
-13
20
0
-15
-13
-2
4
-2
-37
-97
-112
-101
-92
-82
-78
-67
-56
-68
-73
-65
-75
-89
-106
-119
-137
-146
-152
-167
-187
-206
-200
-160
-112
-75
-55
-60
-75
-83
-105
-106
-110
-141
-150
-178
-161
-135
-125
-149
-165
-175
-193
-181
-134
-92
-79
-70
-103
-114
-136
-118
-93
-108
-95
-99
-102
-114
-118
-109
-110
-111
-127
-134
-178
-185
-165
-190
-217
-244
-258
-258
-264
-261
-250
-275
-283
-243
-189
-177
-187
-193
-169
-117
-114
-116
-127
-151
-147
-114
-98
-102
-97
-116
-144
-164
-179
-156
-107
-98
-108
-123
-115
-101
-74
-47
-86
-109
-116
-126
-129
-129
-140
-163
-164
-168
-165
-154
-133
-125
-126
-163
-178
-173
-193
-181
-154
-121
-125
-159
-202
-193
-212
-230
-209
-187
-180
-152
-141
-177
-192
-192
-185
-189
-168
-143
-159
-150
-143
-116
-120
-140
-116
-112
-135
-142
-139
-136
-90
-89
-77
-88
-148
-172
-164
-155
-126
-108
-110
-99
-116
-100
-99
-131
-130
-121
-150
-156
-152
-163
-127
-97
-84
-77
-76
-74
-58
-60
-37
-30
-58
-24
4
28
25
24
24
19
17
31
4
16
19
-30
-2
-12
-35
-13
2
41
55
21
31
12
9
20
10
14
21
29
42
-2
-5
1
-46
-12
-18
-34
-36
-29
2
-16
-15
9
-4
7
23
26
56
48
32
6
-23
-15
-1
48
85
84
101
109
106
113
85
69
36
16
65
79
91
71
52
46
1
28
18
2
37
26
65
95
74
118
127
128
142
121
151
168
147
145
166
151
143
155
145
152
137
135
149
165
172
162
171
166
164
160
140
151
165
173
186
161
180
207
207
207
188
171
208
228
237
249
263
262
243
274
289
272
277
313
296
286
298
292
316
305
271
318
337
342
338
354
383
318
309
329
344
310
300
334
323
301
334
319
353
343
322
344
344
309
301
338
362
324
297
374
355
318
287
347
347
305
328
366
358
339
350
369
350
326
361
435
410
401
437
454
433
444
494
487
471
444
433
379
399
438
439
459
491
490
462
444
454
474
450
490
528
520
510
517
559
546
544
590
564
501
532
548
499
541
535
517
497
466
503
492
462
515
528
493
510
495
476
521
527
561
523
502
547
495
525
595
543
549
545
533
515
451
477
461
490
538
540
581
635
576
518
561
543
547
457
524
536
417
523
499
482
552
455
526
522
426
531
531
548
574
529
583
557
523
575
593
552
521
562
515
554
534
497
531
510
481
558
532
604
637
516
631
617
586
631
565
607
579
502
580
619
602
627
544
660
633
454
600
544
496
580
450
560
517
516
574
469
587
626
529
594
615
633
548
482
615
471
458
575
458
488
536
484
507
462
588
531
491
635
535
551
571
520
545
506
614
554
495
605
466
532
520
483
483
476
508
454
543
496
431
558
504
489
443
539
547
394
518
413
483
448
414
479
384
477
339
443
428
322
484
277
397
326
269
352
228
353
254
307
354
326
297
193
314
230
283
261
272
374
234
336
324
283
343
254
325
282
344
234
251
403
219
391
268
379
364
305
429
201
399
322
248
333
384
288
265
422
307
358
291
415
336
349
408
292
414
299
326
365
425
321
386
481
307
419
362
316
468
320
272
407
313
287
365
427
284
349
439
255
486
397
310
390
307
358
243
417
333
296
444
259
334
349
160
347
249
143
237
262
172
128
302
158
226
269
102
373
275
83
410
166
172
175
241
130
186
236
161
254
110
238
334
13
265
343
39
302
169
161
128
191
92
117
116
26
229
47
137
267
-131
252
26
159
104
141
190
80
231
-61
348
45
18
450
-137
356
81
67
354
27
303
244
109
232
260
122
177
482
-46
364
215
137
332
102
443
148
327
208
157
268
27
360
-26
307
211
-65
433
3
224
30
173
102
32
279
-5
274
-118
320
158
-15
456
-83
246
192
199
228
217
228
21
328
89
178
204
188
329
-55
313
274
25
262
302
70
278
260
84
244
213
270
39
164
417
-60
345
392
29
376
282
228
40
372
205
-13
407
190
70
355
123
138
299
285
211
110
455
116
7
414
64
74
286
71
147
177
194
-34
193
402
-134
318
440
-37
388
242
175
204
199
182
-81
368
136
1
461
171
51
269
213
-126
365
128
-24
271
88
175
95
264
281
33
410
150
6
376
25
84
223
163
43
252
101
21
245
74
-96
186
101
169
80
183
260
20
450
49
154
425
-22
352
146
410
27
212
451
-89
360
147
175
303
-7
555
-145
210
266
-10
376
-26
465
93
361
276
76
622
33
333
304
204
400
-53
558
-41
422
341
152
593
45
562
236
364
331
143
594
-59
509
142
342
477
-72
690
38
530
235
200
644
-9
582
162
390
319
310
222
222
693
-173
669
312
302
571
95
707
209
479
309
446
325
221
569
155
526
278
381
392
271
528
133
557
238
389
359
111
507
196
302
356
259
255
313
291
279
246
354
314
161
510
71
415
296
210
395
218
329
122
502
-5
306
381
103
266
362
239
78
521
-84
368
203
-119
636
-99
229
379
9
186
192
-5
287
114
-134
416
-57
163
317
97
376
217
152
379
49
227
132
98
250
76
-51
403
-15
-52
516
-205
331
-34
153
172
-40
298
-18
202
128
121
192
-66
188
251
-107
434
275
-3
638
-279
519
356
-112
561
213
227
271
219
348
231
-113
675
-105
207
477
-138
435
320
-184
593
261
-137
631
230
154
297
334
302
159
338
409
109
330
273
250
291
224
313
274
29
469
-42
232
335
-181
428
170
-150
571
-17
7
553
-125
191
383
-100
339
93
50
426
-164
257
176
-103
113
113
45
61
-74
148
269
-144
160
440
-133
136
374
-8
102
157
134
63
51
55
374
-52
77
401
-131
292
65
87
313
-172
409
39
-17
189
60
-115
5
168
-343
311
-343
304
-110
-4
183
-5
-43
279
-312
345
96
-293
387
3
-81
143
-109
122
-81
-156
59
18
-51
-129
193
-54
-352
174
-239
-36
-147
-115
210
-454
-20
91
-395
-35
57
-419
214
-226
72
9
-11
-92
44
-101
27
-6
-73
402
-329
252
153
-205
367
13
14
381
-41
196
163
300
99
-11
590
-169
249
334
53
342
-68
452
107
67
476
59
362
228
193
340
256
224
149
380
-84
271
173
47
331
15
323
87
239
294
208
123
440
405
-200
647
177
-30
274
184
190
28
480
-57
385
83
248
317
-159
671
-208
298
193
173
-138
246
453
-547
519
165
-272
476
-182
370
-119
10
412
-207
497
-51
145
316
77
251
107
253
88
145
244
41
294
61
143
486
-182
518
25
220
296
-171
425
-56
198
-27
366
-136
8
265
-102
81
377
-171
213
187
-90
238
-1
158
-46
28
106
-163
191
-92
-17
11
-83
-31
-15
-188
73
-37
-410
391
-417
52
-33
-187
0
-319
60
-337
-56
-125
3
-351
-35
46
-529
155
-344
-231
-6
-574
238
-403
-224
1
-601
246
-587
-61
-226
-257
-32
-503
112
-324
-379
22
-346
-121
-102
-202
-198
-222
-146
-226
-107
-241
113
-316
-138
152
-516
230
-154
-97
-104
-91
-123
-249
106
-433
279
-532
-123
-293
-37
-372
-113
166
-722
416
-487
132
-112
-24
87
-225
310
-262
-17
86
-127
-14
-70
65
-191
-103
53
-125
-36
-193
-22
-219
-227
37
-521
151
-240
-302
164
-275
43
-170
124
-239
106
162
-203
189
-33
-188
144
-193
217
-228
241
-184
28
145
-278
202
-86
-54
59
157
-154
34
189
-299
139
-178
75
-236
65
-57
-13
121
-174
95
-57
-143
-72
17
-116
-223
116
-280
-170
45
-339
-15
-212
-97
-204
-47
-169
-34
-347
72
-91
-497
242
-279
-176
9
-140
-315
-38
-191
-374
-125
-249
-383
-341
-117
-313
-582
-80
-517
-308
-211
-378
-163
-431
-151
-562
-70
-481
-141
-488
-87
-393
-536
81
-549
-311
-187
-412
-503
-178
-667
36
-427
-173
-207
-300
94
-451
-65
-137
-350
-204
-267
-142
-167
-170
-341
-158
-13
-514
-76
-242
-15
-414
-19
24
-548
-3
-243
-116
-149
-165
-157
-37
-288
55
-282
-89
97
-782
617
-502
-196
286
-546
92
-167
-263
-156
-95
-200
-252
29
-123
-202
-140
204
-316
-26
139
-276
-56
-117
-148
-162
72
-72
-147
42
136
-371
306
20
-378
369
-527
405
-384
33
152
-634
562
-535
32
48
-387
208
-231
-118
-190
-44
-318
-191
58
-370
83
-214
-144
-68
-274
146
-582
255
-212
-263
196
-269
-24
-276
-144
-88
-419
-164
-89
-438
-104
-48
-453
-13
-320
-303
34
-459
-68
-262
-126
-272
-263
136
-695
-8
-155
-448
-57
-447
-52
-541
34
-372
-281
-112
-363
-109
-309
110
-406
-148
49
-161
-411
304
-623
194
-118
-705
630
-735
224
-365
166
-222
-257
196
-319
16
-198
175
-565
440
-265
-243
496
-574
220
-318
184
-176
-14
313
-384
327
-36
-179
310
-138
-155
220
-145
49
119
-383
392
-300
15
403
-359
485
-184
185
259
-239
274
117
33
160
101
-19
35
230
-293
804
-293
-17
419
-250
401
-352
708
-536
253
332
-625
776
-527
203
51
-33
124
-163
181
-242
67
-205
211
-170
89
148
-254
336
-346
275
-212
209
-60
-86
180
-237
28
-147
255
-387
275
27
-365
420
-68
-97
226
-196
-145
200
-172
-57
127
144
-333
266
161
-291
389
-70
85
-26
185
-126
31
175
-62
16
57
-61
109
-163
126
64
-124
411
-182
317
22
-200
312
-129
58
-188
112
-212
-344
417
-449
-192
181
-416
12
-170
162
-420
117
-15
-351
384
-490
314
-291
59
-50
-132
210
-379
383
-69
-172
263
195
-92
-89
420
-419
122
92
79
-113
165
131
-308
241
93
-258
246
197
-68
39
412
-462
697
-7
-151
395
-213
534
-637
665
-209
-207
273
-27
240
-15
354
-143
284
171
221
90
371
174
-205
622
-53
94
286
296
-137
343
440
-368
643
12
36
-9
228
36
-383
744
-196
43
275
-257
219
-267
457
-206
209
72
-287
554
-293
-27
107
92
-324
87
276
-356
36
42
38
-291
269
-22
-298
240
58
-372
76
253
-626
196
64
-166
-26
56
-320
271
-99
-25
-221
245
-368
-308
674
-348
-110
238
-252
-77
-177
134
-176
-36
87
-583
227
-115
-57
-528
668
-458
-289
490
-152
67
-418
473
-476
158
-45
-24
-132
212
-182
-243
450
-453
-27
51
-238
-181
-254
272
-572
292
-282
-281
192
-445
195
-275
196
-667
320
-238
-256
-100
-194
40
-691
461
-576
367
-573
-122
-11
-304
-19
-1
-206
-107
-30
-208
94
-125
-231
14
14
106
-178
315
-466
387
-82
-206
373
-459
218
-267
505
-624
535
-108
-36
100
43
216
-199
419
-160
179
-10
-48
103
294
-300
537
77
-130
285
61
106
119
286
-54
56
326
22
58
21
177
-330
216
537
-675
877
-26
-219
514
96
-139
233
259
-179
425
17
301
-424
559
-22
-310
882
-197
35
229
281
-148
305
452
-131
488
253
-35
228
500
-79
-172
901
-524
379
220
-222
306
-91
288
-83
17
84
22
-37
497
29
-200
382
-288
34
508
-146
289
-102
52
234
-363
323
169
-74
198
313
36
187
21
187
310
-173
643
-302
218
407
-82
638
-322
437
-18
329
457
-262
648
-230
28
497
-78
46
297
-33
34
499
-89
-55
437
311
-135
430
173
-299
245
252
370
-145
545
-344
257
-252
200
424
-428
994
-699
789
-380
324
92
372
489
49
829
-471
529
-329
325
73
331
71
-193
228
-388
-15
-120
151
-237
-136
42
-67
67
-662
417
-95
10
110
-10
-568
-73
275
-51
517
-380
-184
-264
123
61
44
599
-456
221
-240
314
-211
108
117
48
369
-612
424
-209
-38
-132
413
365
-347
269
4
149
36
145
90
104
73
-189
252
-215
-40
-71
-196
186
-79
-420
-150
-336
-64
-153
164
37
-895
270
-463
-165
-102
22
-296
176
-171
-276
405
-535
182
116
-226
-57
-117
-68
-140
151
-115
-369
163
-191
-33
-305
-24
-314
-195
174
-576
460
-492
11
-8
-107
64
-300
405
-420
235
170
-527
247
68
-293
211
186
-217
212
172
-97
427
39
-284
290
-7
-229
197
138
-145
-195
163
-153
13
-167
-37
91
77
-675
412
74
-480
441
-226
180
-332
96
-115
298
-288
-302
392
-414
191
24
261
-218
-8
-8
-4
409
1
269
261
186
-56
438
212
152
367
105
665
313
282
416
569
0
469
582
72
472
412
491
31
249
161
-21
196
-83
204
-165
-130
-314
-170
-263
-344
-138
-108
-269
-451
-164
-714
-169
-273
-332
111
-178
-522
-62
-197
-257
14
210
-28
-185
267
99
213
243
173
487
321
167
550
643
268
669
423
629
434
454
677
482
499
321
288
346
209
-38
345
85
-28
197
48
-75
-340
-213
-106
-253
-347
-215
-481
-439
-637
-713
-711
-608
-426
-417
-377
-463
-855
-924
-164
-478
-614
-441
-391
-691
-859
-267
-524
-726
-344
-270
-261
-152
-350
-276
116
26
255
334
542
302
456
678
697
704
556
916
893
1298
975
963
1086
663
917
1187
867
441
537
361
315
298
-1
-13
-264
-535
-282
-245
-667
-736
-576
-716
-637
-835
-945
-872
-921
-897
-513
-491
-921
-825
-538
-485
-520
-363
-400
-777
-521
-450
-611
-542
-916
-727
-618
-503
-802
-740
-665
-739
-376
-37
229
81
237
185
536
588
960
1270
1265
1464
1451
1816
1980
1918
1634
1896
1685
1679
1670
1338
1135
639
392
444
137
-361
-269
-581
-662
-908
-1108
-1223
-1405
-1484
-1363
-1271
-1464
-1422
-1186
-983
-1035
-800
-745
-701
-353
-109
-212
187
92
-152
148
79
4
40
-20
-451
-790
-776
-1092
-926
-737
-910
-895
-1049
-1308
-1101
-687
-371
271
170
164
196
482
1129
1546
1844
2074
2317
2575
3044
2868
2642
2559
2490
2676
2738
2288
1432
777
272
130
77
-124
-738
-1265
-1679
-2049
-2173
-2595
-2747
-2842
-2578
-2430
-2315
-2391
-2427
-2148
-1652
-972
-537
-521
-315
69
262
603
813
1104
840
867
567
406
-254
-289
-414
-542
-805
-1383
-1291
-1682
-1448
-1104
-550
-1031
-1322
-1404
-924
-390
74
771
461
375
756
2015
2509
2519
2853
3363
3523
3044
3324
3094
2387
1967
2284
2124
1118
-6
-196
-633
-1227
-1216
-1517
-1884
-2771
-3061
-2960
-3041
-3253
-3144
-2533
-2455
-2415
-2155
-1802
-1559
-1141
-458
426
544
506
721
1043
1212
1211
1538
1398
1026
13
-305
-737
-1273
-1291
-1165
-1137
-1376
-807
-936
-1576
-2919
-2214
-762
239
945
575
-370
-1576
-516
1704
2952
2079
2498
3665
3615
2947
2804
2817
2194
2474
3683
3847
1151
-836
-635
136
-78
-422
-671
-1981
-3305
-3538
-2440
-2745
-3115
-2749
-1814
-1702
-2414
-2646
-2227
-1449
-565
954
1380
569
-272
253
1349
1767
1695
1878
1602
1008
601
444
-302
-1101
-1567
-1440
-1458
-2040
-1610
-637
-1105
-2725
-3459
-2645
-783
636
1537
1031
-971
-2040
-37
2914
3376
2683
3145
3730
3914
3846
4143
3313
1892
2720
4475
4129
1184
-926
-1175
-669
-128
464
-785
-3187
-4636
-3812
-2784
-3042
-3336
-3119
-2444
-2555
-2553
-2549
-2467
-2066
-224
1638
1707
352
-383
465
1623
2326
2558
2205
1188
361
955
718
-251
-1210
-1422
-1739
-2432
-2730
-2417
-1161
-1925
-2372
-3874
-3403
-2462
-236
1234
691
-1115
-2160
-61
2065
3185
2256
3201
3391
4008
4500
4864
3474
1923
2761
4453
4469
1653
-41
-845
-851
-407
468
-820
-3341
-4603
-3773
-2930
-3455
-3568
-3314
-3040
-2920
-2541
-2366
-2628
-2074
-333
1265
1200
155
-2
576
1665
2386
2661
1993
1222
816
1194
865
-306
-1011
-1317
-1791
-2436
-2914
-2563
-1496
-1880
-2696
-4102
-3900
-2736
-289
782
412
-1679
-2377
-462
2205
2997
2194
2704
3211
3872
4312
5164
3602
2064
2543
4668
4167
1823
-78
-620
-716
-274
548
-842
-3661
-5042
-3730
-3112
-3231
-3659
-3455
-3673
-3403
-2984
-2529
-2687
-2165
-365
978
1009
-175
-361
447
1783
2311
2646
1651
799
488
1096
1004
-306
-1234
-1715
-2076
-2709
-2894
-2152
-1433
-2170
-3370
-4473
-3775
-2277
-110
764
-215
-2549
-2158
324
2968
2344
1909
2742
3580
3760
4510
5015
3006
1927
3358
5281
3124
367
-793
-110
-242
375
-50
-2267
-5151
-4967
-2909
-2501
-3570
-4084
-3728
-3791
-3306
-2916
-2582
-2833
-1620
134
1171
292
-543
60
1805
2694
2828
2222
986
216
980
2044
1488
-348
-1804
-2148
-2507
-2796
-2907
-1306
-1538
-2520
-4255
-4222
-3636
-1976
82
1014
-340
-3090
-1634
1066
3100
1759
2800
3708
4075
3538
4928
5088
2775
2596
4696
5570
2162
124
-65
465
52
671
-73
-3019
-5396
-4167
-2271
-2756
-3735
-3882
-3628
-3916
-3291
-2406
-2166
-2350
-1146
597
881
-216
-378
1241
2465
2872
2722
2070
990
969
1777
2464
798
-721
-1420
-1398
-1736
-2513
-1462
-1234
-1785
-3500
-3763
-3367
-2014
-803
358
25
-2327
-2080
1
3017
2096
1980
2823
4543
3836
3837
4583
3557
2797
3850
5956
3394
236
-843
1261
1012
647
-552
-2084
-4475
-4285
-2151
-1986
-3707
-4798
-3664
-3274
-2913
-2769
-2083
-2370
-1623
-55
978
185
-504
704
2667
3069
2388
1523
1169
1267
2042
2786
1630
-908
-2060
-1422
-715
-1316
-1052
-809
-2155
-3947
-3985
-2086
-1019
-545
-436
-487
-2500
-1835
387
2912
1726
1558
2791
3988
3876
3597
4384
3340
3158
3775
5306
2889
623
-466
1073
1153
753
-588
-2497
-3934
-3831
-2004
-2079
-3351
-4821
-3996
-3370
-2489
-2418
-1906
-2089
-1795
-913
156
139
-213
944
2057
2551
1505
1261
866
1342
1672
2452
1129
-932
-2217
-1796
-1195
-1128
335
-534
-2226
-5269
-3967
-1961
607
862
159
-2470
-3921
-1326
1969
3492
1437
2078
2014
3192
3191
4431
3497
2198
3293
4994
4433
856
-193
-83
1647
1563
1296
-1880
-4331
-4417
-1986
-706
-2222
-4016
-5074
-4170
-2902
-1435
-1665
-2169
-2549
-1211
-224
289
-72
301
1590
2409
2384
1452
664
525
1694
2885
2388
97
-1693
-2329
-1317
-711
71
945
-773
-3079
-5085
-3500
-1274
1320
1926
664
-3357
-4603
-1413
3019
4057
2264
2403
1748
2237
2773
4978
3669
2205
2909
5169
3618
139
-738
643
1856
1752
1049
-2442
-4827
-4282
-650
188
-1958
-4519
-4892
-3826
-2131
-521
-645
-2001
-2792
-1204
292
851
211
952
1771
2000
1509
1183
948
909
1775
2691
1770
-1055
-2209
-1897
-631
-649
1195
513
-1556
-4682
-3815
-1563
368
1107
1484
-499
-3453
-2489
524
3144
2163
3318
3259
2467
831
2516
4081
3845
3511
3822
2682
-183
-328
1377
2330
852
-376
-1804
-3234
-3506
-2071
-927
-2179
-3547
-4071
-3469
-2839
-1961
-1135
-941
-1529
-1557
-969
-294
549
1401
2484
1575
711
263
1281
1560
2180
2105
1456
-564
-1749
-1389
-949
-964
-111
1191
-881
-3384
-4395
-1777
343
1571
1321
-394
-3312
-2356
1016
3304
2085
1861
2814
2868
2422
3143
3517
2385
2629
4394
4182
780
-672
156
1618
1300
970
-1040
-3306
-3827
-1618
-171
-1516
-3539
-4316
-3851
-2643
-1190
-808
-1389
-2382
-1691
-547
232
347
763
1575
1686
1170
654
778
855
1590
2242
1907
-498
-1872
-1763
-696
-446
911
1226
-1213
-4094
-3935
-899
1146
2048
873
-1282
-4011
-1479
1795
3303
1236
1407
2389
2555
2377
3027
2603
1308
2596
4415
3637
79
-1137
-448
1174
1457
897
-1824
-4223
-3619
-1308
-389
-1923
-3740
-4504
-3727
-2118
-838
-1226
-2051
-2315
-1356
-197
163
183
443
1167
1605
1149
543
100
724
1648
2183
1100
-1000
-2198
-1913
-681
-395
706
103
-1606
-4226
-3576
-1466
782
1466
939
-1013
-3204
-1522
1086
2599
1294
2289
3050
2652
1502
2624
2981
2079
2700
4209
3181
-184
-888
657
1494
749
90
-1499
-3514
-3151
-1070
-375
-2261
-3820
-3827
-3146
-2121
-1074
-1018
-1933
-2136
-974
-147
-147
-75
976
1723
1441
679
538
418
816
1705
2079
730
-1252
-1750
-843
-713
-856
969
1188
-1061
-3913
-3025
-864
938
1438
1565
-1238
-2958
-1112
1913
2262
1149
2736
3276
2300
1413
3042
2546
1758
2886
4499
2286
-826
-570
1163
1359
443
-96
-2099
-3589
-2658
-550
-661
-2598
-3583
-3349
-2521
-1628
-797
-1249
-1990
-1709
-267
522
238
162
873
1737
1404
1197
577
661
804
2040
1906
474
-1512
-1389
-398
-297
153
1346
417
-2044
-3316
-1603
447
1406
1610
605
-2130
-2418
151
2387
1958
1462
2991
2868
1926
1760
2716
1919
1716
3349
3974
1481
-1061
-754
647
1309
762
-327
-2563
-3413
-2393
-1038
-1182
-2749
-3286
-3074
-1868
-1103
-1089
-2004
-2461
-1259
736
1174
463
-159
530
1238
1415
1667
1380
464
398
1391
1840
170
-1180
-1300
-616
-710
603
1634
345
-2651
-3397
-1624
578
2245
2326
571
-3329
-2560
145
3115
2280
2458
2592
2158
1454
2592
3081
1752
1676
3420
3892
1383
-368
-492
159
567
995
41
-2398
-3418
-2409
-1464
-1794
-2769
-2753
-2783
-1954
-977
-1131
-2433
-2898
-1122
767
1078
99
-179
-324
377
1023
1991
1333
415
135
1163
974
-18
-926
-980
-823
-556
1397
1765
-299
-3866
-3672
-1319
2187
3002
2292
-1731
-4644
-2760
2071
4213
2231
1134
1156
1570
1669
3534
2891
956
522
3538
4023
1543
-1071
-1059
-301
823
1564
27
-2915
-4078
-2475
-1241
-1195
-2358
-2718
-3091
-1924
-900
-1041
-2590
-2827
-751
1496
1666
254
-670
-600
390
1839
2693
1818
-223
-289
980
1771
217
-802
-1450
-957
-792
1369
1942
-706
-3934
-4085
-921
1771
3432
1682
-1675
-5416
-2292
1990
4541
1930
928
758
1119
1905
3549
3420
1004
1002
3240
4008
1404
-346
-585
8
743
1728
553
-2578
-3990
-2685
-1115
-974
-1782
-2173
-2822
-2437
-1416
-1143
-2048
-2414
-562
913
904
-42
-375
-314
203
1520
2546
1866
131
23
1014
1469
295
-148
-486
-642
-648
377
1561
-204
-2212
-3359
-1524
387
2675
1901
-377
-4030
-2820
719
3534
2942
1235
941
442
1697
2970
4065
2083
1128
2018
3408
2299
754
286
175
631
980
1230
-1200
-3047
-3093
-1449
-811
-1447
-2037
-2700
-2810
-2169
-1315
-1426
-1940
-1475
-224
180
216
63
21
-7
691
1684
1902
1090
579
896
1020
468
108
181
-422
-729
-695
-19
26
-925
-1878
-2782
-2109
-441
1303
606
-1322
-3259
-2446
-93
1833
2159
971
508
297
1616
2724
3341
2097
1425
2012
2733
2126
1176
1113
781
538
533
587
-864
-2041
-1968
-1301
-1347
-1948
-2160
-2525
-2703
-2243
-1614
-1582
-1784
-1463
-923
-623
-236
123
84
-20
413
1177
1564
1587
1404
995
593
553
1200
1336
650
-585
-887
-785
323
598
-207
-2226
-3061
-1957
411
1560
423
-1731
-3447
-1884
605
2753
1843
926
167
1215
2324
3619
3062
1928
1696
2709
3568
3216
2157
629
236
978
2071
1264
-454
-1529
-1608
-1388
-934
-1053
-1812
-2809
-2262
-1300
-950
-1598
-1952
-1713
-931
163
596
336
-426
-134
931
2251
2343
1844
845
897
1647
2246
2096
1232
301
-213
-143
-126
7
235
-122
-1043
-2385
-2388
-1314
310
320
-563
-2332
-2603
-1489
522
1633
1655
1431
667
786
1655
3247
3147
2859
2837
3341
2748
1813
1610
1510
1844
2089
2278
665
-909
-1443
-736
-457
-593
-1042
-1821
-2121
-1788
-1263
-1665
-1997
-1746
-862
-203
111
57
-101
56
690
1677
1877
1673
1409
1660
1898
2009
2044
1742
1311
687
503
-31
-455
-1075
-137
91
-280
-2185
-3055
-2925
-1215
58
80
-1449
-3177
-2731
-1051
1015
1231
1128
309
490
1375
3045
3383
2453
2026
2445
3375
3244
3016
2120
1480
1549
2289
2116
695
-369
-845
-633
-510
-179
-864
-1967
-2646
-2178
-1649
-1564
-1570
-1485
-1258
-895
-295
-63
-17
290
957
1547
1794
1641
1529
1409
1775
1879
1988
918
424
202
594
22
-613
-1370
-1890
-1794
-1501
-1007
-1958
-3210
-3920
-2498
-1229
-841
-1471
-2350
-2809
-2177
58
1615
1779
810
310
574
1709
3069
3279
2923
2459
2717
2535
2470
2324
2153
1846
1766
1791
1275
363
-494
-680
-789
-704
-961
-1208
-1573
-1842
-2030
-1863
-1403
-1103
-749
-289
25
202
523
916
1020
1203
1389
1607
1354
940
807
941
1126
1057
698
13
-368
-526
-439
-585
-1054
-1805
-2252
-2394
-2213
-1894
-1870
-2127
-2529
-2367
-1414
-678
-528
-795
-1150
-1198
-395
633
1122
1177
1255
1245
1253
1653
2217
2236
1959
2123
2461
2159
1542
1273
1480
1596
1464
1277
857
410
-5
-68
-184
-267
-508
-562
-541
-316
-380
-558
-627
-327
257
429
199
-226
-168
52
51
71
153
-109
-567
-481
126
414
157
-20
-255
-373
-414
-403
-370
-581
-935
-952
-769
-615
-1004
-1237
-1274
-950
-543
-249
-315
-472
-581
-628
-540
-85
270
134
-204
-230
50
158
402
711
957
750
544
744
1139
1334
1378
1440
1545
1552
1358
1440
1734
2123
2076
1828
1435
1064
704
546
627
660
551
381
318
184
110
-84
-258
-435
-341
-217
-334
-600
-967
-1109
-982
-568
-59
384
329
39
-234
-201
-52
42
225
265
326
363
379
318
322
553
672
665
525
476
357
319
377
603
569
331
202
167
60
91
335
264
-14
-263
-49
92
116
125
314
371
355
489
731
947
930
970
967
1048
1256
1508
1610
1527
1438
1275
1023
788
690
771
719
651
411
235
-92
-199
-131
33
-37
-151
-146
-286
-487
-749
-697
-453
-70
241
331
146
10
15
151
362
609
832
865
684
507
490
557
697
936
1009
900
674
617
643
737
771
878
917
679
408
244
283
214
331
477
524
149
-263
-421
-218
108
334
252
-48
-326
-390
-323
-256
-82
36
13
-33
57
99
14
-84
108
308
370
326
301
292
205
211
308
474
431
417
398
380
372
446
535
519
533
582
667
621
599
564
530
596
727
775
671
598
602
617
617
788
829
624
435
542
714
635
385
254
370
533
492
344
123
-38
-34
135
370
324
91
-130
-127
-19
121
283
343
198
57
45
3
42
180
414
399
210
74
34
-38
-124
-46
-6
-80
-198
-244
-320
-407
-412
-364
-313
-287
-213
-179
-221
-193
-87
-75
-107
3
213
314
269
295
408
546
684
829
827
694
649
873
1036
951
878
870
794
680
683
754
712
582
543
550
480
316
125
48
61
156
93
-44
-125
-122
-76
-79
-79
-105
-170
-218
-127
-19
-58
-192
-244
-225
-222
-131
16
71
20
-80
-23
78
221
319
403
418
385
491
603
640
625
616
514
427
456
494
447
403
441
338
147
-44
-55
-30
-42
-17
-77
-201
-396
-430
-357
-288
-362
-442
-438
-375
-384
-423
-396
-409
-495
-426
-228
-129
-193
-213
-125
-13
153
284
323
202
207
279
344
331
323
250
40
-14
77
139
-3
-107
-141
-286
-484
-426
-213
-82
-140
-169
-220
-312
-288
-124
71
115
86
73
109
178
377
488
444
264
230
319
325
406
421
440
249
165
246
345
330
220
166
131
96
167
350
223
24
-70
40
35
2
-3
-12
-94
-117
-23
3
-73
-108
-46
-106
-149
-132
-53
-161
-200
-155
-208
-331
-326
-135
-82
-184
-234
-247
-270
-172
50
240
194
67
63
128
201
241
363
487
478
457
477
492
437
401
417
423
356
374
343
268
134
92
108
51
18
13
-64
-238
-267
-161
-64
-49
-44
-103
-242
-334
-301
-153
-2
53
91
43
-58
23
223
310
250
243
314
333
269
314
396
352
268
325
376
297
185
125
126
127
132
162
185
154
122
68
-3
-4
39
138
290
388
310
221
229
307
297
276
346
436
422
296
194
120
125
159
183
105
-28
-145
-186
-145
-97
-176
-242
-189
-161
-237
-359
-380
-307
-240
-205
-194
-244
-284
-260
-153
-54
-37
-7
42
69
37
36
43
55
97
197
212
163
62
-17
-49
37
122
114
104
101
110
34
-28
68
190
215
212
197
134
27
109
373
437
311
186
200
283
305
373
469
466
433
393
349
266
205
234
305
331
227
90
45
58
4
-8
19
4
-132
-226
-183
-133
-177
-238
-199
-189
-279
-332
-282
-195
-214
-199
-132
-98
-102
-163
-121
-2
101
119
84
113
189
233
275
308
245
102
11
135
265
266
163
69
-12
-101
-64
82
108
-47
-145
-121
-79
-156
-163
-104
12
-49
-178
-213
-154
-121
-122
-97
-80
-86
-127
-90
-61
12
-45
-23
52
101
120
111
83
-10
-38
-18
75
91
74
38
-30
-125
-185
-186
-187
-244
-253
-216
-264
-343
-330
-186
-124
-72
28
93
-16
-86
-36
85
160
206
232
155
79
110
208
224
239
185
140
106
95
94
51
73
139
158
35
-38
-46
-40
-55
-7
34
-28
-107
-113
-103
-118
-84
-61
-47
-58
-13
54
68
-50
-126
-128
-91
-22
-8
21
-31
-75
-93
-14
68
77
10
-18
55
125
97
5
1
68
159
167
135
46
8
69
214
290
257
157
106
205
335
396
368
266
210
291
368
358
214
139
161
231
246
184
106
34
33
134
247
216
160
137
206
258
254
173
110
113
208
308
283
177
99
112
165
248
300
236
135
136
217
293
268
202
179
181
212
257
267
194
151
207
325
342
259
207
176
195
267
338
314
208
162
238
360
406
341
280
258
293
341
343
327
282
279
302
322
336
294
223
170
179
174
161
157
157
147
166
213
197
143
124
217
322
350
304
246
219
190
258
284
240
166
140
155
192
225
286
317
273
262
240
248
264
323
324
312
281
212
203
269
338
401
412
363
285
247
280
313
357
343
328
325
284
260
251
275
305
296
298
327
357
342
271
217
172
150
197
261
264
173
53
-8
-49
-60
-54
13
59
-50
-150
-151
-70
-17
-23
23
66
19
-38
-56
-36
-62
-52
31
67
17
-9
18
37
46
85
144
74
-45
-93
-89
-46
-9
82
37
-78
-119
-128
-90
-64
-54
-74
-130
-143
-134
-206
-253
-194
-104
-125
-169
-206
-237
-244
-192
-66
-35
-92
-142
-110
-65
1
28
4
-58
-92
-47
-20
-26
-62
-150
-168
-99
-88
-130
-188
-214
-214
-212
-240
-263
-280
-285
-256
-211
-181
-229
-296
-314
-262
-180
-179
-214
-243
-206
-111
-52
-49
-85
-131
-150
-42
116
142
14
-79
-90
-110
-101
-66
-89
-177
-243
-207
-178
-196
-249
-257
-264
-238
-233
-216
-223
-266
-267
-251
-269
-326
-342
-329
-305
-294
-256
-279
-336
-334
-258
-204
-216
-219
-204
-184
-139
-109
-102
-131
-119
-116
-111
-72
-57
-55
-77
-67
26
87
82
45
3
4
19
94
132
101
26
3
59
126
156
138
100
81
65
59
77
109
139
134
108
59
-11
-32
28
124
169
138
81
38
29
62
123
123
89
35
0
31
82
98
0
-81
-71
-18
-10
-30
-2
-5
-41
-72
-73
-95
-127
-112
-85
-93
-113
-116
-120
-161
-134
-47
3
6
26
48
71
107
162
194
168
151
180
209
196
173
173
193
180
170
187
168
142
173
205
226
180
109
87
76
89
121
81
13
-22
20
23
-40
-59
-30
-12
-63
-77
-72
-126
-163
-81
-9
-22
-45
9
68
46
15
38
59
35
32
55
52
2
-10
50
121
157
167
174
131
84
122
220
258
228
211
206
235
267
291
282
261
252
281
278
224
188
179
182
168
185
174
159
132
102
101
113
102
68
-12
-89
-70
-36
-42
-97
-98
-97
-139
-164
-139
-135
-197
-225
-204
-196
-199
-145
-76
-40
-50
-40
10
-5
-53
-60
5
13
-50
-81
-85
-77
-60
-1
24
-13
-44
-45
28
42
12
0
28
79
115
100
62
40
46
83
121
183
214
179
185
270
330
294
264
290
287
255
226
214
216
197
177
142
120
75
73
38
2
30
42
44
41
36
7
-5
-23
-33
-46
-78
-110
-61
-7
5
16
6
-12
-60
-89
-80
-50
-16
-1
18
-7
-47
-75
-62
-17
9
16
-1
-14
0
59
101
122
117
113
99
105
64
72
106
133
152
158
148
97
71
50
78
110
100
66
58
73
70
21
4
0
-14
-55
-34
-26
-89
-153
-154
-135
-141
-130
-119
-107
-113
-132
-130
-121
-141
-161
-179
-170
-170
-174
-177
-170
-152
-160
-148
-112
-91
-97
-76
-63
-50
-58
-60
-32
-14
9
43
78
87
79
68
74
78
54
76
109
115
94
70
41
18
-22
-12
24
15
-35
-89
-111
-137
-136
-130
-128
-156
-164
-162
-176
-207
-239
-282
-287
-286
-285
-275
-284
-294
-296
-252
-214
-187
-215
-258
-281
-267
-282
-302
-341
-355
-344
-340
-362
-366
-365
-407
-436
-431
-406
-414
-401
-359
-329
-358
-357
-359
-358
-333
-260
-156
-111
-116
-122
-108
-121
-132
-99
-86
-106
-93
-77
-65
-81
-72
-69
-69
-92
-124
-152
-195
-191
-179
-192
-226
-207
-177
-180
-173
-136
-125
-185
-227
-260
-283
-306
-321
-314
-338
-381
-389
-380
-389
-403
-394
-359
-347
-364
-398
-404
-372
-354
-384
-385
-382
-377
-350
-299
-275
-256
-271
-258
-214
-168
-122
-117
-108
-74
-42
-30
-19
-12
-16
-35
-39
-39
-66
-90
-90
-102
-127
-167
-162
-197
-229
-229
-202
-195
-227
-223
-211
-205
-181
-113
-83
-80
-82
-80
-32
25
51
29
8
-8
5
29
16
7
17
-1
-1
-11
-28
-38
-94
-79
-74
-48
-50
-77
-104
-121
-75
-30
10
-44
-95
-85
-52
-69
-64
-46
-72
-74
-46
13
-16
-53
-60
-60
-76
-65
-44
-77
-138
-191
-175
-148
-145
-149
-179
-213
-211
-184
-200
-253
-263
-237
-247
-256
-274
-299
-305
-312
-260
-233
-258
-271
-269
-261
-277
-282
-274
-264
-281
-322
-335
-346
-382
-397
-338
-308
-303
-359
-389
-339
-291
-258
-248
-245
-279
-277
-244
-223
-217
-197
-172
-156
-167
-162
-151
-141
-142
-167
-188
-194
-195
-159
-165
-201
-247
-246
-241
-243
-229
-216
-205
-233
-246
-217
-171
-151
-169
-186
-208
-212
-184
-165
-144
-116
-82
-99
-169
-188
-197
-192
-154
-134
-169
-213
-194
-177
-195
-236
-242
-234
-219
-207
-208
-215
-178
-177
-119
-113
-120
-140
-178
-161
-136
-88
-135
-105
-84
-33
-57
-65
-74
-65
-64
-58
-45
-55
-79
-156
-143
-130
-90
-105
-79
-74
-53
-64
-88
-47
-18
19
-19
-27
-39
-36
-21
-18
-12
1
30
21
3
-12
-9
-8
43
87
38
-30
-60
-69
-60
-49
-20
-7
-53
-93
-80
-31
-8
-1
-17
-44
-62
-46
-15
-22
-2
11
11
13
66
105
110
102
114
124
138
126
153
193
214
226
233
278
239
239
187
179
148
145
123
118
88
64
65
21
31
24
112
101
149
158
158
161
131
155
170
184
243
297
252
250
270
288
301
290
339
324
308
271
276
303
246
260
197
181
155
161
110
145
70
105
174
94
209
165
200
143
216
114
201
121
79
127
151
129
127
162
101
136
196
195
149
187
123
197
123
129
70
87
92
97
130
65
134
151
141
134
229
130
199
249
221
306
314
241
351
267
277
332
199
352
296
381
340
390
388
344
408
353
315
330
306
396
416
362
382
253
305
317
190
334
224
94
264
118
150
217
80
97
33
115
26
154
81
166
15
-44
13
-37
-94
74
-131
-112
24
-131
23
-54
-80
-93
-62
-144
-85
-149
-117
-134
-115
-69
-89
-42
-95
-35
122
2
125
94
-31
76
34
131
0
54
122
43
142
205
71
96
136
1
39
54
-18
89
10
-12
-56
-51
72
-100
-9
52
-111
27
42
-62
116
-98
80
9
31
15
30
-125
22
-44
32
67
-30
59
0
-10
77
-73
47
48
48
47
-50
2
54
-6
132
60
113
44
167
-163
153
-42
38
27
161
-22
161
8
220
10
288
55
241
208
67
235
164
188
153
294
-45
382
49
252
12
97
147
212
142
284
157
109
274
45
276
109
176
178
219
131
267
194
61
349
-63
257
-49
163
28
233
-63
101
-99
-2
99
-124
209
-180
88
-156
142
-66
255
-235
328
-84
80
-82
62
-91
7
257
-97
139
78
234
23
489
-61
297
46
235
34
348
-141
318
91
248
202
70
157
-30
177
-18
175
-28
158
131
95
91
167
-117
321
92
181
102
92
-15
43
-23
-76
19
-98
22
162
-163
133
53
-152
287
-167
163
-1
-127
131
-97
87
-15
-51
102
-171
115
2
-163
162
-92
-4
79
-9
-35
118
-129
148
14
-64
97
-17
74
3
43
-7
-109
168
-129
-58
55
-165
-20
175
-217
136
-119
-56
97
-232
140
-104
-42
45
20
-166
158
-281
-16
64
-444
158
-226
-142
-4
-213
-209
-31
-353
-63
-309
-98
-329
-157
-133
-252
-47
-144
-311
-31
-322
-162
0
-347
98
-326
-19
-101
-114
-72
28
-232
224
-131
26
74
-102
56
-21
40
-29
-23
-25
-62
-115
8
-305
85
-176
-126
-134
-102
-224
-139
-56
-228
-32
-106
-107
-226
-79
-263
-71
-272
-135
-286
-190
-98
-298
-119
-158
-219
-197
-151
-340
4
-323
-111
-179
-207
-157
-115
-206
-7
-305
-129
-256
-225
-231
-106
-226
-161
-55
-313
-4
-98
-72
-161
243
-322
155
-23
-84
67
32
-16
103
69
25
142
-59
255
-173
292
-48
78
125
-2
157
98
21
322
17
140
360
-111
398
57
146
145
43
291
-10
41
26
-131
-42
143
-153
254
-144
27
-26
-49
34
2
-56
161
-246
262
-191
40
115
-352
222
-259
-66
-34
-155
-74
44
-154
201
-292
159
-139
-45
40
-1
-83
145
-42
90
57
-29
81
1
124
229
-39
347
-105
147
90
-207
361
-252
142
51
-16
118
117
-78
34
-2
29
130
-132
46
12
-53
108
-12
5
100
-146
87
-194
-60
0
-180
16
-95
-30
-101
-34
26
-99
69
51
-214
88
-58
-54
150
-16
22
157
51
-58
249
-249
279
23
85
145
93
-104
162
26
-6
143
-33
57
175
41
64
327
-231
391
-131
170
-99
51
-79
46
2
-35
-8
-88
8
-75
20
-87
250
-61
284
-75
253
57
179
156
45
66
156
175
7
180
-33
82
-77
196
-239
139
10
23
64
140
-276
361
-174
-53
271
-303
253
-95
156
-45
140
-92
213
-104
176
37
45
57
74
-70
134
-114
90
194
-266
337
-122
154
50
180
-94
235
-110
130
-12
129
29
88
-48
64
-82
83
119
-180
340
-193
121
-20
82
-67
251
-205
265
-245
74
-9
-118
28
-36
-146
-54
45
-282
189
-286
152
-204
79
48
-83
154
-59
163
-194
292
-250
461
-187
231
44
44
34
173
-163
100
213
-420
457
-374
183
-180
62
-164
-32
-76
-123
-55
-154
54
-233
201
-191
162
-136
143
-197
237
-269
79
86
-174
162
-158
4
98
-89
125
104
-196
444
-322
350
11
15
225
-63
3
124
-108
110
151
-244
404
-261
280
-126
162
23
114
242
-22
291
104
200
155
309
-90
298
-99
178
-47
189
187
-35
249
46
62
175
241
-102
366
-41
177
243
10
213
354
-147
545
-89
183
143
-30
168
267
-172
349
-86
-21
283
-109
-15
292
-369
332
-39
-146
211
-154
7
47
-109
118
-113
15
42
-235
87
-68
-106
138
-250
86
-157
-7
-117
17
-64
-35
33
55
45
-164
167
-107
32
-59
54
-314
124
-65
-209
-2
-217
-253
-194
1
-436
23
-199
-287
-30
-121
-261
105
-184
-185
101
-218
-41
-12
-311
55
-219
-41
-147
-185
-65
-141
-168
68
-338
-3
-235
-141
-154
-159
-139
-160
-104
-210
11
-244
-41
-106
-68
-250
180
-170
46
-81
18
-126
35
-4
-5
-235
65
-115
-224
159
-127
-279
180
-111
-263
305
-357
202
-205
206
-406
301
-442
127
-155
-92
-90
78
-195
74
-64
-127
128
-155
146
-149
173
-148
195
10
118
-69
353
-170
240
262
-364
521
-208
249
285
-1
142
342
-250
546
-3
262
243
134
239
249
284
133
436
6
495
3
504
-75
478
23
277
103
199
94
145
119
69
156
124
95
155
157
41
207
39
99
34
326
-272
533
-276
181
10
1
-31
12
-53
-30
102
-36
53
-88
132
-144
238
-183
257
-42
-13
283
-120
123
188
106
-50
347
-132
260
161
71
116
274
-6
428
161
89
294
155
-5
364
-30
260
7
206
-7
-9
55
177
-447
497
-277
-48
183
-170
-88
106
-21
93
29
50
155
-147
477
-230
376
-87
171
125
92
43
232
59
40
372
-15
195
140
156
-43
181
77
-42
134
62
103
58
229
32
111
121
27
98
175
63
132
190
-66
315
-16
325
34
317
-14
522
-160
591
-45
298
130
310
-5
322
198
105
216
112
32
135
297
-206
422
-97
233
163
168
115
122
155
46
180
49
173
-106
279
108
-35
367
63
9
268
67
1
124
206
-106
211
83
59
87
64
58
77
94
188
26
218
31
113
-28
84
-9
78
95
57
97
-56
212
-124
146
-6
-42
14
53
-87
107
44
-134
256
-34
-121
312
-159
9
225
-182
127
254
-326
266
5
-216
378
-323
192
-66
36
-110
-34
-70
-5
-187
-3
-121
-131
48
-175
44
-228
-92
-56
-197
-107
28
-282
120
-229
-45
-80
-213
38
-289
219
-360
4
-93
-149
-87
69
-66
-75
5
136
-218
190
47
-2
-7
129
138
-236
563
-233
284
59
262
-78
321
-57
257
-98
244
121
-59
319
36
211
45
383
21
249
246
141
179
182
298
-121
563
-185
329
275
-30
278
108
29
115
88
19
176
-182
388
-217
214
154
-29
330
34
170
131
109
138
283
-102
331
84
36
382
-120
346
11
141
280
-5
374
59
120
295
-33
171
149
1
195
29
-22
182
-15
223
53
287
14
213
331
-117
367
119
80
237
208
98
128
14
257
-233
380
-42
148
123
141
-79
97
175
-192
339
-155
239
63
282
-20
307
95
280
-65
382
-45
49
386
-125
350
19
90
108
96
181
50
279
-11
284
13
262
44
196
115
40
122
138
113
120
186
39
149
91
74
221
-123
340
-87
141
165
-194
176
-107
65
-51
268
-286
393
-250
101
-14
-41
63
-109
137
-120
90
143
-166
163
-33
-68
257
-82
348
-1
172
240
17
198
170
-39
265
5
92
268
-87
257
8
172
-79
121
0
6
65
62
54
-51
179
-88
190
-65
-11
120
-96
151
-92
197
-253
283
-104
52
70
3
-183
243
-230
88
-94
-50
59
-225
262
-292
44
-20
59
-120
241
-82
30
78
-71
150
-138
242
-158
74
62
-150
150
-126
2
75
-259
161
-174
-120
230
-257
145
15
-55
-27
15
-77
-68
-125
54
-224
56
92
-219
165
-133
62
-7
-30
100
-133
29
56
15
-88
252
-204
240
-49
140
-41
93
99
-141
140
-16
-139
27
27
-120
-26
243
-242
112
72
-197
129
24
-79
39
-25
-58
7
76
-72
21
-56
18
-73
61
28
-78
41
-46
99
-181
274
-201
181
61
-34
182
49
60
135
87
-16
208
-97
271
45
112
314
-27
258
190
68
164
169
-117
426
-142
224
94
9
139
5
56
-3
175
-166
268
-84
46
99
40
-31
251
-41
67
198
-127
281
60
127
26
384
-200
345
75
269
70
269
238
124
288
265
140
270
324
17
415
-31
305
177
155
147
241
-38
301
130
52
424
42
300
295
55
375
86
129
209
202
114
290
67
277
85
213
163
108
256
192
136
339
130
267
293
202
245
214
247
144
183
224
124
159
439
-34
290
348
41
391
349
222
363
217
270
160
285
232
116
251
253
143
269
250
68
376
214
292
250
305
140
312
207
283
206
358
0
479
-56
408
211
278
323
343
349
283
359
341
253
311
386
77
497
192
366
185
396
68
295
242
142
338
172
125
330
116
229
211
179
77
463
57
360
193
244
207
231
271
123
266
70
280
-13
373
-119
408
-43
238
255
-138
370
98
151
218
368
56
453
235
353
267
307
305
288
424
169
477
273
220
336
296
102
358
274
87
406
344
198
345
333
169
368
218
288
334
175
312
254
137
126
345
-17
432
36
291
195
31
361
198
90
301
338
-95
647
47
210
345
209
173
389
109
295
431
35
462
281
200
383
400
80
310
335
68
352
251
308
144
345
337
97
463
327
86
438
93
238
269
170
210
183
121
174
137
54
332
-88
351
68
179
-36
466
-266
401
26
99
71
137
-44
62
71
-57
111
65
2
52
58
-155
133
-147
72
29
-21
26
187
-85
236
72
88
91
90
111
202
120
87
412
-81
273
227
-56
231
267
-116
264
235
-78
403
90
178
146
177
110
92
250
83
289
232
102
207
181
3
344
2
130
80
110
-1
107
-37
57
147
-28
178
28
136
-27
350
-49
262
18
233
-136
399
-90
8
219
-24
95
42
135
-100
143
-37
96
-14
110
75
-56
147
5
58
45
-17
15
96
-6
74
97
18
153
69
50
160
23
92
164
26
39
146
50
32
152
69
6
162
7
161
29
95
148
37
192
133
26
-37
209
-239
162
-24
-30
104
42
-75
-12
61
-184
81
-45
-121
-79
9
-42
-120
79
-48
-8
-64
32
-73
-13
67
5
-58
-13
-118
-97
23
-28
-29
9
-40
-174
182
-88
-39
212
-130
-101
125
-100
-112
179
-101
-103
75
-140
-10
-174
-112
-154
-294
-20
-33
-183
45
-64
-203
128
-22
-35
164
-82
-75
144
-78
-101
247
-266
73
70
-162
47
25
-41
56
-65
-52
20
-159
184
-50
-73
20
-128
-128
35
46
-131
144
-61
-92
70
-165
-61
47
-123
-78
58
-186
-52
44
-157
25
1
-31
-21
110
-91
-50
22
-47
-5
105
108
-37
251
56
93
151
126
27
137
105
213
24
249
162
3
144
41
-78
90
158
-9
204
143
-27
74
22
6
8
73
-77
-6
43
-144
42
-76
74
-134
108
-92
-106
43
-109
9
37
-32
-30
69
-235
92
17
-147
114
-80
-43
92
63
-10
28
80
-53
140
18
99
-74
173
-11
-38
141
-23
-15
-20
148
-273
114
-54
-103
-128
-7
-87
-232
37
-195
-158
-93
-152
-231
-88
-134
-151
-114
-74
-146
-216
-41
-212
-205
79
-239
-19
54
-73
-97
-11
-89
-100
-82
47
-143
-57
-6
-160
54
-112
-32
-213
-60
-66
-141
-89
-4
-271
53
-80
-218
88
-241
-105
-5
-133
-163
2
-218
-78
-92
-183
-135
-166
-152
-224
-153
-220
-168
-207
-208
-158
-242
-304
-57
-248
-189
-14
-210
-197
-19
-270
-120
-78
-249
-5
-159
-174
-32
-120
-301
58
-130
-217
24
-135
-86
-134
-137
-119
-227
-178
-217
-206
-318
-161
-268
-251
-279
-250
-128
-396
-54
-333
-288
-255
-280
-324
-284
-263
-252
-343
-329
-191
-353
-320
-143
-341
-143
-171
-265
-117
-208
-229
-200
-242
-309
-190
-264
-275
-318
-284
-449
-306
-412
-329
-374
-349
-331
-403
-249
-577
-250
-517
-387
-305
-399
-492
-265
-468
-473
-246
-608
-352
-477
-498
-358
-378
-485
-298
-487
-352
-306
-404
-381
-231
-351
-347
-152
-399
-361
-346
-299
-394
-285
-333
-330
-429
-372
-408
-330
-404
-324
-313
-445
-306
-276
-380
-405
-166
-392
-242
-195
-437
-286
-379
-305
-431
-249
-407
-350
-307
-380
-258
-447
-279
-353
-323
-303
-217
-495
-212
-282
-382
-280
-273
-518
-351
-222
-627
-212
-402
-452
-340
-365
-523
-291
-511
-366
-271
-431
-317
-323
-424
-411
-288
-460
-344
-298
-373
-398
-238
-444
-353
-382
-388
-424
-442
-536
-424
-572
-540
-413
-605
-480
-451
-592
-519
-458
-481
-504
-469
-497
-488
-455
-466
-434
-511
-469
-304
-524
-408
-358
-535
-425
-337
-466
-433
-284
-481
-363
-492
-442
-511
-469
-435
-312
-523
-366
-420
-606
-538
-565
-549
-526
-354
-577
-368
-656
-514
-437
-455
-489
-295
-507
-661
-230
-480
-375
-290
-411
-566
-275
-527
-428
-296
-370
-335
-356
-415
-387
-368
-396
-223
-224
-325
-235
-237
-445
-218
-157
-226
-194
-153
-203
-276
-111
-177
-215
-209
-149
-193
-243
-186
-224
-245
-183
-154
-250
-193
-111
-346
-226
-282
-295
-245
-306
-309
-332
-325
-299
-201
-413
-184
-281
-283
-140
-317
-153
-259
-161
-108
-168
-178
-135
-134
-176
-110
-259
-210
-246
-275
-224
-174
-382
-214
-220
-280
-153
-240
-414
-376
-302
-391
-180
-270
-280
-394
-366
-391
-342
-272
-269
-170
-320
-272
-200
-189
-248
-209
-220
-260
-211
-207
-163
-195
-193
-144
-142
-58
-129
-67
-109
-73
-99
35
9
78
80
-105
21
-116
-59
15
-66
-57
26
-39
-112
-2
-172
23
-64
-49
-13
-90
38
52
7
-39
66
-47
92
155
105
140
195
180
172
196
125
129
132
71
36
72
0
44
34
-92
-73
-108
-125
-100
-115
-121
-73
-118
-151
-160
-165
-160
-126
-163
-187
-112
-103
-96
30
-47
-91
-10
-96
-48
86
-97
-101
-40
-134
-115
-50
-168
-144
-141
-220
-157
-138
-218
-208
-217
-298
-204
-203
-233
-217
-263
-223
-261
-270
-202
-218
-221
-223
-258
-305
-225
-178
-242
-252
-275
-335
-322
-220
-274
-311
-248
-332
-260
-247
-306
-343
-360
-398
-420
-332
-394
-403
-496
-439
-394
-390
-347
-349
-306
-356
-307
-286
-289
-277
-190
-204
-195
-163
-203
-154
-120
-149
-168
-159
-145
-105
-90
-115
-118
-117
-86
-57
-19
-96
-45
-22
-22
30
-13
-47
-47
25
32
121
111
82
85
40
41
88
91
101
116
44
73
79
99
139
161
153
180
109
127
245
176
191
230
197
159
223
275
325
333
309
320
319
298
322
345
315
344
369
364
360
321
279
285
276
274
342
366
319
329
323
332
394
345
372
291
294
333
300
319
290
269
275
258
222
253
222
230
278
282
260
280
285
270
310
288
283
270
275
332
370
377
355
347
303
346
361
352
373
329
327
283
288
262
265
292
279
281
271
249
260
268
266
302
286
264
239
238
188
172
196
201
251
315
288
248
197
157
143
149
212
231
280
302
292
274
208
191
138
152
177
206
228
271
260
238
190
135
153
145
177
211
229
256
244
175
136
132
148
131
103
196
159
159
183
138
152
127
119
96
137
202
234
264
261
218
138
120
134
144
168
187
179
176
142
118
109
93
80
118
159
173
154
109
69
19
37
13
40
80
59
89
81
86
97
43
97
107
99
122
119
151
159
126
117
94
65
50
29
20
110
117
120
173
167
169
163
159
168
182
165
167
158
104
102
37
28
69
53
71
96
94
100
81
56
17
11
17
19
22
32
42
64
55
18
-10
-23
-11
-15
11
50
37
10
-20
-27
-35
-38
-59
-96
-61
-90
-72
-56
-92
-98
-92
-98
-74
-91
-99
-66
-77
-85
-99
-90
-102
-142
-177
-202
-239
-207
-191
-201
-174
-183
-188
-199
-182
-155
-126
-107
-63
-67
-73
-60
-146
-179
-202
-210
-162
-162
-138
-103
-128
-164
-183
-163
-180
-152
-153
-149
-102
-97
-66
-68
-91
-104
-136
-135
-112
-52
-21
0
17
-28
-45
-99
-122
-128
-117
-100
-57
-51
-33
-51
-97
-61
-75
-46
-9
-6
11
59
48
21
-3
-28
-24
-21
13
23
34
14
36
46
62
48
23
9
-25
38
71
77
76
82
81
88
118
119
119
95
117
123
98
123
120
88
48
16
22
40
31
55
79
88
65
46
52
53
51
33
26
54
61
73
53
28
6
-7
-12
-40
-54
-51
-45
-51
-85
-79
-57
-81
-58
-63
-62
-29
-51
-37
-40
-78
-69
-80
-92
-82
-93
-108
-86
-74
-84
-93
-112
-123
-99
-89
-49
-12
8
15
23
-25
-53
-77
-122
-145
-149
-137
-134
-131
-168
-179
-173
-196
-195
-181
-175
-175
-190
-182
-205
-203
-189
-202
-197
-201
-201
-163
-157
-194
-184
-213
-199
-193
-193
-176
-177
-179
-174
-181
-166
-177
-196
-196
-183
-125
-94
-67
-51
-54
-54
-64
-79
-77
-101
-118
-125
-127
-151
-196
-192
-214
-227
-217
-213
-197
-207
-233
-223
-242
-214
-214
-187
-151
-173
-139
-146
-166
-209
-226
-239
-227
-226
-200
-193
-191
-174
-182
-175
-178
-206
-190
-184
-208
-241
-246
-252
-261
-243
-263
-266
-271
-267
-243
-246
-261
-215
-238
-254
-241
-240
-275
-306
-273
-293
-281
-254
-260
-246
-252
-247
-225
-241
-251
-245
-236
-223
-201
-182
-169
-179
-186
-206
-201
-193
-209
-186
-164
-101
-85
-90
-85
-120
-150
-168
-169
-147
-129
-122
-138
-143
-169
-160
-163
-185
-179
-160
-144
-148
-135
-171
-191
-199
-196
-160
-154
-136
-126
-146
-148
-135
-140
-118
-107
-122
-111
-100
-102
-74
-93
-97
-97
-121
-154
-142
-137
-113
-110
-143
-163
-170
-176
-155
-87
-59
-62
-91
-126
-148
-132
-118
-96
-102
-128
-151
-147
-166
-139
-139
-167
-156
-160
-148
-165
-182
-201
-184
-189
-212
-196
-218
-235
-268
-270
-285
-266
-240
-229
-235
-258
-250
-249
-212
-159
-150
-156
-131
-130
-134
-117
-99
-106
-131
-144
-134
-103
-71
-74
-93
-125
-175
-162
-152
-141
-129
-152
-137
-143
-157
-161
-143
-101
-71
-74
-90
-128
-159
-153
-124
-106
-111
-113
-142
-133
-128
-148
-141
-155
-153
-134
-142
-118
-102
-69
-50
-27
-6
-16
-3
-26
-7
8
10
14
-4
-35
-22
-2
-7
-12
-39
-35
-67
-73
-59
-54
-27
-6
26
-11
-26
-26
-28
-29
-36
-56
-47
-44
-44
-30
-35
-23
-19
-28
-50
-61
-66
-62
-43
-51
-73
-87
-98
-84
-82
-76
-32
-20
-4
-3
-13
-17
-12
21
10
-40
-60
-88
-76
-73
-67
-47
-56
-67
-46
-44
-45
-57
-93
-91
-110
-112
-70
-68
-94
-90
-128
-107
-119
-124
-137
-162
-160
-138
-118
-120
-117
-130
-118
-108
-87
-73
-93
-62
-39
-49
-66
-90
-122
-129
-140
-137
-125
-138
-132
-126
-141
-153
-206
-238
-263
-254
-213
-213
-223
-238
-237
-234
-265
-261
-245
-228
-214
-242
-239
-253
-246
-247
-234
-223
-223
-197
-171
-160
-169
-161
-162
-143
-124
-106
-90
-90
-99
-107
-126
-160
-164
-174
-194
-200
-204
-204
-215
-226
-256
-264
-248
-231
-216
-217
-200
-209
-194
-198
-219
-209
-190
-165
-175
-171
-186
-173
-149
-177
-194
-196
-182
-155
-147
-145
-124
-147
-148
-158
-163
-154
-148
-118
-119
-111
-144
-144
-135
-167
-177
-170
-150
-129
-89
-85
-81
-82
-79
-76
-59
-50
-48
-31
-25
-8
-16
-45
-39
-66
-97
-85
-92
-84
-90
-72
-80
-128
-156
-158
-161
-159
-158
-143
-121
-100
-82
-78
-86
-107
-84
-80
-106
-113
-138
-160
-162
-151
-163
-185
-159
-154
-152
-154
-203
-215
-225
-234
-238
-243
-247
-229
-235
-249
-236
-242
-251
-235
-246
-233
-236
-229
-236
-274
-284
-318
-343
-340
-339
-353
-368
-367
-348
-320
-324
-348
-369
-388
-359
-333
-291
-284
-288
-281
-315
-336
-343
-325
-306
-304
-334
-351
-353
-373
-386
-369
-331
-307
-285
-256
-245
-239
-194
-174
-168
-176
-173
-150
-161
-160
-172
-209
-218
-211
-234
-255
-253
-254
-204
-185
-164
-177
-192
-164
-200
-195
-200
-204
-193
-205
-201
-202
-173
-161
-183
-186
-193
-193
-184
-186
-192
-173
-169
-138
-83
-64
-61
-59
-49
-44
-52
-57
-55
-50
-70
-79
-110
-144
-147
-134
-146
-148
-175
-167
-156
-166
-156
-173
-158
-129
-114
-103
-95
-98
-95
-118
-129
-151
-166
-133
-111
-99
-70
-39
-33
-34
-17
-6
32
37
26
55
56
66
52
58
44
18
19
16
-1
5
10
4
10
19
18
5
32
43
45
34
27
29
19
1
-12
-9
-22
-45
-69
-73
-60
-61
-84
-82
-115
-117
-131
-141
-139
-140
-130
-150
-146
-141
-155
-178
-136
-53
-29
-33
-23
-26
-10
0
-1
0
-28
-6
16
24
12
-19
-40
-41
-49
-48
-35
-39
-54
-70
-99
-104
-120
-142
-127
-145
-143
-129
-96
-95
-73
-46
-61
-45
-32
-29
-11
12
7
16
26
15
3
3
17
48
66
81
84
82
81
53
54
58
87
104
117
131
120
115
114
111
84
78
84
82
82
91
103
117
90
64
57
51
56
60
80
66
67
45
52
46
31
60
74
85
80
84
75
49
28
40
68
71
104
98
96
117
140
144
137
142
119
107
121
148
149
151
136
131
139
154
168
170
151
142
147
127
108
100
84
96
80
75
87
85
95
77
21
1
-35
-10
28
33
21
21
25
12
24
15
20
9
-7
-31
-15
35
73
61
19
3
-23
-2
23
32
17
-9
-21
-72
-71
-34
-1
23
14
8
-13
-22
-19
-18
-8
-23
-41
-56
-77
-89
-105
-136
-136
-151
-182
-180
-160
-169
-199
-230
-249
-230
-202
-181
-155
-143
-160
-155
-136
-110
-111
-123
-157
-185
-165
-147
-155
-191
-203
-227
-197
-191
-190
-158
-189
-214
-237
-228
-189
-167
-146
-153
-180
-203
-207
-184
-127
-74
-34
-51
-77
-85
-86
-79
-84
-83
-96
-97
-97
-118
-124
-99
-64
-49
-40
-33
-60
-80
-76
-64
-38
-20
-27
-38
-59
-79
-70
-46
-28
-42
-72
-86
-63
-52
-53
-54
-63
-63
-83
-108
-99
-57
-18
6
-5
-14
-38
-45
-33
-27
-26
-37
-62
-78
-86
-97
-105
-111
-116
-145
-189
-184
-186
-170
-165
-186
-173
-176
-200
-182
-165
-169
-148
-136
-106
-107
-93
-73
-88
-89
-84
-79
-65
-65
-71
-64
-74
-45
-40
-59
-75
-76
-55
-59
-54
-74
-64
-61
-64
-62
-78
-79
-86
-77
-63
-59
-30
-36
-49
-46
-10
29
14
6
35
56
65
89
106
107
99
96
109
111
96
89
68
57
77
89
109
118
116
111
92
79
81
68
79
83
89
103
109
82
71
80
77
53
26
29
40
51
49
66
85
83
112
103
74
73
59
59
64
53
46
65
84
81
63
70
54
41
53
48
55
75
80
85
69
43
13
-1
5
-2
7
25
60
56
39
15
23
48
44
63
73
75
59
44
37
22
26
25
33
39
47
63
73
55
55
67
49
61
70
86
103
108
128
119
106
103
106
101
102
89
102
94
81
74
73
82
93
80
74
86
65
63
37
23
-22
-42
-40
-37
-22
-32
-47
-70
-72
-66
-56
-70
-90
-97
-88
-95
-84
-79
-97
-92
-99
-92
-101
-110
-94
-61
-55
-39
-19
-28
-24
-6
-24
-14
6
21
29
2
-7
-2
3
3
17
33
40
54
73
75
67
68
71
60
65
90
73
46
28
56
64
57
75
83
98
109
129
102
96
82
63
60
44
22
16
25
49
55
38
32
21
37
40
61
70
77
48
16
-11
-14
-24
-53
-73
-93
-96
-99
-106
-99
-121
-133
-113
-113
-101
-80
-78
-96
-97
-106
-123
-157
-158
-149
-132
-122
-133
-134
-159
-168
-168
-138
-116
-115
-121
-103
-106
-123
-135
-158
-137
-122
-98
-109
-134
-115
-91
-71
-72
-70
-70
-61
-43
-33
-28
7
25
-2
-30
-45
-51
-61
-67
-90
-103
-117
-119
-100
-90
-57
-66
-84
-74
-99
-102
-92
-96
-103
-104
-102
-106
-141
-172
-181
-168
-165
-148
-126
-119
-112
-109
-89
-54
-57
-69
-63
-42
-29
-33
-41
-59
-60
-61
-55
-50
-38
-36
-22
-1
14
11
3
-14
-9
-9
-5
28
31
-3
-39
-33
1
14
25
33
33
41
14
-9
-18
-24
-16
-9
-1
3
32
52
55
67
99
101
76
103
96
122
153
175
180
175
162
123
123
116
93
96
140
149
140
134
143
163
172
169
201
203
189
170
159
130
82
63
61
32
24
49
80
54
33
23
28
70
65
43
43
81
62
65
69
77
62
65
59
50
77
101
110
71
54
9
20
23
21
11
11
33
43
49
69
77
76
90
98
150
138
110
115
110
117
102
104
98
92
49
20
35
42
55
53
49
11
-11
-15
-2
5
-23
-9
0
-21
-48
-47
-45
-51
-31
3
15
14
15
15
-17
-65
-104
-106
-103
-90
-74
-55
-34
-74
-110
-113
-113
-155
-158
-155
-170
-178
-177
-173
-169
-194
-225
-231
-216
-188
-190
-204
-208
-197
-192
-173
-142
-139
-115
-105
-103
-132
-154
-160
-150
-139
-159
-179
-209
-224
-194
-179
-210
-254
-277
-265
-246
-220
-176
-184
-186
-173
-151
-132
-132
-101
-76
-68
-87
-67
-50
-76
-91
-98
-123
-151
-154
-160
-150
-160
-186
-186
-193
-197
-206
-211
-227
-248
-248
-222
-182
-149
-129
-113
-133
-133
-126
-108
-104
-111
-130
-170
-157
-141
-147
-170
-170
-164
-154
-166
-139
-115
-131
-171
-173
-155
-152
-156
-168
-166
-193
-239
-268
-251
-240
-219
-227
-237
-264
-291
-301
-290
-257
-236
-227
-214
-214
-240
-239
-240
-269
-271
-249
-261
-301
-321
-316
-313
-280
-227
-192
-197
-215
-232
-236
-213
-182
-152
-143
-140
-144
-154
-144
-126
-166
-192
-216
-236
-258
-259
-240
-211
-222
-248
-275
-297
-316
-323
-282
-264
-275
-288
-296
-302
-295
-311
-301
-296
-327
-325
-329
-330
-292
-285
-261
-244
-237
-230
-186
-170
-186
-164
-123
-98
-114
-111
-111
-128
-125
-113
-138
-105
-73
-71
-104
-152
-186
-209
-233
-256
-221
-194
-193
-217
-218
-240
-252
-274
-297
-285
-268
-267
-281
-286
-292
-323
-345
-310
-270
-236
-191
-156
-161
-166
-163
-168
-172
-166
-166
-170
-165
-153
-166
-186
-194
-205
-229
-203
-184
-181
-197
-222
-215
-231
-254
-248
-238
-272
-308
-322
-331
-343
-325
-273
-226
-257
-294
-316
-309
-289
-288
-270
-253
-224
-226
-247
-256
-264
-258
-226
-216
-225
-222
-259
-287
-290
-282
-289
-295
-306
-304
-292
-303
-276
-287
-329
-343
-354
-371
-363
-332
-349
-340
-334
-354
-362
-344
-337
-309
-288
-289
-262
-265
-295
-312
-311
-288
-270
-241
-209
-201
-199
-166
-135
-129
-130
-121
-131
-150
-153
-156
-160
-190
-209
-203
-199
-190
-209
-217
-196
-208
-200
-214
-232
-211
-197
-214
-227
-268
-306
-309
-316
-328
-328
-312
-299
-309
-307
-285
-312
-292
-301
-291
-303
-329
-306
-298
-312
-332
-322
-304
-299
-283
-236
-217
-194
-142
-142
-164
-161
-147
-169
-209
-220
-192
-215
-284
-327
-330
-296
-264
-272
-304
-332
-356
-360
-360
-359
-364
-365
-360
-383
-381
-351
-350
-352
-339
-325
-343
-365
-380
-379
-355
-364
-372
-407
-428
-441
-442
-446
-452
-427
-421
-432
-427
-443
-477
-494
-505
-523
-513
-481
-463
-459
-460
-447
-475
-482
-484
-495
-499
-486
-498
-490
-478
-463
-468
-481
-478
-493
-465
-452
-446
-457
-456
-467
-481
-461
-468
-461
-464
-489
-521
-560
-563
-553
-508
-460
-426
-423
-451
-497
-501
-484
-480
-501
-510
-505
-509
-487
-505
-512
-517
-493
-458
-443
-430
-432
-457
-465
-479
-486
-506
-495
-488
-476
-477
-508
-496
-496
-483
-475
-479
-473
-479
-501
-525
-553
-556
-551
-518
-477
-451
-447
-438
-448
-459
-427
-387
-346
-336
-351
-360
-386
-391
-397
-424
-427
-418
-397
-436
-470
-488
-480
-470
-441
-446
-444
-429
-406
-404
-414
-409
-398
-369
-359
-354
-348
-342
-358
-359
-338
-347
-373
-384
-382
-397
-383
-360
-344
-333
-334
-326
-334
-339
-341
-344
-340
-367
-378
-373
-398
-385
-361
-334
-351
-367
-373
-367
-364
-362
-368
-379
-371
-381
-394
-387
-369
-357
-361
-360
-347
-344
-342
-343
-342
-331
-315
-318
-314
-306
-323
-353
-360
-341
-347
-359
-378
-383
-374
-379
-371
-375
-389
-391
-365
-346
-376
-418
-410
-399
-372
-366
-374
-382
-372
-377
-400
-405
-413
-396
-399
-398
-401
-372
-356
-350
-357
-378
-390
-367
-342
-396
-404
-383
-387
-398
-412
-407
-405
-411
-409
-422
-415
-398
-403
-402
-414
-435
-427
-399
-394
-392
-398
-394
-396
-410
-397
-387
-389
-379
-393
-364
-364
-363
-384
-392
-366
-375
-361
-355
-336
-309
-268
-251
-247
-234
-224
-229
-213
-213
-209
-197
-182
-193
-233
-240
-229
-201
-186
-192
-192
-176
-167
-167
-187
-227
-233
-229
-232
-244
-224
-195
-211
-185
-199
-196
-208
-233
-219
-210
-197
-211
-223
-205
-175
-170
-163
-159
-163
-164
-144
-133
-134
-144
-157
-130
-105
-74
-66
-86
-119
-142
-136
-112
-105
-111
-151
-168
-180
-186
-180
-206
-191
-173
-150
-130
-140
-155
-152
-164
-167
-164
-195
-195
-185
-191
-203
-216
-221
-227
-267
-290
-304
-329
-339
-350
-320
-283
-293
-275
-248
-257
-246
-201
-160
-162
-189
-188
-198
-185
-164
-194
-207
-237
-264
-300
-330
-315
-315
-314
-328
-354
-346
-333
-319
-299
-298
-282
-301
-285
-281
-278
-229
-226
-212
-221
-243
-268
-286
-303
-290
-258
-235
-230
-240
-237
-192
-140
-129
-130
-142
-141
-171
-168
-158
-149
-143
-161
-175
-185
-193
-201
-159
-152
-160
-129
-106
-74
-47
-51
-78
-110
-118
-109
-129
-124
-114
-96
-68
-73
-82
-102
-134
-151
-154
-137
-123
-139
-143
-132
-131
-122
-145
-183
-206
-230
-213
-206
-195
-182
-172
-166
-189
-180
-163
-135
-124
-159
-166
-153
-124
-109
-85
-88
-124
-100
-89
-100
-97
-80
-72
-77
-84
-107
-94
-94
-80
-54
-69
-88
-92
-107
-115
-95
-88
-82
-80
-55
-50
-50
-39
-54
-69
-94
-84
-60
-57
-52
-48
-56
-47
-36
-12
22
27
56
76
64
52
36
17
-6
5
10
18
-1
-23
-2
30
24
10
6
7
-1
9
7
10
20
12
15
36
11
-24
-25
-37
-12
-15
-24
-24
-35
-38
-30
-30
-3
10
10
27
29
10
18
22
34
21
9
29
28
47
50
48
52
66
63
49
21
26
50
26
8
7
26
28
45
77
65
28
26
25
31
46
19
23
24
14
9
1
-1
16
7
-8
-20
-9
22
26
32
28
25
16
7
-18
-8
-3
-18
-4
5
-9
17
35
30
40
38
25
29
34
16
15
15
20
36
28
-16
-32
-61
-84
-78
-73
-86
-93
-95
-105
-104
-88
-80
-88
-92
-85
-93
-120
-147
-142
-110
-94
-82
-63
-67
-60
-57
-43
-68
-80
-57
-47
-65
-92
-102
-126
-119
-115
-124
-152
-159
-164
-203
-230
-227
-212
-216
-209
-230
-250
-210
-190
-173
-190
-181
-219
-256
-262
-282
-297
-326
-321
-320
-318
-333
-319
-305
-312
-323
-346
-347
-359
-385
-398
-398
-397
-388
-397
-403
-419
-418
-400
-370
-356
-341
-339
-348
-365
-368
-369
-371
-348
-316
-314
-315
-309
-346
-342
-370
-364
-299
-299
-304
-304
-288
-269
-237
-202
-207
-227
-237
-217
-241
-238
-215
-205
-194
-198
-179
-178
-194
-196
-189
-208
-188
-196
-212
-218
-235
-262
-302
-311
-301
-268
-217
-208
-186
-151
-139
-126
-141
-159
-153
-173
-194
-192
-191
-210
-216
-234
-274
-256
-252
-224
-199
-175
-153
-146
-153
-150
-124
-144
-185
-176
-182
-192
-191
-210
-242
-269
-269
-258
-239
-216
-205
-212
-208
-208
-233
-236
-245
-209
-173
-170
-158
-151
-156
-159
-177
-209
-219
-211
-204
-199
-193
-203
-188
-205
-201
-191
-191
-186
-182
-194
-218
-234
-259
-245
-235
-231
-233
-238
-206
-196
-167
-185
-221
-235
-256
-246
-229
-214
-203
-196
-199
-229
-236
-236
-229
-224
-227
-233
-204
-207
-219
-202
-209
-222
-249
-275
-289
-284
-269
-279
-270
-261
-267
-266
-259
-256
-264
-267
-242
-250
-265
-263
-247
-237
-247
-259
-269
-293
-311
-314
-310
-293
-268
-240
-239
-247
-264
-306
-322
-306
-303
-289
-274
-258
-241
-245
-238
-227
-204
-198
-183
-176
-152
-147
-129
-128
-169
-209
-203
-157
-130
-138
-152
-107
-96
-67
-29
-54
-70
-76
-57
-63
-63
-53
-58
-74
-88
-76
-72
-78
-104
-100
-117
-110
-119
-147
-147
-120
-105
-78
-57
-40
-39
-51
-38
-29
-36
-32
-35
-25
-1
-3
15
37
15
0
-16
-33
-23
-30
-46
-62
-64
-66
-85
-89
-62
-50
-64
-75
-101
-122
-132
-135
-126
-108
-110
-83
-66
-80
-101
-118
-111
-102
-112
-113
-101
-129
-161
-183
-189
-183
-172
-164
-149
-158
-175
-151
-131
-124
-145
-174
-195
-193
-157
-131
-112
-121
-127
-132
-123
-101
-95
-113
-98
-86
-95
-108
-115
-117
-132
-108
-92
-103
-134
-155
-167
-164
-173
-210
-223
-224
-193
-231
-251
-261
-307
-303
-280
-236
-208
-208
-201
-189
-165
-143
-136
-137
-150
-146
-119
-115
-124
-110
-109
-141
-138
-111
-114
-95
-89
-99
-115
-120
-125
-115
-98
-69
-55
-64
-58
-69
-62
-45
-35
-26
-59
-93
-91
-77
-31
-7
-6
-26
-37
-47
-71
-77
-71
-82
-91
-107
-108
-120
-131
-117
-128
-128
-141
-128
-131
-150
-172
-191
-199
-197
-208
-254
-285
-276
-276
-270
-259
-252
-293
-332
-314
-296
-255
-249
-271
-276
-289
-333
-338
-343
-351
-360
-378
-404
-405
-392
-398
-417
-425
-459
-491
-508
-514
-489
-468
-465
-460
-439
-446
-460
-466
-428
-394
-370
-340
-337
-340
-335
-344
-351
-350
-375
-367
-329
-308
-285
-276
-281
-300
-299
-296
-340
-338
-325
-319
-356
-350
-332
-364
-395
-374
-363
-365
-348
-337
-333
-322
-306
-293
-292
-287
-271
-285
-290
-301
-324
-317
-299
-280
-258
-261
-235
-197
-197
-226
-229
-234
-242
-224
-176
-162
-167
-167
-142
-127
-169
-190
-224
-257
-260
-209
-185
-205
-223
-266
-262
-266
-270
-267
-281
-284
-284
-262
-255
-265
-260
-245
-202
-206
-205
-169
-166
-163
-162
-121
-84
-95
-107
-107
-103
-111
-103
-100
-97
-91
-106
-143
-165
-179
-176
-139
-136
-136
-113
-100
-117
-97
-66
-50
-23
-16
-10
-53
-67
-77
-93
-114
-119
-129
-140
-84
-40
-22
-13
22
60
53
41
17
14
20
20
13
7
5
-3
-18
-30
-33
-15
-7
-38
-37
-47
-70
-69
-99
-116
-87
-100
-123
-146
-159
-197
-220
-192
-198
-182
-183
-187
-185
-207
-211
-193
-200
-225
-226
-200
-181
-198
-204
-213
-192
-203
-202
-195
-193
-194
-187
-173
-154
-115
-130
-169
-197
-228
-232
-228
-217
-263
-312
-343
-367
-331
-283
-268
-290
-307
-325
-278
-253
-243
-238
-237
-273
-326
-304
-283
-266
-242
-234
-243
-224
-216
-230
-259
-271
-247
-240
-253
-257
-263
-248
-259
-277
-250
-234
-233
-251
-266
-261
-246
-271
-295
-311
-319
-333
-351
-360
-388
-397
-387
-378
-378
-398
-378
-366
-345
-328
-354
-375
-385
-392
-385
-363
-365
-348
-338
-356
-374
-394
-384
-366
-352
-361
-389
-380
-353
-341
-327
-312
-316
-330
-365
-403
-395
-392
-378
-370
-358
-368
-376
-382
-381
-364
-334
-301
-303
-312
-342
-370
-388
-374
-374
-355
-326
-364
-355
-323
-322
-300
-307
-316
-310
-295
-297
-305
-314
-336
-349
-353
-357
-354
-354
-348
-354
-372
-388
-381
-395
-412
-380
-362
-296
-264
-241
