-157
-136
-118
-113
-112
-99
-92
-84
-85
-97
-105
-113
-114
-94
-90
-108
-106
-102
-110
-119
-129
-124
-126
-102
-105
-110
-125
-138
-126
-132
-124
-121
-116
-117
-96
-74
-52
-59
-76
-88
-95
-80
-80
-80
-95
-119
-129
-132
-122
-111
-117
-118
-116
-118
-114
-111
-116
-122
-112
-91
-52
-35
-43
-47
-39
-29
-32
-20
-17
-14
-24
-30
-38
-52
-54
-56
-68
-77
-80
-75
-68
-71
-71
-87
-94
-104
-113
-108
-107
-102
-93
-85
-99
-114
-131
-133
-119
-118
-121
-137
-151
-149
-136
-141
-143
-143
-148
-149
-151
-145
-145
-150
-152
-146
-158
-163
-162
-144
-122
-112
-123
-126
-142
-143
-146
-151
-146
-156
-152
-140
-142
-148
-176
-195
-204
-202
-191
-199
-190
-190
-176
-164
-167
-175
-191
-200
-199
-195
-193
-195
-204
-195
-207
-229
-242
-250
-248
-232
-217
-216
-213
-230
-233
-249
-262
-259
-252
-239
-225
-228
-232
-230
-233
-233
-253
-273
-279
-290
-293
-292
-315
-330
-342
-343
-347
-350
-352
-372
-373
-381
-372
-360
-364
-360
-376
-373
-372
-388
-383
-387
-396
-407
-417
-425
-423
-420
-410
-407
-423
-436
-444
-441
-443
-444
-453
-455
-457
-467
-470
-485
-496
-502
-498
-506
-512
-515
-516
-525
-524
-530
-525
-525
-536
-523
-518
-512
-508
-515
-531
-537
-541
-545
-534
-526
-516
-514
-521
-523
-528
-519
-509
-507
-505
-515
-518
-514
-505
-497
-499
-490
-483
-479
-465
-469
-472
-468
-459
-476
-481
-475
-491
-501
-515
-530
-537
-538
-537
-537
-523
-521
-530
-523
-514
-500
-499
-489
-479
-471
-476
-480
-489
-506
-501
-496
-499
-485
-469
-450
-447
-444
-447
-452
-449
-451
-454
-468
-461
-462
-459
-462
-474
-482
-507
-490
-467
-449
-455
-463
-491
-507
-488
-473
-448
-419
-399
-411
-416
-418
-422
-423
-416
-425
-444
-447
-445
-445
-454
-467
-479
-489
-487
-498
-501
-493
-491
-486
-475
-469
-458
-450
-466
-476
-472
-466
-447
-430
-425
-430
-449
-468
-479
-481
-470
-468
-487
-501
-507
-501
-487
-490
-494
-516
-536
-527
-516
-498
-492
-502
-493
-489
-496
-492
-491
-472
-462
-461
-466
-473
-484
-496
-498
-519
-525
-528
-528
-524
-512
-509
-510
-509
-501
-494
-496
-481
-477
-468
-456
-459
-472
-468
-452
-443
-435
-423
-415
-429
-430
-436
-444
-450
-468
-481
-487
-479
-485
-486
-493
-488
-483
-482
-483
-484
-499
-519
-530
-535
-533
-525
-497
-498
-503
-505
-515
-514
-522
-531
-534
-517
-502
-488
-492
-502
-490
-472
-470
-464
-468
-489
-497
-502
-500
-498
-492
-495
-487
-474
-462
-477
-485
-490
-490
-483
-482
-484
-503
-516
-527
-521
-531
-541
-569
-588
-585
-589
-585
-586
-584
-583
-586
-564
-570
-574
-582
-594
-599
-595
-579
-601
-602
-605
-601
-578
-562
-546
-539
-546
-534
-546
-552
-533
-543
-552
-554
-560
-569
-579
-577
-581
-579
-569
-566
-573
-587
-603
-595
-595
-600
-604
-603
-605
-602
-593
-587
-599
-615
-627
-628
-628
-634
-620
-617
-608
-604
-603
-615
-601
-588
-570
-554
-561
-560
-557
-554
-535
-530
-527
-529
-538
-532
-547
-554
-562
-566
-563
-557
-576
-581
-595
-595
-586
-592
-578
-561
-540
-538
-535
-538
-543
-539
-536
-528
-544
-546
-543
-534
-529
-526
-523
-530
-535
-534
-535
-522
-512
-512
-516
-511
-501
-496
-470
-468
-451
-443
-444
-441
-438
-432
-436
-434
-437
-443
-450
-461
-474
-463
-463
-466
-472
-500
-515
-526
-533
-535
-540
-533
-539
-548
-547
-532
-529
-517
-517
-520
-507
-489
-467
-474
-469
-461
-456
-453
-456
-465
-468
-457
-445
-433
-439
-449
-454
-455
-445
-446
-465
-469
-464
-467
-486
-515
-551
-570
-571
-560
-545
-522
-509
-521
-517
-519
-527
-517
-498
-499
-501
-501
-511
-528
-536
-538
-557
-565
-573
-578
-566
-575
-587
-622
-639
-638
-644
-630
-629
-644
-656
-664
-663
-658
-644
-652
-663
-655
-643
-632
-638
-658
-673
-676
-686
-690
-697
-699
-699
-689
-658
-646
-637
-649
-659
-673
-690
-684
-678
-670
-669
-654
-641
-648
-634
-630
-654
-660
-657
-652
-629
-609
-621
-644
-675
-688
-691
-701
-715
-725
-718
-701
-692
-711
-718
-717
-714
-723
-735
-739
-734
-712
-705
-704
-687
-678
-684
-699
-713
-711
-711
-690
-669
-662
-679
-688
-699
-696
-695
-698
-698
-700
-693
-684
-683
-696
-706
-726
-716
-710
-706
-710
-713
-688
-667
-663
-659
-681
-705
-706
-693
-678
-671
-661
-660
-669
-675
-686
-679
-679
-673
-645
-630
-618
-608
-614
-624
-628
-635
-635
-621
-605
-594
-577
-557
-552
-568
-576
-587
-591
-594
-569
-549
-553
-552
-568
-591
-595
-589
-586
-582
-582
-589
-589
-587
-596
-608
-622
-641
-651
-652
-643
-626
-608
-599
-605
-630
-635
-625
-625
-614
-616
-607
-608
-611
-616
-622
-619
-612
-601
-613
-621
-620
-618
-593
-577
-574
-589
-593
-580
-577
-568
-561
-552
-559
-561
-566
-581
-594
-593
-600
-604
-605
-608
-606
-598
-587
-591
-600
-595
-576
-571
-563
-567
-572
-574
-573
-554
-539
-527
-522
-512
-520
-525
-532
-533
-532
-545
-538
-538
-542
-552
-550
-547
-541
-542
-533
-532
-537
-538
-541
-528
-527
-522
-526
-515
-513
-521
-537
-558
-556
-544
-530
-529
-532
-528
-520
-519
-507
-498
-491
-488
-494
-502
-497
-494
-487
-488
-474
-467
-493
-505
-525
-514
-515
-516
-521
-549
-564
-553
-526
-531
-551
-560
-587
-598
-606
-600
-598
-603
-603
-607
-611
-596
-602
-620
-604
-569
-531
-524
-535
-539
-528
-514
-516
-513
-493
-489
-495
-491
-495
-510
-532
-521
-500
-493
-507
-533
-545
-545
-518
-504
-539
-592
-639
-652
-620
-584
-556
-554
-578
-604
-613
-602
-569
-555
-561
-572
-592
-596
-590
-587
-587
-589
-605
-624
-627
-625
-612
-614
-625
-640
-639
-661
-658
-633
-613
-593
-597
-600
-581
-576
-575
-566
-580
-581
-560
-555
-540
-539
-562
-578
-591
-597
-611
-616
-618
-617
-609
-607
-586
-593
-606
-608
-612
-587
-568
-562
-561
-557
-544
-536
-535
-543
-543
-530
-516
-521
-538
-539
-530
-529
-523
-532
-562
-601
-637
-651
-636
-613
-596
-602
-609
-626
-622
-612
-606
-578
-570
-549
-531
-532
-518
-510
-506
-505
-516
-512
-500
-492
-475
-459
-446
-448
-468
-498
-520
-529
-532
-519
-493
-483
-480
-482
-485
-497
-509
-512
-522
-521
-521
-514
-512
-503
-492
-499
-485
-493
-495
-501
-503
-488
-471
-459
-445
-453
-461
-462
-455
-436
-423
-408
-427
-420
-413
-417
-430
-439
-444
-449
-447
-449
-438
-441
-462
-472
-481
-492
-483
-477
-474
-467
-473
-495
-503
-509
-525
-525
-512
-499
-488
-494
-483
-476
-471
-486
-500
-496
-494
-484
-485
-503
-515
-518
-513
-513
-508
-498
-489
-474
-454
-455
-468
-475
-479
-475
-464
-445
-444
-453
-455
-452
-433
-414
-423
-430
-445
-445
-450
-460
-467
-466
-465
-464
-474
-495
-498
-503
-502
-486
-470
-463
-445
-441
-452
-454
-480
-474
-474
-480
-469
-462
-453
-461
-453
-442
-440
-444
-461
-466
-455
-445
-420
-410
-403
-398
-393
-393
-386
-374
-370
-375
-353
-344
-345
-346
-358
-375
-383
-370
-359
-345
-345
-339
-338
-338
-341
-339
-340
-342
-334
-331
-331
-329
-315
-312
-322
-320
-318
-308
-292
-277
-257
-261
-260
-266
-270
-256
-244
-236
-245
-233
-219
-227
-237
-244
-258
-263
-263
-267
-257
-232
-233
-250
-262
-274
-294
-305
-305
-314
-295
-301
-298
-286
-294
-310
-305
-296
-285
-278
-283
-282
-277
-264
-264
-259
-258
-250
-236
-222
-217
-218
-221
-231
-206
-183
-197
-211
-221
-212
-182
-181
-192
-226
-261
-264
-259
-241
-224
-220
-225
-241
-250
-236
-210
-197
-188
-190
-221
-229
-235
-237
-232
-225
-217
-213
-210
-199
-215
-231
-241
-237
-238
-244
-247
-253
-249
-257
-266
-275
-291
-278
-265
-260
-244
-224
-222
-219
-206
-211
-223
-228
-227
-233
-236
-220
-233
-258
-273
-280
-291
-308
-313
-311
-287
-288
-279
-278
-262
-248
-255
-252
-261
-268
-259
-222
-197
-177
-188
-197
-211
-222
-209
-199
-189
-210
-246
-255
-261
-253
-263
-260
-254
-263
-267
-281
-281
-270
-263
-254
-254
-239
-241
-236
-234
-233
-229
-220
-209
-206
-208
-228
-233
-242
-250
-276
-289
-292
-300
-297
-272
-260
-266
-277
-293
-304
-312
-312
-306
-294
-281
-284
-316
-339
-364
-362
-352
-347
-338
-353
-373
-380
-371
-391
-408
-414
-419
-418
-412
-419
-422
-424
-433
-451
-447
-439
-438
-418
-402
-407
-417
-431
-442
-431
-436
-444
-445
-449
-448
-439
-447
-456
-459
-475
-488
-489
-476
-477
-483
-487
-486
-474
-465
-463
-455
-470
-465
-473
-475
-480
-482
-465
-476
-488
-496
-484
-473
-477
-488
-480
-480
-494
-481
-492
-514
-514
-517
-498
-490
-488
-492
-501
-499
-511
-504
-510
-513
-519
-530
-528
-538
-537
-533
-546
-554
-559
-566
-551
-552
-551
-532
-546
-550
-541
-551
-538
-543
-545
-532
-526
-521
-519
-533
-522
-501
-505
-477
-488
-505
-495
-509
-496
-486
-504
-511
-511
-508
-525
-517
-505
-505
-504
-486
-493
-490
-488
-513
-501
-493
-475
-467
-463
-470
-465
-459
-453
-439
-436
-434
-445
-440
-440
-445
-430
-430
-439
-425
-418
-428
-406
-415
-409
-400
-416
-404
-402
-378
-355
-347
-342
-341
-349
-369
-393
-389
-354
-382
-377
-370
-414
-396
-386
-414
-442
-435
-440
-422
-434
-434
-391
-402
-436
-418
-391
-433
-426
-399
-438
-421
-369
-410
-427
-376
-404
-411
-384
-423
-376
-361
-383
-349
-357
-417
-386
-358
-362
-341
-367
-376
-407
-381
-325
-386
-440
-430
-467
-446
-438
-433
-407
-442
-489
-448
-419
-457
-416
-407
-456
-456
-424
-483
-445
-421
-485
-459
-460
-509
-490
-476
-511
-487
-447
-503
-551
-491
-497
-531
-464
-449
-501
-516
-520
-487
-485
-524
-457
-441
-456
-461
-460
-484
-495
-500
-482
-450
-533
-522
-536
-486
-481
-479
-464
-488
-461
-473
-477
-462
-450
-474
-447
-437
-401
-372
-413
-409
-383
-417
-416
-375
-422
-403
-405
-447
-381
-418
-465
-429
-452
-425
-401
-458
-412
-422
-434
-387
-452
-412
-385
-432
-377
-367
-379
-359
-393
-371
-329
-400
-363
-358
-386
-374
-344
-426
-409
-382
-441
-353
-389
-417
-364
-401
-433
-341
-441
-416
-367
-470
-369
-382
-385
-364
-366
-372
-350
-390
-363
-338
-387
-275
-338
-294
-282
-329
-339
-281
-339
-314
-327
-340
-329
-363
-325
-347
-296
-330
-326
-283
-268
-325
-308
-236
-281
-247
-265
-229
-245
-283
-285
-221
-275
-293
-275
-310
-243
-319
-287
-256
-304
-328
-291
-329
-290
-264
-315
-254
-312
-304
-334
-327
-307
-334
-328
-275
-280
-296
-278
-355
-279
-305
-315
-310
-266
-300
-356
-299
-337
-335
-366
-296
-373
-328
-335
-372
-357
-375
-372
-403
-323
-376
-351
-337
-354
-376
-336
-404
-351
-292
-440
-311
-323
-400
-337
-298
-383
-286
-323
-374
-302
-350
-345
-322
-309
-357
-279
-314
-305
-312
-319
-347
-362
-348
-336
-362
-328
-299
-357
-351
-379
-375
-381
-350
-307
-335
-302
-367
-383
-334
-366
-351
-329
-332
-329
-349
-369
-352
-389
-359
-329
-341
-349
-314
-366
-374
-352
-402
-376
-374
-411
-349
-381
-440
-299
-375
-415
-314
-357
-373
-337
-371
-335
-372
-372
-340
-376
-344
-324
-323
-372
-313
-329
-377
-359
-368
-360
-352
-394
-336
-400
-374
-421
-396
-318
-394
-396
-292
-413
-360
-260
-431
-313
-282
-356
-366
-225
-398
-319
-226
-357
-344
-257
-377
-343
-273
-409
-326
-346
-373
-364
-269
-433
-382
-351
-435
-376
-267
-392
-365
-267
-455
-338
-329
-348
-310
-277
-383
-323
-339
-418
-368
-345
-406
-414
-340
-396
-397
-391
-326
-444
-369
-374
-413
-338
-374
-388
-376
-369
-381
-346
-397
-320
-361
-377
-292
-336
-278
-250
-325
-305
-281
-341
-396
-278
-348
-283
-283
-343
-258
-351
-331
-282
-330
-300
-192
-350
-165
-246
-246
-155
-289
-242
-239
-254
-233
-151
-235
-141
-150
-193
-132
-205
-135
-136
-237
-169
-150
-238
-118
-161
-241
-122
-177
-256
-101
-179
-171
-133
-194
-77
-117
-83
-96
-123
-79
-92
-77
-50
-19
-84
-17
-87
-68
-75
-50
-63
-30
-16
-113
86
-46
-36
37
-1
-106
12
3
-78
32
38
-34
-6
118
-68
41
36
-35
98
66
25
99
110
-2
71
62
24
22
122
88
-19
134
23
-50
79
53
-27
125
138
11
116
156
56
61
161
28
16
137
51
23
187
49
-13
154
44
-43
108
86
-126
83
76
-98
145
5
-94
83
-39
-87
23
-10
-34
23
-30
31
-99
22
13
-131
82
-11
-97
-48
40
-175
-14
-55
-191
29
-100
-202
-15
-16
-293
80
-96
-220
45
-138
-185
42
-139
-221
88
-260
-180
72
-362
-164
-23
-306
-152
-65
-232
-210
-132
-229
-206
-248
-95
-364
-77
-214
-306
42
-344
-172
33
-297
-259
70
-456
-130
-107
-399
-105
-152
-366
-114
-145
-425
2
-307
-332
1
-339
-299
-31
-291
-232
-92
-294
-86
-138
-317
38
-243
-237
-48
-188
-292
-21
-242
-274
-16
-384
-100
-169
-336
-11
-254
-283
26
-322
-223
98
-447
-61
2
-479
77
-177
-326
59
-243
-365
75
-339
-274
64
-470
-24
-219
-415
15
-338
-292
8
-373
-255
116
-498
-138
-43
-457
-23
-119
-323
-41
4
-463
139
-171
-272
155
-246
-117
83
-156
-219
142
-367
38
-48
-175
-166
-37
-138
-155
70
-179
-135
-216
-142
-271
10
-141
-152
-93
-132
-220
-123
27
-256
24
-137
-154
-27
-185
-151
37
-171
-208
-12
-259
-87
-196
-87
-150
-206
-98
-266
-132
-139
-155
-206
-3
-333
-45
12
-316
-38
-69
-213
-164
28
-295
-15
-211
-208
-176
-199
-189
-275
-185
-280
-183
-275
-187
-350
-201
-220
-346
-208
-151
-292
-314
47
-331
-196
1
-322
-29
-85
-245
-33
0
-380
84
-154
-204
11
-297
-76
-298
-213
-174
-174
-304
-54
-330
-172
-131
-364
18
-281
-116
-106
-239
-149
-10
-328
47
-186
-190
79
-362
49
-72
-222
-35
-35
-245
10
-221
-127
-87
-277
2
-217
-44
-101
-144
-201
-15
-244
-152
-23
-249
-37
-134
-72
-188
-31
-217
-33
-141
-274
10
-215
-109
-68
-125
-100
-37
-294
26
-133
-266
139
-379
-29
-101
-300
-55
-161
-230
7
-200
-94
-7
-239
-44
-195
-64
-235
-77
-149
-184
-94
-195
-188
-32
-280
-146
-31
-331
93
-304
-6
-41
-224
-29
-213
-71
-187
-131
-52
-172
-101
-36
-226
-21
-160
-157
-63
-185
57
-186
-11
-93
-176
-39
-169
-96
-106
-149
-30
-175
-62
-92
-265
137
-305
-138
13
-182
-246
28
-313
-156
-70
-268
-97
-257
-96
-272
-109
-292
-24
-251
-127
-117
-202
-122
-191
-171
-126
-122
-193
5
-225
-90
-90
-100
-148
-101
-189
-128
-84
-245
12
-233
-88
-121
-177
-195
-121
-222
-141
-143
-212
-43
-290
-64
-236
-168
-203
-114
-201
-116
-118
-213
-99
-232
-122
-202
-104
-204
-107
-130
-141
-121
-64
-231
-97
-138
-201
-66
-281
-58
-190
-186
-144
-176
-181
-181
-182
-144
-227
-218
-29
-373
-38
-261
-200
-138
-311
-118
-243
-154
-182
-219
-257
-113
-376
-144
-285
-232
-228
-213
-272
-243
-191
-390
-183
-218
-270
-258
-201
-336
-133
-308
-165
-306
-141
-263
-241
-155
-240
-260
-211
-203
-319
-39
-465
-97
-372
-122
-266
-256
-244
-297
-262
-326
-203
-304
-195
-372
-218
-369
-146
-385
-207
-158
-378
-187
-297
-359
-237
-299
-329
-262
-316
-333
-203
-473
-150
-429
-406
-240
-491
-287
-285
-539
-222
-324
-654
-106
-525
-393
-230
-494
-277
-282
-516
-273
-394
-436
-426
-357
-422
-428
-267
-512
-277
-452
-432
-383
-444
-479
-320
-538
-418
-413
-534
-283
-547
-316
-423
-319
-495
-253
-368
-275
-351
-158
-397
-283
-260
-400
-271
-332
-346
-440
-313
-445
-325
-402
-432
-349
-427
-440
-380
-372
-417
-329
-380
-312
-333
-426
-182
-461
-247
-281
-314
-385
-94
-424
-203
-237
-398
-217
-276
-372
-242
-241
-446
-200
-240
-381
-159
-297
-475
-41
-403
-316
-128
-231
-392
-14
-383
-200
-216
-256
-247
-172
-244
-236
-219
-205
-201
-250
-133
-298
-93
-176
-223
-136
-120
-120
-179
-67
-201
-119
-163
-92
-141
-95
-74
-81
-147
-137
-47
-192
-72
-132
-31
-63
-205
13
-179
-122
-154
-67
-112
-173
-16
-162
-130
-96
-51
-234
-3
-249
-133
-35
-264
39
-205
-60
-187
-192
-45
-300
-143
-67
-209
-204
-18
-379
-34
-268
-198
-103
-277
-140
-140
-147
-285
13
-324
-107
-208
-116
-216
-143
-188
-193
-141
-276
-133
-236
-117
-244
-177
-159
-286
-122
-296
-171
-184
-93
-334
-52
-156
-274
19
-263
-127
-77
-145
-324
110
-337
-155
-23
-273
-93
-244
-139
-231
-234
-198
-164
-283
-113
-190
-320
-54
-202
-282
-71
-182
-316
-49
-128
-250
-3
-93
-207
-53
-64
-292
78
-145
-246
65
-152
-186
-54
-139
-142
-6
-207
-101
-67
-90
-154
-3
-89
-95
-39
-96
-50
-55
2
-145
-72
55
-240
-37
65
-290
55
-16
-285
-5
47
-392
155
-207
-238
-2
-129
-271
-18
-78
-385
126
-223
-89
-36
-262
15
-72
-186
14
9
-217
30
-159
-81
19
-235
21
11
-194
6
-18
-186
4
-82
-256
136
-274
-172
9
-309
-214
33
-525
-124
8
-622
166
-388
-116
-276
-92
-243
-96
-171
-190
-17
-282
-65
-330
109
-471
-7
-190
-278
-112
-202
-224
-196
16
-468
16
-195
-253
-231
2
-417
-43
-47
-440
32
-235
-288
3
-207
-261
105
-312
-92
-103
-269
-181
-136
-221
-191
-169
-259
-118
-316
-124
-180
-324
-95
-237
-179
-73
-238
-212
132
-438
-25
-30
-307
-3
-105
-196
-27
-101
-194
12
-235
53
-229
-63
-102
-188
-104
-120
-252
-18
-116
-313
63
-252
-214
-4
-229
-152
17
-283
-139
0
-324
-18
-184
-201
-25
-228
-46
-184
-164
-75
-180
-246
-46
-153
-288
6
-216
-188
-90
-181
-214
-50
-237
-231
58
-392
-53
-82
-296
-32
-241
-151
-190
-164
-203
-203
-132
-165
-291
-48
-164
-477
179
-473
-117
-41
-355
-127
-117
-331
-89
-197
-288
-9
-388
100
-353
-77
-150
-114
-240
-10
-245
-162
-66
-323
27
-223
-136
-136
-184
-174
-113
-230
-123
-82
-264
49
-231
-125
-78
-262
-30
-162
-102
-126
-85
-219
-37
-169
-151
-22
-182
-41
-116
-97
-151
-30
-182
-9
-149
-94
38
-258
116
-97
-189
132
-163
-62
119
-290
8
76
-388
93
-74
-198
-27
-124
-51
-178
21
-289
-25
-183
-125
-155
-39
-225
-92
-65
-258
85
-344
152
-358
103
-163
-209
139
-320
46
-95
-166
-82
-60
-332
157
-311
-116
100
-309
6
-122
-167
-54
-162
-113
13
-204
-62
-83
-152
-75
-35
-188
0
18
-211
26
-80
-128
-77
-65
-201
84
-243
3
-154
-77
43
-301
129
-248
-58
-127
-73
-212
49
-186
-91
22
-129
-68
-77
-17
-231
75
-94
-101
78
-61
-69
-19
-114
6
-148
-34
-177
-128
-36
-194
-136
-24
-281
-19
-175
-217
11
-301
-97
-58
-141
-192
-76
-164
-129
-206
-14
-278
-45
-98
-285
-12
-95
-350
58
-237
-133
-24
-348
-98
-147
-282
-165
-83
-395
-43
-407
-140
-210
-217
-301
-100
-229
-331
-96
-269
-147
-199
-78
-269
-2
-285
-243
-60
-412
-107
-276
-310
-127
-306
-148
-158
-270
-265
-152
-296
-141
-270
-167
-246
-295
-71
-403
-137
-184
-305
-185
-149
-176
-285
-25
-290
-265
-130
-299
-195
-235
-212
-273
-109
-344
-189
-262
-168
-444
-98
-258
-348
-44
-357
-158
-168
-196
-152
-108
-267
-80
-273
-48
-265
-72
-83
-269
-81
-210
-263
-6
-320
-147
-83
-262
32
-319
-123
15
-418
-136
-52
-379
-4
-268
-117
-216
-79
-343
-79
-149
-231
-155
11
-440
87
-139
-445
215
-517
-106
-117
-361
-81
-148
-296
37
-309
-187
32
-453
-56
-168
-303
-52
-218
-167
4
-283
-131
-62
-353
-8
-193
-201
133
-399
29
-178
-139
-160
-19
-372
78
-350
-167
27
-312
-97
-66
-362
-57
-234
-206
-41
-204
-100
-109
-59
-165
-105
-182
13
-310
38
-87
-95
5
-84
-195
8
-68
-242
156
-103
-128
8
-86
-126
-86
43
-278
211
-204
-69
75
-39
-40
70
15
80
-18
-51
206
-190
219
-194
205
-71
13
-63
75
-25
30
-25
-33
130
-177
227
-91
80
52
-185
60
-16
-107
-57
142
-257
67
-20
-273
193
-199
-37
28
-40
-90
-10
23
-187
40
15
-208
42
-12
-147
-11
105
-362
315
-299
167
-115
-9
52
-234
250
-269
82
-73
49
-218
253
-342
24
93
-295
126
-87
-91
-94
61
-242
59
38
-282
145
-149
-166
17
7
-295
189
-220
-114
85
-243
60
-120
-48
-150
25
-193
-16
-224
6
-96
-130
-67
-151
-64
-222
2
-255
37
-235
26
-202
-176
-124
-167
-213
-113
-74
-252
-88
-261
-236
-176
-195
-297
-98
-247
-268
-91
-319
-216
-160
-314
-157
-176
-232
-164
-208
-334
-93
-257
-266
4
-369
-26
-159
-321
26
-376
-246
-77
-330
-253
-64
-558
-34
-255
-333
-134
-360
-410
-258
-357
-418
30
-597
-40
-359
-432
-130
-363
-178
-282
-261
-252
-224
-474
36
-480
-83
-236
-488
-19
-519
-216
-297
-305
-353
-320
-467
-252
-446
-340
-289
-361
-454
-246
-471
-304
-448
-265
-568
-230
-427
-418
-307
-569
-176
-743
-195
-532
-532
-373
-332
-738
-171
-578
-605
-236
-633
-466
-296
-560
-448
-357
-431
-459
-298
-438
-423
-275
-531
-330
-427
-395
-485
-295
-511
-444
-290
-661
-257
-641
-533
-306
-618
-543
-280
-808
-462
-436
-866
-228
-658
-667
-223
-803
-359
-454
-763
-331
-511
-667
-297
-638
-408
-493
-493
-500
-503
-489
-586
-491
-518
-468
-614
-394
-592
-466
-446
-527
-512
-512
-595
-608
-334
-786
-388
-425
-675
-353
-627
-566
-487
-610
-605
-362
-662
-372
-602
-585
-345
-847
-204
-718
-493
-269
-729
-374
-495
-524
-554
-323
-693
-297
-592
-497
-352
-592
-240
-721
-274
-589
-415
-495
-391
-568
-462
-428
-637
-340
-526
-464
-568
-271
-717
-335
-469
-617
-283
-549
-552
-523
-538
-617
-501
-540
-580
-539
-466
-617
-554
-425
-704
-311
-705
-332
-472
-559
-434
-375
-614
-423
-377
-527
-361
-538
-336
-606
-300
-540
-451
-343
-523
-523
-324
-563
-510
-292
-581
-494
-416
-516
-627
-277
-576
-590
-169
-849
-208
-554
-672
-346
-520
-736
-113
-831
-408
-398
-796
-160
-773
-348
-458
-561
-452
-476
-647
-368
-622
-533
-417
-669
-284
-828
-318
-706
-586
-465
-699
-463
-527
-585
-646
-343
-813
-386
-706
-336
-782
-358
-622
-696
-316
-824
-475
-617
-532
-674
-444
-725
-370
-797
-498
-676
-608
-487
-664
-527
-576
-542
-698
-414
-622
-541
-463
-558
-552
-471
-550
-666
-362
-850
-253
-599
-713
-301
-840
-482
-606
-635
-596
-411
-954
-204
-822
-597
-419
-734
-447
-601
-380
-680
-376
-764
-328
-803
-484
-581
-541
-682
-422
-635
-544
-510
-626
-420
-654
-349
-756
-293
-848
-344
-666
-507
-640
-514
-517
-627
-409
-753
-426
-787
-481
-585
-433
-784
-310
-712
-509
-432
-682
-339
-389
-657
-377
-492
-594
-464
-526
-486
-494
-471
-558
-462
-665
-389
-766
-343
-593
-514
-518
-478
-540
-579
-354
-803
-248
-649
-629
-386
-553
-549
-427
-521
-434
-473
-628
-282
-744
-272
-605
-694
-182
-849
-488
-394
-828
-351
-680
-670
-393
-697
-691
-236
-875
-387
-403
-755
-508
-286
-810
-381
-189
-897
-46
-612
-539
-421
-404
-742
-230
-756
-425
-534
-567
-475
-632
-457
-629
-418
-674
-248
-819
-222
-688
-397
-593
-317
-686
-382
-516
-554
-359
-634
-365
-554
-491
-532
-323
-769
-123
-837
-213
-596
-446
-432
-390
-411
-660
-158
-758
-433
-430
-327
-766
-112
-707
-360
-269
-768
-232
-581
-361
-626
-374
-518
-453
-476
-395
-581
-404
-485
-574
-349
-550
-532
-442
-611
-416
-744
-367
-642
-696
-316
-801
-534
-489
-599
-682
-299
-861
-282
-647
-722
-299
-577
-654
-419
-591
-713
-351
-835
-438
-589
-706
-499
-709
-479
-731
-566
-535
-749
-513
-649
-560
-653
-453
-819
-459
-762
-377
-707
-599
-495
-671
-569
-546
-562
-758
-308
-1002
-331
-635
-786
-382
-650
-613
-567
-504
-628
-436
-667
-532
-522
-701
-469
-659
-456
-645
-618
-425
-801
-396
-689
-560
-610
-673
-678
-430
-822
-390
-767
-600
-373
-860
-270
-645
-677
-509
-450
-882
-129
-866
-453
-440
-779
-484
-494
-746
-509
-443
-773
-511
-624
-502
-755
-451
-659
-404
-674
-432
-526
-538
-476
-481
-479
-409
-527
-551
-383
-623
-435
-491
-484
-479
-441
-532
-507
-548
-420
-626
-467
-511
-391
-580
-521
-493
-556
-479
-654
-366
-579
-565
-442
-619
-535
-390
-636
-456
-424
-788
-297
-568
-693
-261
-728
-454
-642
-432
-630
-421
-731
-509
-486
-752
-503
-588
-729
-441
-513
-878
-10
-984
-434
-282
-856
-253
-339
-924
-8
-654
-610
5
-1043
33
-748
-517
-364
-548
-605
-210
-779
-271
-215
-891
-168
-752
-371
-775
-207
-613
-408
-414
-620
-290
-515
-355
-437
-264
-499
-348
-317
-396
-452
-252
-449
-552
-326
-644
-291
-466
-719
-237
-714
-517
-374
-724
-265
-473
-640
-271
-473
-584
-271
-629
-323
-466
-494
-410
-441
-340
-516
-419
-449
-585
-411
-578
-428
-416
-661
-443
-402
-714
-264
-494
-669
-278
-771
-470
-401
-633
-445
-286
-794
-294
-488
-632
-194
-613
-325
-399
-645
-321
-332
-655
-272
-363
-712
-345
-526
-449
-401
-318
-607
-348
-421
-634
-253
-652
-302
-500
-361
-443
-397
-351
-430
-558
-218
-331
-745
53
-607
-370
-170
-757
-134
-474
-661
-166
-449
-604
-194
-468
-378
-256
-506
-239
-534
-310
-591
-361
-453
-519
-264
-466
-391
-392
-430
-420
-508
-300
-509
-397
-247
-550
-377
-259
-623
-329
-235
-580
-123
-484
-300
-308
-454
-408
-247
-367
-311
-264
-383
-189
-417
-299
-355
-203
-481
-133
-434
-314
-295
-448
-242
-286
-417
-295
-292
-522
-83
-647
-185
-289
-515
-135
-345
-384
-361
-322
-451
-249
-489
-305
-283
-435
-348
-409
-336
-338
-321
-336
-219
-346
-404
-282
-282
-360
-445
-174
-233
-559
-67
-285
-494
-30
-390
-462
-34
-388
-466
44
-503
-397
-100
-483
-362
14
-587
-437
83
-729
-178
-118
-527
-99
-484
-333
-42
-525
-257
-20
-542
-67
-343
-384
-26
-466
-153
-180
-365
-232
-162
-450
-15
-230
-293
-30
-279
-246
-89
-234
-242
12
-434
-42
-25
-379
-44
-131
-242
-81
-227
-237
-176
-285
-178
-164
-215
-253
-382
-165
-268
-365
-132
-122
-203
-166
-106
-235
-167
-53
-145
-13
-85
-171
-157
-129
-72
-139
-9
-139
-66
-121
-107
-189
18
-158
-145
68
-142
-96
-29
-54
-120
108
-119
-96
-1
-25
-96
-70
-11
-91
-31
4
-20
-60
-19
-118
-96
10
-18
-39
-112
20
-20
-22
-17
-18
69
-35
57
26
-47
-10
-3
-110
136
84
-245
48
28
-92
74
-69
-82
38
-97
-187
89
-92
-227
-51
14
-58
-146
23
-23
11
39
15
8
134
-90
35
118
-59
-19
-34
26
-26
-20
-176
14
-6
-142
-31
17
-114
-164
-50
-133
-9
-249
-97
-24
-63
-93
-89
-69
-220
-51
-204
-148
-87
-209
-188
-12
-155
-141
-86
-134
-35
-233
-223
-42
-219
-132
4
-159
-44
-103
-207
-61
-76
-194
-22
37
-79
45
10
-69
28
-18
5
123
-43
-23
-5
-61
12
-63
-90
36
-45
-95
5
-109
-93
-77
-3
19
-54
-23
28
-30
-91
-40
-62
-8
56
-59
-20
-64
-136
-117
-3
-10
-121
-180
-100
-96
-92
-53
-39
12
-53
-9
-28
19
-66
-48
0
39
63
-58
-10
50
96
-101
-19
83
4
86
137
114
2
79
41
111
173
144
48
142
120
21
30
13
68
56
87
63
87
42
-3
-36
-58
-95
-107
-104
28
-53
-66
-76
-87
-50
-120
-56
-45
42
46
59
-1
16
21
-18
143
72
78
94
-22
17
-19
-175
-63
-91
-212
-79
-239
-217
-250
-376
-287
-333
-316
-224
-239
-286
-240
-328
-192
-122
-131
-60
77
22
72
22
7
102
20
167
311
338
257
238
221
142
56
61
96
82
104
50
-29
-49
-124
-175
-110
-31
-59
-23
-23
-59
-91
-131
-21
2
150
151
214
222
176
207
224
367
301
377
370
429
297
320
346
235
321
259
234
178
104
73
10
45
-33
-120
-139
-131
-195
-224
-140
-255
-170
-265
-172
-90
-124
-57
-141
-54
-69
-16
7
26
7
-20
66
21
133
102
120
174
142
136
66
116
141
128
139
247
88
48
88
165
339
249
207
22
5
-53
27
76
178
108
-21
42
-127
-105
-145
-2
167
276
266
190
173
89
102
227
368
521
563
571
490
392
396
390
556
635
685
619
592
479
317
325
320
362
370
380
216
75
-16
-66
-32
31
96
80
27
18
-60
-107
-84
-155
-61
-49
-45
-121
-192
-274
-271
-243
-177
-136
-136
33
91
119
150
223
237
413
494
587
686
632
584
593
797
860
829
704
611
567
378
296
194
85
-54
-181
-352
-402
-539
-712
-682
-579
-471
-457
-370
-335
-194
-105
7
241
482
565
761
856
928
990
983
1001
1084
1137
987
914
849
746
593
452
459
295
237
149
64
-11
-56
-138
-141
-30
-70
17
34
73
112
141
176
365
385
444
450
354
333
207
119
1
-90
-207
-340
-417
-610
-713
-911
-1005
-869
-738
-682
-593
-485
-459
-435
-342
-6
233
447
555
631
754
673
697
867
939
964
892
779
620
416
161
-87
-241
-387
-543
-684
-901
-1114
-1231
-1359
-1300
-1156
-1058
-869
-749
-544
-376
-163
63
362
644
883
1040
1108
1147
1204
1216
1246
1239
1149
1010
762
622
445
249
62
10
-70
-115
-282
-393
-411
-459
-498
-459
-305
-213
-167
-84
-21
-83
49
83
173
351
280
313
162
31
-120
-247
-369
-464
-548
-790
-903
-1117
-1228
-1351
-1360
-1175
-953
-706
-630
-535
-401
-291
-34
202
477
661
733
785
783
856
765
661
602
606
571
371
136
-175
-449
-699
-955
-1050
-1190
-1378
-1472
-1518
-1460
-1465
-1439
-1198
-851
-631
-346
-71
204
476
700
939
1154
1318
1338
1337
1311
1231
1132
987
873
816
526
292
128
-48
-157
-327
-378
-486
-467
-506
-511
-522
-458
-368
-242
-7
86
215
234
313
353
411
469
415
418
307
136
-107
-305
-445
-603
-812
-953
-1147
-1208
-1405
-1544
-1491
-1456
-1255
-1036
-723
-382
-157
46
241
433
723
864
995
1161
1243
1161
1062
919
749
573
415
325
116
-86
-359
-748
-958
-1225
-1458
-1638
-1688
-1650
-1621
-1513
-1464
-1291
-1070
-809
-439
41
419
655
847
1073
1282
1405
1487
1473
1447
1329
1133
972
785
473
209
15
-155
-237
-470
-545
-596
-622
-593
-604
-514
-423
-336
-190
-60
86
193
275
484
551
628
645
652
574
526
404
205
55
-229
-389
-562
-812
-955
-1201
-1346
-1634
-1788
-1716
-1628
-1408
-1273
-1082
-847
-516
-117
205
485
634
853
1085
1154
1260
1254
1184
972
790
650
482
203
-168
-317
-442
-606
-909
-1265
-1406
-1642
-1762
-1861
-1858
-1682
-1638
-1426
-1181
-959
-787
-553
-121
397
732
933
1094
1285
1396
1361
1162
1045
939
829
724
531
280
-49
-318
-471
-543
-631
-770
-752
-656
-545
-463
-420
-317
-185
-55
33
233
370
490
589
538
606
529
483
370
252
133
-90
-280
-583
-753
-970
-1113
-1260
-1371
-1518
-1653
-1781
-1863
-1749
-1568
-1245
-997
-765
-477
-77
376
663
773
832
918
1033
1086
1177
1209
933
555
172
-64
-186
-457
-629
-745
-779
-928
-1264
-1599
-1805
-1826
-1833
-1745
-1594
-1337
-1242
-1108
-910
-654
-334
-92
346
858
1142
1279
1210
1212
1227
1131
1015
851
722
504
264
-19
-228
-482
-630
-681
-628
-569
-666
-710
-595
-396
-269
-150
11
165
351
435
422
530
554
606
561
533
480
312
174
-27
-133
-363
-690
-842
-975
-1033
-1173
-1293
-1358
-1461
-1491
-1554
-1511
-1359
-1156
-908
-657
-366
-22
344
708
842
850
838
889
1034
1095
1197
1065
667
214
-172
-368
-526
-692
-838
-864
-833
-961
-1225
-1557
-1686
-1650
-1568
-1419
-1257
-1043
-894
-806
-606
-356
-107
188
593
1033
1268
1256
1117
1002
987
889
788
576
332
128
-135
-415
-625
-712
-775
-676
-626
-583
-576
-584
-398
-187
67
218
321
421
515
511
520
445
520
534
471
423
222
113
-128
-294
-568
-673
-778
-868
-1019
-1126
-1239
-1310
-1423
-1465
-1444
-1366
-1173
-1113
-895
-652
-432
-230
42
512
843
890
794
776
838
878
881
814
686
367
-76
-356
-516
-743
-915
-972
-793
-725
-852
-1275
-1563
-1569
-1525
-1347
-1198
-938
-824
-841
-730
-521
-223
1
222
627
980
1153
1060
897
728
695
596
516
416
166
-68
-424
-651
-756
-779
-744
-671
-592
-532
-475
-462
-301
-196
80
160
301
345
334
341
175
197
66
117
7
-53
-211
-378
-583
-754
-896
-997
-1079
-1187
-1262
-1381
-1349
-1442
-1410
-1533
-1532
-1480
-1383
-1049
-915
-594
-475
-133
377
779
893
619
554
608
789
872
909
806
347
-262
-623
-758
-742
-971
-1133
-1020
-834
-932
-1350
-1694
-1867
-1730
-1503
-1201
-893
-851
-1008
-1111
-935
-540
-201
156
552
929
1057
963
740
665
606
570
636
590
455
30
-412
-691
-836
-718
-646
-522
-568
-636
-667
-658
-504
-259
-31
189
290
326
201
31
16
35
123
181
117
41
-187
-379
-614
-762
-801
-924
-942
-1100
-1146
-1266
-1385
-1421
-1425
-1379
-1374
-1381
-1278
-1139
-892
-682
-481
-155
235
675
840
736
614
605
727
746
881
806
512
-22
-579
-737
-834
-961
-1175
-1217
-1050
-960
-1164
-1535
-1749
-1730
-1562
-1298
-995
-777
-771
-897
-867
-580
-197
105
424
757
1005
1033
877
690
538
462
456
494
411
135
-276
-705
-831
-868
-774
-666
-679
-596
-651
-584
-486
-311
-114
38
173
288
260
148
-32
-90
56
16
35
-205
-309
-502
-706
-824
-996
-1025
-1190
-1242
-1307
-1337
-1367
-1457
-1483
-1403
-1396
-1348
-1372
-1299
-1075
-868
-509
-192
326
769
826
565
300
483
663
776
878
866
551
-164
-742
-966
-1000
-1077
-1225
-1203
-1015
-958
-1210
-1641
-1863
-1734
-1424
-1112
-743
-489
-560
-760
-875
-603
-201
165
529
845
1084
1066
881
627
453
421
463
556
455
195
-277
-707
-894
-797
-606
-540
-481
-430
-425
-442
-369
-227
-55
238
454
582
542
368
29
-113
-98
20
80
-76
-258
-556
-746
-913
-1033
-1009
-1045
-1076
-1140
-1162
-1221
-1381
-1369
-1332
-1209
-1136
-1178
-1076
-1014
-769
-606
-318
290
783
1054
689
390
383
494
682
799
1012
745
42
-642
-925
-901
-1077
-1270
-1305
-1137
-924
-1083
-1454
-1782
-1802
-1566
-1280
-832
-524
-345
-508
-680
-549
-209
245
580
876
1055
1146
1049
821
583
441
413
437
407
240
-98
-576
-905
-944
-762
-603
-553
-581
-529
-483
-304
-219
-39
136
364
647
644
524
229
5
5
95
198
73
-176
-408
-672
-852
-951
-1014
-1029
-1116
-1195
-1204
-1244
-1299
-1426
-1396
-1355
-1321
-1179
-1095
-887
-680
-512
-143
395
959
1051
684
405
478
783
904
994
1036
657
-77
-767
-945
-937
-1124
-1348
-1421
-1192
-1114
-1368
-1767
-2019
-1846
-1491
-1141
-821
-526
-436
-582
-682
-468
-29
387
701
908
1087
1146
1047
808
523
385
366
388
325
123
-244
-716
-1027
-1008
-828
-664
-660
-707
-693
-580
-407
-316
-116
33
368
520
589
437
135
-35
-93
40
38
-87
-354
-643
-865
-1017
-1052
-1110
-1169
-1251
-1331
-1288
-1415
-1478
-1569
-1432
-1330
-1250
-1148
-1036
-922
-911
-708
-222
562
1150
1121
638
298
320
520
739
1007
1117
648
-155
-810
-994
-1117
-1380
-1566
-1474
-1171
-1189
-1476
-1938
-2110
-1966
-1632
-1206
-792
-450
-401
-554
-636
-451
-45
364
740
983
1080
1078
968
758
511
383
376
396
341
125
-318
-776
-982
-977
-773
-645
-617
-642
-644
-521
-413
-243
-82
159
418
616
691
471
249
5
-2
12
48
-109
-298
-585
-863
-1046
-1118
-1023
-1168
-1232
-1356
-1235
-1228
-1350
-1354
-1352
-1124
-1111
-1034
-937
-819
-617
-500
-28
700
1322
1312
760
386
490
705
936
1140
1242
780
-104
-742
-996
-1003
-1221
-1418
-1422
-1213
-1089
-1402
-1770
-2035
-1819
-1501
-1081
-626
-299
-131
-261
-303
-121
329
773
1119
1291
1330
1373
1323
1080
740
518
499
495
424
272
-21
-411
-715
-706
-578
-399
-380
-308
-278
-49
144
306
422
584
856
987
1093
918
760
565
521
497
393
241
12
-218
-463
-631
-757
-822
-994
-1108
-1085
-868
-718
-827
-917
-969
-835
-753
-518
-273
-32
153
374
849
1479
1817
1521
1018
865
1148
1472
1687
1700
1357
581
-211
-563
-596
-577
-774
-1001
-1085
-1069
-1147
-1421
-1708
-1758
-1502
-1080
-663
-241
34
67
-65
-84
261
806
1342
1598
1622
1668
1691
1612
1219
895
759
792
763
593
364
-15
-381
-607
-507
-328
-188
-221
-251
-121
127
387
495
621
752
943
1024
1029
861
648
500
414
443
331
164
-128
-462
-773
-894
-824
-811
-919
-1138
-1102
-1007
-894
-975
-998
-914
-783
-616
-449
-146
86
347
705
1295
1724
1665
1256
956
1064
1355
1701
1900
1763
1116
324
-223
-438
-489
-611
-763
-876
-935
-1068
-1357
-1686
-1742
-1620
-1340
-985
-523
-99
88
79
25
223
651
1172
1599
1819
1918
1974
1904
1629
1243
1007
997
995
948
735
499
128
-242
-406
-389
-166
-121
-74
-44
136
401
531
681
750
934
996
1075
1101
1033
875
644
510
419
323
170
-120
-379
-601
-707
-760
-885
-1059
-1163
-1097
-986
-968
-1058
-1058
-918
-667
-511
-322
-97
182
572
1048
1605
1799
1619
1273
1134
1253
1512
1843
1910
1557
825
214
-166
-352
-511
-627
-755
-882
-971
-1194
-1403
-1673
-1773
-1792
-1577
-1117
-578
-108
25
46
32
231
591
1074
1530
1835
2064
2059
1879
1500
1121
967
951
966
820
637
408
123
-208
-493
-525
-377
-236
-163
-66
87
317
435
524
586
656
719
796
879
855
730
543
368
243
148
-33
-268
-553
-721
-786
-871
-1018
-1183
-1220
-1158
-1069
-1157
-1240
-1247
-1087
-872
-676
-365
-29
357
723
1045
1252
1235
1151
1065
1047
1195
1496
1734
1565
992
416
5
-229
-419
-536
-623
-781
-1022
-1364
-1648
-1822
-1897
-1952
-1942
-1654
-1208
-768
-542
-454
-377
-183
130
486
905
1286
1609
1714
1605
1348
1080
906
868
863
799
633
413
237
-24
-342
-597
-656
-552
-438
-358
-313
-195
-37
67
116
121
146
208
288
347
338
320
228
101
-26
-160
-339
-539
-697
-829
-889
-959
-1081
-1229
-1280
-1264
-1270
-1306
-1311
-1250
-1153
-1043
-905
-681
-356
12
388
659
769
708
604
525
544
764
1081
1310
1124
720
294
-34
-296
-496
-583
-698
-801
-1021
-1236
-1422
-1594
-1771
-1992
-2049
-1875
-1492
-1112
-870
-702
-608
-475
-247
87
427
790
1091
1235
1246
1135
1026
928
884
778
617
476
382
318
135
-85
-294
-371
-394
-486
-529
-485
-290
-106
-43
-93
-167
-171
-186
-161
-135
-99
-108
-154
-237
-289
-311
-409
-562
-743
-810
-835
-849
-898
-958
-982
-971
-984
-1075
-1122
-1163
-1143
-1112
-971
-764
-540
-289
-71
169
298
342
277
176
187
386
746
963
930
684
418
182
-61
-225
-320
-342
-439
-617
-817
-1009
-1215
-1456
-1672
-1753
-1632
-1380
-1117
-940
-857
-794
-720
-525
-250
95
390
578
689
692
707
689
741
783
754
683
616
580
505
389
224
130
114
78
-30
-89
-64
45
73
33
-29
-73
-103
-129
-134
-106
-94
-162
-266
-343
-369
-370
-417
-518
-624
-690
-706
-702
-726
-731
-696
-674
-667
-693
-762
-842
-887
-862
-781
-683
-566
-464
-315
-141
21
109
68
-4
-20
81
271
452
543
481
335
141
-41
-177
-258
-309
-365
-440
-549
-673
-832
-1001
-1155
-1244
-1212
-1076
-918
-811
-745
-703
-621
-487
-276
-32
146
243
285
336
415
459
508
511
518
531
494
473
401
365
304
282
297
291
260
197
199
212
229
182
73
-15
-77
-68
-64
-102
-163
-250
-344
-437
-469
-470
-497
-522
-576
-600
-585
-568
-567
-578
-542
-495
-454
-466
-522
-580
-637
-668
-679
-640
-602
-570
-525
-424
-245
-106
-50
-60
-28
29
121
221
314
389
376
268
92
-45
-111
-180
-222
-229
-208
-228
-345
-522
-708
-773
-743
-638
-559
-521
-496
-461
-382
-281
-116
21
101
90
80
156
254
355
398
410
451
496
534
543
519
469
412
401
462
541
585
582
534
468
399
319
254
199
177
206
211
160
65
-34
-125
-204
-232
-229
-212
-204
-247
-287
-305
-323
-345
-353
-326
-250
-224
-279
-359
-404
-432
-488
-516
-570
-583
-583
-550
-428
-328
-219
-166
-100
-13
96
199
248
305
325
332
293
254
212
154
112
30
-3
-1
25
-24
-134
-232
-313
-362
-416
-425
-413
-365
-344
-349
-298
-196
-57
-4
8
20
76
125
158
243
334
454
530
522
498
481
480
469
528
617
720
760
721
678
647
606
540
475
424
430
448
441
407
329
229
111
7
-53
-85
-78
-94
-110
-120
-174
-233
-278
-290
-237
-174
-144
-128
-181
-229
-262
-297
-298
-314
-346
-386
-384
-361
-315
-259
-218
-130
-49
61
138
190
252
270
244
180
145
122
93
55
28
25
38
58
32
29
59
82
67
3
-59
-86
-57
-41
-57
-57
-55
-49
-48
-28
12
28
27
30
69
101
158
226
281
309
312
326
354
435
525
606
654
689
720
681
654
635
630
606
570
555
525
487
403
319
242
184
133
81
40
11
8
-49
-114
-164
-183
-166
-122
-102
-103
-98
-131
-159
-176
-148
-131
-143
-218
-296
-329
-334
-289
-241
-150
-66
9
87
159
234
278
311
287
273
271
259
235
178
170
183
201
194
156
189
297
404
415
367
302
275
268
253
247
254
277
249
197
155
138
136
100
99
131
186
238
265
284
297
323
360
444
537
625
726
800
855
881
857
816
810
819
827
849
836
786
692
597
509
455
422
365
337
301
274
236
187
135
95
114
149
171
155
126
107
106
82
65
41
25
-17
-92
-143
-201
-231
-232
-182
-50
79
178
216
270
344
417
480
495
526
527
510
470
435
408
362
348
372
400
448
516
562
552
487
407
369
363
400
406
381
338
265
204
180
163
144
136
123
153
183
229
258
262
314
393
473
557
629
713
806
849
862
865
892
893
872
860
857
865
863
792
682
556
446
406
366
351
330
315
302
265
212
154
130
143
169
198
206
204
169
141
131
103
65
19
-32
-104
-171
-250
-336
-343
-261
-148
-55
1
49
134
250
342
422
490
548
566
541
518
514
495
435
387
356
378
411
462
494
478
413
295
204
149
159
188
205
174
88
-11
-70
-55
-3
51
128
210
295
368
448
565
653
743
798
865
945
1027
1097
1108
1096
1037
986
900
831
819
828
826
762
687
591
524
479
450
413
357
296
257
292
348
383
377
352
312
315
322
323
340
332
314
235
173
107
7
-61
-129
-144
-182
-213
-210
-159
-31
114
299
480
653
758
784
773
823
898
951
1011
1049
1049
941
775
642
566
544
522
510
502
447
313
138
-21
-131
-151
-136
-102
-54
-22
-22
-16
22
95
223
367
509
628
761
898
1001
1100
1166
1214
1221
1230
1223
1211
1172
1105
1047
944
836
710
607
555
512
476
438
425
382
364
358
341
327
280
291
329
404
405
389
345
316
320
322
304
232
143
-6
-129
-217
-273
-322
-334
-321
-322
-308
-298
-195
4
310
628
831
932
918
899
909
1010
1163
1307
1374
1271
1103
893
717
560
467
425
400
327
168
-16
-217
-351
-458
-491
-455
-381
-257
-139
-36
24
90
199
370
583
783
963
1105
1229
1324
1364
1365
1390
1413
1412
1371
1335
1279
1177
1012
856
726
618
518
405
360
354
383
396
404
395
365
314
269
290
355
442
516
534
501
439
383
330
344
333
265
125
-59
-212
-350
-432
-460
-455
-468
-445
-398
-300
-104
226
628
931
1051
1019
1009
1050
1174
1416
1668
1774
1625
1345
1070
864
732
631
538
375
195
-28
-244
-454
-679
-827
-942
-939
-835
-614
-380
-203
-105
-52
87
317
605
872
1131
1378
1534
1574
1552
1528
1527
1535
1485
1369
1311
1252
1143
1001
807
579
370
222
140
138
147
188
217
233
243
240
263
312
378
427
489
541
570
547
466
356
225
144
25
-74
-189
-315
-441
-606
-749
-886
-966
-986
-950
-824
-634
-344
77
557
900
1020
1003
1010
1093
1273
1577
1866
1982
1795
1431
1068
787
630
509
422
294
116
-136
-432
-718
-951
-1125
-1267
-1301
-1165
-875
-565
-368
-292
-263
-145
98
443
827
1166
1463
1622
1635
1551
1438
1406
1392
1355
1250
1166
1113
1022
888
688
461
241
104
43
72
168
311
387
385
332
300
313
332
383
424
495
541
554
483
351
191
13
-121
-278
-392
-502
-637
-804
-983
-1113
-1215
-1245
-1242
-1140
-992
-815
-547
-145
404
846
1008
950
886
925
1114
1448
1810
1952
1697
1215
761
470
277
178
80
-28
-194
-449
-725
-1056
-1318
-1546
-1713
-1740
-1546
-1150
-766
-502
-467
-519
-510
-285
119
540
958
1256
1385
1307
1132
984
894
902
843
760
672
644
588
447
237
-28
-258
-368
-344
-215
-7
188
266
220
125
62
90
158
234
284
279
256
165
54
-62
-186
-333
-501
-675
-801
-923
-1042
-1189
-1357
-1516
-1639
-1638
-1548
-1422
-1240
-1008
-662
-163
377
721
762
626
565
654
944
1334
1659
1675
1271
689
210
-33
-129
-158
-172
-306
-485
-726
-949
-1196
-1448
-1677
-1880
-1880
-1623
-1165
-758
-589
-660
-820
-805
-540
-86
383
784
1035
1067
932
737
617
566
568
517
402
377
399
421
254
-43
-335
-535
-505
-315
-48
160
307
281
150
26
43
159
300
417
404
329
192
73
-105
-311
-512
-722
-862
-969
-1029
-1136
-1297
-1538
-1816
-1982
-1992
-1829
-1617
-1378
-1183
-1006
-757
-306
330
777
887
710
570
587
812
1165
1429
1376
860
234
-230
-386
-388
-376
-406
-584
-832
-1097
-1280
-1440
-1569
-1650
-1785
-1774
-1575
-1178
-815
-668
-734
-922
-919
-647
-186
244
538
652
559
355
140
80
148
256
247
137
25
-55
-131
-240
-376
-552
-644
-575
-331
-59
180
294
240
105
5
58
232
440
518
463
257
68
-131
-324
-509
-732
-915
-1118
-1218
-1360
-1496
-1669
-1869
-2024
-2109
-2041
-1893
-1674
-1460
-1300
-1141
-905
-401
264
773
848
599
389
410
616
957
1213
1180
666
-73
-602
-782
-699
-642
-639
-795
-1055
-1214
-1291
-1289
-1384
-1519
-1690
-1726
-1447
-944
-415
-241
-441
-865
-1078
-835
-304
275
576
609
405
130
-113
-223
-139
-32
-20
-156
-256
-252
-192
-194
-376
-624
-793
-668
-323
88
365
459
388
220
181
244
454
659
715
604
359
153
-23
-170
-360
-529
-711
-872
-1002
-1137
-1306
-1527
-1735
-1905
-1906
-1778
-1591
-1447
-1371
-1300
-1220
-991
-545
190
870
1106
871
456
335
437
711
999
1123
837
123
-490
-807
-833
-794
-792
-835
-942
-976
-999
-1021
-1113
-1275
-1407
-1434
-1178
-700
-182
56
-124
-545
-878
-815
-368
156
496
567
438
187
-48
-224
-240
-159
-106
-118
-154
-135
-126
-197
-377
-580
-679
-543
-199
166
370
411
327
200
214
373
625
845
881
756
470
218
58
-38
-108
-222
-368
-585
-772
-933
-1074
-1210
-1350
-1476
-1494
-1408
-1344
-1309
-1269
-1100
-963
-762
-548
-158
448
1013
1267
1043
724
546
532
672
927
1109
851
230
-392
-732
-817
-753
-692
-676
-724
-798
-809
-784
-754
-777
-866
-940
-828
-447
67
449
396
-5
-444
-488
-109
417
807
879
758
472
184
-13
-79
33
105
58
-83
-123
-103
-86
-180
-400
-510
-417
-38
296
529
568
479
438
448
634
807
958
940
758
484
186
23
-95
-117
-192
-353
-618
-893
-1029
-1088
-1067
-1108
-1189
-1262
-1252
-1164
-1023
-917
-820
-766
-676
-538
-291
211
853
1377
1282
801
378
226
376
595
894
886
434
-240
-794
-943
-886
-728
-648
-647
-689
-739
-709
-733
-735
-766
-757
-654
-409
-9
297
345
72
-296
-390
-122
367
696
820
763
621
445
207
43
25
167
226
178
120
113
96
-36
-154
-195
-101
56
310
503
646
647
575
544
586
730
813
827
710
510
335
134
-9
-137
-176
-224
-348
-577
-737
-841
-875
-893
-934
-965
-934
-795
-672
-622
-624
-624
-619
-589
-472
-153
457
1140
1482
1230
606
159
60
249
586
979
1032
491
-350
-985
-1146
-987
-714
-554
-563
-650
-716
-715
-707
-741
-821
-837
-706
-423
-14
276
290
-39
-430
-501
-159
417
819
932
781
548
295
44
-60
13
182
251
208
87
-36
-124
-212
-244
-275
-203
-8
275
478
512
462
410
448
505
536
542
522
440
272
-9
-223
-359
-354
-384
-470
-685
-951
-1104
-1133
-1058
-1003
-940
-883
-839
-824
-846
-839
-798
-688
-601
-553
-520
-320
89
635
1072
1075
686
161
-48
83
388
731
885
598
-166
-881
-1168
-1031
-776
-689
-742
-887
-973
-987
-845
-662
-595
-687
-890
-888
-613
-102
291
286
-73
-438
-429
-48
444
764
809
668
406
119
-95
-126
-1
141
123
-21
-96
-40
-27
-104
-228
-277
-132
186
559
728
733
601
473
442
476
538
513
429
241
-56
-284
-427
-424
-427
-477
-641
-844
-975
-1022
-961
-865
-769
-692
-687
-724
-796
-874
-875
-795
-652
-531
-458
-405
-324
-88
346
772
876
575
236
115
219
424
676
772
435
-205
-735
-878
-754
-630
-602
-675
-770
-858
-858
-818
-835
-882
-927
-894
-691
-322
-15
57
-160
-427
-495
-215
270
655
769
640
449
252
115
17
57
208
329
284
120
28
-54
-98
-132
-77
104
328
574
627
581
488
483
534
583
602
557
446
295
101
-54
-166
-244
-341
-450
-532
-641
-687
-741
-717
-718
-722
-666
-665
-634
-684
-641
-692
-713
-709
-677
-589
-575
-503
-367
17
577
928
888
482
170
132
268
554
831
837
395
-323
-752
-826
-656
-591
-660
-765
-912
-884
-877
-806
-807
-819
-812
-805
-544
-165
186
207
-87
-379
-415
-50
386
658
661
511
346
130
-43
-98
33
185
167
75
-40
-61
-91
-135
-118
-29
178
364
481
520
500
495
530
550
548
546
476
355
163
-5
-152
-277
-384
-442
-444
-425
-501
-634
-773
-862
-853
-771
-628
-464
-470
-623
-889
-987
-930
-785
-647
-633
-640
-596
-432
-62
431
866
930
614
178
5
165
515
806
790
339
-307
-788
-869
-789
-773
-859
-920
-889
-797
-723
-706
-787
-932
-977
-839
-497
-80
194
126
-233
-578
-640
-343
143
510
593
427
147
-85
-218
-198
-84
18
96
92
63
-2
-99
-79
-22
154
231
305
393
448
558
524
511
480
446
442
293
155
-49
-176
-264
-373
-399
-404
-417
-496
-682
-818
-893
-819
-656
-572
-436
-465
-576
-768
-897
-821
-789
-687
-686
-642
-602
-651
-552
-391
78
576
893
823
379
77
31
264
569
697
586
91
-476
-878
-984
-911
-900
-854
-819
-776
-757
-694
-506
-464
-544
-684
-636
-330
25
261
133
-193
-478
-540
-214
234
551
474
210
-44
-186
-174
-151
-59
59
202
241
152
80
28
59
120
171
206
384
659
833
782
570
309
206
235
292
261
147
34
-200
-376
-520
-551
-474
-495
-504
-640
-697
-707
-666
-547
-520
-459
-487
-534
-560
-586
-602
-742
-775
-778
-751
-670
-734
-665
-442
36
543
723
631
202
-92
-33
288
678
716
536
-24
-642
-961
-969
-796
-771
-774
-767
-694
-540
-528
-569
-671
-729
-634
-473
-195
-12
29
-219
-550
-627
-472
-59
243
291
123
-106
-208
-217
-106
1
121
251
301
238
75
9
12
96
214
356
444
507
445
332
188
146
122
155
187
131
-2
-246
-404
-492
-520
-544
-568
-616
-649
-704
-707
-727
-652
-564
-505
-499
-470
-546
-616
-722
-746
-841
-854
-897
-970
-1058
-1077
-1024
-917
-707
-419
-102
223
405
369
198
97
208
369
430
362
173
-134
-565
-906
-992
-959
-901
-886
-789
-711
-670
-740
-876
-936
-878
-656
-419
-261
-259
-361
-451
-523
-494
-360
-156
53
126
79
5
-14
-9
-7
57
171
269
289
175
81
33
66
116
215
300
356
365
309
185
73
62
104
128
97
-25
-173
-329
-429
-502
-503
-541
-525
-517
-479
-471
-484
-513
-562
-528
-475
-426
-401
-385
-414
-556
-791
-955
-1050
-1026
-1027
-1061
-1075
-1084
-980
-846
-589
-183
153
462
500
517
482
400
398
310
315
190
-40
-324
-695
-912
-1148
-1225
-1193
-1104
-860
-698
-561
-651
-807
-865
-818
-582
-336
-141
-102
-211
-346
-460
-357
-141
87
210
197
159
105
90
82
71
53
43
108
169
182
169
146
147
144
178
245
307
295
161
2
-81
-68
-17
49
-14
-137
-237
-319
-397
-478
-416
-335
-268
-276
-398
-457
-501
-490
-489
-491
-387
-309
-273
-463
-731
-922
-1015
-1014
-965
-926
-928
-985
-978
-957
-789
-528
-177
216
607
858
833
642
373
231
224
261
204
13
-273
-635
-1013
-1307
-1432
-1295
-1045
-795
-603
-477
-445
-461
-427
-438
-452
-293
-12
210
227
84
-122
-325
-376
-249
-46
141
172
161
74
-95
-196
-188
-73
56
207
338
361
316
209
143
136
157
232
325
358
328
229
76
-115
-180
-139
-77
-81
-124
-206
-308
-349
-339
-294
-196
-160
-147
-205
-310
-360
-366
-343
-400
-408
-419
-466
-612
-775
-881
-929
-916
-864
-826
-685
-567
-456
-370
-250
15
326
617
730
672
514
270
57
-56
-28
-35
-234
-461
-671
-810
-907
-905
-783
-645
-455
-212
50
166
106
3
-87
-104
-26
140
311
294
126
-127
-308
-314
-169
51
165
173
154
143
122
73
127
272
441
577
619
532
382
325
364
400
440
447
430
371
236
109
42
58
105
126
142
132
141
143
85
38
22
78
136
136
102
40
-24
-115
-190
-205
-174
-136
-126
-167
-308
-481
-605
-653
-569
-465
-339
-318
-329
-334
-403
-432
-425
-279
-43
131
225
152
22
-161
-311
-341
-303
-158
-70
-49
-57
-110
-149
-222
-192
-19
206
421
458
424
325
158
-64
-242
-262
-162
9
58
-44
-204
-369
-384
-235
21
258
408
519
525
514
466
424
459
562
660
727
741
681
560
428
329
241
240
317
406
433
349
208
100
157
305
448
527
490
453
392
329
313
267
320
416
522
497
356
226
95
42
22
23
105
183
229
106
-74
-192
-240
-196
-148
-180
-244
-326
-380
-436
-444
-381
-249
-47
49
94
143
223
315
322
389
496
620
711
685
673
663
549
396
325
354
390
409
375
204
-29
-207
-257
-244
-193
-73
31
96
87
90
191
329
465
590
713
765
780
733
660
622
654
715
719
688
632
553
432
365
387
444
461
439
426
433
437
431
430
427
470
542
575
547
496
461
442
460
454
438
429
407
381
330
304
238
191
168
135
157
157
91
-41
-197
-298
-387
-472
-554
-583
-520
-525
-623
-730
-783
-699
-541
-307
-20
222
386
445
529
642
714
772
818
909
902
768
668
541
324
54
-81
-10
114
162
97
-49
-187
-254
-222
-98
54
194
267
285
304
318
323
359
423
507
535
579
614
636
582
446
360
344
401
511
600
576
426
315
347
466
543
566
566
572
570
586
589
590
582
594
617
649
691
669
620
537
479
464
486
572
621
600
486
321
215
196
184
144
64
-64
-185
-261
-333
-386
-449
-516
-572
-618
-630
-629
-582
-502
-378
-248
-131
-7
192
414
534
528
475
480
566
663
664
550
379
192
77
41
18
-23
-46
1
68
72
7
-89
-147
-126
-57
35
83
60
0
-65
-90
-112
-102
-18
110
200
225
208
184
231
309
329
290
284
331
437
520
516
453
405
377
386
390
366
336
336
355
350
329
317
329
376
430
456
450
419
414
408
396
358
312
267
207
125
19
-93
-157
-163
-137
-153
-200
-267
-326
-369
-413
-413
-415
-393
-381
-397
-427
-455
-505
-529
-492
-432
-358
-294
-240
-167
-84
-48
-45
-53
-39
21
106
188
163
110
70
67
113
179
216
203
158
75
-45
-149
-221
-252
-214
-234
-308
-421
-480
-510
-509
-477
-446
-360
-219
-81
-11
1
2
40
154
253
330
418
470
497
476
429
342
275
282
310
335
313
259
204
150
136
143
184
235
279
318
311
237
167
115
70
27
-2
-4
4
6
-25
-56
-103
-134
-99
-31
16
-7
-29
-54
-48
-65
-145
-212
-273
-313
-359
-424
-517
-589
-673
-733
-746
-715
-665
-640
-610
-577
-492
-399
-316
-211
-136
-99
-34
68
145
187
171
78
-12
-52
-52
-56
-72
-113
-206
-276
-334
-378
-409
-373
-340
-313
-329
-346
-330
-242
-144
-116
-104
-40
34
95
147
167
188
217
258
279
319
328
336
342
375
403
414
416
400
412
460
481
448
415
376
359
350
308
240
186
146
128
103
75
54
67
111
147
193
225
237
250
307
382
418
423
395
352
327
310
280
243
183
91
-3
-99
-183
-228
-275
-295
-355
-421
-486
-502
-456
-433
-407
-416
-417
-368
-279
-183
-117
-155
-235
-256
-218
-161
-101
-90
-126
-193
-225
-183
-94
-7
21
6
-14
-6
64
158
227
241
205
129
82
131
176
185
157
126
74
59
74
83
106
119
150
206
264
268
266
307
345
386
435
482
529
561
574
566
547
507
460
418
378
301
236
213
205
217
217
187
184
224
246
243
279
300
330
410
461
487
491
478
463
447
444
432
415
412
378
337
273
213
133
88
34
-4
-65
-164
-256
-353
-426
-494
-544
-623
-673
-714
-728
-763
-749
-726
-720
-694
-639
-558
-484
-411
-372
-300
-235
-152
-53
55
149
210
268
302
342
360
369
365
344
287
223
185
161
147
136
95
41
13
8
11
-6
20
33
66
118
171
218
259
311
341
398
440
474
517
571
574
540
513
491
520
561
567
571
552
532
528
537
557
574
610
616
621
615
578
537
531
547
559
582
596
585
585
579
530
481
460
471
504
530
503
402
309
230
174
143
108
89
25
-71
-209
-335
-428
-480
-508
-567
-636
-724
-778
-776
-759
-738
-702
-645
-552
-469
-397
-293
-206
-116
-15
64
121
185
268
336
407
455
451
443
456
493
527
544
516
470
453
413
363
349
342
290
222
196
178
176
210
230
234
257
285
318
370
457
535
591
637
697
786
886
964
1004
1013
998
1037
1095
1137
1129
1099
1055
1013
974
930
901
864
821
765
717
687
671
646
610
605
608
627
629
624
616
611
608
614
637
613
586
556
536
491
406
308
203
154
93
42
-24
-109
-223
-317
-376
-411
-433
-448
-459
-495
-522
-537
-522
-502
-478
-487
-453
-386
-334
-281
-228
-204
-197
-137
-27
76
143
193
211
248
311
375
426
457
448
407
379
410
446
438
389
343
330
321
327
346
364
385
369
362
387
433
496
549
580
607
653
717
777
816
849
891
896
891
906
896
865
854
823
822
845
842
814
783
753
714
686
665
649
631
613
596
547
498
429
401
374
338
296
280
293
287
265
211
163
118
106
82
78
61
55
32
-2
-34
-77
-91
-127
-159
-196
-237
-316
-391
-494
-558
-640
-686
-715
-714
-717
-763
-769
-800
-812
-823
-773
-717
-623
-596
-560
-493
-440
-399
-349
-280
-237
-179
-133
-25
44
111
178
228
229
237
257
275
311
352
417
437
432
415
429
435
408
409
393
384
393
412
428
422
395
377
405
461
548
617
652
660
670
681
704
726
765
798
788
760
724
684
637
593
518
444
369
313
270
225
202
175
128
92
63
88
111
115
117
107
127
162
201
198
196
198
184
139
87
58
61
66
14
-55
-121
-180
-229
-285
-336
-386
-444
-499
-560
-612
-651
-708
-769
-820
-845
-866
-859
-862
-869
-885
-880
-879
-850
-802
-750
-678
-614
-522
-469
-405
-338
-230
-150
-72
-1
123
210
264
347
396
442
467
499
511
520
520
507
481
463
446
432
405
375
361
368
389
394
428
454
451
433
402
373
370
386
405
426
425
413
381
355
349
342
350
348
343
343
341
338
326
291
242
195
153
128
133
123
92
62
41
11
-21
-55
-72
-75
-73
-55
-42
-28
-35
-51
-61
-69
-80
-102
-105
-150
-176
-204
-236
-266
-305
-347
-392
-441
-513
-555
-595
-617
-650
-666
-688
-711
-737
-769
-766
-770
-778
-784
-730
-694
-641
-581
-532
-513
-458
-405
-344
-270
-192
-120
-55
18
63
129
161
211
257
346
413
461
504
528
535
541
558
533
514
512
532
523
490
450
391
352
321
325
320
311
320
346
366
374
377
356
359
380
397
431
477
521
535
524
505
472
442
418
404
401
412
401
378
358
334
324
288
253
217
201
191
171
159
120
76
13
-31
-54
-31
-48
-44
-39
-60
-106
-160
-166
-155
-124
-115
-130
-177
-183
-194
-198
-217
-239
-228
-209
-187
-198
-225
-245
-268
-281
-276
-271
-262
-271
-303
-364
-400
-418
-434
-412
-399
-401
-403
-398
-415
-395
-329
-258
-169
-120
-111
-113
-69
-4
71
144
191
236
304
388
445
505
533
545
569
606
651
707
784
805
787
747
719
686
663
648
613
578
552
545
533
536
528
510
479
466
484
535
571
578
586
594
594
597
576
543
511
488
476
476
488
470
434
383
323
267
230
211
194
194
209
176
155
118
81
68
38
42
54
76
95
140
174
170
157
149
170
182
225
229
229
204
188
186
181
184
155
114
71
46
27
13
-43
-102
-129
-144
-185
-236
-255
-291
-303
-319
-315
-303
-330
-340
-356
-323
-293
-235
-183
-158
-138
-108
-51
-16
41
84
141
184
264
318
360
406
422
435
439
468
500
562
605
640
649
631
624
635
634
613
611
615
612
598
582
532
474
437
411
406
422
444
425
414
402
368
358
364
365
364
369
368
370
364
345
314
304
270
255
239
237
250
252
246
216
184
154
135
125
143
151
150
155
175
170
150
142
120
132
175
201
214
208
171
160
130
113
132
143
160
157
156
126
96
80
64
56
45
46
25
26
10
-30
-64
-99
-113
-135
-115
-101
-80
-95
-109
-127
-150
-146
-134
-70
-69
-74
-96
-87
-96
-88
-64
-71
-54
-53
-22
-14
47
72
95
84
115
159
180
222
236
275
271
307
345
403
416
411
418
414
432
428
470
492
490
465
467
459
424
416
401
407
420
421
403
391
371
351
344
347
376
382
411
400
366
341
315
311
320
322
311
284
265
281
311
310
280
224
187
178
220
273
291
280
268
269
282
327
356
361
365
372
392
414
440
461
466
454
439
423
435
439
429
407
384
368
320
261
229
200
188
172
148
110
50
4
-38
-58
-106
-142
-129
-133
-180
-212
-221
-258
-302
-323
-319
-320
-333
-317
-318
-346
-381
-400
-364
-314
-259
-229
-204
-179
-115
-57
-2
94
165
172
214
289
344
374
390
413
447
495
550
564
561
546
512
498
475
478
461
448
441
421
373
331
312
320
324
336
354
346
335
360
377
358
341
354
379
411
460
463
445
419
412
406
404
425
459
501
530
560
569
557
533
528
528
519
517
517
524
520
502
487
448
426
407
406
418
421
435
444
438
436
441
434
426
428
440
442
453
441
410
366
311
287
245
218
196
185
160
120
96
89
88
51
10
-42
-51
-39
-31
-16
-44
-79
-103
-117
-162
-166
-158
-155
-133
-131
-103
-123
-122
-116
-79
-46
-35
-17
17
82
136
180
217
259
279
325
388
430
457
459
487
517
548
576
621
667
695
722
756
791
805
817
796
777
755
762
753
757
724
705
683
663
669
656
655
639
635
631
645
646
648
642
638
624
610
625
624
622
618
623
614
605
601
597
595
584
557
543
537
537
524
502
507
507
516
493
482
473
457
463
469
492
469
433
401
393
397
383
354
323
275
213
161
110
76
44
21
-17
-51
-95
-129
-140
-149
-171
-201
-203
-229
-225
-213
-199
-179
-178
-190
-209
-203
-202
-175
-157
-146
-137
-127
-105
-99
-59
-42
-49
-51
-58
-37
4
58
94
113
130
145
173
211
256
287
345
393
436
504
547
554
548
561
592
640
671
703
712
708
720
736
764
765
794
805
773
737
724
724
710
701
683
627
586
583
606
619
599
555
533
535
529
546
548
535
509
490
461
460
477
464
429
384
362
330
315
307
296
282
283
273
262
244
222
201
197
221
217
208
171
155
149
124
129
120
127
123
139
134
140
165
183
189
171
159
112
101
85
75
66
33
-8
-41
-39
-48
-65
-98
-97
-107
-110
-100
-88
-62
-48
-47
-53
-22
-10
-1
8
44
60
74
96
106
108
104
112
101
116
141
162
210
228
207
236
253
257
273
315
339
372
430
501
558
594
609
597
618
655
694
733
755
756
754
764
740
720
711
679
640
615
615
604
581
546
502
461
401
373
358
337
320
316
322
304
288
263
251
244
264
272
287
297
293
304
274
258
261
270
280
284
300
301
301
278
280
290
292
292
300
317
316
316
310
307
278
259
255
256
257
256
251
252
245
231
211
206
204
221
227
249
244
239
248
265
273
270
282
280
300
325
343
337
337
340
336
368
394
402
411
420
452
477
472
446
439
427
435
441
446
453
433
426
401
401
396
382
360
344
351
344
349
344
357
348
339
343
348
363
375
421
451
457
443
465
484
487
494
521
552
536
561
583
607
616
622
631
630
655
660
669
649
650
630
612
600
570
551
527
532
521
483
451
442
437
420
402
383
378
390
407
417
413
402
405
404
392
392
376
361
389
409
413
412
400
406
405
417
422
427
431
444
461
455
461
469
478
474
498
514
497
501
521
534
531
517
487
473
468
480
482
484
480
435
409
388
386
376
367
351
340
325
300
283
271
268
257
257
257
252
220
193
163
146
139
149
160
153
178
200
203
196
193
210
234
279
325
333
301
316
364
381
376
348
327
308
327
361
397
428
402
387
405
431
455
493
527
525
562
594
625
634
678
702
682
673
673
696
691
708
729
703
694
690
683
682
683
693
698
690
671
669
668
667
636
629
634
636
635
644
636
591
567
533
530
532
520
496
467
480
489
484
475
470
464
463
455
453
472
484
492
502
485
457
436
426
431
435
433
429
432
431
424
407
371
357
360
362
382
392
382
356
328
316
299
283
264
270
261
247
241
202
187
192
211
228
241
231
215
212
221
239
221
209
170
162
169
181
197
201
190
190
224
259
266
251
244
245
259
282
330
354
375
365
360
373
374
372
379
419
436
431
445
481
477
500
522
527
532
534
565
582
581
564
576
586
563
565
585
555
551
589
591
570
546
513
499
486
467
468
463
460
439
434
409
391
389
387
392
393
395
379
363
347
320
299
284
266
260
256
245
235
232
225
231
248
254
264
276
282
288
285
267
253
251
222
200
195
193
206
216
218
215
214
213
213
209
207
209
206
199
204
217
222
213
211
211
189
199
205
214
227
235
269
297
318
327
337
332
334
345
365
386
409
438
452
471
473
454
440
429
434
458
480
494
500
504
492
469
474
475
486
508
512
517
537
551
549
567
568
573
603
630
644
650
660
650
647
642
635
622
611
614
614
616
581
562
563
561
572
567
572
567
558
549
516
497
490
496
476
455
441
436
418
406
411
380
342
317
313
313
306
296
276
248
233
221
221
230
229
234
252
272
253
242
240
243
286
320
311
330
346
351
355
361
380
383
410
425
417
371
347
344
351
367
367
344
307
294
293
305
296
277
247
228
235
245
264
251
242
253
248
270
303
347
375
365
337
325
324
333
358
360
371
374
384
383
368
332
316
327
358
386
377
354
348
349
318
297
307
326
333
353
372
372
355
336
318
302
288
281
316
328
290
283
289
271
259
252
230
221
212
218
239
250
241
233
235
233
243
263
252
233
227
256
277
309
342
328
294
268
267
274
283
270
248
226
214
208
208
200
206
210
205
203
230
245
235
223
218
208
202
215
211
211
209
207
189
177
178
181
161
153
142
137
137
135
124
112
110
103
99
92
82
98
100
84
81
73
77
91
96
90
81
72
46
43
51
63
62
53
57
57
59
66
60
42
32
34
27
19
26
35
41
31
28
15
20
43
57
53
48
62
71
61
30
46
48
49
56
70
75
38
39
44
48
35
45
54
63
77
69
71
65
71
60
55
61
70
88
84
94
82
71
50
63
74
70
90
91
93
80
85
74
64
62
78
105
120
143
146
143
124
134
132
131
138
139
147
125
118
124
109
93
92
84
61
57
42
37
27
22
23
27
35
32
22
20
26
25
15
10
4
-16
-25
-22
-17
-28
-44
-52
-68
-76
-79
-94
-88
-84
-72
-77
-71
-80
-97
-99
-105
-109
-116
-100
-88
-93
-89
-71
-73
-86
-101
-87
-72
-63
-50
-38
-37
-35
-31
-22
-16
-4
9
-7
-5
15
41
55
65
65
66
34
25
49
48
37
34
57
56
47
74
99
80
74
93
95
102
120
114
84
81
68
49
71
99
112
117
120
107
86
87
102
116
122
129
106
77
78
87
75
56
59
60
69
75
89
88
53
42
61
59
51
49
58
34
26
34
32
2
-33
-39
-45
-46
-24
-6
-16
-25
-44
-36
-46
-33
1
-4
-27
-46
-47
-56
-55
-65
-92
-121
-134
-123
-106
-111
-151
-157
-144
-132
-124
-138
-123
-103
-92
-105
-108
-104
-114
-120
-104
-91
-111
-94
-50
-40
-52
-67
-78
-83
-78
-54
-37
-28
-35
-49
-43
-19
-5
10
1
6
18
41
61
77
85
72
73
61
65
94
114
114
105
86
85
83
72
61
47
28
32
30
42
39
15
-3
-34
-50
-64
-47
-34
-20
1
15
29
15
10
18
23
12
25
34
30
36
31
18
-8
-24
-41
-61
-68
-77
-77
-62
-71
-71
-75
-95
-104
-100
-102
-128
-134
-135
-143
-155
-163
-166
-173
-176
-170
-160
-153
-172
-197
-207
-185
-165
-151
-146
-140
-113
-100
-96
-77
-82
-87
-67
-50
-44
-25
-6
2
25
37
34
12
17
30
22
35
46
42
54
55
59
57
44
29
39
64
61
61
62
49
65
77
62
44
42
55
73
81
80
60
51
45
52
72
90
108
118
125
120
98
90
110
116
98
101
102
83
94
117
123
109
103
100
102
109
104
86
70
69
57
40
30
30
22
16
12
7
-30
-51
-61
-65
-63
-54
-54
-66
-85
-106
-103
-102
-92
-76
-80
-73
-66
-61
-53
-59
-51
-60
-74
-73
-53
-52
-53
-62
-65
-57
-47
-51
-45
-59
-75
-61
-49
-40
-35
-27
-27
-22
-27
-17
-10
-16
-15
-15
-5
0
-15
-25
-11
9
22
16
18
38
43
60
77
79
67
55
58
66
78
80
91
102
109
109
117
131
140
136
114
121
133
136
129
134
110
86
77
76
82
70
56
51
49
33
32
40
57
62
59
43
41
52
69
79
86
85
83
83
84
77
52
49
58
71
71
52
31
26
35
34
24
23
47
59
61
53
39
4
-36
-36
-9
2
9
19
23
30
46
56
66
85
110
98
77
88
92
98
100
102
93
78
71
88
85
84
89
95
117
129
114
109
116
132
133
107
123
143
159
162
173
165
140
135
139
150
160
177
171
166
164
171
165
154
155
139
126
119
126
138
132
117
104
125
152
193
226
212
207
203
209
232
268
292
280
265
258
265
245
249
248
235
217
218
232
233
244
238
233
234
225
217
222
221
222
221
213
220
229
217
213
222
225
226
242
255
256
256
243
237
237
252
241
227
248
269
263
258
259
236
236
248
255
252
270
288
293
315
333
330
309
299
299
322
331
353
370
372
378
381
395
392
405
428
440
443
446
449
436
437
425
399
385
407
433
439
459
475
478
464
440
457
474
475
470
480
507
500
495
496
502
485
472
490
506
526
554
563
544
545
550
545
540
550
552
559
562
566
573
551
533
528
524
527
532
548
538
510
508
507
495
509
528
519
524
535
536
542
547
546
545
556
563
550
540
538
540
545
552
544
535
525
527
549
553
553
565
576
563
552
568
577
593
591
586
584
586
602
619
639
645
642
632
637
625
627
616
606
613
606
598
593
592
596
604
602
602
606
604
630
643
650
665
681
706
720
724
693
685
680
700
744
742
751
760
765
768
753
776
791
802
793
799
791
781
797
790
782
790
806
822
831
850
839
809
812
835
848
853
840
812
825
848
866
857
846
830
810
820
848
856
844
845
864
865
854
867
863
858
879
897
910
888
879
872
866
876
868
880
887
889
896
887
869
845
832
844
863
864
863
848
825
819
838
853
819
771
715
699
737
803
832
821
793
751
735
762
796
817
838
819
794
789
791
781
784
796
762
718
701
721
749
731
698
676
664
657
684
701
699
700
694
677
668
665
677
711
710
692
681
684
691
686
685
668
652
645
635
634
634
616
594
592
597
576
552
566
584
597
585
603
623
651
649
639
652
628
627
653
693
698
683
632
628
644
629
619
596
570
540
544
547
535
523
500
486
484
472
481
499
512
518
512
516
518
501
510
519
519
518
515
530
554
560
547
538
519
515
505
499
485
485
490
504
534
527
510
483
470
459
443
454
468
476
463
465
471
438
404
399
417
425
421
436
438
424
437
445
452
469
486
505
522
525
522
507
496
507
525
531
532
537
554
577
596
585
567
562
574
590
577
580
586
584
555
528
510
495
501
521
532
528
518
515
534
549
542
528
521
519
529
536
556
570
572
565
568
562
565
581
596
619
626
628
613
622
620
615
617
623
641
655
652
653
655
660
660
650
640
634
642
656
655
637
641
635
632
627
621
611
600
598
592
595
607
609
610
619
623
622
620
634
657
656
648
641
639
642
646
640
620
586
584
595
602
630
616
609
603
603
607
605
594
614
628
627
633
634
627
612
617
612
629
647
649
639
629
607
600
598
604
602
593
602
604
607
598
597
582
574
566
553
555
553
541
521
518
495
501
488
477
492
495
486
482
486
488
485
495
501
492
492
484
482
475
470
454
446
431
427
417
402
381
362
358
363
372
390
396
393
392
394
383
386
370
351
341
344
357
368
369
366
370
364
338
321
305
309
328
321
312
293
288
281
287
276
273
251
234
254
267
278
290
282
258
250
240
268
309
333
330
304
292
295
287
278
260
244
249
279
300
292
270
250
251
259
277
279
270
258
252
250
251
238
222
227
247
249
254
257
271
278
263
239
213
196
208
212
210
217
199
192
180
160
144
120
110
122
118
119
134
157
172
158
136
110
108
112
125
143
159
167
154
137
100
83
90
87
70
55
47
26
21
27
16
-9
-29
-31
-16
-17
-24
-2
15
8
18
30
24
5
3
23
43
45
33
22
10
21
24
43
48
35
24
28
51
65
68
60
52
45
47
44
39
44
49
47
45
51
45
26
26
25
21
24
27
22
26
34
19
19
21
26
32
47
59
59
61
66
66
62
59
77
72
80
78
69
82
85
73
62
56
48
50
47
54
75
64
53
37
35
34
30
27
27
33
43
41
33
34
20
6
0
-6
-10
7
21
29
17
21
36
37
40
29
8
10
8
2
-8
-14
-22
-22
-11
-11
-17
-17
2
11
23
20
-3
-27
-25
-35
-32
-28
-40
-42
-67
-76
-89
-93
-98
-97
-99
-88
-82
-67
-53
-66
-68
-63
-68
-68
-75
-62
-40
-37
-26
-33
-32
-25
-29
-20
-31
-31
-25
-14
-7
-13
-24
-43
-44
-47
-29
-26
-23
-10
-8
-12
-34
-34
-24
-12
-2
11
13
31
42
43
41
24
13
4
23
21
16
15
25
17
18
17
-3
2
5
7
31
23
14
7
-7
-3
-8
-25
-20
-12
6
23
13
-3
-26
-31
-15
14
16
-5
-35
-59
-53
-48
-51
-56
-67
-78
-72
-65
-58
-66
-64
-61
-42
-24
-10
-5
-18
-10
-1
-5
-2
16
24
39
46
47
19
10
23
52
63
63
48
57
102
149
168
134
86
31
28
63
120
135
105
82
47
64
107
149
154
164
160
142
159
172
165
149
142
118
108
99
107
105
94
68
52
43
29
34
37
57
72
71
56
60
73
84
82
81
93
100
109
111
93
74
49
40
43
37
37
29
35
52
55
50
34
30
25
23
28
17
16
30
55
88
89
81
71
63
96
134
153
150
124
116
129
132
132
106
84
72
75
110
126
109
83
48
30
29
31
64
77
86
96
108
100
75
79
84
96
99
93
110
127
131
127
98
67
58
54
53
49
49
67
94
101
96
88
74
49
38
33
24
30
56
77
87
73
71
74
53
59
75
72
65
67
66
68
78
74
76
83
85
103
114
120
115
114
103
90
80
78
93
96
104
110
109
96
86
89
83
88
99
115
130
123
104
90
81
70
72
77
83
99
97
108
115
101
78
50
39
46
71
85
94
91
82
66
64
68
79
85
99
114
107
88
75
66
62
52
52
64
89
109
115
113
114
104
103
110
108
127
126
108
93
68
54
67
68
54
33
28
34
38
52
62
64
57
47
44
28
26
38
51
61
67
57
77
98
107
105
101
86
82
105
116
115
102
103
108
93
80
82
80
83
83
71
70
61
50
47
53
60
60
77
78
69
69
68
79
72
72
75
76
86
96
104
112
113
115
101
89
87
106
118
133
143
141
136
130
130
125
132
134
141
139
130
139
123
120
119
114
115
126
127
139
147
137
133
139
161
162
179
196
211
212
211
213
210
215
214
216
207
212
214
223
234
224
216
216
224
235
244
264
256
249
241
222
228
238
242
225
217
202
203
209
200
188
165
166
186
198
216
232
222
201
198
204
236
272
281
263
239
239
252
268
274
273
276
263
249
231
212
202
203
209
219
220
197
184
173
169
176
162
163
170
194
211
219
229
228
219
221
213
188
174
180
195
198
207
196
190
193
187
181
171
169
187
197
183
187
189
206
222
224
213
214
216
239
271
287
299
282
255
226
222
225
221
208
183
156
146
137
122
116
112
109
98
87
87
96
92
89
117
134
133
133
123
116
134
143
150
159
148
134
133
128
121
124
132
124
105
90
82
81
75
54
37
50
43
22
24
25
34
34
34
30
24
22
18
26
28
30
17
13
2
12
2
-14
-26
-14
-17
-10
-14
-16
1
-1
1
-17
-22
-16
-10
1
8
7
8
-8
-15
-23
-33
-43
-50
-29
-26
-32
-43
-66
-87
-91
-80
-77
-84
-87
-86
-80
-85
-101
-110
-97
-89
-80
-79
-86
-90
-106
-111
-134
-149
-159
-151
-140
-143
-138
-138
-162
-166
-172
-172
-161
-149
-134
-134
-120
-129
-135
-129
-130
-136
-135
-124
-128
-142
-152
-183
-182
-173
-167
-148
-165
-174
-185
-197
-189
-182
-181
-165
-156
-154
-152
-159
-149
-150
-158
-154
-147
-150
-158
-175
-185
-184
-170
-170
-184
-200
-203
-212
-212
-211
-213
-212
-211
-194
-196
-196
-206
-187
-196
-188
-182
-201
-187
-178
-167
-172
-178
-171
-165
-170
-170
-175
-199
-204
-213
-209
-205
-222
-213
-197
-197
-198
-222
-234
-237
-242
-240
-245
-261
-273
-272
-264
-257
-254
-268
-259
-255
-250
-253
-257
-269
-273
-258
-248
-248
-241
-235
-268
-288
-307
-306
-298
-299
-307
-309
-310
-309
-308
-309
-308
-321
-302
-294
-300
-302
-312
-317
-328
-343
-347
-337
-337
-317
-306
-309
-326
-333
-321
-311
-301
-312
-329
-342
-314
-283
-293
-335
-389
-439
-444
-397
-355
-339
-340
-366
-388
-363
-340
-307
-284
-286
-290
-304
-295
-277
-278
-301
-320
-352
-364
-349
-334
-327
-346
-346
-360
-364
-373
-387
-376
-354
-348
-346
-353
-361
-376
-389
-381
-379
-371
-356
-322
-311
-319
-339
-372
-381
-384
-374
-382
-390
-408
-416
-400
-392
-410
-418
-414
-416
-416
-423
-414
-395
-383
-372
-379
-392
-391
-383
-361
-340
-338
-355
-360
-354
-347
-348
-365
-398
-423
-434
-417
-400
-404
-415
-432
-442
-426
-412
-402
-395
-378
-366
-358
-352
-371
-375
-371
-363
-349
-327
-341
-338
-333
-325
-316
-334
-336
-339
-345
-337
-338
-325
-310
-288
-271
-276
-280
-294
-309
-330
-345
-336
-318
-314
-301
-304
-313
-325
-348
-354
-352
-346
-329
-322
-313
-317
-332
-334
-333
-315
-291
-294
-295
-300
-301
-310
-311
-316
-324
-304
-293
-280
-276
-277
-287
-290
-282
-272
-279
-287
-289
-277
-270
-278
-283
-292
-303
-303
-294
-299
-299
-296
-279
-265
-270
-274
-297
-310
-295
-299
-302
-297
-286
-277
-284
-276
-283
-289
-289
-272
-268
-261
-256
-253
-251
-246
-234
-228
-230
-212
-213
-201
-188
-182
-172
-160
-156
-174
-174
-178
-191
-197
-195
-198
-200
-203
-200
-207
-209
-216
-217
-215
-227
-240
-256
-260
-252
-261
-257
-251
-240
-229
-219
-215
-228
-221
-201
-180
-180
-178
-191
-203
-195
-184
-181
-181
-184
-187
-166
-161
-150
-138
-142
-148
-134
-123
-119
-121
-111
-88
-74
-70
-78
-87
-96
-100
-97
-106
-104
-91
-100
-112
-106
-99
-102
-94
-91
-96
-94
-79
-81
-82
-85
-86
-85
-79
-75
-62
-46
-28
-20
-15
-5
-6
-7
-14
-25
-21
-19
-43
-40
-32
-41
-40
-50
-58
-68
-62
-63
-68
-61
-56
-65
-52
-43
-48
-66
-76
-66
-59
-38
-29
-38
-58
-64
-65
-54
-43
-34
-26
-16
1
-15
-30
-26
-34
-34
-17
-18
-13
-13
-14
15
14
-9
-15
-25
-15
1
21
33
47
51
28
21
17
42
57
74
49
6
-18
-41
-41
-46
-49
-68
-81
-89
-71
-62
-65
-65
-79
-81
-73
-66
-77
-81
-92
-95
-102
-109
-104
-101
-95
-97
-87
-87
-87
-91
-85
-68
-66
-86
-95
-96
-104
-100
-92
-89
-102
-113
-119
-129
-125
-110
-110
-101
-107
-91
-77
-63
-59
-73
-84
-84
-81
-59
-43
-33
-38
-57
-80
-95
-101
-98
-117
-131
-124
-127
-121
-132
-125
-118
-122
-144
-157
-151
-132
-127
-124
-119
-135
-140
-132
-137
-154
-147
-156
-133
-115
-101
-89
-113
-136
-147
-142
-151
-154
-146
-136
-121
-118
-135
-174
-195
-192
-180
-181
-172
-161
-156
-156
-152
-161
-183
-191
-192
-172
-165
-154
-160
-175
-161
-158
-173
-182
-175
-163
-145
-128
-129
-136
-154
-155
-160
-149
-144
-148
-145
-153
-136
-136
-141
-142
-150
-160
-169
-154
-134
-132
-139
-150
-163
-173
-167
-156
-156
-152
-138
-130
-121
-122
-134
-138
-138
-143
-148
-155
-162
-173
-181
-177
-187
-201
-215
-210
-201
-200
-203
-204
-205
-205
-207
-203
-200
-205
-201
-180
-180
-190
-201
-206
-204
-208
-214
-230
-229
-224
-230
-236
-243
-234
-245
-246
-247
-244
-242
-251
-249
-254
-264
-271
-268
-280
-281
-278
-281
-296
-302
-307
-303
-294
-280
-269
-273
-257
-247
-259
-256
-262
-275
-276
-278
-290
-289
-293
-292
-281
-284
-287
-292
-282
-277
-285
-279
-295
-301
-301
-295
-301
-303
-298
-300
-290
-305
-312
-311
-304
-304
-305
-312
-308
-302
-303
-298
-300
-311
-312
-316
-304
-304
-301
-298
-301
-302
-288
-288
-303
-301
-280
-272
-267
-264
-282
-299
-296
-275
-260
-259
-263
-280
-300
-300
-300
-304
-296
-289
-280
-274
-275
-277
-298
-293
-272
-244
-223
-221
-232
-244
-237
-235
-227
-222
-201
-196
-210
-207
-217
-245
-258
-253
-234
-227
-229
-245
-230
-197
-163
-168
-206
-262
-294
-288
-241
-177
-161
-167
-203
-222
-227
-201
-160
-143
-147
-170
-185
-172
-151
-154
-170
-187
-221
-230
-229
-206
-187
-208
-229
-248
-278
-292
-291
-272
-248
-227
-221
-216
-223
-214
-214
-222
-215
-207
-195
-170
-147
-161
-188
-204
-210
-209
-203
-197
-212
-219
-218
-202
-200
-228
-235
-239
-237
-229
-223
-214
-205
-189
-170
-167
-147
-147
-161
-146
-133
-127
-134
-149
-154
-150
-161
-172
-192
-217
-230
-233
-226
-213
-221
-239
-254
-257
-252
-234
-201
-179
-156
-144
-135
-133
-143
-136
-111
-93
-83
-72
-68
-53
-32
-32
-30
-50
-60
-70
-74
-74
-78
-70
-52
-33
-21
-13
-35
-51
-67
-73
-62
-57
-45
-49
-52
-50
-47
-59
-55
-46
-43
-39
-43
-35
-21
-11
0
13
23
34
38
41
46
46
32
27
34
33
24
0
-16
-16
-10
-6
-5
-1
-7
-4
-11
-14
-2
7
25
22
10
-4
-23
-28
-29
-44
-56
-60
-62
-43
-30
-33
-57
-81
-90
-91
-74
-53
-47
-46
-59
-74
-72
-64
-43
-24
-6
4
3
13
15
16
8
9
20
25
32
41
32
30
27
18
4
9
18
18
13
5
-5
-16
-8
-1
4
-13
-20
-30
-36
-42
-53
-63
-64
-57
-54
-51
-47
-47
-45
-47
-55
-62
-64
-64
-53
-44
-47
-66
-71
-72
-84
-63
-56
-55
-60
-71
-83
-89
-74
-74
-58
-39
-39
-35
-39
-62
-83
-84
-87
-73
-75
-77
-81
-92
-111
-115
-121
-123
-115
-123
-117
-111
-113
-117
-136
-139
-146
-156
-150
-143
-124
-114
-110
-107
-111
-118
-107
-104
-94
-82
-84
-75
-73
-74
-81
-90
-88
-94
-103
-110
-95
-89
-91
-103
-125
-132
-131
-137
-127
-102
-90
-78
-71
-96
-128
-141
-134
-113
-115
-109
-98
-94
-101
-101
-107
-97
-91
-83
-77
-77
-71
-80
-85
-98
-101
-113
-124
-105
-90
-76
-74
-88
-106
-114
-104
-98
-69
-42
-43
-55
-75
-76
-58
-41
-16
-29
-60
-68
-63
-48
-50
-39
-42
-58
-55
-53
-53
-65
-79
-95
-108
-104
-108
-122
-148
-159
-169
-185
-179
-171
-147
-129
-117
-112
-132
-148
-146
-171
-184
-191
-199
-204
-200
-198
-186
-192
-211
-234
-254
-258
-269
-245
-234
-223
-229
-241
-231
-225
-210
-206
-211
-232
-248
-237
-230
-222
-211
-196
-196
-199
-197
-197
-199
-209
-224
-243
-245
-240
-233
-234
-235
-249
-270
-272
-273
-254
-239
-219
-214
-192
-177
-166
-157
-156
-145
-150
-140
-132
-129
-127
-136
-150
-147
-142
-150
-151
-168
-179
-165
-145
-131
-111
-122
-133
-136
-149
-149
-156
-160
-154
-149
-156
-160
-167
-179
-164
-151
-138
-130
-150
-151
-136
-97
-90
-109
-109
-91
-76
-79
-76
-76
-77
-88
-89
-84
-82
-71
-55
-35
-24
-21
-19
-29
-34
-33
-20
-11
6
12
6
-5
-26
-22
-20
-28
-29
-33
-46
-49
-43
-23
-23
-23
-23
-28
-35
-44
-42
-30
-25
-18
-21
-34
-43
-47
-41
-52
-45
-45
-46
-55
-63
-67
-67
-69
-70
-58
-68
-63
-57
-39
-23
-34
-34
-26
-27
-33
-37
-55
-60
-71
-76
-71
-72
-88
-112
-126
-140
-136
-127
-130
-126
-107
-97
-84
-77
-81
-86
-80
-73
-69
-70
-70
-73
-76
-74
-68
-75
-63
-53
-55
-51
-52
-55
-48
-40
-47
-37
-33
-27
-33
-30
-28
-24
-17
-1
6
12
23
29
23
20
25
24
19
26
34
34
27
3
-9
-7
8
14
11
0
-10
0
3
2
14
10
3
18
32
36
38
45
59
72
73
65
62
48
57
56
45
53
44
38
42
53
59
67
77
64
59
62
52
58
66
59
60
61
62
71
75
69
58
55
76
80
51
39
34
33
31
31
45
43
59
71
82
97
111
126
122
136
121
110
109
112
121
135
145
116
71
63
70
96
119
117
99
85
88
99
118
141
152
132
116
96
92
75
68
66
60
61
63
65
76
67
44
43
58
69
72
80
88
100
88
71
67
74
97
135
148
162
176
167
163
181
190
177
158
158
166
176
182
173
181
173
181
182
166
162
176
175
170
188
194
222
245
248
234
229
227
248
279
291
272
246
225
228
239
250
248
215
206
206
222
230
212
200
202
213
231
236
255
257
272
276
282
287
287
299
317
348
351
343
331
323
332
334
322
326
324
307
299
310
323
317
304
283
278
274
288
302
308
315
333
345
351
357
347
356
357
360
363
365
368
372
374
383
375
379
383
388
390
399
420
426
436
442
439
450
457
461
463
448
435
435
432
416
413
409
409
404
408
402
399
387
385
387
380
375
387
394
390
390
363
360
354
355
374
389
380
376
378
372
372
373
379
390
405
415
398
384
371
362
376
383
393
381
378
381
368
357
358
373
378
398
402
392
388
385
371
371
371
368
371
363
351
349
339
337
331
315
307
296
290
298
305
301
295
293
305
310
316
