-504
-508
-513
-507
-506
-504
-508
-518
-529
-544
-549
-554
-554
-544
-535
-531
-516
-513
-514
-525
-521
-509
-503
-504
-519
-525
-536
-545
-550
-547
-548
-559
-556
-557
-549
-539
-548
-559
-569
-556
-547
-547
-522
-521
-514
-523
-525
-532
-533
-525
-514
-501
-496
-492
-491
-487
-488
-497
-510
-515
-520
-530
-548
-552
-574
-582
-593
-600
-585
-568
-556
-559
-557
-553
-549
-556
-561
-556
-568
-566
-565
-553
-548
-547
-536
-526
-518
-514
-520
-528
-525
-511
-505
-508
-528
-544
-560
-563
-558
-550
-548
-553
-550
-553
-566
-585
-578
-573
-576
-595
-603
-602
-593
-596
-590
-580
-574
-574
-588
-599
-609
-607
-601
-596
-583
-565
-563
-545
-545
-550
-539
-542
-539
-553
-559
-560
-550
-539
-531
-517
-507
-496
-487
-458
-448
-439
-435
-427
-439
-458
-476
-474
-488
-499
-495
-500
-497
-501
-512
-524
-534
-545
-537
-536
-529
-530
-525
-521
-520
-498
-491
-492
-499
-507
-500
-496
-478
-468
-470
-459
-447
-429
-421
-414
-409
-411
-414
-421
-436
-426
-426
-429
-440
-450
-448
-448
-442
-441
-441
-436
-423
-411
-390
-393
-384
-373
-369
-369
-357
-353
-355
-347
-343
-352
-347
-347
-347
-339
-349
-351
-351
-349
-343
-342
-350
-350
-364
-350
-354
-356
-352
-345
-341
-326
-314
-321
-333
-329
-330
-327
-316
-323
-316
-335
-335
-340
-349
-357
-371
-370
-374
-379
-371
-372
-365
-365
-371
-374
-376
-391
-401
-409
-412
-408
-402
-421
-427
-417
-417
-406
-408
-407
-415
-423
-427
-434
-431
-436
-425
-423
-417
-410
-419
-413
-410
-392
-379
-360
-361
-362
-357
-345
-340
-339
-346
-334
-340
-340
-340
-339
-342
-346
-326
-323
-306
-306
-303
-313
-321
-306
-297
-292
-300
-294
-288
-284
-264
-259
-242
-238
-238
-228
-207
-209
-203
-203
-199
-190
-203
-204
-214
-211
-209
-213
-221
-216
-200
-212
-214
-219
-211
-187
-174
-160
-148
-151
-168
-178
-181
-183
-183
-166
-151
-153
-162
-161
-141
-137
-137
-135
-120
-117
-99
-80
-79
-67
-71
-57
-50
-57
-66
-68
-56
-54
-51
-47
-42
-33
-32
-18
0
-1
17
26
27
8
18
33
34
50
49
47
41
43
28
32
45
42
40
44
45
36
31
37
39
44
49
52
44
37
27
16
8
-6
-5
-2
2
-3
-6
-4
2
-5
-17
-26
-37
-36
-38
-45
-59
-56
-52
-46
-32
-12
-17
-24
-31
-36
-42
-45
-36
-44
-50
-66
-79
-77
-83
-104
-114
-120
-109
-98
-104
-101
-114
-111
-104
-101
-93
-82
-71
-69
-62
-66
-71
-65
-61
-46
-33
-34
-49
-41
-43
-49
-48
-45
-41
-44
-43
-41
-29
-23
-13
0
5
28
57
63
90
92
104
110
101
84
64
62
64
80
88
92
91
84
74
60
44
42
33
31
34
25
33
32
36
39
46
60
72
83
92
96
102
99
111
112
108
126
133
128
146
147
144
155
150
145
144
146
155
181
191
199
193
187
180
178
188
208
228
236
245
255
253
247
263
285
291
306
310
318
326
317
316
323
316
308
305
304
297
282
287
280
280
287
271
281
286
283
284
291
295
294
286
284
276
260
245
238
248
238
228
224
219
213
223
214
210
190
177
176
166
179
162
157
145
122
108
105
111
107
111
116
116
126
132
109
106
99
96
92
98
106
107
102
103
107
107
105
106
107
105
117
130
142
140
143
153
169
159
148
143
137
123
121
121
116
120
133
148
147
136
127
118
144
144
137
142
133
134
147
144
138
146
133
139
140
137
146
130
143
145
133
137
135
147
142
138
146
125
121
116
106
117
106
100
103
93
94
96
88
97
96
81
88
76
73
90
101
112
113
117
124
130
126
115
113
121
121
124
117
110
108
101
98
97
81
83
78
77
77
61
64
70
79
80
69
79
96
97
100
108
124
127
133
137
149
140
144
158
149
153
155
165
157
167
153
141
152
155
141
138
135
128
124
117
125
126
119
123
109
78
64
51
35
27
33
32
32
49
33
30
17
10
28
39
59
71
71
86
109
123
126
116
98
79
87
81
82
82
78
60
50
41
42
52
60
59
62
53
44
38
54
77
82
88
99
107
126
145
159
162
175
189
197
205
218
242
248
264
277
283
278
284
306
306
319
327
334
339
331
330
334
344
356
364
385
395
415
447
451
451
452
452
444
458
464
468
495
506
512
517
521
516
520
530
532
540
540
523
524
531
525
524
513
513
524
545
553
556
560
558
563
570
594
610
623
626
633
641
653
661
656
653
657
661
668
676
687
691
684
685
681
681
683
698
721
744
761
767
772
776
800
816
825
823
821
830
841
863
857
856
856
847
842
834
833
840
846
839
853
849
847
852
871
887
899
915
911
914
918
908
909
913
909
908
890
885
874
870
864
836
833
824
804
790
785
787
779
791
782
763
749
739
740
741
730
712
714
714
724
719
712
693
682
677
658
651
648
651
655
664
672
669
663
665
658
652
657
662
669
661
660
649
642
649
642
637
623
615
628
647
649
641
636
630
620
614
618
609
599
593
584
596
589
574
576
572
576
573
560
553
554
553
560
556
544
538
542
554
561
562
555
545
552
541
558
564
557
567
569
574
569
567
564
556
553
561
573
580
578
574
577
558
556
561
560
561
557
562
549
546
544
542
533
549
556
544
537
529
534
535
520
529
526
526
533
531
530
527
541
544
535
538
533
527
531
554
559
564
551
533
523
518
550
557
553
564
570
567
582
583
585
585
581
581
585
578
576
557
551
558
550
555
544
549
523
502
480
462
464
452
459
471
476
463
458
448
442
440
446
447
464
471
472
487
504
504
497
493
483
480
475
479
466
457
441
429
416
412
418
425
425
430
430
405
389
377
376
379
370
365
363
364
368
360
375
378
378
386
389
391
385
398
413
423
437
445
442
446
457
468
483
491
486
466
472
488
484
478
492
498
497
509
516
520
510
489
476
462
459
460
468
467
475
473
469
464
452
443
445
441
438
445
447
447
436
443
441
454
463
463
471
484
489
489
497
503
520
527
532
550
558
557
545
540
526
514
510
504
496
482
487
483
477
479
472
475
469
472
478
499
519
542
542
551
563
571
575
589
597
594
602
604
593
585
589
590
597
599
578
572
575
584
572
565
560
556
551
555
573
574
561
561
562
561
568
571
560
559
562
565
571
568
570
562
561
550
539
537
533
530
530
516
515
516
504
502
490
484
479
460
440
436
442
434
431
427
425
403
409
405
417
420
434
443
435
447
442
447
453
458
454
453
440
449
456
458
471
465
467
481
486
492
505
500
505
518
526
529
537
545
545
551
555
574
579
584
601
600
612
615
608
616
612
628
630
627
616
615
627
620
625
622
625
618
614
612
622
625
622
632
634
621
604
609
600
610
609
609
607
591
587
583
592
582
585
575
558
562
574
584
596
598
580
573
564
559
558
564
579
585
581
582
585
578
569
579
596
607
610
609
608
604
612
611
624
633
639
648
651
659
658
671
667
663
669
656
661
680
686
680
679
675
665
661
656
653
654
659
668
651
642
639
634
621
611
617
621
623
607
595
592
565
546
539
546
563
573
574
571
552
515
504
504
507
501
503
518
523
511
500
492
486
483
474
449
447
451
445
442
425
392
379
372
378
382
385
387
357
338
337
332
321
308
289
290
282
284
284
280
273
272
280
275
269
269
264
251
258
246
255
254
253
248
246
244
245
237
233
231
229
228
227
233
216
220
227
230
229
230
234
222
218
212
204
184
181
191
183
189
192
185
176
147
125
92
75
61
52
44
36
45
28
20
17
13
10
18
17
5
9
-2
6
12
22
27
28
36
27
28
35
30
34
37
27
26
19
9
5
11
9
8
1
-9
1
-2
2
3
14
18
14
25
39
51
57
53
64
59
63
61
65
64
65
65
54
51
37
36
37
48
50
37
40
47
35
36
35
37
27
22
24
11
4
-3
-1
-6
-13
-28
-31
-34
-25
-26
-30
-25
-44
-57
-70
-70
-61
-64
-61
-63
-69
-80
-94
-101
-102
-99
-108
-109
-120
-128
-127
-141
-151
-158
-178
-177
-180
-203
-209
-204
-197
-202
-209
-209
-221
-210
-198
-200
-193
-193
-185
-198
-208
-215
-212
-208
-198
-193
-186
-170
-163
-165
-167
-155
-162
-160
-161
-167
-158
-165
-163
-165
-168
-169
-157
-148
-147
-148
-136
-135
-142
-138
-129
-134
-133
-117
-110
-104
-104
-106
-110
-101
-100
-95
-94
-100
-104
-96
-106
-105
-108
-109
-115
-112
-112
-124
-119
-113
-108
-96
-88
-91
-72
-60
-45
-31
-31
-43
-53
-59
-49
-40
-41
-32
-25
-9
4
-4
-8
4
21
34
24
40
34
48
74
93
112
104
112
121
138
146
167
167
167
174
174
180
176
182
209
229
238
235
240
243
246
255
261
263
268
260
235
239
221
213
208
202
212
209
206
188
167
151
121
118
110
100
114
115
112
100
74
66
52
52
58
50
50
62
71
85
93
94
96
96
92
96
93
94
87
90
77
63
61
54
76
74
73
74
70
64
67
61
73
81
81
86
87
102
130
144
160
174
183
185
188
190
186
202
208
213
228
235
232
236
230
238
246
245
239
232
233
224
225
226
222
232
240
254
266
271
280
282
282
272
258
259
255
252
257
247
235
228
221
213
186
183
184
179
181
183
176
178
169
161
170
167
190
193
215
240
254
284
285
296
307
311
327
338
355
355
353
352
351
342
328
337
338
345
346
354
372
377
400
388
386
386
389
410
419
421
407
405
403
400
400
398
407
404
409
422
427
423
420
409
393
404
406
401
413
410
402
394
383
383
398
411
410
410
407
406
404
388
363
355
347
349
359
345
331
321
321
313
295
281
275
263
262
257
244
242
241
247
250
241
231
213
197
192
191
195
196
195
189
182
182
191
180
172
161
163
159
152
164
143
126
119
104
82
82
86
90
74
78
69
51
25
11
28
31
46
48
32
35
28
5
6
-7
-19
-10
-17
-24
-37
-45
-56
-62
-63
-80
-67
-82
-79
-68
-73
-72
-75
-79
-81
-72
-82
-87
-90
-94
-95
-90
-69
-61
-64
-69
-65
-70
-63
-75
-81
-83
-89
-83
-101
-98
-91
-88
-68
-61
-59
-68
-77
-74
-70
-53
-56
-64
-75
-87
-85
-87
-86
-83
-86
-92
-91
-93
-85
-86
-87
-89
-79
-69
-82
-81
-94
-82
-81
-94
-89
-97
-95
-77
-64
-65
-51
-48
-52
-52
-53
-35
-39
-35
-23
-19
-18
-20
-31
-41
-48
-44
-39
-40
-28
-30
-31
-38
-51
-52
-54
-50
-48
-68
-74
-93
-112
-130
-146
-140
-142
-135
-121
-117
-118
-134
-163
-165
-166
-157
-155
-156
-147
-148
-148
-145
-147
-148
-146
-158
-151
-148
-133
-135
-138
-160
-166
-175
-191
-173
-170
-167
-163
-162
-162
-158
-158
-155
-160
-154
-146
-132
-120
-118
-106
-93
-88
-91
-88
-93
-82
-78
-76
-68
-60
-52
-54
-50
-50
-50
-48
-54
-61
-73
-80
-79
-87
-90
-101
-96
-89
-87
-81
-81
-73
-66
-44
-39
-47
-52
-49
-52
-58
-45
-42
-48
-42
-47
-57
-66
-86
-96
-104
-107
-103
-97
-96
-101
-98
-98
-112
-107
-98
-99
-91
-99
-104
-96
-82
-64
-56
-52
-42
-31
-31
-24
-27
-36
-34
-36
-43
-52
-60
-60
-66
-66
-76
-83
-82
-85
-86
-84
-73
-58
-59
-58
-62
-58
-52
-59
-53
-52
-68
-68
-71
-87
-91
-97
-97
-112
-108
-104
-105
-101
-107
-107
-110
-116
-121
-127
-129
-123
-118
-121
-127
-130
-145
-143
-145
-147
-131
-140
-161
-171
-178
-192
-207
-219
-239
-244
-252
-256
-264
-273
-264
-271
-274
-272
-275
-285
-282
-279
-287
-300
-314
-318
-318
-325
-331
-341
-343
-336
-336
-337
-344
-345
-339
-341
-348
-359
-362
-380
-378
-372
-366
-362
-364
-362
-373
-376
-373
-377
-369
-375
-375
-363
-357
-350
-361
-370
-372
-381
-391
-396
-391
-386
-389
-390
-406
-408
-408
-409
-384
-382
-381
-386
-389
-390
-392
-373
-381
-375
-365
-364
-358
-358
-359
-355
-340
-327
-317
-304
-318
-311
-316
-312
-316
-311
-308
-316
-319
-326
-319
-313
-304
-293
-284
-268
-267
-270
-266
-260
-242
-238
-248
-250
-268
-257
-268
-273
-272
-276
-267
-277
-263
-262
-269
-272
-271
-285
-293
-293
-288
-281
-271
-259
-255
-255
-260
-245
-249
-244
-225
-201
-184
-174
-159
-176
-170
-153
-147
-141
-137
-145
-147
-136
-130
-139
-149
-132
-127
-129
-132
-134
-145
-151
-140
-126
-128
-129
-129
-134
-149
-171
-176
-178
-166
-159
-163
-151
-140
-153
-175
-177
-184
-179
-168
-156
-143
-148
-128
-116
-125
-138
-140
-142
-147
-149
-145
-132
-141
-163
-187
-207
-210
-214
-207
-205
-215
-220
-234
-245
-258
-277
-275
-281
-287
-292
-284
-280
-275
-257
-237
-238
-242
-238
-238
-226
-217
-229
-243
-243
-230
-226
-231
-235
-221
-228
-229
-223
-245
-261
-265
-261
-255
-248
-232
-224
-215
-202
-189
-192
-187
-192
-200
-208
-222
-229
-232
-232
-220
-214
-222
-222
-237
-241
-243
-245
-243
-246
-247
-253
-258
-260
-255
-260
-266
-274
-279
-287
-281
-285
-281
-273
-285
-267
-259
-249
-251
-256
-254
-253
-252
-255
-262
-272
-276
-269
-276
-273
-276
-285
-300
-289
-277
-281
-284
-291
-290
-277
-262
-254
-263
-251
-238
-227
-215
-217
-211
-199
-187
-178
-176
-179
-186
-197
-201
-195
-178
-156
-146
-147
-147
-150
-147
-141
-130
-110
-98
-89
-91
-93
-99
-108
-104
-90
-91
-96
-103
-121
-119
-124
-134
-142
-168
-188
-200
-222
-235
-238
-238
-228
-241
-263
-271
-272
-299
-301
-301
-307
-315
-322
-322
-315
-305
-313
-317
-317
-315
-316
-310
-311
-306
-310
-326
-333
-336
-326
-326
-324
-325
-321
-314
-304
-301
-295
-292
-287
-283
-283
-264
-256
-252
-248
-242
-246
-241
-236
-242
-254
-250
-241
-243
-244
-252
-250
-247
-240
-237
-225
-215
-208
-211
-201
-210
-216
-211
-207
-180
-166
-152
-151
-152
-150
-157
-153
-157
-155
-156
-161
-172
-179
-183
-204
-217
-224
-222
-212
-204
-181
-162
-149
-142
-139
-141
-148
-136
-131
-127
-136
-127
-134
-144
-141
-150
-139
-142
-148
-154
-152
-136
-113
-103
-98
-104
-126
-142
-136
-111
-102
-97
-86
-87
-91
-75
-80
-66
-61
-58
-66
-72
-60
-56
-46
-27
-10
-8
-17
-14
-5
-5
7
-2
3
23
24
17
4
-22
-34
-59
-66
-62
-83
-99
-110
-122
-143
-159
-174
-175
-181
-172
-173
-173
-171
-184
-187
-188
-186
-182
-183
-174
-177
-181
-162
-158
-153
-151
-160
-168
-190
-186
-182
-172
-177
-206
-239
-245
-240
-233
-224
-228
-227
-233
-220
-226
-218
-218
-218
-228
-230
-232
-218
-196
-199
-192
-194
-185
-186
-178
-174
-180
-177
-168
-163
-156
-149
-135
-130
-128
-132
-123
-142
-159
-169
-183
-180
-181
-191
-201
-203
-201
-204
-198
-194
-194
-191
-180
-184
-185
-172
-174
-171
-169
-160
-160
-154
-143
-136
-132
-136
-144
-149
-148
-151
-161
-179
-183
-182
-178
-172
-180
-165
-171
-158
-145
-142
-122
-111
-96
-97
-86
-70
-53
-45
-35
-27
-37
-43
-60
-69
-70
-80
-96
-110
-114
-113
-96
-92
-86
-72
-67
-54
-47
-31
-31
-37
-29
-24
-1
9
6
1
3
24
21
28
27
7
-5
-24
-24
-21
-17
-4
6
9
5
11
29
41
59
71
80
96
96
104
108
101
99
104
109
109
108
92
81
72
68
66
57
37
26
9
13
31
29
29
25
23
31
27
24
34
46
57
59
67
75
78
70
41
43
40
43
41
44
56
51
47
41
41
38
34
33
48
63
77
89
87
75
78
81
84
99
110
106
94
88
82
81
98
97
87
84
86
103
115
123
131
125
121
128
131
150
156
160
156
155
164
155
148
143
143
134
125
130
129
128
136
135
121
121
126
114
116
111
100
104
89
85
89
97
100
115
133
131
141
131
129
129
141
153
142
130
109
108
109
127
144
150
163
170
173
174
189
203
222
222
213
200
191
185
190
189
176
167
174
179
179
191
205
221
243
259
267
270
289
312
318
337
337
327
330
344
349
353
356
342
340
323
332
321
315
311
287
273
270
281
256
245
237
227
204
184
185
183
204
218
223
215
221
218
206
198
186
186
176
174
178
174
186
193
213
214
200
197
198
216
203
200
199
183
180
177
182
198
202
198
206
206
203
189
182
177
164
165
165
176
178
176
169
168
196
215
242
248
249
247
269
281
276
281
276
272
261
252
242
237
227
205
187
183
173
177
182
176
182
176
192
227
238
256
271
269
262
254
246
257
272
282
284
304
302
278
267
256
234
230
218
212
224
229
229
231
234
233
239
254
262
270
289
308
333
337
339
347
354
359
366
379
383
380
357
338
316
303
296
298
304
315
330
329
342
352
346
345
342
361
379
395
410
411
399
384
387
384
385
364
358
347
349
362
359
354
326
314
298
309
318
326
335
344
366
367
369
369
373
376
389
391
389
397
383
369
360
347
346
351
350
357
356
363
370
366
353
357
362
367
374
374
370
390
392
381
366
348
329
319
314
308
312
307
309
311
313
297
290
273
279
294
309
328
335
321
313
306
303
292
280
282
265
266
255
257
253
238
224
200
198
197
211
210
206
199
189
194
199
206
203
207
208
215
223
233
245
246
248
238
236
254
267
261
256
250
243
246
256
267
277
278
280
293
293
314
323
333
346
358
371
370
379
367
351
345
330
313
295
279
278
277
272
273
270
272
294
298
302
311
317
321
332
330
331
326
324
331
313
318
306
298
291
275
270
267
244
204
189
181
184
182
190
202
208
202
204
202
205
214
223
240
247
260
269
281
280
295
307
308
307
313
309
308
316
317
313
305
321
321
323
322
318
314
324
344
354
350
338
302
287
276
256
259
249
233
228
212
208
213
201
195
185
190
205
213
221
235
256
268
272
275
274
248
243
255
261
266
253
226
197
162
144
135
121
114
101
95
86
79
63
56
45
30
34
40
66
59
65
65
78
89
81
85
85
101
110
117
119
123
107
98
98
93
99
113
119
123
137
145
137
144
165
176
185
191
213
232
244
255
257
242
222
203
195
186
206
212
223
239
241
238
223
230
223
226
234
229
244
252
250
256
245
248
256
272
266
246
249
258
258
259
260
264
263
257
263
268
280
285
274
274
274
285
282
285
302
312
319
323
320
342
351
346
345
357
372
381
383
375
372
376
398
423
440
450
462
460
480
500
511
514
526
531
534
541
540
545
543
535
525
523
521
523
529
549
562
565
565
565
562
562
567
579
598
612
626
622
623
615
600
605
599
581
569
563
553
557
550
530
508
486
477
452
451
446
444
453
457
449
450
478
479
484
485
480
472
481
488
502
509
487
494
478
477
476
462
464
461
470
487
508
515
514
509
509
515
513
528
549
565
574
570
571
583
576
565
566
559
557
557
559
552
547
537
538
543
553
557
553
557
574
582
589
608
619
634
633
652
642
640
638
633
625
613
605
590
582
563
564
547
533
516
504
502
490
494
494
507
515
508
506
507
500
500
511
519
520
512
502
502
497
509
501
486
487
490
496
500
503
518
536
543
539
546
544
553
569
581
585
574
569
567
563
567
558
548
536
514
515
518
516
532
554
553
568
576
595
595
604
607
599
595
594
614
611
625
619
612
611
601
610
614
600
571
556
533
498
489
479
484
483
482
496
497
498
486
490
479
476
494
516
531
523
536
536
529
518
510
502
486
467
455
444
435
426
413
403
393
401
403
411
420
421
415
403
402
391
396
393
382
365
361
363
353
360
354
363
361
362
360
358
371
370
368
371
372
392
393
392
411
422
435
420
408
395
375
367
368
371
374
364
353
357
352
324
329
326
321
313
311
311
305
309
307
312
315
314
314
307
291
291
290
295
285
276
282
287
275
257
249
254
263
281
291
304
326
336
339
339
372
384
392
402
410
419
413
416
408
399
381
368
358
347
339
319
340
349
352
348
334
353
369
378
383
384
385
396
424
445
458
447
457
451
442
438
441
441
438
443
402
391
382
387
389
380
384
376
379
399
409
420
418
419
427
430
432
436
436
436
437
424
424
429
424
420
398
382
366
363
347
339
342
340
334
346
349
348
342
326
319
327
327
313
310
300
292
272
239
216
190
181
185
184
193
190
189
190
192
179
175
190
196
209
219
226
237
247
261
262
275
281
284
288
283
276
267
257
241
239
219
205
200
188
180
182
171
174
174
181
179
178
171
171
170
174
187
192
199
194
191
186
196
208
206
203
199
188
186
198
202
209
203
201
213
205
213
201
194
195
181
171
167
165
157
157
149
134
116
122
118
119
122
107
90
76
73
82
85
85
94
100
100
110
116
123
134
126
116
95
77
76
72
62
39
43
53
60
48
30
21
13
7
6
12
30
44
64
78
71
86
103
113
112
109
121
143
149
142
151
156
147
137
139
132
130
142
175
196
207
198
186
163
139
148
158
179
190
187
180
179
168
163
151
137
130
125
111
108
115
115
125
119
111
107
92
97
122
126
130
138
134
136
136
136
139
140
150
155
147
131
106
82
68
66
72
84
85
78
77
82
87
99
100
97
100
97
108
125
134
145
160
147
149
164
179
182
166
167
158
153
152
145
147
145
141
163
179
203
209
212
220
234
250
244
252
260
269
271
282
280
270
257
252
248
229
234
226
216
198
201
222
226
237
246
252
274
298
318
332
347
352
348
361
369
377
381
374
376
362
345
334
318
321
308
282
277
280
263
263
264
247
248
248
240
239
226
208
209
221
235
231
231
246
249
227
221
221
237
245
254
260
258
254
246
232
225
233
242
248
257
260
270
269
278
283
274
276
274
278
265
255
239
220
198
186
193
197
200
211
219
224
214
206
202
191
184
166
162
160
156
159
164
142
122
97
82
77
54
42
25
29
15
-6
-22
-40
-48
-65
-59
-51
-51
-52
-45
-50
-55
-51
-41
-54
-55
-43
-51
-45
-47
-63
-73
-74
-77
-74
-64
-57
-47
-31
-11
-2
12
28
23
23
15
19
33
53
71
83
82
82
61
50
47
52
60
53
28
23
28
41
50
61
74
78
78
79
112
129
141
158
162
182
184
193
194
188
177
166
173
167
171
167
179
186
181
176
170
171
162
165
167
175
176
155
142
124
122
130
137
143
137
139
142
131
136
119
110
118
109
107
103
122
133
143
149
155
156
138
142
149
159
164
167
184
179
183
188
199
216
228
238
233
221
222
225
244
254
250
260
279
285
300
321
322
319
326
341
366
368
367
350
347
349
346
337
322
330
328
334
336
333
316
314
298
288
295
289
301
294
286
305
309
301
294
281
274
274
280
281
276
268
254
249
245
264
264
264
262
261
256
251
235
222
208
193
201
209
213
220
230
241
264
277
274
263
258
250
237
228
222
220
218
214
208
205
201
203
216
220
218
223
224
212
205
199
211
234
252
254
272
286
279
277
277
272
274
273
286
293
300
308
296
283
281
260
250
250
236
248
246
246
258
251
242
236
229
230
246
249
240
238
255
255
271
284
283
287
306
332
334
340
336
331
315
304
296
296
320
313
314
326
324
319
307
290
281
267
265
279
276
284
274
290
306
298
309
313
318
315
324
339
346
350
352
349
356
360
368
375
384
393
402
407
416
413
432
436
441
454
454
459
452
458
453
446
465
480
475
461
454
449
460
466
455
450
434
422
424
428
421
412
393
390
389
393
381
372
378
385
385
385
387
366
357
336
327
316
315
311
300
294
295
293
279
273
248
230
229
239
250
243
244
245
248
250
253
256
260
260
268
292
285
291
301
295
299
296
301
308
308
310
315
310
303
292
275
274
266
265
280
294
293
293
285
278
279
263
280
298
294
298
306
318
325
324
323
331
337
336
323
320
323
307
301
300
307
309
299
301
320
331
344
354
366
368
357
360
363
364
352
334
326
308
303
299
297
299
304
307
317
324
330
344
332
340
328
318
315
312
320
324
316
306
312
322
329
322
328
331
330
318
309
313
302
310
309
296
302
286
289
272
268
282
266
258
267
254
255
257
243
225
205
210
225
225
226
200
164
135
113
120
132
146
159
154
154
135
119
115
98
95
89
86
90
102
97
94
84
56
39
29
20
15
11
8
2
-10
-29
-52
-64
-69
-69
-66
-69
-66
-60
-69
-62
-53
-57
-49
-52
-46
-42
-36
-33
-19
1
4
-2
-2
6
7
0
2
0
-8
2
-3
-11
-16
-19
-24
-17
-25
-31
-34
-55
-59
-61
-55
-50
-43
-36
-23
-20
-12
5
7
24
33
31
44
36
45
50
43
43
27
16
8
7
-10
-31
-42
-40
-31
-25
-31
-23
-29
-29
-21
-17
-11
-14
-6
7
11
12
23
43
55
63
81
106
117
126
127
127
147
152
149
148
160
162
158
172
169
166
171
160
169
174
183
200
203
203
194
199
211
223
228
224
219
225
243
254
258
260
252
264
269
283
290
296
318
324
335
346
346
357
375
384
380
390
392
400
400
383
391
393
400
396
391
382
383
381
371
368
371
370
358
348
352
350
347
349
343
340
328
327
337
337
332
311
316
319
310
305
301
290
288
289
283
284
279
284
280
262
234
218
203
209
205
196
199
183
176
180
188
199
206
217
223
245
270
276
276
286
283
284
286
290
306
311
303
288
291
284
260
250
242
242
256
263
273
258
255
239
237
229
212
218
226
236
228
226
236
247
239
227
223
211
208
199
195
197
190
179
171
170
156
134
141
147
150
161
182
189
191
195
203
218
208
200
180
170
167
172
186
195
199
203
214
231
220
217
219
212
201
180
163
154
143
150
145
142
144
142
156
164
188
205
199
199
212
209
203
213
218
224
224
232
227
220
221
219
205
203
215
217
222
208
207
200
197
193
182
177
177
167
151
144
139
140
141
167
189
202
218
230
240
251
243
246
270
286
293
300
305
304
298
294
289
275
255
249
254
251
235
220
198
161
147
134
139
141
146
148
135
120
99
86
75
76
71
64
56
61
54
48
57
58
37
24
18
-5
0
-12
-13
-15
-34
-34
-34
-31
-33
-37
-42
-55
-62
-66
-83
-92
-99
-97
-106
-115
-95
-80
-63
-55
-39
-22
-34
-38
-29
-21
-16
-12
2
11
10
4
-10
-36
-54
-48
-59
-60
-51
-61
-67
-76
-83
-88
-84
-72
-70
-68
-62
-58
-50
-42
-29
-18
-23
-3
2
5
16
10
10
1
-18
-6
-2
-14
-1
-9
-3
-13
-4
7
2
-2
-6
6
33
46
53
58
52
62
61
62
72
68
65
74
83
86
86
78
55
45
41
47
59
65
88
95
99
116
138
149
155
168
169
183
196
210
205
210
187
172
167
163
157
145
144
135
139
121
109
94
83
67
47
22
11
17
-2
-17
-37
-60
-64
-59
-71
-73
-73
-94
-103
-101
-107
-121
-132
-128
-140
-137
-138
-136
-127
-136
-136
-137
-146
-146
-150
-139
-131
-131
-132
-139
-129
-131
-131
-129
-125
-117
-119
-115
-124
-137
-132
-117
-108
-106
-98
-107
-86
-75
-72
-54
-52
-64
-67
-67
-60
-54
-54
-51
-43
-50
-53
-65
-80
-89
-107
-115
-128
-130
-142
-135
-138
-145
-140
-153
-163
-168
-166
-173
-175
-181
-188
-186
-194
-200
-200
-198
-191
-184
-169
-159
-170
-173
-169
-154
-145
-155
-153
-152
-151
-144
-129
-126
-138
-142
-144
-138
-111
-101
-103
-103
-93
-84
-79
-71
-75
-71
-57
-53
-46
-32
-28
-31
-20
-10
12
23
15
16
5
7
17
14
15
18
4
2
4
14
17
9
8
6
14
21
13
11
-7
-19
-22
-22
-16
-22
-33
-39
-71
-96
-112
-131
-136
-136
-119
-122
-126
-129
-136
-127
-131
-142
-138
-134
-127
-127
-131
-128
-127
-132
-147
-155
-159
-164
-164
-166
-159
-164
-183
-194
-203
-202
-189
-192
-184
-181
-192
-186
-196
-206
-210
-220
-220
-211
-193
-176
-184
-179
-171
-164
-158
-153
-153
-176
-184
-174
-174
-167
-171
-177
-187
-201
-202
-214
-206
-228
-244
-247
-261
-259
-255
-277
-290
-279
-287
-260
-240
-232
-222
-228
-222
-229
-224
-233
-240
-233
-229
-202
-203
-192
-185
-196
-190
-190
-190
-174
-175
-187
-181
-181
-186
-183
-173
-179
-184
-164
-150
-133
-123
-111
-105
-96
-77
-63
-59
-72
-60
-63
-64
-69
-72
-102
-114
-116
-128
-122
-128
-125
-137
-156
-161
-158
-151
-154
-156
-162
-158
-142
-126
-116
-106
-95
-87
-65
-56
-49
-46
-45
-41
-30
-36
-42
-44
-36
-50
-45
-39
-42
-26
-18
-10
-12
-12
-1
21
36
45
52
53
49
41
47
47
51
57
33
21
29
24
30
18
2
-2
-19
-15
-13
-20
-24
-29
-44
-64
-82
-93
-110
-134
-141
-136
-147
-165
-161
-162
-163
-167
-172
-173
-164
-174
-174
-178
-179
-163
-163
-164
-168
-162
-153
-160
-158
-160
-160
-150
-153
-155
-159
-163
-148
-140
-138
-115
-99
-87
-86
-87
-86
-83
-66
-53
-35
-24
-6
-5
0
5
12
27
33
39
47
65
74
76
89
95
102
102
103
113
114
124
136
138
127
133
143
145
148
135
114
110
115
99
74
46
39
36
46
50
38
30
27
24
17
16
24
47
52
41
36
41
49
48
58
49
50
60
58
60
60
78
83
87
87
88
80
86
93
93
97
84
95
101
104
113
124
131
131
145
154
162
178
180
212
250
262
274
289
294
287
305
307
295
296
300
297
300
298
301
300
290
301
298
286
285
252
218
206
189
170
155
160
170
166
164
162
155
150
140
145
151
153
167
175
170
161
156
154
155
137
140
150
147
151
150
134
114
97
75
82
69
62
64
58
62
46
42
51
46
47
54
60
79
108
132
158
172
182
181
187
200
204
204
211
223
232
237
237
236
222
229
219
226
219
211
205
191
200
188
178
186
191
199
204
210
207
209
200
184
176
164
161
158
167
188
189
185
190
186
183
186
195
195
198
209
229
231
247
243
247
262
277
284
279
297
295
303
319
336
356
381
396
418
434
450
457
440
446
450
459
472
473
472
461
467
467
481
488
475
480
489
519
536
550
549
548
545
539
533
524
529
519
509
496
486
480
490
500
493
491
499
507
506
514
516
517
524
511
517
530
537
534
532
539
550
570
586
608
604
621
631
644
647
632
625
616
617
617
609
597
589
572
579
563
557
570
579
587
581
572
568
561
559
554
556
563
574
570
572
569
553
539
525
518
514
514
517
512
499
482
454
415
388
381
377
378
370
371
379
375
378
393
404
422
444
443
453
447
430
437
421
424
416
418
429
421
433
431
443
436
425
426
425
436
443
463
467
470
480
486
491
499
496
504
516
533
565
571
579
586
573
559
574
567
559
560
548
558
555
565
567
562
564
560
575
586
585
578
573
553
556
548
538
527
498
497
490
497
491
471
456
441
436
427
434
432
434
434
414
399
369
353
353
366
381
397
406
401
404
396
397
390
386
399
386
384
386
390
391
406
431
439
454
453
477
472
481
502
494
496
494
498
493
493
481
481
480
491
495
495
495
463
440
404
389
370
364
369
352
339
324
304
278
271
258
256
263
248
250
232
219
217
195
197
178
149
99
62
46
18
5
-13
-14
-17
-23
-21
-34
-45
-44
-43
-17
-23
-37
-27
-23
1
4
4
26
39
53
65
87
100
100
111
109
115
121
124
126
139
139
141
141
135
142
155
160
159
167
172
166
178
190
214
230
243
257
256
263
267
274
277
255
239
223
220
241
254
269
281
282
272
266
257
256
247
228
210
192
179
181
167
148
125
100
107
101
109
105
100
93
92
111
116
125
123
123
112
106
93
83
81
41
24
-8
-14
-7
-20
-30
-43
-34
-46
-67
-71
-79
-73
-72
-51
-31
-22
-12
2
13
38
69
74
114
139
156
169
172
182
174
185
193
194
200
209
219
235
240
255
265
272
301
329
364
380
399
421
429
437
455
469
480
480
468
474
468
458
450
435
435
423
413
387
358
329
311
288
258
234
221
210
171
131
94
73
41
13
-21
-47
-69
-102
-127
-170
-204
-217
-243
-257
-280
-316
-345
-370
-395
-413
-434
-459
-469
-476
-485
-492
-511
-515
-527
-535
-525
-519
-497
-480
-462
-447
-420
-383
-343
-317
-288
-248
-213
-143
-86
-34
19
58
101
152
193
237
275
306
337
355
363
375
377
366
355
340
332
315
316
305
304
297
310
336
365
394
421
451
482
529
555
585
610
634
655
690
735
762
764
742
721
687
652
618
584
525
460
419
383
345
297
240
198
150
100
72
59
53
32
9
-32
-83
-112
-156
-188
-226
-264
-291
-342
-397
-452
-493
-545
-587
-631
-667
-709
-752
-773
-815
-809
-799
-782
-755
-715
-655
-601
-524
-449
-371
-297
-206
-125
-37
46
118
185
226
297
359
399
449
479
510
538
561
568
554
548
558
539
492
453
405
372
334
290
255
223
203
185
180
188
227
257
269
282
295
326
382
433
477
505
527
564
578
582
571
545
520
497
445
382
318
255
179
93
13
-68
-118
-159
-217
-272
-303
-333
-360
-394
-425
-428
-437
-433
-444
-476
-513
-574
-641
-700
-738
-777
-827
-892
-976
-1050
-1118
-1171
-1236
-1300
-1357
-1390
-1382
-1370
-1346
-1304
-1236
-1156
-1054
-938
-829
-691
-551
-410
-268
-153
-41
61
154
206
249
303
357
406
446
488
528
549
544
517
479
437
392
332
267
219
177
145
137
131
129
150
193
236
287
335
393
444
499
527
570
625
664
699
710
730
751
763
757
725
702
664
605
536
462
383
281
199
118
50
-27
-103
-146
-191
-233
-257
-288
-330
-378
-421
-451
-472
-475
-498
-513
-543
-580
-617
-658
-717
-775
-842
-916
-971
-1036
-1092
-1165
-1230
-1288
-1349
-1378
-1375
-1340
-1305
-1227
-1114
-968
-808
-648
-451
-287
-108
45
187
330
451
552
615
680
730
786
834
855
874
868
863
823
773
706
614
529
419
332
258
209
162
128
116
122
173
224
297
362
441
515
600
671
724
790
822
862
874
885
901
898
895
869
818
767
702
625
503
366
214
62
-86
-223
-345
-449
-520
-591
-643
-690
-708
-728
-735
-745
-742
-714
-702
-683
-700
-698
-735
-753
-788
-855
-909
-980
-1046
-1148
-1242
-1346
-1451
-1559
-1663
-1722
-1776
-1773
-1798
-1764
-1706
-1599
-1404
-1180
-942
-756
-517
-297
-86
130
301
448
542
635
720
789
851
886
898
865
863
845
809
730
630
516
372
272
174
104
31
-6
-36
-48
1
75
185
273
375
493
630
796
907
1004
1063
1114
1160
1220
1221
1212
1186
1122
1059
966
880
777
662
494
313
170
23
-119
-251
-407
-520
-596
-630
-627
-643
-631
-614
-596
-558
-522
-493
-461
-419
-418
-441
-472
-482
-508
-567
-680
-818
-926
-1036
-1144
-1302
-1435
-1553
-1625
-1686
-1735
-1746
-1719
-1605
-1456
-1265
-1012
-729
-433
-167
60
269
490
684
817
883
926
965
974
966
910
845
805
780
728
633
520
415
304
177
41
-66
-116
-114
-117
-99
-41
104
306
504
711
911
1161
1395
1602
1709
1786
1820
1818
1778
1680
1569
1444
1314
1174
1025
853
699
551
378
169
-46
-196
-319
-420
-521
-575
-567
-522
-437
-370
-276
-178
-51
16
25
31
71
76
11
-98
-186
-256
-331
-489
-709
-972
-1178
-1335
-1514
-1702
-1883
-1962
-2049
-2095
-2112
-2008
-1843
-1620
-1369
-1054
-636
-172
304
681
960
1221
1435
1633
1721
1712
1642
1549
1445
1287
1123
940
818
670
527
376
279
225
136
23
-54
-79
-14
94
242
409
645
922
1250
1590
1908
2261
2543
2760
2853
2883
2821
2711
2529
2264
1956
1641
1407
1125
862
607
428
289
193
142
104
95
106
142
187
231
325
431
515
600
636
701
700
700
644
555
431
318
206
49
-113
-261
-431
-653
-911
-1127
-1406
-1631
-1880
-2051
-2171
-2243
-2211
-2238
-2154
-2089
-1874
-1669
-1393
-1060
-665
-193
241
653
947
1193
1376
1442
1392
1255
1159
1008
812
576
362
206
66
-23
-172
-245
-263
-206
-168
-195
-173
-95
54
224
442
730
1092
1490
1865
2175
2431
2705
2929
2994
2942
2782
2568
2237
1867
1456
1071
743
463
236
47
7
39
131
170
254
368
552
680
781
859
926
997
1049
1073
1031
989
876
738
526
342
152
-57
-308
-525
-664
-749
-840
-926
-1069
-1177
-1323
-1453
-1625
-1706
-1723
-1647
-1551
-1492
-1443
-1361
-1245
-1173
-1047
-871
-558
-228
104
405
684
864
987
1025
927
773
597
422
234
91
40
-17
-56
-65
-41
2
79
195
284
354
433
516
557
598
718
885
1067
1277
1528
1750
1944
2129
2246
2262
2200
2098
1927
1692
1470
1272
1032
778
575
477
410
408
452
533
627
776
915
1030
1137
1252
1335
1326
1259
1212
1126
971
747
455
151
-86
-213
-346
-449
-509
-506
-532
-525
-560
-607
-711
-817
-942
-1101
-1260
-1378
-1435
-1533
-1586
-1597
-1559
-1510
-1462
-1440
-1482
-1462
-1334
-1057
-696
-317
57
315
487
599
673
634
497
313
85
-86
-151
-111
-92
-86
-72
-41
16
84
163
220
201
195
233
289
363
514
657
799
977
1177
1389
1565
1706
1744
1695
1655
1612
1547
1385
1220
1038
874
739
651
578
518
475
448
430
469
593
774
945
1084
1208
1332
1382
1350
1217
981
688
402
181
-66
-247
-386
-480
-538
-581
-560
-516
-474
-525
-620
-730
-809
-857
-983
-1161
-1320
-1411
-1484
-1536
-1564
-1609
-1669
-1723
-1789
-1852
-1818
-1597
-1204
-730
-251
142
389
490
527
476
274
9
-246
-436
-561
-594
-539
-460
-349
-218
-112
-84
-89
-73
-82
-136
-114
-24
116
220
341
497
686
883
1067
1151
1162
1155
1162
1106
997
928
855
793
694
593
490
412
383
300
201
86
90
167
286
455
704
962
1139
1291
1328
1267
1135
912
584
178
-185
-458
-663
-842
-918
-913
-888
-842
-787
-704
-666
-681
-725
-795
-888
-1012
-1104
-1231
-1364
-1454
-1546
-1606
-1694
-1805
-1941
-2126
-2267
-2286
-2098
-1681
-1006
-293
203
416
490
561
526
346
19
-359
-688
-811
-734
-638
-515
-337
-117
2
2
24
25
-42
-180
-274
-225
-9
310
546
651
759
931
1114
1174
1141
1080
1018
942
882
826
833
890
934
862
750
709
720
627
450
259
139
154
317
553
828
1134
1412
1593
1642
1574
1450
1153
727
271
-134
-395
-535
-621
-655
-596
-476
-303
-189
-95
-61
-143
-315
-542
-753
-902
-948
-952
-995
-1087
-1149
-1189
-1316
-1484
-1595
-1701
-1793
-1764
-1461
-824
51
847
1227
1259
1188
1171
1004
587
60
-415
-722
-806
-726
-564
-295
23
227
240
225
311
389
289
83
52
288
723
1140
1344
1388
1471
1543
1486
1285
1130
1027
856
624
513
653
966
1275
1329
1187
1074
1069
1001
766
409
155
96
187
402
719
1157
1592
1862
1863
1733
1626
1461
1059
474
-84
-435
-543
-505
-401
-284
-131
37
126
165
208
243
88
-241
-616
-801
-813
-765
-808
-957
-1121
-1153
-1167
-1325
-1574
-1812
-1972
-2000
-1796
-1210
-198
950
1781
1974
1826
1707
1606
1228
529
-225
-832
-1089
-1050
-869
-605
-232
177
390
389
350
468
483
268
1
41
480
1079
1554
1732
1778
1870
1899
1688
1352
1069
837
580
376
367
657
1127
1465
1505
1345
1248
1225
1029
587
147
-81
-101
50
407
930
1514
1938
2081
1941
1743
1599
1358
843
209
-249
-421
-410
-338
-274
-120
45
148
108
55
80
34
-181
-543
-827
-905
-856
-851
-987
-1095
-1075
-1071
-1293
-1642
-1880
-1806
-1496
-930
42
1267
2266
2637
2462
2119
1789
1377
724
-79
-791
-1103
-1081
-947
-778
-424
63
428
522
481
539
626
507
257
191
577
1266
1844
2054
2073
2056
1950
1592
1053
529
170
-5
-78
-14
304
845
1326
1455
1331
1216
1192
987
601
114
-181
-165
83
438
870
1345
1718
1897
1822
1648
1425
1051
478
-157
-613
-708
-561
-367
-261
-151
12
115
73
10
-159
-412
-728
-1014
-1184
-1137
-967
-888
-873
-955
-1044
-1265
-1600
-1983
-2232
-2254
-1961
-1261
-110
1250
2260
2551
2340
2015
1652
1099
304
-593
-1250
-1534
-1462
-1246
-938
-455
84
439
476
433
512
506
283
67
181
756
1540
2118
2314
2278
2193
1940
1422
789
236
-67
-233
-257
-60
419
1082
1553
1614
1420
1271
1213
1013
593
126
-107
-35
253
696
1184
1602
1856
1871
1592
1279
985
644
170
-315
-580
-512
-208
83
253
312
257
161
-52
-290
-567
-819
-1129
-1343
-1438
-1373
-1241
-1200
-1287
-1462
-1616
-1824
-2029
-2206
-2144
-1687
-633
771
1910
2320
2221
1975
1680
1159
472
-306
-982
-1400
-1473
-1385
-1124
-692
-286
-107
-203
-289
-165
2
-34
-118
47
612
1434
2076
2297
2248
2025
1589
962
318
-180
-477
-623
-618
-360
201
928
1441
1440
1097
798
667
511
249
-35
-98
73
452
920
1409
1774
1919
1727
1273
735
337
-15
-440
-817
-960
-748
-257
270
553
633
504
202
-172
-507
-802
-1072
-1326
-1593
-1660
-1566
-1369
-1260
-1321
-1516
-1732
-1901
-2055
-1969
-1370
-233
1038
1737
1825
1609
1431
1198
720
10
-642
-957
-964
-738
-522
-276
-12
203
185
11
-34
12
-98
-374
-453
-28
895
1912
2567
2772
2707
2455
1997
1369
729
234
-53
-175
-40
428
1114
1725
1943
1698
1294
1003
797
476
151
-43
93
453
1088
1797
2426
2724
2554
1994
1299
785
409
4
-413
-656
-564
-192
271
656
937
973
816
495
160
-21
-183
-394
-687
-888
-1013
-1024
-1119
-1332
-1672
-2018
-2318
-2400
-2145
-1327
93
1631
2582
2686
2224
1711
1204
537
-310
-1097
-1539
-1486
-1019
-427
159
674
936
750
304
-126
-277
-430
-758
-1074
-832
77
1310
2280
2652
2545
2227
1730
1067
417
-37
-219
-236
-63
463
1309
2126
2492
2193
1517
851
390
10
-313
-461
-249
214
886
1628
2353
2785
2700
2091
1224
461
-14
-324
-655
-823
-713
-361
162
675
953
926
635
158
-228
-343
-293
-211
-282
-490
-618
-742
-950
-1227
-1609
-2103
-2573
-2674
-2059
-544
1237
2400
2503
1969
1502
1254
816
24
-904
-1528
-1623
-1246
-704
-86
473
723
495
5
-286
-229
-188
-527
-887
-692
258
1438
2221
2326
1981
1525
958
243
-377
-700
-704
-535
-169
517
1531
2431
2694
2194
1338
632
295
4
-295
-459
-270
254
985
1725
2369
2571
2238
1475
552
-80
-405
-555
-753
-811
-609
-38
550
961
1072
903
511
102
-303
-422
-285
-160
-306
-513
-703
-856
-1077
-1467
-1957
-2291
-2244
-1527
51
1792
2841
2789
2233
1665
1258
722
4
-905
-1523
-1537
-971
-220
389
787
890
639
233
-27
-2
-182
-682
-1058
-779
223
1439
2184
2220
1916
1488
968
336
-275
-780
-997
-936
-562
145
1020
1712
1772
1245
576
233
119
-85
-324
-334
49
708
1368
1908
2276
2321
1991
1305
470
-221
-705
-1098
-1292
-1161
-594
122
657
768
701
465
166
-297
-748
-855
-666
-401
-168
-30
45
-21
-420
-1056
-1702
-2026
-1791
-865
577
1813
2409
2449
2197
2003
1621
933
21
-785
-1164
-975
-511
-100
205
516
788
808
668
518
274
-80
-501
-548
8
939
1749
2055
1952
1738
1446
973
300
-385
-799
-771
-412
92
659
1125
1315
1051
522
-19
-310
-511
-689
-676
-294
419
1244
1870
2203
2205
1863
1162
255
-670
-1395
-1707
-1658
-1318
-713
-44
531
834
746
464
203
-232
-567
-727
-703
-577
-442
-416
-616
-785
-894
-1059
-1391
-1826
-2053
-1546
-321
1198
2120
2168
1782
1570
1387
1058
442
-173
-538
-411
130
752
1122
1241
1016
597
133
-162
-272
-514
-839
-837
-175
997
2168
2673
2483
1980
1488
980
398
-196
-584
-632
-332
138
747
1241
1414
1128
448
-337
-786
-1024
-1096
-1046
-646
91
1028
1758
2186
2234
1908
1283
406
-458
-1189
-1484
-1516
-1289
-1049
-649
-367
-80
-49
-144
-459
-761
-1059
-1033
-851
-384
41
337
346
124
-226
-739
-1196
-1617
-1696
-1290
-175
1101
1893
1818
1371
963
728
297
-216
-709
-691
-176
651
1395
1905
2187
2161
1763
1122
513
71
-353
-694
-687
-55
1095
2247
2843
2843
2603
2224
1690
964
282
-93
-17
295
730
1183
1525
1605
1324
682
-29
-516
-813
-929
-784
-335
428
1141
1666
1884
1949
1720
1212
437
-312
-797
-893
-746
-622
-454
-401
-282
-263
-376
-626
-1020
-1384
-1622
-1653
-1318
-814
-334
-169
-239
-401
-564
-884
-1184
-1396
-1062
79
1398
2209
2024
1401
866
415
-65
-737
-1339
-1436
-963
-73
830
1412
1811
1921
1702
1277
743
392
15
-421
-549
-123
916
2057
2620
2658
2369
2040
1619
882
145
-190
37
660
1240
1659
1985
2062
1746
948
-104
-806
-1180
-1272
-1103
-691
158
1090
1733
2006
1905
1604
1063
191
-699
-1312
-1327
-909
-469
-96
174
334
395
52
-562
-1332
-1964
-2353
-2427
-2115
-1487
-730
-274
-192
-369
-655
-1064
-1569
-2073
-2315
-1857
-522
1064
1993
1989
1463
916
432
-251
-1066
-1755
-1868
-1314
-347
624
1308
1718
1742
1377
682
-70
-695
-1196
-1471
-1308
-522
749
1965
2658
2781
2571
2211
1558
687
-136
-522
-238
430
1073
1541
1769
1849
1654
995
131
-648
-1085
-1126
-845
-226
618
1382
1920
1997
1763
1338
694
-61
-890
-1402
-1372
-939
-444
-128
-21
-13
-133
-408
-804
-1285
-1559
-1673
-1616
-1440
-1187
-878
-778
-859
-1278
-1610
-1900
-2148
-2173
-1948
-1159
177
1335
1747
1272
421
-199
-627
-1100
-1674
-2040
-1657
-667
532
1465
1729
1609
1213
590
-111
-748
-1220
-1452
-1474
-1081
-172
992
1957
2274
2034
1611
1256
937
477
40
-9
518
1245
1819
1903
1636
1222
645
-68
-869
-1334
-1331
-945
-249
509
1265
1759
1963
1740
1296
695
125
-358
-661
-716
-468
-51
106
10
-313
-593
-793
-1109
-1471
-1813
-1830
-1451
-996
-554
-503
-526
-667
-1003
-1360
-1814
-2150
-2190
-1933
-1215
-133
1008
1735
1416
495
-373
-1012
-1209
-1550
-1791
-1521
-822
382
1249
1443
1146
566
148
-278
-736
-950
-987
-740
-206
383
1141
1738
1811
1535
934
496
370
303
354
554
1151
1966
2511
2552
2056
1338
658
-8
-648
-929
-823
-230
554
1185
1710
1964
1968
1658
1085
432
-128
-405
-423
-189
122
593
806
827
494
-114
-575
-1133
-1435
-1593
-1456
-1058
-530
2
233
209
-33
-456
-1180
-1677
-1992
-1918
-1499
-1039
-117
1017
1942
2021
1086
-194
-1120
-1441
-1498
-1439
-1150
-391
662
1616
2027
1699
1137
414
-295
-846
-1197
-1121
-726
-211
350
969
1567
1817
1565
990
433
217
330
509
825
1392
2176
2873
2995
2464
1611
690
-30
-659
-1042
-914
-402
490
1249
1726
1867
1664
1394
1040
650
392
236
264
444
582
810
813
498
60
-578
-918
-1242
-1428
-1460
-1413
-1073
-630
-169
272
307
115
-333
-1032
-1533
-1886
-1734
-1305
-906
-344
353
1239
1788
1245
24
-1248
-1867
-1720
-1433
-1059
-506
311
1352
1891
1721
1001
161
-334
-694
-874
-786
-428
141
611
872
1127
1225
1003
517
-102
-342
-134
368
926
1300
1871
2520
2895
2694
1856
980
338
-38
-256
-364
-115
416
1045
1556
1707
1538
1338
1014
909
778
857
1137
1369
1591
1569
1408
1112
582
-146
-700
-1270
-1204
-1084
-747
-438
-390
-102
-212
-265
-542
-756
-763
-808
-895
-884
-808
-548
-323
-244
31
282
646
622
-113
-849
-1369
-1123
-653
-371
88
466
1061
1362
1114
600
-52
-314
-341
-269
-49
172
479
664
569
482
508
537
525
314
267
522
965
1409
1520
1666
1914
2196
2250
1872
1311
809
538
403
326
289
444
686
915
996
947
964
979
1068
1081
1186
1214
1324
1366
1308
1201
888
618
226
-26
-330
-418
-539
-648
-681
-724
-636
-678
-710
-792
-764
-689
-692
-813
-1007
-1158
-1180
-1152
-1154
-1047
-681
-81
541
609
64
-760
-1239
-1215
-990
-728
-461
22
590
982
983
546
-66
-513
-796
-892
-832
-595
-209
35
158
200
418
592
598
458
308
382
647
985
1218
1455
1647
1849
1829
1552
1142
740
456
208
75
58
299
564
831
928
969
1008
1046
1148
1129
1236
1279
1440
1478
1353
1151
802
522
122
-119
-303
-398
-419
-444
-320
-277
-206
-214
-311
-386
-640
-706
-815
-753
-861
-1087
-1280
-1439
-1323
-1257
-1035
-855
-502
-63
144
-54
-606
-918
-902
-602
-258
93
480
720
802
649
255
-213
-596
-816
-847
-809
-627
-327
-51
99
105
164
287
381
444
463
639
942
1327
1648
1840
1831
1814
1692
1439
1099
661
408
199
216
275
472
710
845
1018
990
1040
997
1061
1125
1258
1318
1366
1378
1226
971
595
278
-19
-257
-460
-473
-362
-127
-53
52
14
-11
-208
-441
-604
-705
-687
-794
-936
-1278
-1539
-1665
-1720
-1628
-1556
-1342
-1054
-660
-322
-250
-358
-646
-711
-591
-306
62
340
526
489
314
11
-347
-636
-850
-831
-708
-552
-458
-361
-233
-109
75
140
178
206
340
566
741
877
961
1087
1204
1231
1194
1048
832
619
395
296
268
336
453
560
612
663
700
719
744
772
940
1129
1285
1285
1121
891
625
460
318
238
216
244
365
419
399
292
187
66
-40
-116
-198
-232
-351
-517
-671
-865
-1081
-1258
-1415
-1576
-1702
-1833
-1927
-1907
-1834
-1625
-1339
-1096
-925
-926
-1019
-1229
-1304
-1237
-1057
-839
-724
-620
-549
-458
-488
-602
-791
-910
-755
-448
-107
76
108
98
248
481
616
646
533
462
503
597
643
685
725
748
774
668
559
530
617
756
873
943
967
1077
1183
1229
1191
1134
1098
1100
1109
1036
992
963
905
830
752
667
570
463
344
263
224
181
185
207
172
94
-40
-234
-393
-502
-649
-823
-1022
-1203
-1285
-1326
-1389
-1461
-1586
-1703
-1769
-1790
-1801
-1813
-1781
-1659
-1438
-1288
-1391
-1626
-1782
-1755
-1558
-1366
-1243
-1157
-1046
-851
-573
-372
-345
-390
-299
-62
257
534
697
832
917
903
877
892
907
881
821
769
764
788
776
824
933
986
1025
1059
1093
1173
1251
1277
1291
1326
1360
1347
1324
1301
1228
1179
1099
1028
1015
985
949
893
822
701
571
470
404
377
314
203
125
75
10
-89
-217
-391
-553
-700
-769
-824
-895
-972
-1032
-1017
-1033
-1098
-1233
-1375
-1463
-1532
-1542
-1558
-1537
-1555
-1627
-1565
-1445
-1419
-1570
-1797
-1874
-1708
-1383
-1101
-898
-769
-648
-472
-268
-185
-250
-290
-141
176
503
699
772
799
788
665
505
424
396
510
636
744
827
920
1051
1162
1236
1171
1068
1034
1049
1030
983
916
935
1094
1235
1247
1159
1007
883
793
707
616
618
673
706
727
719
628
504
388
256
136
12
-87
-106
-80
-133
-241
-375
-522
-643
-748
-833
-932
-971
-960
-939
-882
-949
-1048
-1121
-1222
-1319
-1459
-1614
-1749
-1772
-1733
-1718
-1684
-1614
-1508
-1330
-1168
-1134
-1218
-1332
-1251
-1033
-764
-536
-416
-298
-161
-9
120
75
-64
-116
7
238
450
604
726
820
846
805
802
854
935
986
1019
1031
1065
1142
1223
1294
1290
1220
1166
1181
1196
1185
1159
1135
1164
1226
1206
1116
988
854
726
652
626
635
715
789
835
833
725
559
395
286
212
106
-2
-116
-139
-135
-147
-158
-197
-256
-343
-418
-499
-578
-670
-748
-823
-898
-983
-1042
-1057
-1031
-1011
-1040
-1120
-1192
-1196
-1176
-1162
-1155
-1162
-1152
-1087
-983
-865
-826
-924
-1047
-1097
-1015
-853
-681
-533
-413
-286
-142
-4
59
23
12
130
346
580
715
761
770
751
717
700
687
725
767
816
870
923
985
1020
1052
1022
927
848
805
796
783
726
681
683
755
832
860
819
716
597
506
473
485
519
530
506
491
471
427
367
312
214
82
-32
-97
-139
-205
-300
-415
-485
-510
-506
-497
-470
-450
-462
-482
-472
-436
-398
-448
-508
-576
-622
-657
-705
-750
-837
-917
-990
-1063
-1133
-1211
-1235
-1205
-1164
-1067
-944
-887
-914
-958
-944
-827
-659
-495
-377
-293
-192
-64
87
116
57
65
163
406
618
753
807
813
798
769
758
771
769
744
729
741
744
760
792
823
827
798
770
766
761
751
725
712
765
861
953
1002
991
929
856
799
748
727
717
670
589
493
416
352
315
315
316
338
363
395
444
482
487
440
397
374
334
304
242
167
98
25
-9
-33
-91
-172
-263
-321
-322
-348
-410
-478
-522
-507
-526
-594
-680
-788
-864
-890
-874
-861
-860
-839
-764
-719
-754
-803
-768
-610
-438
-302
-232
-185
-120
-19
101
145
136
146
277
484
627
686
703
691
680
724
777
823
867
888
929
1026
1110
1175
1239
1273
1292
1295
1266
1259
1256
1212
1178
1150
1120
1101
1119
1120
1077
1046
1033
1079
1182
1279
1360
1412
1446
1444
1394
1334
1251
1215
1204
1177
1128
1057
1008
959
887
796
710
657
640
628
620
597
538
475
429
399
345
266
200
129
66
12
-46
-88
-134
-214
-307
-407
-504
-608
-697
-730
-758
-778
-806
-790
-756
-746
-739
-782
-817
-795
-664
-510
-401
-325
-265
-206
-120
-9
115
266
376
504
681
835
930
974
962
978
1037
1124
1225
1303
1318
1314
1415
1508
1559
1588
1582
1623
1681
1721
1732
1774
1826
1891
2018
2122
2175
2204
2203
2198
2180
2116
2039
2038
2078
2109
2103
2072
1989
1913
1871
1827
1788
1737
1665
1592
1535
1475
1402
1325
1223
1144
1084
1027
964
909
865
775
669
562
469
416
334
262
180
89
19
-56
-107
-188
-261
-330
-399
-471
-575
-682
-793
-860
-909
-949
-977
-965
-920
-855
-833
-888
-897
-857
-776
-639
-530
-451
-391
-266
-116
18
141
219
367
561
714
829
888
967
1059
1183
1293
1372
1440
1490
1554
1632
1704
1740
1797
1898
1980
2054
2070
2061
2086
2112
2132
2123
2132
2188
2262
2295
2255
2181
2118
2059
2054
2058
2041
2011
1980
1980
1934
1816
1696
1583
1517
1431
1341
1238
1127
1044
959
881
783
688
567
462
408
346
268
199
124
56
-4
-67
-153
-210
-265
-321
-394
-473
-517
-588
-661
-794
-939
-1049
-1147
-1212
-1288
-1362
-1432
-1483
-1444
-1388
-1326
-1303
-1259
-1195
-1128
-1066
-1024
-937
-825
-717
-598
-487
-392
-243
-76
110
276
399
532
686
873
1015
1098
1150
1236
1367
1532
1655
1747
1810
1861
1904
1930
1951
1979
2033
2145
2246
2315
2355
2350
2345
2313
2285
2241
2208
2171
2132
2069
1956
1836
1742
1671
1604
1535
1465
1376
1281
1181
1057
925
794
692
632
601
559
497
411
318
196
82
-13
-85
-144
-215
-275
-346
-415
-505
-594
-657
-731
-784
-817
-836
-870
-925
-1012
-1099
-1188
-1239
-1239
-1217
-1197
-1222
-1246
-1257
-1294
-1342
-1383
-1409
-1391
-1342
-1263
-1189
-1122
-1056
-1000
-953
-915
-890
-789
-637
-461
-270
-142
-8
129
276
438
575
713
858
1037
1234
1383
1516
1601
1681
1794
1898
1956
1975
1996
2017
2073
2103
2109
2091
2089
2090
2073
2049
1974
1929
1892
1849
1828
1812
1788
1741
1692
1625
1517
1411
1328
1239
1161
1062
941
841
768
727
653
547
444
337
289
226
138
49
-26
-73
-112
-173
-246
-321
-393
-425
-450
-473
-476
-448
-399
-341
-317
-322
-355
-388
-396
-395
-377
-370
-355
-380
-403
-398
-426
-449
-482
-459
-429
-377
-352
-367
-336
-358
-345
-296
-221
-118
-83
-55
-47
4
78
115
235
329
480
601
683
778
842
904
945
1035
1122
1235
1360
1461
1548
1562
1591
1627
1687
1740
1744
1776
1785
1767
1746
1698
1631
1561
1520
1484
1470
1469
1433
1396
1343
1294
1238
1173
1123
1067
1018
946
882
829
780
732
670
590
523
486
453
407
363
321
306
319
324
316
299
278
244
208
158
84
29
28
47
54
39
22
42
70
85
69
21
5
9
41
54
45
36
17
52
46
18
-24
-74
-74
-80
-57
-46
-32
-21
-44
-76
-131
-148
-158
-134
-93
-79
-31
-3
47
82
77
88
93
157
243
320
403
473
574
656
752
866
947
1036
1135
1236
1311
1354
1371
1395
1437
1495
1560
1609
1655
1663
1639
1608
1582
1598
1589
1599
1627
1623
1624
1599
1568
1537
1483
1435
1400
1360
1333
1294
1239
1181
1125
1081
1051
1017
1021
1024
1013
988
961
934
884
866
846
819
795
742
692
649
605
566
517
481
441
445
448
434
402
330
273
224
191
157
122
97
88
84
78
44
-25
-116
-204
-262
-296
-335
-368
-394
-399
-393
-385
-391
-441
-530
-596
-618
-613
-580
-594
-611
-636
-629
-604
-587
-572
-558
-531
-436
-308
-211
-134
-84
-30
58
172
280
374
480
590
693
791
857
913
976
1015
1061
1123
1183
1250
1305
1345
1360
1363
1352
1365
1381
1378
1387
1393
1402
1384
1328
1276
1233
1219
1189
1158
1135
1119
1123
1110
1092
1063
1020
992
968
938
898
871
841
810
792
750
696
631
559
487
411
333
253
193
150
107
82
33
-12
-70
-107
-147
-197
-229
-248
-269
-302
-336
-355
-368
-393
-417
-430
-429
-431
-441
-461
-489
-508
-479
-479
-471
-482
-505
-499
-535
-568
-610
-632
-611
-581
-533
-522
-537
-541
-538
-501
-467
-439
-405
-336
-234
-124
-25
37
112
196
301
391
469
546
655
779
863
948
1001
1075
1168
1246
1287
1301
1333
1366
1428
1464
1461
1445
1425
1413
1385
1343
1272
1215
1188
1157
1123
1054
981
914
885
840
779
740
696
686
645
565
476
408
377
341
312
269
219
191
165
130
72
-12
-65
-77
-77
-83
-102
-153
-208
-246
-269
-296
-307
-317
-297
-270
-266
-275
-278
-265
-242
-211
-188
-145
-102
-68
-57
-75
-86
-83
-78
-51
-36
-30
-20
-14
3
21
6
-24
-31
-30
-7
11
33
35
37
30
-4
-3
13
47
51
42
57
62
92
106
132
166
180
225
288
355
377
392
414
438
484
525
572
599
633
638
654
683
684
680
635
632
661
691
709
703
697
659
628
605
586
600
604
611
595
607
592
556
543
504
464
421
395
381
366
343
317
298
284
301
294
284
283
253
237
207
171
151
154
187
215
204
200
165
161
177
182
172
154
180
211
266
307
325
326
338
356
374
402
403
395
385
385
404
402
404
398
413
401
379
379
326
301
268
245
239
207
176
129
86
30
-23
-65
-106
-105
-114
-149
-189
-245
-281
-302
-318
-344
-362
-369
-372
-356
-352
-333
-337
-347
-327
-284
-224
-207
-172
-155
-152
-111
-81
-31
24
93
161
220
266
277
290
297
309
324
336
348
369
406
425
414
415
383
381
368
358
355
352
376
407
433
424
421
429
452
449
457
464
469
471
490
510
539
550
568
583
584
564
531
535
540
550
545
532
512
502
481
461
418
380
365
359
374
380
392
405
408
407
371
349
316
310
303
278
274
265
250
237
218
181
125
77
39
10
1
-11
-43
-84
-144
-180
-186
-203
-215
-263
-327
-380
-416
-441
-482
-533
-611
-662
-659
-648
-647
-681
-732
-751
-738
-731
-731
-729
-703
-634
-538
-487
-478
-466
-445
-408
-343
-280
-249
-193
-117
-34
12
43
55
84
138
183
229
249
282
317
354
360
372
399
436
459
473
489
503
548
586
613
645
663
686
711
718
723
720
720
732
754
767
783
776
765
763
748
714
671
624
593
577
557
537
513
495
472
463
443
389
346
306
286
303
316
312
303
291
271
259
235
211
181
181
191
203
169
128
84
33
2
-39
-70
-81
-123
-176
-237
-288
-355
-409
-450
-505
-561
-635
-696
-745
-799
-864
-947
-1012
-1058
-1080
-1095
-1118
-1147
-1197
-1221
-1242
-1246
-1239
-1247
-1230
-1206
-1152
-1113
-1062
-1016
-968
-902
-861
-794
-717
-625
-541
-457
-356
-264
-163
-66
18
86
150
224
298
404
496
575
650
718
770
816
866
911
958
997
1038
1060
1077
1087
1094
1108
1106
1113
1127
1135
1141
1108
1052
1003
952
912
885
855
832
796
772
741
686
629
557
492
432
385
365
346
306
268
211
144
88
21
-20
-64
-115
-140
-162
-197
-226
-284
-352
-379
-406
-422
-443
-488
-536
-574
-597
-608
-647
-685
-723
-755
-795
-851
-891
-932
-954
-970
-967
-972
-988
-1008
-1040
-1074
-1078
-1100
-1101
-1078
-1078
-1077
-1076
-1062
-1051
-1065
-1079
-1102
-1064
-998
-921
-859
-832
-794
-750
-659
-579
-511
-440
-385
-289
-185
-85
-4
69
170
276
403
509
606
713
810
880
908
951
1020
1107
1176
1239
1283
1281
1319
1347
1361
1360
1347
1353
1366
1376
1345
1318
1277
1243
1196
1148
1093
1045
1013
959
905
814
724
652
577
515
440
351
290
232
169
95
-1
-81
-160
-210
-255
-312
-345
-381
-421
-466
-524
-569
-595
-615
-625
-632
-630
-620
-610
-608
-625
-645
-674
-669
-638
-599
-563
-544
-524
-506
-480
-470
-472
-479
-483
-483
-453
-443
-447
-448
-443
-433
-447
-463
-489
-481
-491
-498
-510
-503
-496
-506
-497
-507
-497
-489
-463
-447
-443
-443
-443
-437
-403
-354
-316
-279
-250
-220
-185
-160
-141
-110
-62
2
84
159
203
219
236
279
317
339
364
399
448
477
494
489
474
474
490
509
498
483
470
461
447
399
333
279
259
251
228
181
132
85
29
-26
-81
-133
-176
-213
-230
-267
-326
-367
-420
-484
-540
-587
-612
-623
-618
-626
-636
-657
-666
-662
-659
-659
-658
-641
-626
-610
-610
-607
-605
-585
-577
-552
-529
-511
-476
-452
-413
-398
-389
-365
-342
-308
-276
-261
-255
-245
-262
-271
-278
-287
-269
-283
-293
-303
-303
-310
-328
-346
-364
-394
-421
-443
-471
-493
-527
-557
-573
-574
-573
-577
-588
-592
-598
-597
-613
-616
-610
-611
-603
-606
-606
-584
-545
-527
-509
-492
-466
-429
-375
-340
-308
-282
-255
-236
-217
-196
-181
-153
-135
-91
-48
-11
-1
0
-14
-34
-36
-47
-27
-7
15
20
20
20
-1
-32
-80
-115
-133
-152
-167
-172
-191
-198
-214
-240
-272
-314
-332
-330
-324
-328
-339
-355
-370
-395
-426
-442
-458
-455
-453
-465
-487
-495
-489
-481
-494
-501
-486
-467
-438
-417
-412
-410
-414
-402
-364
-333
-314
-311
-306
-294
-288
-295
-287
-284
-282
-280
-273
-272
-263
-278
-312
-341
-370
-384
-387
-378
-392
-430
-438
-452
-453
-463
-477
-475
-487
-480
-499
-536
-565
-599
-606
-598
-590
-606
-593
-581
-584
-592
-622
-632
-648
-629
-591
-558
-527
-507
-494
-486
-468
-434
-384
-346
-293
-240
-192
-156
-132
-93
-71
-31
4
38
74
103
124
135
151
162
150
137
131
144
148
135
126
118
99
84
76
67
65
43
29
35
30
25
6
-11
-20
-35
-40
-57
-67
-84
-85
-103
-136
-158
-173
-163
-172
-168
-159
-154
-153
-147
-140
-139
-111
-103
-94
-87
-86
-90
-104
-100
-109
-114
-117
-107
-106
-121
-135
-162
-185
-207
-228
-257
-277
-282
-289
-300
-319
-348
-398
-444
-480
-519
-551
-560
-557
-562
-560
-592
-640
-666
-701
-721
-759
-771
-759
-745
-727
-733
-745
-771
-782
-810
-835
-836
-827
-793
-759
-727
-715
-694
-660
-638
-629
-619
-589
-536
-483
-437
-403
-357
-331
-300
-271
-257
-237
-235
-194
-161
-125
-106
-83
-52
-36
-5
-9
-1
18
15
19
9
6
6
16
24
32
26
6
6
-4
-27
-48
-55
-40
-30
-22
-37
-62
-67
-85
-113
-147
-173
-192
-169
-160
-168
-179
-200
-213
-239
-267
-284
-284
-287
-294
-300
-311
-330
-331
-344
-361
-377
-381
-387
-385
-390
-413
-429
-436
-453
-476
-482
-502
-518
-532
-549
-555
-571
-587
-609
-632
-640
-647
-648
-638
-645
-642
-636
-642
-624
-618
-613
-610
-595
-576
-565
-521
-494
-485
-471
-457
-443
-440
-432
-420
-391
-364
-331
-308
-310
-294
-282
-272
-264
-257
-252
-226
-181
-131
-104
-90
-87
-89
-82
-77
-41
-17
-10
7
25
42
56
72
74
65
47
36
47
36
17
-10
-43
-63
-105
-126
-136
-142
-146
-164
-181
-198
-214
-228
-250
-261
-281
-297
-311
-330
-345
-360
-376
-391
-384
-388
-377
-389
-410
-421
-425
-403
-407
-417
-412
-400
-407
-408
-405
-425
-422
-417
-404
-396
-393
-389
-380
-372
-363
-356
-361
-346
-327
-324
-309
-313
-305
-316
-337
-346
-335
-321
-324
-322
-341
-339
-341
-363
-369
-376
-367
-348
-328
-313
-335
-357
-362
-359
-335
-314
-299
-290
-274
-272
-277
-273
-294
-306
-283
-263
-254
-226
-232
-260
-273
-304
-317
-339
-344
-306
-285
-275
-270
-272
-288
-314
-326
-328
-324
-305
-297
-290
-277
-290
-296
-302
-312
-305
-293
-279
-265
-262
-274
-288
-297
-309
-323
-348
-356
-339
-334
-320
-309
-324
-329
-328
-314
-315
-315
-291
-277
-278
-265
-264
-274
-271
-279
-278
-278
-273
-276
-256
-252
-260
-257
-257
-242
-217
-200
-197
-186
-174
-163
-155
-149
-144
-149
-163
-151
-157
-135
-124
-124
-136
-147
-152
-163
-162
-162
-172
-185
-197
-201
-208
-229
-244
-252
-250
-264
-280
-292
-305
-321
-334
-352
-368
-383
-395
-401
-414
-421
-430
-447
-458
-464
-480
-492
-495
-479
-482
-482
-470
-480
-478
-484
-499
-516
-527
-520
-492
-468
-472
-461
-447
-431
-415
-418
-426
-413
-380
-351
-324
-300
-273
-244
-229
-219
-218
-199
-175
-147
-125
-108
-87
-89
-86
-81
-81
-79
-69
-55
-37
-32
-33
-21
-9
9
20
20
25
21
20
6
2
29
51
65
83
109
124
127
130
141
145
155
159
171
180
179
180
192
203
207
207
204
215
217
237
254
260
257
240
233
213
214
217
205
200
188
186
174
146
115
113
95
60
40
29
5
-13
-54
-103
-144
-167
-165
-166
-173
-196
-235
-289
-323
-342
-353
-361
-351
-339
-333
-339
-357
-372
-408
-414
-412
-410
-393
-386
-352
-323
-309
-300
-298
-287
-288
-294
-272
-246
-217
-183
-160
-148
-151
-159
-153
-133
-116
-86
-62
-41
-12
10
12
9
28
20
30
59
67
83
87
83
89
72
72
86
107
142
162
176
163
172
169
153
148
155
169
199
208
194
177
158
157
163
167
195
213
211
231
243
235
224
204
189
188
180
173
162
154
142
126
105
91
78
60
38
8
-11
-24
-41
-47
-61
-79
-98
-107
-133
-166
-195
-237
-251
-266
-277
-270
-261
-266
-279
-291
-298
-302
-312
-327
-337
-342
-347
-338
-342
-350
-368
-395
-402
-396
-389
-383
-382
-370
-353
-331
-312
-304
-296
-282
-279
-254
-239
-223
-204
-181
-153
-123
-112
-90
-63
-51
-39
-32
-19
7
25
33
49
51
66
96
136
147
131
142
140
169
184
180
196
186
185
192
202
219
215
202
188
190
178
175
167
154
146
139
140
133
118
121
101
89
72
57
58
57
64
63
63
37
26
25
26
15
-1
-10
-4
-2
-10
-18
-51
-70
-78
-85
-100
-109
-112
-116
-114
-137
-153
-151
-151
-151
-154
-150
-149
-159
-156
-170
-186
-197
-188
-176
-184
-193
-205
-211
-216
-215
-229
-220
-222
-220
-212
-213
-207
-202
-199
-186
-192
-199
-196
-176
-156
-147
-132
-120
-106
-91
-75
-62
-59
-39
-18
-7
2
10
18
14
20
17
23
38
54
71
66
71
65
78
95
107
117
121
132
136
132
120
114
94
81
72
63
67
66
50
33
26
34
29
25
15
12
11
-11
-18
-46
-58
-77
-87
-75
-63
-45
-53
-57
-74
-99
-106
-113
-105
-103
-89
-91
-84
-61
-82
-102
-95
-97
-98
-89
-82
-96
-95
-84
-98
-93
-94
-108
-95
-91
-103
-102
-104
-107
-121
-158
-171
-180
-190
-183
-174
-183
-195
-203
-223
-231
-241
-244
-264
-266
-258
-252
-240
-243
-249
-260
-258
-257
-259
-263
-260
-249
-245
-241
-262
-283
-299
-311
-302
-302
-286
-277
-286
-286
-289
-294
-306
-307
-295
-300
-273
-257
-240
-232
-227
-215
-220
-205
-196
-184
-180
-176
-163
-149
-134
-132
-140
-144
-135
-120
-112
-110
-125
-130
-146
-165
-174
-173
-160
-166
-145
-140
-132
-126
-120
-112
-115
-110
-125
-114
-95
-75
-60
-57
-51
-48
-54
-48
-52
-69
-75
-82
-79
-64
-60
-76
-72
-72
-59
-59
-66
-69
-74
-72
-56
-64
-57
-57
-61
-50
-67
-71
-63
-40
-52
-62
-78
-99
-104
-113
-115
-141
-163
-161
-172
-176
-198
-221
-243
-260
-269
-269
-271
-279
-278
-289
-298
-306
-310
-312
-319
-328
-324
-326
-326
-318
-313
-333
-346
-347
-346
-343
-351
-335
-316
-307
-293
-284
-268
-249
-242
-230
-229
-214
-195
-181
-157
-139
-128
-112
-104
-97
-80
-72
-61
-52
-36
-14
-5
-3
-5
-9
-10
-9
-6
12
20
20
16
19
16
2
2
6
12
22
49
52
45
41
30
25
35
41
46
68
68
77
81
79
62
31
21
12
8
9
11
3
-1
-9
-21
-25
-42
-52
-60
-64
-73
-80
-96
-108
-116
-131
-140
-153
-167
-177
-180
-206
-240
-269
-277
-262
-254
-265
-266
-268
-277
-286
-296
-298
-309
-300
-288
-293
-280
-279
-283
-295
-321
-329
-322
-308
-307
-307
-321
-322
-319
-325
-335
-344
-355
-341
-320
-311
-307
-323
-324
-310
-308
-295
-296
-292
-281
-273
-261
-257
-257
-243
-224
-210
-205
-213
-211
-212
-210
-208
-203
-203
-208
-206
-198
-194
-194
-190
-190
-201
-211
-216
-199
-177
-157
-157
-165
-168
-166
-164
-145
-134
-120
-103
-98
-86
-90
-87
-86
-76
-94
-94
-101
-85
-84
-95
-106
-113
-126
-126
-118
-119
-128
-143
-149
-170
-183
-197
-212
-217
-225
-233
-230
-235
-241
-264
-289
-311
-331
-329
-322
-337
-328
-329
-353
-368
-395
-430
-449
-466
-467
-470
-485
-506
-533
-549
-558
-558
-565
-574
-584
-580
-570
-581
-596
-603
-614
-623
-628
-640
-638
-623
-615
-605
-592
-600
-590
-599
-591
-582
-573
-555
-551
-536
-547
-557
-546
-538
-511
-494
-477
-462
-454
-445
-452
-442
-438
-419
-395
-371
-356
-345
-334
-331
-332
-336
-339
-327
-317
-303
-294
-292
-282
-283
-286
-293
-291
-287
-288
-283
-293
-299
-305
-298
-293
-291
-296
-295
-287
-283
-285
-288
-300
-299
-278
-248
-241
-229
-237
-236
-225
-245
-242
-234
-231
-232
-233
-225
-211
-232
-249
-255
-265
-258
-261
-278
-293
-312
-323
-318
-330
-336
-334
-347
-345
-337
-339
-354
-369
-384
-371
-349
-337
-344
-356
-368
-372
-383
-387
-382
-369
-350
-348
-327
-312
-319
-331
-314
-297
-282
-271
-246
-236
-230
-230
-251
-235
-238
-231
-214
-199
-193
-185
-181
-181
-185
-206
-218
-220
-202
-188
-187
-195
-195
-196
-216
-218
-217
-215
-200
-205
-220
-221
-222
-231
-243
-234
-234
-231
-222
-224
-229
-247
-244
-242
-246
-236
-236
-231
-230
-239
-237
-244
-256
-262
-265
-266
-275
-273
-268
-261
-262
-268
-278
-279
-267
-248
-244
-247
-242
-263
-274
-278
-287
-286
-279
-267
-263
-259
-266
-272
-281
-285
-277
-271
-268
-255
-234
-226
-227
-228
-236
-263
-276
-266
-260
-244
-237
-230
-237
-249
-260
-270
-275
-276
-264
-254
-248
-253
-273
-279
-289
-285
-261
-251
-252
-255
-257
-271
-264
-251
-263
-257
-265
-269
-251
-244
-235
-233
-245
-247
-253
-252
-233
-236
-232
-230
-235
-254
-266
-263
-277
-272
-276
-267
-257
-252
-251
-251
-243
-246
-241
-239
-241
-242
-224
-209
-208
-188
-179
-169
-162
-155
-145
-128
-106
-96
-94
-88
-83
-78
-68
-71
-74
-69
-70
-48
-50
-48
-37
-54
-63
-72
-81
-81
-64
-54
-47
-47
-56
-74
-64
-58
-62
-64
-61
-56
-47
-29
-34
-22
-26
-33
-26
-28
-37
-42
-44
-50
-53
-85
-117
-141
-139
-128
-128
-129
-142
-162
-174
-183
-200
-204
-201
-197
-205
-203
-214
-210
-215
-213
-219
-225
-236
-226
-226
-225
-223
-234
-233
-245
-241
-251
-248
-249
-245
-245
-247
-254
-267
-269
-285
-284
-265
-264
-253
-260
-262
-243
-253
-260
-253
-250
-246
-241
-241
-243
-240
-248
-247
-251
-256
-264
-262
-272
-283
-302
-329
-328
-343
-336
-322
-318
-315
-309
-323
-331
-343
-348
-338
-331
-333
-336
-328
-311
-285
-276
-274
-271
-254
-249
-245
-243
-262
-256
-270
-276
-289
-294
-284
-284
-273
-270
-273
-265
-260
-259
-257
-266
-266
-269
-261
-264
-272
-273
-282
-296
-309
-325
-319
-329
-337
-337
-349
-350
-342
-351
-361
-369
-374
-365
-366
-361
-342
-326
-312
-308
-315
-326
-335
-336
-331
-328
-334
-332
-342
-332
-333
-327
-324
-340
-344
-349
-353
-365
-376
-378
-375
-363
-361
-365
-370
-371
-363
-358
-354
-333
-326
-330
-335
-348
-346
-344
-339
-336
-333
-346
-351
-350
-342
-342
-343
-343
-343
-333
-326
-323
-313
-311
-313
-317
-324
-324
-325
-314
-321
-318
-308
-310
-293
-268
-261
-253
-247
-231
-232
-238
-241
-251
-251
-253
-253
-252
-246
-253
-248
-243
-247
-253
-243
-238
-227
-225
-230
-234
-241
-239
-248
-260
-267
-285
-299
-297
-304
-298
-290
-299
-305
-329
-339
-360
-373
-370
-377
-379
-407
-419
-427
-424
-429
-430
-439
-439
-427
-419
-401
-401
-395
-411
-429
-430
-425
-417
-423
-398
-379
-368
-364
-359
-355
-343
-324
-305
-308
-309
-299
-302
-298
-287
-280
-275
-260
-263
-268
-265
-270
-267
-246
-242
-238
-226
-216
-206
-178
-151
-154
-166
-168
-168
-157
-153
-138
-133
-128
-123
-129
-128
-136
-133
-135
-126
-115
-113
-118
-129
-150
-170
-188
-192
-200
-198
-192
-184
-180
-182
-195
-211
-214
-214
-200
-196
-200
-199
-198
-209
-215
-216
-239
-250
-254
-258
-257
-258
-258
-272
-301
-332
-350
-357
-357
-354
-352
-343
-368
-387
-408
-423
-441
-458
-449
-446
-438
-435
-419
-416
-401
-414
-433
-429
-411
-401
-398
-394
-399
-396
-391
-390
-398
-387
-380
-364
-352
-339
-335
-333
-332
-336
-332
-315
-302
-298
-286
-285
-288
-279
-277
-272
-272
-271
-265
-252
-242
-241
-255
-247
-237
-233
-234
-251
-260
-257
-262
-274
-278
-286
-289
-280
-267
-257
-251
-252
-253
-253
-261
-254
-250
-240
-228
-206
-184
-158
-148
-147
-142
-130
-125
-124
-108
-90
-86
-82
-89
-99
-102
-94
-87
-86
-72
-77
-85
-92
-78
-82
-71
-69
-62
-49
-43
-29
-30
-36
-45
-44
-48
-47
-43
-58
-62
-61
-58
-68
-71
-54
-41
-29
-14
-12
-7
-3
-12
-15
-18
6
9
13
22
26
38
48
54
57
59
52
64
88
90
94
99
84
75
66
61
57
61
69
74
80
77
77
78
61
53
58
58
56
56
55
35
27
1
0
5
7
7
4
-4
-8
-8
-27
-40
-42
-58
-62
-66
-69
-76
-84
-92
-100
-102
-105
-102
-99
-96
-103
-108
-121
-117
-116
-123
-120
-112
-111
-124
-142
-146
-142
-130
-110
-108
-104
-95
-96
-101
-101
-110
-134
-133
-117
-102
-97
-109
-116
-124
-135
-136
-134
-124
-117
-106
-100
-93
-94
-105
-96
-88
-87
-86
-76
-70
-78
-86
-86
-83
-88
-82
-83
-101
-107
-98
-101
-106
-104
-102
-114
-129
-127
-116
-117
-98
-89
-95
-100
-103
-113
-116
-107
-115
-114
-104
-110
-113
-115
-117
-126
-135
-139
-139
-137
-128
-117
-126
-124
-132
-153
-148
-137
-123
-101
-91
-72
-62
-62
-48
-49
-47
-39
-35
-38
-43
-45
-54
-57
-68
-72
-77
-64
-46
-42
-49
-57
-77
-89
-88
-97
-91
-85
-73
-67
-81
-74
-84
-87
-71
-73
-65
-59
-51
-50
-44
-36
-21
-3
9
1
-3
-2
-5
-17
-31
-35
-39
-42
-47
-59
-65
-78
-92
-102
-115
-114
-117
-125
-122
-112
-102
-115
-117
-118
-118
-114
-104
-99
-98
-103
-108
-115
-115
-111
-99
-82
-80
-71
-78
-89
-102
-116
-121
-122
-125
-129
-143
-142
-141
-139
-157
-164
-164
-153
-136
-123
-124
-128
-151
-172
-185
-193
-186
-174
-160
-151
-142
-143
-136
-153
-165
-164
-159
-151
-139
-132
-131
-131
-133
-130
-113
-102
-83
-62
-54
-46
-31
-31
-23
-10
5
33
49
64
73
76
82
84
85
89
80
91
101
109
120
120
117
121
125
126
120
115
117
136
146
131
137
134
141
145
151
178
186
190
181
177
169
164
170
162
156
151
153
142
129
124
114
102
106
121
137
136
146
155
161
158
151
151
148
152
155
154
150
138
139
130
123
119
104
103
85
76
76
61
62
53
54
47
37
25
5
-9
-19
-32
-32
-29
-49
-58
-59
-49
-42
-56
-64
-67
-81
-74
-76
-73
-67
-77
-76
-81
-89
-98
-108
-111
-106
-98
-105
-97
-100
-99
-86
-78
-75
-75
-63
-53
-52
-54
-60
-66
-76
-67
-71
-66
-56
-53
-42
-33
-22
-30
-33
-32
-21
-17
-35
-30
-40
-46
-53
-54
-45
-39
-26
-21
-18
-32
-35
-35
-28
-35
-36
-43
-56
-56
-55
-56
-55
-74
-80
-78
-87
-77
-68
-54
-58
-73
-86
-100
-95
-98
-92
-82
-86
-92
-99
-105
-96
-73
-69
-49
-42
-37
-29
-34
-29
-22
-19
-4
10
0
-9
-3
7
13
-2
7
5
13
10
26
40
49
59
61
72
71
90
103
141
175
173
170
177
188
207
227
253
268
280
283
285
288
288
287
290
277
282
290
286
298
274
258
233
222
223
213
235
241
241
248
234
216
202
184
175
183
176
175
185
190
198
186
180
174
153
145
133
120
123
119
105
76
62
42
31
23
24
16
-6
-16
-26
-29
-26
-28
-28
-23
-34
-40
-42
-31
-37
-38
-32
-43
-43
-37
-34
-32
-23
-13
-8
-1
-7
-1
0
-9
-21
-26
-35
-50
-58
-64
-72
-76
-80
-70
-57
-56
-36
-31
-14
-5
-2
-22
-32
-42
-38
-23
-25
-13
-18
-8
-6
-23
-31
-37
-41
-49
-42
-30
-23
-24
-43
-46
-49
-56
-59
-55
-54
-38
-35
-31
-17
-18
-7
1
11
24
29
29
25
29
32
19
11
-1
-16
-22
-34
-39
-43
-55
-57
-64
-79
-79
-72
-72
-80
-85
-81
-83
-84
-89
-88
-92
-94
-97
-88
-87
-96
-88
-94
-100
-98
-102
-103
-103
-109
-112
-107
-98
-101
-101
-92
-100
-90
-82
-91
-87
-87
-99
-102
-92
-100
-113
-110
-116
-104
-113
-121
-126
-120
-130
-158
-163
-177
-180
-195
-205
-220
-218
-228
-247
-256
-260
-269
-277
-270
-282
-283
-297
-298
-299
-304
-314
-322
-332
-337
-324
-329
-333
-344
-365
-372
-394
-408
-423
-420
-414
-422
-422
-418
-419
-424
-425
-426
-423
-424
-411
-421
-424
-441
-449
-450
-455
-460
-476
-472
-458
-447
-444
-444
-444
-444
-448
-438
-433
-442
-442
-429
-432
-441
-449
-451
-467
-470
-462
-460
-458
-457
-456
-451
-442
-438
-430
-427
-422
-423
-429
-434
-439
-444
-445
-458
-464
-472
-478
-470
-464
-455
-450
-451
-460
-466
-471
-465
-452
-451
-462
-463
-475
-466
-468
-473
-474
-472
-460
-455
-436
-437
-437
-439
-433
-430
-438
-442
-444
-441
-437
-431
-428
-424
-429
-432
-434
-420
-417
-411
-403
-401
-406
-419
-411
-390
-383
-384
-373
-370
-370
-363
-366
-359
-344
-341
-347
-348
-353
-356
-361
-364
-356
-345
-333
-335
-344
-360
-381
-389
-395
-409
-399
-393
-378
-370
-366
-365
-384
-390
-395
-378
-360
-358
-356
-341
-339
-332
-317
-319
-329
-342
-339
-348
-349
-351
-367
-390
-414
-426
-415
-403
-402
-397
-398
-416
-431
-446
-443
-447
-451
-437
-441
-427
-421
-415
-420
-414
-394
-396
-401
-402
-408
-399
-384
-383
-390
-398
-406
-406
-401
-399
-388
-397
-395
-398
-398
-393
-407
-417
-422
-422
-415
-413
-421
-419
-421
-431
-441
-447
-453
-453
-461
-459
-461
-463
-463
-466
-466
-459
-460
-464
-472
-476
-468
-488
-489
-489
-480
-476
-468
-457
-451
-453
-452
-453
-435
-423
-414
-398
-387
-371
-354
-333
-323
-304
-301
-296
-295
-297
-300
-297
-291
-289
-292
-288
-288
-287
-285
-295
-302
-317
-328
-323
-327
-320
-319
-307
-298
-297
-292
-295
-288
-286
-284
-277
-279
-275
-287
-293
-297
-309
-305
-307
-306
-302
-295
-298
-302
-320
-320
-315
-308
-299
-308
-316
-328
-332
-342
-344
-351
-344
-342
-336
-323
-331
-335
-346
-362
-372
-394
-394
-401
-410
-424
-439
-435
-442
-454
-466
-488
-490
-494
-502
-500
-500
-499
-501
-499
-502
-508
-508
-504
-514
-524
-518
-516
-515
-510
-505
-504
-507
-504
-497
-480
-476
-475
-480
-476
-467
-464
-458
-465
-467
-462
-463
-456
-454
-448
-441
-446
-445
-437
-432
-429
-432
-444
-448
-440
-436
-439
-445
-459
-461
-476
-490
-478
-466
-461
-461
-472
-477
-478
-483
-483
-477
-471
-462
-449
-451
-444
-442
-438
-434
-434
-442
-444
-431
-422
-420
-417
-417
-416
-412
-409
-404
-387
-365
-359
-356
-359
-353
-342
-330
-335
-333
-329
-331
-333
-324
-323
-307
-286
-291
-282
-287
-294
-298
-315
-313
-311
-310
-317
-323
-325
-319
-312
-312
-315
-329
-336
-342
-339
-340
-334
-336
-352
-352
-347
-343
-339
-331
-329
-325
-316
-324
-309
-294
-287
-284
-288
-296
-302
-307
-311
-310
-319
-328
-323
-309
-317
-315
-318
-331
-338
-336
-329
-321
-309
-299
-298
-300
-310
-302
-307
-311
-307
-300
-290
-286
-277
-267
-256
-253
-256
-258
-260
-265
-270
-279
-276
-293
-309
-330
-342
-354
-362
-360
-364
-352
-359
-357
-378
-389
-402
-415
-413
-414
-413
-420
-423
-420
-422
-422
-400
-415
-405
-409
-423
-411
-406
-413
-407
-393
-393
-393
-395
-395
-395
-403
-408
-435
-459
-472
-469
-470
-471
-473
-465
-466
-460
-456
-459
-453
-455
-464
-476
-483
-490
-482
-475
-469
-470
-465
-458
-456
-449
-451
-445
-466
-474
-470
-467
-470
-463
-460
-456
-452
-456
-459
-457
-447
-438
-443
-449
-434
-428
-427
-424
-415
-400
-401
-404
-414
-405
-424
-443
-445
-438
-440
-452
-457
-462
-447
-455
-461
-479
-479
-488
-493
-485
-500
-501
-505
-513
-516
-515
-507
-496
-493
-495
-490
-486
-486
-485
-499
-521
-517
-523
-532
-521
-514
-508
-508
-507
-507
-516
-510
-501
-485
-474
-472
-466
-476
-479
-482
-496
-504
-497
-504
-506
-500
-506
-506
-510
-516
-519
-529
-532
-537
-542
-548
-546
-548
-561
-575
-589
-601
-604
-619
-626
-631
-631
-630
-642
-654
-654
-659
-676
-688
-693
-704
-715
-714
-724
-728
-733
-743
-758
-765
-771
-765
-753
-757
-746
-736
-728
-733
-737
-727
-729
-724
-712
-708
-709
-718
-714
-713
-709
-717
-717
-708
-708
-696
-690
-694
-702
-711
-725
-706
-704
-703
-705
-725
-714
-698
-689
-693
-699
-708
-704
-699
-697
-688
-682
-675
-662
-656
-651
-646
-653
-642
-651
-647
-640
-633
-650
-663
-674
-663
-637
-618
-612
-610
-616
-631
-616
-609
-584
-568
-586
-595
-611
-625
-622
-603
-586
-568
-546
-548
-538
-531
-520
-513
-518
-523
-513
-522
-539
-536
-549
-562
-568
-572
-570
-568
-564
-548
-546
-527
-523
-534
-541
-544
-539
-537
-520
-516
-522
-528
-524
-510
-502
-480
-472
-468
-446
-413
-399
-405
-398
-401
-408
-414
-414
-424
-419
-413
-429
-458
-471
-488
-486
-483
-483
-469
-464
-457
-463
-481
-492
-509
-510
-509
-522
-514
-501
-486
-488
-498
-500
-502
-508
-517
-519
-518
-528
-521
-537
-551
-574
-583
-582
-580
-576
-580
-584
-594
-598
-610
-615
-623
-625
-626
-628
-614
-609
-603
-593
-592
-577
-576
-575
-575
-583
-560
-547
-523
-512
-514
-516
-517
-514
-494
-471
-463
-457
-451
-448
-460
-454
-449
-446
-446
-428
-409
-397
-392
-393
-387
-373
-370
-369
-360
-354
-326
-315
-302
-293
-281
-279
-286
-282
-277
-287
-299
-294
-287
-267
-239
-230
-237
-227
-214
-196
-182
-169
-169
-166
-150
-129
-123
-122
-99
-83
-72
-51
-40
-45
-44
-44
-39
-45
-54
-63
-75
-74
-74
-67
-63
-74
-66
-85
-81
-76
-84
-72
-64
-46
-33
-13
-4
-15
-17
-28
-24
-31
-24
-27
-19
-13
-21
-21
-33
-31
-39
-39
-33
-25
-31
-35
-32
-47
-39
-37
-29
-25
-27
-32
-43
-49
-66
-76
-78
-109
-112
-105
-118
-125
-129
-120
-136
-162
-188
-204
-222
-228
-237
-243
-249
-252
-259
-282
-305
-325
-324
-341
-347
-343
-337
-341
-350
-354
-373
-379
-391
-406
-405
-406
-390
-381
-383
-387
-395
-400
-390
-380
-374
-370
-346
-351
-361
-364
-361
-339
-322
-309
-301
-283
-273
-269
-260
-256
-255
-249
-227
-216
-210
-208
-217
-225
-245
-252
-258
-248
-235
-236
-218
-220
-230
-213
-207
-212
-205
-202
-194
-173
-152
-155
-145
-145
-141
-130
-124
-123
-123
-115
-117
-111
-103
-83
-81
-88
-94
-100
-97
-101
-96
-95
-95
-94
-100
-111
-105
-103
-97
-83
-78
-74
-80
-85
-78
-83
-87
-91
-103
-102
-103
-100
-105
-119
-135
-150
-154
-150
-142
-138
-143
-140
-131
-123
-127
-125
-135
-156
-147
-140
-118
-110
-101
-91
-88
-80
-68
-70
-64
-59
-50
-40
-31
-20
-29
-19
-11
-8
-17
-14
-19
-21
-1
25
32
25
38
7
-23
-25
-28
-20
-20
-11
-18
-22
-22
-13
-16
-23
-5
14
31
26
28
32
43
53
65
86
93
102
105
112
121
120
133
126
107
109
96
110
126
145
155
151
154
156
168
167
156
151
153
157
173
167
173
177
175
177
170
170
150
156
170
172
157
143
153
156
165
167
170
164
159
162
177
183
171
173
172
176
177
188
191
190
198
221
224
224
206
185
188
193
212
227
236
226
219
213
209
214
202
191
195
199
204
207
206
196
191
219
229
233
258
272
288
290
288
280
291
295
286
296
306
315
325
333
342
347
348
351
336
335
336
343
348
328
330
342
351
347
337
338
342
353
357
351
351
358
377
379
370
362
350
362
384
369
352
356
345
343
350
343
351
376
389
392
381
371
380
379
385
398
386
399
386
376
365
363
358
340
336
321
322
322
322
305
290
277
271
253
218
204
203
210
206
213
201
207
203
201
199
197
199
189
170
173
180
187
197
192
196
183
178
180
175
172
180
177
176
167
160
156
135
124
116
118
132
123
124
121
138
135
138
145
137
148
155
149
139
137
132
130
111
111
103
107
110
99
90
76
76
81
78
74
76
72
66
74
75
69
74
69
73
83
80
85
85
98
111
118
118
112
119
109
104
83
66
68
64
50
53
63
76
83
81
90
88
81
90
111
133
154
187
203
202
196
184
186
195
204
222
221
211
217
222
235
234
241
241
230
223
211
206
210
212
204
202
190
170
173
159
168
174
170
171
173
183
174
178
199
192
191
200
202
210
210
201
207
193
193
188
178
171
162
164
160
167
193
195
177
156
125
97
52
22
14
18
31
39
51
54
30
12
-3
0
3
-7
-6
-1
-4
11
35
28
4
-6
-16
-27
-28
-41
-48
-61
-80
-106
-140
-155
-161
-158
-144
-141
-153
-173
-185
-196
-208
-218
-204
-179
-177
-169
-151
-136
-120
-128
-146
-161
-171
-161
-162
-152
-151
-148
-145
-145
-149
-164
-178
-177
-158
-150
-167
-179
-196
-210
-209
-209
-219
-236
-246
-266
-262
-257
-269
-266
-273
-266
-250
-256
-267
-269
-271
-271
-270
-274
-293
-312
-326
-318
-308
-311
-310
-309
-302
-300
-309
-344
-366
-354
-345
-343
-336
-331
-316
-312
-300
-292
-301
-304
-318
-305
-295
-278
-273
-274
-271
-288
-299
-320
-334
-338
-347
-355
-372
-380
-383
-391
-403
-413
-412
-410
-408
-408
-420
-434
-442
-460
-467
-490
-497
-499
-504
-498
-492
-479
-492
-493
-499
-507
-512
-526
-521
-507
-507
-501
-496
-484
-471
-463
-449
-440
-422
-403
-391
-381
-378
-376
-384
-388
-395
-397
-385
-385
-395
-391
-394
-377
-372
-382
-369
-379
-397
-387
-383
-386
-372
-374
-386
-392
-400
-414
-422
-420
-431
-417
-413
-428
-437
-438
-449
-466
-473
-490
-487
-489
-500
-508
-513
-522
-530
-538
-542
-541
-559
-552
-553
-563
-561
-566
-551
-554
-565
-573
-561
-550
-535
-533
-541
-541
-550
-545
-551
-541
-526
-535
-535
-527
-519
-541
-542
-546
-548
-552
-564
-559
-557
-570
-592
-601
-595
-581
-566
-565
-553
-539
-524
-509
-515
-508
-510
-514
-518
-519
-530
-529
-534
-566
-589
-604
-617
-615
-616
-611
-615
-621
-612
-626
-624
-622
-623
-610
-610
-626
-644
-652
-653
-652
-659
-654
-642
-630
-625
-629
-634
-631
-633
-634
-632
-632
-624
-611
-596
-577
-560
-561
-556
-559
-557
-545
-534
-517
-510
-503
-500
-494
-489
-487
-477
-470
-487
-488
-468
-469
-460
-450
-442
-440
-429
-409
-412
-406
-402
-414
-422
-430
-433
-443
-437
-453
-472
-488
-512
-528
-536
-534
-523
-517
-520
-528
-555
-573
-566
-562
-558
-538
-519
-502
-486
-489
-498
-504
-511
-513
-522
-523
-526
-530
-530
-548
-577
-597
-625
-636
-651
-672
-667
-684
-702
-704
-702
-696
-700
-697
-700
-712
-721
-735
-728
-719
-717
-706
-715
-716
-720
-735
-741
-712
-699
-697
-690
-704
-707
-705
-707
-707
-707
-684
-684
-702
-699
-703
-718
-731
-735
-738
-727
-718
-702
-689
-692
-699
-724
-738
-737
-736
-735
-716
-701
-694
-695
-696
-693
-691
-685
-688
-709
-724
-714
-715
-710
-718
-722
-721
-713
-701
-711
-711
-710
-714
-716
-705
-713
-716
-697
-678
-654
-637
-630
-631
-643
-662
-688
-718
-733
-736
-736
-733
-735
-749
-762
-758
-763
-768
-780
-778
-780
-774
-778
-780
-794
-814
-830
-854
-848
-839
-832
-842
-833
-851
-860
-871
-879
-884
-916
-926
-933
-942
-941
-937
-925
-923
-924
-908
-886
-851
-818
-802
-787
-785
-782
-781
-775
-776
-755
-741
-730
-712
-720
-732
-761
-767
-756
-747
-751
-747
-752
-750
-735
-722
-733
-743
-742
-765
-775
-764
-760
-752
-744
-759
-770
-772
-785
-801
-805
-820
-820
-823
-823
-815
-820
-822
-839
-862
-893
-894
-885
-879
-891
-897
-905
-914
-923
-942
-942
-952
-949
-943
-938
-934
-932
-936
-932
-937
-942
-955
-971
-978
-987
-971
-967
-954
-968
-976
-976
-976
-966
-964
-956
-952
-934
-950
-931
-925
-942
-952
-959
-948
-941
-922
-917
-906
-916
-932
-937
-963
-962
-943
-942
-939
-922
-924
-927
-939
-942
-976
-1006
-1009
-994
-985
-980
-977
-997
-1008
-1024
-1020
-1007
-1003
-1003
-1010
-1040
-1049
-1065
-1065
-1067
-1078
-1073
-1063
-1042
-1044
-1050
-1054
-1049
-1021
-1006
-1008
-1010
-1009
-995
-980
-968
-957
-947
-919
-903
-891
-870
-868
-856
-841
-830
-817
-803
-790
-777
-764
-757
-746
-731
-714
-701
-693
-678
-662
-638
-633
-622
-614
-599
-586
-575
-557
-549
-548
-545
-559
-579
-591
-569
-544
-525
-509
-522
-529
-535
-525
-506
-498
-490
-469
-448
-432
-442
-454
-453
-452
-444
-453
-471
-489
-498
-502
-510
-508
-520
-544
-571
-586
-605
-619
-631
-641
-629
-635
-663
-684
-715
-742
-759
-771
-778
-789
-781
-766
-767
-758
-761
-773
-775
-771
-767
-774
-772
-770
-767
-776
-794
-786
-781
-772
-764
-763
-768
-767
-773
-785
-794
-791
-790
-782
-758
-740
-731
-717
-691
-692
-691
-689
-690
-704
-702
-699
-712
-722
-725
-729
-742
-748
-757
-758
-771
-776
-768
-753
-740
-737
-730
-722
-721
-711
-682
-675
-662
-648
-636
-632
-615
-590
-580
-564
-547
-534
-513
-491
-476
-459
-443
-442
-439
-450
-438
-446
-466
-481
-498
-500
-510
-518
-520
-517
-506
-500
-506
-508
-508
-511
-517
-520
-504
-493
-501
-504
-503
-518
-528
-535
-548
-568
-578
-587
-586
-594
-602
-603
-602
-613
-618
-637
-651
-645
-648
-634
-623
-606
-599
-610
-613
-601
-600
-610
-620
-613
-609
-604
-601
-608
-618
-628
-631
-632
-654
-657
-655
-641
-610
-613
-614
-614
-622
-620
-613
-614
-608
-610
-598
-578
-559
-553
-562
-559
-566
-562
-555
-540
-531
-539
-533
-527
-525
-531
-529
-528
-523
-525
-529
-537
-528
-523
-522
-504
-498
-491
-491
-499
-500
-484
-479
-479
-480
-473
-470
-470
-481
-503
-494
-494
-490
-479
-472
-448
-449
-439
-436
-433
-430
-414
-417
-417
-423
-425
-411
-411
-407
-408
-396
-381
-351
-337
-339
-337
-342
-336
-333
-335
-344
-348
-345
-326
-315
-312
-318
-330
-327
-328
-321
-306
-312
-297
-271
-255
-235
-218
-215
-221
-215
-196
-166
-148
-145
-137
-138
-127
-117
-118
-118
-110
-95
-93
-73
-62
-46
-42
-49
-54
-64
-52
-42
-35
-23
-17
-15
-28
-25
-12
-7
-12
-20
-23
-27
-25
-26
-24
-23
-25
-25
-36
-53
-57
-67
-79
-81
-77
-85
-107
-109
-121
-129
-135
-149
-169
-167
-176
-205
-207
-216
-248
-236
-222
-231
-245
-251
-266
-292
-286
-282
-279
-279
-266
-256
-244
-231
-216
-209
-213
-219
-233
-258
-279
-287
-291
-289
-299
-325
-348
-371
-381
-401
-413
-405
-415
-421
-417
-424
-428
-434
-443
-460
-466
-476
-481
-471
-474
-473
-500
-512
-516
-517
-512
-510
-497
-484
-464
-455
-464
-494
-508
-508
-518
-510
-516
-522
-533
-562
-567
-570
-571
-576
-567
-544
-530
-525
-518
-523
-522
-535
-541
-552
-556
-549
-530
-519
-505
-499
-501
-488
-492
-493
-488
-497
-498
-497
-508
-505
-494
-483
-482
-481
-472
-456
-445
-440
-447
-428
-402
-379
-367
-346
-323
-303
-289
-278
-284
-285
-278
-278
-289
-304
-319
-319
-313
-317
-319
-323
-332
-344
-346
-337
-311
-301
-296
-286
-277
-263
-251
-249
-244
-231
-256
-275
-303
-301
-294
-285
-285
-287
-261
-261
-246
-253
-240
-236
-207
-196
-218
-217
-208
-193
-161
-135
-138
-119
-111
-101
-97
-86
-66
-48
-35
-36
-38
-35
-24
8
13
6
10
5
1
4
10
16
41
54
50
36
24
12
3
11
23
27
25
37
41
24
19
-9
-22
-24
-22
-7
-4
-6
-10
-15
-10
-14
-23
-26
-25
-28
-26
-35
-49
-56
-54
-38
-19
-1
8
20
33
23
34
42
41
42
40
51
49
57
64
70
55
53
46
26
18
14
16
16
20
11
4
-19
-16
-31
-43
-25
-20
-13
-34
-46
-51
-55
-47
-50
-51
-50
-56
-52
-60
-86
-96
-103
-117
-128
-140
-130
-107
-94
-69
-43
-24
-17
-22
-18
-18
-21
-33
-22
-32
-46
-38
-27
-24
-29
-24
-10
-1
-9
-15
-2
15
36
50
43
37
37
51
60
48
45
52
59
76
83
83
85
106
115
126
133
152
158
156
155
150
151
138
147
151
160
171
183
191
192
190
199
207
192
182
191
210
219
211
195
179
142
110
91
71
63
53
70
88
121
140
134
133
136
125
124
130
126
138
153
164
179
167
159
137
98
101
97
103
106
97
90
79
80
75
65
46
35
24
-2
-19
-34
-30
-31
-47
-23
-25
-25
-24
-15
-5
-3
-4
-1
13
23
46
55
78
101
120
134
140
124
129
134
129
138
132
138
121
140
142
132
141
155
179
195
220
248
258
267
271
278
283
286
298
311
326
327
333
327
321
330
338
330
337
347
356
352
356
356
359
373
390
406
407
411
441
458
468
481
484
483
494
515
527
532
531
539
540
546
537
523
521
521
537
531
529
506
491
468
456
457
449
449
455
450
445
446
434
427
418
412
396
399
405
402
400
389
386
385
389
389
372
361
369
377
383
385
403
407
407
403
393
397
395
401
411
400
396
399
400
416
425
430
427
422
439
451
444
452
441
429
414
409
396
376
369
346
350
334
331
327
319
310
298
312
305
320
327
325
323
313
314
311
300
265
254
254
257
255
264
272
263
261
252
259
260
257
263
255
244
240
226
229
238
255
268
271
271
276
282
270
257
240
240
248
263
272
274
279
279
284
293
282
282
290
297
321
328
326
334
333
331
330
334
324
318
317
317
313
319
325
323
323
321
313
308
304
288
265
247
221
220
221
210
204
186
178
183
191
190
194
184
184
170
165
174
173
163
137
109
94
71
65
81
81
72
70
57
44
45
39
38
28
23
9
-8
-14
-19
-25
-19
-24
-23
-36
-47
-56
-58
-48
-51
-39
-31
-31
-21
-19
-13
-11
5
33
33
56
62
62
76
69
68
79
76
65
60
77
104
131
146
154
151
143
136
136
147
169
188
193
202
211
226
242
250
246
251
246
251
260
259
263
265
278
286
272
278
264
259
257
253
257
237
235
242
225
224
224
215
201
180
174
160
162
145
140
140
138
144
135
132
145
145
147
152
145
135
120
118
124
124
128
132
138
122
112
98
84
90
84
90
78
79
73
73
74
63
62
55
62
60
55
51
39
33
20
5
1
-14
-14
-13
-11
-26
-22
-33
-39
-37
-49
-54
-72
-83
-89
-106
-116
-116
-125
-128
-136
-126
-125
-116
-129
-142
-132
-129
-124
-119
-114
-97
-74
-67
-69
-82
-86
-81
-70
-71
-68
-57
-41
-33
-25
-19
-33
-43
-40
-44
-40
-32
-25
-15
-8
5
9
8
6
9
-2
3
10
-3
8
8
7
3
-10
-9
-27
-48
-46
-39
-31
-27
-25
-18
-22
-9
0
1
11
15
21
20
7
-1
-11
-19
-10
3
6
-1
-3
-15
-11
-9
-21
-17
-12
-16
-23
-24
-21
-19
-29
-36
-28
-42
-54
-54
-60
-54
-58
-60
-71
-63
-50
-62
-71
-93
-97
-103
-120
-114
-122
-125
-121
-131
-147
-176
-185
-180
-187
-194
-190
-191
-195
-213
-222
-223
-247
-255
-264
-293
-296
-296
-299
-296
-288
-285
-287
-288
-284
-290
-305
-311
-321
-340
-351
-342
-340
-335
-335
-335
-343
-352
-345
-350
-356
-357
-348
-353
-336
-315
-301
-286
-282
-259
-253
-244
-233
-226
-215
-205
-209
-209
-218
-223
-219
-225
-224
-215
-203
-189
-186
-179
-178
-178
-180
-174
-161
-159
-159
-159
-152
-131
-131
-129
-118
-103
-88
-95
-85
-89
-99
-82
-84
-81
-84
-100
-108
-111
-110
-111
-120
-127
-126
-126
-130
-134
-116
-126
-150
-153
-154
-159
-150
-141
-155
-167
-177
-199
-215
-225
-226
-240
-242
-231
-243
-257
-270
-280
-294
-304
-307
-295
-305
-320
-334
-353
-361
-383
-384
-396
-391
-381
-375
-377
-406
-407
-427
-427
-412
-398
-386
-370
-363
-358
-334
-332
-335
-366
-378
-390
-394
-398
-404
-403
-423
-425
-446
-446
-457
-458
-441
-426
-415
-421
-409
-405
-395
-381
-379
-384
-388
-384
-362
-357
-346
-324
-322
-319
-325
-330
-321
-319
-320
-309
-298
-296
-291
-303
-312
-322
-313
-308
-322
-323
-316
-329
-325
-334
-344
-335
-319
-315
-312
-300
-301
-288
-308
-317
-334
-362
-377
-384
-378
-383
-380
-390
-408
-417
-435
-440
-450
-458
-451
-446
-439
-429
-426
-427
-417
-414
-426
-436
-430
-426
-403
-388
-382
-368
-358
-344
-323
-294
-274
-261
-256
-254
-262
-260
-247
-232
-235
-231
-230
-233
-238
-240
-248
-245
-242
-239
-253
-251
-239
-235
-215
-208
-215
-205
-191
-180
-197
-209
-209
-213
-221
-224
-231
-233
-220
-227
-239
-243
-226
-205
-200
-188
-172
-153
-135
-97
-82
-68
-44
-17
-8
-23
-35
-61
-55
-42
-32
-17
11
15
29
34
26
32
28
35
36
48
53
57
66
55
39
30
26
29
36
40
49
54
57
53
53
42
17
10
1
-8
-13
-9
-8
-7
-10
-9
-15
-31
-24
-20
-25
-18
-35
-35
-42
-53
-52
-71
-89
-89
-87
-100
-96
-97
-107
-103
-103
-120
-118
-117
-126
-129
-140
-142
-148
-180
-196
-206
-200
-194
-196
-217
-241
-239
-239
-243
-247
-254
-258
-259
-272
-280
-281
-285
-284
-267
-262
-253
-268
-285
-292
-316
-328
-337
-353
-362
-366
-378
-378
-398
-412
-409
-409
-399
-395
-406
-411
-394
-388
-374
-367
-382
-387
-393
-383
-381
-381
-355
-325
-312
-305
-311
-307
-299
-298
-273
-255
-256
-261
-275
-259
-255
-261
-264
-262
