371
376
350
353
344
360
376
391
389
386
391
386
383
380
395
402
419
432
419
432
432
424
436
438
444
470
481
480
483
494
518
501
512
509
513
523
524
532
535
528
524
534
550
566
571
580
569
551
554
588
586
584
582
586
567
552
575
554
549
543
533
532
528
523
510
501
502
488
503
516
508
506
491
484
483
484
470
481
483
469
481
508
511
497
484
480
476
469
479
472
479
486
494
493
512
524
534
547
546
546
547
552
546
538
528
536
538
544
535
534
546
559
563
563
552
556
549
553
556
550
545
531
529
519
513
503
502
508
527
544
559
540
537
544
544
564
574
567
561
564
546
540
546
538
535
514
529
529
525
526
520
520
514
518
510
512
491
486
489
491
481
476
475
463
465
459
455
452
449
456
441
425
425
435
415
393
385
378
368
365
367
378
358
341
326
314
325
332
337
326
318
305
304
293
283
261
262
284
305
308
292
287
289
302
315
318
320
331
332
360
366
348
355
365
369
384
395
382
379
382
364
368
366
354
372
395
396
399
390
385
386
370
354
350
337
348
360
350
336
337
351
339
333
312
326
339
319
313
297
287
280
294
300
312
315
307
326
328
321
326
335
324
328
337
333
340
355
370
370
357
375
365
391
415
412
429
434
448
449
450
455
458
475
482
485
504
510
515
520
519
532
542
556
568
569
568
570
574
590
601
600
617
619
622
607
588
587
571
579
594
602
607
609
604
586
593
584
578
596
589
599
587
582
587
571
566
561
565
575
598
610
607
595
590
611
599
606
616
616
614
628
639
641
648
645
631
633
619
625
633
623
629
625
627
639
651
652
660
642
641
640
644
643
627
632
623
600
585
594
589
590
586
580
560
558
551
552
567
598
608
573
552
543
539
545
552
557
546
543
546
542
522
501
492
487
505
517
512
493
493
481
477
483
492
514
508
508
516
528
537
531
531
529
528
536
536
534
545
559
575
585
608
620
623
639
658
659
647
622
628
645
634
638
637
635
646
639
633
649
650
667
663
669
657
645
629
610
610
621
638
614
618
606
613
617
614
625
626
613
603
598
601
606
583
583
565
574
577
579
577
549
541
541
552
571
585
595
609
612
611
631
649
650
682
685
682
674
679
683
667
641
623
628
616
607
598
593
576
574
570
571
563
567
567
554
536
510
498
503
500
494
491
478
458
444
441
433
408
403
386
368
341
324
329
326
329
302
314
303
300
320
311
305
305
294
293
306
314
308
303
320
330
320
315
335
350
352
350
375
394
403
409
413
426
435
435
441
454
468
479
511
522
523
545
533
544
546
525
529
538
572
581
559
542
525
527
521
543
556
566
571
570
566
546
529
528
527
493
476
484
470
460
437
428
420
399
386
369
369
346
324
312
322
311
294
282
287
289
282
255
247
238
241
249
263
282
279
289
267
252
258
262
291
311
323
322
308
306
316
322
335
366
379
389
402
422
427
419
421
422
451
464
495
521
527
543
548
538
532
556
581
579
586
578
567
552
564
554
543
550
550
559
570
584
558
516
481
467
472
474
481
485
495
482
436
408
395
366
349
364
375
380
370
364
340
307
292
294
309
324
330
305
291
285
263
246
248
268
298
287
288
268
272
272
277
282
302
317
340
362
370
377
367
391
411
449
459
471
498
517
527
530
539
555
572
602
622
646
653
637
647
659
673
675
688
696
706
699
713
728
723
736
727
730
732
742
752
750
735
727
726
710
709
677
665
653
644
634
616
603
574
554
546
534
510
479
460
455
455
450
435
425
407
397
393
397
394
394
406
416
430
414
385
365
357
395
444
468
474
486
491
499
498
487
482
490
518
555
588
583
572
564
577
593
601
624
635
636
668
670
677
688
698
716
737
767
776
796
819
828
835
864
876
890
896
902
898
916
916
914
917
910
932
926
909
902
915
924
905
898
892
908
897
876
864
858
861
844
833
796
756
729
703
685
650
631
594
566
558
543
529
499
460
423
403
386
367
364
356
344
337
334
344
325
309
285
276
268
272
290
305
299
297
283
266
258
263
265
272
300
317
345
344
357
343
363
385
403
421
446
491
502
530
552
573
614
630
654
675
694
731
744
772
754
763
750
765
775
781
783
768
785
791
826
846
846
857
855
867
894
903
903
903
918
928
957
959
946
938
924
923
914
919
912
888
857
816
792
755
733
711
671
641
612
588
547
526
491
448
426
408
382
351
331
306
284
265
243
242
237
207
202
187
176
161
161
160
135
132
129
150
170
176
187
171
175
185
222
244
259
298
327
358
395
444
468
481
516
550
613
625
640
652
665
683
707
761
789
814
823
834
818
817
836
852
862
873
913
941
958
950
931
926
940
977
1007
1023
1038
1044
1051
1056
1046
1029
1022
1041
1063
1067
1064
1073
1042
1005
992
979
980
973
978
971
957
913
870
854
841
816
792
773
741
706
665
618
580
527
480
463
452
427
386
373
372
351
329
298
275
259
251
252
236
216
202
205
208
199
191
172
190
215
231
229
231
230
247
265
313
355
383
408
448
509
550
586
625
655
693
724
757
804
835
861
874
906
909
935
960
988
1021
1014
1029
1038
1036
1009
1017
1012
1041
1059
1062
1085
1081
1083
1075
1083
1096
1095
1093
1100
1121
1137
1122
1112
1118
1114
1098
1107
1126
1113
1105
1120
1128
1118
1076
1067
1068
1056
1046
1036
1031
998
986
989
979
961
924
928
915
912
913
919
922
909
902
868
851
816
792
747
721
681
650
654
628
609
573
523
503
478
459
451
454
450
422
409
389
379
346
326
340
365
389
404
404
403
373
374
389
390
422
437
469
498
523
562
580
618
625
637
680
717
746
760
772
785
799
798
804
809
808
825
838
872
889
880
874
871
875
862
870
874
887
872
874
885
887
879
879
890
900
904
907
928
933
924
929
926
926
923
936
958
958
963
993
995
994
990
973
972
957
959
958
949
943
925
917
894
845
821
792
792
774
770
752
738
705
675
653
607
598
589
582
550
537
513
469
445
421
435
421
393
389
354
335
329
327
293
276
275
257
255
261
264
249
255
277
298
308
317
349
371
370
412
461
498
526
560
609
611
649
688
726
772
781
819
866
917
932
932
938
929
950
969
994
998
990
1017
1031
1052
1029
1006
992
976
993
1006
1014
1018
994
984
977
966
940
921
930
956
994
1007
1024
992
989
972
951
963
960
972
979
1004
1020
996
975
952
944
931
916
934
917
923
900
886
863
834
828
810
810
813
826
841
844
824
793
789
781
760
742
750
743
703
687
683
648
604
575
577
571
550
533
523
498
466
431
428
402
348
347
359
364
343
344
338
316
294
279
306
338
356
361
368
384
390
395
419
453
471
478
526
543
553
565
581
614
627
649
690
729
741
719
706
712
724
744
760
778
793
798
789
785
783
764
742
756
786
780
777
791
794
780
768
772
778
765
765
789
827
828
814
833
832
846
862
879
929
932
937
976
986
975
944
933
916
897
901
910
911
866
832
813
781
756
757
749
721
766
753
742
767
762
743
705
710
701
682
681
690
676
646
641
601
553
517
477
455
417
399
390
361
315
310
264
202
179
189
189
190
185
181
155
146
149
132
121
123
142
125
128
115
103
108
139
143
150
164
195
207
232
271
297
306
292
318
345
364
359
403
453
456
484
494
487
456
483
516
578
614
630
656
640
622
590
570
571
573
586
629
657
664
649
629
629
607
604
637
671
702
741
763
769
772
775
781
791
819
860
886
894
892
892
875
845
838
833
825
820
820
811
795
798
746
737
763
723
746
796
821
789
807
757
799
694
646
745
678
672
629
676
696
546
465
568
518
394
445
604
477
368
474
588
305
295
505
446
302
371
544
371
314
420
428
324
277
414
463
319
375
459
384
298
372
429
340
381
482
492
410
521
595
468
454
609
581
549
660
732
688
635
733
750
656
682
762
765
748
791
850
825
763
801
846
805
830
886
871
807
844
853
791
807
854
832
820
863
849
764
765
809
771
758
827
853
819
841
866
843
812
837
862
872
870
891
910
915
878
904
888
884
888
936
941
939
942
969
954
927
873
892
957
851
979
868
944
967
735
917
891
676
700
822
737
649
673
703
690
371
677
539
451
451
489
556
398
328
551
409
214
435
479
264
306
484
390
258
357
375
270
228
349
389
171
346
322
289
268
378
382
358
306
458
411
353
463
521
465
453
473
604
502
515
693
643
594
707
772
676
715
826
824
749
837
843
866
830
892
919
896
887
909
924
873
883
900
939
898
926
983
937
914
923
914
904
928
938
988
973
996
991
990
987
991
979
1017
1053
1020
1057
1054
1093
1046
1058
1103
1003
1118
1018
1038
1084
1037
1010
1011
1028
946
1037
849
965
968
839
802
967
734
701
707
820
571
654
692
580
567
518
529
418
408
330
420
321
244
352
237
257
293
202
305
178
297
233
256
268
273
250
316
184
248
208
248
346
185
306
413
272
273
426
371
373
420
515
523
436
517
603
518
560
619
693
578
624
730
714
681
741
817
779
728
803
823
771
785
871
867
816
887
945
903
938
964
927
938
930
912
945
985
986
993
990
993
947
912
925
941
900
880
939
949
953
953
910
993
877
869
977
944
861
943
949
869
868
879
847
698
911
801
797
751
862
721
622
820
563
570
658
683
539
606
587
417
505
235
441
425
269
432
485
435
215
444
393
164
216
465
330
228
407
463
171
348
367
406
254
378
504
356
381
432
435
394
473
521
470
554
568
531
565
467
575
497
506
602
725
544
614
845
612
584
691
786
638
674
854
873
674
813
904
794
767
925
960
857
915
963
939
829
895
956
842
858
890
948
861
871
920
891
807
812
909
809
784
898
902
807
797
820
817
753
709
905
749
653
906
836
678
851
891
700
807
775
886
770
762
946
863
682
864
822
770
804
763
961
810
793
849
961
747
763
869
891
785
795
897
838
659
796
946
574
783
761
764
622
724
659
706
583
775
776
507
759
569
643
580
457
693
667
458
696
599
658
481
660
739
573
502
739
705
511
604
725
647
491
710
755
555
668
697
656
608
637
771
694
647
789
812
795
739
791
931
725
875
994
900
818
1035
948
988
956
1005
1027
975
984
1026
983
1058
1023
1056
1143
1060
1041
1110
1068
1010
1073
1062
1042
1102
1085
1089
1045
1089
1118
926
1106
1092
972
1075
1207
954
1056
1118
985
1023
1012
1146
1012
1021
1159
1034
975
1089
1120
999
987
1120
1002
1026
1093
993
1074
1155
878
1098
1011
872
1066
891
983
1031
885
859
1029
731
930
639
937
822
648
851
830
652
588
773
631
725
470
900
616
641
504
824
571
671
493
829
671
489
739
765
578
490
792
638
549
424
826
584
519
639
807
580
599
743
800
593
633
876
789
702
826
900
854
811
820
909
844
790
1003
1028
933
987
1124
1012
1017
974
1113
1093
1072
1176
1117
1177
1112
1175
1138
1112
1072
1186
1177
1270
1166
1240
1272
1095
1183
1262
1141
1148
1283
1158
1228
1150
1150
1135
1115
1131
1225
1086
1190
1028
1328
1104
1087
1186
1135
1122
986
1243
1022
1150
1005
1225
1063
951
1034
1154
911
995
1106
960
936
975
858
988
825
731
911
840
760
636
1073
639
523
910
766
490
728
674
722
777
373
817
512
547
492
600
486
527
385
657
421
414
426
399
606
328
426
457
602
297
533
325
555
373
383
475
602
394
524
598
630
525
563
720
627
710
688
849
804
792
818
907
861
868
854
936
954
921
1027
929
1008
1030
1046
970
1035
1012
1060
977
1090
1121
972
1065
1046
1094
885
1011
1068
978
941
1042
1026
971
913
990
912
909
928
958
892
952
814
846
851
739
815
852
714
816
779
756
792
662
784
622
535
755
809
494
622
791
633
312
629
779
180
459
806
397
372
402
410
506
52
598
321
286
291
483
397
342
119
563
494
99
472
457
198
261
445
413
130
166
515
287
195
309
469
275
156
464
415
305
261
626
613
432
525
757
605
506
701
847
762
679
1056
1035
854
912
1167
987
1101
1132
1217
1147
1098
1191
1137
1134
1136
1247
1273
1152
1062
1234
1052
1115
1130
1263
1093
1166
1265
1031
1076
1068
1059
1049
1007
998
1155
835
822
1131
814
863
864
912
923
635
897
755
621
575
785
547
672
452
681
575
421
640
453
367
516
521
332
230
374
524
195
156
547
186
186
348
123
297
-65
243
434
55
84
431
40
199
158
-206
258
236
32
276
202
42
61
19
151
-65
299
240
16
279
135
-190
182
291
146
220
408
337
242
173
394
360
353
646
710
817
603
708
763
794
922
988
1083
1197
1150
1273
1238
1035
1243
1288
1269
1441
1546
1386
1283
1452
1437
1082
1498
1547
1385
1773
1459
1410
1634
1402
1273
1602
1431
1379
1560
1581
1300
1082
1457
1196
1138
1248
1048
1394
1040
1102
1167
879
911
1231
950
932
1169
708
1123
596
811
721
624
885
756
664
716
567
646
482
392
696
429
449
725
363
204
514
170
454
264
314
463
311
320
104
113
96
-44
153
308
-85
178
90
76
-177
10
-46
-33
32
175
44
-79
56
-21
-66
55
304
151
242
435
351
306
345
405
599
617
682
926
905
910
991
1146
1036
994
1300
1408
1295
1377
1453
1346
1298
1394
1401
1330
1381
1442
1376
1328
1341
1300
1237
1198
1302
1216
1220
1203
1222
1147
1099
1110
1068
1101
978
1170
1050
971
834
952
906
687
980
745
834
699
915
620
608
656
624
567
498
575
302
596
364
473
186
486
195
388
191
315
186
214
165
55
256
-157
247
91
75
-68
80
-74
54
-326
97
-89
-195
-139
-10
-218
-228
-147
-72
-162
-365
78
-128
-259
-117
18
-61
-47
35
259
-41
118
497
348
318
494
754
655
646
856
1058
922
1022
1377
1281
1171
1246
1568
1442
1341
1641
1745
1506
1522
1673
1627
1391
1513
1632
1666
1462
1562
1623
1419
1326
1526
1434
1279
1514
1527
1479
1154
1450
1197
1211
1185
1401
1123
1250
1081
1153
1007
752
1085
861
737
974
763
746
617
430
645
543
234
739
385
290
328
117
403
-82
183
271
211
-149
347
-358
143
-342
-17
-81
-185
-225
-125
-457
-224
-439
-419
-341
-615
-250
-556
-414
-547
-391
-686
-245
-650
-89
-632
-277
-442
-270
-279
-119
-199
213
43
105
292
278
425
317
748
844
738
936
1180
947
1135
1140
1377
1328
1362
1480
1634
1430
1518
1351
1571
1428
1447
1557
1540
1335
1474
1261
1346
1114
1183
1332
1171
1121
1311
1116
864
1334
947
1157
1077
1045
1036
1040
748
967
815
569
1032
679
692
565
559
501
447
205
636
205
400
437
243
235
55
102
211
41
-111
186
-18
29
-144
-71
-264
-306
-193
-154
-352
-123
-545
-323
-445
-647
-560
-569
-578
-435
-552
-676
-595
-723
-538
-544
-406
-299
-313
-175
4
-93
60
211
285
389
606
726
824
888
1079
1165
1233
1337
1495
1445
1560
1727
1781
1766
1831
1824
1803
1783
1728
1748
1730
1678
1646
1700
1537
1388
1340
1415
1266
1242
1259
1258
1101
1169
1019
1064
945
874
1031
1027
844
777
894
666
735
728
621
455
688
461
421
385
140
308
398
-2
273
255
-233
115
-12
-125
-43
-83
-1
-27
-416
-286
-208
-309
-433
-359
-141
-541
-716
-583
-704
-906
-693
-671
-650
-955
-884
-728
-1022
-973
-828
-460
-606
-566
-339
-350
-418
68
35
229
480
625
815
821
857
1261
1418
1422
1699
1698
1809
1767
2098
2172
2107
2058
2166
2127
2151
2052
2191
2057
1846
2016
1934
1706
1611
1697
1702
1625
1508
1495
1319
1212
1312
1297
1216
1222
1183
1127
999
944
947
830
686
833
818
672
464
295
423
408
209
452
221
-71
196
5
-200
-171
-286
63
-92
-489
-310
-569
-490
-349
-498
-675
-595
-847
-550
-925
-1095
-1050
-970
-867
-905
-1028
-1106
-1133
-1158
-841
-914
-754
-784
-418
-326
-234
-356
-44
192
549
824
1052
920
913
1237
1593
1808
1667
1949
2135
2254
2154
2277
2111
2217
2264
2563
2537
2283
2040
2087
2211
2120
1977
1943
1901
1683
1762
1729
1619
1419
1485
1674
1575
1311
1310
1154
1188
1416
1232
1127
1096
776
812
1047
794
637
648
545
615
463
303
118
-101
113
216
-55
-259
-352
-407
-294
-466
-596
-631
-837
-758
-712
-1009
-1310
-1360
-1138
-1097
-1190
-1304
-1334
-1495
-1435
-1263
-1228
-1306
-1209
-1002
-744
-649
-643
-705
-391
29
301
599
669
606
800
1186
1418
1625
1635
1875
2017
2216
2217
2133
2181
2443
2437
2646
2552
2316
2202
2267
2390
2352
2239
2056
2013
1956
1946
1744
1857
1641
1695
1715
1661
1422
1379
1357
1411
1457
1369
1252
1059
1021
1072
1095
988
950
773
753
690
598
459
451
263
264
158
13
-122
-301
-195
-420
-354
-743
-755
-978
-1032
-1219
-1170
-1192
-1325
-1392
-1456
-1357
-1566
-1304
-1465
-1193
-1414
-1123
-1002
-770
-931
-507
-290
-23
89
188
385
446
807
1101
1451
1311
1485
1517
1879
1826
2066
2055
2284
2148
2301
2299
2266
2169
2214
2330
2258
2170
2038
2124
2051
2021
1962
2036
1804
1785
1844
1869
1702
1738
1746
1694
1637
1573
1533
1556
1497
1437
1414
1286
1241
1235
1167
1034
970
812
823
713
722
506
410
327
207
213
38
-59
-282
-276
-545
-618
-873
-787
-1043
-1039
-1058
-946
-1080
-1109
-1278
-1427
-1220
-938
-673
-824
-675
-755
-447
-181
164
-81
28
298
876
777
778
905
1153
1248
1493
1747
1615
1448
1635
2131
2075
1857
1645
1951
1934
1926
1877
1967
1717
1648
1754
1906
1717
1475
1484
1712
1684
1493
1428
1555
1567
1505
1518
1606
1451
1196
1395
1606
1485
1239
1299
1391
1195
1098
1227
1183
1002
890
1010
841
700
531
687
656
555
345
163
109
-79
-131
-187
-228
-265
-370
-298
-89
-232
-580
-740
-570
-324
-96
-23
83
-100
-13
330
464
402
316
568
1247
1388
1088
837
856
1441
1628
1880
1732
1555
1318
1701
1920
1850
1618
1569
1870
1736
1516
1333
1433
1473
1556
1497
1360
893
873
1057
1422
1153
809
676
721
862
935
889
756
628
592
727
709
652
632
714
653
608
347
492
435
672
616
562
221
112
225
373
377
138
97
-302
-159
-287
-165
-368
-330
-374
-140
80
-403
-793
-554
177
282
154
232
326
129
626
1352
1033
347
679
1792
2126
1662
1410
1665
1607
1959
2450
2656
2069
1662
2192
2745
2446
1953
2013
2230
2303
2037
2069
1898
1820
1685
1973
1957
1464
933
1373
1816
1549
1015
933
1109
881
881
1103
1046
428
391
777
824
419
268
579
428
222
169
309
162
-5
250
201
-36
-310
14
-69
-54
-253
-370
-499
-529
-466
-446
-512
-660
-551
-326
-200
-586
-916
-642
-140
-4
76
87
113
89
558
873
731
384
928
1578
1925
1659
1371
1419
1678
2088
2595
2618
2115
1984
2265
2829
2705
2442
2235
2454
2550
2579
2358
2274
2131
2175
2360
2247
1839
1528
1785
2033
1855
1479
1295
1213
1301
1333
1432
1115
790
635
892
944
769
585
391
463
290
447
96
155
22
167
-40
-284
-270
-395
-246
-420
-310
-779
-685
-787
-530
-757
-812
-698
-289
-408
-889
-997
-744
-164
-318
18
-138
-105
-206
395
599
250
38
659
1414
1323
1113
935
1107
1185
1747
2102
2160
1547
1474
1862
2287
2256
1908
1893
1838
2011
1970
2032
1949
1887
1744
1932
1906
1666
1397
1721
1921
1607
1327
1310
1432
1220
1423
1457
1287
766
786
1041
1155
970
853
668
549
482
602
714
490
418
78
227
-94
273
74
55
-172
-352
-303
-564
-224
-596
-358
-753
-330
-225
-104
-543
-801
-432
-68
52
-50
189
-5
132
447
957
356
173
668
1607
1522
997
1009
1052
1317
1566
2127
1913
1419
1352
1771
2067
1807
1679
1661
1730
1750
1656
1585
1620
1549
1553
1421
1481
1145
1047
1254
1519
1280
682
741
949
943
729
946
821
371
241
650
693
414
196
320
188
-126
2
108
-2
-313
-164
-300
-608
-581
-435
-361
-742
-791
-870
-889
-869
-749
-705
-699
-462
-750
-931
-755
-207
-73
-151
-110
49
23
343
942
717
294
383
1297
1597
1385
1232
1341
1292
1400
2025
2148
1841
1540
1934
2152
1986
1882
1880
1847
1817
1939
1892
1691
1630
1750
1645
1609
1435
1239
1187
1509
1530
1132
837
909
1038
880
1011
1027
704
275
524
853
685
350
332
452
179
79
260
163
-31
-158
81
-289
-518
-558
-314
-310
-637
-719
-1168
-858
-895
-658
-854
-684
-602
-950
-1000
-753
-235
-520
-310
-78
58
-144
281
886
605
141
556
1451
1499
1240
1318
1523
1259
1478
2053
2252
1890
1766
2092
2161
2056
2063
2228
2106
2097
2040
2003
1948
2023
2062
1896
1762
1686
1527
1537
1757
1779
1349
1097
1316
1365
1160
1181
1384
997
702
785
1132
872
625
715
639
468
198
553
404
251
88
127
-58
-315
-53
-131
-312
-545
-631
-686
-733
-580
-609
-599
-306
-602
-1020
-1202
-412
-66
-257
-266
-267
-202
-206
582
631
-15
-200
669
1430
1119
759
848
809
956
1516
2029
1499
907
1313
1817
1910
1610
1576
1435
1404
1785
1805
1489
1201
1406
1575
1435
1440
1219
1021
1104
1490
1398
818
830
1071
1107
979
1020
981
496
504
935
1112
553
264
462
520
400
391
497
109
-113
42
191
-104
-251
-204
-121
-336
-613
-538
-568
-365
-356
-58
28
-396
-869
-709
-139
-87
-185
39
256
151
91
656
541
-76
-28
782
1397
986
790
994
1065
1024
1355
1681
1295
990
1279
1633
1576
1336
1392
1354
1390
1513
1401
1198
1042
1186
1169
1112
1124
958
817
951
1225
871
437
530
793
675
536
710
585
146
192
701
728
235
82
274
119
22
117
238
-102
-276
-12
-17
-245
-460
-227
-356
-453
-567
-483
-514
-634
-347
-98
-17
-549
-689
-391
100
150
-14
90
15
199
502
976
564
91
368
1245
1551
1048
861
809
866
1104
1666
1710
1071
842
1162
1463
1229
1085
981
904
911
1036
948
645
556
683
745
555
481
234
207
358
562
195
-144
-40
133
76
9
135
-89
-471
-344
75
123
-302
-399
-308
-271
-286
-195
-186
-561
-624
-386
-176
-395
-539
-506
-561
-553
-454
-376
-472
-571
-227
205
81
-270
-302
141
387
504
659
591
429
641
1374
1431
851
740
1298
1872
1808
1751
1463
1217
1363
2041
2360
1899
1426
1535
1881
2009
1856
1712
1364
1236
1519
1682
1392
968
952
993
958
988
821
517
358
624
671
260
102
135
150
85
145
40
-401
-537
-184
67
-207
-507
-516
-528
-536
-413
-327
-645
-919
-812
-551
-612
-710
-733
-802
-934
-888
-614
-651
-708
-707
-84
60
-300
-439
-106
415
416
679
820
702
687
1283
1911
1440
1041
1425
2193
2310
2295
2320
1886
1800
2262
3031
2863
2325
2049
2261
2569
2695
2580
2128
1726
1793
2344
2293
1822
1489
1411
1332
1405
1653
1271
669
679
1037
850
504
489
392
49
139
465
156
-445
-399
-50
-104
-356
-531
-546
-689
-635
-407
-596
-973
-1153
-759
-628
-809
-902
-1062
-1120
-1045
-711
-692
-899
-960
-710
-133
-246
-450
-585
-95
204
269
553
631
478
688
1408
1725
1079
935
1627
2180
2154
2222
2163
1786
1776
2545
3153
2825
2190
2117
2498
2701
2845
2675
2332
1733
2015
2613
2562
2022
1679
1686
1535
1685
1929
1537
994
953
1234
959
771
859
695
330
353
606
206
-165
-10
225
-62
-345
-413
-409
-554
-519
-354
-639
-1008
-982
-781
-670
-768
-878
-1101
-1265
-1156
-819
-796
-852
-965
-614
-380
-490
-614
-401
-52
-11
146
426
523
436
825
1409
1192
725
1001
1772
2040
1798
2085
1760
1618
1841
2686
2828
2260
1904
2039
2390
2570
2573
2413
1838
1683
1968
2508
2183
1709
1518
1373
1437
1566
1728
1213
751
954
1000
737
598
637
475
100
321
258
-93
-357
-78
4
-357
-586
-687
-689
-694
-569
-567
-979
-1263
-1206
-902
-874
-1030
-1214
-1504
-1416
-1175
-965
-1081
-1202
-1102
-663
-557
-672
-735
-506
-193
-126
158
328
274
411
968
1235
848
739
1215
1788
1821
1893
1951
1519
1592
2182
2778
2600
1992
1908
2092
2493
2664
2582
2159
1681
1794
2246
2503
2039
1704
1497
1366
1492
1740
1660
1097
761
947
892
708
689
658
304
102
287
225
-110
-225
-34
-172
-440
-569
-572
-696
-596
-597
-720
-1075
-1237
-1087
-936
-847
-949
-1325
-1479
-1443
-1053
-931
-980
-1170
-888
-671
-730
-562
-432
-151
-240
-21
437
509
487
932
1320
1162
779
1376
1916
2078
1769
2231
2172
1896
2136
2792
2996
2435
2238
2466
2581
2705
2942
2865
2292
1879
2202
2672
2689
2212
1985
1674
1524
1761
2140
1866
1220
956
1111
984
1014
1111
828
306
217
464
345
119
135
131
-276
-480
-339
-395
-486
-506
-510
-830
-1148
-1075
-887
-845
-953
-1200
-1351
-1454
-1308
-1103
-1009
-1152
-1202
-816
-682
-763
-797
-409
-162
-207
-102
351
375
512
828
1282
847
718
1226
1988
1915
1771
2004
1925
1919
2192
2866
2828
2363
2181
2463
2745
2890
2916
2793
2212
2026
2318
2942
2687
2342
1950
1829
1743
2002
2342
1965
1343
1145
1261
1233
1258
1326
1011
479
397
594
542
374
376
201
-30
-234
-170
-228
-292
-247
-421
-711
-906
-861
-745
-653
-753
-1046
-1328
-1413
-1106
-918
-939
-1126
-1129
-658
-720
-812
-624
-331
-275
-398
96
383
335
478
1103
1224
630
770
1522
2078
1761
1595
1977
1759
1839
2372
2964
2597
1897
2058
2526
2658
2613
2702
2514
1991
1920
2301
2694
2292
1890
1906
1702
1632
1729
2007
1658
1139
1151
1167
902
963
1150
945
429
417
468
325
323
441
297
-220
-290
-232
-126
-210
-273
-505
-786
-961
-790
-732
-678
-928
-1212
-1385
-1353
-1134
-1112
-1037
-1318
-1118
-856
-732
-914
-731
-521
-327
-423
59
205
229
255
916
1007
627
635
1332
1887
1589
1564
1859
1785
1673
2134
2709
2596
1856
1969
2339
2484
2331
2575
2370
1846
1611
2077
2415
2166
1705
1662
1462
1377
1533
1777
1526
968
907
977
900
827
910
726
331
298
347
195
181
225
192
-192
-310
-307
-290
-255
-296
-401
-688
-833
-832
-665
-606
-766
-1020
-1190
-1243
-975
-869
-821
-920
-488
-506
-784
-650
-193
10
-153
157
498
364
386
1087
1438
978
684
1432
1996
1987
1593
2171
2158
1743
2015
2793
2853
2194
2162
2581
2496
2348
2595
2695
2119
1774
1987
2308
2370
1868
1777
1525
1323
1319
1618
1571
998
672
817
718
574
654
678
168
-5
114
-8
-135
-105
-29
-415
-572
-541
-560
-608
-664
-633
-898
-1049
-1089
-1000
-1017
-1026
-1125
-1332
-1523
-1358
-1191
-1015
-1022
-487
-652
-1065
-944
-388
-26
-110
142
389
288
392
1148
1534
1059
828
1480
2079
2259
1817
2270
2147
2010
2274
3042
2945
2269
2210
2704
2680
2504
2532
2528
1943
1893
2047
2169
2103
1634
1571
1324
1306
1125
1187
1155
798
554
522
404
229
173
324
-5
-215
-327
-422
-573
-481
-336
-701
-990
-1091
-1060
-1105
-1080
-1029
-1279
-1693
-1676
-1545
-1430
-1549
-1621
-1846
-2054
-2017
-1631
-1418
-1236
-932
-1257
-1513
-1265
-542
-342
-179
-11
277
46
492
1196
1395
873
1015
1665
2278
2025
2083
2355
2091
2018
2619
3286
2846
2286
2497
2957
2662
2625
2739
2510
1945
2062
2202
2284
1834
1725
1574
1412
1271
1150
1131
1008
776
745
583
310
142
261
290
113
-36
-342
-638
-708
-339
-319
-664
-997
-1227
-1270
-1289
-1155
-1007
-1450
-1777
-1945
-1654
-1656
-1667
-1758
-1898
-2225
-2086
-1736
-1149
-993
-1110
-1486
-1298
-940
-490
-97
252
354
123
514
1188
1328
1048
1354
1943
2364
2203
2392
2507
2388
2177
3006
3423
3115
2558
2771
3103
2880
2805
3034
2614
2085
2135
2450
2400
1998
1724
1631
1551
1311
1355
1213
999
748
773
793
445
122
243
208
161
92
-49
-586
-761
-608
-391
-479
-788
-1098
-1503
-1399
-1295
-1131
-1284
-1671
-2016
-1985
-1873
-1827
-1989
-1974
-2110
-1995
-1958
-1264
-1202
-1446
-1556
-1116
-723
-602
-411
191
439
358
851
1336
1142
835
1595
2497
2724
2267
2521
2675
2321
2654
3525
3612
3058
2762
3261
3253
3073
3030
3111
2642
2382
2509
2576
2438
1964
1796
1860
1580
1307
1215
1209
931
726
879
736
265
49
122
119
-9
-42
-358
-612
-711
-767
-754
-940
-978
-1348
-1343
-1604
-1693
-1605
-1696
-1863
-2025
-2126
-2221
-2409
-2333
-2358
-2274
-2054
-1482
-1417
-1855
-1848
-1663
-1217
-851
-373
-86
-27
33
700
1000
874
726
1400
2142
2561
2556
2628
2308
2040
2587
3456
3723
3344
2819
2882
3013
3149
3333
3333
2872
2341
2257
2524
2591
2248
2004
1948
1736
1452
1318
1222
1102
928
1048
938
555
147
39
242
216
89
-205
-487
-759
-722
-626
-846
-1051
-1462
-1567
-1623
-1639
-1822
-1979
-2183
-2255
-2269
-2359
-2612
-2777
-2954
-2763
-2223
-1520
-1745
-2302
-2261
-1809
-1734
-1244
-497
-156
-406
-95
742
775
318
618
1657
2124
2193
2600
2608
2288
2035
2655
3338
3342
3106
3100
3228
3012
2780
2861
2958
2821
2542
2514
2457
2121
1814
1792
2080
1864
1386
1225
1146
948
839
1025
1055
637
260
207
307
85
-53
-126
-338
-526
-684
-784
-950
-1212
-1384
-1656
-1699
-1798
-1895
-2251
-2289
-2433
-2555
-2849
-2850
-2928
-2772
-2932
-2189
-1982
-2260
-2552
-2130
-1805
-1810
-1427
-621
-259
-419
-14
598
355
-2
692
1652
2147
2029
2351
2292
1945
1939
2874
3157
3118
2873
3018
2938
2990
2801
2802
2683
2652
2446
2395
2566
2257
1862
1919
2025
1774
1571
1579
1438
1127
1038
1104
1123
947
780
592
551
323
8
-19
52
-113
-284
-336
-692
-1139
-1165
-1253
-1425
-1482
-1647
-2080
-2199
-2039
-2369
-2617
-2729
-2706
-2722
-2473
-1809
-1911
-2255
-2374
-2085
-1861
-1535
-1017
-684
-546
-291
131
380
142
256
801
1509
1862
2217
2334
1997
1860
2212
2644
2633
2928
3127
2967
2793
2749
2474
2344
2412
2588
2498
2439
2248
2014
1758
1747
1689
1608
1541
1473
1347
1254
1071
942
889
805
667
749
739
458
126
82
-121
-209
-154
-161
-541
-892
-1045
-1235
-1367
-1502
-1497
-1783
-1770
-2070
-2132
-2450
-2498
-2614
-2412
-1874
-1617
-1653
-1816
-2168
-2080
-1756
-1143
-704
-324
-58
333
546
150
37
154
935
1790
2577
2469
2077
1693
1852
2176
2434
2688
2943
3013
3136
2965
2561
2180
2003
2182
2373
2558
2682
2488
2043
1553
1215
1258
1528
1675
1593
1486
1094
988
876
752
587
633
804
873
755
446
41
-247
-140
-74
15
-268
-437
-680
-1018
-1148
-1277
-1366
-1383
-1324
-1332
-1488
-1847
-2189
-2223
-2143
-1751
-1264
-1069
-1006
-1411
-1498
-1546
-1214
-796
-214
95
456
648
674
545
259
361
981
1728
2346
2496
2158
1891
1756
1888
2149
2241
2496
2728
2814
2822
2419
1912
1487
1498
1727
2018
2121
2198
1982
1566
1271
949
911
1234
1308
1749
1439
1276
1072
858
890
628
719
815
886
794
731
306
233
30
128
297
123
-50
-7
-144
-20
-91
-111
-225
-418
-298
-264
-226
-302
-356
-477
-430
-445
-356
-464
-458
-465
-403
-324
-227
-215
-297
-319
-337
-114
36
192
219
323
414
408
486
536
586
645
773
907
1071
1084
1079
1138
1088
1134
1172
1277
1291
1275
1323
1317
1299
1347
1417
1551
1635
1653
1657
1650
1749
1794
1794
1852
1825
1801
1827
1900
1909
1801
1715
1620
1539
1455
1414
1385
1351
1219
1163
1111
1042
956
839
782
680
577
494
466
171
198
313
504
692
431
314
-54
-153
-209
-244
-103
5
195
209
26
-448
-871
-968
-830
-446
-253
42
-39
-359
-447
-577
-400
-353
-170
-94
-56
198
364
380
171
-23
-25
212
655
930
1094
958
895
1027
1087
1225
1150
1109
1189
1321
1511
1525
1404
1174
1184
1395
1431
1380
1466
1560
1558
1559
1554
1488
1272
1339
1245
1148
1274
1394
1337
1177
878
683
582
535
635
620
522
493
583
475
317
245
426
467
438
311
273
171
136
258
340
278
129
129
79
-56
-229
-384
-537
-616
-647
-677
-769
-908
-893
-692
-562
-654
-796
-917
-936
-751
-533
-496
-301
-6
331
549
391
76
63
391
975
1417
1473
1323
1262
1508
1755
1728
1521
1471
1607
1856
1980
1782
1357
1105
1196
1318
1317
1138
931
849
828
885
838
781
639
914
927
822
679
557
560
516
780
886
1002
889
771
682
576
517
625
766
590
436
434
692
749
482
351
189
96
178
243
96
-301
-374
-350
-151
-218
-380
-889
-1173
-1172
-1119
-933
-886
-804
-686
-402
-311
-261
-472
-602
-428
-82
263
619
843
1013
924
901
1130
1476
1797
1883
1712
1491
1403
1609
1661
1572
1433
1654
1925
2027
1644
947
515
391
490
617
450
263
293
452
541
411
136
-65
-47
103
347
201
-38
-136
-32
251
633
616
554
395
390
326
166
-20
-270
-414
-378
-112
35
-5
-359
-507
-629
-788
-868
-859
-1012
-1078
-1079
-818
-619
-383
-252
-27
31
66
216
407
476
582
767
1246
1727
2030
2099
1955
1997
2145
2360
2358
2219
1948
2008
2092
2171
2014
1710
1603
1612
1570
1527
1177
810
547
464
471
476
333
302
199
262
360
326
177
42
-15
-3
13
65
119
36
-147
-87
-78
88
52
-174
-248
-575
-531
-755
-742
-1127
-1119
-1080
-894
-922
-1079
-1299
-1432
-1428
-1359
-1230
-1062
-662
-303
71
152
258
492
807
1114
1253
1536
1828
2291
2600
2560
2540
2352
2722
2893
3142
2927
2729
2553
2627
2587
2460
2160
2037
1920
2018
1887
1541
1095
815
785
686
665
494
333
292
251
393
358
304
290
220
237
187
187
85
-31
-88
-65
41
75
-124
-453
-774
-1016
-1122
-1237
-1512
-1763
-1871
-1865
-1798
-1964
-2175
-2241
-2393
-2333
-2330
-2282
-1997
-1525
-1025
-600
-570
-372
-51
332
740
1022
1149
1586
2071
2562
2785
2658
2723
3004
3163
3395
3278
3023
2993
2811
2846
2698
2424
2324
2270
2184
2135
1894
1597
1353
946
821
734
672
861
800
804
965
877
978
720
364
244
126
235
242
43
-98
-175
-243
-160
-460
-722
-1017
-1266
-1521
-1755
-2151
-2355
-2505
-2516
-2396
-2605
-2548
-2795
-2891
-2951
-2925
-2666
-2179
-1777
-1306
-1133
-857
-347
172
575
676
842
1138
1825
2172
2457
2302
2382
2891
3294
3596
3246
2862
2676
2618
2712
2565
2291
2113
2106
2208
2080
1885
1415
1314
1050
1025
972
740
809
642
740
868
949
1054
916
686
534
489
434
316
21
-323
-332
-364
-225
-417
-883
-1174
-1590
-1638
-1922
-2405
-2828
-3190
-3216
-3298
-3281
-3411
-3500
-3607
-3483
-3350
-3205
-2746
-2389
-1881
-1533
-1146
-428
-91
220
448
609
1332
1896
2451
2562
2501
2568
3074
3233
3211
2921
2564
2735
2692
2669
2422
2033
2027
2002
1922
1825
1464
1345
1111
937
831
830
860
978
887
897
1126
1251
1415
1242
1006
994
964
1005
755
382
217
98
52
-158
-623
-1142
-1351
-1706
-1904
-2296
-2783
-3054
-3404
-3605
-3618
-3875
-3905
-4126
-4354
-4127
-3816
-3286
-2721
-2499
-2068
-1489
-996
-307
-185
-70
300
697
1488
2082
2187
2415
2520
2876
3334
3194
2992
2617
2284
2296
2242
2116
2052
1774
1864
1992
1944
2014
1732
1379
1286
1152
1302
1358
1254
1398
1490
1812
2224
2232
2142
2079
1941
2033
1773
1475
1196
812
794
787
565
392
-27
-329
-588
-1063
-1382
-1883
-2419
-2760
-3135
-3270
-3429
-3592
-3614
-3695
-3654
-3457
-3324
-3127
-2780
-2385
-1850
-1401
-861
-369
-74
294
599
1041
1561
1940
2263
2358
2428
2564
2736
2706
2502
2192
2062
2053
1920
1842
1602
1552
1594
1612
1652
1497
1476
1479
1451
1488
1501
1533
1607
1697
1855
2170
2382
2547
2573
2427
2486
2417
2312
2024
1611
1431
1168
963
668
338
-22
-291
-656
-1009
-1387
-1934
-2270
-2732
-3032
-3203
-3423
-3449
-3554
-3634
-3508
-3320
-3011
-2461
-2083
-1632
-1093
-721
-115
194
369
744
865
1421
1921
2118
2330
2228
2307
2594
2393
2208
1935
1556
1505
1311
1097
1157
869
951
1068
999
1234
1104
1075
1208
1136
1350
1458
1375
1595
1692
1945
2446
2543
2695
2784
2692
2942
2730
2440
2244
1785
1659
1431
1038
846
452
130
55
-415
-573
-993
-1413
-1542
-2061
-2287
-2605
-2961
-3041
-3198
-3333
-3155
-3141
-2744
-2015
-1674
-967
-617
-197
611
648
956
1091
1178
1787
2013
2215
2464
2228
2444
2659
2316
2318
1909
1539
1585
1015
985
989
694
928
799
822
1226
1159
1248
1304
1123
1414
1480
1402
1667
1656
2028
2405
2400
2622
2648
2749
2953
2641
2308
1990
1581
1349
983
582
330
-1
-253
-421
-708
-997
-1317
-1710
-1926
-2199
-2442
-2680
-2913
-2992
-2973
-2782
-2589
-2221
-1655
-1076
-502
-21
518
1074
1462
1685
1775
1909
2205
2467
2526
2469
2425
2489
2480
2230
1970
1705
1524
1298
881
649
523
470
489
436
495
683
867
994
1101
1204
1402
1514
1576
1706
1906
2157
2304
2406
2498
2587
2672
2595
2390
2127
1955
1727
1379
1025
706
493
180
-145
-432
-575
-687
-962
-1229
-1524
-1703
-1828
-2130
-2287
-2318
-2342
-2240
-2256
-2186
-1835
-1539
-997
-332
179
925
1510
1902
2299
2318
2544
2821
2767
2890
2871
2764
2721
2386
2318
2266
1946
1776
1576
1363
1227
887
843
920
875
917
838
942
1237
1368
1546
1561
1592
1826
1961
2125
2204
2196
2366
2423
2461
2443
2284
2244
2025
1632
1325
977
683
332
-131
-430
-705
-956
-1211
-1514
-1707
-1945
-2213
-2359
-2588
-2657
-2750
-2874
-2794
-2813
-2734
-2482
-2251
-1677
-925
-381
238
788
1448
2063
2302
2444
2559
2617
2680
2676
2627
2519
2302
2164
2004
1788
1672
1432
1277
961
668
693
654
566
442
449
735
978
1112
1311
1440
1620
1810
1946
2166
2326
2416
2466
2500
2601
2628
2528
2387
2181
1979
1638
1311
946
465
44
-274
-673
-1031
-1454
-1720
-1833
-2145
-2307
-2494
-2632
-2770
-3000
-3039
-2984
-3023
-3042
-2987
-2760
-2377
-1970
-1340
-732
-58
645
1243
1798
2083
2169
2357
2397
2363
2438
2269
2071
1786
1523
1484
1354
1151
933
719
556
453
394
402
385
363
378
494
731
862
1081
1271
1451
1771
1940
2100
2307
2415
2541
2606
2600
2621
2580
2453
2298
1996
1705
1388
1009
614
137
-250
-578
-874
-1196
-1435
-1598
-1749
-1945
-2093
-2255
-2350
-2485
-2635
-2664
-2729
-2759
-2764
-2632
-2395
-2091
-1593
-891
-226
334
923
1554
2093
2287
2318
2478
2526
2449
2384
2239
1980
1678
1453
1356
1218
1001
804
717
502
339
414
427
363
277
251
506
739
878
1061
1221
1470
1732
1903
2111
2273
2404
2454
2415
2484
2490
2396
2237
1970
1772
1526
1160
798
291
-102
-346
-650
-1004
-1361
-1556
-1605
-1779
-2016
-2140
-2288
-2343
-2513
-2618
-2579
-2578
-2576
-2570
-2437
-2141
-1806
-1463
-838
-144
484
979
1475
2048
2381
2421
2472
2577
2526
2446
2280
2031
1644
1366
1300
1194
924
649
626
659
527
486
540
524
532
597
793
1021
1110
1212
1358
1515
1712
1868
2024
2162
2352
2503
2516
2563
2598
2447
2227
2011
1785
1552
1124
652
242
-127
-465
-730
-1020
-1320
-1470
-1522
-1640
-1780
-1870
-1993
-2109
-2297
-2420
-2369
-2347
-2345
-2269
-2137
-1830
-1476
-1165
-689
-36
593
1153
1658
2169
2518
2566
2633
2786
2804
2664
2479
2294
2000
1748
1612
1471
1316
1092
1043
1048
813
733
817
799
768
819
988
1220
1282
1386
1596
1815
2025
2129
2182
2236
2380
2515
2527
2541
2605
2515
2315
2099
1843
1551
1101
667
270
-137
-535
-936
-1212
-1525
-1733
-1764
-1875
-2042
-2102
-2208
-2291
-2358
-2511
-2480
-2436
-2449
-2393
-2266
-2039
-1682
-1341
-1011
-370
335
785
1234
1819
2235
2469
2503
2548
2686
2544
2366
2308
2047
1631
1460
1406
1247
1071
984
985
970
827
855
1073
1052
1081
1276
1449
1601
1675
1771
1914
2070
2183
2255
2342
2490
2600
2625
2635
2700
2711
2481
2264
2110
1848
1413
926
504
111
-273
-636
-946
-1267
-1508
-1559
-1580
-1703
-1766
-1793
-1832
-1869
-1879
-1875
-1899
-1966
-2039
-2007
-1923
-1696
-1431
-1240
-815
-75
429
834
1367
1929
2342
2397
2459
2642
2595
2427
2373
2279
1990
1701
1615
1523
1368
1251
1205
1239
1162
1186
1362
1397
1388
1472
1644
1791
1828
1929
2018
2087
2243
2244
2248
2364
2453
2540
2523
2508
2590
2501
2302
2185
2011
1610
1207
878
470
76
-307
-698
-970
-1190
-1385
-1362
-1431
-1588
-1562
-1531
-1574
-1532
-1562
-1715
-1707
-1778
-1834
-1763
-1693
-1571
-1402
-1237
-836
-183
215
633
1225
1707
1965
2133
2242
2371
2415
2310
2316
2214
1873
1689
1653
1529
1401
1330
1303
1345
1336
1398
1559
1627
1638
1691
1748
1805
1860
1849
1839
1880
1928
1879
1867
1971
2065
2109
2176
2261
2321
2235
2041
1908
1711
1399
1085
761
380
16
-310
-609
-869
-1124
-1291
-1328
-1406
-1490
-1510
-1541
-1552
-1548
-1619
-1685
-1700
-1806
-1917
-2026
-2028
-1960
-1860
-1737
-1414
-852
-387
65
590
1088
1496
1743
1855
2074
2218
2205
2249
2171
1934
1752
1617
1492
1374
1231
1186
1282
1275
1289
1527
1645
1627
1659
1702
1860
1911
1748
1664
1630
1603
1618
1570
1565
1691
1843
1931
2035
2169
2197
2130
2048
1944
1729
1366
1006
680
366
86
-199
-445
-737
-961
-984
-998
-1042
-1033
-1033
-1026
-1048
-1142
-1257
-1387
-1542
-1687
-1775
-1860
-1898
-1846
-1815
-1660
-1202
-646
-242
168
677
1199
1615
1816
2054
2286
2330
2338
2433
2343
2055
1833
1659
1578
1500
1341
1296
1326
1310
1374
1510
1499
1461
1403
1372
1436
1378
1267
1127
1027
973
930
976
1122
1276
1375
1511
1737
1882
1863
1785
1699
1584
1303
989
745
468
162
-160
-412
-580
-734
-858
-932
-951
-939
-985
-1015
-1072
-1133
-1216
-1415
-1592
-1721
-1883
-1999
-2048
-2091
-2062
-1973
-1771
-1354
-847
-410
79
640
1135
1589
1923
2166
2422
2519
2506
2588
2572
2354
2106
1972
1897
1749
1527
1458
1501
1432
1363
1436
1459
1341
1265
1243
1222
1097
905
824
790
768
785
905
1046
1143
1320
1544
1756
1928
1964
1886
1813
1705
1474
1189
920
655
385
169
34
-79
-275
-460
-479
-470
-576
-713
-832
-909
-975
-1113
-1284
-1444
-1633
-1757
-1785
-1789
-1757
-1724
-1694
-1509
-1221
-796
-292
128
597
1104
1599
2040
2362
2563
2725
2840
2922
2935
2794
2509
2276
2100
1942
1794
1585
1448
1347
1220
1202
1208
1126
962
837
838
825
763
719
705
726
767
838
969
1081
1191
1336
1494
1650
1746
1792
1738
1632
1572
1429
1225
1018
756
576
456
307
140
-109
-309
-348
-493
-720
-879
-984
-1101
-1196
-1264
-1336
-1367
-1516
-1633
-1561
-1530
-1521
-1465
-1408
-1303
-1080
-814
-381
100
448
875
1404
1855
2151
2364
2544
2732
2834
2851
2832
2643
2285
2045
1911
1705
1419
1152
987
854
731
652
599
490
374
420
512
546
576
595
595
657
774
825
859
881
965
1109
1245
1374
1474
1541
1558
1632
1635
1511
1380
1234
1046
834
623
375
78
-254
-472
-635
-848
-1068
-1186
-1237
-1266
-1245
-1247
-1280
-1323
-1317
-1317
-1280
-1255
-1304
-1328
-1331
-1251
-1100
-952
-672
-254
81
443
937
1405
1732
1967
2203
2436
2546
2590
2595
2421
2051
1757
1585
1294
921
564
355
298
178
157
256
232
251
367
485
575
608
598
610
581
552
525
466
478
600
781
946
1201
1415
1540
1667
1800
1902
1859
1711
1528
1278
985
688
394
52
-305
-559
-714
-872
-1044
-1162
-1188
-1172
-1153
-1096
-1055
-999
-1022
-1073
-1075
-1044
-1046
-1165
-1310
-1326
-1284
-1306
-1244
-997
-580
-231
112
619
1115
1502
1767
1986
2156
2184
2139
2061
1785
1407
1100
887
616
265
18
-77
-84
-110
-60
86
180
226
280
331
426
448
399
367
374
434
474
547
703
887
1064
1259
1548
1799
1915
1972
2037
2044
1956
1786
1590
1353
1060
810
564
256
-38
-267
-387
-458
-545
-604
-644
-642
-590
-513
-444
-401
-387
-441
-500
-550
-640
-775
-915
-995
-1020
-1040
-999
-844
-652
-397
-51
307
672
1019
1312
1523
1693
1779
1818
1794
1657
1506
1277
1040
866
722
548
331
227
234
198
150
176
247
271
306
397
484
563
623
732
826
877
985
1113
1190
1276
1360
1480
1649
1802
1965
2092
2148
2154
2134
2026
1862
1681
1421
1143
901
659
388
118
-85
-174
-250
-351
-384
-390
-368
-320
-250
-225
-261
-329
-429
-479
-563
-674
-765
-892
-1030
-1062
-1076
-1125
-1069
-988
-845
-567
-338
-172
109
351
550
730
830
960
1093
1094
1083
1039
850
658
564
435
269
135
26
79
133
180
363
528
628
740
855
938
1011
1064
1116
1091
1050
1056
1086
1181
1258
1395
1548
1713
1877
2022
2107
2187
2228
2174
2007
1791
1550
1265
1005
735
471
235
44
-68
-92
-158
-183
-137
-82
19
66
46
31
-56
-163
-217
-339
-515
-686
-884
-1047
-1163
-1257
-1353
-1422
-1479
-1491
-1390
-1198
-932
-710
-557
-283
45
273
400
512
677
829
943
1042
1050
969
900
917
945
865
799
790
814
848
898
1008
1009
957
1009
1080
1098
1120
1150
1202
1259
1287
1387
1499
1631
1800
1935
2020
2102
2205
2214
2153
2091
2008
1854
1641
1409
1219
1015
798
626
437
292
239
243
216
200
169
150
121
55
-8
-125
-282
-396
-484
-588
-727
-880
-995
-1094
-1170
-1246
-1322
-1412
-1430
-1399
-1439
-1482
-1470
-1417
-1261
-1072
-865
-571
-292
-29
236
469
733
1021
1196
1348
1477
1481
1431
1396
1339
1243
1122
983
971
1024
970
1015
1108
1127
1219
1343
1445
1533
1614
1671
1710
1714
1673
1677
1678
1612
1559
1541
1495
1444
1383
1312
1282
1264
1192
1090
1010
963
910
821
699
619
545
462
378
297
207
59
-27
-112
-220
-332
-446
-546
-624
-660
-675
-685
-741
-739
-719
-731
-793
-839
-896
-1002
-1072
-1161
-1230
-1277
-1307
-1317
-1229
-1044
-811
-603
-327
33
400
709
970
1251
1534
1749
1873
1929
1885
1804
1730
1657
1541
1415
1312
1236
1179
1136
1174
1190
1162
1168
1217
1252
1214
1150
1091
1025
959
847
725
645
578
518
532
504
502
553
559
605
653
688
675
645
597
533
474
381
262
139
52
-1
-55
-143
-220
-232
-240
-193
-127
-100
-73
-87
-99
-83
-117
-196
-269
-384
-487
-578
-698
-823
-939
-1080
-1200
-1284
-1339
-1369
-1353
-1292
-1181
-945
-689
-431
-123
146
446
761
995
1195
1376
1506
1589
1649
1585
1458
1337
1204
1036
878
687
507
383
221
132
146
107
65
73
79
112
157
173
175
133
48
17
-31
-114
-192
-222
-221
-222
-173
-104
10
153
236
346
456
537
624
660
702
699
655
601
556
559
538
483
443
421
397
353
315
251
166
113
62
-17
-76
-144
-223
-275
-325
-360
-363
-378
-432
-470
-496
-541
-563
-638
-745
-788
-788
-767
-691
-553
-402
-221
-52
171
411
576
695
855
979
1028
1024
965
870
748
627
514
372
234
152
78
-13
-70
-48
-62
-88
-70
-35
0
9
11
9
-10
-32
-52
-64
-75
-30
85
204
373
581
797
1013
1254
1491
1677
1816
1910
2016
2049
2007
1937
1879
1758
1614
1514
1358
1202
1075
985
930
899
879
875
868
859
897
923
874
840
790
699
606
488
344
174
-5
-197
-417
-633
-829
-1014
-1219
-1399
-1462
-1481
-1511
-1500
-1402
-1253
-1044
-855
-666
-444
-280
-127
-2
95
158
194
190
168
143
107
76
52
10
-5
-3
-7
16
76
146
239
287
309
386
485
538
536
527
544
602
628
665
763
864
978
1169
1366
1532
1705
1858
2001
2104
2172
2190
2176
2107
1969
1832
1690
1531
1396
1232
1078
984
911
867
834
794
754
729
659
606
515
376
237
117
-36
-227
-427
-636
-816
-962
-1091
-1219
-1353
-1529
-1663
-1755
-1839
-1957
-2033
-2127
-2201
-2233
-2281
-2294
-2280
-2206
-2068
-1914
-1747
-1522
-1292
-1047
-770
-484
-244
-11
209
388
548
683
770
810
824
777
787
774
699
642
578
534
533
515
514
561
628
683
729
780
817
914
995
1071
1150
1217
1293
1377
1465
1528
1595
1653
1700
1738
1740
1732
1700
1622
1531
1426
1308
1178
1066
947
830
721
599
468
363
240
109
-25
-154
-285
-433
-589
-790
-951
-1072
-1186
-1281
-1349
-1391
-1425
-1433
-1472
-1466
-1453
-1459
-1445
-1448
-1491
-1559
-1634
-1711
-1760
-1821
-1853
-1826
-1741
-1613
-1442
-1243
-1033
-778
-465
-164
127
405
613
840
1013
1088
1130
1142
1141
1135
1096
1031
962
887
829
803
814
814
836
891
927
968
1003
1010
1030
1011
985
974
949
928
901
897
909
940
987
1035
1091
1137
1162
1187
1201
1155
1090
1001
877
753
619
462
335
225
105
-9
-117
-238
-296
-317
-352
-379
-409
-423
-403
-406
-439
-451
-471
-528
-578
-626
-715
-768
-835
-936
-1013
-1080
-1127
-1138
-1165
-1191
-1175
-1176
-1189
-1188
-1199
-1205
-1201
-1187
-1138
-1048
-943
-834
-700
-556
-387
-208
-48
121
292
468
622
756
857
912
956
956
921
875
790
693
615
532
468
422
381
342
358
382
410
473
527
567
615
690
736
777
752
748
763
751
732
719
693
672
678
662
669
649
659
669
682
674
643
592
522
477
403
318
214
101
-18
-115
-198
-298
-396
-484
-540
-580
-611
-608
-627
-641
-649
-637
-615
-609
-638
-673
-672
-679
-722
-791
-870
-933
-981
-1055
-1127
-1195
-1283
-1361
-1416
-1465
-1508
-1563
-1580
-1563
-1539
-1503
-1447
-1370
-1293
-1201
-1093
-968
-819
-659
-522
-366
-201
-72
42
133
256
368
451
520
535
536
541
529
527
506
486
446
432
444
438
428
416
396
399
428
443
453
441
444
462
487
507
526
549
576
604
646
700
734
748
769
785
793
808
794
783
777
752
720
684
627
560
489
414
341
273
173
85
5
-74
-130
-164
-225
-271
-310
-359
-398
-447
-493
-542
-571
-624
-686
-760
-820
-867
-911
-991
-1070
-1154
-1233
-1284
-1331
-1357
-1388
-1434
-1463
-1462
-1407
-1332
-1257
-1171
-1068
-932
-795
-637
-463
-279
-89
72
206
315
400
478
520
525
523
534
512
475
437
410
415
400
388
410
456
491
533
585
622
667
714
744
769
795
791
832
892
936
986
1006
1031
1089
1154
1206
1269
1327
1345
1346
1341
1307
1273
1225
1139
1054
947
835
724
630
535
458
384
302
256
221
181
130
88
49
4
-54
-141
-240
-303
-389
-525
-659
-778
-888
-974
-1086
-1182
-1253
-1305
-1341
-1384
-1420
-1451
-1478
-1507
-1540
-1548
-1575
-1626
-1658
-1676
-1693
-1681
-1655
-1627
-1568
-1510
-1437
-1351
-1252
-1131
-970
-804
-625
-445
-296
-144
-10
121
234
326
397
475
538
586
641
662
669
681
702
713
731
745
735
734
734
745
782
850
902
969
1052
1131
1209
1268
1338
1405
1453
1469
1446
1441
1421
1381
1333
1290
1227
1136
1063
974
899
819
732
636
541
456
357
250
149
59
-27
-145
-241
-344
-418
-463
-526
-563
-604
-648
-666
-688
-731
-754
-798
-860
-938
-1017
-1093
-1160
-1237
-1340
-1407
-1473
-1510
-1520
-1511
-1506
-1493
-1453
-1385
-1281
-1220
-1161
-1064
-974
-891
-837
-799
-744
-668
-626
-576
-505
-463
-417
-348
-281
-228
-153
-47
52
191
317
430
558
664
745
850
957
1023
1085
1133
1185
1248
1279
1300
1353
1421
1454
1506
1555
1567
1601
1605
1584
1578
1560
1509
1471
1406
1322
1246
1163
1060
977
890
804
755
694
636
618
614
591
557
530
508
512
510
471
423
380
328
295
267
218
170
97
19
-21
-69
-123
-179
-246
-306
-321
-352
-385
-412
-447
-434
-430
-443
-462
-474
-475
-489
-514
-517
-533
-559
-581
-593
-592
-601
-587
-558
-526
-495
-467
-422
-378
-318
-238
-185
-108
-30
31
92
160
240
333
432
497
562
648
719
774
816
855
906
982
1025
1048
1085
1110
1162
1230
1256
1299
1355
1400
1417
1417
1409
1389
1371
1316
1267
1231
1188
1135
1087
1038
1004
970
908
869
871
871
863
853
836
840
855
840
816
811
774
733
679
624
596
574
527
481
439
384
330
285
240
188
156
116
51
-8
-66
-138
-210
-269
-313
-342
-366
-388
-390
-377
-358
-339
-323
-297
-265
-238
-232
-241
-248
-262
-268
-276
-276
-272
-267
-249
-223
-188
-147
-108
-91
-76
-37
-2
28
45
89
125
166
206
237
288
311
347
402
451
499
542
602
664
722
775
803
827
854
883
918
959
980
1008
1016
1028
1033
1035
1033
1012
1004
984
954
915
897
875
848
807
774
746
706
688
672
653
643
603
578
564
532
504
476
435
394
350
307
277
266
261
250
254
275
296
315
330
361
391
408
420
427
432
429
406
364
322
285
252
223
215
210
218
232
246
278
317
346
364
400
410
437
455
465
470
458
452
454
440
439
439
430
444
451
446
443
453
451
457
444
410
379
332
302
278
257
230
198
173
175
181
183
201
213
226
251
258
266
266
262
269
262
277
266
256
247
243
257
248
248
262
271
271
281
302
317
335
347
342
337
350
366
376
393
389
393
381
387
404
417
447
459
497
536
561
574
583
605
620
638
658
654
656
655
663
659
668
676
676
690
682
667
649
630
616
582
547
505
474
437
401
366
309
268
233
200
160
121
98
73
22
-19
-46
-72
-74
-100
-128
-153
-181
-199
-193
-189
-195
-198
-188
-183
-171
-158
-164
-172
-171
-164
-186
-229
-281
-293
-315
-338
-373
-408
-413
-412
-411
-394
-375
-344
-318
-280
-225
-168
-126
-96
-44
11
79
129
168
206
247
287
297
311
300
281
275
291
302
309
337
329
327
318
301
274
273
267
272
281
276
284
285
289
303
327
351
379
394
419
415
388
356
309
263
244
221
194
165
143
123
95
93
79
73
73
68
54
31
30
13
-21
-54
-92
-124
-154
-167
-172
-169
-164
-169
-151
-128
-118
-98
-73
-49
-43
-40
-39
-59
-82
-108
-133
-152
-171
-182
-168
-156
-141
-116
-84
-30
6
43
84
137
177
190
194
192
183
164
144
129
119
105
105
96
95
114
119
133
155
157
169
174
180
165
136
101
66
37
18
1
-8
-28
-48
-53
-53
-41
-29
-9
10
22
30
37
45
39
18
-11
-30
-56
-88
-124
-144
-152
-156
-133
-119
-115
-103
-92
-74
-48
-42
-42
-24
-7
-3
-2
7
2
6
29
75
95
90
100
95
114
141
154
173
216
240
250
257
275
297
300
300
306
321
338
355
351
348
371
403
429
448
443
434
433
452
475
499
505
476
476
474
491
501
498
488
460
446
437
434
450
441
408
397
393
374
365
353
332
313
284
271
244
228
221
190
166
151
126
111
87
73
58
48
46
26
23
14
-24
-61
-84
-108
-119
-150
-166
-181
-203
-205
-214
-217
-222
-210
-191
-147
-113
-97
-91
-87
-78
-65
-72
-79
-75
-63
-57
-56
-52
-59
-58
-50
-30
-24
2
40
68
93
137
181
227
285
346
393
433
487
519
559
596
622
647
640
645
650
664
689
682
667
657
658
645
617
597
574
558
564
572
571
585
580
556
554
555
550
544
541
524
515
495
465
427
394
358
326
306
300
287
256
246
240
241
221
205
176
146
117
98
82
47
-2
-45
-76
-92
-122
-131
-135
-158
-169
-176
-180
-187
-180
-177
-163
-134
-109
-93
-54
-25
5
34
41
53
66
95
114
128
154
179
186
210
216
239
282
312
337
373
411
447
476
509
557
599
641
680
701
720
753
771
784
803
827
851
862
876
880
881
889
881
887
889
892
879
859
836
807
769
742
718
690
667
642
634
619
602
587
570
563
550
530
519
503
468
437
432
424
404
388
336
310
291
253
217
204
188
161
149
116
80
62
27
2
-9
-18
-42
-52
-65
-84
-88
-98
-99
-99
-103
-97
-91
-94
-111
-131
-125
-122
-125
-124
-99
-80
-74
-56
-24
2
31
42
70
113
150
172
175
193
209
241
265
300
334
373
394
403
448
472
494
516
522
540
566
588
604
612
604
592
570
566
548
524
516
517
515
518
531
527
521
521
529
524
532
539
535
531
537
530
522
499
469
450
440
439
433
428
416
420
407
393
390
404
403
387
362
334
306
262
235
205
161
135
103
73
59
56
42
26
20
-12
-13
-15
-23
-28
-25
-54
-85
-104
-126
-125
-136
-144
-142
-118
-126
-112
-81
-71
-49
-39
-28
-18
-13
-11
-26
-37
-34
-35
-39
-26
-18
-5
10
19
32
34
43
48
60
67
73
94
112
118
117
118
135
138
158
174
186
231
252
279
303
327
349
383
399
420
443
452
466
487
498
489
491
502
501
507
508
490
474
465
451
431
416
413
391
371
347
323
293
265
237
216
196
188
182
165
148
126
128
133
132
126
121
128
124
122
90
50
15
-18
-56
-86
-103
-106
-123
-131
-142
-171
-197
-222
-228
-235
-231
-242
-256
-277
-281
-275
-278
-276
-283
-265
-255
-248
-232
-210
-201
-199
-189
-172
-153
-125
-88
-57
-26
-21
0
1
15
46
62
80
101
149
178
221
270
279
322
348
360
368
382
396
387
398
408
418
448
466
473
484
505
514
535
548
575
585
583
583
578
558
539
531
526
532
518
495
465
450
426
418
412
393
384
353
341
321
321
338
321
298
253
216
202
175
154
149
119
97
85
69
84
66
46
37
20
11
6
-14
-31
-31
-42
-34
-47
-44
-46
-52
-37
-51
-49
-52
-51
-35
-32
-27
-26
-37
-65
-51
-46
-57
-40
-14
3
14
20
28
55
75
101
120
147
170
199
232
255
263
285
300
306
325
333
342
343
347
364
382
395
383
374
374
386
387
394
404
388
385
361
350
332
305
293
276
277
271
268
268
273
259
246
247
250
238
219
215
195
191
183
157
132
115
93
70
68
49
33
25
20
20
32
47
49
55
61
58
62
83
90
97
106
130
160
153
178
211
230
246
263
275
288
300
312
324
328
343
353
364
376
372
373
389
407
410
407
407
415
421
440
451
451
442
439
443
450
452
449
454
460
461
467
483
486
482
490
489
490
514
509
490
486
489
489
492
492
478
480
488
488
485
469
463
434
431
410
399
395
371
363
337
333
319
296
282
273
259
260
263
246
244
235
227
237
239
221
231
231
220
223
210
206
198
208
205
221
240
244
260
259
265
250
243
258
265
273
266
263
247
250
251
255
256
276
293
296
312
323
324
321
321
311
316
318
302
285
282
278
284
279
282
281
294
300
287
291
284
289
300
303
313
338
346
349
340
330
317
312
314
332
359
356
345
337
338
332
319
303
297
297
300
301
299
300
291
296
287
288
293
299
313
314
318
325
322
318
317
314
316
304
304
311
325
338
341
322
312
313
331
331
330
339
334
344
338
327
300
293
283
277
275
264
244
217
214
201
195
205
220
210
207
202
204
190
182
178
176
188
185
192
187
188
186
193
184
177
172
166
192
201
214
211
211
208
221
220
214
206
191
184
159
139
114
99
107
132
149
137
130
128
142
158
158
166
172
176
169
161
161
157
160
167
174
170
180
192
194
195
193
190
198
206
197
208
205
182
186
170
151
146
134
127
128
131
126
118
95
86
79
82
74
73
71
70
70
69
62
57
64
70
75
87
91
100
95
85
77
80
85
88
115
117
125
125
118
125
126
124
125
121
126
117
115
109
99
98
97
97
101
114
125
143
148
143
138
132
124
111
123
128
138
139
135
119
103
111
115
126
135
146
126
112
112
106
90
74
65
66
80
89
82
71
71
57
38
26
22
20
17
25
25
16
12
-4
-11
-16
-19
-16
-34
-64
-77
-95
-114
-114
-122
-121
-106
-102
-112
-116
-120
-114
-124
-122
-130
-128
-104
-103
-107
-110
-103
-102
-107
-112
-102
-105
-78
-80
-75
-68
-84
-87
-93
-99
-96
-100
-104
-106
-122
-127
-121
-114
-112
-116
-110
-86
-80
-64
-59
-58
-59
-56
-41
-24
-14
-29
-12
-8
-12
-24
-29
-33
-15
6
9
30
30
16
5
9
-1
-6
-20
-34
-39
-47
-58
-73
-94
-90
-75
-64
-58
-74
-83
-87
-83
-98
-114
-134
-133
-130
-122
-148
-175
-175
-175
-169
-167
-153
-138
-136
-160
-172
-186
-205
-217
-239
-245
-235
-228
-226
-224
-234
-252
-274
-280
-268
-257
-241
-229
-225
-218
-208
-209
-215
-207
-203
-203
-191
-182
-165
-143
-131
-113
-105
-98
-74
-50
-34
-22
9
6
5
15
19
40
63
78
92
117
120
122
114
126
142
146
157
154
158
159
175
181
194
193
190
193
200
214
227
243
246
243
241
228
210
202
207
198
203
199
184
194
197
197
200
183
168
159
154
156
150
136
116
88
73
57
34
19
4
-2
-12
-14
-15
-34
-42
-50
-58
-68
-82
-86
-104
-107
-115
-111
-119
-135
-135
-132
-117
-119
-120
-112
-122
-115
-103
-99
-105
-98
-88
-84
-80
-91
-95
-88
-85
-82
-81
-98
-99
-86
-83
-102
-100
-92
-84
-90
-92
-83
-78
-59
-36
-21
-22
0
20
19
12
16
36
51
63
63
58
53
48
49
46
22
26
20
30
32
16
5
-13
-16
-29
-29
-42
-42
-51
-64
-72
-85
-84
-82
-88
-88
-95
-116
-130
-152
-159
-160
-167
-163
-176
-178
-184
-186
-188
-208
-226
-228
-221
-223
-222
-232
-234
-235
-240
-234
-236
-254
-254
-241
-228
-221
-239
-242
-244
-243
-234
-236
-230
-223
-213
-203
-191
-186
-193
-198
-207
-206
-190
-185
-189
-184
-170
-156
-145
-138
-122
-111
-111
-99
-76
-57
-64
-62
-48
-44
-32
-10
5
10
19
18
25
34
33
32
28
40
35
19
11
21
31
16
8
11
18
20
18
13
16
18
1
1
-7
-5
-1
-5
-21
-33
-44
-55
-38
-42
-41
-46
-48
-48
-35
-37
-33
-44
-36
-38
-31
-13
-1
12
2
2
-5
-9
-19
-17
-24
-12
-7
-16
-28
-44
-46
-52
-61
-72
-79
-90
-88
-87
-96
-90
-95
-104
-103
-98
-84
-70
-57
-40
-37
-43
-59
-56
-45
-43
-23
-19
-23
-27
-36
-34
-26
-3
15
32
37
43
63
72
56
53
53
68
96
112
102
96
105
102
102
99
122
136
143
151
153
149
153
147
152
151
162
182
195
212
214
216
225
222
219
229
248
257
268
270
253
263
253
252
262
275
265
264
283
277
264
237
229
238
232
241
242
251
263
270
259
245
249
271
296
314
312
310
301
281
271
260
259
265
277
273
268
269
270
270
288
275
275
293
286
299
311
309
314
315
323
329
325
334
336
336
338
330
330
333
329
323
322
322
322
325
311
310
311
297
290
284
279
285
300
289
273
264
258
246
254
265
247
228
222
209
201
203
201
176
172
161
148
150
154
153
151
148
135
121
101
97
90
75
65
48
33
33
28
29
35
33
31
40
47
40
32
35
33
39
46
51
59
57
62
60
65
62
57
59
65
77
98
113
129
139
145
163
175
195
202
207
214
208
194
194
195
197
200
196
213
233
243
253
258
256
257
267
266
265
272
274
289
293
291
273
265
267
267
279
288
307
308
321
320
315
310
307
315
320
304
298
296
288
291
293
298
296
300
307
303
300
304
302
295
290
279
281
288
287
288
281
286
279
283
293
295
303
304
311
322
320
315
316
321
320
319
320
315
316
316
309
298
300
290
303
297
285
288
303
310
315
299
293
298
300
301
304
308
314
329
326
325
341
364
363
359
365
353
361
369
374
380
369
357
359
351
334
329
319
320
323
309
300
295
276
260
243
250
254
242
241
244
229
240
242
245
241
229
226
231
237
228
232
229
222
220
234
229
233
245
252
252
240
236
223
227
225
218
224
225
231
216
207
196
193
201
214
215
213
220
217
224
212
216
229
235
242
236
243
245
245
259
264
278
283
281
280
285
283
283
284
284
291
299
296
306
311
309
317
308
306
291
296
290
292
285
279
285
286
295
301
306
297
292
300
303
302
300
295
301
271
272
275
284
307
292
292
285
280
276
273
277
271
260
256
247
242
241
233
227
218
219
219
223
218
208
195
189
186
181
184
180
182
176
166
153
152
155
136
133
140
144
150
150
142
140
130
128
127
121
112
102
101
96
100
97
83
80
73
80
93
103
121
114
108
108
107
121
113
106
106
118
109
104
110
106
106
96
104
101
98
105
113
123
132
133
128
139
152
158
161
167
173
174
177
187
194
199
220
245
267
281
279
262
268
281
288
302
305
306
318
314
324
319
305
305
304
304
299
313
314
318
319
315
312
317
320
322
321
309
317
321
303
307
305
300
297
299
324
330
318
316
308
301
291
286
278
286
290
287
288
297
305
319
324
325
343
344
338
334
338
332
314
323
325
322
326
326
329
338
356
363
365
373
375
376
388
380
362
370
370
364
355
351
362
361
368
381
394
413
414
418
425
426
436
454
453
454
436
423
421
419
424
420
412
409
410
404
399
389
378
369
355
344
335
330
320
334
328
314
304
294
295
286
275
263
257
248
253
243
233
221
211
194
180
151
148
148
152
154
152
146
132
140
148
147
163
170
160
156
150
150
138
133
135
129
137
138
133
127
106
93
90
97
94
92
93
82
90
100
95
89
96
107
101
97
101
109
110
110
101
97
92
73
60
54
54
52
32
33
27
43
41
37
31
30
45
59
61
60
67
61
71
68
64
55
56
55
59
71
76
79
89
96
101
106
113
111
115
112
121
122
115
129
137
145
147
149
157
172
191
201
220
229
239
242
239
235
225
231
235
236
227
234
234
231
235
243
239
239
239
230
230
220
230
221
218
213
184
170
162
160
148
139
130
125
135
129
130
134
140
147
164
173
167
167
165
158
157
146
144
141
145
151
158
155
145
151
150
144
145
142
147
155
157
155
139
144
151
157
167
175
184
170
162
171
171
174
189
191
181
186
178
164
146
141
134
130
123
112
116
105
106
95
105
102
94
87
86
88
80
71
66
72
44
31
27
18
22
5
4
8
12
16
15
13
8
-3
-10
-16
-28
-34
-54
-69
-80
-86
-78
-57
-54
-39
-39
-52
-47
-49
-46
-40
-33
-41
-53
-57
-52
-68
-56
-64
-67
-49
-40
-33
-29
-17
-14
2
10
9
8
2
4
-1
-6
-2
-2
11
24
33
41
46
38
44
68
79
79
77
68
73
76
87
91
87
107
102
99
94
103
115
124
126
113
106
115
112
114
128
128
125
129
120
116
118
112
108
97
89
93
101
98
94
95
82
77
80
82
88
79
77
82
79
72
65
64
61
62
58
63
63
75
82
74
66
60
59
52
49
41
44
31
23
12
3
-9
-23
-29
-40
-43
-54
-59
-66
-75
-90
-93
-93
-99
-108
-114
-117
-112
-115
-126
-129
-141
-155
-157
-176
-188
-184
-176
-177
-183
-183
-195
-192
-200
-199
-210
-221
-214
-216
-216
-204
-203
-210
-208
-213
-216
-213
-235
-230
-225
-235
-246
-243
-239
-235
-234
-244
-235
-230
-234
-226
-224
-233
-237
-244
-242
-238
-231
-228
-224
-209
-206
-203
-214
-227
-212
-216
-211
-213
-209
-201
-219
-225
-224
-218
-218
-214
-207
-199
-206
-205
-201
-202
-204
-212
-211
-209
-203
-195
-188
-182
-164
-160
-154
-139
-126
-106
-93
-86
-90
-91
-79
-65
-66
-61
-53
-55
-56
-64
-64
-39
-29
-18
-15
-9
-11
-11
-12
-5
8
10
25
20
19
24
25
24
30
37
42
41
44
41
42
52
58
54
36
31
36
24
10
-2
-10
-28
-45
-59
-63
-60
-61
-69
-71
-82
-90
-108
-122
-137
-150
-161
-170
-180
-192
-203
-203
-211
-226
-236
-245
-259
-267
-266
-283
-292
-301
-306
-317
-324
-336
-331
-341
-343
-354
-357
-357
-360
-368
-381
-383
-379
-368
-361
-354
-365
-369
-372
-373
-358
-355
-363
-358
-355
-354
-350
-346
-335
-323
-316
-312
-303
-300
-302
-293
-281
-270
-259
-261
-251
-244
-240
-237
-236
-227
-233
-240
-242
-233
-222
-220
-217
-223
-219
-217
-216
-218
-225
-213
-218
-228
-224
-208
-216
-214
-215
-237
-254
-257
-268
-263
-254
-254
-256
-267
-261
-260
-264
-253
-251
-242
-229
-233
-228
-223
-221
-215
-197
-188
-185
-174
-171
-168
-159
-139
-136
-124
-113
-121
-116
-108
-108
-124
-137
-147
-145
-146
-126
-122
-123
-126
-126
-112
-112
-114
-115
-95
-86
-82
-68
-65
-73
-71
-78
-66
-55
-40
-27
-23
-13
-15
-18
-24
-1
13
30
42
42
37
35
34
35
40
54
66
70
68
70
70
76
85
82
96
87
91
87
80
84
81
95
92
84
93
85
83
76
65
69
76
84
77
60
57
55
44
51
62
63
54
47
39
36
27
33
31
27
29
34
39
28
36
51
56
58
47
47
55
46
47
46
49
50
53
67
75
80
80
78
86
94
102
125
141
150
166
177
177
177
167
172
189
198
201
204
213
227
242
252
264
270
272
266
264
273
288
299
305
318
326
325
329
325
332
338
337
323
324
329
336
346
348
354
346
348
342
348
346
349
364
361
365
366
367
374
370
375
380
387
402
407
406
418
405
381
389
377
356
359
365
364
357
350
349
342
334
339
328
324
345
346
350
351
358
357
347
347
342
334
332
329
317
316
314
312
316
313
309
301
296
300
301
293
288
289
280
285
288
274
268
284
285
282
281
285
284
270
270
263
257
238
242
233
245
241
243
257
251
265
258
253
259
254
252
252
234
230
239
251
248
257
271
275
277
274
267
269
279
274
291
293
288
278
265
265
266
261
264
283
286
280
278
278
281
282
280
281
265
259
261
259
269
268
274
278
280
274
285
288
285
289
293
295
277
280
266
265
251
260
280
286
287
275
252
245
245
241
233
239
243
244
241
220
227
231
228
230
233
238
236
238
241
232
232
244
246
236
240
248
249
250
257
252
251
260
272
284
303
322
332
337
341
341
352
376
387
396
401
407
423
428
439
439
442
453
450
453
452
457
464
479
489
495
479
475
470
467
470
474
479
480
484
488
473
470
475
465
467
467
469
472
475
462
448
443
439
438
421
408
405
403
400
387
383
377
371
368
368
367
364
348
331
324
325
315
317
331
342
337
320
309
306
302
301
299
291
281
271
265
264
270
263
254
238
240
237
230
223
194
198
196
182
188
162
170
170
168
167
154
159
164
162
160
149
144
148
141
143
139
151
158
164
161
160
163
159
166
162
171
169
170
175
179
187
190
184
187
191
189
201
202
199
200
215
220
206
212
213
217
220
222
228
230
230
220
240
247
236
243
257
254
273
274
261
263
266
275
282
280
280
287
294
301
309
298
307
309
307
319
325
323
315
330
332
329
329
319
314
314
314
318
312
309
300
297
284
292
291
257
247
242
250
250
244
230
216
211
201
186
181
181
178
185
181
169
169
169
159
162
151
144
146
153
147
131
121
112
106
109
103
103
100
99
106
104
115
116
115
111
109
108
101
98
98
109
116
117
119
110
103
101
104
99
96
96
95
88
91
81
67
69
60
57
45
34
22
8
-1
-10
-21
-28
-34
-35
-31
-36
-38
-44
-45
-53
-55
-65
-84
-85
-84
-76
-79
-79
-83
-77
-76
-68
-81
-85
-79
-91
-83
-70
-67
-64
-55
-48
-48
-50
-43
-35
-27
-20
-14
-4
1
-3
-2
-5
-5
6
-6
-12
-15
-7
-5
-7
-16
-4
-8
-4
5
7
10
4
13
6
6
4
16
29
41
40
46
58
57
46
37
30
39
41
45
55
60
52
45
58
48
47
43
37
29
36
34
17
19
24
23
31
34
30
19
22
31
23
10
14
18
4
8
-1
-10
-9
-18
-20
-19
-16
-12
-9
12
5
-5
2
1
1
6
19
24
19
21
17
27
35
29
32
29
24
38
37
28
18
21
27
37
32
23
31
21
20
11
9
-4
0
3
-11
-16
-10
-7
-12
-19
-26
-19
-21
-14
-13
-16
-24
-33
-36
-23
-32
-29
-39
-38
-47
-55
-49
-48
-47
-59
-62
-67
-63
-69
-67
-47
-35
-12
-4
-7
6
-9
-11
-19
-28
-26
-35
-41
-43
-47
-39
-42
-44
-38
-34
-31
-43
-42
-36
-35
-36
-29
-21
-23
-28
-20
-15
-24
-19
-20
-5
7
3
-9
-10
-4
-5
-1
-14
-19
-12
-6
-9
-11
0
-9
5
20
26
42
41
37
44
42
37
34
32
43
38
40
39
38
47
43
28
35
52
50
51
47
47
58
65
72
68
80
76
80
83
90
84
82
84
85
82
82
79
85
89
80
76
73
76
65
74
78
67
52
49
49
48
41
51
47
38
19
12
3
-8
-4
-11
-13
-13
-14
-5
0
-7
-11
-6
1
7
4
3
12
21
9
-1
-4
-19
-12
-1
11
17
20
18
30
33
25
31
35
45
47
43
31
21
24
10
9
9
8
15
6
16
14
10
9
3
5
-13
-8
-5
0
-3
-8
-7
-11
-14
-25
-27
-25
-27
-25
-9
-16
-29
-34
-37
-25
-17
-23
-31
-30
-37
-27
-31
-28
-30
-19
-21
-27
-27
-22
-7
-16
-5
-8
-11
-5
-11
-9
-5
-6
-1
-4
-16
-12
-11
-17
-10
-6
0
11
11
-2
1
2
3
-4
-17
-11
-16
-17
-10
-16
-27
-19
-22
-18
-12
-5
-2
3
3
3
6
-6
-2
-5
-6
-7
-14
-21
-25
-18
-3
-1
-13
2
5
4
4
3
-2
-3
-14
-15
0
0
1
-2
-3
3
-2
-2
4
6
0
6
13
9
12
4
6
13
15
10
12
24
31
36
40
39
49
52
54
58
50
51
49
44
39
31
26
30
30
24
20
30
24
10
2
-6
-5
-7
-29
-22
-24
-22
-23
-29
-43
-68
-64
-68
-68
-73
-80
-82
-72
-78
-87
-101
-121
-128
-122
-131
-139
-140
-145
-146
-146
-157
-148
-144
-153
-144
-154
-147
-154
-166
-165
-169
-164
-179
-179
-181
-186
-168
-169
-173
-171
-173
-170
-167
-165
-152
-154
-153
-154
-155
-151
-163
-155
-142
-130
-124
-109
-111
-117
-113
-88
-73
-64
-66
-60
-45
-48
-54
-46
-47
-41
-27
-27
-11
3
6
7
18
20
23
20
