493
481
476
479
469
464
448
441
444
441
445
444
449
447
442
446
444
438
441
436
437
439
439
421
406
405
402
413
411
400
399
403
414
416
415
411
412
420
420
437
439
434
430
426
417
420
411
404
404
400
405
401
393
386
375
363
359
356
346
335
336
326
319
309
325
327
328
322
314
318
312
323
313
304
312
324
324
333
333
338
342
334
327
307
310
321
325
305
289
291
288
273
259
254
250
250
234
238
236
219
206
192
189
182
174
185
189
185
183
189
189
197
188
182
182
186
193
194
201
191
188
180
180
164
145
139
138
141
143
129
118
139
146
154
137
101
94
102
128
159
166
148
120
113
118
120
142
169
179
170
168
165
169
192
196
186
173
145
141
166
176
159
135
118
114
98
92
85
81
82
74
68
70
86
100
107
118
128
137
128
130
123
130
132
118
120
88
67
59
65
73
85
76
38
12
4
20
41
58
53
52
67
84
84
85
68
57
64
85
98
105
89
66
67
81
80
57
46
33
35
37
27
2
-15
-9
-21
-27
-20
0
18
33
49
68
71
80
87
92
104
104
87
68
57
61
60
61
67
66
62
62
46
31
25
18
35
60
77
73
71
63
60
57
49
31
26
29
46
56
47
47
40
27
11
-2
-6
-12
-18
-13
7
13
29
37
57
98
96
102
98
92
86
88
101
105
105
106
122
118
125
124
119
110
96
94
88
75
74
84
87
87
81
78
72
66
75
83
81
97
101
104
117
106
103
91
77
63
50
53
47
47
47
35
41
34
38
45
50
66
73
81
92
102
97
85
80
83
88
84
79
54
30
24
19
15
18
1
-10
-12
-23
-30
-51
-55
-64
-59
-60
-58
-56
-64
-62
-74
-76
-70
-61
-51
-34
-25
-21
-25
-21
-7
-7
5
4
5
7
4
-2
-22
-23
-10
-12
-5
0
9
8
3
12
19
20
13
2
-7
-18
-23
-23
-26
-28
-42
-46
-47
-46
-55
-62
-54
-64
-81
-94
-95
-103
-99
-86
-77
-66
-50
-53
-62
-76
-88
-80
-73
-64
-52
-48
-58
-65
-71
-73
-65
-65
-88
-80
-75
-74
-76
-88
-97
-113
-104
-93
-93
-93
-87
-95
-107
-113
-111
-117
-132
-131
-130
-130
-115
-108
-129
-141
-137
-123
-104
-92
-100
-109
-92
-78
-83
-110
-116
-110
-104
-92
-98
-111
-104
-84
-67
-69
-113
-143
-142
-113
-89
-73
-84
-112
-132
-135
-105
-80
-63
-59
-64
-52
-49
-42
-32
-22
-37
-59
-63
-62
-58
-65
-80
-104
-118
-126
-125
-128
-123
-115
-119
-100
-112
-135
-141
-140
-114
-106
-91
-73
-78
-95
-108
-118
-108
-85
-81
-109
-120
-121
-113
-95
-88
-88
-109
-115
-116
-102
-76
-50
-35
-36
-36
-31
-22
-31
-35
-24
-43
-29
-25
-33
-18
-21
-11
-10
-13
-16
-19
-9
-2
-8
-15
-27
-59
-76
-86
-87
-73
-78
-77
-77
-87
-90
-87
-74
-64
-43
-27
-31
-33
-40
-33
-18
-15
-9
-7
6
30
37
36
12
-10
-8
1
26
29
31
28
32
30
22
16
3
-12
-25
-11
4
17
19
21
10
5
-12
-26
-20
-27
-17
-15
-5
11
22
12
15
1
4
21
32
56
58
53
49
49
33
36
42
50
65
63
60
58
54
49
42
38
45
37
35
38
32
21
21
33
34
44
40
28
18
14
16
5
-2
-13
-34
-41
-44
-35
-16
-7
-3
-1
-7
-17
-7
-3
5
10
14
27
33
29
18
20
21
30
42
27
10
5
-2
-2
-5
-16
-22
-30
-37
-32
-34
-41
-46
-40
-30
-37
-50
-60
-68
-71
-58
-49
-50
-42
-39
-28
-19
-29
-37
-41
-29
-16
-2
-1
7
14
23
31
30
24
21
26
43
48
40
40
16
6
14
23
30
28
29
27
37
40
39
28
9
-4
2
-2
-10
5
11
-2
-8
-24
-28
-33
-31
-13
-10
-3
-18
-13
-21
-33
-30
-27
-27
-16
9
14
20
13
-4
-20
-19
2
2
4
25
21
25
39
38
32
31
20
8
18
15
-4
-27
-33
-25
-30
-21
-18
-30
-36
-33
-29
-14
-17
-31
-40
-57
-48
-41
-31
-18
-13
-14
-10
-11
-17
-17
-22
-29
-36
-52
-64
-54
-40
-26
-26
-56
-83
-91
-96
-70
-55
-47
-60
-84
-79
-78
-45
-26
-37
-38
-41
-50
-48
-41
-27
-23
-22
-23
-17
-19
-22
-17
-28
-41
-51
-66
-69
-66
-74
-68
-69
-77
-80
-70
-70
-55
-45
-38
-32
-51
-41
-48
-53
-46
-45
-31
-42
-61
-62
-55
-37
-10
-13
-27
-46
-65
-45
-28
-4
3
-3
4
13
29
24
18
-13
-26
-4
27
49
51
44
42
53
49
50
41
32
35
30
24
19
18
16
12
12
10
12
32
52
68
76
82
83
115
128
138
130
107
108
114
118
110
103
112
138
164
161
141
122
119
107
103
122
144
149
156
164
154
138
131
117
106
122
126
137
146
150
155
158
160
143
129
115
116
128
132
148
150
161
165
171
188
197
180
174
181
175
196
206
212
208
208
196
189
186
178
166
155
162
171
176
166
167
169
167
165
159
157
147
138
144
145
152
146
131
133
139
141
131
132
141
134
144
156
164
179
179
182
186
184
176
173
175
172
182
186
198
190
188
181
168
180
190
187
180
161
152
135
132
130
120
107
91
93
84
85
67
66
69
73
72
53
38
35
46
56
53
53
44
39
47
53
52
45
53
65
85
93
98
105
106
112
108
92
97
106
109
107
100
90
86
69
73
68
62
61
62
69
73
75
48
43
34
38
43
41
41
37
40
38
39
32
8
-4
8
12
26
28
32
29
29
48
52
67
66
76
91
95
91
84
83
96
90
77
68
48
57
67
58
45
32
24
27
48
56
51
54
56
71
61
50
50
43
22
19
23
39
50
48
34
41
47
58
70
69
74
69
76
54
34
29
36
43
44
28
16
10
27
53
48
16
-16
-30
-1
38
66
83
71
27
10
22
25
38
44
33
15
3
6
22
38
26
4
1
-1
-1
-4
-9
-13
-28
-35
-49
-61
-77
-76
-67
-69
-78
-90
-112
-124
-99
-69
-30
-20
-22
-23
-20
-36
-61
-69
-67
-61
-73
-92
-101
-103
-104
-97
-111
-123
-134
-139
-121
-94
-83
-78
-79
-85
-88
-78
-71
-81
-80
-95
-92
-79
-79
-86
-97
-92
-66
-69
-94
-110
-115
-114
-113
-126
-154
-159
-143
-136
-125
-125
-141
-148
-151
-148
-145
-147
-145
-122
-105
-115
-124
-131
-130
-117
-105
-119
-118
-118
-124
-109
-114
-129
-145
-165
-172
-178
-172
-156
-147
-142
-152
-150
-148
-162
-181
-197
-189
-174
-153
-138
-148
-158
-165
-160
-158
-157
-170
-173
-168
-149
-127
-129
-124
-124
-123
-120
-115
-112
-99
-89
-82
-77
-84
-88
-89
-74
-62
-54
-43
-42
-52
-61
-60
-53
-45
-35
-43
-54
-32
-34
-32
-34
-48
-53
-47
-29
-26
-30
-39
-40
-41
-44
-55
-68
-63
-72
-69
-65
-55
-41
-44
-38
-36
-41
-41
-45
-43
-37
-16
11
1
-9
-12
-23
-17
-4
13
18
3
-6
-24
-29
-29
-27
-24
-39
-52
-56
-70
-70
-83
-73
-68
-69
-76
-81
-79
-79
-64
-51
-46
-46
-34
-32
-27
-21
-19
-16
7
14
17
23
28
18
17
23
36
35
35
39
45
55
68
66
47
47
51
57
56
55
62
73
74
89
95
91
89
76
83
102
121
126
125
131
129
129
124
137
154
166
163
169
171
190
207
211
215
211
215
226
235
244
250
253
241
229
245
243
251
254
247
227
236
251
252
263
246
240
236
235
246
237
210
194
187
200
219
230
221
217
231
250
256
263
257
249
240
248
243
246
265
269
271
274
273
244
238
231
238
242
230
222
227
258
266
258
212
181
177
200
230
241
246
219
179
179
179
207
223
218
202
184
178
177
201
212
211
188
170
170
169
165
163
158
150
145
131
123
136
131
155
148
133
127
130
158
172
195
219
226
211
204
186
160
153
163
166
167
145
142
163
175
192
187
168
145
139
152
175
193
196
192
193
211
221
217
211
192
192
211
211
211
196
186
182
176
184
176
181
170
156
141
131
123
108
106
107
101
99
95
116
133
134
147
140
145
155
178
202
184
177
180
197
209
197
201
207
224
233
234
228
220
226
214
223
235
243
253
258
270
270
265
252
239
239
245
264
281
289
302
303
294
298
300
281
270
271
271
293
307
320
310
304
305
314
330
335
338
336
347
348
345
336
327
326
318
308
310
311
313
314
308
313
315
316
315
311
317
308
295
279
275
268
274
274
282
285
281
288
293
289
272
274
263
259
252
250
261
269
268
263
265
270
277
288
295
304
317
339
346
333
324
315
320
334
353
349
334
319
297
291
283
279
276
274
277
270
257
240
235
223
210
223
226
221
210
204
218
226
225
217
224
231
233
234
253
253
250
261
261
257
254
260
249
242
260
268
263
264
264
260
263
260
238
228
223
207
202
205
199
194
197
194
188
180
161
148
150
155
157
153
144
142
136
139
131
128
142
132
126
119
133
142
145
153
138
125
139
148
142
140
139
129
129
130
134
142
125
101
99
88
72
69
62
65
55
46
45
29
33
29
14
14
-4
-7
-13
-21
-35
-35
-24
-15
-15
-27
-40
-28
-4
0
3
6
-1
-5
-9
-30
-45
-64
-72
-69
-88
-93
-90
-88
-66
-43
-50
-64
-83
-95
-79
-60
-58
-72
-103
-127
-121
-101
-96
-91
-87
-104
-126
-118
-111
-105
-95
-89
-102
-118
-121
-138
-142
-158
-168
-188
-202
-216
-229
-234
-221
-212
-221
-233
-264
-267
-250
-227
-208
-188
-178
-185
-182
-193
-204
-205
-198
-187
-182
-200
-223
-230
-215
-188
-181
-186
-217
-234
-230
-214
-192
-185
-178
-173
-171
-164
-164
-162
-173
-183
-184
-173
-178
-192
-193
-200
-193
-191
-199
-218
-232
-233
-233
-230
-243
-255
-259
-264
-268
-270
-254
-244
-238
-243
-242
-235
-224
-213
-198
-183
-183
-180
-187
-171
-170
-176
-185
-184
-181
-180
-187
-219
-238
-254
-258
-249
-236
-223
-204
-198
-194
-196
-195
-206
-219
-229
-239
-220
-211
-207
-193
-193
-190
-184
-197
-215
-211
-222
-221
-219
-212
-198
-194
-193
-188
-193
-197
-195
-199
-200
-207
-211
-201
-203
-201
-204
-197
-180
-177
-194
-223
-234
-225
-215
-223
-236
-257
-257
-253
-248
-231
-243
-252
-269
-268
-269
-270
-263
-276
-281
-289
-294
-293
-306
-310
-326
-336
-323
-323
-306
-311
-316
-307
-308
-309
-315
-307
-287
-273
-253
-252
-254
-249
-261
-261
-263
-260
-256
-271
-292
-307
-309
-292
-304
-323
-317
-337
-345
-341
-345
-345
-342
-340
-346
-351
-356
-360
-370
-359
-366
-374
-355
-337
-317
-317
-330
-340
-339
-325
-314
-315
-324
-319
-309
-309
-308
-308
-298
-283
-272
-270
-267
-260
-262
-256
-242
-237
-232
-235
-238
-233
-232
-220
-224
-238
-245
-253
-253
-244
-225
-227
-240
-244
-237
-245
-254
-265
-262
-244
-227
-211
-191
-178
-173
-163
-144
-131
-120
-106
-96
-76
-75
-78
-78
-72
-72
-74
-44
-42
-50
-38
-46
-44
-23
5
4
-15
-19
-21
-20
-7
-17
-22
-24
-30
-26
-30
-34
-13
-15
-12
15
40
63
45
39
36
49
57
64
79
91
95
117
122
114
101
91
106
127
128
103
90
107
130
162
147
106
92
87
113
135
152
156
136
116
118
127
170
183
189
193
182
176
180
197
195
186
169
146
134
151
163
160
153
156
142
133
130
127
136
126
119
113
109
116
134
148
155
161
164
165
163
166
170
193
198
200
172
152
155
168
194
187
167
136
111
119
135
153
151
151
160
174
181
173
170
147
145
157
188
217
213
195
174
173
191
194
181
177
166
173
177
171
160
165
165
162
176
173
178
185
200
206
202
209
204
218
231
245
238
242
232
237
247
234
235
237
243
238
233
209
189
180
180
194
208
215
216
216
203
195
190
177
159
145
145
159
184
186
193
177
174
176
164
165
159
153
155
156
170
163
153
145
174
181
197
190
179
183
184
183
181
203
207
209
211
208
184
183
169
158
183
186
168
162
155
158
154
155
147
145
139
137
143
152
167
174
181
180
167
158
157
151
146
141
144
141
150
164
164
156
153
156
156
167
182
191
203
208
205
177
167
172
177
185
179
178
156
146
126
119
126
120
126
131
131
128
111
103
97
102
106
104
102
108
117
129
125
110
111
130
158
171
192
178
178
176
183
202
209
200
194
209
198
210
203
199
191
202
218
213
224
215
218
218
206
208
211
214
209
198
200
207
202
191
190
178
179
186
178
164
141
137
128
132
134
152
171
179
177
161
164
166
171
174
172
176
182
194
202
199
199
216
219
208
209
213
217
217
217
214
203
183
169
160
168
176
168
160
162
152
147
156
152
138
132
126
133
149
160
158
157
151
146
141
138
152
157
159
163
163
153
139
142
152
141
124
116
121
135
161
163
130
83
54
86
126
152
147
133
86
58
82
91
108
118
109
83
64
73
74
73
59
37
23
8
6
-2
-2
-20
-33
-55
-67
-76
-85
-79
-75
-59
-75
-97
-115
-107
-113
-86
-78
-78
-72
-97
-97
-104
-106
-116
-115
-103
-117
-130
-140
-128
-119
-108
-122
-143
-163
-177
-161
-151
-131
-135
-137
-128
-131
-123
-112
-108
-121
-127
-126
-141
-137
-146
-154
-160
-167
-164
-164
-159
-159
-172
-173
-182
-205
-223
-228
-222
-211
-215
-198
-194
-194
-173
-180
-173
-168
-151
-138
-125
-127
-129
-129
-136
-134
-145
-142
-147
-135
-126
-127
-135
-157
-165
-179
-179
-168
-156
-157
-155
-159
-167
-172
-172
-182
-196
-194
-199
-172
-147
-131
-133
-131
-143
-155
-164
-186
-186
-179
-168
-161
-139
-132
-116
-108
-103
-97
-101
-88
-91
-90
-101
-108
-109
-119
-104
-89
-88
-92
-102
-124
-128
-128
-126
-115
-119
-116
-111
-102
-92
-98
-115
-127
-136
-148
-141
-139
-135
-127
-129
-139
-149
-169
-176
-173
-180
-173
-170
-165
-157
-151
-148
-139
-145
-141
-148
-148
-140
-127
-122
-120
-124
-147
-157
-167
-156
-147
-150
-163
-184
-198
-201
-194
-196
-183
-178
-195
-219
-234
-238
-242
-232
-235
-224
-217
-223
-225
-220
-221
-215
-217
-215
-196
-174
-169
-154
-154
-156
-137
-152
-139
-136
-128
-131
-134
-128
-123
-130
-145
-146
-150
-144
-148
-148
-158
-164
-169
-178
-165
-177
-183
-169
-174
-176
-176
-186
-182
-183
-191
-187
-173
-168
-164
-165
-163
-161
-159
-143
-132
-116
-90
-82
-64
-58
-66
-79
-87
-89
-95
-88
-68
-57
-54
-53
-75
-95
-95
-75
-75
-79
-88
-97
-83
-71
-74
-84
-77
-93
-92
-88
-81
-90
-108
-129
-147
-146
-148
-144
-138
-148
-145
-142
-138
-135
-151
-166
-166
-147
-140
-133
-128
-120
-116
-108
-108
-123
-142
-133
-102
-93
-109
-133
-154
-154
-136
-124
-122
-147
-158
-146
-126
-113
-120
-130
-163
-175
-186
-163
-119
-114
-112
-113
-121
-139
-114
-98
-102
-96
-112
-119
-103
-100
-89
-82
-93
-96
-108
-116
-106
-110
-109
-111
-114
-120
-113
-105
-84
-89
-75
-77
-93
-98
-113
-108
-91
-92
-92
-90
-105
-113
-111
-84
-79
-95
-137
-179
-188
-180
-146
-135
-128
-110
-127
-126
-105
-108
-109
-108
-102
-77
-56
-28
-33
-39
-38
-17
-6
-15
-11
-20
-29
-44
-55
-53
-54
-69
-63
-59
-48
-40
-38
-36
-15
-1
5
16
30
39
60
70
61
65
53
53
61
50
52
51
47
57
30
31
24
25
42
40
51
63
58
60
53
32
38
16
-4
1
2
10
26
35
29
29
9
9
9
-1
-11
5
38
52
62
46
35
26
31
30
20
31
21
17
8
-5
10
-1
3
14
14
24
19
17
3
-15
-14
-22
-14
-1
-2
-8
-16
-27
-45
-44
-50
-39
-50
-42
-57
-63
-63
-74
-83
-102
-104
-111
-100
-102
-93
-114
-125
-126
-132
-123
-126
-127
-135
-128
-131
-131
-117
-112
-120
-131
-150
-152
-133
-124
-134
-134
-147
-154
-169
-168
-164
-174
-187
-199
-203
-210
-219
-227
-215
-212
-214
-227
-233
-226
-224
-213
-213
-213
-201
-199
-186
-185
-183
-165
-166
-163
-152
-136
-128
-126
-118
-129
-140
-145
-158
-156
-164
-139
-114
-114
-115
-127
-133
-131
-140
-139
-127
-120
-112
-109
-114
-122
-126
-138
-134
-129
-119
-111
-106
-99
-111
-114
-120
-110
-92
-79
-61
-53
-49
-48
-53
-46
-39
-26
-30
-24
-11
-4
-2
4
-3
-6
12
10
10
3
3
12
9
9
-2
-18
-32
-39
-22
-26
-26
-29
-28
-35
-38
-42
-41
-42
-29
-19
-26
-14
-12
-21
-21
-13
5
17
31
39
49
49
40
25
13
19
26
24
16
-3
-19
-1
26
35
35
15
-6
1
25
55
72
69
49
17
19
41
52
59
64
63
66
66
69
67
82
100
77
47
38
33
47
46
41
25
11
11
12
13
24
26
30
32
8
4
22
42
65
79
93
116
121
99
79
77
71
88
92
83
82
72
84
82
71
60
35
32
45
53
57
79
90
91
76
65
62
51
62
63
75
86
98
93
89
90
78
85
90
82
76
79
74
63
61
48
45
40
35
34
31
48
46
33
33
40
41
43
48
47
48
32
22
21
1
3
-9
-3
4
2
2
-11
-25
-46
-59
-75
-71
-67
-63
-56
-55
-50
-63
-91
-108
-120
-138
-154
-146
-128
-112
-105
-110
-134
-148
-163
-171
-185
-173
-157
-136
-118
-118
-104
-116
-120
-123
-113
-109
-99
-99
-96
-99
-108
-113
-123
-138
-133
-137
-139
-140
-143
-145
-168
-169
-173
-159
-164
-156
-153
-165
-173
-198
-209
-216
-223
-218
-230
-234
-249
-258
-279
-286
-294
-303
-300
-314
-328
-328
-321
-328
-327
-328
-327
-337
-331
-312
-300
-292
-291
-285
-290
-304
-317
-326
-330
-335
-328
-332
-350
-368
-381
-377
-382
-379
-392
-407
-413
-420
-432
-445
-437
-437
-436
-429
-427
-427
-430
-433
-424
-410
-401
-398
-397
-377
-368
-358
-371
-365
-355
-342
-329
-324
-328
-326
-324
-320
-323
-337
-334
-328
-319
-318
-301
-300
-313
-326
-347
-360
-364
-362
-356
-346
-349
-356
-356
-366
-369
-368
-361
-354
-328
-323
-331
-329
-345
-355
-362
-345
-329
-324
-320
-308
-321
-321
-315
-319
-309
-300
-293
-273
-278
-272
-284
-291
-304
-309
-284
-283
-281
-301
-303
-299
-294
-293
-301
-306
-321
-314
-310
-301
-303
-316
-319
-324
-320
-319
-316
-318
-335
-326
-317
-312
-313
-322
-332
-337
-317
-295
-277
-259
-249
-243
-237
-220
-228
-259
-254
-246
-233
-241
-244
-240
-227
-222
-229
-265
-302
-311
-308
-282
-266
-264
-296
-314
-322
-319
-329
-315
-291
-293
-294
-307
-310
-303
-289
-276
-280
-282
-283
-282
-269
-289
-285
-285
-288
-276
-297
-303
-299
-288
-286
-283
-295
-297
-297
-277
-261
-252
-231
-230
-238
-237
-239
-244
-231
-237
-242
-262
-264
-281
-256
-252
-253
-259
-285
-298
-299
-286
-265
-247
-253
-250
-245
-220
-212
-212
-239
-254
-245
-220
-207
-194
-195
-204
-205
-219
-228
-239
-235
-237
-228
-218
-222
-229
-248
-240
-237
-239
-228
-232
-228
-212
-207
-211
-210
-203
-180
-179
-180
-186
-191
-173
-162
-171
-167
-184
-189
-184
-172
-172
-188
-201
-203
-188
-188
-182
-167
-182
-181
-169
-170
-183
-195
-199
-204
-209
-181
-163
-146
-157
-167
-173
-174
-162
-151
-155
-175
-162
-140
-115
-124
-113
-131
-152
-152
-155
-152
-155
-147
-139
-127
-112
-114
-95
-89
-97
-106
-103
-97
-107
-99
-96
-103
-116
-101
-88
-86
-94
-95
-106
-105
-102
-100
-93
-95
-91
-96
-82
-72
-78
-92
-101
-91
-90
-96
-95
-87
-80
-91
-81
-84
-100
-110
-114
-104
-95
-74
-68
-75
-63
-69
-82
-92
-92
-84
-75
-84
-91
-106
-125
-130
-121
-110
-121
-121
-132
-138
-147
-164
-155
-145
-138
-153
-161
-138
-142
-138
-136
-137
-148
-139
-117
-100
-97
-120
-128
-141
-129
-104
-122
-127
-132
-150
-153
-167
-179
-172
-166
-160
-149
-145
-136
-142
-156
-176
-189
-188
-188
-195
-189
-184
-189
-210
-226
-211
-221
-224
-229
-233
-235
-234
-225
-246
-253
-255
-251
-232
-205
-187
-199
-205
-184
-186
-178
-164
-170
-174
-176
-152
-144
-148
-159
-162
-153
-141
-135
-136
-144
-160
-169
-151
-130
-128
-126
-134
-139
-148
-137
-137
-145
-149
-158
-148
-147
-150
-144
-152
-158
-151
-127
-106
-99
-100
-97
-95
-75
-68
-56
-34
-21
-14
-22
-40
-56
-43
-36
-13
-31
-41
-43
-18
10
19
3
-17
-19
-23
1
30
38
10
-17
-47
-51
-53
-41
-22
-25
-6
-20
-16
-13
-12
-4
-19
-20
-22
-23
-45
-38
-34
-39
-41
-44
-57
-68
-75
-55
-46
-38
-50
-79
-73
-57
-28
-1
21
22
17
20
10
8
3
0
-6
-18
-33
-58
-59
-46
-32
-30
-56
-70
-74
-74
-39
-26
-21
-28
-38
-22
-8
6
23
25
17
32
46
36
38
42
63
94
92
74
51
41
26
28
37
22
12
-13
-10
7
9
18
16
4
20
33
30
58
68
74
88
79
66
67
87
87
81
77
87
100
120
120
83
60
58
62
61
77
74
71
78
78
65
65
76
61
31
6
6
19
54
55
37
0
-14
-23
-14
-12
-14
6
5
19
18
33
40
38
35
29
28
32
25
33
20
9
22
44
37
36
38
27
17
-9
-30
-33
-17
-4
2
-12
-4
6
15
25
18
13
11
14
23
20
24
19
18
9
1
-6
-35
-63
-82
-85
-71
-58
-59
-55
-39
-38
-39
-18
-7
-12
-16
-12
-14
-18
-22
-19
-19
-26
-11
2
7
-1
-19
-42
-57
-66
-64
-53
-62
-81
-93
-94
-116
-123
-114
-121
-126
-138
-132
-143
-154
-135
-122
-115
-122
-116
-108
-108
-106
-117
-93
-81
-85
-80
-91
-91
-95
-109
-112
-95
-76
-91
-84
-61
-65
-68
-69
-88
-84
-82
-91
-91
-87
-85
-89
-100
-117
-129
-132
-122
-127
-111
-91
-84
-88
-97
-101
-111
-118
-125
-117
-104
-92
-82
-84
-69
-64
-63
-64
-63
-59
-51
-30
-39
-40
-50
-63
-75
-67
-78
-85
-85
-106
-92
-82
-93
-107
-125
-137
-146
-144
-151
-136
-136
-161
-151
-160
-161
-166
-191
-191
-179
-165
-127
-125
-119
-130
-130
-118
-106
-68
-55
-27
-13
2
21
15
8
-7
2
4
27
42
39
56
69
92
62
32
13
8
20
50
79
82
49
4
-13
-3
26
60
91
65
39
47
53
51
63
54
33
34
33
49
53
39
5
-12
-27
-35
-59
-91
-83
-78
-73
-83
-102
-125
-126
-113
-102
-105
-101
-103
-124
-118
-110
-106
-108
-93
-88
-78
-84
-78
-51
-28
-12
-26
-41
-42
-12
19
36
38
48
40
41
48
38
39
45
55
73
88
83
78
47
40
41
32
42
42
37
32
44
47
40
13
2
-5
22
41
34
31
9
-5
7
16
-3
1
18
29
27
21
-7
-14
-23
-45
-76
-99
-84
-76
-66
-89
-132
-162
-172
-186
-192
-184
-170
-151
-144
-136
-142
-159
-179
-204
-221
-195
-159
-139
-126
-120
-114
-125
-138
-138
-138
-142
-139
-116
-73
-54
-63
-75
-78
-74
-78
-64
-55
-51
-31
-31
-36
-49
-60
-67
-47
-33
-24
-16
-27
-37
-40
-37
-44
-40
-37
-22
-4
35
51
54
72
83
104
118
133
143
154
148
151
172
171
142
124
109
83
75
65
61
80
85
72
53
49
48
26
20
-3
-15
-5
5
-2
-13
-45
-76
-95
-103
-94
-83
-91
-100
-128
-134
-134
-127
-126
-144
-156
-152
-155
-138
-120
-136
-156
-186
-186
-173
-146
-108
-116
-117
-122
-114
-100
-99
-75
-75
-64
-59
-27
-3
26
19
-14
-55
-77
-70
-24
32
47
35
-28
-87
-96
-55
-45
-47
-66
-68
-48
3
51
57
30
-21
-15
41
143
211
216
207
203
217
243
288
319
353
363
370
400
424
436
446
423
397
376
363
375
369
349
294
257
237
220
201
176
166
121
97
74
65
52
31
-4
-43
-76
-91
-94
-104
-103
-146
-179
-208
-217
-216
-250
-260
-293
-308
-286
-256
-232
-230
-259
-283
-284
-251
-205
-171
-148
-137
-110
-70
-29
-9
-4
37
101
167
206
196
179
159
169
205
241
230
176
125
79
49
28
15
-11
-34
-61
-80
-52
-35
-11
-19
-59
-60
-1
103
187
223
205
175
155
181
246
324
357
361
358
377
396
412
421
401
334
279
264
279
308
305
285
222
167
112
92
75
72
66
48
10
-19
-6
3
8
-17
-44
-66
-63
-64
-69
-79
-115
-156
-198
-231
-241
-259
-270
-293
-344
-387
-413
-438
-443
-462
-494
-497
-507
-496
-473
-444
-433
-446
-438
-395
-343
-294
-240
-188
-157
-112
-24
92
185
206
213
216
245
301
335
352
319
266
196
150
120
89
41
-12
-52
-72
-88
-104
-121
-150
-176
-191
-146
-69
3
71
122
173
211
253
305
360
411
457
502
567
624
666
670
661
637
595
544
516
517
506
472
432
392
336
282
260
264
236
200
162
164
170
164
157
154
127
114
134
140
128
106
84
78
69
33
-14
-61
-87
-104
-126
-167
-233
-294
-347
-405
-438
-476
-507
-534
-547
-548
-542
-524
-508
-512
-505
-453
-390
-301
-232
-192
-166
-124
-29
81
179
238
236
244
296
352
383
387
349
299
248
239
221
183
105
15
-56
-76
-51
-62
-81
-113
-147
-146
-102
-54
22
88
149
204
256
320
394
460
530
596
642
704
746
776
792
783
752
712
692
679
668
643
596
515
426
355
302
273
263
212
181
160
137
131
116
100
72
50
57
95
118
122
93
54
9
-13
-29
-56
-70
-121
-164
-211
-240
-301
-391
-464
-514
-537
-567
-585
-595
-604
-622
-639
-616
-565
-517
-499
-476
-408
-321
-233
-153
-81
-49
6
93
188
283
327
341
364
418
470
473
424
362
302
273
263
244
200
107
14
-29
-60
-75
-102
-122
-131
-115
-79
-20
48
102
151
209
308
387
483
567
625
655
674
705
740
778
787
781
774
764
768
769
729
668
573
486
430
421
421
408
342
254
219
200
196
197
204
187
186
197
203
224
221
210
169
131
120
124
125
99
51
-20
-87
-165
-204
-228
-266
-335
-395
-461
-519
-547
-579
-619
-674
-699
-674
-619
-580
-569
-574
-575
-538
-462
-383
-286
-217
-148
-53
41
103
149
190
213
242
301
376
450
454
442
378
272
187
139
119
107
106
90
27
-73
-128
-154
-143
-122
-82
-56
3
73
161
263
298
302
330
396
511
608
677
728
734
725
719
724
738
743
727
717
712
709
680
614
534
441
369
331
333
350
349
322
264
209
163
142
143
174
197
212
216
191
181
143
93
25
-11
-4
6
-4
-53
-120
-180
-234
-282
-333
-398
-470
-526
-521
-547
-597
-669
-711
-720
-715
-687
-654
-610
-583
-543
-486
-423
-383
-321
-233
-118
7
81
153
197
248
290
333
395
443
460
466
482
471
395
259
178
131
117
106
107
69
-16
-96
-154
-157
-148
-120
-77
-29
42
117
196
284
343
369
378
415
498
569
635
666
651
625
606
602
603
593
555
515
484
487
463
386
296
217
143
110
112
91
73
9
-39
-84
-96
-94
-113
-107
-112
-118
-132
-146
-177
-191
-221
-280
-328
-362
-398
-429
-459
-515
-600
-662
-712
-746
-777
-836
-909
-977
-1029
-1059
-1032
-1053
-1075
-1075
-1056
-1013
-948
-874
-837
-807
-765
-667
-522
-384
-288
-245
-208
-135
-37
57
122
164
179
182
204
244
263
192
75
-35
-82
-65
-58
-60
-93
-199
-294
-339
-302
-222
-188
-155
-107
-62
-6
81
195
270
299
305
333
432
554
608
605
586
551
527
533
541
549
532
473
449
450
411
330
258
188
117
57
47
60
67
38
-18
-75
-100
-106
-96
-111
-102
-75
-85
-79
-77
-113
-175
-246
-303
-325
-360
-414
-459
-496
-554
-605
-677
-737
-788
-848
-879
-910
-935
-968
-1002
-1022
-1040
-1076
-1061
-1005
-925
-864
-829
-821
-790
-689
-565
-421
-295
-232
-219
-161
-43
79
167
205
227
219
236
284
328
308
193
72
20
18
36
55
49
-3
-95
-161
-172
-136
-106
-87
-63
-28
15
88
184
283
341
354
369
406
500
608
663
648
626
617
633
654
688
664
616
567
533
535
498
429
353
275
192
141
127
112
74
-5
-74
-117
-131
-154
-187
-216
-245
-267
-257
-256
-258
-291
-341
-391
-432
-447
-465
-478
-505
-574
-682
-759
-798
-824
-889
-957
-1016
-1053
-1099
-1105
-1109
-1144
-1185
-1200
-1143
-1046
-954
-887
-840
-792
-753
-660
-492
-317
-244
-212
-140
-24
105
206
288
316
312
288
337
392
376
230
87
29
62
113
128
83
-30
-157
-221
-210
-137
-87
-91
-86
-43
32
116
217
296
307
303
327
434
589
666
658
610
564
575
623
642
615
543
466
415
414
410
344
240
122
47
9
-2
-16
-69
-147
-237
-313
-330
-303
-303
-306
-342
-364
-371
-364
-362
-381
-426
-488
-533
-545
-528
-528
-586
-659
-743
-811
-846
-881
-935
-1022
-1118
-1180
-1190
-1190
-1190
-1225
-1259
-1270
-1237
-1157
-1072
-982
-946
-893
-832
-736
-586
-397
-251
-188
-146
-78
40
160
259
319
342
331
363
426
465
392
238
121
74
92
127
114
36
-88
-178
-197
-174
-151
-132
-122
-81
-6
77
167
232
273
303
323
403
516
621
682
671
646
614
620
623
657
632
594
551
519
520
489
416
290
193
123
114
105
83
43
-29
-84
-110
-123
-155
-191
-227
-224
-186
-177
-195
-223
-264
-310
-363
-397
-420
-430
-451
-494
-562
-631
-715
-792
-866
-946
-1019
-1077
-1075
-1074
-1082
-1113
-1179
-1226
-1157
-1009
-866
-831
-858
-847
-741
-593
-385
-191
-103
-131
-103
56
235
347
372
384
371
390
493
604
593
399
157
32
59
160
226
191
28
-163
-270
-259
-177
-118
-109
-111
-76
8
139
254
325
343
323
324
398
549
662
690
658
616
604
615
608
588
548
508
476
455
433
394
313
219
104
40
25
9
-14
-67
-147
-245
-290
-311
-306
-360
-408
-430
-407
-342
-341
-378
-460
-519
-573
-588
-606
-618
-653
-713
-762
-803
-848
-919
-1031
-1125
-1151
-1170
-1208
-1207
-1177
-1135
-1169
-1163
-1076
-985
-978
-991
-930
-835
-747
-631
-436
-297
-240
-244
-137
16
145
217
281
342
388
461
541
560
470
310
163
126
178
237
229
154
43
-40
-94
-105
-84
-67
-80
-81
-6
139
287
378
385
374
376
423
574
730
804
781
740
750
796
813
792
711
605
544
543
555
534
467
348
224
125
85
83
57
2
-73
-126
-150
-176
-197
-219
-264
-312
-314
-265
-213
-211
-231
-275
-324
-378
-419
-428
-485
-533
-611
-641
-691
-737
-842
-937
-1064
-1133
-1162
-1328
-1515
-1397
-916
-501
-348
-489
-583
-676
-603
-413
-26
305
368
407
565
763
668
376
333
571
842
895
777
689
518
326
33
-208
-372
-410
-299
-254
-317
-379
-268
20
148
131
203
448
743
967
1226
1442
1474
1371
1291
1288
1242
1095
1084
1188
1203
1013
755
662
560
290
38
33
202
287
259
263
264
140
-88
-192
-41
137
275
393
536
581
465
351
260
130
-23
-93
-58
-15
-67
-118
-208
-387
-657
-887
-1058
-1142
-1122
-1031
-953
-1051
-1320
-1539
-1580
-1518
-1400
-1185
-838
-477
-119
350
790
810
360
-1
-6
44
-93
-92
137
158
-166
-383
-270
-267
-637
-928
-689
-319
-250
-246
102
533
406
-123
-460
-438
-312
-150
148
365
377
333
452
673
710
534
459
608
882
994
860
608
473
484
505
495
535
703
910
1017
992
872
675
578
591
695
736
745
781
793
728
510
237
-93
-384
-463
-325
-131
-5
75
99
11
-165
-286
-359
-379
-322
-178
-104
-149
-301
-424
-574
-737
-891
-944
-969
-1034
-1048
-1117
-1287
-1601
-1740
-1710
-1601
-1438
-1172
-825
-460
33
700
1065
858
309
-51
-166
-286
-343
-269
-224
-425
-621
-520
-420
-666
-988
-964
-546
-224
-56
194
600
827
488
-154
-624
-665
-456
-186
96
263
284
278
414
630
669
525
461
649
912
911
694
537
519
525
499
512
634
832
1054
1172
1113
932
773
754
808
850
766
704
683
708
686
523
227
-107
-301
-338
-231
-92
121
313
432
440
315
74
-181
-284
-209
-77
-8
-79
-233
-436
-623
-862
-1097
-1252
-1310
-1313
-1271
-1278
-1396
-1625
-1772
-1685
-1404
-910
-524
-72
335
952
1240
976
414
-100
-317
-508
-581
-516
-527
-639
-736
-533
-299
-459
-728
-784
-395
21
138
218
505
845
672
-14
-604
-921
-837
-669
-309
-12
114
227
428
799
990
914
766
816
1048
1119
927
723
679
725
650
574
604
778
1008
1112
1079
894
709
566
540
618
593
513
461
579
697
616
341
10
-202
-228
-142
125
407
655
733
626
452
116
-253
-536
-622
-501
-515
-580
-741
-858
-972
-1193
-1298
-1418
-1323
-1323
-1333
-1466
-1580
-1641
-1617
-1448
-1176
-845
-402
124
831
1279
1142
501
-142
-437
-729
-889
-989
-864
-910
-1042
-1011
-830
-672
-810
-884
-680
-350
-102
120
565
849
554
-221
-887
-1181
-1190
-1091
-860
-596
-362
-118
196
548
714
637
519
568
716
679
492
363
292
282
222
279
397
584
810
956
1042
969
845
762
678
631
487
396
347
314
265
144
13
-147
-306
-277
-104
153
348
503
579
488
265
-25
-318
-547
-658
-632
-617
-731
-954
-1117
-1120
-1149
-1190
-1352
-1359
-1423
-1541
-1754
-1921
-1848
-1638
-1279
-912
-402
258
945
1363
1190
571
-156
-722
-1018
-1078
-956
-910
-1024
-1166
-1103
-865
-785
-863
-916
-741
-471
-270
78
613
960
649
-188
-913
-1336
-1347
-1195
-989
-806
-672
-440
-114
389
741
780
614
479
456
410
293
196
195
232
196
246
493
937
1230
1204
979
796
754
738
717
754
716
600
385
334
308
230
67
-94
-115
-114
54
262
587
711
682
423
158
-181
-398
-524
-468
-422
-405
-385
-525
-733
-1082
-1348
-1502
-1470
-1411
-1380
-1434
-1551
-1684
-1746
-1779
-1688
-1259
-374
698
1552
1768
1294
289
-742
-1468
-1776
-1731
-1600
-1491
-1434
-1236
-914
-687
-724
-910
-1027
-995
-828
-466
95
734
943
508
-357
-1074
-1494
-1637
-1527
-1300
-1022
-771
-409
124
555
604
305
86
19
34
28
-36
11
-15
-97
-235
-61
422
923
1268
1362
1297
1138
959
849
736
595
302
115
83
266
366
297
104
-92
-113
-53
174
381
628
828
815
623
333
115
-92
-320
-430
-394
-185
-85
-201
-549
-1030
-1437
-1685
-1730
-1620
-1372
-1114
-1100
-1302
-1600
-1630
-1405
-964
-273
712
1629
1758
1098
162
-574
-1231
-1825
-2108
-2016
-1807
-1741
-1514
-937
-445
-459
-805
-901
-744
-554
-434
-84
526
832
480
-286
-930
-1398
-1696
-1746
-1487
-1024
-610
-299
151
628
735
367
-31
-181
-207
-289
-368
-286
-74
54
51
229
598
917
1022
1025
1013
1025
993
843
697
575
376
123
-71
0
29
65
-76
-13
179
392
574
710
879
866
728
474
262
30
-159
-302
-266
-254
-131
-120
-150
-475
-940
-1383
-1661
-1537
-1217
-872
-926
-1235
-1364
-1223
-857
-389
285
1166
1728
1658
964
222
-409
-1079
-1588
-1829
-1763
-1793
-1798
-1351
-659
-288
-547
-747
-541
-217
-52
4
285
598
574
256
-150
-484
-935
-1307
-1440
-1279
-1010
-705
-215
405
824
829
543
305
127
-74
-277
-398
-363
-283
-27
344
810
1147
1377
1486
1444
1326
1121
950
815
704
603
583
643
643
513
253
-56
-241
-274
-90
304
818
1263
1521
1573
1372
975
453
51
-207
-217
-155
78
277
368
128
-421
-890
-1303
-1419
-1433
-1180
-895
-739
-733
-781
-637
-344
116
806
1515
2029
1860
1161
330
-339
-714
-1152
-1449
-1853
-2053
-1857
-1211
-469
-230
-340
-549
-551
-470
-335
-56
240
390
283
64
-123
-381
-696
-1119
-1372
-1422
-1256
-799
-174
449
706
669
424
186
-67
-398
-684
-812
-762
-588
-272
213
714
1107
1235
1172
1063
1008
931
773
573
336
252
303
462
551
505
296
12
-229
-399
-416
-166
263
769
990
1031
882
652
359
-45
-284
-439
-309
-62
176
309
16
-457
-972
-1312
-1421
-1586
-1492
-1385
-1091
-835
-544
-104
268
836
1421
1939
1922
1212
351
-318
-637
-886
-1209
-1455
-1836
-1987
-1766
-1103
-520
-414
-499
-568
-465
-419
-355
-109
275
507
260
-280
-764
-1163
-1326
-1341
-1189
-1060
-980
-687
-116
614
927
708
279
-66
-237
-379
-506
-613
-580
-398
-153
311
758
987
902
733
587
578
620
537
413
337
296
276
284
346
371
312
107
-110
-168
-52
260
646
970
1030
857
536
180
-62
-254
-276
-219
-3
196
385
340
-110
-716
-1284
-1582
-1672
-1543
-1351
-1122
-794
-364
175
934
1858
2582
2502
1642
599
6
-264
-442
-589
-886
-1373
-1803
-1669
-1032
-557
-631
-892
-737
-329
-127
-118
-106
150
374
485
287
-67
-558
-968
-1111
-1121
-1103
-1112
-884
-369
282
719
744
493
157
-116
-319
-498
-663
-791
-689
-311
341
992
1321
1180
834
468
231
111
39
23
157
321
458
553
574
557
373
151
-79
-58
65
315
702
1140
1387
1144
695
157
-162
-394
-457
-280
13
363
557
591
322
-260
-841
-1326
-1398
-1277
-1082
-869
-639
-202
260
845
1572
2189
2344
1682
761
172
67
98
-42
-188
-528
-928
-1173
-931
-478
-438
-660
-673
-272
126
265
302
333
312
131
-131
-278
-276
-172
-170
-299
-487
-622
-502
-208
176
389
344
188
111
67
-150
-531
-863
-1027
-909
-515
146
861
1375
1514
1277
847
352
-13
-183
-233
-223
-134
83
346
445
446
283
101
-111
-194
-30
199
494
765
1013
1065
790
244
-372
-776
-916
-799
-516
-100
198
393
325
111
-405
-907
-1260
-1371
-1263
-1134
-729
-197
555
1307
2056
2458
2062
968
-138
-621
-466
-144
140
129
-114
-461
-521
-213
-124
-411
-792
-671
-213
204
396
417
530
522
289
-107
-498
-695
-625
-174
217
269
64
-76
151
464
595
310
-18
-191
-165
-51
-81
-334
-754
-993
-806
-77
830
1459
1638
1460
1088
677
231
-115
-348
-411
-415
-334
-86
112
229
151
21
-80
-77
62
274
602
897
1143
1123
802
292
-175
-486
-670
-730
-667
-565
-380
-170
2
-35
-324
-713
-985
-867
-562
-131
149
487
970
1811
2548
2592
1656
325
-610
-843
-512
-24
275
154
-155
-115
389
738
529
-62
-384
-369
-92
305
705
875
670
325
22
-182
-307
-307
-130
4
27
88
336
715
947
939
679
391
169
-51
-177
-237
-239
-285
-284
-135
315
985
1549
1688
1422
958
611
418
318
151
-50
-149
-232
-145
-68
-57
-209
-349
-432
-283
68
523
876
1062
986
760
428
101
-157
-355
-322
-257
-108
-109
-241
-466
-835
-1130
-1327
-1092
-675
-293
-1
227
587
841
1147
1604
2056
2058
1263
254
-327
-331
17
188
173
-186
-488
-411
57
543
566
414
350
501
622
626
628
424
74
-263
-327
-145
45
204
285
342
214
78
137
411
736
925
932
837
670
430
129
-159
-315
-359
-232
69
633
1267
1789
1946
1735
1281
825
517
343
309
318
424
469
341
116
-170
-394
-595
-631
-468
-34
545
993
1212
1095
802
414
51
-243
-439
-433
-256
-82
-47
-306
-645
-981
-1182
-1163
-996
-784
-610
-215
448
1222
1887
2251
2361
2028
1266
305
-364
-564
-411
-33
353
353
-150
-644
-556
-11
390
431
417
658
927
1117
1101
887
365
-271
-631
-538
-17
481
799
846
712
530
374
375
476
657
832
995
1148
1106
798
339
-98
-350
-307
38
551
1110
1626
1975
2007
1636
1111
760
635
579
519
542
620
615
396
103
-161
-317
-405
-330
-4
413
778
925
861
705
556
513
479
352
130
-129
-227
-305
-442
-776
-1197
-1365
-1253
-891
-694
-613
-386
111
1013
1919
2768
3218
2950
1925
573
-228
-451
-304
-150
-110
-137
-369
-478
-340
-1
279
360
560
817
1146
1372
1410
1198
622
94
-199
-125
57
277
573
740
744
684
822
1086
1217
1155
923
827
908
955
818
441
102
5
279
756
1252
1665
1883
1849
1633
1399
1302
1333
1294
1130
879
754
615
464
150
-102
-217
-153
-5
233
457
606
673
637
618
564
610
614
730
696
645
404
120
-298
-662
-938
-1164
-1308
-1402
-1289
-1072
-637
-141
504
1164
1893
2515
2740
2384
1550
748
352
280
310
201
-189
-807
-1280
-1198
-723
-223
92
320
640
875
1050
1016
904
671
370
182
109
289
432
503
359
169
191
467
945
1334
1549
1516
1356
1138
831
430
80
-45
133
430
791
1180
1556
1867
1924
1812
1455
1230
1231
1493
1782
1753
1456
956
522
44
-319
-505
-387
-88
256
525
674
749
658
475
299
308
505
744
969
954
856
531
124
-328
-780
-1031
-1169
-1114
-1168
-1197
-1024
-535
200
830
1451
2129
2518
2412
1718
1170
874
777
763
638
437
-215
-875
-1198
-1010
-561
-250
139
371
584
702
699
640
389
241
193
336
547
654
656
422
115
-63
116
709
1289
1612
1521
1299
1075
812
447
-73
-407
-347
152
697
1098
1346
1470
1493
1425
1355
1426
1715
2068
2235
2071
1710
1192
689
230
-93
-210
-191
-12
108
248
263
263
263
363
513
715
875
972
982
902
761
511
296
-5
-149
-438
-743
-1119
-1320
-1211
-919
-387
84
526
1069
1760
2303
2224
1711
1227
1037
1147
1279
1233
733
-209
-1024
-1335
-989
-515
-78
243
489
703
561
332
58
-17
18
35
147
417
795
896
523
-22
-281
6
625
1205
1464
1333
1084
798
586
347
21
-240
-327
-159
105
355
541
628
789
909
1198
1555
2045
2333
2203
1753
1153
818
701
742
680
491
208
-92
-312
-392
-362
-253
-146
-18
128
283
476
578
636
623
673
652
544
289
-6
-356
-785
-1125
-1301
-1058
-711
-158
129
306
579
1011
1386
1222
986
1026
1405
1724
1662
1351
619
-368
-1099
-1180
-638
-229
-57
-2
138
292
166
128
160
354
385
218
93
-21
62
-26
-147
-170
141
757
1330
1649
1439
821
232
45
308
563
565
435
339
317
191
1
-130
-70
210
475
838
1280
1757
2013
1872
1548
1126
920
740
644
463
204
-75
-236
-154
-30
63
-51
-210
-408
-479
-435
-124
94
323
413
567
556
308
18
-284
-377
-574
-542
-552
-441
-438
-456
-438
-274
391
1016
1288
959
721
802
988
1125
1049
750
74
-541
-702
-368
-78
-82
-196
-208
-202
-355
-462
-274
184
486
494
270
118
-36
-219
-441
-591
-506
-199
374
922
1275
1119
695
350
352
575
592
459
145
-47
-216
-244
-171
25
246
381
394
334
447
665
1039
1160
1208
1000
887
716
476
298
-45
-164
-456
-468
-493
-411
-325
-433
-418
-473
-266
-109
-81
-148
-319
-275
-284
-355
-374
-480
-393
-496
-525
-530
-504
-396
-585
-460
-127
446
748
521
385
416
817
1071
1065
762
66
-493
-785
-559
-232
-193
-281
-352
-142
-204
-457
-612
-453
40
319
450
335
160
-58
-337
-382
-371
-260
-108
195
628
746
574
256
294
640
927
925
667
405
159
-71
-263
-353
-247
-14
189
335
274
324
434
692
892
906
806
512
321
162
104
9
-102
-116
-207
-369
-655
-895
-904
-882
-624
-426
-111
4
-44
-162
-469
-612
-844
-881
-836
-627
-347
-143
21
-25
-119
-107
115
284
135
-145
51
546
1019
1127
980
543
-241
-730
-712
-298
-152
-307
-403
-343
-329
-670
-927
-798
-272
254
424
329
81
-50
-71
-40
13
37
74
165
256
323
227
189
196
285
391
405
502
558
685
728
728
660
391
71
-232
-321
-199
-68
81
223
522
791
789
511
190
-102
-260
-322
-198
-28
50
-34
-355
-554
-861
-948
-1151
-1036
-810
-559
-322
-292
-223
-298
-480
-761
-1142
-1101
-937
-560
-260
-139
99
56
244
256
217
-34
-360
-62
470
1094
1125
724
274
-326
-487
-453
-105
-75
-363
-482
-478
-349
-558
-795
-785
-567
-192
-55
31
6
86
292
442
491
326
271
369
545
604
577
654
805
867
736
430
276
236
335
549
879
1226
1235
899
476
243
209
197
220
308
462
581
618
573
410
186
-47
-140
-75
-15
-24
-111
-87
-100
-179
-317
-540
-639
-724
-627
-568
-441
-259
-246
-304
-612
-835
-956
-948
-762
-483
-164
130
310
642
775
681
245
27
387
822
1201
1190
1015
514
-11
-63
125
188
-199
-598
-623
-485
-413
-534
-596
-513
-423
-334
-301
-197
-114
-25
258
597
785
639
489
561
795
904
869
984
1240
1394
1179
768
488
414
476
560
703
842
902
904
856
812
731
661
577
534
562
674
684
642
454
337
189
38
-93
-199
-141
-193
-203
-236
-203
-222
-334
-411
-454
-455
-517
-459
-268
-44
-149
-455
-746
-804
-714
-652
-586
-590
-484
-223
325
847
949
546
182
299
776
1150
1140
957
734
697
719
807
592
76
-364
-455
-248
-272
-404
-492
-343
-183
-206
-334
-411
-316
-127
131
429
648
712
721
749
935
996
914
873
1046
1368
1418
1230
966
870
782
712
705
809
835
702
626
685
820
876
879
886
887
834
754
654
576
410
270
127
98
95
68
-91
-239
-343
-299
-330
-315
-309
-244
-251
-421
-441
-381
-135
-123
-256
-510
-673
-686
-598
-521
-519
-536
-459
-198
193
556
525
269
164
521
993
1109
959
669
522
521
764
929
652
55
-339
-295
-235
-397
-652
-699
-577
-437
-391
-378
-397
-330
-158
136
408
477
393
380
622
924
945
850
940
1234
1353
1143
887
787
812
792
839
927
983
826
618
478
519
592
698
803
915
952
914
787
661
534
397
297
147
106
18
16
-97
-197
-279
-360
-417
-431
-386
-228
-185
-184
-174
-123
-50
-263
-304
-500
-428
-456
-439
-434
-484
-347
-195
135
390
360
90
-62
217
856
1083
1058
783
607
565
635
913
713
239
-222
-224
63
106
-130
-466
-652
-652
-679
-648
-576
-499
-278
-93
239
368
354
370
506
837
925
890
959
1143
1386
1351
1227
1056
871
767
810
1040
1216
1137
933
774
766
853
801
852
854
1045
1101
1010
866
669
640
521
415
314
271
278
225
123
111
-7
-133
-388
-388
-169
-94
-81
-262
-107
26
92
-31
-262
-351
-375
-334
-327
-374
-319
-242
-51
247
429
407
-16
-147
256
922
1306
1132
903
604
551
741
1018
984
405
-114
-154
209
383
113
-298
-461
-481
-491
-600
-590
-449
-350
-202
-105
73
124
227
499
770
893
795
767
970
1271
1402
1233
907
712
682
862
993
997
869
680
703
730
825
811
864
973
1031
999
837
747
691
675
548
377
173
86
102
187
145
-27
-229
-384
-353
-287
-169
-197
-246
-255
-140
5
28
-107
-313
-347
-391
-413
-536
-477
-311
-178
-164
-178
39
242
259
33
-43
282
808
1068
976
780
646
599
659
850
863
515
54
-7
289
451
259
-123
-360
-474
-537
-565
-463
-349
-337
-362
-289
-82
67
209
393
648
724
601
584
876
1248
1313
1072
846
828
900
940
935
934
913
818
721
705
820
949
957
897
803
786
736
675
574
538
423
272
122
55
108
105
7
-207
-354
-352
-296
-264
-224
-192
-105
-135
-139
-142
-100
-52
-216
-352
-519
-524
-533
-540
-490
-457
-428
-441
-366
-73
218
274
61
26
386
791
916
787
607
364
163
259
645
768
418
18
75
398
418
68
-308
-389
-334
-323
-360
-310
-262
-285
-370
-268
-29
146
241
360
584
683
666
699
944
1129
1052
843
786
836
907
946
1032
1049
953
810
835
963
1116
1110
998
964
987
1036
934
789
653
617
544
431
264
245
238
196
67
-56
-141
-210
-204
-157
13
73
55
21
116
261
223
71
-127
-215
-217
-211
-172
-188
-184
-179
-219
-234
-192
25
343
559
573
373
345
621
941
985
713
418
202
211
572
964
855
353
92
309
610
521
243
56
43
67
68
136
158
107
46
81
180
184
150
297
581
824
731
554
590
807
975
905
856
915
958
882
858
1027
1220
1199
1044
936
971
1003
968
959
981
942
723
522
505
602
564
336
132
56
75
62
74
47
-33
-168
-284
-199
-55
87
103
89
33
-20
-26
34
80
-35
-201
-331
-309
-237
-182
-82
-60
-151
-244
-183
92
359
433
252
13
121
535
837
678
277
77
105
288
514
689
529
153
52
320
540
386
178
181
268
256
200
212
234
174
116
125
172
189
191
363
560
585
371
241
478
828
922
744
639
723
858
921
953
1059
1090
1023
943
991
1020
958
862
854
946
870
669
482
463
519
407
229
54
66
175
247
248
89
-37
-145
-114
7
91
125
91
94
174
202
117
-55
-145
-121
-90
-142
-246
-272
-248
-190
-179
-237
-295
-339
-251
-93
71
119
-49
-188
-82
294
522
405
146
20
18
125
395
629
496
163
200
639
876
604
297
319
462
401
217
161
205
232
156
85
26
-14
-25
94
298
389
300
142
287
617
804
736
668
781
873
832
797
925
1089
1074
934
866
910
946
945
852
695
524
452
507
577
578
465
313
229
264
332
286
205
221
268
281
168
85
98
195
278
312
271
194
145
205
287
233
82
-74
-111
-64
-51
-79
-150
-262
-392
-464
-428
-276
-70
73
126
37
-20
120
363
548
526
432
330
335
586
982
1194
972
679
689
936
1024
832
622
583
631
648
630
588
458
315
240
241
205
180
262
470
594
522
417
471
653
771
735
673
713
829
968
1055
1111
1075
971
930
986
1004
914
831
837
868
856
818
790
733
619
541
540
568
556
504
460
436
399
357
295
245
277
348
406
383
316
289
318
367
365
265
143
72
47
29
-82
-232
-403
-538
-602
-551
-496
-561
-665
-682
-565
-414
-276
-238
-269
-270
-201
-44
113
249
354
402
340
338
493
686
699
509
427
559
739
696
543
494
551
584
494
421
416
434
377
319
319
326
307
290
337
363
312
268
341
462
546
535
501
481
498
525
587
613
593
587
670
820
863
791
701
668
699
748
806
870
859
757
633
596
637
667
650
581
487
446
430
464
459
430
401
400
352
225
120
87
69
-6
-96
-123
-147
-243
-427
-516
-469
-478
-574
-675
-618
-473
-403
-453
-521
-434
-255
-131
-122
-114
-13
132
237
257
309
390
456
453
473
548
664
755
805
870
877
887
914
942
930
886
793
704
645
637
612
513
390
309
353
418
412
319
233
269
372
447
469
463
457
461
543
658
712
709
701
743
788
857
917
925
892
839
866
952
1043
1044
1018
986
932
873
869
976
1082
1041
881
738
698
729
690
601
480
390
308
259
239
174
82
-8
-67
-111
-171
-184
-180
-211
-285
-328
-332
-325
-307
-281
-226
-202
-225
-280
-265
-214
-121
-73
-57
-44
-9
29
69
174
301
371
328
340
518
741
873
885
834
756
716
788
885
908
805
720
692
725
732
680
570
454
388
369
407
444
425
388
391
425
456
515
585
626
626
607
625
713
816
838
786
750
804
889
937
980
999
1007
1045
1122
1210
1211
1158
1114
1101
1093
1071
1028
966
821
646
528
501
491
422
326
266
266
273
303
311
246
162
130
117
106
113
203
243
197
114
67
47
-4
-97
-170
-207
-228
-236
-242
-243
-299
-332
-317
-257
-179
-93
-54
-48
-21
21
125
196
205
178
214
367
480
516
481
483
511
553
617
681
680
590
544
575
634
633
564
494
485
498
497
471
480
495
459
427
434
480
520
505
460
407
413
459
525
616
683
679
672
746
860
922
888
850
863
922
944
914
857
786
712
609
540
495
443
440
444
471
429
371
360
334
291
268
311
343
308
244
236
253
230
140
54
1
-15
-30
-49
-117
-203
-261
-301
-355
-414
-432
-463
-522
-588
-610
-613
-633
-666
-676
-641
-568
-528
-543
-530
-463
-358
-289
-233
-137
-56
-26
29
148
284
346
385
447
526
586
638
673
678
662
639
626
628
650
633
554
426
352
345
342
328
296
248
236
291
365
426
467
484
498
540
609
684
734
714
681
653
663
687
678
664
681
707
699
673
702
757
781
748
751
796
819
808
774
777
731
649
600
588
581
513
427
371
318
298
263
242
211
147
87
30
-5
-55
-101
-168
-243
-312
-400
-472
-552
-609
-621
-667
-750
-814
-789
-764
-803
-833
-847
-818
-770
-713
-630
-514
-394
-289
-170
-60
42
128
206
312
450
576
670
711
719
738
771
764
736
715
672
611
568
577
581
513
401
310
287
332
364
387
388
370
352
333
334
337
346
371
436
483
509
491
513
574
625
669
677
723
785
873
969
1033
1045
1037
1042
1049
1056
1002
920
815
768
788
812
771
648
546
500
473
393
294
226
201
172
139
93
37
-51
-149
-207
-261
-324
-398
-450
-467
-497
-554
-627
-690
-723
-752
-818
-883
-892
-830
-776
-769
-820
-870
-818
-725
-650
-612
-614
-578
-519
-448
-341
-219
-115
-61
-20
40
128
194
263
346
399
438
473
549
602
593
577
556
527
495
462
443
449
416
362
304
298
342
364
348
362
386
425
467
507
578
645
707
760
817
907
974
1023
1018
1002
989
991
1001
1000
998
970
981
976
929
878
873
850
779
693
623
610
608
567
510
465
381
262
182
130
111
31
-56
-113
-163
-208
-289
-362
-412
-457
-533
-569
-541
-537
-564
-604
-607
-616
-640
-659
-694
-700
-709
-729
-751
-773
-784
-793
-795
-824
-850
-849
-805
-770
-734
-675
-611
-546
-512
-481
-437
-352
-261
-212
-187
-143
-59
31
118
175
197
238
289
366
453
507
517
520
548
597
613
601
605
623
636
615
611
628
663
674
662
649
642
642
639
647
669
686
671
645
646
665
662
635
583
557
550
560
571
566
543
501
447
420
395
363
339
304
290
254
199
125
56
8
-40
-47
-72
-82
-98
-132
-153
-166
-198
-241
-271
-302
-327
-335
-348
-389
-444
-482
-528
-572
-583
-589
-589
-590
-616
-651
-675
-670
-682
-717
-762
-779
-804
-821
-854
-876
-879
-873
-854
-802
-726
-657
-613
-564
-491
-400
-283
-192
-124
-40
63
136
194
289
437
541
619
667
709
754
800
839
863
851
810
787
778
767
736
696
637
582
526
469
421
407
394
359
320
287
256
244
255
260
225
192
197
208
218
202
158
124
119
140
151
167
172
162
172
172
171
138
73
5
-40
-33
-18
-36
-102
-190
-239
-245
-258
-289
-330
-387
-439
-439
-436
-451
-480
-509
-557
-599
-650
-688
-702
-683
-667
-721
-789
-810
-796
-763
-773
-802
-834
-858
-870
-893
-884
-881
-894
-936
-956
-935
-904
-870
-815
-766
-712
-620
-499
-409
-362
-315
-227
-117
-42
30
105
190
266
316
365
415
458
503
548
610
627
624
597
579
555
524
506
484
471
427
390
354
309
258
186
122
100
115
144
154
153
124
107
93
97
122
131
97
101
126
156
181
170
180
194
212
219
207
197
183
154
132
119
113
75
21
-11
-44
-73
-130
-199
-255
-285
-304
-337
-363
-391
-412
-418
-436
-453
-480
-510
-540
-575
-581
-580
-575
-579
-573
-558
-549
-551
-537
-516
-497
-484
-452
-415
-400
-401
-383
-336
-321
-343
-383
-381
-342
-290
-255
-215
-216
-201
-177
-151
-125
-110
-86
-72
-26
21
68
96
101
112
139
201
259
311
346
386
436
468
491
515
533
571
600
590
588
564
570
570
547
517
472
451
405
369
341
306
272
239
203
185
174
163
131
82
59
53
46
33
16
-7
-23
-41
-48
-52
-68
-79
-76
-68
-74
-95
-142
-177
-199
-223
-232
-217
-228
-249
-270
-293
-291
-285
-283
-289
-297
-284
-257
-235
-204
-210
-237
-268
-281
-289
-259
-229
-217
-212
-227
-234
-219
-174
-156
-186
-215
-202
-182
-211
-238
-270
-277
-279
-286
-308
-315
-319
-343
-362
-376
-373
-385
-389
-363
-351
-345
-312
-289
-259
-230
-215
-173
-121
-38
37
97
147
200
282
339
373
386
420
431
466
500
503
506
505
523
545
556
490
385
309
286
279
269
240
184
131
68
14
-20
-34
-56
-80
-111
-131
-124
-114
-111
-116
-127
-155
-156
-136
-96
-74
-37
-14
-4
-13
-20
12
39
50
28
-7
-18
-21
5
42
49
42
13
7
6
26
44
18
-21
-39
-54
-78
-108
-107
-82
-83
-93
-105
-127
-126
-138
-134
-128
-122
-132
-136
-108
-111
-124
-141
-156
-166
-154
-142
-140
-142
-166
-165
-146
-116
-113
-142
-169
-194
-182
-185
-210
-237
-237
-225
-226
-218
-219
-202
-165
-119
-67
-29
-13
10
29
59
87
110
134
157
198
249
295
312
324
331
337
337
322
311
309
315
351
351
311
277
256
257
249
216
175
141
116
112
98
93
98
82
78
65
47
46
41
53
63
106
152
166
175
185
200
208
217
227
222
221
230
238
230
211
204
195
184
190
200
217
214
204
194
176
169
178
204
205
215
219
234
237
202
162
141
143
158
169
153
136
99
66
44
32
26
10
1
-4
-17
-60
-103
-129
-157
-184
-211
-254
-282
-317
-336
-345
-369
-397
-432
-457
-464
-440
-411
-377
-369
-383
-377
-344
-286
-230
-180
-141
-95
-39
13
49
78
133
197
249
273
304
369
447
474
450
435
433
453
464
464
444
401
344
307
316
323
281
228
200
197
181
146
136
98
98
108
141
161
163
170
181
215
243
258
264
303
328
348
348
348
367
379
389
394
404
414
414
416
420
410
380
358
351
365
366
371
354
332
319
305
305
281
269
260
258
237
208
154
114
86
73
73
45
27
-1
-33
-53
-60
-77
-115
-161
-202
-211
-202
-213
-246
-298
-352
-388
-419
-400
-380
-404
-422
-414
-392
-377
-384
-389
-354
-314
-264
-226
-197
-174
-144
-100
-44
-17
-7
12
44
96
127
138
145
189
239
303
341
341
345
370
436
500
540
544
521
475
446
449
450
459
453
454
426
395
377
372
384
383
369
345
329
339
362
382
388
359
342
332
325
340
351
379
405
417
402
385
383
394
410
414
431
440
433
401
375
367
362
343
321
283
263
265
269
272
261
228
167
133
124
118
130
131
133
123
104
85
57
44
26
13
7
-9
-34
-53
-71
-107
-129
-149
-197
-243
-264
-282
-309
-345
-372
-397
-428
-446
-466
-460
-439
-418
-395
-386
-377
-356
-323
-263
-192
-167
-148
-116
-79
-14
37
59
73
95
128
199
255
261
255
268
301
352
403
443
469
495
526
545
587
588
573
548
521
511
529
559
562
539
513
483
463
443
411
386
366
374
367
370
381
380
361
354
343
330
328
323
327
323
308
279
282
281
286
283
286
278
264
256
261
277
277
276
254
246
251
239
197
168
148
114
81
60
36
16
-5
-42
-65
-103
-142
-165
-180
-195
-203
-225
-220
-200
-188
-190
-201
-209
-216
-215
-204
-178
-164
-129
-118
-129
-143
-147
-116
-90
-64
-51
-42
-28
-13
17
32
44
56
59
73
106
123
118
110
135
174
217
255
266
267
286
327
360
414
467
507
550
590
644
675
690
713
743
769
792
820
860
880
895
899
900
903
906
908
894
883
862
849
829
793
755
734
709
690
671
662
642
595
554
517
497
467
446
442
419
395
378
353
328
297
269
244
238
233
224
213
212
217
215
209
213
228
233
248
244
234
242
242
244
251
264
266
263
257
255
254
253
266
255
251
262
256
250
243
230
195
185
178
170
166
152
138
117
120
127
145
152
154
150
159
181
191
203
218
235
250
279
287
301
320
325
329
332
346
344
356
386
408
413
409
403
417
417
424
443
451
446
438
436
446
459
463
471
475
475
469
469
493
517
503
499
501
480
469
468
449
441
427
417
390
359
357
327
314
312
303
269
240
217
217
225
226
225
216
199
179
172
176
179
176
152
141
131
119
120
137
151
142
142
128
124
142
165
198
200
205
208
225
235
246
242
221
213
220
243
266
274
250
236
243
248
245
242
225
213
206
202
198
197
192
158
131
125
141
146
153
166
174
190
216
228
222
208
184
179
190
204
202
209
208
209
201
183
169
153
158
172
185
169
177
175
161
162
152
147
129
112
107
113
138
151
157
169
167
158
166
197
220
222
216
232
242
267
311
344
365
377
391
399
429
440
453
452
454
463
463
462
466
468
444
433
420
413
395
373
361
334
320
311
296
291
290
286
268
247
247
236
250
262
272
275
266
275
285
305
313
314
302
305
335
356
372
365
366
361
367
383
381
392
393
392
405
417
395
354
325
328
330
334
324
315
322
314
292
269
252
227
212
216
214
199
172
158
151
155
161
166
170
174
187
177
180
178
182
177
176
172
147
121
102
92
81
78
74
72
68
69
53
32
39
54
66
68
61
66
93
129
137
155
158
146
174
214
237
266
285
297
303
331
374
400
415
434
455
460
474
488
493
492
500
507
514
536
564
568
576
551
520
500
495
512
511
507
493
479
468
455
461
448
432
420
393
392
400
386
370
358
334
314
317
306
315
305
287
266
246
251
242
230
210
196
186
184
194
178
161
132
108
107
105
109
102
98
101
88
64
50
33
2
-28
-30
-41
-49
-33
-17
-24
-51
-92
-134
-150
-136
-106
-101
-89
-93
-115
-122
-120
-110
-114
-114
-106
-98
-98
-103
-109
-110
-97
-102
-112
-101
-84
-58
-55
-56
-56
-42
-19
-5
26
55
78
95
104
121
138
148
196
251
288
317
343
344
345
354
360
376
390
397
398
402
393
382
379
391
378
337
331
342
356
364
385
377
352
345
346
336
339
340
322
309
306
329
328
323
318
305
286
269
259
240
233
223
198
168
151
133
109
102
85
68
65
64
65
39
14
6
9
25
37
36
40
14
-18
-27
-31
-23
-25
-9
10
8
-1
0
5
4
0
0
17
40
46
50
58
53
40
36
41
48
54
84
111
134
143
152
149
151
162
142
133
136
167
210
238
231
226
218
246
280
301
328
333
350
347
343
356
368
383
383
381
380
401
413
414
411
404
388
401
434
460
488
502
502
499
519
527
529
531
538
534
526
543
558
547
521
495
472
468
475
491
504
484
462
433
416
408
378
354
337
315
296
274
249
231
178
136
107
112
115
102
64
30
2
-15
-14
-32
-29
-50
-66
-76
-69
-57
-59
-42
-26
-9
-1
0
22
63
98
103
104
133
158
178
195
198
180
177
202
222
232
222
219
225
228
234
214
189
183
171
178
180
169
139
105
94
92
96
106
96
84
99
102
113
99
96
98
92
98
85
85
91
95
91
67
64
56
62
71
105
129
113
124
125
140
144
150
155
152
164
165
173
171
150
132
127
128
122
132
134
120
117
122
123
117
106
85
69
74
70
80
76
66
53
22
22
24
4
3
9
6
18
28
31
19
15
21
24
55
77
79
68
51
29
24
27
13
10
14
5
5
6
18
24
21
2
-20
-27
-20
11
41
48
30
-3
-13
7
34
74
93
97
109
108
125
131
137
126
111
109
114
108
88
59
32
5
-17
-29
-47
-57
-59
-68
-81
-80
-94
-99
-91
-80
-56
-53
-43
-54
-60
-64
-90
-85
-89
-89
-94
-99
-116
-119
-104
-94
-80
-92
-108
-116
-85
-50
-19
-19
-27
-18
-11
1
-2
-5
7
19
30
49
44
55
73
68
82
107
112
116
120
127
123
122
110
111
115
118
113
101
99
106
112
120
116
116
126
142
158
164
177
158
144
136
131
121
129
127
126
121
109
104
84
79
60
54
62
84
93
84
74
65
56
32
16
17
7
-9
0
4
-2
10
10
11
10
8
4
-19
-34
-48
-31
-21
-16
-23
-52
-66
-75
-70
-71
-68
-85
-94
-90
-79
-79
-95
-104
-117
-131
-147
-165
-176
-183
-175
-187
-205
-205
-197
-196
-203
-199
-183
-183
-195
-200
-221
-215
-202
-190
-178
-176
-173
-175
-187
-205
-201
-185
-168
-138
-120
-107
-108
-107
-95
-81
-69
-44
-25
-6
10
13
16
11
24
29
32
46
58
60
67
46
38
33
33
52
53
58
48
37
15
6
-5
-10
-7
8
4
11
19
28
36
28
28
38
68
69
63
37
29
26
35
42
26
21
18
14
4
2
-5
-28
-36
-35
-38
-39
-46
-54
-78
-95
-91
-93
-99
-104
-116
-116
-107
-92
-95
-101
-125
-132
-128
-120
-129
-150
-152
-155
-153
-150
-148
-152
-151
-161
-159
-156
-154
-140
-131
-124
-127
-133
-127
-112
-94
-89
-80
-79
-83
-73
-57
-35
-31
-8
14
41
75
90
105
109
124
127
135
162
187
189
184
201
205
216
236
253
255
272
308
323
331
334
336
350
350
363
389
389
409
407
414
403
399
388
393
393
377
366
353
343
348
341
331
328
294
290
278
281
281
263
246
226
215
217
216
219
232
232
229
223
215
212
208
209
211
210
196
173
145
125
111
96
89
94
76
48
35
39
49
37
16
5
4
0
15
38
43
26
-8
-14
-19
-18
-8
-9
-10
-17
-25
-14
7
34
54
56
45
45
59
64
83
100
115
122
142
179
195
200
194
189
212
218
225
255
249
256
246
235
238
238
236
216
212
209
220
222
222
220
204
208
209
232
250
255
263
284
291
304
316
326
348
340
347
342
354
359
357
347
346
348
336
323
306
291
274
266
257
261
251
239
226
228
226
213
202
184
172
150
152
179
207
198
184
161
156
159
147
128
122
126
129
139
155
154
129
108
113
129
137
122
105
94
73
72
67
60
54
55
68
63
58
68
79
92
97
89
81
85
116
144
162
171
161
167
158
161
163
173
208
229
247
258
256
243
246
246
263
277
293
316
326
325
322
313
317
315
323
338
362
398
416
414
415
405
405
422
439
466
475
457
436
413
403
400
386
391
389
400
399
376
359
347
321
315
311
298
292
277
268
260
264
264
270
274
280
289
279
266
259
270
280
298
294
286
265
230
202
189
180
167
173
186
189
183
165
133
125
105
93
88
97
109
93
77
74
73
74
75
65
67
77
94
108
110
89
70
71
86
105
111
126
138
136
140
140
143
162
174
174
180
185
193
200
206
211
205
212
221
229
218
210
215
231
258
256
235
214
199
191
177
152
149
146
134
142
150
153
140
127
136
171
177
176
186
189
187
179
204
218
219
235
248
267
277
264
264
260
256
256
239
229
239
247
265
263
232
181
152
163
201
228
225
200
157
135
143
168
180
186
157
132
130
158
181
188
189
170
155
159
169
172
172
168
154
145
141
119
112
99
110
122
115
103
85
79
97
116
124
154
164
157
145
143
143
136
149
146
134
124
123
127
134
146
141
110
99
99
111
132
143
157
150
156
162
157
156
166
171
176
198
213
225
226
224
225
226
236
241
234
242
239
223
220
205
206
207
214
208
201
211
230
242
257
273
262
269
285
287
294
281
273
277
281
298
298
299
290
284
307
328
311
300
297
303
301
310
335
339
349
347
337
321
313
308
287
280
282
308
338
352
356
339
335
329
312
312
306
317
346
349
348
357
348
348
348
344
338
325
321
321
328
320
317
319
321
314
315
312
306
282
261
257
248
237
235
234
238
238
232
216
205
201
200
206
201
197
195
195
187
185
194
185
174
172
182
176
186
187
183
179
169
167
167
171
188
203
203
213
211
203
199
196
203
220
221
219
215
213
212
206
205
187
195
203
212
197
187
169
175
195
209
212
202
203
187
193
203
221
221
212
217
234
250
254
251
250
257
265
275
272
263
253
251
258
255
253
255
276
286
279
269
256
256
272
280
283
275
269
261
264
275
277
272
258
257
252
234
233
228
216
206
200
187
180
170
179
183
182
190
193
205
216
216
213
211
212
229
234
239
243
239
233
228
244
251
267
259
247
249
255
257
259
277
287
293
312
309
321
331
320
329
310
296
285
277
271
275
285
282
301
311
311
294
268
265
277
298
309
310
309
311
306
303
301
287
274
268
269
268
256
243
239
252
253
252
234
206
211
219
228
239
231
196
161
151
165
187
203
207
187
173
168
161
167
182
196
187
162
140
132
134
131
133
137
125
117
103
95
106
109
97
61
35
35
46
81
86
100
107
85
65
55
77
80
103
109
104
93
91
115
112
118
125
124
125
134
147
169
187
186
182
188
197
205
213
214
219
224
237
246
260
265
264
270
271
290
289
285
281
282
282
274
272
262
249
240
227
222
222
221
221
205
233
249
254
263
262
269
266
271
289
285
281
281
281
289
300
311
315
315
306
291
287
313
334
342
349
366
376
376
382
391
380
371
375
400
418
452
442
434
450
440
435
434
437
413
421
423
438
433
427
428
422
436
442
449
446
454
469
472
481
493
506
503
501
496
491
476
455
453
436
437
428
413
406
386
389
384
380
373
362
365
362
357
353
345
337
328
326
337
324
315
327
325
330
340
336
347
348
345
340
320
334
334
341
345
342
338
327
323
317
311
298
302
308
304
300
270
256
243
249
260
246
244
254
250
245
231
228
234
234
253
263
267
258
266
270
271
274
269
276
267
271
267
265
259
238
244
231
226
228
235
248
243
235
218
214
230
248
259
243
227
207
193
200
222
237
230
228
223
234
242
247
240
242
262
278
283
284
273
269
278
285
295
301
306
310
311
321
325
320
324
323
330
328
327
335
343
347
353
322
299
307
331
337
324
327
321
314
322
347
347
355
336
319
316
308
308
299
299
299
300
286
267
247
234
237
248
267
274
261
252
259
249
259
262
252
265
273
288
286
278
271
246
242
249
245
240
231
232
246
256
243
214
179
180
180
219
248
253
239
224
222
214
230
257
256
251
257
266
271
273
291
280
273
288
308
320
329
329
325
322
315
304
299
306
320
336
342
336
327
316
323
352
378
389
391
391
391
383
373
392
401
409
412
394
383
391
402
415
417
422
412
401
392
399
410
429
442
451
469
483
491
493
487
482
484
500
501
498
491
479
492
507
517
485
467
465
455
450
443
421
418
425
427
422
426
417
411
414
420
432
439
459
468
472
456
456
476
477
480
469
453
460
471
474
484
477
464
459
464
489
509
538
571
581
590
594
593
588
582
567
560
575
594
631
629
620
620
607
602
608
613
621
633
639
656
668
675
676
685
703
704
694
693
687
694
696
690
690
667
680
687
678
683
675
656
638
617
601
602
593
586
589
596
615
627
614
604
597
574
580
597
621
635
619
600
584
579
557
557
543
544
537
538
545
531
525
518
503
490
487
484
484
486
492
489
500
482
468
469
459
456
462
443
420
397
378
377
365
366
352
323
315
316
314
298
277
282
281
277
284
274
266
272
274
275
276
272
264
274
260
237
224
228
234
238
239
234
227
223
216
212
219
210
215
215
213
203
188
177
164
168
160
160
151
133
132
149
156
142
134
126
138
135
138
134
129
123
104
99
78
61
62
67
71
70
66
72
85
82
75
75
81
81
87
90
88
77
72
64
43
60
51
30
29
20
26
21
22
16
-3
-25
-44
-47
-48
-39
-43
-46
-63
-65
-67
-56
-51
-58
-54
-40
-7
-10
-20
-36
-30
3
24
28
31
44
45
30
26
22
24
26
34
50
48
34
25
43
61
88
90
81
73
63
76
91
94
82
65
57
54
61
76
91
96
100
95
95
103
123
132
148
146
144
157
145
144
139
143
129
119
105
103
102
101
89
82
73
64
71
87
120
144
153
154
165
150
135
123
122
140
150
146
127
128
138
143
151
136
110
98
113
142
180
193
190
188
174
189
212
219
215
202
202
221
235
249
246
239
233
234
237
233
241
241
242
236
233
222
201
199
201
206
211
218
232
241
257
253
238
241
251
266
278
263
261
243
239
242
229
223
224
222
223
211
191
170
149
165
180
186
203
198
187
188
166
152
137
138
137
129
130
132
150
158
132
128
133
137
130
117
109
115
128
133
151
144
148
160
171
184
176
179
176
167
168
178
181
181
178
172
170
172
175
176
175
173
168
168
182
196
218
217
218
227
220
218
203
205
210
221
230
229
232
230
228
240
250
244
239
267
279
292
285
276
282
289
295
298
321
325
327
321
344
351
336
317
310
319
328
356
368
372
370
352
353
348
348
352
350
360
354
341
334
329
331
344
347
350
359
364
371
376
384
389
380
390
389
397
391
395
404
402
409
413
424
437
437
435
430
430
438
436
439
442
439
425
412
410
422
412
412
409
407
413
418
423
424
416
408
394
388
391
392
391
393
387
383
381
388
394
397
399
410
415
425
426
428
438
441
440
430
419
416
427
429
424
410
410
401
392
398
385
392
403
410
419
424
421
405
401
410
425
437
435
428
422
428
435
445
441
435
443
466
481
483
465
449
460
482
505
505
503
497
497
486
476
450
429
415
397
384
371
362
363
382
382
355
323
293
294
321
341
350
342
324
298
282
293
300
310
330
321
319
325
342
350
362
364
339
339
336
341
353
356
358
340
325
319
311
316
331
342
358
357
344
345
356
367
389
408
418
415
408
402
394
394
396
412
406
388
380
372
369
385
382
374
380
380
385
401
415
438
445
446
436
418
435
443
472
484
486
490
486
497
507
504
485
486
497
497
499
493
481
461
450
441
422
423
418
417
419
417
427
427
432
425
421
427
432
430
431
413
414
429
437
435
431
434
428
440
445
459
449
437
427
441
453
482
488
494
520
526
520
511
499
479
475
469
475
494
498
495
497
495
496
485
474
474
464
457
452
451
458
457
469
472
481
479
480
476
461
464
458
464
456
462
490
499
493
481
460
446
444
461
479
484
480
474
475
492
495
490
482
467
466
460
463
464
466
456
452
447
437
447
436
416
408
396
392
388
394
402
405
408
395
388
387
390
392
398
405
399
392
392
391
399
409
419
416
389
369
354
361
373
390
400
408
402
397
402
393
404
403
405
413
423
417
417
431
436
438
433
437
441
442
430
423
430
426
406
414
419
402
400
401
407
398
396
397
402
395
398
395
385
383
367
362
365
369
373
388
388
388
382
380
375
370
370
358
348
346
347
337
313
295
275
264
256
269
264
267
270
268
280
283
294
281
275
268
272
271
276
277
265
258
250
242
228
210
207
182
180
176
163
161
177
178
158
154
139
120
121
114
102
87
81
84
98
105
101
93
79
80
82
105
114
115
110
113
122
122
127
133
140
138
138
118
103
97
97
99
100
89
67
79
99
121
118
75
37
1
4
14
35
36
31
17
2
28
56
81
91
85
80
78
90
109
126
129
123
107
83
96
110
127
118
110
107
83
79
83
92
92
66
58
56
49
45
49
60
52
45
45
37
35
46
28
26
18
-13
-13
-18
-11
12
13
7
-20
-23
-8
4
9
7
-2
-2
9
11
14
0
-36
-50
-36
-12
15
13
-4
-28
-32
-23
-18
-11
-30
-45
-47
-66
-72
-74
-83
-92
-94
-106
-123
-120
-103
-91
-96
-91
-92
-91
-94
-80
-74
-66
-49
-59
-45
-32
-31
-12
-14
-2
2
-1
-9
-12
-5
5
26
42
57
56
71
56
46
51
57
74
84
84
77
83
87
94
107
118
107
103
99
92
85
81
89
87
90
79
72
68
73
66
53
55
37
51
58
67
80
71
63
51
46
34
24
22
31
22
4
-12
-9
-5
-8
9
-5
-17
-35
-48
-54
-59
-77
-88
-100
-100
-105
-118
-116
-130
-142
-139
-132
-124
-120
-126
-135
-146
-153
-138
-137
-139
-128
-117
-92
-92
-85
-90
-100
-101
-110
-102
-105
-107
-114
-133
-138
-137
-140
-146
-160
-164
-172
-169
-173
-185
-198
-207
-203
-207
-206
-206
-215
-207
-204
-191
-178
-181
-182
-180
-163
-164
-188
-205
-204
-195
-190
-188
-194
-202
-210
-221
-219
-226
-228
-234
-231
-217
-217
-225
-239
-233
-227
-229
-221
-200
-200
-211
-207
-228
-235
-239
-245
-247
-245
-244
-257
-260
-256
-263
-267
-287
-296
-299
-299
-293
-292
-293
-300
-304
-316
-326
-322
-310
-309
-308
-303
-301
-318
-312
-314
-317
-316
-313
-316
-324
-333
-326
-328
-334
-337
-362
-372
-377
-374
-381
-385
-396
-395
-389
-389
-385
-390
-400
-406
-397
-397
-392
-396
-401
-399
-397
-395
-400
-400
-405
-409
-421
-422
-422
-437
-446
-444
-444
-444
-459
-460
-440
-423
-413
-440
-477
-500
-481
-450
-433
-434
-473
-490
-500
-499
-487
-465
-450
-459
-464
-465
-451
-438
-442
-446
-469
-478
-472
-472
-472
-476
-486
-496
-501
-514
-528
-533
-522
-504
-499
-504
-526
-541
-541
-535
-524
-509
-499
-497
-496
-518
-541
-547
-551
-552
-549
-553
-553
-560
-562
-546
-543
-533
-545
-560
-565
-555
-528
-515
-502
-508
-513
-505
-511
-514
-507
-509
-514
-508
-502
-502
-508
-516
-517
-510
-511
-528
-523
-528
-518
-518
-521
-538
-569
-577
-579
-571
-588
-588
-591
-596
-597
-601
-606
-603
-597
-590
-584
-600
-604
-610
-616
-614
-628
-633
-631
-623
-617
-621
-632
-647
-646
-654
-641
-625
-619
-624
-635
-634
-638
-636
-656
-690
-711
-718
-714
-696
-675
-661
-666
-680
-692
-701
-713
-723
-721
-722
-711
-689
-684
-681
-696
-705
-705
-710
-711
-713
-702
-691
-688
-688
-691
-702
-708
-703
-671
-665
-654
-666
-668
-671
-687
-689
-707
-704
-700
-696
-694
-699
-687
-688
-696
-683
-691
-690
-696
-697
-688
-698
-715
-735
-769
-770
-764
-773
-765
-768
-765
-770
-766
-766
-772
-778
-781
-772
-758
-751
-748
-738
-736
-736
-743
-742
-744
-750
-750
-755
-754
-766
-760
-768
-773
-773
-776
-783
-798
-801
-813
-807
-812
-819
-823
-825
-822
-822
-806
-788
-781
-789
-790
-790
-789
-772
-776
-784
-788
-791
-783
-792
-790
-802
-832
-827
-823
-821
-815
-821
-809
-789
-779
-770
-771
-784
-777
-771
-778
-773
-761
-754
-749
-740
-738
-744
-745
-758
-755
-752
-749
-736
-739
-742
-759
-773
-770
-769
-779
-780
-766
-746
-735
-721
-721
-724
-722
-704
-693
-696
-680
-680
-680
-682
-682
-682
-681
-669
-654
-656
-663
-648
-651
-648
-627
-626
-620
-620
-602
-609
-628
-624
-626
-625
-617
-610
-608
-599
-591
-589
-587
-583
-586
-576
-563
-572
-576
-579
-577
-554
-568
-564
-549
-554
-540
-534
-536
-537
-539
-527
-520
-512
-526
-540
-551
-538
-513
-515
-527
-557
-563
-563
-563
-560
-579
-588
-615
-636
-614
-605
-586
-572
-573
-573
-579
-560
-548
-529
-513
-529
-539
-561
-571
-560
-567
-576
-588
-589
-595
-602
-604
-592
-582
-597
-599
-599
-589
-566
-543
-536
-522
-512
-518
-527
-542
-529
-524
-542
-540
-564
-571
-550
-518
-499
-512
-533
-559
-581
-581
-553
-519
-510
-512
-502
-479
-449
-445
-454
-477
-483
-471
-440
-420
-426
-429
-431
-443
-447
-435
-455
-463
-464
-465
-479
-490
-493
-500
-493
-514
-513
-512
-504
-498
-496
-495
-495
-487
-478
-447
-435
-439
-441
-436
-440
-443
-430
-423
-400
-392
-390
-393
-400
-411
-414
-412
-399
-386
-375
-368
-384
-382
-386
-389
-395
-392
-384
-379
-368
-358
-347
-336
-332
-335
-347
-358
-359
-367
-372
-360
-355
-356
-358
-357
-361
-350
-332
-322
-323
-312
-313
-321
-313
-320
-305
-306
-300
-288
-284
-283
-306
-321
-319
-321
-322
-323
-334
-327
-318
-307
-301
-305
-306
-319
-328
-327
-320
-302
-290
-304
-305
-312
-313
-328
-343
-341
-334
-335
-331
-333
-348
-354
-370
-375
-385
-384
-374
-352
-325
-304
-288
-293
-292
-296
-290
-270
-261
-237
-238
-244
-245
-246
-253
-261
-267
-261
-260
-257
-261
-276
-280
-284
-282
-276
-274
-279
-283
-282
-286
-282
-268
-252
-250
-265
-272
-278
-273
-258
-247
-249
-232
-230
-214
-206
-214
-218
-213
-215
-206
-200
-196
-187
-182
-181
-190
-188
-194
-196
-192
-190
-183
-167
-147
-141
-154
-170
-168
-168
-158
-147
-135
-127
-129
-120
-102
-105
-113
-116
-122
-118
-91
-82
-84
-84
-99
-101
-109
-97
-89
-74
-60
-56
-66
-65
-63
-66
-62
-51
-37
-42
-23
-23
-27
-19
-29
-50
-70
-82
-74
-73
-86
-87
-87
-92
-96
-86
-89
-99
-106
-100
-90
-78
-73
-74
-67
-63
-69
-57
-52
-45
-36
-40
-40
-50
-61
-72
-73
-74
-64
-67
-85
-90
-66
-49
-35
-53
-82
-105
-112
-97
-61
-51
-64
-90
-108
-106
-90
-79
-60
-47
-52
-62
-71
-60
-56
-54
-51
-52
-74
-82
-87
-89
-95
-103
-123
-147
-166
-191
-170
-161
-155
-155
-175
-200
-194
-166
-142
-133
-129
-134
-140
-142
-157
-177
-182
-174
-179
-177
-191
-189
-190
-189
-178
-191
-215
-244
-257
-252
-242
-248
-244
-253
-262
-261
-242
-230
-220
-221
-227
-208
-209
-193
-189
-198
-205
-208
-220
-228
-239
-238
-237
-243
-227
-238
-245
-255
-262
-257
-261
-262
-257
-254
-237
-212
-213
-216
-199
-187
-173
-169
-184
-199
-193
-192
-191
-190
-197
-200
-208
-206
-213
-218
-219
-229
-242
-230
-216
-212
-208
-221
-224
-224
-222
-235
-251
-257
-263
-253
-226
-215
-222
-223
-245
-252
-257
-273
-259
-248
-237
-236
-231
-228
-235
-242
-232
-216
-215
-209
-190
-178
-173
-175
-183
-183
-179
-184
-190
-196
-184
-180
-206
-216
-227
-231
-230
-215
-210
-184
-176
-183
-198
-208
-200
-210
-219
-222
-219
-210
-203
-213
-229
-255
-280
-296
-301
-287
-264
-243
-240
-241
-240
-249
-250
-247
-235
-239
-230
-218
-229
-221
-228
-234
-247
-248
-237
-221
-218
-233
-247
-272
-270
-260
-263
-251
-239
-232
-228
-223
-234
-250
-249
-241
-246
-245
-253
-259
-246
-240
-247
-258
-250
-248
-232
-210
-206
-215
-221
-210
-208
-201
-189
-205
-196
-190
-191
-185
-199
-200
-197
-185
-169
-175
-178
-170
-170
-171
-169
-160
-152
-148
-163
-174
-176
-180
-188
-197
-210
-212
-212
-206
-217
-245
-241
-255
-268
-287
-286
-283
-279
-272
-264
-263
-266
-276
-289
-290
-279
-278
-258
-240
-246
-237
-237
-229
-236
-214
-199
-201
-198
-207
-205
-207
-194
-194
-200
-193
-201
-197
-190
-181
-186
-179
-180
-183
-166
-164
-163
-169
-169
-156
-122
-118
-136
-142
-153
-140
-124
-117
-110
-121
-120
-105
-97
-96
-96
-103
-103
-87
-73
-93
-101
-80
-63
-64
-89
-115
-127
-120
-109
-90
-86
-106
-133
-152
-161
-142
-103
-82
-66
-73
-81
-95
-90
-82
-67
-65
-79
-107
-117
-122
-117
-108
-136
-147
-152
-169
-174
-188
-189
-180
-191
-209
-215
-217
-192
-171
-162
-164
-174
-190
-214
-215
-218
-218
-216
-222
-230
-233
-233
-221
-202
-189
-208
-229
-250
-259
-248
-231
-219
-226
-224
-215
-199
-202
-203
-208
-219
-217
-193
-184
-178
-197
-217
-225
-226
-229
-252
-280
-293
-302
-306
-299
-309
-310
-308
-318
-316
-328
-330
-317
-296
-286
-286
-296
-287
-264
-254
-252
-256
-254
-264
-268
-275
-287
-295
-303
-299
-302
-321
-333
-353
-339
-330
-322
-302
-305
-296
-286
-288
-296
-300
-305
-322
-332
-323
-325
-317
-310
-306
-323
-326
-336
-358
-371
-362
-363
-351
-330
-321
-312
-316
-312
-311
-296
-278
-276
-284
-285
-285
-287
-283
-275
-271
-263
-273
-271
-275
-279
-274
-282
-286
-292
-281
-302
-309
-303
-295
-286
-316
-341
-356
-356
-357
-366
-358
-367
-378
-396
-407
-406
-425
-443
-445
-443
-449
-442
-438
-434
-437
-424
-417
-423
-426
-418
-421
-426
-399
-382
-386
-400
-416
-421
-408
-403
-403
-400
-401
-427
-428
-429
-432
-429
-432
-429
-436
-445
-453
-454
-460
-472
-485
-484
-497
-500
-507
-502
-497
-496
-490
-485
-485
-470
-462
-452
-457
-464
-449
-440
-435
-434
-419
-407
-402
-407
-409
-411
-410
-406
-388
-390
-392
-401
-419
-424
-416
-421
-427
-419
-408
-401
-396
-395
-397
-395
-387
-381
-385
-372
-365
-362
-372
-389
-395
-403
-398
-393
-376
-370
-370
-359
-351
-342
-337
-330
-325
-313
-295
-275
-262
-267
-262
-251
-242
-221
-214
-214
-209
-196
-188
-178
-167
-170
-186
-194
-193
-191
-184
-186
-196
-215
-232
-245
-249
-247
-247
-256
-250
-234
-228
-235
-238
-254
-246
-230
-221
-191
-189
-195
-191
-170
-175
-181
-176
-156
-156
-145
-152
-163
-162
-137
-108
-105
-116
-149
-160
-155
-124
-88
-74
-98
-133
-156
-158
-145
-126
-107
-110
-114
-123
-107
-104
-105
-90
-94
-106
-111
-104
-102
-101
-103
-117
-120
-121
-117
-127
-120
-113
-106
-104
-129
-144
-161
-146
-123
-109
-101
-94
-91
-89
-103
-109
-109
-111
-109
-122
-127
-141
-134
-132
-128
-123
-152
-167
-168
-169
-148
-131
-113
-116
-125
-125
-117
-111
-111
-119
-133
-144
-146
-148
-154
-151
-168
-169
-175
-195
-207
-201
-202
-193
-182
-191
-201
-202
-203
-212
-220
-219
-211
-196
-202
-217
-228
-230
-219
-216
-210
-204
-191
-186
-184
-192
-195
-197
-193
-177
-162
-167
-201
-219
-219
-231
-227
-218
-204
-191
-192
-171
-155
-167
-183
-213
-243
-222
-196
-177
-163
-169
-158
-172
-192
-211
-219
-229
-235
-229
-227
-228
-224
-218
-235
-241
-239
-239
-227
-222
-230
-226
-217
-221
-236
-234
-229
-215
-199
-201
-205
-212
-233
-244
-243
-246
-253
-273
-267
-250
-233
-239
-243
-242
-261
-269
-260
-260
-254
-249
-249
-249
-270
-287
-304
-327
-342
-351
-351
-338
-321
-320
-303
-288
-292
-283
-282
-275
-260
-248
-245
-237
-242
-258
-264
-264
-272
-256
-248
-257
-267
-281
-292
-293
-293
-293
-298
-311
-329
-336
-345
-357
-354
-349
-345
-345
-343
-348
-352
-355
-347
-345
-332
-328
-331
-334
-348
-349
-344
-343
-347
-340
-350
-361
-353
-344
-341
-330
-323
-320
-311
-297
-297
-308
-327
-337
-343
-347
-342
-347
-343
-338
-341
-355
-357
-365
-370
-378
-376
-376
-379
-369
-376
-377
-385
-396
-396
-399
-408
-410
-401
-402
-393
-383
-382
-385
-387
-389
-382
-370
-353
-331
-321
-318
-332
-354
-369
-357
-350
-353
-363
-367
-372
-370
-361
-371
-374
-389
-387
-395
-379
-381
-386
-399
-399
-391
-379
-373
-383
-392
-394
-396
-400
-402
-406
-409
-415
-409
-397
-389
-403
-399
-402
-384
-377
-386
-401
-408
-412
-417
-416
-412
-419
-410
-394
-385
-388
-401
-414
-432
-429
-417
-389
-376
-389
-399
-418
-419
-391
-368
-368
-371
-388
-401
-400
-399
-404
-414
-415
-437
-434
-443
-449
-445
-460
-477
-499
-509
-526
-519
-511
-510
-512
-528
-529
-532
-512
-495
-479
-460
-465
-445
-449
-451
-449
-452
-447
-433
-437
-468
-481
-479
-471
-462
-467
-494
-516
-525
-512
-487
-471
-463
-475
-484
-481
-478
-481
-479
-479
-477
-471
-463
-458
-470
-471
-474
-480
-477
-495
-505
-517
-536
-549
-553
-567
-574
-575
-580
-585
-585
-569
-563
-556
-550
-539
-525
-524
-508
-501
-506
-514
-530
-530
-521
-512
-512
-512
-527
-526
-520
-522
-536
-548
-548
-555
-562
-562
-552
-549
-551
-565
-572
-583
-606
-635
-649
-652
-637
-630
-614
-611
-624
-633
-645
-656
-670
-690
-687
-676
-655
-632
-636
-648
-653
-658
-656
-647
-654
-659
-667
-664
-657
-641
-650
-636
-630
-635
-652
-652
-669
-677
-674
-684
-695
-697
-694
-693
-689
-684
-674
-670
-676
-681
-682
-693
-686
-684
-690
-706
-717
-727
-751
-756
-772
-777
-774
-773
-769
-772
-761
-764
-770
-778
-775
-772
-763
-752
-750
-736
-732
-743
-751
-764
-769
-759
-747
-732
-728
-743
-762
-766
-770
-773
-774
-785
-794
-800
-805
-814
-825
-835
-829
-824
-824
-832
-849
-847
-845
-842
-835
-845
-848
-835
-817
-813
-819
-824
-804
-797
-788
-771
-775
-774
-771
-766
-757
-763
-763
-763
-767
-765
-759
-749
-754
-760
-770
-763
-751
-751
-751
-751
-743
-750
-755
-760
-773
-779
-788
-784
-780
-788
-782
-785
-800
-797
-806
-806
-795
-789
-778
-767
-753
-746
-730
-723
-716
-690
-672
-665
-646
-645
-646
-644
-641
-642
-641
-635
-629
-620
-627
-626
-631
-627
-628
-629
-628
-640
-652
-663
-657
-670
-677
-683
-699
-710
-712
-719
-736
-733
-726
-717
-707
-704
-712
-721
-716
-695
-682
-663
-655
-655
-642
-636
-647
-651
-661
-663
-657
-670
-675
-677
-661
-638
-632
-645
-679
-707
-715
-693
-661
-649
-663
-671
-692
-694
-690
-682
-678
-701
-705
-700
-688
-679
-675
-672
-681
-693
-696
-694
-696
-714
-697
-710
-720
-734
-751
-761
-757
-734
-734
-722
-732
-741
-745
-727
-694
-678
-643
-637
-655
-664
-675
-682
-687
-668
-649
-653
-667
-676
-680
-684
-671
-653
-660
-678
-682
-686
-673
-662
-648
-645
-650
-641
-642
-637
-639
-634
-634
-622
-618
-626
-631
-638
-636
-631
-631
-633
-644
-655
-650
-659
-676
-690
-719
-744
-743
-742
-747
-762
-748
-746
-738
-720
-716
-712
-701
-681
-681
-691
-690
-691
-685
-689
-696
-708
-704
-696
-686
-675
-680
-682
-678
-674
-681
-674
-671
-671
-665
-651
-659
-666
-677
-696
-716
-726
-716
-699
-671
-671
-680
-682
-696
-698
-698
-701
-696
-702
-692
-677
-663
-650
-638
-631
-629
-615
-611
-605
-610
-610
-605
-610
-613
-618
-617
-616
-615
-609
-619
-636
-639
-643
-644
-637
-625
-631
-625
-626
-629
-636
-644
-656
-667
-672
-685
-685
-689
-688
-691
-687
-699
-705
-704
-703
-696
-712
-713
-711
-716
-710
-705
-694
-703
-704
-708
-706
-695
-681
-676
-674
-675
-678
-686
-685
-666
-650
-650
-653
-661
-673
-677
-668
-677
-681
-694
-702
-704
-700
-692
-698
-696
-706
-693
-699
-691
-677
-670
-655
-646
-647
-639
-630
-617
-614
-613
-617
-617
-611
-609
-606
-619
-615
-634
-626
-619
-623
-624
-622
-606
-590
-574
-565
-559
-571
-587
-580
-565
-556
-543
-549
-567
-566
-569
-580
-584
-591
-588
-588
-585
-600
-619
-629
-635
-640
-647
-646
-644
-643
-641
-638
-635
-630
-634
-619
-617
-608
-572
-553
-530
-518
-514
-512
-511
-522
-517
-500
-494
-496
-488
-490
-506
-499
-502
-518
-534
-517
-525
-527
-504
-507
-509
-515
-517
-529
-558
-549
-549
-554
-535
-535
-525
-518
-523
-516
-520
-511
-499
-509
-491
-476
-481
-467
-474
-482
-487
-480
-465
-459
-449
-458
-461
-462
-448
-439
-444
-471
-489
-490
-478
-452
-449
-456
-484
-491
-490
-493
-451
-422
-412
-398
-414
-418
-410
-400
-388
-391
-391
-389
-393
-394
-397
-397
-397
-392
-384
-391
-404
-393
-380
-371
-375
-393
-375
-357
-332
-310
-296
-272
-278
-273
-265
-244
-222
-196
-179
-174
-182
-202
-194
-178
-146
-131
-141
-160
-182
-175
-150
-125
-115
-107
-105
-86
-66
-72
-84
-96
-108
-112
-98
-84
-64
-67
-77
-81
-81
-90
-101
-99
-112
-121
-126
-118
-112
-119
-117
-114
-110
-105
-97
-77
-66
-59
-62
-47
-24
-16
-7
-17
-24
-6
-3
-8
-12
-20
-16
5
4
10
1
-6
1
-2
-7
-7
3
-9
-27
-30
-20
-15
-17
-16
-25
-23
-29
-16
-12
-27
-23
-30
-17
-18
-32
-42
-42
-32
-23
-15
-12
-3
2
-18
-23
-7
0
-2
-10
-19
-29
-31
-14
-8
-2
-12
-17
-19
-42
-53
-61
-64
-54
-47
-42
-46
-48
-45
-35
-28
-45
-54
-75
-93
-89
-79
-71
-72
-68
-63
-54
-64
-83
-81
-89
-76
-65
-67
-69
-65
-56
-51
-46
-54
-47
-27
-8
10
27
27
19
19
21
27
27
39
44
39
32
22
8
-12
-16
-18
-16
-7
-13
-16
-12
-7
-11
-5
-6
0
1
3
8
19
31
42
46
53
75
88
107
106
100
108
106
118
122
133
132
121
133
132
121
99
88
96
96
95
91
87
79
80
99
103
107
95
85
93
100
109
100
98
101
108
108
109
105
97
95
97
103
120
127
111
107
113
110
109
118
122
130
136
135
138
139
140
153
160
157
156
169
187
196
190
179
181
192
210
224
223
193
187
184
180
178
168
161
145
144
127
109
107
118
114
118
121
120
139
149
142
131
158
180
186
194
195
200
213
209
203
176
176
169
144
131
133
161
175
191
179
150
123
113
129
148
153
138
116
95
89
110
111
114
124
115
106
110
112
124
147
144
111
96
79
83
71
70
62
55
47
25
25
25
37
35
41
43
40
35
23
36
58
89
93
84
75
64
56
45
46
51
57
46
46
49
58
69
81
61
42
38
37
67
79
100
96
84
74
65
83
87
99
106
109
117
110
105
110
108
117
122
135
138
132
128
125
132
112
90
80
72
83
100
105
104
114
115
134
134
142
153
160
176
171
160
154
150
155
152
137
135
125
129
146
140
132
122
119
114
117
116
118
135
142
124
109
105
89
78
72
65
81
100
115
112
102
113
114
92
72
59
48
62
82
107
106
102
88
80
89
79
85
86
70
68
63
53
38
50
63
76
85
72
61
57
55
57
62
58
51
58
70
84
88
86
80
74
86
94
103
110
111
101
94
87
84
59
46
35
21
31
41
42
47
57
58
55
49
43
50
72
76
93
107
127
137
127
122
115
123
134
144
143
140
118
97
83
