-170
-135
-101
-87
-111
-141
-144
-124
-138
-146
-143
-143
-140
-162
-193
-189
-188
-181
-184
-194
-216
-218
-208
-204
-177
-173
-158
-163
-148
-137
-147
-139
-127
-129
-134
-157
-191
-198
-195
-191
-177
-145
-122
-116
-112
-92
-59
-40
-36
-37
6
-3
-1
5
1
3
-20
-35
-38
-31
-16
-20
-17
-18
-5
-4
-1
-22
-43
-30
-13
-3
-26
-27
-7
2
-27
-29
-26
-39
-34
2
34
46
54
42
42
30
34
44
63
40
23
38
50
73
63
47
30
27
23
1
-4
-10
-3
15
13
10
4
-1
-8
-8
-6
-2
21
20
-11
-60
-101
-116
-118
-122
-142
-138
-136
-117
-83
-41
-12
-16
12
15
41
52
53
65
44
36
31
20
12
30
28
26
24
18
14
22
23
40
55
55
70
78
74
69
58
46
57
41
47
51
71
93
105
107
74
61
71
96
100
112
98
61
69
98
94
70
34
56
57
36
17
9
53
65
76
69
69
69
104
120
96
82
67
67
57
52
68
96
81
71
63
76
102
127
121
105
101
101
84
84
75
62
52
34
28
7
-4
-15
-3
-13
-51
-80
-95
-99
-74
-60
-53
-52
-50
-60
-96
-91
-72
-35
-27
-19
-14
-46
-45
-28
-6
-3
-27
-36
-54
-57
-23
-30
-31
-59
-49
-50
-33
11
6
16
39
54
40
33
5
-8
-27
-34
-14
-22
-32
-23
-20
-9
12
16
22
32
7
6
8
25
38
34
34
20
29
12
4
-11
-22
-38
-44
-54
-72
-81
-85
-66
-60
-59
-62
-48
-20
8
8
10
7
1
7
-8
-25
-11
-14
-14
8
0
-16
-28
-25
-20
-14
4
23
18
-25
-65
-62
-59
-57
-54
-42
-35
-54
-73
-69
-57
-42
-24
-15
22
58
51
29
-5
-3
4
15
30
36
2
-4
16
12
6
5
31
32
21
0
-4
-11
-1
-2
-1
5
-11
24
60
79
84
84
86
31
24
-13
-53
-22
-20
9
16
12
24
35
25
24
38
32
15
6
-8
-19
-6
4
8
12
1
4
18
29
66
113
113
97
119
151
145
127
128
122
119
98
98
107
125
113
93
79
78
72
61
61
63
59
48
65
90
120
135
132
129
131
139
123
113
108
101
113
146
166
164
164
182
188
227
268
280
300
306
307
277
274
245
214
208
217
240
254
247
229
224
226
256
259
258
256
252
245
230
214
232
249
259
229
190
206
212
207
210
216
195
218
215
179
168
166
184
182
167
151
154
164
192
184
171
191
182
177
187
209
234
252
235
223
222
195
183
167
176
189
183
182
190
186
178
172
179
220
227
204
193
198
191
194
234
260
286
280
264
258
258
262
262
273
256
249
239
229
278
302
325
319
285
252
248
252
260
288
313
288
283
273
284
313
323
316
310
329
350
351
340
341
324
314
292
305
306
306
320
317
295
253
204
183
154
138
137
145
177
229
216
205
201
185
159
162
187
168
152
136
139
148
155
152
156
138
131
165
178
173
175
174
167
171
187
187
230
264
272
259
229
214
211
225
229
217
191
174
151
173
191
211
216
195
176
142
159
164
147
133
109
111
126
100
71
38
15
19
19
29
31
45
73
77
106
118
129
120
105
129
147
159
138
110
56
18
7
-16
-43
-24
-4
-3
-11
-12
-11
-42
-56
-62
-77
-74
-45
-37
-30
-40
-43
-64
-80
-106
-115
-119
-132
-117
-108
-85
-49
-27
-2
22
33
50
79
105
84
97
104
74
41
33
24
53
103
120
117
105
121
124
102
89
112
143
149
147
126
107
82
63
41
-3
-14
0
9
-3
-14
-33
-63
-40
-22
-6
-20
-17
-18
-41
-64
-63
-56
-64
-50
-25
3
23
46
58
89
108
114
89
89
89
58
48
45
41
48
73
62
31
34
33
16
11
24
22
23
44
52
42
17
4
-10
-32
-13
0
-7
-13
-15
-15
-32
-43
-1
3
37
48
34
44
57
61
31
7
6
-1
-20
-13
-13
-10
-15
-32
-38
-31
-35
-54
-33
-30
-32
-26
-21
-18
-2
17
6
-34
-51
-37
-56
-78
-74
-73
-72
-45
-47
-61
-70
-60
-31
-10
14
34
48
49
76
93
90
91
90
101
112
118
133
132
131
130
117
109
128
135
126
140
151
125
93
95
112
125
123
139
146
167
160
138
142
144
156
144
126
133
140
133
81
32
36
53
65
73
62
45
58
89
112
115
135
140
106
103
99
125
132
154
128
88
77
51
68
72
87
83
73
76
86
92
108
133
132
109
88
99
140
173
175
151
133
100
87
64
57
88
66
71
105
87
66
61
45
39
29
11
1
6
8
-1
-14
1
1
-2
-12
-44
-2
12
17
13
2
-1
-13
-34
-14
40
59
44
70
85
82
87
87
87
92
108
94
85
91
74
58
46
12
-8
-22
-17
7
31
26
31
52
51
43
28
32
52
63
51
49
17
21
29
31
35
28
24
34
49
18
-2
-36
-21
7
4
-16
-5
28
16
23
56
69
73
57
42
37
44
33
21
5
-10
20
44
30
15
25
15
22
24
35
50
42
44
42
37
37
58
73
117
139
132
111
59
29
18
19
31
48
70
97
124
151
145
116
97
93
100
110
118
138
137
129
146
146
127
107
80
74
66
71
76
86
107
105
115
121
126
113
111
113
131
127
142
163
157
152
140
126
117
106
82
73
71
83
99
101
94
88
86
75
69
55
41
38
32
30
19
-14
-15
25
31
33
27
47
49
59
53
38
37
27
15
9
24
7
-4
-10
-5
-16
-19
13
59
70
58
49
31
13
20
7
30
35
7
-20
-31
-33
-38
-16
-5
-8
-15
6
15
23
30
26
20
13
15
7
-5
16
33
27
16
-7
-43
-38
-6
3
15
43
54
38
33
39
16
12
51
51
35
46
54
55
40
38
33
29
32
39
54
67
74
81
75
62
87
104
119
116
114
99
67
37
58
90
87
90
64
58
59
64
78
67
59
37
-3
-26
-19
12
31
20
23
19
-1
17
17
22
34
43
59
35
18
-1
-24
-18
-14
-22
-21
-17
3
15
15
12
28
36
36
26
9
-19
-6
36
44
10
-39
-70
-113
-89
-22
9
15
14
-5
-19
-11
-7
12
13
-1
-22
-46
-55
-34
-33
-29
-50
-66
-65
-78
-52
-65
-110
-143
-153
-143
-126
-117
-124
-95
-106
-125
-129
-131
-172
-178
-134
-138
-124
-90
-87
-133
-177
-222
-218
-201
-188
-173
-162
-143
-166
-179
-177
-144
-151
-157
-161
-192
-217
-221
-222
-239
-258
-288
-296
-293
-281
-273
-262
-265
-260
-269
-287
-282
-276
-281
-321
-327
-328
-332
-325
-309
-310
-325
-363
-350
-335
-304
-277
-278
-298
-287
-240
-239
-224
-235
-216
-212
-185
-173
-181
-197
-208
-215
-208
-187
-162
-188
-214
-215
-201
-181
-182
-179
-182
-181
-186
-167
-165
-185
-212
-235
-240
-233
-216
-186
-171
-173
-177
-150
-150
-165
-174
-166
-165
-153
-146
-160
-180
-168
-105
-101
-100
-102
-122
-117
-104
-121
-142
-140
-145
-145
-143
-127
-121
-121
-122
-114
-102
-109
-114
-123
-124
-98
-98
-114
-162
-167
-138
-150
-166
-175
-193
-211
-214
-201
-186
-174
-197
-230
-225
-227
-232
-244
-243
-261
-270
-254
-245
-248
-261
-238
-240
-250
-250
-267
-278
-276
-254
-221
-213
-204
-206
-202
-180
-191
-199
-227
-270
-303
-316
-301
-307
-323
-341
-366
-372
-362
-356
-380
-395
-386
-384
-389
-396
-406
-438
-433
-410
-429
-417
-403
-368
-363
-378
-350
-333
-347
-349
-353
-351
-359
-378
-372
-388
-375
-377
-390
-416
-426
-412
-418
-379
-391
-411
-407
-397
-372
-384
-374
-357
-347
-358
-351
-348
-347
-332
-344
-356
-382
-368
-368
-386
-398
-393
-390
-366
-322
-346
-374
-379
-352
-340
-308
-278
-258
-261
-250
-252
-225
-215
-228
-242
-245
-215
-200
-174
-174
-167
-175
-199
-201
-204
-191
-188
-179
-181
-187
-198
-242
-238
-204
-183
-204
-233
-222
-190
-187
-177
-210
-220
-222
-229
-241
-230
-217
-240
-234
-226
-213
-212
-178
-172
-132
-120
-118
-112
-122
-109
-108
-111
-127
-129
-111
-92
-85
-99
-126
-151
-158
-126
-113
-79
-71
-59
-92
-93
-92
-89
-66
-91
-94
-108
-94
-96
-142
-143
-137
-129
-119
-131
-148
-161
-134
-134
-137
-138
-136
-121
-117
-110
-124
-132
-126
-120
-129
-133
-106
-82
-83
-85
-63
-58
-67
-76
-83
-85
-102
-100
-92
-99
-115
-142
-168
-195
-196
-171
-148
-164
-157
-170
-170
-165
-156
-156
-162
-147
-127
-86
-68
-49
-52
-43
-58
-64
-74
-93
-75
-116
-136
-129
-108
-104
-112
-128
-134
-125
-139
-132
-133
-126
-138
-127
-127
-130
-151
-169
-174
-186
-193
-221
-199
-189
-158
-187
-185
-193
-214
-203
-205
-202
-194
-173
-192
-202
-234
-255
-269
-283
-260
-235
-229
-229
-244
-275
-298
-315
-319
-307
-279
-267
-247
-235
-210
-194
-183
-165
-182
-195
-213
-215
-205
-207
-217
-231
-254
-227
-218
-238
-225
-209
-207
-242
-235
-248
-274
-282
-286
-299
-301
-304
-321
-314
-339
-339
-337
-336
-311
-303
-296
-302
-347
-381
-375
-332
-318
-322
-323
-320
-322
-311
-305
-340
-331
-316
-315
-346
-363
-377
-394
-412
-408
-390
-421
-413
-392
-381
-340
-360
-382
-378
-361
-343
-323
-319
-338
-349
-320
-321
-332
-344
-356
-345
-350
-338
-343
-352
-379
-391
-390
-378
-376
-348
-328
-317
-309
-305
-307
-309
-326
-330
-323
-324
-307
-298
-289
-270
-270
-278
-271
-275
-260
-272
-306
-321
-288
-305
-311
-297
-303
-295
-315
-327
-318
-319
-330
-322
-290
-267
-274
-277
-267
-237
-257
-281
-285
-298
-292
-273
-265
-270
-266
-296
-287
-270
-287
-290
-283
-259
-237
-235
-260
-283
-279
-281
-310
-321
-331
-343
-345
-345
-329
-307
-296
-311
-327
-298
-267
-242
-239
-242
-244
-279
-297
-309
-329
-334
-327
-330
-325
-312
-289
-286
-300
-304
-291
-231
-217
-219
-220
-240
-242
-270
-276
-279
-259
-266
-284
-276
-330
-356
-370
-373
-373
-365
-374
-399
-370
-354
-337
-346
-358
-383
-419
-386
-338
-322
-331
-319
-298
-282
-285
-254
-240
-243
-260
-272
-267
-257
-235
-233
-257
-244
-246
-249
-266
-255
-236
-252
-252
-270
-301
-301
-281
-261
-238
-253
-249
-217
-196
-162
-144
-133
-118
-84
-76
-88
-116
-143
-144
-116
-95
-120
-137
-146
-136
-129
-122
-150
-147
-144
-161
-166
-166
-114
-75
-56
-65
-87
-93
-116
-127
-109
-98
-107
-113
-124
-132
-125
-149
-141
-113
-94
-128
-174
-181
-195
-200
-222
-234
-214
-191
-199
-185
-183
-192
-184
-184
-169
-153
-152
-148
-149
-121
-83
-58
-68
-90
-95
-108
-80
-49
-60
-87
-91
-102
-139
-122
-112
-98
-134
-142
-130
-135
-134
-181
-194
-196
-212
-205
-217
-214
-220
-214
-199
-223
-232
-230
-227
-238
-222
-201
-216
-236
-223
-217
-195
-171
-151
-138
-109
-110
-119
-129
-144
-155
-156
-150
-140
-107
-109
-119
-116
-123
-155
-185
-191
-201
-185
-174
-185
-195
-212
-219
-239
-240
-238
-238
-239
-231
-185
-153
-149
-161
-181
-182
-172
-162
-164
-162
-179
-180
-179
-164
-147
-136
-133
-115
-112
-104
-92
-86
-96
-98
-93
-84
-52
-52
-47
-55
-73
-80
-95
-105
-120
-120
-101
-112
-113
-123
-128
-123
-100
-103
-129
-148
-139
-136
-136
-143
-132
-123
-147
-125
-112
-104
-117
-101
-77
-63
-75
-106
-97
-95
-96
-57
-44
-54
-65
-49
-43
-67
-82
-102
-116
-117
-102
-85
-87
-111
-94
-98
-97
-98
-95
-95
-106
-120
-104
-108
-109
-106
-119
-113
-110
-87
-87
-102
-121
-120
-122
-145
-151
-158
-142
-116
-119
-125
-140
-130
-109
-110
-109
-122
-138
-108
-91
-134
-132
-162
-161
-170
-170
-155
-159
-148
-175
-147
-143
-145
-141
-130
-118
-132
-157
-198
-203
-196
-209
-229
-228
-201
-194
-173
-188
-217
-229
-246
-232
-226
-231
-238
-232
-219
-235
-248
-253
-273
-265
-259
-231
-217
-225
-237
-235
-210
-233
-278
-274
-281
-290
-297
-304
-310
-326
-323
-306
-286
-272
-287
-334
-319
-318
-316
-291
-303
-306
-322
-327
-327
-358
-377
-372
-376
-382
-340
-335
-362
-384
-399
-389
-391
-391
-382
-392
-394
-381
-361
-345
-365
-365
-357
-365
-386
-386
-373
-359
-359
-371
-378
-404
-405
-406
-387
-376
-373
-375
-391
-397
-400
-392
-382
-367
-362
-364
-371
-386
-390
-406
-408
-399
-383
-381
-381
-396
-385
-344
-323
-334
-345
-350
-331
-307
-318
-316
-316
-328
-318
-324
-340
-340
-331
-313
-300
-299
-321
-353
-350
-300
-296
-302
-296
-307
-317
-322
-304
-309
-332
-347
-375
-400
-418
-420
-416
-442
-463
-469
-460
-426
-410
-434
-431
-429
-420
-406
-407
-409
-383
-345
-361
-385
-408
-391
-379
-370
-361
-361
-393
-414
-419
-435
-438
-435
-437
-412
-410
-419
-397
-367
-371
-384
-372
-350
-324
-325
-334
-334
-312
-297
-284
-282
-282
-277
-262
-260
-243
-249
-275
-277
-293
-302
-278
-268
-255
-241
-229
-207
-196
-182
-209
-211
-211
-197
-195
-204
-195
-198
-218
-229
-244
-244
-233
-231
-192
-167
-146
-130
-124
-98
-112
-144
-163
-153
-170
-183
-170
-144
-136
-139
-145
-133
-122
-85
-77
-127
-133
-152
-150
-156
-152
-162
-169
-167
-179
-199
-226
-214
-204
-205
-224
-231
-232
-238
-260
-274
-270
-266
-247
-224
-190
-171
-164
-160
-162
-142
-135
-143
-137
-153
-164
-169
-171
-174
-177
-173
-180
-173
-174
-210
-237
-215
-209
-210
-208
-190
-157
-176
-176
-173
-187
-220
-225
-215
-231
-228
-205
-224
-264
-272
-290
-303
-288
-312
-321
-311
-310
-321
-332
-326
-350
-376
-397
-370
-352
-385
-415
-427
-399
-371
-381
-403
-416
-428
-446
-419
-404
-418
-435
-479
-476
-483
-480
-466
-484
-466
-455
-450
-466
-461
-441
-441
-474
-463
-458
-449
-468
-517
-527
-509
-483
-480
-473
-463
-451
-429
-410
-438
-460
-475
-490
-481
-502
-545
-543
-510
-502
-486
-477
-492
-526
-524
-478
-398
-357
-365
-371
-367
-346
-327
-320
-334
-318
-325
-327
-306
-291
-293
-322
-334
-328
-335
-341
-338
-371
-380
-397
-433
-429
-409
-420
-435
-421
-401
-383
-363
-363
-352
-327
-336
-325
-322
-309
-301
-347
-383
-382
-373
-349
-334
-329
-302
-300
-289
-302
-328
-296
-267
-250
-251
-296
-305
-318
-303
-257
-251
-251
-275
-289
-312
-309
-294
-253
-231
-237
-215
-213
-218
-218
-258
-289
-306
-292
-287
-301
-308
-305
-281
-283
-275
-277
-265
-252
-252
-248
-242
-224
-210
-211
-223
-244
-239
-214
-207
-211
-239
-243
-217
-188
-170
-190
-205
-208
-206
-210
-220
-237
-243
-262
-260
-260
-298
-303
-283
-279
-292
-299
-303
-300
-310
-295
-275
-254
-231
-230
-249
-264
-244
-229
-233
-220
-222
-200
-152
-133
-112
-100
-125
-89
-69
-69
-58
-71
-48
-45
-32
-30
-28
-38
-76
-84
-103
-108
-98
-73
-62
-79
-116
-135
-148
-144
-144
-138
-117
-92
-105
-127
-99
-75
-62
-48
-29
-13
-13
7
0
-27
-28
-42
-58
-66
-54
-55
-55
-39
-38
-77
-78
-77
-100
-136
-166
-177
-193
-179
-148
-131
-131
-125
-127
-158
-179
-201
-214
-213
-198
-215
-215
-223
-221
-208
-237
-235
-232
-209
-214
-210
-164
-137
-152
-177
-186
-181
-167
-191
-214
-222
-218
-214
-218
-225
-230
-258
-276
-283
-303
-341
-351
-353
-372
-384
-382
-378
-390
-407
-446
-473
-481
-498
-486
-494
-500
-484
-481
-516
-518
-498
-494
-501
-506
-504
-518
-516
-517
-527
-531
-508
-478
-456
-440
-429
-400
-403
-389
-388
-423
-432
-422
-430
-437
-439
-440
-436
-451
-465
-464
-461
-463
-491
-503
-474
-474
-490
-508
-513
-513
-498
-502
-520
-520
-523
-492
-496
-504
-495
-496
-496
-499
-480
-460
-430
-417
-430
-397
-374
-365
-344
-322
-307
-307
-301
-288
-256
-227
-206
-193
-193
-168
-157
-158
-186
-163
-165
-180
-164
-163
-157
-156
-150
-163
-191
-198
-200
-225
-219
-221
-240
-263
-259
-238
-223
-195
-172
-133
-142
-163
-167
-168
-166
-146
-156
-145
-103
-75
-89
-98
-79
-65
-79
-118
-112
-100
-67
-63
-35
-10
15
0
-38
-16
1
43
60
63
36
2
-35
-67
-77
-69
-48
-22
-9
-14
-19
-51
-71
-66
-67
-82
-111
-103
-99
-104
-116
-131
-149
-147
-138
-154
-142
-137
-114
-68
-62
-45
-25
-39
-88
-97
-104
-129
-141
-173
-169
-185
-210
-229
-238
-208
-193
-185
-180
-215
-209
-169
-144
-139
-128
-110
-112
-65
-68
-91
-77
-54
-65
-75
-59
-82
-90
-117
-97
-106
-112
-86
-53
-85
-73
-42
-82
-68
-52
-53
-65
-36
-19
-8
5
23
0
-2
-25
-33
-32
-55
-91
-61
-25
-72
-33
8
-19
-38
7
-1
-26
-34
-48
3
0
19
53
62
12
58
63
0
17
29
-22
-53
-16
-55
-72
-104
-82
-105
-105
-114
-105
-105
-76
-50
-90
-111
-72
-40
-98
-82
-55
-46
-85
-66
-59
-57
-47
-38
-54
-104
-77
-125
-159
-132
-157
-176
-152
-148
-177
-158
-173
-179
-154
-98
-129
-153
-145
-146
-135
-138
-166
-180
-182
-244
-252
-280
-312
-327
-338
-356
-329
-321
-359
-338
-333
-338
-372
-357
-338
-361
-366
-367
-374
-380
-381
-365
-353
-382
-382
-378
-397
-409
-412
-380
-432
-457
-472
-460
-445
-449
-441
-425
-425
-446
-438
-448
-402
-372
-343
-300
-291
-270
-265
-243
-229
-245
-271
-216
-258
-300
-291
-298
-341
-338
-326
-338
-310
-262
-251
-281
-285
-279
-236
-218
-219
-222
-216
-215
-202
-218
-225
-201
-239
-237
-189
-209
-196
-160
-166
-186
-168
-143
-106
-84
-78
-52
-91
-104
-91
-92
-90
-62
-76
-89
-75
-89
-72
-56
-47
-22
2
12
37
43
29
28
33
36
9
6
-11
-17
-16
10
-12
-37
-7
8
13
-22
-54
-45
-8
17
6
-13
-42
-86
-24
33
75
124
76
9
21
43
48
82
107
75
31
11
5
-12
-17
-23
-12
4
21
16
2
-9
-30
-23
-2
-13
-20
-10
-19
-31
-28
-4
-6
12
23
2
-3
-3
8
22
27
-17
-39
-19
-14
7
36
33
20
40
15
19
20
-3
-15
-27
-44
-70
-89
-99
-88
-123
-156
-161
-145
-119
-82
-60
-6
24
32
60
78
68
14
1
-3
-22
-34
-14
-36
-39
-19
-12
-15
-2
11
-15
-44
-34
15
42
71
78
45
31
55
76
93
92
77
65
52
42
36
17
6
-1
-8
-19
-25
-34
-16
-3
-12
-29
-15
-42
-69
-66
-57
-27
-13
-8
28
48
20
26
10
-9
-33
-53
-42
-37
-27
-8
-29
-24
29
9
26
69
42
26
60
19
-32
2
-24
-45
-36
-12
-29
-19
5
4
-33
-52
-61
-72
-81
-90
-70
-62
-63
-78
-108
-151
-132
-132
-135
-121
-140
-134
-131
-109
-128
-120
-119
-126
-123
-83
-108
-124
-89
-108
-125
-114
-137
-127
-119
-88
-48
-62
-98
-127
-143
-139
-145
-175
-204
-217
-160
-192
-233
-240
-245
-272
-282
-313
-335
-316
-342
-351
-373
-362
-352
-366
-363
-365
-387
-391
-357
-329
-312
-337
-377
-377
-348
-307
-315
-290
-227
-268
-272
-237
-209
-185
-192
-208
-228
-238
-257
-251
-233
-256
-269
-230
-227
-212
-244
-211
-214
-254
-260
-233
-237
-223
-189
-178
-180
-160
-128
-120
-132
-159
-134
-134
-139
-123
-130
-150
-162
-143
-135
-117
-79
-64
-97
-113
-99
-88
-71
-52
-27
19
38
23
21
-4
-60
-63
-56
-70
-65
-41
-59
-50
-56
-80
-70
-88
-86
-63
-55
-75
-79
-55
-65
-63
-58
-58
-57
-83
-50
-20
-7
7
-16
-64
-53
-3
26
9
1
-8
-24
-13
11
9
0
48
47
14
31
27
16
45
49
12
-17
-50
-40
-8
-6
-31
-60
-53
-42
-19
21
37
-4
-27
4
-4
-11
36
39
38
49
36
49
64
65
32
35
44
36
55
87
125
139
169
188
202
174
158
150
154
162
164
176
162
173
166
196
237
258
231
242
236
236
252
310
326
293
300
272
299
305
266
250
283
311
319
334
312
310
273
252
248
215
228
226
224
201
220
213
205
230
237
225
245
262
254
239
242
198
174
166
152
139
142
172
151
156
192
171
151
177
182
150
155
134
116
139
150
130
123
155
176
176
162
158
154
158
119
112
104
127
132
113
99
102
81
79
49
16
-20
-16
0
-8
24
28
54
58
45
38
70
66
88
113
126
133
125
121
92
81
137
140
133
145
132
141
141
171
173
209
202
213
198
175
183
200
168
145
174
152
175
189
219
215
233
215
200
208
193
164
166
162
173
187
182
204
203
219
240
224
225
211
186
204
246
237
227
256
272
272
242
248
253
252
216
198
176
162
196
186
168
158
143
117
95
73
63
69
76
85
101
83
48
57
43
68
98
72
58
50
61
68
64
66
56
51
42
57
70
59
36
24
17
-11
-5
4
35
29
11
9
0
-13
-23
-49
-80
-83
-58
-27
-9
-5
-30
-33
-22
-29
-39
-47
-24
0
41
67
64
67
32
14
0
-3
-29
-13
1
22
5
12
27
2
-40
-23
4
-19
-30
-24
-2
24
27
24
3
4
31
10
3
-1
26
43
51
51
21
-4
-12
-20
-18
2
16
31
38
11
-6
-17
-44
-31
-41
-62
-56
-67
-61
-76
-56
-49
-44
-41
-27
-36
-46
-82
-117
-122
-126
-157
-163
-147
-159
-122
-128
-146
-145
-110
-80
-60
-81
-105
-129
-145
-147
-181
-215
-254
-276
-259
-208
-160
-186
-187
-188
-211
-182
-152
-133
-120
-91
-98
-127
-127
-129
-148
-155
-144
-133
-147
-159
-141
-121
-121
-103
-132
-150
-157
-164
-162
-143
-133
-131
-121
-104
-64
-55
-73
-76
-45
-19
-27
-49
-48
-20
18
29
17
-44
-53
-44
-98
-94
-87
-97
-76
-84
-82
-88
-83
-75
-49
-26
-36
-56
-75
-60
-32
-29
-32
-51
-97
-105
-118
-142
-101
-77
-111
-94
-56
-21
-5
-30
-44
-30
-49
-99
-69
-66
-64
-56
-31
-21
-46
-58
-85
-94
-97
-93
-92
-98
-82
-52
-58
-65
-49
-44
-74
-111
-159
-153
-148
-147
-144
-122
-113
-152
-140
-154
-172
-183
-195
-206
-199
-187
-195
-198
-187
-185
-197
-212
-230
-269
-269
-256
-230
-233
-259
-244
-247
-254
-245
-253
-283
-315
-328
-291
-271
-261
-267
-285
-294
-289
-273
-274
-264
-249
-234
-226
-220
-227
-252
-263
-267
-227
-217
-218
-193
-196
-220
-225
-246
-273
-275
-264
-248
-239
-269
-256
-208
-195
-219
-240
-233
-262
-270
-294
-308
-299
-299
-263
-242
-220
-195
-158
-169
-201
-222
-230
-245
-242
-228
-212
-234
-252
-227
-222
-219
-242
-250
-274
-260
-239
-283
-287
-294
-321
-339
-293
-254
-258
-258
-258
-272
-263
-250
-211
-189
-186
-189
-190
-186
-191
-182
-169
-170
-181
-199
-194
-204
-240
-239
-240
-238
-200
-168
-166
-176
-211
-235
-230
-257
-269
-269
-286
-272
-253
-231
-237
-255
-257
-243
-229
-219
-239
-252
-265
-282
-329
-344
-345
-379
-397
-386
-384
-389
-399
-402
-421
-405
-372
-384
-373
-324
-309
-311
-307
-334
-321
-346
-377
-360
-331
-355
-392
-396
-393
-378
-382
-374
-363
-370
-379
-393
-401
-396
-411
-413
-440
-449
-463
-482
-452
-445
-465
-465
-433
-382
-358
-347
-343
-377
-423
-422
-416
-405
-387
-380
-374
-380
-367
-347
-329
-339
-333
-328
-306
-298
-294
-302
-301
-301
-309
-284
-274
-279
-287
-303
-309
-331
-326
-322
-327
-329
-338
-350
-332
-301
-270
-232
-227
-236
-246
-254
-222
-234
-252
-221
-210
-205
-177
-189
-221
-215
-248
-262
-260
-291
-310
-330
-338
-354
-376
-375
-385
-378
-387
-388
-385
-377
-346
-309
-306
-329
-348
-355
-366
-372
-341
-349
-345
-312
-299
-329
-319
-305
-315
-306
-308
-311
-323
-330
-317
-335
-369
-377
-375
-389
-365
-344
-358
-367
-377
-380
-401
-419
-437
-432
-415
-413
-399
-409
-409
-398
-409
-420
-421
-404
-401
-393
-410
-422
-428
-416
-415
-409
-427
-418
-411
-445
-441
-424
-432
-457
-450
-445
-448
-459
-462
-459
-487
-514
-514
-508
-503
-503
-465
-461
-472
-475
-486
-472
-471
-423
-403
-386
-365
-376
-397
-399
-369
-367
-367
-360
-359
-362
-361
-389
-388
-379
-392
-371
-354
-377
-399
-404
-417
-413
-358
-315
-290
-279
-274
-245
-214
-206
-236
-264
-240
-252
-275
-280
-290
-303
-287
-249
-231
-254
-281
-285
-272
-256
-260
-248
-247
-246
-242
-212
-215
-212
-194
-184
-191
-201
-177
-183
-188
-166
-169
-170
-157
-176
-198
-202
-204
-188
-184
-223
-268
-270
-266
-250
-224
-208
-239
-271
-298
-305
-302
-285
-268
-273
-284
-321
-325
-339
-335
-325
-320
-307
-308
-317
-302
-274
-279
-289
-229
-187
-209
-196
-193
-200
-217
-191
-167
-164
-174
-198
-241
-251
-249
-280
-299
-304
-304
-292
-249
-256
-272
-305
-332
-374
-395
-376
-374
-382
-397
-398
-380
-360
-386
-413
-405
-372
-361
-354
-355
-335
-335
-351
-332
-347
-348
-343
-341
-349
-360
-323
-308
-351
-376
-360
-375
-392
-396
-415
-426
-437
-439
-432
-424
-424
-399
-392
-429
-448
-430
-453
-458
-444
-409
-394
-390
-375
-387
-399
-379
-350
-328
-307
-279
-241
-270
-281
-289
-267
-296
-305
-268
-261
-239
-235
-201
-205
-219
-197
-171
-142
-103
-88
-95
-99
-108
-123
-119
-127
-146
-157
-185
-210
-181
-133
-121
-138
-150
-161
-144
-122
-90
-102
-137
-152
-148
-123
-80
-63
-88
-69
-69
-60
-23
-21
-24
-17
-2
-29
-29
2
-7
-9
-12
-13
-5
-11
-1
-11
-18
-40
-29
-27
-19
2
0
1
14
38
60
94
106
75
21
-4
5
-20
-25
-14
-15
-32
-34
-33
-9
2
-39
-61
-79
-94
-69
-44
-11
8
-22
-47
-52
-33
5
8
9
-1
-26
-54
-50
-20
-8
-15
-29
-51
-54
-47
-97
-85
-66
-97
-136
-126
-115
-124
-138
-143
-84
-94
-117
-91
-92
-131
-135
-127
-125
-71
-95
-117
-79
-90
-142
-103
-90
-143
-152
-207
-173
-109
-140
-144
-139
-104
-91
-124
-115
-77
-97
-109
-99
-127
-160
-139
-129
-127
-145
-157
-124
-168
-172
-163
-174
-178
-149
-183
-166
-124
-108
-82
-73
-70
-54
-11
-42
-100
-60
-73
-168
-93
-18
-52
-65
-83
-89
-136
-103
-106
-109
-62
-113
-97
-75
-56
-126
-105
-68
-76
-86
-51
-19
-79
-52
-32
-105
-109
-67
-89
-115
-41
-59
-128
-34
-68
-196
-16
38
-151
-27
17
-83
-80
62
-117
-111
-12
-174
-166
-75
-105
-267
-74
-52
-246
-62
-12
-178
-41
19
-208
-68
-7
-150
-121
57
-36
-101
85
-46
-186
6
0
-134
112
37
-173
90
40
-206
75
78
-160
4
77
-129
-21
78
-148
-14
80
-139
7
98
-70
-100
75
-33
-90
87
-76
13
34
-13
44
86
171
33
198
165
82
247
221
135
212
219
35
195
177
26
159
138
46
208
163
114
246
146
67
203
129
-13
226
267
177
292
227
179
312
183
169
243
211
172
257
238
168
299
185
160
268
285
249
211
300
202
178
267
205
166
244
222
233
162
274
119
176
228
58
177
281
241
217
337
203
268
336
271
297
318
306
205
373
316
294
366
438
228
329
387
176
398
276
313
180
261
164
173
270
250
325
139
360
73
157
291
228
261
353
324
217
319
263
294
234
378
301
283
357
410
218
194
317
300
68
338
381
84
249
460
94
128
513
67
58
324
355
-46
253
517
-17
-39
483
12
-228
500
207
-388
331
264
-344
46
306
-114
-135
359
29
-357
401
52
-463
288
177
-432
46
309
-347
-101
204
-244
-241
258
-112
-360
296
47
-531
365
86
-481
280
259
-468
96
458
-512
48
415
-538
-12
417
-499
-95
278
-284
-156
224
-96
-76
251
-83
-13
66
177
21
-71
320
-23
-15
156
249
-126
209
240
-121
211
250
13
59
397
17
-91
493
150
-132
485
166
-165
441
224
-60
289
463
-276
333
416
-288
292
538
-114
67
846
-117
42
798
-55
-27
704
218
-279
865
416
-280
908
396
-336
724
471
-405
729
636
-503
716
626
-548
648
609
-426
637
808
-465
580
821
-365
438
901
-372
411
963
-412
417
755
-94
194
811
-94
167
1024
-323
452
749
-148
354
641
159
37
894
-120
298
587
-157
523
201
297
135
346
143
241
368
-38
388
221
158
336
64
359
397
-44
384
326
194
238
495
71
417
492
-93
552
467
-85
633
500
82
494
451
231
452
497
92
788
163
242
782
-3
445
584
51
561
357
256
608
284
350
576
463
192
853
141
693
651
73
942
531
288
616
657
328
570
688
189
651
696
8
906
548
293
725
595
168
703
663
28
996
244
393
936
114
520
888
113
464
954
-153
929
530
-9
943
381
50
933
434
-154
1303
-151
182
1082
-207
434
754
-7
212
1002
-533
623
674
-348
900
263
27
771
460
-325
1337
-27
80
1233
-371
559
930
-167
518
940
-408
967
314
-141
997
-41
248
807
-21
150
957
-485
581
584
-112
475
490
-4
422
277
191
376
204
436
339
208
527
216
356
466
138
501
332
181
344
290
145
401
-141
475
-10
162
79
168
291
-72
681
-78
353
175
233
310
113
435
174
172
368
239
348
424
56
685
-44
439
260
355
180
567
91
337
625
-202
824
139
176
700
96
366
457
383
146
667
505
-66
1013
96
369
667
160
605
263
470
601
-4
845
244
229
816
46
479
814
-52
791
562
42
902
108
457
601
93
685
321
212
625
387
-90
1146
-136
442
624
231
249
514
354
-69
1037
-68
331
745
-92
520
345
121
658
200
379
524
211
300
664
213
74
1025
-106
102
1082
-360
415
851
-159
610
522
145
454
764
-144
1004
70
145
983
-317
747
382
124
559
313
399
407
571
168
718
333
414
438
646
238
240
965
81
92
1186
-159
236
1010
-194
253
826
-76
338
581
88
504
292
275
652
-63
723
345
97
755
433
-8
872
190
-5
760
146
207
723
253
134
539
450
-31
575
568
129
395
828
-223
703
622
-344
826
115
218
445
216
377
16
669
65
79
834
-118
241
668
138
28
691
498
-521
1277
-67
85
859
-9
242
391
375
117
394
454
196
453
140
673
17
420
722
-293
739
288
79
477
399
245
354
6
928
-365
524
771
-223
442
765
44
-176
1411
-600
234
1065
-620
314
615
-157
307
443
248
47
422
325
-94
576
115
376
-35
689
-298
259
575
-420
577
-94
434
-275
572
-78
-10
796
-274
277
520
-79
157
384
17
43
556
-279
233
606
-292
182
336
103
25
362
252
52
390
145
180
-18
547
85
208
332
669
-364
669
530
-220
442
531
-107
340
655
-296
661
512
-135
584
263
-72
900
-253
383
638
-152
336
511
-227
413
769
-462
892
158
211
368
568
63
421
520
64
330
550
465
-128
938
140
176
708
422
-362
1264
67
-94
923
533
-182
848
551
-339
1020
387
-19
847
611
-137
669
379
330
388
653
317
599
214
750
376
247
974
139
655
444
740
31
730
637
20
1025
426
454
501
752
72
724
455
483
552
491
901
-63
1035
440
291
641
610
235
789
414
369
735
213
649
513
65
734
588
-297
1233
-3
382
798
24
493
558
233
310
856
-315
1265
-175
408
906
-238
676
626
116
420
975
-199
652
695
123
495
517
730
-248
1181
196
85
567
691
-336
825
652
-330
888
353
-44
278
760
-226
480
399
182
325
316
407
39
521
247
218
304
247
297
-36
627
6
244
80
613
-287
356
382
-199
669
-266
485
-318
672
-97
50
345
104
-12
176
429
-622
679
109
-404
504
130
-425
506
-150
53
53
214
-212
319
40
-190
352
-168
421
-190
295
-61
431
-220
142
101
-75
19
338
-316
114
517
-630
469
179
-56
103
627
-551
722
-58
148
51
460
-74
249
147
315
131
30
638
-321
150
759
-597
534
562
-337
492
540
-239
238
963
-488
629
380
179
-119
847
-96
207
568
347
-101
725
270
-182
821
-126
467
-25
534
30
307
275
186
424
20
703
-9
501
352
207
111
681
303
-48
710
276
-175
757
169
-96
506
269
-49
289
474
-268
386
245
135
292
432
280
39
595
50
417
109
667
-51
563
158
475
31
584
182
101
668
26
582
-50
830
-387
805
106
100
555
161
303
138
518
62
585
1
426
163
240
146
254
155
198
546
-237
527
285
-28
422
392
60
554
513
-36
710
294
22
1032
-205
385
897
-188
295
723
-206
473
645
-72
437
520
-174
780
205
196
676
190
337
433
461
-27
889
72
76
728
224
15
811
65
-1
570
88
205
153
575
-125
477
198
193
-67
964
-688
696
583
-602
1334
-636
746
25
227
-3
734
-173
683
101
130
371
195
-32
458
257
-17
410
508
-21
-22
1077
-931
1008
130
-327
631
146
-296
604
-52
151
121
4
127
237
-349
614
-249
238
-4
81
264
-572
904
-612
263
272
-449
505
-209
181
-440
548
-410
213
-74
-155
451
-852
743
-113
-235
700
-647
186
399
-558
75
559
-375
-367
903
-953
493
100
-771
605
-325
-418
248
-228
-213
-41
-129
-145
-35
-66
-340
177
-320
-267
377
-629
242
-343
0
-206
-199
-367
48
-158
-549
571
-952
202
-3
-695
247
77
-276
92
274
-528
22
521
-852
614
-50
-366
620
-35
-254
-67
672
-1022
377
294
-935
791
-641
188
-440
259
-361
-245
328
-295
154
-362
272
-129
-390
262
265
-816
775
-411
-236
84
-28
-318
-139
508
-852
130
425
-386
70
138
46
-198
328
8
-455
980
-306
126
67
-77
329
-726
1130
-996
606
320
-624
112
481
-533
-37
763
-634
-22
696
-755
538
-136
-126
372
55
141
-36
288
-122
52
185
-323
444
1
-638
826
-545
275
-45
49
1
336
-284
544
-138
-104
428
-300
101
80
104
-85
556
-577
462
35
11
-25
491
-304
631
229
-600
988
97
-444
900
245
-795
1440
-315
-404
1097
186
-980
1765
-553
-464
1314
-548
20
661
-132
-408
1115
-303
-28
692
-163
77
806
-597
461
675
-501
386
313
-649
760
99
-605
983
-576
-87
893
-928
695
266
-583
831
-652
426
256
-107
360
321
-251
573
24
-270
935
-515
259
526
-594
633
-91
-117
529
131
-215
797
-185
-256
439
192
-411
1200
-563
97
725
-747
373
199
-31
-53
668
-720
904
-500
125
77
-236
441
-704
829
73
-177
186
344
-882
1087
-291
-297
1264
-690
313
110
-108
-223
709
-432
565
138
-320
233
-156
36
32
264
-294
571
-469
170
209
-356
244
90
-286
648
-236
278
221
-551
944
-546
58
727
-780
498
540
-409
403
706
-949
1391
-571
-50
785
-145
208
486
62
-85
854
-467
209
352
445
62
141
404
-33
9
513
-65
71
957
-517
134
442
108
-237
625
529
103
137
871
-93
-144
490
-493
148
1689
-608
102
1162
-690
10
183
325
360
564
-225
-45
-274
52
-163
-29
527
-295
-188
483
-605
-423
450
-70
-44
269
345
-835
654
-145
-567
858
185
-382
729
407
-830
944
-494
225
300
114
297
-20
-54
63
27
-615
833
-358
66
783
-663
27
518
-76
-175
837
-20
243
578
73
-87
789
148
-193
762
348
-258
673
752
-637
1216
118
-316
1028
-45
62
559
746
-316
635
405
-227
333
651
-262
220
836
-580
453
353
-58
-258
625
-125
-195
153
365
-795
590
175
-829
788
-197
-446
521
-172
39
73
86
58
-107
-80
673
-509
422
372
-324
651
155
118
184
505
-32
490
124
553
422
144
417
667
89
393
772
-149
314
641
115
164
824
-250
417
151
377
-551
457
461
-411
127
210
-555
-130
293
-579
144
9
4
-507
390
-471
-171
38
0
-439
-323
110
-205
-293
291
-213
-495
65
-135
-402
301
155
-688
565
-141
-328
523
347
-102
285
458
-52
257
401
224
346
749
326
87
637
283
-174
897
581
111
583
207
-115
-98
296
14
109
437
-242
-211
50
-239
-513
289
143
-628
200
-259
-777
-40
-604
-79
87
-332
-81
-178
-342
-113
-70
-525
-79
-274
-393
-157
-49
-623
-326
-143
-593
-321
117
-471
-289
-172
-471
-105
-203
142
184
165
318
24
-1
520
356
254
646
856
418
498
807
486
390
829
884
708
961
557
286
411
433
263
468
612
221
-123
197
-127
-109
-21
-239
-117
-247
-181
-424
-89
-478
-498
-239
-24
-476
-93
322
-515
-28
-213
-445
-4
55
-193
-171
207
-801
-574
62
-378
-401
11
-267
-491
-183
-875
-235
-44
-390
-111
328
170
79
-96
199
654
469
689
1031
1332
1006
1210
1313
1514
1521
1363
1480
1510
1226
1323
1326
1223
1022
754
657
612
593
252
457
215
8
-195
-401
-318
-691
-499
-336
-560
-339
-178
-579
-656
-47
-355
-140
220
-55
313
-197
-55
492
-79
129
380
-115
185
-99
-753
-142
-377
-1128
-594
-168
-579
-732
-789
-1039
-790
-249
-321
100
704
-447
-537
369
703
834
1513
2355
1925
1607
1704
1832
1948
2244
2301
2616
2829
2224
1409
1420
1408
839
1083
1456
769
-80
-329
-1010
-1068
-1093
-991
-816
-1067
-1351
-1751
-1483
-1459
-1288
-896
-283
-327
-464
-609
-381
-102
90
723
1001
1068
554
230
143
488
560
481
610
147
-495
-873
-795
-1056
-658
-662
-816
-630
-846
-743
-857
-779
-689
-78
128
531
636
914
883
783
1452
2253
2675
2349
2284
2167
2249
2011
2369
2611
2419
1761
1300
1201
1017
350
29
53
-73
-570
-1136
-1216
-1796
-2109
-1897
-1511
-1332
-1211
-1624
-1483
-1165
-1126
-686
-283
-34
69
212
311
460
463
754
1026
974
904
642
608
297
-53
-460
-558
-845
-1300
-971
-591
-710
-873
-729
-965
-1301
-1324
-678
-90
501
810
783
918
450
547
1663
3244
3473
3329
3324
2844
2431
2334
2880
3369
3248
2743
2187
1402
663
-1
96
503
250
-331
-943
-1755
-2255
-2415
-2025
-1249
-1211
-1445
-1618
-1586
-1450
-1259
-355
322
672
661
420
308
661
977
1578
2096
1868
1111
743
631
340
283
188
16
-641
-1368
-1417
-1570
-1268
-842
-493
-476
-1384
-1853
-1485
-950
-53
871
1675
983
-144
201
1623
2684
3364
3961
3823
3381
2546
2586
3065
3291
3025
3599
3548
1951
563
168
97
368
512
207
-662
-1655
-2665
-2753
-1661
-1132
-1191
-1094
-1147
-1491
-1585
-1216
-281
377
744
873
720
321
200
414
1467
1999
1991
1349
576
240
-356
-363
-237
-259
-943
-1865
-2347
-2242
-1685
-910
-437
-1203
-2158
-2500
-1857
-836
409
1455
1471
173
-310
557
2238
3315
3502
3933
4099
3659
2883
2831
3254
3146
3103
3685
3419
1649
-163
-857
-463
176
319
-714
-1744
-3149
-4044
-3364
-2141
-1555
-1981
-2154
-2092
-1940
-1889
-1429
-514
410
867
942
613
251
179
558
1929
2659
2014
983
373
72
-164
-455
-441
-721
-1683
-2540
-2927
-2676
-2246
-1617
-1376
-1707
-2969
-3470
-2722
-1636
39
1099
1384
143
-983
-124
2014
3617
4039
4103
4363
3875
3225
3011
3222
3691
3685
3539
3257
2110
4
-984
-673
218
291
-582
-2393
-3736
-4176
-3666
-2320
-1509
-1737
-2618
-2856
-2412
-1966
-1491
-345
541
1123
870
284
319
382
1052
1960
2800
2471
1342
287
-262
-177
43
-332
-424
-1610
-3127
-3610
-3709
-2413
-1200
-733
-1799
-3603
-4317
-3399
-1806
454
1861
1634
-407
-1763
-162
2201
3983
4288
4507
4647
3853
3117
3140
3388
3873
4131
4108
3516
1597
-460
-1507
-460
800
735
-933
-3198
-4655
-4729
-3724
-1834
-1133
-2069
-3137
-3392
-2593
-1727
-832
167
1132
1295
557
215
465
859
1940
2930
3260
2583
1163
464
312
404
446
-92
-396
-1901
-3097
-3514
-3283
-2263
-1112
-783
-1575
-3762
-4494
-3365
-1460
890
2262
1948
-463
-2128
-111
2908
5009
4999
4762
4857
3585
2946
3358
4342
4725
4439
4129
3541
1475
-609
-1192
325
1529
706
-1274
-3588
-4882
-4781
-3390
-1381
-883
-2342
-3671
-3927
-2433
-1370
-481
704
1169
933
-79
-291
671
1427
2283
2976
3042
2331
519
126
313
646
486
-377
-1182
-2379
-3580
-3701
-3349
-1976
-930
-1224
-2685
-4554
-4669
-2948
-972
1006
2097
1049
-1306
-2497
391
3835
5162
4657
4579
4393
3318
2558
3538
4751
4516
3970
3444
2825
619
-1098
-1008
580
1134
-292
-2717
-4313
-5185
-4634
-3074
-1305
-1289
-3449
-4451
-3793
-2012
-921
-174
739
737
175
-540
-213
1132
1917
2476
2779
2442
1055
-85
30
651
592
76
-1142
-2032
-3652
-4204
-3808
-2248
-756
-1028
-2355
-4685
-5224
-3871
-1546
593
2403
1348
-1414
-3379
-951
3353
5401
4920
3899
3873
3119
2650
3396
4892
4788
3990
3218
2823
1233
-504
-789
378
1587
363
-2348
-4589
-5098
-4578
-3138
-1578
-1131
-3174
-4938
-4713
-2638
-730
-133
500
519
44
-786
-488
865
2329
2637
2792
2349
1421
35
32
1118
1202
409
-1327
-2277
-3408
-4243
-3739
-2956
-1460
-1090
-2289
-4264
-5532
-4309
-1989
-55
1777
1759
-315
-2960
-2574
1870
5443
5771
4126
3291
3051
2628
3321
4979
5416
4373
2986
2141
1744
581
-174
222
1041
527
-1695
-4037
-4996
-4291
-2871
-1986
-1628
-2713
-4693
-4926
-2929
-425
434
257
90
-58
-224
-77
915
2507
2852
2453
2071
1514
975
413
1443
1639
567
-1356
-2667
-3165
-3490
-3016
-2550
-1377
-1620
-2597
-4159
-4929
-4152
-1843
-170
1199
1708
-17
-2434
-2679
1742
5547
6180
4137
2959
2949
3235
3955
5671
5987
4312
2405
1587
1956
1542
873
314
601
-113
-2066
-4043
-4517
-3833
-2836
-2418
-2520
-3447
-5082
-4963
-2979
-314
607
-135
-686
-419
95
753
1621
2824
2855
2276
1867
1713
1668
1509
1849
2188
935
-849
-2629
-2975
-3477
-3025
-2316
-1709
-1527
-2866
-4323
-5091
-4266
-2425
-411
583
1577
-169
-2203
-2866
712
5071
6019
4625
2936
2800
3134
4120
5609
6271
4536
2762
1578
1975
1742
983
552
395
-17
-1732
-3539
-4410
-4022
-3060
-2383
-2742
-3511
-5198
-5017
-3108
-650
405
-507
-1268
-1039
-306
782
1588
2425
2467
1710
1523
1537
1682
1506
1773
2035
1010
-1149
-3010
-3342
-3229
-2641
-2221
-1687
-1701
-3480
-5239
-5423
-3631
-1549
-627
-154
685
-437
-2543
-2891
1258
5291
5483
3434
2503
2911
2833
3545
5587
6369
4331
1557
975
2174
1799
793
473
388
-772
-3071
-3919
-3436
-3115
-3300
-3460
-3482
-3970
-5188
-4608
-2304
-177
-48
-1415
-1632
-845
88
814
2092
2877
2033
801
973
1735
2275
1807
1736
1773
67
-1563
-2886
-2446
-3046
-3277
-2631
-906
-1297
-3396
-5771
-5260
-3241
-1492
-204
1252
1482
-1681
-3779
-1757
3802
6080
4643
2812
2890
3306
3389
4753
6443
5843
3331
1761
2112
2860
1570
432
361
703
-880
-2919
-3475
-2959
-2932
-3230
-2975
-2850
-4204
-5427
-3646
-521
884
-558
-1575
-1343
-185
936
2291
3228
2924
1330
802
1872
2868
2837
2123
2152
1323
-5
-1554
-2043
-2137
-2747
-2980
-2607
-1172
-1544
-3205
-5078
-4851
-3335
-1312
-143
1177
1032
-1396
-3059
-1254
3780
5980
4932
2928
2966
3463
4201
5111
6178
5507
3600
2255
2516
2917
1741
595
160
332
-714
-2353
-3549
-3297
-3281
-3287
-3309
-3120
-4120
-5039
-3835
-1387
106
-869
-1977
-1577
-205
1079
1931
2479
2302
972
789
1694
2997
2799
2103
1417
939
-420
-1349
-1796
-2196
-2684
-3130
-2200
-1098
-1745
-4059
-5374
-4512
-2325
-1141
-333
1130
27
-2462
-3501
392
5020
5515
3341
2265
2875
3564
3874
5384
6056
4577
2836
1901
2789
2412
1035
-47
148
397
-1063
-2919
-3382
-3227
-3364
-3710
-3268
-2762
-4269
-4722
-3237
-858
-348
-1542
-1726
-770
324
1225
1804
2326
1897
892
1416
2485
3049
2302
1568
1384
675
-482
-1036
-1486
-2060
-3085
-3279
-2165
-1128
-2281
-4198
-5105
-3851
-2656
-1839
-313
1379
-373
-3248
-3137
1513
5107
4592
3001
2629
3194
3171
4022
5763
5981
4221
2581
2508
3251
2170
625
27
372
369
-1293
-2686
-3202
-3437
-3863
-3773
-2963
-3173
-4640
-4574
-2766
-1039
-1158
-2070
-1694
-646
413
1005
1497
1854
1187
678
1664
2710
3010
1871
1303
800
310
-422
-1140
-1398
-1947
-2699
-3014
-1744
-1427
-2524
-4553
-4235
-2888
-1697
-1733
-125
813
-1080
-3187
-1464
3362
4876
3297
2220
3160
3507
3449
4375
5988
5535
3615
2315
2761
3158
1741
494
478
1044
-27
-2157
-2977
-2435
-2613
-3440
-3372
-2547
-3238
-4309
-3573
-1369
-483
-1406
-1832
-619
533
808
1093
1870
2160
1351
1559
2754
3273
2563
1676
1707
1377
924
-146
-375
-1019
-2017
-2936
-2516
-804
-613
-2225
-4279
-3867
-2917
-1747
-1313
1230
1100
-1445
-3418
-600
3964
4732
3102
2579
3641
3745
3828
4659
6115
4992
3715
2931
3765
3484
1684
411
676
1395
250
-1469
-2422
-2391
-3293
-3330
-2711
-1884
-3284
-4394
-3368
-1419
-707
-1645
-1638
-614
390
603
981
1528
1654
1025
1621
2668
2934
2198
1342
1376
1169
550
-186
-707
-1666
-2209
-2711
-1401
-580
-1398
-3479
-4466
-3487
-2178
-1685
-533
1226
-247
-2641
-3284
1085
4188
3943
2385
2472
3252
3077
3524
5140
5674
4151
2660
2421
3612
2607
1204
409
1060
876
-953
-2245
-2379
-2461
-3221
-3267
-2196
-2124
-4054
-4434
-3109
-979
-875
-1573
-1291
-582
-69
92
900
1779
1356
793
1443
2250
2589
1639
1129
1005
793
262
-605
-945
-1754
-2338
-2828
-1409
-589
-1352
-3679
-4414
-3540
-2033
-1465
-49
934
-1012
-3331
-2707
1823
4251
3603
2102
2226
2675
3144
3873
5350
5244
3664
2262
2580
3649
2791
1312
527
1074
536
-1112
-2106
-1878
-2276
-3107
-3057
-2031
-2491
-4261
-4149
-2495
-808
-992
-1551
-1334
-725
-332
159
1128
1783
1247
947
1652
2148
2238
1296
1345
1320
1096
245
-822
-912
-1694
-2160
-2971
-2164
-942
-934
-2871
-4184
-4034
-2845
-1881
-855
1242
132
-2224
-3523
-186
3481
4268
2846
2147
2349
2977
3496
4811
5379
4094
2811
2144
3263
3082
1933
731
851
846
-130
-1711
-2138
-2292
-2701
-2518
-2072
-1953
-3762
-4472
-3099
-820
-327
-1246
-1674
-1008
-352
256
1008
1569
1528
986
1426
1980
2169
1793
1361
1509
1469
906
-145
-960
-1165
-1845
-2417
-2978
-1604
-575
-990
-3207
-4256
-4047
-2850
-1838
15
1562
-46
-2738
-3467
324
3722
4354
2893
2549
2681
2825
3365
4905
5440
4113
2645
2433
3452
2955
1737
685
1125
990
-247
-1780
-1808
-1971
-2523
-2733
-2006
-2028
-3712
-4121
-2459
-620
-936
-1864
-1605
-716
-390
-41
810
1619
1338
697
1101
1751
1926
1508
1379
1625
1124
246
-433
-744
-849
-2118
-2688
-2954
-1585
-891
-1300
-2876
-4126
-4213
-3337
-1533
22
1322
-326
-2348
-3120
-175
2790
3887
3108
2343
2180
2205
3001
4173
4944
3865
2669
1882
2616
2614
1782
739
698
515
-600
-1688
-1760
-1626
-2554
-2856
-2443
-2037
-3056
-3318
-2606
-1584
-1474
-1516
-1064
-633
-591
-403
456
1090
1209
717
910
1260
1590
1471
1182
945
745
305
-233
-514
-1149
-1710
-2676
-2797
-2858
-2238
-1529
-1585
-2807
-4409
-4611
-3379
-1422
-330
762
-44
-1904
-3267
-1156
2596
4259
3364
1946
1563
1895
2692
4024
4865
3990
2356
1426
1909
2655
2341
1278
458
62
-447
-1277
-1536
-1574
-2080
-2551
-2246
-1790
-2573
-3501
-3060
-1673
-672
-818
-1153
-1054
-939
-667
124
1327
1761
968
247
399
1115
1554
1452
1265
854
10
-528
-572
3
-259
-1200
-2269
-2575
-2664
-1980
-875
-459
-1607
-3332
-3514
-2311
-636
402
1532
878
-790
-2075
-189
2952
4433
3652
2334
2054
2298
3054
3982
4803
3993
2419
1444
2131
2847
2480
1328
647
315
-379
-884
-842
-428
-1013
-1839
-2080
-1739
-1949
-2122
-1499
-511
-328
-1095
-1432
-918
39
683
1132
1288
761
102
56
999
1782
1819
995
500
190
291
173
494
586
53
-835
-1542
-1829
-2376
-2214
-1574
-5
-111
-1157
-3183
-3317
-2376
-633
488
1256
965
-634
-1691
-1006
1679
3243
3102
1920
1579
1559
2059
2664
3585
3365
2307
1217
1328
2059
2190
1408
762
515
9
-327
-218
184
-485
-1446
-1820
-987
-765
-1263
-1697
-1301
-922
-985
-1001
-873
-883
-1110
-788
-11
315
-415
-1158
-875
141
832
791
416
-154
-575
-624
-7
583
388
-569
-970
-889
-890
-1440
-2057
-1758
-1272
-312
-304
-739
-2406
-2974
-2393
-620
591
1044
299
-1211
-2295
-1755
604
2220
2278
1084
337
222
911
1674
2509
2469
1815
959
754
1393
1633
1302
755
723
433
354
255
432
-260
-905
-1203
-751
-492
-825
-1092
-1295
-1306
-1575
-1585
-1525
-1352
-1414
-1395
-1232
-899
-946
-1169
-948
-464
-73
-41
-241
-227
-244
-56
243
476
559
277
-57
-278
-93
-447
-551
-839
-768
-1037
-1012
-1145
-636
-543
-1046
-1707
-1779
-1653
-1285
-452
204
-153
-1374
-2103
-1260
463
1423
1273
588
282
240
636
1628
2288
2099
1367
1185
1589
2041
1886
1663
1631
1475
908
630
811
616
-33
-714
-684
-785
-1044
-1436
-1606
-1691
-1960
-1972
-1709
-1357
-1555
-1695
-1433
-820
-510
-415
-355
-225
-47
315
800
987
967
393
321
953
1668
1530
1128
567
519
289
384
390
316
-282
-963
-1084
-981
-795
-822
-835
-1021
-1093
-1293
-1433
-1482
-1014
-484
-172
-101
-401
-779
-698
89
886
1212
1245
1117
1022
1167
1468
1938
2117
1989
1724
1639
1834
2086
2034
1531
845
510
523
654
645
173
-608
-1302
-1388
-1022
-720
-586
-934
-1313
-1451
-1003
-343
-76
-177
-356
-338
-72
197
431
595
604
605
858
988
917
705
707
883
1025
997
768
563
420
430
564
658
358
-199
-484
-334
70
-8
-451
-743
-771
-692
-604
-308
-17
-71
-364
-568
-691
-443
-206
104
108
-188
-549
-680
-383
55
396
324
128
-12
191
358
451
404
407
386
448
725
774
707
503
497
471
326
17
-234
-221
-66
-83
-372
-594
-628
-507
-383
-213
-164
-478
-869
-869
-575
-331
-301
-355
-317
-261
-217
-40
94
84
-78
-76
139
375
401
183
195
204
250
282
420
618
501
175
38
84
135
179
227
244
75
-192
-317
-140
93
16
-234
-363
-397
-407
-452
-374
-248
-411
-667
-780
-532
-405
-522
-633
-552
-435
-587
-688
-502
-175
-207
-293
-231
-22
11
11
77
83
48
21
147
195
35
-255
-371
-179
128
248
292
280
150
3
-27
195
349
336
302
330
325
224
205
319
455
516
358
240
212
304
264
94
-56
-60
-32
-101
-90
7
34
-171
-305
-191
-11
-46
-74
-29
82
82
143
295
421
462
405
455
633
742
712
609
456
324
261
351
382
252
-66
-285
-352
-374
-398
-502
-700
-956
-1102
-1077
-1016
-1061
-1253
-1410
-1354
-1082
-829
-760
-763
-715
-532
-277
2
129
123
150
362
674
847
832
767
746
794
902
945
968
827
767
643
575
620
575
458
235
174
172
63
-49
-114
-59
0
6
-26
-74
-195
-256
-216
-81
61
229
302
148
32
7
216
540
681
708
550
353
316
501
589
608
610
504
415
392
437
414
232
131
240
351
273
127
49
96
176
241
260
167
86
9
59
134
189
12
-122
-98
-10
-62
-226
-343
-402
-444
-468
-415
-405
-499
-583
-530
-518
-499
-504
-459
-370
-252
-234
-192
-154
-51
99
181
182
211
293
398
481
421
315
186
149
199
320
313
236
67
-63
-174
-252
-235
-155
-127
-196
-229
-283
-358
-438
-453
-337
-271
-286
-312
-272
-228
-265
-270
-91
139
214
127
160
238
332
407
477
587
612
578
606
703
666
516
392
437
519
478
343
191
84
-23
-12
-38
-62
-196
-359
-431
-419
-379
-449
-586
-621
-581
-473
-447
-512
-602
-674
-622
-489
-360
-296
-312
-406
-527
-620
-506
-384
-352
-400
-404
-507
-584
-554
-514
-517
-508
-506
-537
-520
-501
-499
-513
-499
-415
-322
-298
-255
-204
-85
16
102
167
86
74
152
322
448
501
431
273
236
314
465
481
313
197
174
184
212
189
113
-11
-51
51
184
185
12
-134
-177
-101
17
111
52
-36
-84
-78
50
249
355
382
284
209
247
303
385
484
541
480
330
269
305
359
384
319
272
199
109
44
-25
-87
-138
-97
-98
-190
-304
-424
-450
-388
-328
-360
-408
-473
-496
-424
-223
-62
-116
-264
-260
-54
82
75
60
105
132
101
135
207
156
3
-42
88
154
108
-8
-115
-199
-235
-259
-237
-231
-267
-304
-344
-333
-230
-180
-207
-261
-309
-242
-170
-17
126
186
170
123
144
249
389
485
576
594
537
510
538
593
592
623
608
544
464
399
400
493
504
334
212
167
204
200
216
255
241
113
39
160
313
311
243
264
330
340
285
275
289
311
303
378
374
283
116
102
187
259
203
75
21
-13
9
12
16
-8
-27
-103
-142
-188
-173
-212
-286
-218
-123
-88
-161
-221
-224
-195
-172
-88
0
-56
-175
-180
-93
10
14
-24
-57
-79
-115
-98
-86
-84
-114
-100
-96
-73
-67
-72
-23
45
45
20
64
176
236
174
184
281
399
361
315
299
280
257
288
411
445
341
221
154
130
178
234
265
220
136
78
49
123
196
188
90
18
32
21
9
86
147
142
118
138
219
230
216
286
364
372
267
246
352
381
369
330
318
260
198
174
220
236
161
43
52
75
106
134
143
127
50
12
74
191
211
173
157
222
303
277
280
290
263
243
274
310
297
205
151
164
160
193
211
199
126
66
35
68
96
159
211
169
95
55
85
234
441
559
581
489
413
410
499
597
715
708
652
611
606
616
655
724
666
581
532
547
536
508
474
535
512
470
430
426
445
442
463
524
555
545
552
597
649
670
666
701
789
844
795
766
803
844
805
779
822
831
801
760
781
795
734
724
758
733
657
589
565
558
537
503
424
366
433
539
624
641
575
504
485
570
733
854
908
869
769
698
731
859
946
904
801
672
585
566
585
654
682
618
483
374
350
451
514
481
391
332
327
337
329
361
389
331
287
282
292
264
228
227
260
256
193
241
297
255
188
209
259
307
309
263
234
248
299
333
357
332
298
297
351
448
503
473
420
425
435
415
402
454
517
538
579
563
498
451
464
484
504
524
491
434
374
428
446
429
425
435
434
438
441
412
359
284
342
420
425
380
386
391
384
355
366
349
327
277
297
339
338
263
164
134
144
186
220
225
197
148
82
85
126
178
182
162
152
162
190
220
287
337
366
379
360
379
444
529
604
692
710
701
696
693
699
702
726
730
734
674
623
594
595
619
631
542
439
391
360
390
422
426
358
346
314
277
281
335
420
432
413
380
375
356
394
471
527
509
414
357
358
429
495
456
368
291
248
201
189
218
244
171
120
164
193
176
179
187
208
188
182
221
239
257
208
231
291
351
331
290
283
308
330
343
336
317
294
282
321
412
467
458
469
434
428
397
390
395
390
395
443
514
530
482
487
568
603
610
550
526
531
522
542
594
600
520
411
370
407
448
446
364
271
228
249
258
269
326
309
269
283
319
316
330
412
484
497
457
457
499
556
583
582
586
606
608
561
577
607
626
658
706
714
640
543
507
561
607
565
539
508
478
459
479
499
514
543
553
535
521
498
503
562
557
557
531
517
488
486
502
485
433
390
336
322
336
338
308
252
212
170
186
220
197
135
64
52
150
234
279
244
227
276
315
373
384
422
443
449
487
495
476
441
431
440
413
393
435
419
345
305
294
286
272
241
250
301
327
326
332
342
340
363
432
525
516
458
427
462
490
514
561
549
519
500
506
550
536
464
398
368
346
294
244
188
132
36
-33
-41
-76
-122
-192
-250
-265
-243
-216
-166
-137
-95
-82
-108
-107
-131
-92
-56
36
101
120
131
111
54
44
75
114
169
108
45
55
128
111
69
61
5
-42
-3
59
95
103
67
59
70
137
154
135
136
170
214
199
188
238
280
258
226
220
221
154
96
115
111
63
45
32
12
13
-6
-58
-85
-63
-44
-13
-9
-55
-82
-82
-23
48
75
32
20
5
3
35
91
140
155
131
131
186
176
183
181
192
155
96
121
162
149
63
2
-19
1
25
44
44
63
0
6
79
105
105
82
101
129
129
83
78
121
146
109
77
81
86
26
8
76
88
20
-47
-49
-74
-95
-85
-83
-136
-213
-241
-244
-261
-295
-313
-288
-253
-234
-254
-265
-252
-257
-245
-169
-138
-109
-54
-48
-79
-87
-83
-54
-7
-19
-56
-64
-45
-4
1
-22
-53
-94
-112
-103
-47
-22
-38
-79
-50
24
79
127
163
182
207
201
242
285
304
314
293
306
261
227
243
232
183
142
120
112
82
38
-24
-57
-51
-74
-81
-102
-142
-182
-189
-156
-145
-153
-135
-163
-188
-179
-183
-180
-170
-167
-191
-192
-189
-187
-178
-152
-166
-169
-163
-205
-200
-193
-168
-197
-246
-264
-267
-263
-248
-219
-209
-215
-209
-231
-228
-194
-164
-142
-94
-41
-58
-46
14
50
51
76
97
120
98
77
82
87
85
81
95
89
53
13
-37
-92
-143
-161
-123
-96
-95
-170
-190
-174
-147
-174
-181
-157
-160
-200
-167
-74
-21
-26
-52
-81
-121
-113
-119
-141
-169
-202
-214
-201
-186
-209
-234
-218
-195
-216
-251
-239
-243
-220
-163
-94
-78
-89
-85
-40
6
36
61
65
70
63
29
12
-15
-21
29
71
83
47
25
19
0
-81
-41
-99
-76
-121
-102
-105
-139
-162
-188
-127
-187
-93
-124
-89
-141
-121
-57
-50
7
92
114
219
205
274
247
280
220
217
188
92
176
10
226
87
172
27
88
116
131
131
-4
87
-46
86
-31
88
-12
92
117
235
304
266
332
294
467
385
482
391
428
359
366
331
310
346
277
359
287
345
282
222
202
166
155
99
94
42
21
20
7
80
36
-3
-28
-8
3
-8
19
107
103
100
105
69
180
136
198
246
158
166
75
86
213
129
179
113
46
162
103
61
161
19
99
160
56
216
77
192
213
272
212
310
236
390
398
412
414
430
467
470
471
399
435
266
308
256
272
230
201
136
216
44
96
65
60
-2
-51
-9
30
17
-29
41
-54
75
-127
34
-31
-33
52
-38
41
1
139
103
181
30
265
16
180
287
116
309
131
226
165
111
57
215
65
182
117
196
157
155
145
282
193
240
181
328
316
384
368
238
436
251
197
362
475
244
473
358
273
459
303
281
482
165
379
383
111
461
146
294
276
192
235
260
223
171
308
51
105
234
165
135
200
91
45
180
-30
27
266
-111
163
162
19
151
44
-21
247
82
126
332
2
251
220
65
314
146
247
463
241
336
220
129
308
372
349
541
224
493
305
386
482
442
453
316
511
273
556
217
458
329
426
395
300
437
279
326
259
331
356
238
467
219
287
384
374
404
393
430
215
475
181
484
227
571
241
248
427
64
424
171
390
180
345
86
264
150
39
74
161
215
191
423
-36
469
72
473
285
352
291
245
219
347
328
259
504
154
622
364
485
461
182
413
339
332
407
371
286
333
272
255
418
237
234
417
118
448
136
226
373
133
284
301
252
138
577
-19
652
58
293
431
125
464
100
504
49
468
218
128
315
107
251
157
312
48
325
75
197
310
-242
289
9
49
111
256
-91
306
102
20
414
-167
441
-33
157
84
169
135
23
122
63
153
114
287
-101
353
17
-45
376
-68
309
254
9
249
38
-96
128
-27
132
-35
310
-335
359
-154
6
200
-137
182
-34
-133
192
24
-67
235
-170
121
143
-54
176
142
87
129
187
54
-26
232
-3
231
188
161
227
234
31
258
147
-120
566
-167
412
239
-104
324
51
239
204
349
-101
400
-24
109
334
202
241
249
42
254
85
170
40
195
240
17
355
-180
345
-103
145
40
88
51
-18
80
-26
111
67
134
-14
52
-110
26
-143
111
-26
-50
46
-62
-167
394
-281
170
51
-442
255
-137
31
251
-52
13
370
-238
425
-68
198
223
193
178
226
146
91
328
-76
468
-31
322
92
85
299
22
250
95
185
108
376
157
409
190
357
356
182
446
279
259
638
200
448
643
71
682
272
333
516
446
383
485
344
349
465
164
451
234
347
278
356
247
306
159
348
275
104
455
-52
352
114
297
175
293
24
239
-1
268
341
151
613
2
445
241
226
385
355
111
480
-43
272
251
101
350
25
317
42
200
128
187
78
262
20
141
130
-142
293
-263
237
59
37
164
-63
208
-11
251
-102
371
-145
219
15
-6
240
-209
200
-82
45
73
101
72
99
195
0
227
109
-19
199
31
169
243
174
193
125
191
21
248
38
247
126
201
83
173
166
86
232
51
74
98
1
144
37
92
48
-91
30
-37
97
-55
93
-31
-77
106
-172
163
-36
84
-12
107
-56
138
9
44
100
98
36
83
11
-38
74
-25
30
-74
-1
89
-117
124
-173
6
-47
-120
-115
-195
19
-328
252
-281
52
133
-217
177
-107
12
34
-2
85
13
32
109
41
125
-97
237
-167
327
-69
377
-29
405
152
-28
411
-172
352
-28
296
37
315
58
210
33
329
47
206
300
8
447
-14
452
73
539
197
390
354
364
177
420
200
180
482
-44
411
226
146
226
287
91
448
124
213
248
80
35
326
34
364
143
115
353
103
481
98
554
-77
533
-33
300
237
202
297
244
174
365
179
133
292
201
187
211
273
143
351
81
416
76
353
110
211
296
82
393
84
390
132
362
211
317
317
226
259
154
221
185
257
217
282
-42
418
-39
195
302
-4
236
248
2
394
269
-84
540
-96
193
249
58
81
388
-78
242
154
15
248
10
152
-4
235
-135
251
4
53
119
-40
51
21
-71
68
8
-64
65
-34
-22
136
48
-82
292
-299
192
-47
-114
198
-73
138
27
196
-195
292
-103
62
138
-173
210
-159
80
-10
1
-57
-87
-45
-44
37
-214
126
-111
-72
42
-104
-127
69
-210
5
-98
-57
-180
33
-337
52
-144
-163
-34
-250
-78
-269
-74
-254
-90
-332
-64
-436
-166
-213
-339
-90
-333
-132
-265
-309
-148
-303
-242
-169
-341
-188
-320
-155
-437
12
-350
-216
-130
-271
-190
-162
-251
-214
-136
-297
-154
-211
-303
-110
-347
-249
-207
-467
-122
-420
-225
-312
-182
-278
-216
-109
-395
-101
-259
-278
-189
-93
-374
-116
-334
-284
-135
-248
-137
-216
-219
-262
-158
-250
-128
-93
-163
-79
-20
-293
14
-291
-122
-209
20
-313
144
-294
-153
-12
-298
45
-181
-58
-128
-29
-184
-17
-237
-55
-137
-119
-202
-11
-239
105
9
-109
113
-212
-8
-154
-90
-140
5
-105
10
-55
-115
4
-37
-116
34
-186
41
-180
126
-30
-70
119
-348
68
-285
-9
-85
-13
-109
-75
-21
-183
100
-89
-97
19
-103
-11
-41
-30
55
-13
-118
97
-267
152
-16
-163
287
-245
52
-56
-162
-148
37
-222
65
-26
-75
46
30
-157
76
-124
-60
11
-64
95
-93
-7
-183
27
-268
179
-206
126
38
-48
193
-25
59
135
59
-7
188
-115
113
56
-145
79
-77
-175
95
-60
-193
180
-327
49
-25
-137
192
-111
-41
16
-52
82
103
-67
119
-193
80
-109
16
19
-137
68
-270
61
-102
-119
33
-189
38
-233
-12
-161
-67
-34
-90
-9
-145
97
-176
141
-108
-31
101
-174
64
-86
-4
-34
-117
-77
-152
-72
-152
-35
-233
-34
-277
-191
-181
-83
-316
-75
-271
-158
-220
-322
-200
-322
-222
-349
-160
-332
-116
-240
-296
-130
-354
-84
-368
-247
-337
-415
-409
-512
-288
-519
-375
-490
-442
-399
-405
-390
-367
-412
-314
-511
-475
-339
-574
-336
-456
-364
-405
-386
-509
-324
-428
-468
-226
-567
-151
-411
-273
-160
-297
-151
-195
-208
-156
-122
-82
-151
-64
-177
-125
-130
-116
-65
-352
-5
-303
-103
-87
-258
-69
-210
-207
-167
-172
-60
-158
-9
-168
-50
-174
32
-191
-23
5
-288
95
-233
-82
-24
-165
-37
-85
-126
-6
-71
26
16
28
4
136
3
91
30
95
104
24
118
27
125
-133
247
-163
171
-33
37
246
8
161
31
161
-115
365
-176
231
101
14
120
63
48
165
93
17
225
124
143
227
146
109
281
18
306
153
126
296
-154
435
-242
230
-21
48
107
65
36
152
17
-1
190
-202
282
-60
134
31
205
-73
331
-105
228
63
26
239
100
117
207
10
196
240
-86
340
-10
190
180
189
75
475
-15
312
219
46
364
120
223
151
120
142
308
16
251
171
88
241
175
51
362
9
234
216
11
317
64
169
249
42
127
108
11
47
149
-68
204
-20
47
24
145
-10
146
37
-101
285
-200
281
-56
75
27
73
-79
214
-79
39
-18
-98
67
-220
102
-293
28
-154
-165
-41
-102
-158
29
-156
-34
-44
-312
10
-297
-110
-53
-325
-15
-160
-116
-8
-98
-58
-2
-82
7
-136
44
-284
90
-220
-161
-41
-250
-106
-172
-79
-215
73
-333
32
-150
-226
134
-216
73
-59
-23
55
-141
89
-65
3
83
-78
98
-64
87
-64
200
-105
125
21
4
76
-84
46
12
-51
-7
-26
-109
51
-81
-190
178
-305
28
56
-432
174
-198
-319
160
-157
-185
321
-359
72
116
-474
255
-232
-155
99
-189
-129
58
-148
-128
85
-311
-58
71
-372
246
-74
-154
280
-145
8
212
-36
41
408
-280
292
137
-204
240
-10
-234
264
-168
-158
301
-279
27
303
-254
194
221
-261
392
-38
-132
428
-194
76
303
-306
237
-13
-191
219
-20
-87
151
-71
-169
262
-267
164
82
9
49
166
-8
-21
165
-250
175
62
-147
205
79
-106
329
22
-50
393
-97
-67
321
-172
39
433
-209
236
169
-126
213
146
-174
254
-6
-149
175
-113
-80
168
-319
-85
79
-409
72
9
-236
62
-40
-158
105
-4
-194
196
-120
-73
87
7
-184
174
-282
-59
109
-270
180
-146
27
6
-85
-96
90
-195
6
-3
-186
80
-131
-113
5
-117
-188
16
-202
-93
14
-179
-14
-61
-233
34
-263
-21
-118
-80
-10
-116
-74
-110
-34
-162
26
-189
53
-62
-167
241
-330
189
-183
-136
-7
-185
-141
36
-186
-219
231
-443
6
-8
-342
253
-173
-78
166
-174
-159
185
-235
-27
119
-250
-1
-42
-297
-24
-210
-193
-123
-44
-323
-39
-210
-497
110
-472
-218
-86
-270
-269
-28
-280
-269
88
-560
-91
-27
-521
-19
-159
-427
-10
-182
-460
2
-307
-349
-124
-337
-280
-183
-199
-398
13
-420
-158
-161
-233
-162
-105
-154
-164
-22
-298
-57
-141
-181
-11
-94
-27
-115
-27
-99
-42
-119
-98
-201
-154
-71
-257
-97
-86
-228
51
-85
-252
35
-286
-152
105
-152
-73
118
-283
14
-19
-278
159
-173
-3
6
-166
5
-68
-188
-109
-52
-137
-80
-107
-70
-161
7
-170
-24
-73
-154
-42
-78
-172
-4
-200
-20
-130
-84
-40
-197
73
-60
85
-25
-19
9
-4
90
53
23
185
-74
137
48
43
51
125
-59
-55
26
-165
55
-74
8
-241
41
-268
-117
-32
-285
81
-236
-8
-62
-192
-39
-229
-73
-129
-190
31
-133
27
-57
-75
22
-139
-21
-39
-111
106
-196
56
93
-129
159
-101
-78
73
-72
-174
272
-200
27
136
-163
169
-46
-77
56
-49
-147
59
-165
147
-150
13
-11
-127
34
-160
-25
-44
-67
-111
-49
-179
34
-266
-42
1
-333
161
-267
-166
98
-215
-143
90
-188
12
-88
1
-30
38
58
-48
19
110
-55
-69
363
-170
179
158
-101
108
109
-169
80
95
-59
53
-63
87
-89
10
94
-182
50
64
-234
193
-57
-24
93
-84
50
-44
85
-11
-1
21
25
-97
-7
73
-209
135
-120
-27
-115
19
12
-48
110
11
-28
150
22
-140
225
-219
20
-12
-145
-39
-32
-293
34
-158
-172
0
-226
8
38
-115
-167
66
-265
-60
-78
-160
0
-181
-94
-103
-80
-136
-146
-102
-167
-110
-87
-88
-80
-61
-122
-101
-182
-32
-136
-183
-72
-163
-163
-148
-240
-314
-200
-274
-213
-262
-187
-267
-163
-325
-126
-203
-370
-26
-355
-249
-70
-326
-156
-122
-361
-81
-245
-338
-80
-318
-160
-103
-327
-57
-240
-260
-30
-268
-62
-139
-248
-23
-192
-182
-10
-252
-191
-16
-343
38
-51
-294
62
-145
-192
100
-220
2
48
-286
147
-115
-201
69
-231
-184
107
-353
-33
-43
-278
45
-51
-119
53
-141
-200
71
-261
33
-63
-76
-16
-4
-175
14
25
-169
47
-80
-113
-9
-30
-199
98
-161
23
31
-98
-21
-16
-55
98
-8
-32
88
-138
33
-63
-90
-71
29
-118
-17
-78
10
-27
26
119
-42
196
-13
-23
133
-67
-23
94
-97
131
-13
30
47
-82
-72
124
-178
-5
169
-180
199
12
0
143
146
73
206
84
90
276
67
177
163
62
7
106
75
-45
33
23
92
-2
-33
111
-17
19
98
-36
17
94
-43
-54
67
-82
-67
-50
-179
-49
-161
-117
-79
-28
-244
-85
-162
-220
-94
-277
-153
-143
-250
-266
-179
-305
-239
-166
-519
-126
-342
-419
-244
-374
-331
-246
-215
-327
-131
-349
-107
-205
-334
9
-239
-160
-97
-183
-155
-106
-118
-132
-81
-146
-83
-133
-187
-72
-200
-200
-170
-239
-172
-270
-146
-242
-221
-223
-255
-186
-321
-201
-143
-277
-168
-139
-262
-150
-101
-253
-15
-96
-177
120
-170
-88
16
-165
-51
-20
-99
-122
56
-168
10
89
-272
130
-184
-158
-37
-155
-150
-69
-75
-224
-26
-245
-152
-36
-256
-119
-169
-262
-212
-221
-267
-317
-167
-392
-269
-217
-410
-181
-255
-382
-233
-295
-364
-243
-259
-394
-178
-309
-423
-77
-469
-279
-153
-481
-303
-185
-470
-162
-103
-330
-62
-127
-363
-89
-178
-384
17
-302
-263
-127
-277
-229
-120
-336
-211
-193
-400
-269
-238
-413
-176
-250
-306
-98
-222
-224
-194
-145
-315
-85
-134
-192
-128
-177
-68
-136
-108
-98
-74
-135
-163
-109
-123
-242
-116
-125
-105
-151
-138
-41
-123
-91
-6
-88
-92
-83
-82
-134
-132
-128
-171
-122
-168
-119
-126
-102
-186
-47
-69
-199
-29
-62
-147
11
-113
-151
17
-152
-106
-20
-192
-195
-35
-236
-123
-93
-100
-51
-68
-20
-45
-61
-65
-90
27
-111
-71
-56
-115
-133
-158
-155
-157
-94
-92
-133
-80
-134
-108
-39
-151
-24
-111
-54
-55
-38
70
-108
-33
-69
-80
13
-60
-62
-16
-13
-79
-88
-74
-167
-42
-156
-130
-202
-148
-170
-133
-95
-186
-185
-265
-246
-208
-162
-74
-232
-219
-109
-338
-138
-250
-152
-96
-209
-110
-203
-138
-221
-237
-177
-199
-157
-220
-241
-182
-239
-202
-291
-337
-257
-321
-252
-292
-315
-271
-296
-285
-222
-266
-345
-258
-284
-262
-151
-210
-221
-101
-330
-275
-149
-284
-218
-236
-329
-279
-232
-374
-220
-299
-248
-250
-338
-284
-263
-286
-309
-231
-307
-241
-246
-206
-155
-179
-134
-74
-209
-99
-144
-238
-113
-243
-143
-105
-239
-182
-176
-266
-216
-232
-288
-115
-212
-263
-119
-201
-168
-103
-235
-189
-137
-316
-142
-219
-272
-155
-266
-214
-158
-241
-216
-146
-227
-122
-140
-191
-6
-139
-99
20
-157
-72
-83
-191
30
-68
-123
21
-175
-48
-94
-123
-63
-8
-101
-44
-102
-181
-46
-61
-58
29
65
19
63
20
85
72
104
133
71
246
127
76
189
-7
61
193
0
169
154
47
147
136
79
145
104
92
100
57
137
-30
96
61
53
82
-4
32
45
112
47
85
8
6
49
9
-9
0
-14
-60
57
99
66
115
123
48
199
151
99
168
134
83
149
210
108
211
207
111
223
270
126
238
245
175
253
207
189
216
218
166
191
210
203
152
244
218
155
209
230
198
230
295
197
247
231
170
249
267
156
243
284
225
235
314
196
232
301
209
261
258
266
207
199
226
178
175
255
166
183
257
163
187
273
185
224
225
153
125
201
179
158
150
160
102
111
130
54
97
85
66
126
138
152
126
87
145
47
100
126
66
104
135
60
138
161
30
84
117
70
149
126
131
166
107
158
137
166
160
173
163
165
121
75
97
83
113
69
106
40
141
121
129
142
88
109
96
152
154
112
87
156
100
130
159
117
124
80
87
147
75
113
107
89
40
33
12
-33
77
76
62
-4
-5
-34
-55
-64
-65
-40
-58
-64
12
-19
-48
29
-66
15
-19
-17
18
0
3
-10
-25
-32
-17
-66
-86
-53
-43
-42
2
-53
-42
-43
-58
-64
-30
-14
-31
-15
-25
2
10
31
78
112
25
78
75
79
122
102
25
-18
4
13
107
69
-16
24
10
26
113
177
159
204
194
111
208
103
153
215
165
220
153
195
213
196
177
204
168
127
201
179
199
186
116
143
236
192
185
253
146
157
170
159
203
210
172
190
221
169
157
127
167
195
172
241
261
247
236
151
158
158
160
210
241
273
228
243
201
188
212
221
271
296
304
276
270
285
238
240
237
214
249
237
248
207
238
182
181
219
233
234
271
287
247
280
238
274
308
326
329
350
364
353
349
382
386
332
341
314
287
310
272
249
204
191
193
174
200
170
198
196
169
143
104
135
122
161
169
176
185
125
119
131
136
172
204
206
223
228
221
207
239
265
253
236
259
250
234
224
207
208
231
252
265
279
252
236
242
248
269
277
306
296
271
286
269
287
240
224
193
233
260
265
259
283
303
278
285
282
274
295
318
322
335
332
290
284
298
282
293
265
306
279
260
256
259
255
242
243
243
211
195
195
176
158
162
156
137
163
135
96
128
107
103
116
51
71
79
35
-3
-20
-12
-22
-11
-20
-18
-45
-30
-41
-63
-33
-54
-62
-63
-82
-69
-20
-33
1
11
-11
-15
-53
-21
-45
-42
-13
-8
-2
-38
-23
-27
-33
-23
-31
-54
-87
-52
-48
-61
-77
-118
-119
-132
-118
-127
-138
-144
-140
-121
-129
-125
-131
-170
-173
-169
-141
-132
-128
-100
-91
-104
-134
-161
-140
-132
-134
-151
-147
-123
-129
-95
-75
-61
-88
-159
-171
-119
-95
-94
-92
-100
-132
-80
-47
-42
27
-3
-30
-6
-28
-30
-39
-40
-72
-73
-110
-127
-117
-87
-68
-80
-79
-99
-96
-82
-81
-70
-30
-51
6
-4
-11
-1
-46
-33
-14
1
0
-1
-10
-31
-1
25
49
38
20
22
30
37
55
19
6
10
-7
6
-35
-38
25
57
42
47
-31
-89
-66
-36
-20
4
-2
7
5
11
-10
-20
-3
-24
-29
-68
-46
-56
-63
-82
-100
-84
-61
-44
-69
-47
-52
-64
-42
-87
-73
-53
-47
-44
-7
23
16
34
-16
-1
1
11
1
-28
-35
-55
-47
-78
-86
-87
-70
-37
-37
-27
-24
-31
-38
-52
-58
-74
-66
-100
-83
-66
-73
-56
-98
-131
-137
-132
-126
-99
-101
-95
-90
-72
-70
-61
-78
-99
-100
-108
-93
-82
-74
-52
-53
-53
-71
-80
-110
-123
-148
-166
-151
-173
-177
-184
-232
-233
-187
-204
-155
-163
-181
-170
-192
-220
-210
-223
-218
-213
-206
-223
-226
-243
-273
-236
-292
-263
-269
-286
-300
-287
-271
-263
-277
-262
-213
-227
-242
-257
-292
-302
-283
-304
-291
-296
-317
-272
-248
-238
-203
-208
-223
-223
-224
-224
-209
-205
-179
-176
-197
-198
-207
-181
-207
-191
-180
-186
-162
-168
-153
-119
-128
-157
-142
-135
-118
-122
-112
-91
-108
-59
-29
-63
-55
-107
-171
-155
-141
-129
-127
-152
-145
-149
-156
-175
-200
-224
-226
-210
-217
-196
-196
-204
-223
-224
-258
-236
-237
-237
-196
-210
-198
-214
-220
-254
-238
-210
-203
-165
-172
-157
-157
-160
-130
-146
-135
-130
-138
-95
-105
-91
-106
-125
-123
-160
-155
-177
-195
-204
-196
-172
-152
-126
-147
-146
-155
-166
-148
-145
-142
-165
-174
-143
-139
-116
-107
-108
-70
-54
-46
-59
-85
-120
-118
-94
-67
-44
-49
-75
-62
-66
-56
-61
-81
-64
-43
-16
-15
8
14
16
-5
-40
-36
-34
-23
-9
-31
-67
-94
-182
-171
-135
-86
-28
40
17
0
-55
-89
-16
11
10
22
69
52
46
34
-17
-52
-62
-68
-55
-54
-5
-45
-56
-57
-107
-73
-103
-90
-81
-3
65
124
123
81
14
-21
-53
-46
30
70
120
106
93
81
58
-11
-24
-21
-19
38
66
96
99
126
124
82
58
61
63
70
100
131
106
93
30
4
-7
-16
2
-7
62
59
22
-29
-32
-53
-57
-43
-54
15
26
18
22
35
13
-21
-13
-21
-23
-34
-42
-40
-30
-27
-12
-7
14
40
27
26
34
6
-15
-32
-54
-38
-13
-13
-6
-26
-50
-39
-42
-20
-15
-50
-68
-79
-100
-106
-87
-98
-96
-92
-100
-108
-91
-104
-110
-140
-148
-132
-140
-159
-160
-144
-111
-92
-81
-60
-81
-96
-68
-69
-96
-83
-91
-72
-83
-82
-95
-103
-92
-86
-106
-155
-172
-154
-137
-127
-114
-108
-141
-146
-136
-147
-152
-148
-158
-158
-133
-123
-107
-88
-99
-106
-88
-107
-107
-153
-132
-120
-112
-109
-135
-125
-104
-76
-88
-46
-22
-7
20
-1
-13
-8
9
28
22
15
35
42
2
-14
-8
-38
-44
-96
-147
-165
-148
-139
-164
-141
-131
-125
-131
-113
-115
-116
-109
-115
-107
-102
-105
-105
-68
-53
-51
-53
-50
-70
-55
-49
-47
-41
-40
-40
-60
-51
-62
-52
-52
-61
-76
-86
-94
-110
-161
-185
-171
-210
-226
-236
-240
-221
-235
-224
-237
-267
-274
-289
-297
-306
-304
-300
-314
-327
-337
-361
-349
-327
-337
-337
-339
-319
-299
-279
-296
-328
-300
-324
-333
-330
-359
-364
-349
-338
-347
-368
-383
-396
-402
-365
-338
-356
-361
-370
-354
-334
-323
-319
-335
-385
-374
-342
-319
-304
-278
-269
-264
-245
-258
-233
-243
-248
-234
-220
-204
-184
-212
-238
-237
-199
-193
-167
-165
-169
-176
-186
-186
-217
-176
-161
-126
-113
-120
-91
-66
-34
-36
-72
-94
-75
-69
-26
12
10
-16
-23
-33
-54
-21
5
28
22
20
27
30
33
42
31
7
8
33
41
38
26
17
4
7
23
20
33
51
41
15
42
44
42
60
64
70
94
99
144
165
148
143
110
139
156
139
119
109
105
98
137
135
128
117
93
94
67
69
65
88
98
65
10
-23
-8
11
53
76
90
103
102
68
50
34
6
-9
-25
-35
-72
-86
-110
-130
-132
-132
-146
-155
-134
-100
-86
-73
-77
-77
-73
-90
-84
-92
-102
-82
-60
-81
-106
-115
-120
-113
-112
-130
-141
-149
-162
-169
-166
-158
-138
-118
-107
-114
-100
-90
-116
-119
-127
-116
-96
-104
-100
-84
-76
-83
-125
-146
-149
-134
-113
-112
-89
-73
-48
-33
-16
0
12
19
32
46
69
95
112
129
113
99
71
42
51
69
71
74
73
71
79
58
44
38
17
36
44
42
46
40
19
-4
-3
-20
-32
2
15
20
45
65
47
15
26
41
39
16
47
28
6
-6
-34
-13
18
25
13
-17
-66
-91
-87
-98
-100
-84
-98
-84
-76
-97
-102
-126
-147
-143
-127
-82
-81
-82
-87
-126
-147
-159
-197
-213
-199
-214
-221
-210
-205
-184
-179
-180
-173
-162
-175
-191
-175
-186
-184
-162
-184
-180
-172
-160
-165
-186
-198
-232
-265
-300
-323
-329
-328
-346
-380
-381
-405
-426
-408
-407
-412
-409
-413
-418
-439
-442
-447
-471
-459
-474
-464
-438
-427
-443
-468
-500
-511
-505
-474
-441
-429
-419
-409
-404
-404
-401
-407
-404
-378
-331
-298
-302
-308
-318
-316
-350
-349
-335
-319
-304
-274
-258
-267
-263
-295
-309
-306
-293
-288
-268
-272
-281
-293
-281
-281
-296
-283
-270
-246
-257
-242
-238
-242
-226
-253
-236
-219
-206
-196
-208
-208
-209
-214
-220
-198
-189
-168
-131
-112
-71
-58
-61
-47
-16
-36
-67
-63
-31
-15
-18
-35
-63
-83
-100
-77
-55
-43
-33
-49
-64
-87
-89
-89
-108
-107
-130
-127
-124
-148
-153
-166
-179
-153
-147
-159
-156
-143
-138
-142
-144
-154
-154
-144
-145
-155
-170
-159
-178
-167
-128
-129
-115
-105
-107
-77
-101
-91
-90
-132
-140
-158
-142
-136
-143
-124
-142
-180
-182
-195
-190
-167
-184
-204
-197
-183
-166
-177
-189
-160
-163
-188
-174
-174
-185
-163
-146
-134
-97
-125
-140
-164
-148
-135
-151
-142
-161
-144
-150
-132
-148
-191
-210
-222
-219
-211
-211
-190
-149
-139
-150
-188
-199
-196
-169
-126
-122
-94
-80
-62
-69
-75
-75
-106
-111
-85
-59
-42
-42
-37
-17
-40
-71
-71
-46
-17
-25
-13
-2
-10
-16
-32
-51
-63
-68
-44
-18
-18
-60
-58
-26
-12
-2
-2
7
4
-9
1
11
19
29
33
21
7
29
12
-10
-27
-23
8
24
53
42
34
27
11
11
-6
-34
-69
-82
-79
-96
-92
-82
-93
-99
-92
-100
-130
-125
-103
-97
-107
-131
-129
-123
-121
-121
-119
-129
-133
-126
-124
-139
-135
-106
-120
-148
-168
-191
-197
-181
-153
-157
-148
-163
-181
-168
-159
-176
-182
-134
-110
-101
-103
-121
-122
-123
-117
-144
-156
-137
-122
-130
-125
-106
-97
-89
-81
-93
-108
-118
-100
-103
-102
-73
-86
-106
-90
-67
-72
-80
-100
-99
-90
-90
-79
-112
-157
-183
-185
-176
-183
-187
-169
-176
-178
-183
-193
-213
-220
-216
-210
-219
-243
-222
-202
-185
-186
-182
-175
-186
-204
-205
-234
-246
-248
-244
-249
-244
-212
-209
-207
-225
-234
-215
-215
-186
-148
-143
-159
-163
-160
-214
-233
-257
-230
-197
-205
-184
-211
-229
-221
-190
-166
-191
-180
-186
-204
-203
-183
-168
-183
-195
-218
-227
-249
-267
-261
-250
-212
-174
-144
-147
-128
-145
-155
-132
-151
-127
-140
-124
-123
-133
-141
-166
-157
-127
-108
-129
-148
-189
-206
-175
-121
-147
-169
-221
-254
-234
-214
-185
-191
-189
-206
-209
-187
-135
-75
-51
-40
-40
-50
-26
-45
-77
-85
-95
-93
-117
-180
-193
-199
-222
-238
-237
-238
-250
-266
-290
-305
-298
-278
-254
-224
-215
-202
-216
-239
-251
-249
-247
-270
-282
-274
-247
-249
-251
-262
-272
-286
-304
-289
-293
-280
-281
-270
-255
-246
-247
-235
-226
-224
-231
-250
-251
-268
-269
-264
-227
-218
-222
-236
-250
-240
-211
-199
-203
-179
-183
-212
-227
-224
-215
-194
-176
-152
-144
-144
-140
-137
-126
-109
-98
-93
-92
-84
-62
-46
-43
-25
-17
-17
2
7
6
-6
-16
-46
-63
-71
-100
-114
-127
-84
-58
-34
-32
-41
-49
-51
-37
-23
1
6
5
-6
15
31
57
90
88
85
68
68
82
83
62
51
88
98
75
78
76
66
50
49
44
55
63
66
77
70
60
58
68
46
63
44
49
70
50
46
24
6
-5
4
6
18
43
43
1
-16
-7
-17
2
15
18
-4
-31
-38
-11
-6
-32
-76
-79
-68
-72
-53
-40
-24
-27
-30
-50
-47
-37
-22
-14
-27
-28
-6
5
11
0
-6
4
15
13
23
-2
-6
-17
-6
0
-18
-3
-29
-25
-1
16
12
-1
-2
0
12
8
27
40
39
31
27
41
37
4
-11
-2
23
5
28
50
51
56
62
75
109
117
93
85
66
92
102
59
39
39
8
9
25
41
34
28
26
6
-14
10
16
32
45
25
46
40
39
21
-2
26
59
96
98
102
142
153
151
132
122
148
170
184
183
189
196
187
197
189
189
169
149
158
170
196
188
169
162
146
166
182
175
151
142
147
133
101
71
63
84
74
74
93
116
127
112
115
88
72
92
133
134
147
150
133
123
122
133
129
126
151
147
145
141
117
131
143
153
145
131
110
94
106
90
69
31
25
42
58
76
72
62
26
30
71
109
115
133
145
120
112
96
93
78
81
106
106
116
131
121
96
83
72
83
90
70
29
9
1
1
20
15
7
-3
2
46
88
94
83
71
56
65
55
31
26
13
0
5
-24
-36
-50
-79
-73
-56
-49
-33
-16
-6
23
33
21
49
42
36
54
68
82
81
101
101
81
77
96
87
91
109
115
96
90
63
36
21
32
24
24
25
-3
-23
-32
-18
3
27
42
35
-3
-20
-8
-33
-46
-23
-9
13
39
33
12
-15
-25
-22
0
49
57
75
101
106
103
103
103
103
114
109
113
114
89
68
65
81
61
54
62
64
67
55
54
48
36
62
90
118
103
98
106
117
110
79
75
69
92
96
103
79
57
89
96
103
100
96
76
57
55
31
21
46
44
33
30
43
29
4
-3
7
-13
-35
-41
-55
-63
-92
-104
-118
-102
-101
-97
-89
-102
-109
-102
-102
-104
-90
-89
-83
-87
-88
-70
-66
-78
-105
-92
-76
-56
-44
-57
-73
-86
-97
-99
-96
-119
-110
-97
-56
-49
-62
-72
-98
-85
-78
-61
-58
-59
-81
-89
-52
-52
-38
-28
0
28
45
70
55
30
23
44
53
44
37
48
52
56
39
57
51
13
-24
-31
-26
-19
-37
-62
-46
-52
-47
-40
-51
-45
-16
7
4
-15
-21
-16
-15
-10
-14
-36
-60
-68
-36
-43
-32
-11
-18
-32
-24
-9
-12
25
37
30
22
-15
-9
17
40
32
2
-52
-67
-56
-16
-8
-25
-29
-32
-24
-27
-2
15
23
20
2
-13
-24
-27
-11
-18
-13
-30
-62
-70
-43
-54
-43
-27
-32
-20
-23
-28
-69
-129
-149
-112
-79
-82
-56
-21
-4
-7
-16
-20
-10
10
-3
2
-13
-24
18
34
18
-15
-52
-73
-50
-45
6
45
65
48
8
0
5
23
28
32
39
19
0
-15
-35
-29
-16
-10
-6
-7
-42
-53
-49
-54
-96
-105
-96
-89
-65
-75
-80
-86
-53
-11
15
12
-3
-5
32
47
29
38
32
32
43
44
1
-9
-9
-31
-43
-55
-78
-77
-59
-45
-50
-32
-28
7
10
36
65
50
10
-31
-35
-37
-26
-14
-19
-21
-29
-9
-3
-14
7
-3
11
-11
-21
-26
-45
-41
-52
-59
-48
-63
-56
-50
-75
-87
-96
-78
-54
-33
-46
-56
-45
-21
-20
-31
-45
-45
-4
16
1
-20
-1
5
-16
-34
-36
-38
-36
-28
-31
-47
-65
-64
-57
-39
-8
8
-14
-37
-53
-71
-55
-45
-80
-93
-97
-102
-86
-70
-66
-86
-81
-71
-56
-35
-9
7
-12
2
-9
-8
-1
10
18
20
38
10
-2
9
3
6
-47
-93
-100
-105
-117
-117
-115
-145
-155
-177
-163
-144
-169
-176
-191
-201
-168
-110
-99
-99
-103
-110
-76
-44
-30
-17
-17
-28
-38
-31
-9
19
12
5
-1
3
-2
-35
-60
-95
-76
-77
-104
-104
-97
-94
-96
-95
-93
-82
-82
-96
-95
-82
-49
-26
-52
-53
-40
-26
-33
-51
-67
-50
-21
-23
-27
-42
-62
-63
-62
-65
-102
-128
-120
-130
-129
-162
-165
-161
-154
-139
-163
-159
-160
-140
-123
-139
-153
-122
-110
-136
-131
-117
-108
-120
-94
-78
-73
-73
-92
-91
-92
-85
-76
-83
-98
-104
-124
-140
-142
-144
-159
-152
-144
-133
-131
-140
-159
-163
-158
-169
-171
-176
-183
-199
-198
-199
-212
-243
-252
-252
-239
-233
-238
-238
-248
-249
-245
-243
-241
-245
-253
-251
-247
-231
-243
-261
-272
-290
-323
-330
-304
-276
-279
-289
-282
-285
-280
-270
-253
-258
-238
-209
-194
-164
-160
-138
-141
-136
-146
-161
-167
-194
-179
-183
-183
-176
-202
-203
-197
-178
-176
-172
-154
-132
-101
-84
-85
-110
-145
-156
-127
-106
-73
-74
