579
573
569
547
534
525
521
505
497
510
530
550
557
550
559
567
557
539
514
513
486
467
456
458
432
391
388
370
361
356
334
307
299
295
281
258
245
252
229
220
244
241
235
237
251
246
245
242
248
254
257
243
240
224
208
186
159
149
132
131
115
104
103
132
143
140
150
170
163
166
181
188
213
219
237
264
248
214
190
172
174
155
154
144
130
119
105
101
86
72
61
56
46
42
55
90
97
95
104
118
131
142
142
160
178
182
173
164
156
151
155
161
162
141
144
141
146
139
125
126
123
129
138
150
170
195
221
243
244
250
267
283
283
288
297
308
316
317
302
290
300
314
306
273
248
244
243
253
243
245
251
251
248
238
240
242
259
276
293
300
302
302
281
274
270
267
275
260
258
237
230
230
236
242
231
213
176
173
161
168
168
177
191
214
238
239
233
227
230
229
245
248
237
224
225
231
227
214
207
206
206
207
215
198
184
167
160
160
144
150
149
161
165
157
159
146
171
191
187
171
157
148
148
137
122
131
138
162
160
152
152
133
130
116
114
120
125
132
142
163
188
197
192
186
183
196
211
229
224
223
240
257
262
245
215
195
170
150
129
119
123
99
86
74
55
43
19
16
31
40
29
27
28
38
55
60
56
65
72
77
100
124
132
135
126
113
85
56
48
32
11
-13
-15
-6
12
27
56
76
82
91
106
128
133
127
148
158
154
175
193
216
207
186
182
184
177
164
173
188
196
230
249
243
236
222
206
194
193
187
183
182
199
226
225
226
229
244
265
278
285
285
283
269
260
261
250
236
229
238
222
225
214
215
230
232
253
267
275
277
292
296
307
319
331
334
323
308
298
296
307
322
293
273
265
225
186
179
178
168
166
176
190
181
178
177
170
159
159
176
193
203
188
187
197
193
190
208
212
226
217
219
222
225
223
237
258
253
267
264
265
270
270
258
244
231
239
254
246
246
237
249
264
266
285
294
291
273
267
276
282
281
282
270
264
252
244
244
236
234
241
239
215
201
204
211
208
178
149
145
134
138
156
184
188
180
179
176
166
167
174
168
162
163
155
159
163
127
100
78
64
59
62
82
99
102
113
132
139
123
122
132
147
168
202
224
222
236
242
235
246
237
236
252
273
259
254
259
266
246
226
225
206
195
188
183
194
209
211
234
243
261
258
267
294
313
311
318
335
326
321
295
288
254
228
222
221
218
200
203
192
182
179
171
173
164
155
164
183
179
168
187
199
202
193
179
168
158
156
167
171
145
129
115
105
98
88
83
60
59
61
80
83
92
121
129
129
142
155
154
163
165
170
174
184
188
185
194
172
135
112
99
104
88
78
65
59
50
30
17
15
16
19
13
19
18
21
30
38
59
75
70
78
82
81
84
76
64
41
12
-6
-2
-2
-12
-23
-10
-4
-10
-1
5
7
9
17
16
15
10
5
14
23
43
66
77
82
71
60
73
75
74
83
82
80
89
90
112
114
115
106
88
77
59
75
87
82
96
106
143
178
187
174
179
191
192
182
182
184
192
216
211
220
218
209
205
191
175
163
160
161
165
163
165
157
129
126
132
154
200
234
264
272
268
284
314
326
321
340
368
388
407
402
401
403
394
368
355
359
359
375
371
368
373
401
415
425
420
423
420
427
440
447
458
439
450
435
414
398
367
352
344
339
322
294
257
214
179
156
140
135
133
143
166
182
206
209
209
240
264
282
282
277
273
284
296
290
284
267
253
233
221
193
168
150
140
147
143
156
156
156
153
151
159
151
154
156
158
152
149
158
162
154
134
115
110
114
133
146
135
138
117
96
81
65
60
71
75
85
106
127
147
170
198
204
222
220
232
285
316
312
296
277
259
260
257
242
242
241
238
228
222
210
199
205
206
220
230
239
247
248
237
230
209
196
216
221
228
216
197
197
201
208
198
184
184
183
184
191
187
161
132
114
120
136
140
135
141
157
165
178
184
177
184
174
168
160
161
171
171
163
146
117
103
108
118
146
148
150
156
171
173
164
181
195
212
206
169
160
157
150
152
158
179
187
196
206
221
232
221
208
194
186
174
169
155
132
114
99
99
96
95
92
82
87
86
89
88
90
66
63
48
42
14
-17
-12
-37
-53
-82
-121
-156
-174
-176
-189
-184
-162
-152
-132
-127
-143
-156
-161
-173
-183
-166
-143
-118
-110
-93
-73
-77
-84
-94
-96
-96
-88
-86
-91
-102
-128
-130
-148
-167
-174
-189
-197
-217
-224
-221
-231
-240
-232
-223
-224
-225
-209
-203
-179
-163
-151
-145
-132
-119
-108
-104
-108
-110
-101
-82
-61
-46
-44
-52
-62
-49
-43
-44
-56
-58
-72
-74
-85
-71
-38
-22
-26
-16
12
22
26
39
44
44
27
6
8
17
32
24
15
16
12
17
14
4
-14
-16
-9
0
14
25
35
38
36
34
40
31
12
11
29
52
69
82
99
119
137
147
142
158
181
182
188
190
188
180
171
163
160
161
175
176
156
162
162
131
119
109
121
132
148
159
155
143
145
140
119
100
72
59
41
16
-6
0
0
-23
-51
-62
-59
-63
-59
-48
-41
-36
-51
-50
-50
-65
-72
-81
-99
-113
-124
-122
-123
-133
-137
-143
-135
-124
-102
-93
-82
-94
-109
-106
-106
-110
-113
-111
-107
-116
-105
-99
-106
-113
-124
-117
-101
-73
-54
-33
-17
-21
-20
-8
-7
9
23
31
36
33
29
30
23
1
-13
-16
-24
-42
-47
-43
-47
-56
-58
-72
-79
-78
-60
-52
-45
-48
-47
-39
-14
19
29
23
21
30
35
47
45
37
33
65
76
90
108
106
115
118
113
111
122
116
132
123
122
122
137
149
160
176
164
156
156
184
218
219
205
220
238
252
259
237
220
197
184
177
156
175
187
185
195
166
199
213
225
221
224
240
228
254
254
262
249
243
227
219
240
263
271
258
258
234
214
202
193
215
196
166
155
127
112
105
80
65
53
31
17
38
46
37
42
39
48
38
37
30
16
23
44
44
51
55
41
26
14
9
3
-4
0
30
55
84
65
57
46
20
7
-4
17
29
55
80
83
94
79
63
54
62
89
112
120
135
162
191
191
168
148
144
154
160
180
187
177
173
152
124
124
126
122
115
106
96
69
41
39
24
1
-14
-8
5
-7
-15
-15
-23
-13
-17
-14
-17
-29
-21
-10
18
31
46
52
51
33
35
42
49
37
30
38
25
23
7
3
-7
-23
-37
-16
-10
5
33
38
50
58
55
81
106
124
158
148
163
135
120
81
63
59
48
44
50
78
92
94
45
52
57
81
105
102
113
96
102
95
88
93
98
84
68
52
30
57
56
66
60
48
44
52
26
49
42
31
55
45
82
58
93
96
105
103
92
95
76
89
72
101
68
75
73
59
44
17
31
-8
-15
-32
-48
-63
-66
-65
-65
-53
-39
-21
-1
15
3
41
41
45
52
43
44
43
64
87
107
125
124
96
93
87
84
79
83
87
96
110
91
95
84
95
116
118
133
150
170
176
184
164
174
166
162
156
133
145
132
147
159
139
128
131
174
184
201
222
222
249
258
271
284
289
282
280
267
272
252
256
249
239
249
241
254
256
262
243
234
252
256
255
254
257
253
259
262
247
231
229
250
247
259
264
262
257
253
282
290
290
282
264
250
235
226
235
248
241
219
194
194
206
218
222
256
273
291
296
296
294
292
303
293
303
318
320
345
343
345
331
309
280
251
250
246
232
224
212
218
220
211
171
164
152
145
148
161
181
162
162
142
150
169
159
158
136
149
169
176
166
159
120
63
42
24
23
12
23
6
-12
-34
-44
-56
-71
-72
-74
-60
-27
-8
1
24
41
56
70
66
80
77
83
74
30
-1
-15
-35
-73
-104
-128
-134
-140
-140
-137
-117
-93
-43
-14
26
43
55
85
112
158
151
116
86
44
27
5
-14
-21
-44
-48
-62
-66
-61
-57
-53
-52
-47
-36
0
-17
-32
-60
-80
-76
-79
-86
-84
-66
-52
-25
6
28
22
25
5
-12
-2
-20
-6
-9
-19
-38
-58
-73
-83
-59
-63
-63
-74
-61
-33
-12
24
42
71
86
96
108
108
83
68
54
65
57
35
14
-3
5
-30
-49
-39
-13
-4
6
24
24
38
38
50
76
72
80
85
90
89
86
109
119
131
138
126
144
165
182
177
171
182
196
192
192
190
160
152
129
126
124
117
98
91
98
107
98
96
111
108
119
113
96
86
93
87
68
76
73
53
35
17
0
-6
-29
-46
-38
-57
-55
-61
-52
-63
-65
-84
-106
-93
-82
-64
-65
-64
-61
-30
-19
-25
-9
6
18
17
-2
8
14
14
7
7
22
36
64
87
92
80
52
55
83
125
144
133
102
89
85
64
65
71
87
81
77
81
117
153
165
184
199
222
228
237
244
243
213
175
141
104
80
66
43
28
20
24
59
74
96
100
96
107
119
150
185
195
183
198
191
168
153
116
83
38
5
-10
3
39
62
91
128
138
132
119
119
117
113
93
83
87
77
72
77
103
112
115
122
119
139
153
150
148
118
105
92
91
82
55
39
23
5
-13
-26
-17
-7
-24
-16
6
9
5
7
31
69
70
84
95
101
79
39
67
83
97
117
123
135
107
69
41
15
-3
-55
-94
-94
-56
-2
13
12
6
7
-4
1
34
60
69
74
88
98
92
80
68
58
36
-3
-17
-27
-9
6
-6
-14
-20
-13
-1
-17
-40
-60
-93
-92
-97
-86
-64
-67
-84
-78
-54
-42
-14
16
18
16
12
2
21
5
-15
-47
-55
-44
-37
-42
-66
-96
-119
-123
-131
-122
-120
-108
-75
-64
-48
-39
-19
12
13
10
-6
0
-12
-21
-35
-60
-93
-112
-115
-92
-78
-80
-95
-125
-138
-166
-189
-197
-189
-182
-131
-97
-75
-62
-61
-51
-68
-45
-31
-11
13
18
26
7
-11
-54
-92
-142
-166
-145
-127
-125
-112
-96
-95
-91
-82
-92
-114
-127
-139
-110
-75
-45
-26
10
21
10
5
-14
-33
-70
-72
-48
-51
-33
-25
-17
-35
-76
-90
-79
-57
-42
-32
-7
36
38
41
66
76
80
90
110
120
111
73
42
21
-12
-47
-65
-69
-70
-77
-83
-66
-37
-31
-39
-37
-57
-68
-80
-93
-116
-152
-180
-179
-172
-160
-123
-110
-101
-103
-110
-130
-174
-198
-222
-235
-264
-275
-267
-260
-264
-289
-337
-364
-334
-306
-280
-239
-204
-199
-202
-206
-217
-214
-204
-202
-217
-220
-192
-182
-186
-181
-191
-196
-199
-189
-187
-207
-241
-239
-204
-183
-174
-196
-206
-229
-236
-244
-227
-208
-195
-183
-188
-208
-227
-249
-271
-296
-300
-302
-298
-280
-276
-290
-327
-341
-355
-361
-366
-356
-349
-338
-327
-312
-303
-317
-320
-342
-366
-376
-397
-406
-425
-413
-391
-374
-382
-379
-389
-412
-447
-473
-462
-469
-456
-461
-454
-472
-478
-479
-499
-502
-500
-479
-476
-446
-425
-426
-421
-412
-397
-401
-378
-381
-382
-361
-370
-395
-422
-424
-403
-391
-396
-384
-399
-431
-470
-478
-464
-458
-434
-405
-374
-384
-412
-411
-406
-412
-423
-436
-426
-390
-372
-375
-363
-374
-389
-392
-386
-370
-368
-365
-356
-355
-366
-418
-453
-485
-504
-511
-511
-495
-461
-410
-407
-412
-408
-400
-399
-397
-399
-390
-383
-365
-357
-364
-397
-407
-405
-438
-451
-492
-521
-506
-485
-473
-460
-459
-442
-398
-373
-390
-390
-373
-376
-392
-407
-431
-448
-468
-483
-492
-509
-525
-548
-570
-566
-577
-587
-581
-550
-500
-467
-440
-422
-379
-356
-338
-366
-400
-399
-367
-328
-319
-344
-399
-446
-495
-521
-530
-516
-498
-485
-487
-480
-463
-442
-435
-454
-424
-437
-407
-375
-352
-322
-325
-311
-334
-343
-369
-369
-374
-352
-371
-330
-306
-291
-271
-298
-310
-354
-365
-363
-365
-365
-357
-361
-345
-340
-337
-359
-389
-409
-419
-401
-358
-341
-289
-282
-303
-295
-305
-287
-305
-259
-207
-245
-242
-251
-252
-283
-314
-320
-336
-355
-386
-357
-345
-323
-312
-335
-298
-280
-292
-268
-283
-274
-289
-281
-257
-274
-249
-240
-229
-230
-207
-190
-151
-164
-144
-134
-116
-118
-139
-145
-174
-179
-194
-181
-185
-216
-202
-191
-190
-159
-141
-139
-149
-164
-197
-241
-241
-227
-211
-201
-189
-155
-175
-189
-219
-255
-282
-305
-282
-278
-260
-264
-275
-272
-299
-337
-334
-335
-344
-345
-327
-281
-280
-264
-238
-206
-204
-214
-203
-204
-176
-145
-151
-148
-117
-111
-145
-181
-220
-251
-298
-301
-305
-305
-292
-340
-358
-362
-343
-327
-320
-301
-292
-273
-283
-277
-255
-243
-199
-240
-200
-224
-197
-179
-203
-207
-193
-180
-213
-196
-199
-198
-230
-229
-254
-240
-228
-226
-188
-161
-129
-97
-120
-111
-128
-126
-120
-133
-86
-80
-50
-59
-113
-107
-141
-145
-154
-163
-168
-208
-198
-207
-193
-165
-183
-169
-163
-144
-137
-104
-93
-48
-42
-64
-36
-58
-84
-100
-133
-111
-89
-90
-30
-41
-57
-40
-59
-53
-55
-70
-62
-85
-98
-95
-91
-63
-88
-119
-124
-152
-133
-121
-113
-87
-98
-78
-72
-97
-59
-97
-95
-99
-96
-19
-20
14
11
20
56
52
65
43
10
-15
-48
-20
-13
-35
-38
-62
-46
-53
-56
-31
-72
-47
-95
-105
-67
-77
-19
-8
-6
29
30
65
77
85
90
78
64
55
81
74
60
31
-28
-38
-50
-69
-62
-52
-45
-22
-15
-7
23
49
77
93
89
112
141
163
185
197
211
228
252
240
206
135
115
59
53
82
65
83
35
3
-7
-21
-36
-48
-37
-47
-67
-83
-92
-72
-69
-61
-73
-69
-44
-18
18
58
55
65
52
75
71
59
46
21
23
-6
-4
-22
-9
-15
-10
-19
-13
20
6
-8
-13
-26
-11
27
50
89
80
69
55
46
30
-6
-36
-50
-76
-57
-64
-57
-60
-85
-101
-121
-119
-124
-112
-114
-113
-128
-112
-104
-142
-154
-200
-177
-128
-156
-124
-109
-133
-158
-143
-182
-183
-145
-206
-184
-173
-166
-141
-148
-115
-112
-125
-125
-115
-113
-89
-109
-106
-121
-165
-177
-205
-205
-209
-179
-139
-130
-98
-123
-157
-155
-165
-159
-169
-208
-238
-241
-243
-263
-292
-332
-337
-325
-342
-329
-321
-323
-311
-307
-292
-297
-327
-320
-328
-306
-303
-312
-292
-282
-265
-289
-318
-337
-356
-358
-336
-323
-321
-323
-313
-349
-373
-388
-390
-365
-345
-345
-351
-338
-310
-313
-324
-347
-350
-322
-323
-306
-286
-270
-268
-259
-280
-310
-345
-348
-362
-379
-370
-371
-357
-372
-384
-392
-427
-439
-448
-452
-429
-425
-427
-444
-435
-447
-447
-417
-401
-401
-405
-419
-402
-407
-419
-423
-428
-425
-429
-437
-450
-434
-427
-443
-468
-465
-464
-458
-439
-426
-422
-409
-418
-437
-452
-455
-452
-435
-423
-426
-428
-434
-425
-410
-426
-470
-496
-491
-498
-533
-563
-568
-562
-580
-564
-573
-576
-570
-561
-555
-542
-540
-536
-520
-505
-514
-530
-544
-583
-586
-599
-612
-628
-638
-623
-674
-697
-705
-721
-713
-720
-689
-675
-666
-652
-669
-678
-686
-702
-700
-674
-639
-624
-630
-647
-658
-660
-670
-675
-678
-666
-676
-696
-712
-737
-723
-752
-795
-814
-819
-807
-814
-804
-811
-798
-771
-735
-709
-690
-661
-626
-601
-590
-578
-601
-631
-665
-712
-724
-730
-738
-740
-755
-740
-752
-761
-764
-782
-785
-779
-738
-710
-685
-662
-651
-650
-618
-598
-591
-579
-584
-598
-613
-612
-589
-630
-669
-723
-771
-771
-784
-752
-736
-720
-731
-721
-720
-737
-750
-767
-780
-775
-750
-720
-719
-702
-684
-698
-691
-733
-755
-748
-747
-733
-709
-688
-675
-686
-684
-674
-680
-669
-647
-608
-599
-605
-621
-638
-647
-658
-672
-693
-659
-644
-628
-631
-621
-579
-540
-551
-553
-541
-530
-513
-509
-510
-521
-518
-513
-484
-490
-488
-514
-532
-532
-511
-536
-566
-592
-599
-593
-593
-584
-599
-567
-565
-565
-585
-560
-522
-486
-456
-463
-449
-433
-416
-422
-426
-457
-462
-522
-546
-539
-542
-545
-558
-551
-579
-600
-613
-602
-595
-580
-573
-563
-548
-525
-530
-562
-587
-622
-636
-633
-626
-605
-618
-611
-623
-635
-639
-665
-653
-648
-649
-634
-633
-636
-631
-657
-664
-665
-669
-658
-662
-651
-629
-640
-632
-615
-603
-558
-541
-508
-481
-464
-438
-466
-471
-474
-474
-492
-509
-522
-553
-556
-560
-546
-550
-581
-581
-593
-587
-580
-563
-530
-500
-465
-450
-438
-432
-408
-402
-386
-387
-406
-408
-421
-411
-428
-470
-492
-515
-532
-544
-546
-543
-542
-539
-549
-542
-531
-533
-513
-513
-514
-532
-521
-501
-490
-493
-516
-540
-542
-551
-564
-594
-608
-581
-561
-541
-572
-571
-588
-593
-602
-609
-597
-580
-548
-524
-533
-541
-525
-537
-520
-507
-512
-517
-502
-479
-452
-426
-405
-407
-405
-421
-433
-447
-461
-467
-456
-448
-451
-460
-475
-464
-471
-467
-486
-491
-490
-470
-463
-471
-467
-450
-428
-416
-405
-409
-411
-402
-368
-364
-371
-382
-391
-387
-401
-437
-495
-541
-572
-604
-611
-624
-616
-621
-632
-665
-719
-728
-700
-672
-652
-641
-633
-609
-594
-585
-595
-620
-655
-661
-635
-604
-592
-600
-597
-606
-596
-613
-604
-608
-607
-580
-613
-640
-646
-615
-607
-613
-643
-661
-669
-657
-648
-639
-617
-579
-533
-488
-467
-471
-471
-499
-510
-521
-524
-530
-526
-536
-507
-496
-500
-495
-498
-494
-519
-515
-507
-492
-503
-513
-531
-538
-515
-502
-505
-495
-500
-526
-520
-536
-551
-562
-577
-583
-582
-573
-581
-599
-609
-602
-605
-599
-600
-612
-603
-589
-595
-621
-635
-647
-664
-683
-694
-687
-683
-683
-675
-684
-709
-742
-754
-738
-722
-699
-671
-631
-602
-587
-591
-589
-581
-576
-595
-621
-641
-652
-649
-655
-665
-682
-695
-704
-709
-696
-688
-682
-678
-647
-571
-506
-488
-493
-488
-478
-459
-462
-470
-468
-433
-422
-427
-435
-459
-475
-482
-456
-445
-433
-416
-396
-353
-339
-327
-314
-326
-326
-322
-324
-345
-353
-362
-365
-393
-453
-462
-478
-501
-522
-556
-562
-561
-556
-538
-519
-513
-517
-489
-471
-463
-461
-470
-478
-484
-464
-454
-468
-498
-525
-555
-588
-612
-632
-626
-614
-595
-576
-577
-567
-553
-567
-558
-560
-536
-521
-517
-521
-524
-512
-511
-526
-538
-542
-542
-529
-520
-509
-515
-520
-506
-514
-510
-499
-490
-487
-479
-482
-498
-495
-489
-473
-463
-451
-450
-437
-432
-443
-478
-504
-509
-490
-476
-456
-409
-389
-391
-381
-386
-390
-384
-381
-363
-357
-332
-319
-320
-312
-297
-277
-257
-264
-279
-296
-283
-271
-247
-232
-238
-232
-241
-242
-243
-270
-282
-275
-289
-275
-266
-264
-285
-285
-304
-311
-324
-320
-307
-278
-249
-225
-190
-172
-172
-174
-175
-180
-161
-166
-180
-188
-191
-220
-235
-263
-276
-281
-301
-290
-285
-266
-248
-234
-241
-240
-218
-223
-223
-230
-219
-201
-211
-220
-231
-232
-234
-247
-258
-291
-296
-316
-333
-350
-360
-340
-327
-325
-315
-304
-298
-292
-280
-251
-247
-254
-271
-284
-275
-262
-290
-323
-348
-358
-356
-378
-395
-395
-378
-370
-368
-366
-377
-353
-308
-314
-314
-280
-277
-276
-283
-293
-310
-337
-371
-402
-430
-448
-468
-505
-526
-533
-530
-535
-507
-486
-475
-437
-421
-397
-378
-386
-402
-415
-418
-405
-408
-413
-412
-416
-417
-426
-432
-442
-436
-424
-417
-420
-438
-465
-474
-481
-481
-477
-471
-462
-477
-495
-502
-512
-529
-536
-538
-529
-514
-502
-473
-446
-430
-413
-395
-379
-376
-398
-399
-386
-362
-364
-363
-353
-342
-336
-331
-338
-347
-334
-329
-319
-327
-316
-317
-307
-308
-303
-312
-302
-296
-295
-269
-262
-253
-244
-254
-277
-298
-315
-319
-317
-307
-308
-314
-308
-315
-305
-299
-297
-299
-285
-277
-282
-269
-271
-272
-267
-276
-288
-309
-322
-325
-324
-300
-288
-265
-247
-240
-228
-231
-228
-212
-209
-201
-188
-185
-191
-200
-205
-217
-225
-251
-273
-280
-293
-313
-342
-340
-350
-354
-329
-337
-337
-327
-305
-287
-288
-290
-290
-289
-293
-289
-297
-325
-339
-352
-379
-406
-426
-439
-451
-462
-478
-480
-465
-473
-488
-494
-466
-445
-428
-422
-422
-397
-389
-372
-375
-394
-411
-422
-417
-404
-413
-401
-386
-381
-367
-367
-365
-351
-357
-348
-316
-309
-297
-303
-306
-309
-299
-293
-283
-273
-294
-310
-325
-329
-330
-346
-365
-360
-351
-344
-349
-329
-325
-347
-371
-379
-352
-332
-301
-294
-291
-283
-269
-274
-291
-303
-311
-317
-310
-294
-286
-305
-315
-316
-331
-352
-369
-373
-367
-352
-357
-350
-338
-335
-336
-345
-334
-313
-303
-298
-297
-290
-274
-260
-259
-252
-237
-234
-219
-227
-239
-237
-254
-259
-251
-245
-269
-304
-305
-301
-298
-302
-299
-300
-283
-246
-227
-205
-205
-202
-189
-165
-161
-168
-178
-166
-163
-192
-215
-245
-263
-289
-296
-288
-270
-252
-233
-230
-230
-223
-217
-214
-200
-190
-172
-168
-151
-132
-165
-169
-186
-223
-228
-218
-216
-223
-238
-246
-274
-286
-283
-280
-260
-248
-235
-217
-214
-196
-202
-216
-207
-201
-197
-204
-188
-173
-184
-188
-195
-211
-222
-229
-219
-229
-225
-213
-221
-234
-236
-236
-216
-198
-175
-166
-149
-130
-132
-123
-126
-120
-110
-90
-80
-82
-76
-67
-49
-37
-42
-60
-71
-79
-73
-68
-61
-61
-83
-80
-93
-102
-98
-103
-94
-84
-91
-86
-71
-64
-59
-62
-53
-38
-12
-2
8
26
32
55
63
72
92
92
84
84
85
75
40
20
17
9
-15
-33
-40
-32
-27
-20
-28
-37
-35
-28
-20
-24
-7
8
40
56
74
68
46
51
48
45
34
34
20
25
23
-10
-24
-30
-38
-54
-45
-30
-22
-19
-24
-41
-47
-41
-28
-6
19
41
58
62
57
60
52
49
53
70
65
68
82
80
82
77
61
51
48
42
38
28
15
-4
-30
-44
-38
-30
-48
-57
-47
-44
-59
-64
-57
-71
-70
-59
-53
-51
-70
-82
-92
-126
-143
-151
-163
-185
-197
-206
-214
-221
-231
-234
-221
-223
-219
-219
-223
-235
-239
-244
-247
-239
-227
-216
-226
-213
-198
-201
-209
-216
-235
-242
-249
-245
-256
-272
-279
-273
-274
-280
-285
-274
-255
-252
-245
-258
-250
-272
-270
-253
-244
-227
-246
-259
-266
-284
-311
-336
-342
-336
-328
-309
-308
-297
-306
-313
-321
-341
-347
-339
-328
-328
-308
-300
-294
-289
-279
-259
-251
-250
-255
-249
-263
-260
-258
-253
-252
-263
-269
-278
-289
-310
-339
-360
-366
-376
-388
-385
-388
-386
-368
-362
-371
-381
-375
-372
-381
-394
-395
-398
-403
-393
-394
-394
-376
-341
-324
-310
-316
-319
-331
-350
-354
-367
-366
-359
-361
-361
-352
-355
-366
-383
-366
-350
-344
-319
-309
-300
-291
-290
-299
-314
-325
-328
-327
-339
-324
-327
-307
-295
-297
-293
-296
-293
-285
-274
-277
-292
-318
-355
-386
-382
-390
-392
-393
-398
-397
-387
-383
-361
-350
-344
-330
-337
-347
-357
-348
-324
-304
-309
-320
-324
-338
-343
-347
-369
-392
-382
-375
-383
-390
-397
-403
-403
-393
-396
-395
-400
-431
-457
-480
-481
-456
-446
-438
-411
-385
-368
-353
-362
-371
-387
-380
-376
-375
-372
-385
-371
-350
-338
-350
-374
-399
-401
-400
-385
-367
-370
-376
-380
-386
-386
-376
-362
-352
-346
-360
-377
-385
-396
-400
-402
-388
-398
-389
-382
-375
-376
-389
-379
-390
-389
-396
-388
-375
-382
-374
-364
-366
-372
-374
-374
-367
-387
-396
-394
-390
-381
-383
-382
-379
-378
-372
-362
-374
-385
-384
-383
-391
-398
-385
-377
-381
-374
-373
-385
-371
-354
-350
-354
-371
-386
-389
-388
-393
-377
-362
-330
-324
-328
-327
-337
-340
-350
-360
-369
-371
-364
-364
-364
-364
-365
-358
-348
-344
-347
-347
-339
-335
-326
-325
-310
-303
-299
-317
-347
-356
-377
-400
-409
-418
-426
-434
-432
-425
-437
-436
-432
-425
-437
-439
-443
-445
-444
-447
-423
-418
-424
-431
-453
-465
-470
-489
-512
-522
-531
-513
-503
-502
-496
-499
-491
-487
-490
-501
-517
-525
-537
-551
-544
-527
-516
-502
-503
-504
-508
-516
-518
-538
-548
-524
-510
-510
-513
-513
-498
-499
-501
-499
-497
-501
-500
-516
-527
-551
-568
-568
-568
-543
-538
-539
-535
-543
-540
-545
-552
-546
-518
-507
-492
-479
-476
-463
-458
-463
-463
-446
-451
-449
-447
-443
-432
-434
-437
-445
-438
-427
-426
-418
-422
-415
-420
-422
-408
-396
-393
-402
-375
-359
-363
-376
-387
-380
-365
-367
-370
-386
-372
-354
-337
-325
-319
-292
-268
-265
-256
-253
-260
-249
-245
-225
-211
-200
-187
-185
-214
-237
-262
-282
-285
-294
-307
-309
-306
-311
-297
-281
-269
-242
-229
-231
-221
-216
-206
-201
-202
-203
-206
-210
-223
-230
-213
-217
-213
-229
-239
-231
-222
-214
-230
-240
-239
-243
-240
-250
-247
-242
-240
-239
-252
-254
-261
-241
-241
-231
-219
-210
-205
-210
-199
-213
-209
-190
-184
-178
-169
-163
-170
-156
-140
-155
-163
-179
-178
-173
-185
-194
-215
-217
-211
-198
-188
-176
-178
-187
-189
-196
-201
-197
-180
-163
-153
-142
-150
-171
-178
-196
-208
-207
-215
-222
-213
-194
-185
-184
-177
-174
-191
-219
-244
-239
-225
-208
-206
-211
-218
-233
-235
-245
-235
-219
-201
-194
-201
-208
-225
-232
-226
-236
-234
-239
-239
-219
-212
-199
-196
-188
-194
-192
-196
-194
-152
-125
-103
-99
-121
-136
-163
-173
-160
-147
-129
-135
-135
-111
-94
-83
-84
-87
-80
-61
-46
-47
-52
-44
-59
-63
-76
-93
-123
-128
-138
-130
-101
-95
-88
-95
-103
-108
-115
-136
-148
-148
-132
-125
-130
-138
-161
-163
-166
-171
-179
-195
-188
-181
-176
-181
-184
-201
-209
-204
-205
-210
-208
-208
-211
-229
-234
-247
-263
-265
-265
-272
-277
-260
-278
-282
-293
-299
-315
-328
-339
-348
-339
-344
-335
-324
-321
-333
-335
-349
-369
-370
-382
-374
-376
-386
-396
-397
-405
-415
-423
-428
-434
-432
-412
-416
-391
-365
-340
-320
-317
-319
-323
-314
-306
-307
-292
-282
-284
-289
-286
-274
-269
-276
-263
-254
-256
-265
-267
-245
-242
-240
-241
-240
-222
-222
-233
-230
-220
-216
-216
-231
-239
-255
-261
-256
-252
-266
-282
-288
-287
-288
-291
-284
-273
-262
-245
-229
-220
-211
-201
-196
-183
-169
-156
-151
-157
-159
-167
-183
-192
-205
-213
-199
-190
-188
-182
-187
-204
-201
-199
-197
-193
-187
-164
-134
-136
-139
-138
-143
-145
-148
-139
-124
-101
-79
-80
-88
-88
-75
-73
-69
-56
-46
-32
-32
-14
-11
-7
-9
-5
5
-7
-4
-4
-4
-4
-1
0
-8
-16
-25
-15
13
27
44
52
55
53
62
57
60
69
54
52
51
47
46
46
58
53
52
63
54
44
46
35
10
-16
-42
-50
-60
-55
-61
-56
-32
-17
-13
-21
-29
-36
-25
-37
-42
-34
-35
-63
-57
-56
-86
-108
-134
-145
-156
-146
-141
-153
-159
-180
-191
-190
-204
-210
-191
-177
-154
-154
-176
-179
-191
-222
-235
-226
-207
-202
-189
-187
-188
-197
-216
-219
-221
-212
-202
-200
-175
-146
-148
-128
-109
-101
-89
-94
-103
-85
-75
-63
-57
-46
-63
-80
-105
-129
-129
-133
-128
-141
-163
-162
-168
-177
-184
-194
-201
-198
-190
-187
-184
-196
-211
-212
-203
-217
-239
-259
-266
-257
-259
-266
-261
-252
-261
-264
-273
-272
-264
-270
-275
-285
-296
-286
-301
-309
-308
-308
-288
-289
-287
-284
-284
-295
-333
-366
-372
-359
-360
-348
-336
-326
-313
-313
-314
-302
-294
-298
-301
-292
-304
-307
-315
-322
-305
-298
-277
-278
-257
-246
-240
-250
-264
-273
-279
-267
-258
-236
-217
-196
-192
-195
-208
-231
-245
-255
-250
-241
-252
-255
-267
-270
-270
-284
-302
-328
-328
-321
-335
-333
-346
-350
-348
-348
-358
-374
-384
-383
-400
-414
-428
-432
-426
-432
-432
-452
-455
-443
-427
-414
-402
-394
-406
-408
-409
-418
-416
-401
-385
-374
-381
-382
-402
-422
-442
-477
-464
-462
-457
-442
-438
-429
-410
-409
-396
-381
-377
-378
-368
-344
-337
-321
-333
-344
-347
-352
-351
-354
-347
-336
-320
-336
-354
-351
-354
-351
-332
-317
-303
-286
-268
-276
-266
-261
-255
-238
-235
-235
-243
-251
-258
-237
-227
-234
-234
-243
-256
-283
-283
-270
-261
-243
-229
-230
-231
-251
-267
-280
-282
-276
-275
-270
-259
-248
-258
-281
-283
-286
-291
-268
-266
-245
-229
-231
-224
-236
-246
-246
-244
-230
-216
-204
-191
-198
-198
-208
-221
-226
-227
-222
-217
-215
-211
-228
-244
-260
-260
-278
-280
-272
-258
-256
-275
-262
-253
-247
-225
-202
-194
-209
-217
-222
-228
-216
-201
-185
-194
-226
-233
-224
-222
-212
-217
-226
-244
-240
-245
-275
-277
-285
-303
-290
-294
-316
-326
-343
-358
-361
-370
-384
-386
-385
-383
-379
-381
-381
-390
-401
-415
-418
-422
-421
-411
-402
-393
-397
-397
-415
-403
-407
-403
-387
-368
-347
-339
-338
-343
-334
-353
-350
-337
-334
-342
-329
-336
-338
-349
-353
-353
-348
-351
-352
-345
-356
-357
-357
-340
-316
-309
-295
-296
-299
-301
-298
-282
-283
-276
-275
-283
-293
-303
-300
-309
-304
-294
-287
-302
-327
-343
-356
-363
-370
-380
-382
-366
-333
-305
-297
-282
-273
-267
-271
-261
-262
-253
-237
-231
-233
-252
-278
-290
-288
-278
-273
-274
-283
-280
-267
-282
-301
-312
-299
-287
-272
-245
-235
-231
-217
-198
-190
-186
-202
-210
-209
-216
-209
-202
-198
-192
-202
-215
-216
-232
-224
-224
-222
-213
-198
-192
-200
-173
-149
-121
-100
-96
-85
-57
-41
-37
-30
-40
-55
-61
-53
-32
-10
-5
14
17
19
-8
-41
-47
-53
-43
-20
-4
12
6
-7
-20
-30
-37
-47
-47
-30
-23
-16
0
14
4
-4
-8
-25
-35
-34
-15
4
1
-28
-29
-37
-65
-67
-69
-63
-75
-78
-76
-106
-111
-111
-110
-102
-95
-99
-103
-118
-110
-118
-121
-111
-100
-70
-49
-26
-20
-11
-7
-13
-10
-28
-33
-43
-54
-53
-55
-71
-100
-106
-99
-112
-120
-142
-152
-152
-154
-144
-125
-131
-158
-176
-170
-179
-187
-182
-172
-152
-151
-135
-132
-155
-189
-202
-191
-188
-184
-167
-153
-155
-174
-198
-217
-221
-210
-186
-149
-130
-105
-73
-55
-29
-20
-34
-25
12
29
47
47
32
43
48
46
40
35
20
12
-3
-6
-1
3
12
20
15
27
32
30
49
48
56
60
64
58
74
74
47
34
36
42
32
22
15
19
32
38
33
42
51
47
46
53
47
54
85
102
101
111
100
95
93
100
112
124
135
126
106
94
109
109
109
118
131
124
117
113
114
130
145
129
129
147
164
170
166
179
178
186
183
188
206
214
219
231
236
221
212
202
205
206
233
247
248
242
227
231
232
245
240
235
273
305
311
318
320
304
283
295
301
298
294
284
275
257
241
224
198
211
214
211
228
234
244
250
262
276
290
287
269
251
246
272
286
270
259
258
252
241
252
250
248
266
264
253
266
273
268
254
238
240
255
263
261
262
266
271
285
285
296
294
291
302
308
314
299
286
261
264
301
311
318
335
339
338
348
342
352
360
366
366
380
378
365
365
361
369
367
353
341
327
331
355
347
335
343
342
323
295
247
229
228
208
199
198
205
199
194
170
168
182
190
204
192
185
188
186
180
177
197
189
194
207
218
237
240
236
232
223
209
206
215
227
233
237
232
222
216
214
219
227
235
238
267
284
280
277
280
283
273
276
282
282
274
255
252
248
237
229
228
241
245
240
236
237
259
273
276
298
310
308
303
311
315
316
327
333
322
286
282
288
284
288
265
254
261
248
244
231
208
199
185
186
177
173
167
153
126
110
107
86
86
94
98
115
128
130
137
125
109
100
100
109
109
128
129
110
78
56
52
61
57
22
26
33
46
57
61
70
88
103
109
104
113
119
123
143
165
170
177
189
176
171
168
181
197
191
178
170
175
164
158
165
161
159
182
188
183
175
178
182
173
158
155
159
163
188
212
214
210
196
181
172
172
188
187
164
142
142
147
146
131
128
118
97
83
81
72
66
63
61
52
37
22
10
-18
-30
-34
-37
-26
-35
-34
-13
9
20
27
14
-1
-7
-8
-26
-12
-8
-19
-4
-15
-8
2
-2
-1
1
-12
-20
10
20
2
-5
-1
7
1
5
24
28
44
46
60
72
72
62
44
44
49
49
54
44
28
21
28
45
56
58
62
40
14
15
24
37
55
85
76
77
106
75
25
3
-2
6
21
16
18
22
9
18
26
37
39
33
38
38
67
73
67
53
40
24
8
16
6
-14
-35
-50
-63
-72
-76
-66
-58
-69
-80
-74
-67
-57
-47
-42
-11
9
7
-1
-19
-22
-25
-17
-12
-26
-30
-37
-48
-62
-67
-73
-74
-78
-82
-78
-91
-86
-89
-82
-74
-40
1
16
21
13
11
0
-12
-32
-31
-23
-17
-13
-6
-14
-27
-38
-55
-55
-42
-36
-39
-32
-26
-1
14
17
39
53
55
58
64
68
75
79
105
115
106
107
119
158
179
173
170
180
201
199
172
177
173
183
192
193
198
183
180
184
184
166
162
154
148
139
130
130
129
111
101
86
67
59
58
65
54
34
17
20
17
-1
-10
10
7
-6
-24
-20
-25
-34
-36
-40
-14
8
15
23
20
10
7
-16
-9
8
20
30
24
32
40
27
15
15
20
46
53
49
53
54
50
67
91
100
103
106
98
95
98
102
122
140
160
181
194
197
183
177
183
180
199
213
214
207
198
174
149
151
159
172
178
165
153
149
151
128
112
127
129
128
116
107
104
104
98
93
86
99
111
106
105
115
115
130
143
135
136
135
147
151
150
157
169
194
192
176
183
191
194
194
197
212
233
242
245
221
217
221
211
214
215
214
210
197
180
177
164
162
179
203
237
254
266
275
266
276
273
268
279
268
250
252
231
212
197
195
194
178
163
153
140
122
115
108
120
121
105
96
96
87
81
106
120
115
113
100
93
70
40
33
40
21
-3
-11
-26
-28
-52
-82
-98
-109
-115
-111
-118
-125
-137
-141
-127
-115
-99
-93
-94
-81
-64
-62
-70
-66
-69
-77
-89
-95
-102
-95
-95
-114
-108
-103
-111
-139
-137
-140
-155
-144
-134
-132
-121
-107
-97
-68
-60
-60
-63
-86
-94
-95
-77
-62
-43
-49
-64
-82
-93
-96
-90
-85
-98
-108
-116
-127
-139
-154
-144
-121
-96
-72
-61
-59
-42
-45
-40
-27
-50
-51
-50
-44
-39
-42
-60
-70
-67
-65
-63
-61
-64
-66
-77
-98
-115
-119
-111
-117
-115
-101
-103
-101
-85
-65
-39
-30
-2
15
23
33
42
59
73
89
99
110
98
92
85
74
69
74
74
74
86
103
92
83
69
65
84
114
127
144
141
117
127
138
162
188
200
213
207
208
217
229
214
198
200
195
187
182
176
174
183
201
210
211
225
229
203
200
213
231
233
233
216
210
217
194
170
153
148
125
119
104
97
67
38
34
29
22
15
22
29
38
26
21
25
38
48
70
99
105
118
119
120
114
115
118
117
114
126
132
129
107
79
69
56
80
80
93
96
85
79
81
95
90
90
94
88
87
93
64
54
37
38
51
36
23
16
8
12
34
40
50
69
76
57
58
40
39
58
82
92
90
77
49
40
27
13
10
18
29
35
4
-15
-34
-54
-65
-71
-93
-84
-68
-88
-102
-117
-131
-131
-136
-136
-123
-115
-106
-97
-91
-102
-102
-96
-82
-62
-51
-48
-53
-53
-46
-39
-42
-11
30
28
26
9
-2
-2
-13
-24
-44
-57
-83
-95
-107
-108
-98
-79
-65
-70
-69
-85
-90
-78
-55
-57
-71
-64
-67
-71
-65
-57
-52
-38
-17
-3
-4
15
17
1
-32
-45
-51
-59
-66
-69
-64
-81
-104
-118
-132
-141
-156
-170
-155
-168
-184
-207
-195
-200
-208
-179
-177
-162
-168
-160
-172
-188
-166
-146
-129
-112
-112
-131
-136
-142
-133
-133
-120
-121
-123
-125
-138
-164
-162
-155
-159
-156
-172
-170
-171
-175
-176
-198
-210
-197
-179
-172
-171
-191
-207
-200
-182
-155
-146
-129
-123
-116
-124
-127
-137
-141
-136
-155
-171
-177
-176
-179
-180
-186
-176
-168
-159
-168
-176
-171
-183
-173
-158
-150
-152
-140
-156
-177
-180
-193
-201
-206
-221
-225
-216
-209
-205
-208
-219
-225
-231
-209
-180
-163
-160
-148
-150
-164
-148
-129
-110
-91
-74
-68
-57
-66
-66
-69
-89
-84
-86
-106
-117
-131
-143
-145
-163
-166
-163
-156
-160
-176
-193
-203
-205
-197
-175
-166
-160
-162
-154
-157
-149
-128
-106
-95
-94
-87
-75
-58
-53
-49
-48
-43
-28
-15
-16
-33
-52
-53
-51
-32
-19
0
-8
-33
-33
-33
-31
-19
-31
-37
-45
-45
-49
-59
-91
-112
-113
-107
-89
-98
-106
-127
-141
-146
-159
-155
-145
-129
-129
-149
-163
-147
-139
-137
-129
-91
-69
-67
-74
-69
-63
-58
-61
-56
-53
-62
-66
-83
-85
-78
-58
-46
-42
-30
-12
-9
-3
-8
15
41
53
60
70
93
104
94
95
108
117
125
117
123
101
81
78
83
99
107
136
146
142
129
143
157
158
165
194
231
254
286
312
308
284
262
261
284
316
329
329
313
269
247
232
242
236
234
235
238
231
219
229
227
216
218
232
253
263
258
250
248
256
271
270
269
264
260
255
276
310
322
331
321
310
299
293
286
299
308
305
291
285
288
269
256
235
193
183
187
210
222
219
210
197
214
224
229
234
248
251
246
249
260
248
220
217
232
253
275
301
298
275
261
265
279
272
276
286
303
315
306
302
291
281
271
272
275
280
264
255
255
258
260
250
239
219
223
208
206
231
256
265
282
306
308
316
341
387
403
415
442
450
451
453
467
494
511
530
535
527
514
490
462
433
415
418
417
430
433
426
419
413
413
407
427
435
440
430
427
432
436
442
462
500
526
543
555
581
581
564
545
530
530
565
585
587
603
577
559
596
621
637
655
654
652
637
623
620
620
625
628
633
642
662
672
648
639
643
642
629
624
636
632
612
599
593
609
608
624
642
644
625
633
639
630
639
642
649
642
639
633
646
635
616
607
612
584
556
537
519
517
513
521
514
507
501
478
443
444
428
425
444
451
468
484
486
460
452
470
488
507
538
567
580
569
548
534
550
554
556
549
554
579
580
573
540
523
533
537
540
536
544
541
528
523
535
531
536
544
540
536
540
551
552
550
544
538
527
525
537
552
567
582
586
578
572
555
548
538
527
531
535
565
580
583
574
583
590
581
587
600
604
594
579
562
551
549
529
501
507
509
514
514
512
488
462
449
428
412
406
403
405
413
408
393
389
393
379
369
379
385
391
381
368
369
353
348
333
316
316
312
299
301
300
294
284
276
271
267
275
282
278
278
284
281
261
277
294
302
311
291
291
293
297
273
263
244
221
231
240
248
246
237
225
217
198
184
174
167
178
182
186
181
188
196
179
179
187
200
214
213
216
211
209
214
212
206
207
216
207
193
173
148
129
109
106
116
123
142
153
155
145
136
155
165
208
216
232
228
230
233
216
213
202
202
181
183
188
197
201
209
219
226
223
226
244
252
247
247
246
246
243
241
253
245
252
266
273
277
272
257
235
246
253
266
271
277
252
248
251
238
252
267
282
274
283
305
295
275
254
253
264
261
247
230
228
246
242
221
227
201
170
157
140
145
154
171
181
176
181
185
196
198
189
193
202
225
240
249
246
246
234
239
254
254
266
273
271
267
268
250
239
254
257
252
237
219
206
188
166
138
115
117
110
92
74
65
65
48
43
57
63
68
59
51
58
74
67
43
37
32
36
34
27
24
32
36
35
41
48
45
47
47
56
69
79
85
87
110
110
113
104
90
104
124
132
129
128
133
142
140
139
140
145
145
139
143
130
137
162
180
194
208
231
240
260
286
292
296
275
277
285
295
291
288
282
294
320
307
304
294
295
285
278
270
261
244
216
198
191
207
212
211
201
189
195
197
202
204
202
217
211
212
224
218
202
191
187
195
212
224
228
230
234
226
230
231
241
256
248
236
234
253
267
279
273
281
293
283
290
288
288
297
312
321
323
328
350
371
389
403
410
421
440
446
448
468
480
495
497
524
530
517
505
495
511
518
525
544
551
553
539
497
461
448
434
423
417
393
387
383
371
336
313
296
271
251
236
209
193
180
152
140
135
132
126
129
135
146
165
195
221
222
235
237
247
243
244
240
228
229
241
251
251
243
226
219
233
237
239
269
279
295
308
316
314
334
358
385
411
437
470
469
478
485
507
528
544
555
558
569
566
546
545
565
567
569
564
588
597
588
580
551
543
540
522
498
510
499
463
405
358
307
276
246
209
192
162
151
152
153
132
113
85
57
42
25
10
-17
-34
-35
-35
-38
-38
-55
-57
-49
-11
-15
-24
-27
-27
-20
-25
-37
-38
1
25
49
67
93
138
167
187
192
206
234
248
253
257
263
281
292
305
323
327
337
350
376
410
435
449
457
485
519
541
568
608
636
650
668
698
732
763
788
807
824
829
831
819
794
761
725
705
682
648
599
532
501
472
440
409
367
326
255
185
124
92
67
45
27
12
6
-14
-30
-34
-54
-73
-94
-115
-131
-126
-139
-166
-185
-183
-188
-182
-179
-179
-188
-208
-196
-189
-184
-188
-199
-195
-187
-176
-147
-134
-114
-69
-45
-27
-15
6
30
45
72
110
161
192
232
257
259
275
274
270
283
303
326
321
325
335
315
306
294
292
271
246
244
239
243
231
244
268
314
360
391
421
469
541
580
634
676
695
705
721
737
740
740
726
693
645
599
555
498
436
382
327
284
239
178
92
-2
-77
-120
-166
-193
-204
-237
-273
-306
-322
-329
-346
-385
-407
-442
-482
-517
-545
-559
-584
-628
-687
-728
-743
-747
-754
-782
-788
-795
-814
-832
-835
-842
-833
-823
-814
-778
-746
-724
-705
-683
-650
-604
-557
-490
-454
-409
-341
-283
-238
-179
-119
-66
-48
-29
-1
32
71
74
85
96
115
121
116
106
100
84
60
33
3
7
3
-32
-51
-66
-68
-51
-22
-7
19
51
99
149
205
273
336
372
401
442
487
511
530
510
497
485
443
418
384
340
297
241
173
121
73
0
-68
-144
-214
-268
-321
-353
-371
-392
-420
-455
-472
-496
-516
-531
-552
-561
-591
-626
-658
-669
-688
-725
-752
-767
-780
-788
-799
-810
-813
-833
-850
-853
-844
-829
-795
-780
-777
-744
-715
-693
-671
-645
-609
-591
-563
-522
-464
-403
-355
-309
-271
-220
-156
-101
-43
31
117
183
219
258
298
342
371
411
455
468
457
456
450
433
395
375
349
315
273
231
208
174
154
143
152
170
198
241
278
315
354
351
380
418
457
493
522
543
559
570
568
551
537
501
442
394
343
286
237
222
210
181
127
53
-17
-65
-102
-133
-144
-136
-131
-132
-141
-147
-150
-165
-193
-226
-264
-308
-341
-370
-407
-445
-460
-473
-491
-504
-493
-491
-491
-494
-499
-503
-492
-489
-492
-466
-463
-448
-422
-414
-405
-378
-370
-358
-353
-340
-328
-314
-310
-292
-246
-186
-127
-74
-26
19
98
155
209
252
291
327
371
407
433
450
456
469
491
500
496
475
449
441
428
397
362
324
299
277
254
236
212
197
182
182
190
209
231
283
317
345
386
425
478
527
553
555
559
585
583
564
563
569
558
536
518
495
480
463
421
369
329
294
248
202
164
138
121
111
99
95
85
50
13
-16
-47
-83
-123
-147
-165
-191
-208
-218
-232
-231
-241
-261
-308
-341
-357
-378
-390
-392
-401
-412
-440
-470
-488
-489
-507
-555
-600
-618
-611
-606
-579
-577
-566
-554
-538
-484
-454
-426
-404
-351
-322
-292
-246
-198
-138
-94
-41
-4
37
61
80
107
127
163
216
262
295
309
289
273
265
253
232
189
175
152
140
119
106
109
95
102
113
135
162
190
215
233
272
312
305
325
369
416
438
451
446
433
410
378
357
324
314
294
257
236
212
172
125
85
44
-3
-50
-88
-111
-120
-110
-114
-129
-144
-178
-178
-180
-188
-200
-199
-201
-222
-269
-309
-335
-358
-379
-382
-414
-435
-444
-447
-461
-493
-524
-570
-596
-614
-635
-651
-658
-685
-672
-674
-677
-683
-681
-673
-667
-654
-649
-638
-637
-630
-615
-593
-557
-527
-499
-480
-460
-417
-378
-317
-235
-163
-103
-44
3
37
78
103
103
109
128
139
132
126
127
138
130
138
125
111
103
89
70
46
29
9
3
-1
0
20
51
93
126
154
160
162
204
235
252
262
287
289
279
278
254
238
199
174
163
141
128
100
88
96
87
76
49
28
9
5
3
-12
-22
-33
-49
-73
-56
-42
-41
-52
-74
-81
-103
-121
-148
-197
-238
-271
-298
-321
-320
-340
-350
-367
-372
-364
-379
-374
-380
-384
-392
-426
-477
-534
-571
-608
-647
-676
-696
-702
-702
-679
-658
-647
-630
-622
-605
-590
-531
-483
-430
-371
-324
-279
-229
-156
-96
-45
11
81
160
226
251
281
331
367
416
438
467
485
484
507
521
529
521
505
499
493
501
494
478
478
483
500
520
551
572
592
612
635
672
708
732
750
766
799
818
836
844
841
838
820
804
800
802
802
808
803
777
738
697
653
591
553
525
501
486
457
434
423
387
365
349
331
316
284
264
225
199
163
121
73
45
27
-6
-11
-24
-52
-87
-113
-141
-182
-217
-260
-296
-337
-374
-416
-452
-475
-503
-508
-512
-520
-533
-534
-529
-518
-473
-438
-406
-387
-375
-341
-325
-285
-248
-174
-104
-39
38
95
165
231
312
364
413
469
522
565
582
599
604
622
627
637
625
607
596
554
517
477
474
460
442
422
389
380
386
424
437
453
491
535
564
610
654
701
711
690
680
681
668
644
625
588
574
548
523
483
452
424
382
336
290
268
268
259
214
182
174
171
175
153
130
134
142
134
90
38
6
-14
-48
-75
-100
-119
-137
-172
-220
-258
-274
-296
-310
-336
-366
-359
-359
-389
-431
-468
-486
-535
-560
-608
-633
-644
-670
-703
-709
-657
-620
-586
-580
-566
-542
-507
-464
-426
-384
-348
-288
-234
-160
-76
13
96
167
226
291
373
414
449
469
509
550
565
569
555
548
543
527
502
477
441
425
406
401
412
417
402
405
444
477
525
587
666
743
805
855
903
949
964
969
965
938
922
906
848
807
769
727
678
660
656
660
640
619
580
527
466
404
376
339
330
305
277
261
260
270
262
243
247
255
231
197
166
140
135
89
17
-39
-90
-115
-144
-187
-220
-242
-280
-351
-443
-517
-555
-571
-621
-675
-732
-769
-792
-824
-834
-835
-817
-783
-725
-647
-569
-492
-411
-317
-249
-179
-103
-22
53
147
223
307
397
476
549
618
656
687
731
765
796
796
798
780
757
754
726
676
633
608
609
597
575
584
597
598
606
617
640
693
788
858
894
954
1013
1044
1031
1003
991
971
955
926
878
820
772
717
628
542
495
468
406
328
253
185
136
93
38
-18
-43
-29
-34
-52
-61
-84
-116
-171
-228
-281
-349
-416
-471
-504
-536
-603
-668
-746
-812
-851
-905
-936
-956
-992
-1043
-1081
-1126
-1169
-1209
-1234
-1257
-1284
-1313
-1334
-1335
-1316
-1305
-1301
-1278
-1240
-1151
-1063
-970
-876
-760
-635
-511
-390
-277
-158
-66
33
121
181
249
322
356
378
413
476
518
540
559
537
509
472
407
327
227
151
91
17
-33
-52
-53
-48
-13
36
116
208
311
417
496
601
711
782
812
848
872
860
815
774
723
671
610
531
453
358
278
174
64
-46
-150
-230
-316
-398
-460
-490
-536
-571
-589
-588
-540
-506
-504
-507
-520
-555
-586
-655
-725
-784
-832
-889
-949
-1013
-1065
-1112
-1173
-1251
-1310
-1330
-1357
-1372
-1407
-1425
-1420
-1399
-1400
-1426
-1395
-1334
-1257
-1186
-1101
-986
-837
-692
-576
-448
-288
-92
46
159
262
377
475
537
577
603
641
658
679
659
656
683
670
609
522
462
416
344
243
155
75
19
-16
-51
-49
-5
58
99
132
216
328
417
488
590
690
758
825
879
895
898
894
888
846
783
767
702
601
499
382
270
93
-69
-218
-346
-442
-496
-507
-547
-554
-529
-513
-510
-514
-499
-481
-460
-433
-418
-420
-436
-474
-542
-598
-689
-769
-853
-941
-1062
-1195
-1323
-1431
-1520
-1595
-1652
-1732
-1764
-1785
-1782
-1788
-1726
-1611
-1477
-1286
-1078
-853
-636
-359
-81
151
335
537
740
861
978
1065
1103
1102
1103
1082
1025
973
932
856
729
617
518
374
195
53
-73
-197
-304
-346
-354
-357
-298
-196
-102
3
172
365
507
643
805
935
986
1055
1126
1124
1100
1069
1006
905
802
715
592
442
326
207
62
-82
-209
-345
-476
-565
-617
-637
-630
-603
-567
-513
-421
-295
-195
-124
-71
-7
31
32
6
-53
-92
-157
-243
-352
-452
-591
-790
-1012
-1207
-1346
-1497
-1665
-1873
-1976
-2006
-1994
-2019
-2013
-1857
-1618
-1342
-1111
-824
-473
-59
314
605
858
1109
1363
1483
1515
1529
1577
1581
1477
1346
1224
1152
1053
893
686
495
355
189
-15
-209
-335
-401
-465
-502
-456
-343
-204
-35
167
396
659
927
1112
1228
1321
1413
1403
1341
1265
1156
1029
854
672
499
336
163
-23
-228
-402
-539
-688
-819
-908
-950
-928
-863
-753
-620
-458
-259
-64
69
179
302
393
418
398
403
371
308
148
-38
-237
-434
-652
-935
-1205
-1408
-1563
-1727
-1867
-2002
-2085
-2123
-2131
-2094
-2062
-1957
-1764
-1477
-1158
-768
-372
-10
367
769
1167
1452
1637
1732
1774
1751
1672
1528
1347
1177
998
791
561
372
222
63
-117
-277
-356
-383
-365
-343
-294
-191
-7
219
446
688
953
1250
1518
1734
1907
2023
2039
2007
1883
1691
1463
1222
951
649
353
86
-137
-339
-510
-658
-750
-808
-821
-808
-764
-677
-578
-459
-309
-127
75
264
411
534
646
735
777
735
623
456
255
37
-220
-492
-807
-1102
-1389
-1647
-1875
-2014
-2094
-2144
-2136
-2118
-2070
-2030
-1927
-1823
-1713
-1615
-1415
-1092
-735
-343
52
461
825
1191
1494
1677
1702
1647
1508
1240
951
659
382
83
-153
-290
-385
-435
-422
-379
-351
-259
-119
-5
91
224
387
510
649
835
1036
1216
1377
1507
1580
1613
1628
1557
1369
1132
908
647
354
71
-157
-378
-569
-702
-779
-801
-760
-669
-566
-458
-338
-210
-86
5
57
75
47
-15
-56
-115
-205
-321
-456
-569
-671
-787
-952
-1055
-1143
-1184
-1274
-1414
-1630
-1859
-2031
-2144
-2317
-2504
-2520
-2479
-2379
-2326
-2240
-2192
-2131
-2095
-2075
-2051
-1872
-1428
-829
-267
62
341
564
790
867
730
485
217
116
44
-61
-221
-273
-261
-269
-285
-228
-135
-93
-58
-74
-9
173
477
715
835
960
1201
1427
1504
1486
1421
1311
1154
1040
919
771
615
487
264
92
3
20
-61
-184
-209
-188
-142
-72
92
187
271
331
427
485
538
520
356
101
-79
-163
-290
-446
-616
-715
-821
-901
-1004
-1061
-1096
-1128
-1200
-1311
-1350
-1412
-1480
-1628
-1749
-1856
-1852
-1866
-1924
-2072
-2213
-2382
-2553
-2699
-2785
-2868
-2957
-2966
-2870
-2558
-2110
-1476
-892
-463
-216
15
246
330
223
-19
-239
-374
-336
-288
-344
-433
-402
-353
-382
-403
-414
-436
-524
-501
-395
-173
109
440
647
786
1020
1338
1493
1492
1448
1408
1310
1250
1186
1053
889
703
536
325
232
188
136
-33
-116
-121
-37
49
173
288
386
524
638
660
581
480
327
127
-90
-299
-456
-575
-674
-784
-849
-874
-893
-942
-1002
-1079
-1195
-1322
-1443
-1552
-1710
-1865
-1947
-2013
-2014
-1963
-1999
-2205
-2459
-2630
-2821
-3022
-3160
-3139
-3022
-2745
-2299
-1613
-850
-222
12
53
128
241
150
-216
-610
-799
-700
-559
-546
-593
-467
-271
-282
-416
-512
-480
-526
-612
-650
-482
-23
482
719
753
907
1236
1406
1298
1119
1027
1002
956
941
919
1018
1099
1067
875
772
826
797
551
276
211
308
491
605
779
1007
1280
1398
1344
1232
1126
911
482
55
-250
-366
-495
-584
-637
-527
-277
-122
-85
-167
-270
-456
-735
-1061
-1276
-1275
-1199
-1201
-1361
-1445
-1510
-1649
-1932
-2222
-2459
-2684
-2810
-2893
-2799
-2538
-2020
-1434
-719
-62
345
361
239
117
-133
-465
-889
-1217
-1376
-1201
-1021
-952
-862
-587
-393
-479
-566
-552
-497
-492
-417
-309
-41
481
936
1074
1034
1141
1200
1030
736
505
406
356
434
504
657
854
1047
985
841
779
754
602
342
226
335
615
924
1178
1412
1687
1867
1805
1594
1344
1129
786
397
80
-30
-39
3
-65
-91
17
220
288
173
14
-130
-256
-444
-589
-605
-507
-505
-611
-782
-870
-970
-1301
-1805
-2261
-2446
-2343
-2210
-2059
-1752
-1071
-164
689
1149
1202
1058
935
624
108
-411
-718
-917
-1019
-961
-848
-684
-387
-220
-409
-664
-626
-500
-515
-539
-362
-11
561
1169
1485
1451
1361
1304
1044
638
299
174
87
133
273
514
830
1087
1097
905
724
575
432
160
-6
-83
92
397
896
1339
1780
2060
2079
1830
1467
1109
670
249
-85
-163
-76
115
248
275
255
249
194
-13
-236
-425
-575
-795
-875
-788
-557
-397
-315
-329
-443
-676
-1074
-1586
-2160
-2614
-2790
-2717
-2429
-1925
-1201
-204
845
1648
1825
1433
965
535
44
-561
-1047
-1291
-1208
-823
-458
-342
-256
-96
-220
-685
-1082
-1128
-1080
-959
-625
-88
615
1430
1994
1968
1591
1204
720
20
-598
-868
-855
-683
-290
224
758
1157
1277
1003
532
90
-315
-714
-948
-846
-448
165
803
1418
1824
1995
1827
1397
882
482
110
-215
-363
-239
40
311
507
545
379
97
-261
-667
-987
-1087
-1027
-914
-759
-456
-207
-60
-165
-489
-899
-1332
-1741
-2141
-2430
-2538
-2435
-2120
-1582
-966
-37
1120
2051
2180
1585
984
549
102
-489
-1025
-1299
-1157
-730
-429
-473
-487
-359
-468
-962
-1298
-1110
-744
-442
-157
296
1028
1940
2472
2271
1688
1141
596
-185
-905
-1252
-1188
-886
-448
83
613
1077
1092
590
-56
-446
-682
-870
-987
-806
-332
300
939
1398
1625
1623
1336
753
163
-203
-389
-517
-544
-313
186
691
871
696
326
-71
-564
-1062
-1428
-1423
-1133
-782
-525
-392
-241
-140
-331
-892
-1391
-1749
-1907
-2205
-2449
-2581
-2451
-2053
-1487
-809
265
1561
2426
2244
1385
800
446
15
-666
-1205
-1319
-1025
-545
-384
-537
-556
-462
-727
-1197
-1292
-791
-255
71
391
976
1816
2531
2587
1888
1014
365
-214
-999
-1498
-1519
-1103
-540
95
798
1384
1592
1194
420
-222
-399
-482
-546
-542
-74
653
1294
1667
1739
1616
1258
610
-177
-759
-977
-916
-848
-644
-186
417
786
725
384
-44
-364
-599
-681
-717
-520
-322
-304
-366
-484
-533
-784
-1310
-1923
-2276
-2449
-2501
-2673
-2717
-2600
-2313
-1761
-1102
-187
963
2006
2158
1422
636
318
8
-549
-1099
-1358
-1119
-621
-322
-573
-889
-855
-824
-1136
-1309
-1011
-418
79
456
974
1629
2353
2539
1880
905
242
-120
-611
-1146
-1302
-975
-335
243
604
877
1002
787
172
-546
-797
-617
-396
-237
88
682
1307
1519
1317
836
354
-87
-638
-1093
-1175
-909
-570
-374
-239
-116
-157
-425
-741
-887
-834
-607
-409
-249
-88
72
-113
-643
-1323
-1753
-2003
-2140
-2306
-2449
-2470
-2551
-2665
-2710
-2439
-1925
-1154
97
1615
2447
2140
1177
367
-166
-678
-1137
-1477
-1474
-929
-267
-157
-517
-792
-981
-1481
-1901
-1625
-894
-264
142
671
1402
2266
2797
2402
1299
305
-133
-503
-949
-1197
-858
-227
409
911
1248
1226
679
-253
-1124
-1507
-1405
-1086
-744
-170
698
1584
2033
1879
1385
786
130
-532
-947
-982
-832
-672
-466
-183
80
49
-250
-786
-1164
-1188
-1080
-897
-703
-328
75
148
-117
-639
-1140
-1740
-2407
-2863
-3096
-3070
-2954
-2749
-2334
-1777
-1123
-374
507
1623
2149
1580
293
-735
-1030
-1211
-1381
-1437
-1151
-333
476
651
109
-570
-1075
-1672
-2108
-1889
-1131
-315
184
673
1346
2104
2519
2006
795
-254
-510
-548
-575
-591
-157
549
1204
1493
1499
1141
456
-431
-1287
-1626
-1475
-987
-472
52
722
1474
1646
1413
880
443
70
-355
-671
-696
-483
-181
-97
-205
-246
-326
-478
-985
-1377
-1369
-958
-583
-272
-43
278
294
-244
-991
-1812
-2282
-2633
-2954
-3304
-3399
-3318
-2992
-2736
-2239
-1280
501
2456
3049
2150
735
-247
-944
-1781
-2459
-2588
-1974
-759
368
698
327
-215
-833
-1636
-2062
-1808
-1118
-610
-123
502
1251
1921
2099
1582
588
-114
-353
-493
-775
-658
8
927
1574
1965
2018
1629
887
-106
-863
-1287
-1288
-1013
-587
141
1110
1776
1880
1469
1095
820
341
-166
-526
-491
-263
-179
-176
-314
-306
-341
-406
-443
-298
-47
-10
-250
-338
-164
176
142
-229
-692
-1099
-1553
-2283
-3084
-3605
-3541
-3196
-2784
-2273
-1464
-27
2062
3422
3103
1405
-152
-939
-1617
-2144
-2345
-1941
-780
608
1546
1252
420
-457
-1559
-2480
-2757
-2156
-1183
-343
556
1409
2167
2672
2338
1080
-339
-962
-866
-877
-873
-413
512
1521
2042
2054
1598
925
155
-462
-931
-876
-446
165
801
1475
2053
2098
1590
1009
582
327
-28
-318
-305
-54
415
710
685
365
-33
-381
-711
-871
-787
-427
-50
450
944
1372
1338
670
-173
-964
-1606
-2053
-2521
-2758
-2684
-2383
-1657
-1083
-457
175
1135
2380
2575
1728
336
-820
-1039
-1223
-1100
-855
-366
697
1310
1179
334
-794
-1464
-2131
-2237
-1586
-750
223
824
1259
1659
1712
1692
1018
-14
-492
-447
-36
53
94
608
1007
1155
887
405
58
-237
-487
-602
-522
50
586
978
1246
1568
1716
1307
511
78
43
88
-26
-115
72
530
740
684
263
-228
-498
-744
-768
-697
-219
335
499
577
562
529
133
-726
-1270
-1596
-1660
-1679
-2010
-1930
-1916
-1561
-1080
-813
306
1656
2725
2712
1240
544
111
-244
-429
-931
-518
219
875
1338
352
-425
-802
-1258
-1324
-1417
-786
139
496
1160
1319
1234
1266
744
233
-326
-421
3
-53
-43
318
689
1038
634
-10
-600
-1012
-938
-1051
-1136
-863
-297
388
756
880
948
792
507
37
-77
-10
21
-87
-408
-535
-584
-657
-860
-1227
-1410
-1246
-942
-592
-420
-173
-2
-38
-253
-488
-741
-1014
-1163
-1349
-1449
-1621
-1916
-2063
-2279
-2126
-1537
-765
500
1625
1960
1484
618
257
209
-112
-264
-151
377
1240
1501
933
7
-690
-825
-1105
-1379
-1055
-422
416
1046
1408
1647
1537
1327
747
-79
-290
-144
18
94
254
921
1301
1150
719
-107
-617
-913
-1078
-1267
-1223
-704
-17
274
460
474
396
126
-118
-203
-361
-369
-475
-390
-523
-528
-765
-1176
-1766
-2080
-2179
-2040
-1842
-1503
-1086
-662
-440
-460
-489
-726
-766
-1134
-1555
-1835
-1946
-1701
-1479
-1483
-1048
-450
497
1174
572
-512
-1294
-1525
-1045
-875
-578
226
1011
1925
2158
1471
714
-98
-461
-748
-1012
-609
-212
269
741
869
1070
1011
925
842
337
350
566
669
846
819
1092
1301
1085
832
69
-624
-855
-970
-942
-1016
-894
-413
-188
-41
12
-281
-392
-409
-319
-169
-201
-119
-23
-385
-620
-1026
-1406
-1851
-2237
-2370
-2275
-2040
-1682
-1612
-1694
-1790
-1773
-1651
-1792
-2048
-2304
-2305
-1933
-1448
-1221
-1133
-976
-644
-94
442
646
151
-783
-1310
-1355
-1155
-941
-813
-410
54
583
876
446
-172
-574
-619
-337
-108
235
524
646
908
894
732
528
299
271
170
315
726
850
1031
1125
1310
1479
1295
1071
592
130
-27
-129
-180
-190
-167
37
93
259
314
50
-249
-474
-340
-298
-276
-305
-149
-198
-124
-249
-502
-868
-1168
-1295
-1464
-1440
-1367
-1245
-1582
-1891
-2000
-2022
-2183
-2394
-2577
-2260
-1984
-1517
-1266
-1234
-797
-61
843
1283
562
-279
-940
-1106
-1016
-933
-605
-62
516
969
751
64
-498
-671
-581
-471
-178
401
939
1203
1211
824
658
794
1006
944
650
838
1259
1505
1593
1545
1601
1657
1622
1412
931
532
480
371
255
369
747
984
962
728
592
381
169
263
297
389
401
365
267
-150
-332
-419
-640
-805
-936
-693
-496
-480
-449
-574
-806
-994
-1226
-1447
-1788
-1955
-1835
-1834
-1877
-1758
-1653
-1373
-1067
-703
37
581
867
358
-683
-1254
-1372
-1008
-831
-734
-235
196
600
308
-350
-749
-806
-399
-187
-133
102
481
843
665
257
15
140
391
485
465
569
901
1205
1307
1166
1060
1143
1189
1040
688
414
324
282
287
286
394
527
613
530
242
-89
-197
-117
75
123
94
187
220
259
-4
-346
-620
-721
-746
-735
-803
-713
-708
-707
-989
-1434
-1668
-1830
-1745
-1743
-1772
-1721
-1655
-1605
-1552
-1558
-1346
-953
-371
-139
-372
-920
-1269
-1189
-1037
-899
-841
-599
-105
220
92
-556
-1120
-1249
-970
-666
-526
-377
-209
80
134
-112
-377
-446
-266
-188
-247
-253
-78
324
630
793
786
828
975
1048
943
619
331
155
88
124
229
377
568
751
745
521
240
98
161
176
108
92
133
235
236
71
-82
-191
-214
-231
-262
-311
-371
-438
-640
-845
-1048
-1143
-1176
-1262
-1328
-1306
-1358
-1462
-1557
-1649
-1659
-1630
-1548
-1403
-1383
-1624
-1962
-2250
-2259
-2064
-1872
-1741
-1594
-1353
-1069
-842
-787
-848
-846
-668
-364
-124
-5
64
128
201
177
24
-154
-209
-165
-123
-124
-109
-3
217
472
640
746
860
1048
1153
1038
831
672
607
607
565
411
344
461
573
510
304
222
258
266
199
104
93
154
255
257
124
-49
-233
-371
-536
-692
-857
-1039
-1170
-1293
-1406
-1513
-1558
-1533
-1512
-1490
-1432
-1409
-1431
-1416
-1377
-1258
-1070
-955
-1193
-1604
-1817
-1724
-1514
-1370
-1217
-1091
-948
-709
-483
-590
-864
-894
-555
-48
310
513
580
613
615
479
161
-28
76
206
204
89
-3
-44
0
44
-7
-102
43
406
629
625
601
680
816
963
949
777
634
625
576
332
5
-110
-26
81
109
94
88
86
141
214
180
97
47
62
31
-79
-193
-377
-604
-919
-1243
-1471
-1562
-1582
-1577
-1620
-1691
-1644
-1595
-1557
-1516
-1499
-1446
-1240
-939
-851
-1148
-1560
-1715
-1560
-1382
-1304
-1291
-1263
-1047
-698
-570
-812
-1087
-1022
-614
-185
62
176
257
359
384
164
-115
-133
71
191
143
47
27
87
148
129
-19
-79
162
492
598
538
527
661
831
932
902
748
705
750
675
432
151
127
182
151
41
-27
4
81
170
115
-22
-55
74
201
209
115
24
-90
-215
-394
-683
-930
-1085
-1143
-1213
-1315
-1386
-1350
-1303
-1321
-1372
-1398
-1329
-1148
-927
-877
-1074
-1358
-1418
-1276
-1155
-1069
-1010
-977
-855
-658
-570
-688
-887
-887
-633
-264
59
241
339
386
384
234
-1
-104
-50
59
109
130
192
270
351
400
421
432
514
653
696
671
705
814
959
1090
1166
1152
1117
1055
926
727
549
456
410
381
351
337
346
337
328
328
281
231
218
266
301
227
50
-104
-241
-338
-440
-538
-567
-599
-658
-761
-878
-997
-1190
-1383
-1503
-1478
-1372
-1174
-923
-800
-905
-1216
-1449
-1437
-1308
-1160
-1052
-965
-837
-610
-433
-521
-786
-957
-883
-553
-181
57
108
60
38
13
-93
-193
-134
-28
60
111
75
12
49
160
245
197
191
300
453
520
532
533
560
733
943
1000
937
880
837
735
577
457
452
557
657
688
587
450
367
289
220
181
254
418
531
514
378
216
49
-99
-224
-308
-322
-301
-253
-298
-459
-659
-828
-953
-1078
-1187
-1260
-1227
-1087
-955
-897
-939
-1113
-1293
-1378
-1301
-1148
-1016
-893
-790
-673
-576
-519
-589
-761
-835
-709
-412
-102
62
95
74
50
-9
-69
-66
15
126
215
278
383
468
490
450
399
359
394
465
519
570
612
671
733
830
853
826
815
820
803
726
654
637
669
657
568
453
312
233
219
173
112
64
93
180
239
196
62
-89
-214
-269
-318
-383
-425
-454
-487
-571
-713
-837
-969
-1084
-1201
-1296
-1314
-1287
-1244
-1169
-1049
-1007
-1107
-1255
-1286
-1198
-1069
-925
-783
-685
-612
-478
-370
-458
-642
-714
-568
-320
-96
36
91
131
148
72
-4
13
136
258
288
299
327
341
385
453
464
460
513
630
717
725
712
724
755
826
888
877
864
859
845
809
739
719
744
722
637
599
546
419
279
153
67
26
40
152
243
221
170
96
-58
-222
-343
-448
-489
-477
-472
-517
-632
-794
-958
-1145
-1316
-1404
-1427
-1407
-1350
-1306
-1285
-1287
-1325
-1440
-1587
-1602
-1481
-1277
-1079
-942
-852
-804
-745
-727
-791
-890
-784
-495
-194
22
95
93
93
142
130
71
47
112
230
351
453
484
505
561
666
743
745
773
836
874
889
916
980
1025
1059
1080
1055
1032
1014
1002
949
855
797
799
754
694
609
468
331
237
193
137
97
76
65
61
1
-122
-291
-447
-537
-576
-672
-744
-755
-759
-886
-1063
-1203
-1337
-1451
-1535
-1616
-1704
-1801
-1822
-1752
-1713
-1683
-1679
-1778
-1924
-1977
-1868
-1626
-1380
-1210
-1116
-1043
-880
-693
-684
-816
-873
-737
-432
-122
82
145
106
115
152
153
154
205
307
409
483
549
606
655
705
766
811
861
960
1050
1084
1055
1018
1003
1018
1039
1016
925
845
810
826
842
845
813
750
702
677
649
548
428
339
314
306
269
225
187
143
98
20
-94
-242
-386
-465
-516
-595
-668
-689
-701
-736
-821
-941
-1109
-1302
-1419
-1470
-1495
-1527
-1510
-1476
-1425
-1311
-1236
-1336
-1503
-1473
-1270
-1034
-830
-650
-503
-430
-340
-237
-263
-380
-370
-155
130
390
592
687
722
739
779
794
844
967
1082
1187
1296
1406
1447
1438
1445
1486
1508
1521
1596
1653
1635
1585
1568
1592
1628
1659
1657
1614
1549
1515
1496
1428
1371
1321
1285
1237
1204
1165
1051
910
797
737
702
699
678
597
446
308
180
30
-142
-303
-357
-347
-339
-390
-491
-607
-701
-790
-937
-1090
-1230
-1310
-1351
-1354
-1336
-1347
-1350
-1268
-1163
-1130
-1168
-1238
-1285
-1223
-1039
-815
-624
-477
-369
-282
-145
-37
-25
-43
71
338
647
873
1001
1044
1095
1164
1227
1264
1292
1358
1512
1688
1797
1836
1819
1823
1786
1712
1635
1623
1696
1762
1813
1839
1869
1918
1917
1869
1778
1692
1633
1592
1544
1482
1407
1335
1286
1236
1166
1086
1004
934
870
787
691
578
467
361
235
116
20
-30
-73
-142
-217
-301
-402
-501
-607
-657
-688
-733
-782
-855
-975
-1093
-1156
-1164
-1189
-1199
-1147
-1114
-1094
-1061
-1003
-997
-1000
-928
-756
-535
-321
-137
-23
57
146
255
343
427
548
726
908
1066
1195
1261
1296
1373
1501
1587
1647
1700
1768
1829
1867
1901
1892
1863
1836
1853
1863
1847
1887
1947
2017
2052
2051
2007
1949
1935
1884
1789
1714
1675
1647
1574
1499
1429
1361
1275
1196
1103
964
815
692
594
466
379
338
303
244
159
75
-39
-188
-341
-461
-535
-581
-572
-566
-597
-653
-709
-796
-921
-1045
-1181
-1241
-1245
-1249
-1235
-1195
-1126
-1025
-959
-921
-889
-862
-782
-621
-459
-312
-142
21
173
319
418
491
568
662
786
940
1102
1279
1460
1570
1663
1734
1754
1753
1769
1797
1822
1843
1885
1946
2004
2022
2011
1979
1947
1935
1941
1952
1947
1969
1991
1963
1916
1871
1816
1756
1688
1627
1562
1487
1433
1377
1280
1160
1057
987
902
800
704
624
526
447
365
271
183
100
53
-20
-124
-189
-223
-262
-279
-293
-339
-419
-501
-587
-682
-754
-791
-790
-789
-804
-816
-819
-759
-679
-647
-623
-576
-481
-398
-357
-346
-293
-152
35
188
274
354
449
580
700
748
809
892
1050
1213
1317
1349
1370
1443
1518
1565
1569
1542
1522
1539
1566
1595
1606
1622
1669
1685
1650
1588
1528
1501
1514
1522
1519
1493
1449
1394
1332
1249
1169
1090
1015
974
942
882
801
711
618
520
404
290
201
138
93
38
-2
-29
-78
-144
-204
-258
-322
-369
-398
-479
-557
-596
-595
-604
-633
-667
-681
-669
-681
-729
-825
-891
-916
-894
-862
-892
-910
-894
-834
-792
-792
-785
-717
-640
-578
-492
-407
-309
-191
-74
-10
43
91
201
303
386
435
496
596
703
776
781
755
793
904
1008
1098
1158
1177
1182
1208
1196
1168
1150
1154
1193
1211
1187
1139
1082
1051
1049
1061
1053
1035
1004
960
923
867
794
729
674
661
653
599
526
451
400
338
263
229
195
159
135
95
45
0
-34
-49
-74
-111
-127
-148
-187
-252
-298
-325
-311
-289
-302
-365
-452
-449
-435
-475
-509
-506
-498
-508
-506
-510
-555
-623
-656
-647
-631
-617
-568
-501
-505
-568
-593
-539
-424
-318
-251
-189
-128
-33
60
148
237
307
386
523
663
730
736
743
810
852
867
866
862
874
892
890
880
880
885
899
919
935
914
877
856
869
883
880
878
873
841
778
701
608
530
472
452
443
447
471
455
422
405
368
333
304
295
266
246
220
192
158
94
25
-30
-72
-65
-31
-29
-27
-35
-28
-10
-5
-44
-57
-89
-119
-125
-167
-219
-275
-296
-327
-362
-435
-504
-532
-558
-575
-574
-564
-553
-523
-495
-522
-555
-561
-536
-448
-344
-265
-195
-135
-71
-13
-1
9
73
164
266
373
446
499
573
659
723
778
828
879
929
995
1008
991
969
988
1023
1038
1040
1034
1035
1019
1010
1016
1011
1018
1053
1083
1091
1091
1090
1101
1123
1129
1150
1174
1193
1204
1206
1197
1156
1127
1118
1128
1142
1149
1130
1116
1087
1020
948
890
851
835
832
813
815
802
734
650
571
499
436
398
397
363
312
234
169
83
-7
-60
-86
-80
-108
-186
-301
-411
-482
-538
-561
-566
-592
-619
-629
-643
-676
-719
-714
-627
-511
-392
-277
-178
-124
-63
-48
-19
41
133
244
376
500
578
619
639
693
764
817
870
949
1031
1090
1121
1145
1167
1205
1260
1309
1350
1364
1387
1414
1449
1486
1504
1549
1585
1600
1580
1562
1560
1550
1527
1492
1479
1488
1487
1449
1392
1335
1283
1230
1218
1181
1138
1076
1025
965
856
737
634
559
496
467
441
374
292
237
193
109
18
-60
-122
-150
-202
-279
-397
-518
-595
-651
-714
-790
-842
-878
-921
-984
-1045
-1127
-1225
-1295
-1298
-1271
-1252
-1245
-1236
-1234
-1220
-1227
-1224
-1176
-1085
-951
-826
-726
-631
-538
-441
-340
-238
-136
-10
165
346
482
556
642
754
881
997
1107
1224
1336
1443
1546
1632
1668
1688
1723
1766
1808
1829
1872
1921
1968
1989
1996
1981
1979
1998
2005
1976
1940
1918
1867
1804
1747
1685
1605
1542
1496
1426
1332
1251
1162
1066
989
903
854
773
668
592
497
393
259
130
23
-72
-150
-218
-258
-315
-392
-489
-597
-677
-770
-872
-941
-975
-1032
-1071
-1115
-1176
-1208
-1248
-1316
-1381
-1459
-1529
-1574
-1597
-1587
-1591
-1606
-1567
-1516
-1485
-1480
-1451
-1388
-1303
-1206
-1111
-979
-853
-698
-524
-370
-235
-112
22
167
331
489
610
735
875
1000
1102
1181
1266
1365
1455
1526
1606
1680
1729
1773
1794
1788
1777
1766
1778
1800
1787
1752
1700
1671
1633
1588
1520
1445
1372
1324
1257
1168
1074
960
874
791
713
616
510
406
325
218
86
-39
-148
-228
-290
-345
-404
-468
-533
-605
-684
-781
-844
-877
-911
-937
-963
-1010
-1076
-1119
-1138
-1158
-1202
-1228
-1241
-1254
-1255
-1243
-1276
-1320
-1329
-1319
-1304
-1315
-1319
-1286
-1261
-1223
-1176
-1174
-1183
-1168
-1123
-1103
-1076
-1010
-928
-860
-809
-738
-689
-622
-527
-376
-230
-119
3
132
257
352
439
507
598
734
876
989
1084
1143
1198
1241
1279
1319
1353
1382
1396
1428
1435
1404
1357
1304
1250
1190
1121
1058
966
880
806
718
620
535
494
424
343
273
192
116
49
-30
-116
-204
-253
-292
-349
-427
-493
-534
-597
-650
-707
-721
-740
-765
-802
-829
-863
-934
-967
-966
-960
-963
-947
-930
-914
-893
-921
-962
-984
-969
-919
-872
-849
-846
-857
-866
-878
-888
-888
-871
-853
-800
-776
-779
-776
-767
-753
-755
-735
-734
-739
-720
-695
-711
-742
-733
-699
-661
-614
-575
-520
-482
-434
-356
-315
-290
-216
-133
-41
30
90
125
154
215
267
316
363
410
467
502
522
537
535
511
541
547
528
481
446
443
425
410
354
290
261
236
209
174
135
106
81
68
57
48
23
-29
-58
-67
-85
-122
-150
-160
-176
-187
-196
-196
-227
-233
-226
-239
-248
-257
-266
-293
-324
-362
-376
-405
-423
-423
-434
-444
-469
-489
-487
-479
-472
-473
-462
-466
-463
-431
-414
-419
-454
-497
-515
-526
-570
-631
-680
-720
-730
-753
-791
-831
-885
-936
-992
-1022
-1061
-1099
-1120
-1130
-1164
-1200
-1219
-1238
-1230
-1189
-1141
-1124
-1096
-1048
-990
-941
-886
-838
-788
-707
-591
-491
-414
-354
-276
-187
-123
-61
14
88
161
227
279
306
317
342
375
367
355
369
399
437
454
438
411
371
366
368
351
332
315
323
325
323
305
254
205
188
173
162
132
118
102
87
51
13
-11
-22
-24
-41
-82
-140
-169
-197
-247
-330
-403
-449
-451
-489
-518
-560
-634
-678
-711
-756
-797
-840
-873
-885
-910
-943
-1005
-1062
-1109
-1118
-1130
-1143
-1151
-1167
-1181
-1207
-1242
-1291
-1343
-1371
-1359
-1357
-1359
-1337
-1322
-1325
-1319
-1305
-1289
-1281
-1254
-1172
-1110
-1075
-1017
-921
-820
-744
-689
-621
-560
-468
-335
-213
-90
19
114
214
315
395
449
490
548
631
715
785
838
867
883
892
897
882
870
876
895
901
894
866
837
801
746
701
649
590
554
529
501
475
445
403
353
305
232
158
92
13
-36
-90
-161
-211
-263
-313
-376
-442
-506
-584
-654
-681
-706
-761
-809
-843
-872
-908
-937
-952
-965
-985
-1008
-1024
-1041
-1053
-1062
-1066
-1051
-1066
-1075
-1092
-1100
-1103
-1100
-1109
-1096
-1077
-1059
-1037
-1061
-1069
-1075
-1081
-1059
-1028
-1005
-993
-998
-980
-938
-912
-901
-899
-897
-856
-806
-763
-725
-682
-633
-545
-472
-436
-393
-347
-294
-202
-131
-74
-39
-4
48
116
168
203
262
307
330
344
348
332
321
313
331
327
306
286
260
235
199
167
130
98
88
34
-16
-68
-106
-135
-188
-242
-282
-313
-351
-358
-383
-419
-463
-504
-531
-570
-597
-610
-629
-635
-639
-645
-662
-690
-706
-700
-697
-694
-680
-673
-655
-650
-647
-646
-640
-603
-574
-558
-530
-505
-490
-480
-480
-462
-444
-422
-414
-386
-365
-347
-331
-335
-313
-314
-317
-319
-318
-309
-309
-327
-333
-357
-379
-385
-408
-414
-457
-503
-517
-560
-625
-691
-742
-774
-785
-801
-824
-866
-874
-869
-874
-914
-938
-915
-892
-869
-862
-825
-821
-801
-765
-738
-743
-752
-719
-667
-610
-581
-568
-583
-590
-569
-545
-526
-528
-490
-457
-430
-415
-418
-405
-397
-388
-373
-377
-372
-363
-322
-317
-336
-322
-311
-289
-272
-234
-207
-203
-181
-155
-130
-113
-115
-103
-91
-57
-17
-26
-36
-18
9
28
34
55
72
88
101
111
121
125
129
150
142
132
137
144
129
108
103
82
86
76
51
15
-13
-34
-56
-73
-94
-132
-159
-195
-236
-250
-292
-350
-385
-432
-477
-523
-581
-612
-650
-705
-757
-793
-825
-868
-925
-977
-1015
-1051
-1070
-1086
-1115
-1134
-1142
-1143
-1171
-1168
-1152
-1134
-1087
-1020
-968
-930
-885
-810
-738
-713
-673
-632
-574
-488
-397
-320
-290
-259
-212
-181
-160
-125
-74
-10
61
127
175
174
176
202
226
218
203
199
217
236
261
283
274
280
304
338
348
350
357
365
396
404
392
364
340
337
321
301
271
249
226
191
160
143
114
85
63
58
7
-46
-73
-97
-128
-140
-151
-183
-199
-208
-225
-256
-287
-328
-356
-389
-417
-437
-455
-477
-492
-506
-551
-583
-609
-645
-676
-731
-781
-844
-885
-917
-916
-938
-1004
-1049
-1068
-1104
-1144
-1180
-1217
-1247
-1297
-1331
-1347
-1390
-1437
-1447
-1452
-1440
-1472
-1487
-1467
-1429
-1384
-1364
-1367
-1382
-1348
-1307
-1251
-1196
-1166
-1097
-1003
-920
-841
-793
-743
-664
-556
-443
-381
-322
-235
-143
-70
-7
53
116
194
271
329
367
398
438
493
526
546
564
602
662
717
739
722
727
747
764
762
757
754
749
739
757
739
712
678
659
626
580
528
477
457
430
388
336
289
237
211
168
112
74
40
11
-10
-35
-80
-122
-160
-196
-227
-273
-326
-351
-372
-400
-433
-461
-490
-529
-572
-633
-695
-732
-762
-765
-796
-859
-929
-981
-1021
-1088
-1154
-1208
-1245
-1262
-1294
-1351
-1426
-1485
-1512
-1532
-1555
-1593
-1602
-1615
-1631
-1670
-1727
-1758
-1738
-1658
-1607
-1578
-1585
-1554
-1487
-1424
-1390
-1385
-1351
-1235
-1083
-966
-882
-828
-735
-605
-494
-399
-302
-204
-81
53
151
217
277
365
423
469
523
578
642
694
733
747
745
748
786
793
798
782
784
788
773
745
694
646
609
586
563
518
451
389
349
300
248
198
128
78
36
-19
-90
-161
-242
-302
-375
-454
-525
-595
-638
-687
-735
-800
-849
-881
-916
-945
-979
-1024
-1070
-1080
-1097
-1128
-1141
-1166
-1165
-1172
-1190
-1215
-1226
-1213
-1193
-1196
-1225
-1223
-1199
-1181
-1190
-1222
-1253
-1249
-1222
-1201
-1191
-1210
-1216
-1204
-1189
-1188
-1198
-1195
-1170
-1111
-1069
-1060
-1062
-1050
-1017
-989
-944
-904
-856
-816
-796
-757
-743
-747
-715
-655
-570
-481
-404
-352
-280
-173
-101
-62
-17
29
96
172
258
320
364
396
423
460
476
491
521
562
587
588
574
547
516
470
433
387
346
318
294
259
218
181
110
43
-11
-71
-133
-178
-211
-242
-267
-289
-341
-402
-454
-472
-498
-519
-537
-564
-589
-631
-657
-680
-679
-681
-676
-676
-671
-651
-645
-640
-658
-656
-644
-618
-586
-565
-534
-541
-568
-576
-583
-586
-565
-528
-503
-482
-468
-464
-479
-493
-495
-496
-497
-492
-477
-442
-435
-431
-439
-438
-433
-458
-465
-495
-513
-513
-499
-511
-520
-537
-545
-558
-573
-572
-584
-602
-599
-568
-543
-518
-528
-517
-502
-488
-452
-397
-359
-303
-240
-180
-123
-94
-61
-21
9
51
107
167
207
251
292
325
360
374
408
403
405
388
362
355
369
386
396
402
400
418
420
414
392
349
320
315
319
317
297
282
267
240
204
161
116
80
62
48
27
-7
-41
-62
-95
-131
-146
-161
-167
-156
-132
-125
-137
-144
-137
-133
-141
-145
-147
-142
-133
-123
-122
-133
-141
-154
-186
-205
-230
-244
-274
-295
-308
-333
-347
-362
-369
-408
-441
-456
-466
-484
-506
-501
-493
-491
-511
-531
-576
-624
-641
-652
-656
-664
-650
-637
-648
-672
-727
-776
-783
-755
-716
-687
-650
-599
-555
-555
-570
-565
-555
-528
-453
-372
-344
-325
-296
-241
-223
-224
-199
-149
-93
-28
26
31
42
59
84
88
98
147
182
215
250
262
257
263
259
270
267
266
267
263
271
252
207
164
134
126
114
88
64
45
42
16
-22
-64
-102
-132
-133
-123
-139
-153
-159
-152
-145
-157
-174
-180
-178
-158
-155
-159
-166
-182
-180
-177
-158
-143
-137
-124
-125
-111
-108
-123
-147
-142
-142
-145
-149
-148
-151
-160
-177
-195
-194
-198
-188
-188
-181
-180
-202
-235
-276
-289
-293
-285
-267
-269
-261
-254
-264
-274
-295
-331
-350
-360
-344
-331
-319
-321
-327
-323
-344
-366
-347
-306
-273
-246
-245
-248
-255
-283
-286
-275
-279
-264
-229
-164
-136
-138
-132
-132
-120
-100
-94
-91
-64
-35
-36
-63
-78
-80
-61
-18
27
46
39
35
23
1
-33
-72
-81
-64
-55
-46
-38
-38
-45
-68
-108
-127
-123
-124
-138
-158
-158
-175
-202
-222
-229
-239
-237
-198
-154
-135
-132
-147
-204
-243
-274
-278
-273
-264
-235
-220
-229
-251
-253
-260
-279
-288
-285
-268
-259
-246
-242
-272
-287
-282
-278
-265
-258
-253
-256
-260
-263
-281
-335
-381
-417
-438
-466
-456
-454
-465
-481
-488
-500
-536
-532
-530
-520
-502
-495
-498
-517
-531
-526
-535
-559
-539
-484
-443
-403
-361
-347
-341
-355
-372
-370
-358
-327
-283
-239
-211
-195
-187
-190
-180
-161
-138
-115
-63
-10
19
11
1
23
45
65
86
121
145
171
209
219
198
169
155
149
154
155
149
155
160
172
148
119
120
130
131
115
89
82
66
43
17
-4
-27
-35
-6
8
11
19
13
-10
-20
-35
-62
-87
-109
-111
-124
-127
-122
-133
-135
-157
-177
-192
-202
-207
-239
-280
-303
-308
-317
-323
-325
-323
-310
-309
-311
-312
-332
-378
-378
-377
-415
-422
-433
-435
-430
-420
-400
-395
-400
-394
-385
-374
-348
-346
-358
-373
-373
-382
-392
-388
-360
-336
-286
-255
-235
-208
-228
-237
-266
-270
-257
-237
-221
-187
-168
-178
-193
-197
-188
-193
-200
-186
-153
-140
-129
-135
-164
-179
-181
-165
-158
-154
-147
-127
-119
-107
-128
-176
-201
-192
-203
-222
-233
-224
-203
-217
-233
-251
-270
-289
-303
-336
-367
-382
-381
-373
-384
-394
-398
-411
-402
-374
-357
-360
-364
-357
-378
-390
-412
-424
-430
-440
-416
-396
-385
-364
-349
-340
-323
-311
-294
-282
-277
-251
-241
-248
-260
-244
-223
-218
-198
-167
-129
-101
-82
-78
-78
-71
-62
-55
-44
-25
-8
9
24
55
72
70
67
61
84
78
59
39
37
43
24
12
-17
-35
-39
-25
-9
-26
-54
-78
-95
-96
-134
-176
-189
-191
-182
-181
-191
-206
-202
-212
-232
-259
-268
-259
-257
-272
-299
-313
-334
-344
-358
-377
-394
-387
-357
-356
-358
-375
-396
-384
-372
-374
-384
-393
-382
-339
-307
-301
-310
-312
-299
-299
-289
-305
-343
-351
-346
-344
-369
-376
-356
-321
-311
-311
-305
-285
-272
-257
-261
-278
-273
-242
-218
-221
-209
-186
-154
-124
-96
-85
-78
-81
-66
-52
-70
-77
-76
-70
-52
-35
-27
-36
-19
-1
-21
-25
-21
-30
-20
1
14
-2
-11
5
6
-12
-34
-33
-15
10
6
-17
-45
-56
-36
-26
-39
-48
-29
-17
-32
-69
-118
-160
-194
-213
-236
-272
-297
-316
-325
-349
-373
-392
-365
-348
-348
-349
-371
-382
-398
-412
-432
-430
-419
-413
-417
-417
-411
-408
-395
-384
-379
-373
-367
-344
-325
-340
-351
-357
-346
-303
-269
-257
-254
-211
-187
-171
-155
-149
-142
-111
-60
-25
-7
-4
12
24
22
15
23
27
27
41
40
20
1
-5
-14
-27
-29
-16
5
13
19
15
16
21
18
3
-21
-30
-32
-41
-69
-85
-86
-78
-67
-64
-62
-75
-78
-64
-77
-109
-129
-121
-115
-109
-95
-99
-95
-84
-81
-97
-99
-118
-115
-122
-140
-138
-135
-150
-159
-174
-195
-199
-214
-216
-229
-226
-212
-225
-257
-290
-329
-337
-335
-336
-353
-375
-370
-389
-411
-421
-446
-467
-488
-504
-508
-494
-509
-511
-489
-474
-457
-440
-403
-361
-342
-360
-360
-349
-331
-307
-303
-287
-285
-256
-218
-198
-161
-144
-132
-121
-97
-75
-62
-66
-70
-61
-49
-48
-49
-31
-18
-3
-4
-12
-4
-5
-7
4
1
2
14
2
14
34
14
2
2
9
24
23
22
4
11
6
12
18
22
47
62
65
73
77
69
44
28
9
-20
-25
-41
-51
-78
-86
-72
-63
-79
-89
-76
-83
-77
-85
-126
-150
-179
-213
-229
-239
-245
-240
-248
-234
-236
-250
-251
-253
-252
-267
-275
-289
-288
-278
-282
-305
-338
-348
-331
-315
-315
-304
-293
-279
-268
-277
-282
-279
-261
-237
-226
-210
-201
-193
-199
-187
-178
-173
-157
-136
-139
-140
-158
-167
-154
-117
-86
-103
-96
-61
-62
-59
-70
-98
-95
-86
-75
-90
-90
-73
-44
-19
10
-7
8
44
67
87
88
115
133
164
189
163
140
135
150
164
166
171
177
173
146
137
105
106
121
138
136
125
108
111
117
96
94
104
124
159
186
194
202
195
192
172
177
188
212
249
282
279
267
247
242
246
235
229
220
202
206
193
186
161
142
158
169
188
198
195
200
197
179
150
123
114
100
104
101
96
99
104
102
85
83
70
47
32
10
-12
-21
-14
0
0
12
21
25
31
7
-13
-27
-32
-32
-20
-25
-9
0
1
8
21
28
20
18
17
31
33
32
32
30
15
3
1
4
-1
15
31
26
18
11
11
25
39
37
24
3
8
43
46
42
52
59
75
90
95
92
76
77
72
73
78
71
81
96
82
73
61
71
82
99
105
94
94
75
70
60
48
26
33
47
63
73
68
63
46
14
-24
-48
-77
-97
-117
-136
-153
-178
-208
-221
-244
-279
-291
-302
-313
-328
-339
-354
-380
-407
-432
-454
-468
-471
-465
-467
-489
-493
-510
-535
-550
-562
-569
-588
-590
-596
-618
-622
-633
-652
-657
-643
-630
-614
-593
-569
-547
-555
-557
-556
-558
-531
-506
-477
-466
-455
-451
-445
-436
-435
-429
-420
-392
-363
-346
-341
-324
-307
-279
-255
-239
-211
-190
-176
-167
-168
-157
-148
-130
-120
-110
-97
-84
-49
-26
-12
-1
7
-6
-8
-15
-28
-45
-66
-60
-66
-57
-49
-66
-83
-99
-120
-128
-127
-138
-154
-181
-183
-198
-223
-247
-273
-282
-282
-282
-299
-318
-333
-352
-359
-386
-417
-433
-452
-458
-462
-458
-469
-493
-511
-528
-552
-580
-600
-598
-595
-623
-626
-629
-637
-641
-637
-614
-585
-568
-557
-575
-577
-580
-599
-597
-600
-588
-582
-569
-571
-570
-565
-562
-543
-535
-525
-509
-513
-517
-521
-505
-494
-478
-448
-426
-411
-394
-396
-393
-383
-376
-345
-337
-323
-306
-295
-270
-256
-255
-256
-246
-231
-226
-222
-217
-214
-230
-244
-255
-259
-273
-279
-272
-272
-282
-297
-302
-306
-303
-311
-329
-339
-347
-339
-337
-345
-346
-344
-317
-294
-271
-268
-270
-265
-264
-271
-282
-289
-303
-332
-332
-351
-346
-358
-373
-365
-370
-387
-392
-383
-395
-384
-391
-381
-377
-372
-352
-344
-345
-344
-348
-358
-380
-377
-356
-355
-354
-356
-366
-374
-365
-383
-393
-407
-397
-387
-410
-404
-393
-394
-402
-418
-424
-428
-442
-430
-412
-410
-403
-404
-391
-391
-395
-395
-390
-373
-367
-365
-383
-400
-409
-405
-417
-426
-427
-409
-398
-398
-400
-409
-410
-415
-415
-407
-377
-372
-377
-371
-371
-362
-377
-367
-354
-351
-332
-332
-327
-334
-333
-338
-341
-335
-312
-299
-287
-271
-282
-277
-289
-297
-296
-288
-267
-238
-210
-199
-198
-191
-193
-194
-194
-182
-181
-185
-170
-161
-169
-183
-180
-180
-186
-185
-176
-153
-138
-144
-159
-178
-194
-196
-207
-229
-240
-249
-246
-230
-233
-250
-248
-273
-287
-290
-309
-330
-337
-342
-344
-348
-363
-375
-384
-387
-402
-400
-396
-393
-387
-418
-428
-416
-404
-400
-405
-401
-399
-388
-379
-377
-371
-370
-369
-375
-366
-368
-378
-379
-372
-349
-349
-333
-324
-314
-302
-309
-308
-305
-283
-251
-231
-218
-211
-192
-182
-189
-182
-177
-164
-147
-114
-96
-79
-61
-56
-48
-57
-57
-46
-33
-23
-9
-11
-27
-33
-27
-30
-25
-16
-11
-11
-11
-9
-28
-25
-7
6
16
21
19
24
12
2
8
2
13
10
7
14
9
-2
0
-11
-27
-45
-72
-87
-96
-102
-97
-90
-101
-119
-113
-101
-97
-83
-92
-97
-107
-111
-115
-118
-117
-114
-126
-147
-145
-144
-140
-155
-155
-144
-151
-149
-151
-158
-155
-146
-141
-138
-129
-106
-100
-97
-97
-117
-108
-95
-97
-99
-98
-74
-63
-54
-61
-86
-86
-67
-64
-52
-38
-22
-3
15
20
24
35
30
26
18
14
14
23
37
46
39
34
8
18
10
3
0
-8
12
1
3
7
9
10
17
17
13
11
14
17
5
5
-1
-6
-5
-1
9
18
24
24
22
7
14
18
24
39
41
32
29
18
18
20
13
19
28
49
63
69
77
81
83
92
89
81
88
108
126
133
144
137
146
138
117
115
129
154
172
188
173
162
151
131
114
116
133
164
180
177
158
152
152
153
175
207
233
256
256
247
257
225
205
210
217
213
199
193
188
179
162
136
115
112
129
137
139
139
125
112
92
87
85
78
88
105
113
95
79
66
62
54
52
67
67
48
30
7
-17
-14
5
12
13
21
30
29
39
44
54
63
80
104
115
111
95
100
95
87
89
97
103
110
121
112
98
93
97
102
111
129
138
138
145
142
140
131
136
142
166
199
204
207
195
189
176
161
163
172
185
183
179
165
147
136
119
108
113
125
137
158
157
156
162
176
181
164
158
171
176
176
173
178
173
166
160
169
171
171
186
182
178
170
161
161
161
160
163
155
157
177
155
145
136
125
144
169
176
180
176
180
176
159
152
158
175
192
211
213
210
213
207
195
189
190
176
170
181
185
162
151
163
165
165
174
183
197
212
212
206
206
215
228
248
261
263
260
261
263
256
249
267
280
281
266
253
255
249
235
238
239
243
236
239
241
228
221
218
209
207
218
222
232
230
226
229
205
201
200
198
204
204
200
192
208
195
181
179
184
184
187
184
180
192
201
212
209
197
182
158
153
137
119
119
126
134
126
127
132
128
115
115
125
148
175
182
196
221
236
245
233
220
210
205
213
216
214
199
194
175
155
140
128
141
157
172
158
139
131
119
122
115
110
104
103
113
129
134
132
124
132
152
133
132
145
151
155
160
169
167
163
162
171
172
174
174
170
155
147
129
116
115
101
106
126
135
150
165
154
147
142
130
105
89
94
114
135
150
152
139
128
125
103
88
77
66
76
72
77
70
47
32
12
-11
-16
-19
-16
-10
-17
-24
-24
-17
-3
-12
-24
-9
4
17
18
6
-16
-50
-66
-71
-80
-87
-99
-109
-111
-110
-112
-118
-145
-146
-141
-139
-123
-125
-126
-119
-123
-126
-129
-126
-121
-122
-124
-123
-114
-125
-138
-158
-161
-179
-182
-183
-164
-142
-144
-150
-151
-147
-131
-114
-115
-111
-109
-110
-118
-104
-101
-102
-119
-121
-119
-131
-134
-141
-140
-147
-149
-141
-131
-143
-145
-136
-127
-121
-124
-130
-147
-161
-184
-194
-194
-217
-208
-197
-188
-175
-195
-205
-217
-214
-208
-189
-187
-177
-157
-138
-122
-119
-119
-112
-91
-70
-54
-50
-33
-16
-7
4
16
20
29
41
52
60
74
85
88
88
101
110
121
133
160
183
184
179
185
199
216
216
217
231
247
261
274
279
283
277
273
265
266
263
263
276
287
292
295
303
298
299
298
287
279
281
282
273
260
243
232
215
203
197
187
190
174
175
168
161
167
171
185
187
175
169
170
153
148
166
171
171
179
180
189
187
198
212
221
242
244
251
264
264
261
259
261
265
271
292
305
311
331
339
353
347
331
341
360
371
389
395
388
406
406
400
405
402
414
418
431
441
440
451
433
435
428
421
438
426
429
428
419
393
366
362
349
355
365
368
369
357
330
344
346
339
344
353
368
381
385
394
390
385
381
384
380
379
381
388
383
370
364
340
318
326
337
336
340
340
331
307
289
283
264
253
277
276
283
290
294
300
296
304
318
322
340
355
353
352
360
371
376
380
385
391
408
426
430
433
425
419
421
421
415
425
453
476
488
502
517
539
547
530
537
540
549
567
573
583
593
605
605
594
579
566
567
557
539
534
534
539
531
511
492
486
480
496
485
473
484
493
500
514
514
500
492
486
480
469
484
482
470
463
463
460
436
432
431
424
420
396
383
377
346
351
337
328
334
346
370
365
358
342
327
326
332
308
312
319
312
296
279
278
269
262
268
271
284
294
291
287
276
280
285
299
316
326
335
347
348
340
335
333
328
338
346
327
335
355
360
376
368
370
381
386
383
378
377
375
392
403
415
410
416
442
458
443
440
450
455
457
463
453
450
449
453
440
442
447
439
451
444
446
452
444
455
446
440
441
448
444
422
427
412
433
443
453
470
476
478
478
483
471
464
463
476
475
470
459
452
434
422
403
409
412
413
431
433
423
422
428
423
429
442
444
452
463
480
485
494
483
481
491
485
499
495
494
502
504
497
478
477
465
449
449
439
442
448
440
440
439
440
467
463
462
462
477
484
469
487
493
475
468
467
465
473
461
473
482
491
478
465
462
455
460
451
453
437
422
403
401
391
389
398
391
385
388
376
372
384
385
371
368
371
356
375
384
392
394
389
388
371
383
398
382
382
400
410
409
411
398
398
391
398
414
408
409
404
390
378
364
357
359
359
377
381
383
371
372
378
389
403
423
439
447
454
457
462
466
461
454
458
474
460
463
489
494
487
475
466
463
476
473
486
483
463
459
449
441
441
441
451
462
492
511
520
533
543
560
568
576
568
567
558
550
561
572
577
574
581
572
567
556
556
552
547
560
565
579
594
586
576
577
582
598
625
636
658
675
673
681
677
673
681
683
690
696
709
710
698
692
686
681
681
683
688
693
706
719
733
742
751
758
761
769
790
806
802
811
811
813
830
833
834
846
853
856
851
844
830
812
815
811
780
765
749
737
718
710
683
662
654
626
621
619
607
599
594
578
565
566
570
577
569
557
550
543
530
526
508
493
472
469
462
467
469
485
490
471
466
462
466
444
452
450
461
456
445
435
422
423
412
405
416
421
439
449
451
446
434
432
428
418
400
407
410
410
402
409
411
410
415
402
395
393
374
377
393
373
364
366
355
341
327
316
302
303
307
313
307
312
309
279
261
249
234
235
232
229
220
212
205
195
192
182
179
183
184
175
165
153
150
147
146
135
128
119
111
98
86
78
60
64
60
50
65
79
86
84
82
85
86
80
57
48
53
49
40
53
58
60
71
75
84
98
90
98
87
71
68
54
52
41
50
62
67
54
54
53
50
41
46
52
48
53
40
29
24
38
51
47
63
67
65
76
63
67
71
76
72
83
93
88
75
54
41
24
2
-6
-6
6
14
16
13
14
7
-4
-19
-10
7
16
26
27
41
34
37
40
30
19
12
5
14
32
31
33
15
-10
-14
-25
-21
-24
-32
-37
-51
-58
-74
-76
-79
-86
-68
-55
-46
-57
-68
-77
-81
-84
-73
-58
-54
-35
-31
-27
-10
-8
-23
-17
-10
-21
-26
-23
-23
-31
-47
-61
-73
-86
-88
-109
-105
-93
-99
-106
-120
-122
-133
-129
-121
-118
-99
-74
-55
-38
-33
-40
-34
-42
-31
-27
-29
-11
-3
-5
-13
-22
-34
-46
-46
-30
-20
0
16
1
-8
-11
3
9
19
26
51
67
74
83
72
76
68
70
73
82
93
92
91
103
113
101
91
80
67
64
64
53
53
56
70
77
73
63
46
34
28
9
2
3
8
16
12
13
9
8
5
-1
-7
0
7
8
1
-9
-18
-35
-40
-41
-29
-32
-37
-38
-46
-64
-77
-83
-92
-95
-93
-93
-99
-104
-128
-137
-146
-147
-150
-145
-132
-147
-153
-162
-168
-177
-191
-191
-174
-167
-160
-160
-166
-151
-149
-146
-141
-131
-118
-110
-108
-115
-125
-125
-127
-130
-124
-128
-121
-118
-109
-90
-86
-83
-87
-84
-71
-73
-86
-96
-100
-84
-91
-103
-126
-127
-129
-138
-125
-128
-117
-96
-92
-76
-71
-68
-70
-69
-70
-79
-83
-72
-59
-58
-59
-59
-59
-60
-68
-72
-63
-63
-58
-70
-65
-64
-63
-55
-53
-62
-52
-33
-30
-22
-17
-19
-5
1
6
4
17
30
28
34
33
23
5
0
2
-6
-12
-6
-6
8
6
16
19
12
15
20
19
18
35
43
57
60
57
55
64
57
53
38
39
43
58
51
36
25
20
27
22
29
26
26
15
-2
-12
-28
-33
-25
-30
-28
-39
-42
-45
-54
-47
-52
-50
-43
-31
6
15
11
-9
-14
0
3
0
7
-15
-28
-24
-15
0
-5
2
-3
-16
-10
-5
4
16
14
17
25
31
46
53
51
50
54
56
56
76
92
74
64
75
77
75
76
71
63
69
80
70
59
45
8
-4
-18
-20
-17
-11
1
11
14
-5
-16
-34
-39
-41
-35
-22
-31
-37
-37
-43
-29
-47
-53
-70
-84
-76
-74
-72
-69
-84
-102
-119
-127
-122
-113
-111
-111
-112
-115
-122
-146
-149
-143
-136
-134
-140
-140
-134
-134
-109
-110
-107
-121
-129
-121
-133
-129
-120
-98
-80
-74
-87
-92
-84
-70
-61
-62
-64
-63
-82
-88
-90
-99
-94
-74
-48
-40
-25
-14
-20
-28
-40
-41
-51
-55
-50
-40
-36
-36
-40
-46
-50
-64
-80
-90
-114
-126
-135
-131
-140
-155
-153
-174
-181
-193
-197
-204
-212
-210
-214
-208
-209
-215
-208
-193
-187
-166
-155
-162
-158
-161
-178
-177
-198
-203
-205
-205
-217
-226
-231
-243
-260
-281
-276
-294
-287
-285
-277
-280
-279
-268
-266
-267
-287
-288
-282
-273
-268
-275
-277
-290
-301
-314
-320
-334
-332
-333
-338
-321
-315
-305
-300
-299
-292
-285
-283
-274
-260
-255
-258
-248
-253
-257
-253
-263
-259
-262
-261
-265
-256
-244
-243
-248
-262
-267
-270
-279
-269
-267
-267
-274
-288
-287
-281
-286
-293
-278
-269
-260
-258
-250
-235
-237
-238
-256
-264
-270
-260
-249
-246
-227
-219
-207
-204
-202
-205
-221
-238
-250
-246
-253
-252
-250
-266
-279
-276
-289
-289
-283
-263
-242
-245
-232
-227
-235
-249
-258
-267
-274
-267
-253
-252
-259
-267
-286
-290
-297
-316
-328
-326
-330
-337
-337
-346
-360
-365
-367
-361
-347
-342
-335
-334
-340
-327
-332
-340
-331
-333
-325
-324
-329
-345
-359
-361
-371
-379
-388
-389
-378
-360
-367
-383
-373
-382
-376
-367
-376
-374
-364
-363
-360
-357
-343
-334
-356
-339
-340
-340
-320
-331
-333
-325
-314
-320
-316
-314
-317
-315
-318
-309
-309
-303
-311
-318
-330
-327
-308
-310
-316
-311
-307
-305
-300
-307
-318
-327
-340
-340
-342
-342
-326
-340
-340
-346
-352
-349
-362
-368
-379
-373
-372
-366
-378
-403
-415
-441
-461
-485
-494
-496
-481
-463
-461
-456
-460
-455
-460
-441
-435
-422
-400
-387
-380
-374
-353
-341
-326
-325
-324
-334
-335
-340
-334
-332
-334
-341
-354
-364
-382
-377
-378
-377
-374
-373
-378
-380
-372
-370
-376
-365
-360
-353
-342
-340
-326
-317
-309
-295
-302
-302
-301
-307
-306
-296
-282
-275
-273
-268
-260
-261
-263
-252
-256
-252
-267
-278
-276
-275
-265
-258
-243
-235
-223
-209
-192
-191
-183
-174
-183
-181
-166
-152
-138
-140
-136
-151
-155
-152
-162
-172
-186
-181
-185
-183
-158
-130
-128
-125
-132
-130
-126
-125
-110
-106
-103
-103
-104
-81
-67
-59
-44
-37
-28
-17
4
8
-7
-5
-7
-9
-9
-9
-13
-27
-43
-56
-63
-58
-57
-57
-61
-79
-75
-76
-81
-88
-93
-94
-97
-82
-84
-89
-86
-87
-93
-97
-107
-95
-95
-87
-85
-89
-91
-91
-84
-86
-70
-69
-68
-60
-45
-31
-24
-25
-31
-30
-33
-28
-31
-29
-16
-7
3
5
14
5
5
17
20
21
8
1
-8
5
18
24
27
23
21
23
16
19
24
28
31
33
28
36
52
44
47
50
53
54
63
68
66
69
66
80
72
75
75
64
67
64
75
75
67
72
61
59
70
84
79
69
71
71
81
78
73
74
85
74
78
71
58
51
45
51
43
46
39
50
59
65
76
74
77
79
83
79
86
89
91
102
107
109
113
125
125
131
128
121
117
101
99
97
96
80
68
68
63
67
56
54
51
40
55
55
58
51
57
70
74
80
77
77
58
61
77
75
88
93
92
93
83
84
81
69
65
47
47
36
40
39
34
35
24
23
24
25
20
39
35
34
34
40
51
51
78
72
66
83
91
83
75
85
72
66
82
87
95
86
64
58
71
75
85
83
68
75
58
49
35
33
37
34
44
35
47
47
39
25
14
5
10
30
35
39
48
66
61
69
64
51
51
36
33
25
26
17
12
14
-7
-17
-21
-9
-5
10
5
1
-7
-27
-10
0
9
1
19
24
41
58
73
91
81
87
87
90
93
99
108
133
149
150
155
157
152
161
175
175
181
182
188
200
211
207
219
238
256
275
286
294
298
313
311
309
307
314
332
335
355
358
355
349
341
339
338
327
314
311
319
327
316
321
319
301
302
309
299
299
293
287
280
280
287
287
300
302
310
314
315
316
313
321
320
319
300
295
276
257
246
242
240
238
238
224
212
197
173
160
157
146
146
155
162
163
175
166
153
140
136
136
122
114
94
66
53
56
58
55
61
58
58
62
59
59
77
88
98
105
95
102
94
80
82
88
84
89
91
97
88
80
65
62
55
37
24
4
-11
-13
-10
-20
-40
-57
-61
-59
-60
-74
-80
-94
-97
-95
-93
-81
-80
-86
-90
-106
-126
-142
-152
-150
-143
-130
-113
-115
-126
-150
-147
-141
-156
-157
-148
-138
-144
-135
-125
-126
-113
-115
-107
-103
-93
-94
-94
-89
-94
-93
-83
-73
-78
-78
-67
-72
-64
-67
-68
-54
-56
-46
-23
-24
-16
10
21
24
16
15
20
34
34
37
43
43
38
46
57
62
49
38
24
-1
-16
-30
-40
-45
-45
-52
-66
-64
-59
-54
-63
-63
-70
-64
-51
-45
-37
-33
-35
-42
-43
-41
-32
-36
-39
-31
-22
-25
-29
-25
-36
-35
-38
-48
-59
-76
-86
-84
-81
-80
-71
-71
-74
-81
-92
-91
-82
-77
-60
-65
-58
-50
-60
-42
-20
-8
4
-3
0
2
11
11
12
15
21
34
29
28
20
27
27
49
55
44
54
44
36
26
30
32
35
49
59
59
65
50
54
69
65
88
93
95
116
121
132
135
131
125
132
135
130
139
135
142
140
128
121
101
95
82
82
77
82
86
86
86
80
89
78
80
75
78
82
106
111
124
128
138
145
154
164
152
161
181
196
197
204
207
210
206
216
230
238
247
237
236
226
219
216
226
225
230
251
271
275
268
281
274
269
270
256
251
242
256
260
264
262
250
250
246
235
238
239
225
229
232
225
212
210
206
185
181
181
179
195
180
182
189
189
185
183
190
198
198
197
196
195
207
192
179
172
157
164
157
155
153
150
146
144
152
143
142
136
135
131
135
152
136
129
121
104
107
97
86
92
78
78
69
55
40
42
36
31
28
35
57
61
64
69
75
85
99
101
109
121
131
130
127
112
102
98
102
102
107
116
115
116
114
111
108
117
114
117
124
127
131
144
143
135
143
144
145
131
129
141
142
140
137
121
113
108
99
86
83
90
97
97
111
105
104
112
110
106
109
108
124
134
138
145
143
134
134
143
136
135
136
145
154
154
147
136
119
114
106
106
122
115
106
110
98
82
82
89
96
94
95
110
111
103
89
96
96
103
116
110
117
112
114
128
120
127
131
127
133
124
115
120
108
101
91
69
66
59
59
74
80
71
65
53
55
72
81
92
72
66
60
49
45
44
34
36
45
40
34
26
17
2
4
-2
-11
-19
-17
-36
-57
-61
-67
-63
-73
-76
-80
-72
-60
-47
-55
-66
-88
-93
-94
-95
-77
-64
-51
-49
-36
-20
-21
-20
-21
-28
-11
-2
-7
-12
-18
-25
-37
-52
-60
-61
-60
-62
-80
-92
-109
-125
-125
-131
-123
-116
-113
-103
-108
-120
-116
-114
-120
-100
-80
-79
-45
-32
-21
-2
-1
-8
-23
-26
-31
-22
-23
-37
-34
-40
-38
-42
-33
-25
-25
2
4
4
2
-12
-15
-13
-10
2
16
27
34
36
55
58
66
65
64
68
60
72
70
65
78
78
72
70
63
62
57
57
49
40
51
39
39
46
42
46
53
65
79
94
106
103
103
103
101
109
112
101
113
123
125
134
146
143
128
121
128
145
143
138
135
146
157
154
153
155
160
176
184
189
196
190
201
206
227
227
241
224
222
245
240
232
234
233
217
200
198
189
188
191
187
193
194
189
183
170
173
168
172
181
174
178
173
168
169
162
151
143
136
132
124
122
110
92
84
80
81
79
87
86
80
93
98
111
104
104
104
119
137
139
145
148
149
150
150
148
155
158
157
149
152
156
156
163
162
175
175
177
187
204
212
216
219
223
227
234
247
252
246
241
255
258
270
272
276
280
279
290
309
317
327
328
323
346
359
362
362
352
355
364
369
386
394
407
407
411
413
427
447
455
466
468
475
471
475
471
458
453
457
458
455
447
444
449
449
463
471
467
476
481
494
506
519
521
513
508
508
502
511
514
512
516
521
533
528
536
528
524
507
502
503
494
481
478
473
464
466
450
446
437
437
452
454
452
454
453
449
443
432
429
426
421
409
391
383
377
378
389
393
400
404
409
407
412
407
402
393
391
395
376
368
375
362
367
372
373
360
361
362
343
355
354
356
353
342
342
368
370
370
363
364
369
372
381
380
387
395
387
379
374
357
349
352
362
367
375
381
355
321
303
295
296
303
305
316
316
326
324
317
324
315
320
322
329
333
341
348
353
361
365
372
375
375
375
369
357
362
340
332
321
311
303
313
320
317
312
298
289
280
292
294
299
296
304
315
323
335
335
328
325
316
314
320
317
319
332
337
328
319
296
305
321
324
341
343
348
355
356
347
345
341
346
358
361
379
375
369
368
362
365
353
339
343
349
361
369
374
352
336
328
313
306
296
290
278
277
270
258
249
242
234
235
225
217
201
190
186
182
174
176
178
179
189
185
189
188
180
157
155
150
144
134
127
122
110
97
87
79
80
68
53
47
46
48
33
41
32
27
29
19
28
15
21
19
11
23
24
16
18
1
8
-5
-19
-15
-9
-1
16
27
19
29
27
35
35
45
45
47
56
48
32
22
25
15
7
2
3
13
-4
-9
-15
-32
-26
-26
-20
-39
-47
-57
-64
-61
-74
-87
-100
-119
-134
-141
-150
-146
-156
-154
-155
-153
-158
-164
-168
-176
-173
-179
-191
-184
-177
-166
-162
-160
-159
-165
-169
-160
-142
-125
-111
-110
-110
-108
-102
-90
-80
-80
-72
-55
-42
-39
-27
-25
-21
-14
-2
0
0
10
22
32
36
44
50
48
59
64
76
94
98
98
113
128
117
133
135
139
140
153
169
177
183
179
186
181
186
182
165
168
166
155
136
129
125
122
139
153
154
153
151
154
150
154
148
149
133
130
119
114
107
95
93
88
89
83
95
103
103
93
86
85
67
66
62
68
64
72
74
72
72
69
81
77
94
100
106
97
83
87
83
81
96
98
92
102
115
122
127
133
131
131
135
126
136
138
116
110
111
103
94
96
90
83
67
57
54
44
55
63
64
74
77
78
82
71
82
87
91
96
100
109
119
121
127
131
130
134
117
104
108
115
111
109
96
71
58
60
63
77
84
84
84
85
81
62
49
54
54
63
84
91
83
89
82
79
89
86
78
73
81
81
88
87
85
90
89
79
60
74
73
68
69
61
58
58
62
65
70
70
73
83
80
91
104
98
94
93
83
74
62
73
87
95
108
100
101
76
74
67
51
43
27
34
20
14
4
-3
-11
-19
-27
-32
-27
-17
-8
-27
-34
-38
-58
-58
-67
-72
-71
-76
-69
-75
-89
-96
-100
-111
-119
-133
-142
-144
-165
-188
-197
-201
-206
-224
-237
-237
-232
-226
-243
-256
-269
-274
-267
-265
-263
-269
-276
-283
-286
-290
-296
-291
-306
-311
-323
-323
-306
-308
-315
-312
-293
-280
-265
-260
-245
-229
-224
-207
-210
-214
-220
-221
-203
-203
-209
-206
-192
-178
-167
-156
-152
-142
-137
-152
-160
-159
-152
-139
-130
-128
-127
-125
-133
-132
-144
-150
-137
-141
-124
-115
-106
-113
-117
-131
-132
-129
-132
-134
-123
-101
-94
-91
-94
-87
-77
-78
-63
-46
-36
-18
-16
-10
-8
4
15
15
23
23
25
23
18
22
31
31
30
22
24
41
38
33
17
15
11
2
7
17
14
15
24
31
47
41
39
43
55
62
57
62
74
77
83
85
76
86
74
84
94
106
112
106
108
117
113
105
100
109
121
132
134
122
122
107
126
124
146
156
144
137
131
136
132
139
141
138
134
135
130
121
126
128
128
135
144
156
151
140
131
144
149
153
153
152
149
169
160
158
152
133
144
133
145
150
153
165
170
145
131
124
111
119
120
114
114
106
89
83
92
93
76
68
70
93
89
83
71
32
16
-6
-9
-13
-15
-15
-16
-6
-14
-35
-52
-60
-64
-49
-46
-38
-25
-21
-7
-19
-12
-14
-16
-12
-10
-1
-1
-1
-12
-20
-33
-28
-19
-23
-36
-28
-32
-33
-31
-36
-26
-21
-19
-17
-3
1
11
30
38
48
60
65
59
65
57
73
98
107
109
119
114
119
112
111
107
96
111
107
121
117
103
106
115
115
123
138
156
163
179
178
165
165
161
155
149
154
156
147
143
142
123
109
102
95
71
51
54
63
72
73
66
55
51
53
67
68
84
84
84
84
84
89
99
108
117
132
146
167
173
169
167
149
138
115
105
117
120
116
122
115
105
93
76
76
69
76
80
97
103
92
91
91
82
70
85
87
80
98
104
106
108
115
108
106
114
120
126
122
131
142
134
134
138
136
138
149
166
171
171
173
179
179
195
191
195
195
201
211
202
214
212
209
216
225
231
245
248
253
265
270
275
276
289
292
300
303
326
332
335
349
369
385
389
395
399
409
418
427
434
438
437
451
455
468
467
473
481
496
525
536
546
553
553
572
578
578
595
598
613
621
627
635
622
618
613
608
609
607
613
619
609
616
610
612
613
618
629
642
636
644
647
641
645
654
660
646
654
652
643
653
647
640
651
649
653
642
623
613
613
611
601
605
598
596
581
571
583
588
605
609
610
604
591
588
593
601
600
594
581
561
556
562
559
554
567
575
569
570
581
569
555
536
536
539
529
514
503
491
495
494
495
487
472
479
463
467
466
460
449
439
434
428
440
453
449
447
444
428
420
419
429
445
452
469
478
475
477
477
478
475
473
478
485
475
474
447
429
420
411
415
424
446
450
459
449
432
443
443
442
443
460
473
480
499
507
517
505
493
478
459
457
459
466
461
440
415
385
371
376
370
380
378
361
362
348
340
332
342
347
352
356
362
366
363
377
384
406
406
394
391
388
393
402
416
430
439
452
475
475
482
493
511
517
524
527
516
523
525
525
529
549
547
563
587
589
582
564
557
552
546
549
569
577
570
558
547
534
525
498
473
454
427
428
424
418
402
384
363
348
342
332
336
320
302
299
300
293
282
270
263
275
272
274
271
271
276
273
261
249
249
250
245
237
232
225
216
197
191
189
186
179
194
200
189
195
184
182
184
189
195
219
230
225
219
205
210
214
204
205
214
212
222
247
252
260
266
279
293
299
316
322
331
348
355
346
341
349
352
361
369
377
383
388
388
392
384
369
375
365
362
360
365
357
351
356
352
359
343
348
335
340
342
335
335
333
326
300
284
275
259
242
241
223
230
234
226
214
210
207
201
191
179
182
177
167
159
158
145
138
137
143
145
157
174
180
184
182
187
190
186
190
181
189
195
202
203
203
201
198
202
195
199
204
191
188
202
188
178
167
155
163
166
159
159
150
140
138
130
132
124
122
141
145
143
146
142
134
125
117
111
109
109
107
115
120
120
106
94
94
91
86
85
87
90
77
60
50
58
60
46
37
36
35
37
43
39
34
37
32
30
30
25
23
19
18
31
40
35
21
20
23
13
18
8
-12
-17
-3
14
16
33
25
32
45
34
29
39
51
47
48
51
59
53
54
50
51
59
68
90
97
94
97
87
77
70
72
92
109
139
138
154
166
173
173
178
194
212
241
259
262
282
290
295
285
283
281
275
298
296
293
286
265
244
231
226
228
239
254
254
256
261
251
236
222
210
201
215
220
227
227
239
240
247
263
276
278
294
307
308
311
305
314
324
334
343
352
358
360
369
378
392
404
402
402
406
408
423
430
451
466
482
499
508
515
493
489
494
505
515
524
515
529
535
529
523
521
507
500
495
481
489
487
477
459
450
439
432
419
413
403
390
387
391
379
360
351
335
335
342
352
349
336
334
322
304
287
267
249
227
217
203
191
177
149
138
111
98
102
82
85
83
81
81
57
48
45
57
52
39
53
45
41
54
38
22
14
-2
-8
-2
11
13
21
23
34
23
25
27
34
37
35
47
44
45
40
34
44
56
75
82
78
79
86
97
98
102
116
122
132
135
128
141
133
133
131
123
110
105
89
81
81
76
92
105
109
94
102
92
81
67
62
56
56
70
66
62
46
43
37
26
15
18
20
29
34
26
21
20
10
1
0
-6
-10
-6
-7
-18
-31
-44
-42
-49
-62
-50
-37
-42
-42
-45
-53
-57
-58
-46
-41
-54
-56
-55
-52
-43
-31
-35
-44
-55
-46
-49
-40
-29
-32
-33
-25
-14
-29
-30
-38
-52
-60
-67
-73
-60
-65
-66
-72
-82
-70
-70
-52
-44
-37
-44
-40
-42
-45
-50
-49
-46
-55
-67
-70
-58
-47
-27
-17
-1
-19
1
22
25
51
47
54
43
45
51
43
40
55
59
71
62
57
74
70
74
80
69
56
55
49
54
45
42
63
79
79
56
38
38
26
34
33
27
25
17
14
0
-5
-10
-3
-7
-16
-20
-17
-27
-56
-75
-90
-88
-87
-76
-77
-77
-71
-60
-75
-87
-85
-67
-56
-58
-50
-41
-26
-26
-18
-20
-29
-54
-64
-60
-54
-51
-32
-23
-34
-37
-47
-47
-44
-47
-51
-44
-48
-38
-30
-31
-35
-33
-9
-9
7
14
33
41
48
57
53
54
61
65
72
87
108
130
124
120
113
111
115
119
120
114
112
113
116
90
95
111
122
128
126
142
144
142
144
131
120
111
104
89
77
78
76
65
37
25
7
-16
-38
-47
-61
-60
-80
-89
-97
-116
-133
-156
-158
-167
-155
-162
-163
-160
-169
-165
-172
-177
-160
-149
-141
-143
-139
-133
-139
-149
-154
-143
-140
-145
-135
-123
-128
-113
-107
-107
-103
-107
-104
-95
-75
-52
-51
-58
-54
-49
-50
-45
-39
-36
-24
-24
-36
-28
-27
-22
-28
-31
-31
-32
-27
-28
-16
-8
-7
-19
-17
-6
22
53
58
64
58
52
39
35
41
49
67
78
89
97
103
98
92
90
87
87
87
97
109
107
96
100
108
93
103
104
99
119
116
122
131
147
159
170
169
167
170
170
173
174
181
183
200
199
217
213
204
194
182
197
215
223
214
227
233
249
246
239
248
248
256
284
292
293
290
281
274
267
259
245
246
248
248
246
232
235
223
212
227
226
228
236
235
228
216
213
210
202
204
217
235
238
233
230
236
221
215
218
215
220
210
190
153
143
134
116
100
85
68
61
60
72
79
77
74
66
66
63
70
71
68
72
77
67
61
54
68
79
75
78
94
95
102
102
83
73
50
46
37
37
31
34
41
39
36
23
7
9
18
14
