2.755314  -0.380953  -1.634909  3.909247  4.684058  1.710737  2.823604  0.077735  0.079155  0.026855  0.421192  0.132689  
3.278001  2.476623  2.149871  0.782727  1.402972  1.044136  1.704521  1.361199  1.459388  0.740573  0.411300  0.102021  
2.620995  1.037813  1.245368  2.045213  2.682984  0.421406  0.724496  0.816297  1.619157  0.408749  0.187170  0.052769  
-0.432683  2.488665  3.614279  -0.147787  2.580264  2.389189  1.713780  0.700718  1.532349  0.176536  0.319846  0.108346  
3.985957  0.589962  -2.063097  2.630511  3.425757  1.112507  3.024157  1.361354  0.790439  -0.582824  0.085116  0.115276  
0.278665  1.359730  3.806885  2.992182  0.898103  0.187967  1.761735  1.135011  0.931768  0.116564  0.378155  0.075524  
5.985482  2.085145  0.397436  2.899788  -0.340167  -0.476059  0.216517  -1.586695  0.008825  -0.288755  0.183924  -0.023453  
3.279658  2.167094  2.065192  0.986506  2.018100  1.794967  1.975939  0.365547  0.448746  0.213154  0.252623  0.102994  
4.153933  4.132014  -0.376564  2.727618  4.890884  1.083499  1.472721  0.049498  -0.310363  -0.062721  0.076315  0.095778  
3.357762  2.334312  1.888188  0.402897  0.477951  0.765704  1.878407  0.806645  1.444452  0.631572  0.345946  0.082367  
4.931818  2.528121  -0.058010  2.025389  1.329313  -1.869888  0.915429  0.371283  1.221377  -0.019949  0.044880  0.044257  
3.329863  2.232010  2.052354  0.863865  1.813975  0.757162  1.857820  0.876323  0.568461  0.138686  0.229764  0.088038  
4.214563  1.800352  1.335175  2.518369  3.716110  1.769162  2.314176  1.027168  0.440048  0.448303  0.277095  0.118202  
3.365615  2.207207  1.750997  0.190360  1.276399  1.431685  2.138159  1.000145  0.905556  0.416138  0.343080  0.094583  
6.674431  1.200281  0.181317  -0.690994  -0.355332  -1.110243  -2.434926  0.495113  0.646456  -0.162482  -0.072835  -0.024961  
3.267058  2.262935  1.976890  1.044765  1.463688  1.329135  1.546883  0.333860  1.229567  0.235625  0.301604  0.095176  
3.553927  0.717633  0.294377  3.094318  3.003490  2.092375  3.559049  -0.133309  0.182682  0.273739  0.279479  0.087554  
3.347981  2.446518  1.966126  0.333242  1.178966  0.464360  1.172135  1.103526  1.709275  0.736934  0.346776  0.088726  
3.393859  2.245557  1.967436  0.837391  1.810851  0.828631  1.569802  0.452141  1.118898  0.809453  0.348302  0.110056  
3.348740  2.343085  2.190884  1.456354  2.214609  1.687242  2.006989  1.032500  1.010811  0.512129  0.362192  0.113572  
4.012131  0.730053  -0.466521  2.612453  2.160328  1.338854  2.185192  1.658565  0.666808  -0.357632  0.127065  0.094749  
-1.111491  1.355785  4.652088  1.220613  0.140235  1.281877  1.781701  0.129877  1.013581  0.239040  0.219450  0.047214  
4.908086  3.533991  1.034200  1.922433  0.908114  -0.567472  0.749505  -0.973823  1.346991  0.465734  0.377651  0.048189  
3.341341  2.232752  2.069034  1.013013  1.899947  1.061270  1.286003  -0.049595  0.415428  0.145153  0.202266  0.083311  
4.009636  2.947047  0.326032  3.118399  4.521497  -0.848475  0.433845  0.035120  0.717510  0.214997  -0.082065  0.073935  
3.396639  2.396433  1.926431  0.092742  1.066066  0.335510  1.645930  1.230791  1.013218  0.630468  0.326202  0.078843  
4.621768  1.084885  -0.263175  1.465317  2.572333  -1.093220  2.226195  1.067402  0.480051  0.117761  -0.230490  0.045506  
3.082164  2.209510  2.018257  0.954255  1.909004  1.151508  1.059726  0.813409  0.741946  0.333057  0.285869  0.083255  
2.874964  -0.012698  0.002510  2.771453  3.277359  1.695517  1.555502  0.174528  0.762487  -0.175018  0.315367  0.116902  
3.370976  2.107395  1.952676  0.694018  1.081263  1.089930  2.070008  0.156291  0.541933  0.461933  0.257959  0.089743  
6.638270  1.917510  -1.526369  0.289432  1.458842  -2.293237  -0.943206  -0.191568  0.349999  0.159400  -0.144542  0.043794  
3.242157  2.141625  1.781773  0.492493  1.003645  0.409173  0.986281  0.341616  0.882619  0.347496  0.261618  0.083175  
